6082.124361971924	300.0	2000.0	347.09640172941505	0	0.0	6082.124361971924	1	0	1	-5.282686073251229
7223.1316960393915	1000.0	1573.7408324156656	0.0	0	0.0	5796.872528455056	1	0	4	-4.135717399744845
8079.150910495921	1000.0	1503.7168143450028	0.0	0	0.0	5582.867724840924	1	0	4	-2.1159526795301873
9188.832300970678	1000.0	1116.6150762515556	0.0	0	0.0	5305.447377222234	1	0	4	-1.979959993438555
10006.010280669389	1000.0	1095.1426016281712	0.0	0	0.0	5101.152882297559	1	0	4	-1.8719042540939737
10400.755046760136	500.0	1601.7116440147352	0.0	0	0.0	5002.466690774871	1	0	4	-3.1958710822933107
11057.428475325934	500.0	1780.869858307486	0.0	0	0.0	4838.29833363342	1	0	4	-2.429496249536629
11557.828586193082	500.0	2155.3697197235538	0.0	0	0.0	4713.198305916637	1	0	4	-2.360025923832297
12378.378529586045	1000.0	2129.6822904823493	0.0	0	0.0	4508.0608200683955	1	0	4	-2.2703435855937557
13575.709733035648	1000.0	1633.018286170344	0.0	0	0.0	4208.728019205993	1	0	4	-1.434445609139983
14648.35365958559	1000.0	1292.213377982919	0.0	0	0.0	3940.5670375685077	1	0	4	-1.3013011403683918
15100.518298544375	500.0	1794.832275128254	0.0	0	0.0	3895.3505736726256	1	0	3	-2.635566073943399
16012.59837126986	1000.0	1654.732184221399	0.0	0	0.0	3667.330555491253	1	0	4	-2.1601267197565166
17010.739220721305	1000.0	1407.0561224070887	0.0	0	0.0	3417.7953431283895	1	0	4	-1.0338896260153738
17962.83172100194	1000.0	1216.9404970562914	0.0	0	0.0	3179.772218058226	1	0	4	-0.9144049557584286
18717.991615020743	1000.0	1272.99062953279	0.0	0	0.0	2990.982244553523	1	0	4	-0.8171767011964415
19653.812400403247	1000.0	1243.5877656120356	0.0	0	0.0	2897.400166015268	1	0	3	-0.7569323479028053
20288.595947610724	500.0	1450.10833160269	0.0	0	0.0	2738.704279213398	1	0	4	-2.3710262623653073
20919.01083591605	500.0	1662.0897212210284	0.0	0	0.0	2581.100557137066	1	0	4	-1.3008444109473933
22149.77319442067	1000.0	1308.2511268659418	0.0	0	0.0	2458.0243212866044	1	0	3	-1.233936651515857
22964.70809277949	500.0	1289.5825039174224	0.0	0	0.0	2254.2905966969047	1	0	4	-2.1374259426737514
23664.557555209107	500.0	1414.770675880399	0.0	0	0.0	2079.328231089501	1	0	4	-1.0499149531960128
24200.0	500.0	1745.4676198917846	0.0	0	8.032597918794636	1945.4676198917805	1	0	4	-0.9781685388854431
25237.30183133949	1000.0	1448.8403307174244	0.0	0	0.0	1686.142162056909	1	0	4	-0.8667281749195617
26200.0	1000.0	1389.8723451908668	0.0	0	215.99226158410238	1589.872345190859	1	0	3	-0.10696104909653445
27200.0	1000.0	1289.8723451908702	0.0	0	339.7769660094091	1489.8723451908627	1	0	3	0.2401722628544411
28200.0	1000.0	1189.8723451908725	0.0	0	162.0086211504531	1389.8723451908627	1	0	3	0.2923108528563937
29270.16074114506	1000.0	1012.6955299313089	0.0	0	0.0	1282.856271076358	1	0	3	0.3492842004682169
30251.713595090634	500.0	932.987390591179	0.0	0	0.0	1184.700985681804	1	0	3	-0.9871193698189354
31200.0	500.0	889.8723451908752	0.0	0	413.9381456027113	1089.8723451908627	1	0	3	-0.25280839140202804
32200.0	500.0	789.8723451908735	0.0	0	256.2293610556735	989.872345190859	1	0	3	-0.2016120501572055
33200.0	500.0	689.8723451908743	0.0	0	561.0132085032965	889.8723451908627	1	0	3	-0.15338342322061616
34200.0	500.0	589.872345190872	0.0	0	560.1522378145455	789.872345190859	1	0	3	-0.10398126429234067
35200.0	500.0	489.8723451908735	0.0	0	548.2083289241782	689.8723451908736	1	0	3	-0.05411054882944259
36200.0	500.0	489.87234519087224	0.0	0	362.6672932404399	689.8723451908736	1	0	2	-0.034110548829446266
37200.0	500.0	389.87234519087457	0.0	0	414.2775397647638	589.8723451908736	1	0	3	-0.20360404074373706
38200.0	500.0	389.8723451908688	0.0	0	342.4225509157477	589.8723451908736	1	0	2	0.01588945117055375
39200.0	500.0	401.7236117125192	11.851266521646608	0	329.4097742795493	601.723611712514	1	0	2	0.1388562187798541
40200.0	500.0	401.7236117125219	0.0	0	457.5857111317746	601.723611712514	1	0	2	0.20996381790973376
41200.0	500.0	401.72361171252396	0.0	0	408.91684742391953	601.723611712514	1	0	2	0.20996381790973376
42200.0	500.0	401.7236117125253	0.0	0	519.8016806334635	601.7236117125212	1	0	2	0.20996381790973015
43200.0	500.0	401.72361171252345	0.0	0	178.65784009783965	601.7236117125212	1	0	2	0.20996381790973015
44200.0	500.0	401.72361171252805	0.0	0	482.6072667767876	601.7236117125212	1	0	2	0.20996381790973015
45200.0	500.0	401.7236117125292	0.0	0	570.0029011015577	601.7236117125212	1	0	2	0.20996381790973015
46200.0	500.0	401.7236117125278	0.0	0	501.9156514216229	601.7236117125212	1	0	2	0.20996381790973015
47200.0	500.0	301.7236117125301	0.0	0	265.5166098483751	501.7236117125285	1	0	3	-0.15915393185172919
48200.0	500.0	301.7236117125261	0.0	0	392.56683334314584	501.7236117125285	1	0	2	0.0599638179097263
49200.0	500.0	389.5870915264142	87.86347981389147	0	268.3509130078164	589.5870915264168	1	0	2	-0.3111488008805664
50200.0	500.0	389.5870915264078	0.0	0	390.08237092063064	589.5870915264168	1	0	2	0.2160320780027824
51200.0	500.0	389.58709152640915	0.0	0	335.4590177997379	589.5870915264168	1	0	2	0.2160320780027824
52200.0	500.0	389.58709152640915	0.0	0	328.0324596117571	589.5870915264168	1	0	2	0.2160320780027824
53200.0	500.0	391.7017710451926	2.114679518778786	0	172.48800214635412	591.7017710451983	1	0	2	0.20228666113071891
54200.0	500.0	391.70177104519985	0.0	0	462.670488667929	591.7017710452055	1	0	2	0.21497473824338803
55200.0	500.0	391.70177104520405	0.0	0	248.03081642812322	591.7017710452055	1	0	2	0.21497473824338803
56200.0	500.0	391.70177104520917	0.0	0	373.1961670022574	591.7017710452128	1	0	2	0.21497473824338434
57200.0	300.0	391.7017710452142	0.0	0	404.6812637015464	591.7017710452128	1	0	2	-0.8066765092885974
58262.226258714065	500.0	494.694004838497	165.2184925073443	0	0.0	756.920263552558	1	0	2	-1.3697710868203443
59200.0	500.0	556.920263552569	0.0	0	275.9074548259741	756.920263552558	1	0	2	0.13236549198971173
60200.0	500.0	556.9202635525663	0.0	0	534.2360956010671	756.9202635525653	1	0	2	0.13236549198970812
61200.0	500.0	556.9202635525628	0.0	0	319.6454822315718	756.9202635525653	1	0	2	0.13236549198970812
62200.0	500.0	456.92026355256655	0.0	0	288.33318719894305	656.9202635525653	1	0	3	-0.23581122722227577
63200.0	500.0	456.9202635525629	0.0	0	549.7702448976052	656.9202635525653	1	0	2	-0.017634508010292108
64200.0	500.0	456.92026355256473	0.0	0	587.2617146779012	656.9202635525653	1	0	2	0.18236549198970808
65200.0	500.0	456.92026355257076	0.0	0	605.5283491603259	656.9202635525653	1	0	2	0.18236549198970808
66200.0	500.0	456.92026355256553	0.0	0	557.8508956393707	656.9202635525435	1	0	2	0.18236549198971536
67200.0	500.0	456.9202635525751	0.0	0	262.0973703457712	656.9202635525435	1	0	2	0.182365491989719
68200.0	500.0	456.9202635525852	0.0	0	361.00414159889624	656.920263552558	1	0	2	0.1823654919897117
69200.0	500.0	456.9202635525919	0.0	0	626.7354860043415	656.9202635525726	1	0	2	0.18236549198970586
70200.0	500.0	456.92026355256985	0.0	0	656.9103358830034	656.920263552558	1	0	2	0.1823654919897117
71200.0	500.0	456.9202635525662	0.0	0	635.4280984657962	656.920263552558	1	0	2	0.18236549198971314
72200.0	500.0	456.9202635525601	0.0	0	279.4461020297895	656.9202635525726	1	0	2	0.18236549198970442
73200.0	500.0	456.92026355257724	0.0	0	274.2153188491793	656.9202635525871	1	0	2	0.1823654919896972
74200.0	300.0	456.92026355255985	0.0	0	491.5335960404627	656.9202635525871	1	0	2	-0.8392857555422844
75200.0	300.0	456.9202635525503	0.0	0	352.10794936085586	656.9202635525871	1	0	2	-0.3284601317762936
76208.10848897237	500.0	482.6052522376602	33.79347765748503	0	0.0	690.713741210071	1	0	2	-0.5481177365499454
77200.0	500.0	391.52459010725966	0.0	0	304.862991466056	591.5245901072922	1	0	3	-0.20191512091468372
78200.0	500.0	391.52459010725124	0.0	0	424.75808079662966	591.5245901072922	1	0	2	0.015063328712344462
79200.0	500.0	391.5245901072599	0.0	0	412.99242911164765	591.5245901072922	1	0	2	0.21506332871234465
80200.0	500.0	491.5245901072484	0.0	0	358.47083033880335	691.5245901072922	1	0	1	-0.01605238309712015
81200.0	500.0	491.52459010726477	0.0	0	459.88430704672646	691.5245901072922	1	0	2	-0.03493667128765533
82200.0	500.0	491.5245901072442	0.0	0	618.5708641404344	691.5245901072922	1	0	2	0.16506332871234464
83200.0	500.0	491.52459010721805	0.0	0	600.9590543461672	691.5245901072922	1	0	2	0.16506332871234464
84200.0	500.0	491.5245901072183	0.0	0	287.8044753067079	691.5245901072922	1	0	2	0.16506332871234464
85200.0	500.0	491.52459010722305	0.0	0	162.9549868467875	691.5245901073067	1	0	2	0.16506332871233736
86200.0	500.0	491.52459010721805	0.0	0	429.76646431141126	691.5245901073067	1	0	2	0.16506332871233736
87200.0	500.0	491.52459010721384	0.0	0	476.69832786599	691.5245901073067	1	0	2	0.16506332871233736
88200.0	500.0	491.52459010721554	0.0	0	593.3575155441795	691.5245901073067	1	0	2	0.16506332871233736
89200.0	1000.0	491.52459010721725	0.0	0	31.030991972031188	691.5245901073067	1	0	2	0.16506332871233742
90200.0	1000.0	491.52459010721486	0.0	0	176.9528334140923	691.5245901073067	1	0	2	0.8582105092722827
91200.0	1000.0	391.5245901072094	0.0	0	463.60181002462923	591.5245901073213	1	0	3	0.488635612889921
92200.0	1000.0	391.52459010720554	0.0	0	228.66791909489257	591.5245901073213	1	0	2	0.7082105092722755
93200.0	1000.0	391.52459010719383	0.0	0	281.4096118060552	591.5245901073213	1	0	2	0.9082105092722756
94258.95788634384	1000.0	443.41240055516255	110.8456967918006	0	0.0	702.370286899124	1	0	2	0.18771348012557051
95200.0	500.0	502.3702868990117	0.0	0	448.5719791329175	702.3702868991386	1	0	2	-0.533506700243524
96200.0	500.0	502.3702868990015	0.0	0	474.496172148225	702.3702868991386	1	0	2	0.15964048031642142
97200.0	500.0	502.3702868989973	0.0	0	509.15286205371376	702.3702868991386	1	0	2	0.15964048031642142
98200.0	500.0	502.37028689901445	0.0	0	694.5499518303695	702.3702868991386	1	0	2	0.15964048031642142
99200.0	500.0	502.3702868990059	0.0	0	516.7790062524437	702.370286899124	1	0	2	0.1596404803164287
100200.0	500.0	502.37028689900603	0.0	0	302.34896354860393	702.370286899124	1	0	2	0.1596404803164287
101200.0	500.0	502.3702868990109	0.0	0	481.37198713386897	702.3702868991386	1	0	2	0.15964048031642142
102200.0	500.0	502.3702868989949	0.0	0	541.585155412642	702.3702868991386	1	0	2	0.15964048031642142
103200.0	500.0	502.37028689899284	0.0	0	535.4831365425925	702.3702868991531	1	0	2	0.1596404803164142
104200.0	500.0	402.37028689899375	0.0	0	584.340096578293	602.3702868991822	1	0	3	-0.21002766005075296
105200.0	500.0	402.37028689900455	0.0	0	582.186362432898	602.3702868991822	1	0	2	0.009640480316399413
106200.0	500.0	402.3702868990041	0.0	0	373.5103108309704	602.3702868991822	1	0	2	0.2096404803163996
107200.0	500.0	402.3702868990147	0.0	0	409.78274774087186	602.3702868991822	1	0	2	0.2096404803163996
108200.0	500.0	402.3702868990065	0.0	0	303.03976456300006	602.3702868991822	1	0	2	0.2096404803163996
109200.0	500.0	402.3702868990131	0.0	0	351.88736322676414	602.3702868991822	1	0	2	0.2096404803163996
110200.0	500.0	402.37028689900774	0.0	0	329.95658495822863	602.3702868991968	1	0	2	0.20964048031639235
111200.0	500.0	402.3702868989967	0.0	0	576.0723966296209	602.3702868991968	1	0	2	0.20964048031639235
112200.0	500.0	411.21295989426585	8.842672995257402	0	220.03618993419514	611.2129598944593	1	0	2	0.15216310584721668
113200.0	500.0	411.21295989425766	0.0	0	545.0947907819209	611.2129598944593	1	0	2	0.2052191438187611
114200.0	500.0	411.2129598942628	0.0	0	521.9926644365187	611.2129598944593	1	0	2	0.2052191438187611
115200.0	500.0	411.2129598942638	0.0	0	504.7692754388263	611.2129598944593	1	0	2	0.2052191438187611
116200.0	500.0	411.2129598942755	0.0	0	683.4612937261554	611.2129598944593	1	0	2	0.2052191438187611
117200.0	500.0	411.2129598942644	0.0	0	592.8628820696031	611.2129598944739	1	0	2	0.2052191438187538
118200.0	500.0	411.2129598942696	0.0	0	567.6098656169488	611.2129598944884	1	0	2	0.2052191438187465
119200.0	500.0	411.21295989426767	0.0	0	498.50061393977376	611.2129598944884	1	0	2	0.2052191438187465
120200.0	500.0	411.21295989427165	0.0	0	694.0454503235378	611.2129598944884	1	0	2	0.2052191438187465
121200.0	500.0	311.2129598942678	0.0	0	578.7912985498406	511.21295989448845	1	0	3	-0.16464162475685495
122200.0	500.0	311.2129598942835	0.0	0	176.3130540310376	511.21295989448845	1	0	2	0.05521914381874634
123200.0	500.0	352.82566365336373	41.612703759079906	0	373.52947681110527	552.8256636535662	1	0	2	-0.015263430615271675
124200.0	500.0	358.7769566736722	5.95129302029892	0	348.34166654382716	558.7769566738716	1	0	2	0.19572938730726144
125200.0	500.0	358.7769566736741	0.0	0	564.233510399441	558.7769566738716	1	0	2	0.23143714542905494
126200.0	500.0	358.77695667365765	0.0	0	520.7173336724663	558.7769566738716	1	0	2	0.23143714542905494
127200.0	500.0	358.77695667367016	0.0	0	526.2428068787267	558.7769566738716	1	0	2	0.23143714542905494
128200.0	500.0	358.7769566736729	0.0	0	533.0498688308289	558.7769566738716	1	0	2	0.23143714542905494
129200.0	500.0	358.77695667367084	0.0	0	651.0152362043009	558.7769566738571	1	0	2	0.23143714542906224
130200.0	500.0	358.77695667366856	0.0	0	607.9260833639419	558.7769566738571	1	0	2	0.23143714542906224
131200.0	500.0	358.77695667367897	0.0	0	509.44577203900553	558.7769566738571	1	0	2	0.23143714542906224
132200.0	500.0	358.77695667367254	0.0	0	573.5591300902597	558.7769566738571	1	0	2	0.23143714542906224
133200.0	500.0	358.77695667368425	0.0	0	460.5353949951532	558.7769566738571	1	0	2	0.23143714542906224
134200.0	500.0	358.7769566736852	0.0	0	621.0607186692359	558.7769566738571	1	0	2	0.23143714542906224
135200.0	500.0	358.77695667371245	0.0	0	530.9574996219017	558.7769566739153	1	0	2	0.23143714542903604
136200.0	500.0	358.77695667372143	0.0	0	534.5180822821858	558.7769566739153	1	0	2	0.23143714542903313
137200.0	500.0	358.7769566737016	0.0	0	317.6090357711073	558.7769566739444	1	0	2	0.23143714542901858
138200.0	500.0	358.7769566736908	0.0	0	352.6517276628001	558.7769566739444	1	0	2	0.23143714542901858
139200.0	500.0	371.28919669883066	12.512240025139647	0	321.0913500471215	571.2891966990719	1	0	2	0.15010758526561696
140200.0	500.0	410.33286969342896	39.0436729945792	0	183.25750766636338	610.3328696936369	1	0	2	-0.02860284904830286
141200.0	500.0	410.3328696934342	0.0	0	366.3192374756036	610.3328696936369	1	0	2	0.2056591889191723
142200.0	500.0	410.33286969345244	0.0	0	295.71823598770425	610.3328696936078	1	0	2	0.20565918891918689
143200.0	500.0	410.332869693479	0.0	0	256.3945739962219	610.3328696936078	1	0	2	0.20565918891918689
144200.0	500.0	410.33286969346983	0.0	0	245.24867955659283	610.3328696936078	1	0	2	0.20565918891918689
145200.0	500.0	410.3328696934333	0.0	0	518.1840456754435	610.3328696936078	1	0	2	0.20565918891918689
146200.0	500.0	410.33286969343544	0.0	0	457.2160131270648	610.3328696936369	1	0	2	0.2056591889191723
147200.0	500.0	410.3328696934002	0.0	0	547.6225133594417	610.332869693666	1	0	2	0.20565918891915777
148200.0	500.0	413.9369504270368	3.6040807336071907	0	11.87677818123484	613.9369504272763	1	0	2	0.1822326641507094
149200.0	500.0	413.93695042700324	0.0	0	210.15712389940745	613.9369504272472	1	0	2	0.20385714855236717
150200.0	500.0	413.93695042700756	0.0	0	409.8860606022354	613.9369504272472	1	0	2	0.20385714855236717
151200.0	500.0	413.9369504270063	0.0	0	376.77483826043317	613.9369504272472	1	0	2	0.20385714855236717
152200.0	500.0	413.93695042701074	0.0	0	290.30616332634236	613.9369504272472	1	0	2	0.20385714855236717
153284.5993531863	500.0	400.7967924681144	71.45919522739322	0	0.0	685.3961456546385	1	0	2	-0.2606276204256878
154200.0	500.0	485.3961456544214	0.0	0	246.87579646808445	685.3961456546385	1	0	2	0.1681275509386715
155200.0	500.0	485.3961456544703	0.0	0	490.97950482714805	685.3961456546385	1	0	2	0.1681275509386715
156200.0	500.0	485.3961456544537	0.0	0	612.2833575473633	685.3961456546094	1	0	2	0.16812755093868606
157200.0	500.0	485.3961456544696	0.0	0	562.4621878134203	685.3961456546094	1	0	2	0.16812755093868606
158200.0	500.0	485.39614565451063	0.0	0	599.8909784015268	685.3961456546094	1	0	2	0.16812755093868606
159200.0	500.0	485.3961456544861	0.0	0	653.3020629093226	685.3961456546094	1	0	2	0.16812755093868606
160200.0	500.0	485.39614565449233	0.0	0	491.5275635002472	685.3961456546094	1	0	2	0.16812755093868606
161200.0	500.0	385.396145654497	0.0	0	443.27322086086497	585.3961456546094	1	0	3	-0.20079882618298772
162200.0	500.0	385.39614565448295	0.0	0	301.4970431783004	585.3961456546094	1	0	2	0.018127550938685844
163200.0	500.0	385.3961456545194	0.0	0	483.50804169877665	585.3961456546385	1	0	2	0.2181275509386715
164200.0	500.0	385.39614565455645	0.0	0	511.10038983120467	585.3961456546385	1	0	2	0.2181275509386715
165200.0	500.0	385.3961456545949	0.0	0	576.79140507782	585.3961456546676	1	0	2	0.21812755093865688
166200.0	500.0	385.3961456546292	0.0	0	506.4607675799052	585.3961456546676	1	0	2	0.21812755093865688
167200.0	500.0	385.39614565464046	0.0	0	462.46033126075054	585.3961456546385	1	0	2	0.2181275509386715
168200.0	500.0	385.3961456546276	0.0	0	664.2657162805845	585.3961456546385	1	0	2	0.2181275509386715
169200.0	500.0	385.3961456546373	0.0	0	452.6877968155022	585.3961456546676	1	0	2	0.21812755093865688
170200.0	500.0	385.39614565462045	0.0	0	320.439677561546	585.3961456546676	1	0	2	0.21812755093865688
171200.0	500.0	385.3961456546248	0.0	0	461.8006920203334	585.3961456546676	1	0	2	0.21812755093865688
172200.0	500.0	385.39614565462693	0.0	0	217.9434693833755	585.3961456546967	1	0	2	0.21812755093864236
173200.0	500.0	396.64950628950766	11.253360634873985	0	117.18632872373564	596.6495062895992	1	0	2	0.14498070681194722
174200.0	500.0	396.649506289486	0.0	0	402.01351699986844	596.6495062895992	1	0	2	0.21250087062119113
175305.75190627092	1000.0	423.4720444240396	132.57444440547067	0	0.0	729.2239506950718	1	0	2	-0.6492330180143691
176200.0	1000.0	439.79914132200497	0.0	0	129.57439519817126	639.7991413221462	1	0	3	0.46917383774567034
177200.0	500.0	439.7991413220187	0.0	0	529.1568667504471	639.7991413221171	1	0	2	-0.7022211274550162
178200.0	500.0	439.7991413220627	0.0	0	556.2761301357823	639.7991413221171	1	0	2	0.19092605310493227
179200.0	500.0	439.7991413220709	0.0	0	172.05503733534715	639.7991413221171	1	0	2	0.19092605310493227
180200.0	500.0	439.7991413220684	0.0	0	402.61859645936056	639.7991413221171	1	0	2	0.19092605310493227
181200.0	500.0	439.79914132205863	0.0	0	453.0975452971179	639.7991413221171	1	0	2	0.19092605310493227
182200.0	1000.0	469.73713630387533	29.937994981836	0	129.36301990557695	669.737136303942	1	0	2	-0.003670914276996118
183200.0	1000.0	469.73713630386806	0.0	0	499.42269860440865	669.7371363039128	1	0	2	0.8691042361739769
184200.0	1000.0	469.73713630383963	0.0	0	64.10742960550124	669.7371363039128	1	0	2	0.8691042361739798
185200.0	500.0	469.7371363038403	0.0	0	542.0110715819173	669.7371363039128	1	0	2	-0.517190124945911
186200.0	500.0	469.7371363038302	0.0	0	319.68122629617574	669.7371363038837	1	0	2	0.17595705561404884
187200.0	500.0	469.73713630385384	0.0	0	267.4033822041238	669.7371363038837	1	0	2	0.17595705561404884
188200.0	500.0	469.737136303856	0.0	0	433.0322654825577	669.7371363038837	1	0	2	0.17595705561404884
189200.0	500.0	469.73713630386226	0.0	0	642.8356550402823	669.7371363038255	1	0	2	0.17595705561407507
190200.0	500.0	469.7371363038168	0.0	0	356.66592052124906	669.7371363038255	1	0	2	0.17595705561407798
191200.0	500.0	469.73713630379484	0.0	0	522.7489045206166	669.7371363038255	1	0	2	0.17595705561407798
192200.0	500.0	369.73713630380587	0.0	0	502.0010915691382	569.7371363037964	1	0	3	-0.19366018117082917
193200.0	500.0	369.73713630379586	0.0	0	526.5404735644988	569.7371363037964	1	0	2	0.02595705561409234
194200.0	500.0	369.73713630382304	0.0	0	557.1257429740508	569.7371363038255	1	0	2	0.225957055614078
195200.0	500.0	369.7371363038257	0.0	0	483.83540039902437	569.7371363038255	1	0	2	0.225957055614078
196200.0	500.0	369.73713630383287	0.0	0	540.9921371910605	569.7371363038255	1	0	2	0.22595705561408091
197207.50205486236	500.0	371.6745975539624	100.17247418064562	0	0.0	579.1766524163249	1	0	3	-0.7939193031049734
198200.0	500.0	493.000067723382	113.82341530703201	0	81.44640013863682	693.000067723362	1	0	2	-0.7186149019378827
199200.0	500.0	393.0000677233803	0.0	0	373.8989998183388	593.0000677233911	1	0	3	-0.2043768073364879
200200.0	500.0	393.0000677233743	0.0	0	508.6799482338247	593.0000677233911	1	0	2	0.014325589904295027
201200.0	500.0	393.00006772337406	0.0	0	441.37996464039315	593.0000677233911	1	0	2	0.2143255899042952
202200.0	500.0	408.4708962679673	15.470828544593275	0	180.11717067536665	608.4708962680015	1	0	2	0.11376520436443031
203200.0	500.0	408.4708962679671	0.0	0	303.5206585294509	608.4708962680015	1	0	2	0.20659017563198995
204200.0	500.0	382.78206749394724	67.55561020542135	0	131.20063010856393	582.7820674939721	1	0	3	-0.6014684482933451
205200.0	500.0	382.78206749399686	0.0	0	355.00526383376564	582.7820674939721	1	0	2	0.01943459001900455
206200.0	300.0	382.7820674939961	0.0	0	419.13190567400306	582.7820674939721	1	0	2	-0.8022166575129768
207200.0	500.0	475.3284361022984	92.54636860831079	0	83.33467489478062	675.3284361022816	1	0	2	-0.8929424297010053
208200.0	500.0	475.32843610232067	0.0	0	354.8776529011084	675.3284361023107	1	0	2	0.1731614057148354
209200.0	500.0	475.32843610232294	0.0	0	467.68650776997674	675.3284361023398	1	0	2	0.17316140571482092
210200.0	500.0	475.32843610228474	0.0	0	288.35959363816073	675.3284361023107	1	0	2	0.1731614057148354
211200.0	500.0	475.32843610227485	0.0	0	392.81671119329985	675.3284361023107	1	0	2	0.1731614057148354
212200.0	500.0	375.3284361022787	0.0	0	600.1571478464466	575.3284361023107	1	0	3	-0.19640750309543997
213200.0	500.0	275.3284361022545	0.0	0	564.665492707747	475.32843610228156	1	0	3	0.05377259450433017
214200.0	1000.0	175.32843610225257	0.0	0	589.3068061157537	375.32843610228156	1	0	3	0.10316140571484991
215200.0	500.0	175.32843610226553	0.0	0	537.7695183324104	375.32843610225245	1	0	2	-0.569985774845081
216200.0	500.0	338.11952019656263	162.791084094311	0	376.4246687774139	538.1195201965747	1	0	2	-0.7349806408981627
217200.0	500.0	338.1195201965755	0.0	0	292.16597679044935	538.1195201965747	1	0	2	0.2417658636677034
218200.0	500.0	338.1195201965676	0.0	0	518.2395303151279	538.1195201965747	1	0	2	0.2417658636677034
219200.0	500.0	338.1195201966	0.0	0	583.4194511740934	538.1195201965747	1	0	2	0.2417658636677034
220200.0	500.0	338.11952019661743	0.0	0	703.9117284016684	538.1195201966038	1	0	2	0.24176586366768887
221200.0	500.0	338.1195201966059	0.0	0	417.9353499262943	538.1195201966038	1	0	2	0.24176586366768887
222200.0	500.0	384.8163190176302	46.69679882100206	0	153.01262690752628	584.8163190176128	1	0	2	-0.061763328668828076
223200.0	300.0	384.8163190176549	0.0	0	550.1570110091998	584.8163190176128	1	0	2	-0.803233783274797
224200.0	300.0	384.8163190176624	0.0	0	494.6945897922851	584.816319017642	1	0	2	-0.292408159508821
225331.87038062	500.0	385.8044941953447	132.85855579771027	0	0.0	717.6748748153332	1	0	2	-1.1559887721939284
226200.0	500.0	497.4189195482617	60.50636970078216	0	83.84179610814317	697.4189195482759	1	0	3	-0.6136425781962728
227200.0	500.0	397.4189195482417	0.0	0	373.10489526041783	597.4189195482468	1	0	3	-0.006863365137570118
228200.0	500.0	397.41891954825064	0.0	0	419.29595406109	597.4189195482468	1	0	2	0.012116163991867157
229200.0	500.0	397.4189195482411	0.0	0	579.8158039377886	597.4189195482468	1	0	2	0.21211616399186733
230200.0	500.0	397.41891954820017	0.0	0	499.53050750499824	597.4189195482177	1	0	2	0.21211616399188193
231200.0	500.0	397.418919548223	0.0	0	581.7380566714564	597.4189195482177	1	0	2	0.21211616399188193
232200.0	500.0	397.4189195482113	0.0	0	550.4256296527456	597.4189195482177	1	0	2	0.21211616399188193
233200.0	500.0	397.41891954822955	0.0	0	258.12607325668796	597.4189195482468	1	0	2	0.21211616399186733
234200.0	500.0	397.41891954823404	0.0	0	421.7051741894393	597.4189195482468	1	0	2	0.21211616399186733
235200.0	500.0	397.4189195482413	0.0	0	583.1295200817985	597.4189195482759	1	0	2	0.21211616399185282
236200.0	500.0	397.41891954823063	0.0	0	624.7092239236517	597.4189195482759	1	0	2	0.21211616399185282
237200.0	500.0	397.4189195482372	0.0	0	407.3584644381481	597.4189195482759	1	0	2	0.21211616399185282
238200.0	500.0	297.4189195482573	0.0	0	593.5393350007362	497.418919548305	1	0	3	-0.15763928980443354
239200.0	500.0	297.41891954823177	0.0	0	643.9983652139781	497.4189195482759	1	0	2	0.062116163991849715
240200.0	500.0	297.41891954827247	0.0	0	682.6959137409576	497.4189195482759	1	0	2	0.26211616399185284
241200.0	500.0	297.41891954828566	0.0	0	660.4416563276318	497.4189195482759	1	0	2	0.26211616399185284
242200.0	1000.0	397.41891954828094	0.0	0	417.01627848285716	597.4189195482759	1	0	1	0.031306279255550185
243200.0	1000.0	397.41891954825894	0.0	0	112.47578301219619	597.4189195482759	1	0	2	0.7052633445517983
244200.0	500.0	397.4189195482709	0.0	0	331.90128350412124	597.4189195482759	1	0	2	-0.48103101656809255
245200.0	500.0	297.4189195482884	0.0	0	361.33908767122193	497.418919548305	1	0	3	-0.15697845522824705
246200.0	500.0	297.4189195483073	0.0	0	549.0687758700515	497.418919548305	1	0	2	0.06211616399183806
247200.0	500.0	297.4189195483149	0.0	0	525.1826255716442	497.4189195483341	1	0	2	0.2621161639918237
248200.0	500.0	297.41891954836444	0.0	0	392.83470040617976	497.4189195483341	1	0	2	0.2621161639918237
249200.0	500.0	327.96511524146496	30.546195693120765	0	335.1530883691448	527.9651152414444	1	0	2	0.063565891986544
250200.0	500.0	327.96511524145757	0.0	0	530.4925792548456	527.9651152414153	1	0	2	0.2468430661452831
251200.0	500.0	327.965115241469	0.0	0	446.2240604031831	527.9651152414735	1	0	2	0.24684306614525686
252200.0	500.0	327.9651152414457	0.0	0	444.27801032201387	527.9651152414735	1	0	2	0.24684306614525398
253200.0	500.0	327.96511524145296	0.0	0	620.7483566566661	527.9651152414735	1	0	2	0.24684306614525398
254200.0	500.0	327.9651152414699	0.0	0	541.276204845839	527.9651152414735	1	0	2	0.24684306614525398
255200.0	500.0	327.96511524146564	0.0	0	617.8933691184211	527.9651152414735	1	0	2	0.24684306614525398
256200.0	500.0	381.95862209763806	53.993506856183814	0	180.3822852120502	581.9586220976489	1	0	2	-0.10411472841993663
257200.0	500.0	381.9586220976539	0.0	0	400.62491129912087	581.9586220976198	1	0	2	0.21984631271718083
258200.0	500.0	381.95862209761174	0.0	0	430.56090563413454	581.9586220975907	1	0	2	0.21984631271719537
259200.0	500.0	281.9586220976075	0.0	0	389.8074886833783	481.9586220976198	1	0	3	-0.14910225890880005
260200.0	500.0	281.95862209759713	0.0	0	467.0812911518733	481.9586220976489	1	0	2	0.06984631271716613
261200.0	500.0	281.9586220976108	0.0	0	524.9916709960962	481.9586220976489	1	0	2	0.2698463127171663
262489.4463210093	1000.0	380.6047176017449	388.0924165134373	0	0.0	870.0510386110691	1	0	2	-2.2527543946201636
263200.0	500.0	741.106406510161	0.0	0	282.23030715965433	941.1064065101673	1	0	1	-0.8378915556260131
264200.0	500.0	741.106406510109	0.0	0	646.626670942991	941.1064065101673	1	0	2	-0.15972757948909294
265200.0	1000.0	641.106406510076	0.0	0	147.92300177767174	841.1064065101673	1	0	3	-0.3251894285598993
266200.0	500.0	641.1064065101159	0.0	0	536.6684527908801	841.1064065102255	1	0	2	-0.8028747600490677
267200.0	500.0	541.1064065101526	0.0	0	525.789391019207	741.1064065102255	1	0	3	-0.27939854165925554
268200.0	500.0	541.1064065101741	0.0	0	639.7016519154422	741.1064065102255	1	0	2	-0.05972757948912222
269200.0	500.0	541.1064065101089	0.0	0	481.85952208319213	741.1064065102255	1	0	2	0.14027242051087796
270200.0	500.0	441.1064065101436	0.0	0	528.5832879581139	641.1064065104001	1	0	3	-0.22932600819258855
271200.0	500.0	341.1064065102047	0.0	0	302.91237588902004	541.1064065105165	1	0	3	0.02055176053896543
272200.0	500.0	403.6324710482486	62.52606453804404	0	221.68128678470384	603.6324710486224	1	0	2	-0.36614699898658487
273200.0	1000.0	416.6975344491282	102.7864212735158	0	94.87003610783722	616.6975344494567	1	0	3	-0.8288562605332337
274200.0	1000.0	416.69753444915784	0.0	0	234.56832920876332	616.6975344495149	1	0	2	0.6956240371011786
275200.0	1000.0	416.69753444913067	0.0	0	237.94110740942415	616.6975344494567	1	0	2	0.8956240371012079
276200.0	1000.0	416.69753444914295	0.0	0	247.66884818766266	616.6975344494567	1	0	2	0.8956240371012079
277202.35718330625	1000.0	440.2709803495485	25.93062920665858	0	0.0	642.6281636561616	1	0	2	0.727074947257904
278200.0	1000.0	442.628163655746	0.0	0	170.76738638465758	642.6281636561616	1	0	2	0.8826587224978555
279200.0	1000.0	442.6281636557095	0.0	0	90.31508209148888	642.6281636561616	1	0	2	0.8826587224978555
280200.0	500.0	342.6281636556637	0.0	0	493.8333844773588	542.6281636561616	1	0	3	-0.8733864417649264
281200.0	500.0	342.6281636556641	0.0	0	402.2241418545018	542.6281636562198	1	0	2	0.03951154193788067
282200.0	500.0	342.62816365569216	0.0	0	585.9124757907703	542.6281636562198	1	0	2	0.23951154193788085
283200.0	500.0	342.62816365569654	0.0	0	351.81927798863035	542.628163656278	1	0	2	0.2395115419378517
284200.0	500.0	343.85529129013906	1.2271276343747672	0	316.7294248905964	543.8552912906744	1	0	2	0.23153521231440494
285200.0	500.0	343.8552912901404	0.0	0	494.0952486942988	543.8552912906744	1	0	2	0.23889797812065355
286200.0	500.0	343.8552912900911	0.0	0	424.10565362137277	543.8552912906744	1	0	2	0.23889797812065355
287200.0	500.0	343.8552912901145	0.0	0	295.72264435869874	543.8552912906744	1	0	2	0.23889797812065355
288200.0	500.0	419.29690189012945	75.44161060000943	0	224.73573162895627	619.296901890717	1	0	2	-0.25147249077942413
289200.0	500.0	419.2969018901416	0.0	0	400.1595691026305	619.296901890717	1	0	2	0.20117717282063227
290200.0	500.0	419.29690189015673	0.0	0	162.76240484783193	619.296901890717	1	0	2	0.20117717282063227
291200.0	500.0	419.2969018901756	0.0	0	349.29315497737844	619.296901890717	1	0	2	0.20117717282063227
292200.0	500.0	419.2969018901965	0.0	0	476.8827529877308	619.2969018906588	1	0	2	0.20117717282066133
293200.0	500.0	419.296901890187	0.0	0	405.01298679597676	619.296901890717	1	0	2	0.20117717282063227
294200.0	500.0	419.2969018902454	0.0	0	550.8640477395966	619.296901890717	1	0	2	0.20117717282063227
295200.0	500.0	419.29690189020926	0.0	0	575.9231038358412	619.2969018907752	1	0	2	0.20117717282060313
296200.0	500.0	419.2969018902147	0.0	0	315.9819152960554	619.2969018908334	1	0	2	0.20117717282057407
297200.0	500.0	419.2969018902197	0.0	0	312.10162133036647	619.2969018907752	1	0	2	0.20117717282060313
298200.0	500.0	443.7116337864612	24.414731896304943	0	36.88264816231094	643.7116337870248	1	0	2	0.042481415494648705
299200.0	500.0	443.71163378644087	0.0	0	242.18569503049366	643.711633787083	1	0	2	0.1889698068724493
300200.0	500.0	443.71163378639903	0.0	0	402.0455088658491	643.7116337870248	1	0	2	0.18896980687247836
1.14	0.95	0.89	1.22	1.45	0.79	1.09	0.61	1.17	1.42	0.81	1.0	1.24	1.22	1.01	0.92	0.9	0.71	0.73	0.74	1.15	1.16	1.04	0.89	0.68	0.73	0.95	1.78	1.52	0.94	1.14	0.75	0.65	1.18	1.26	0.86	0.81	0.75	0.95	1.18	1.4	0.73	0.63	0.83	0.98	0.89	0.75	0.7	0.75	0.74	1.0	0.38	0.6	0.98	1.24	0.73	0.81	1.39	2.05	1.68	0.82	1.02	0.96	1.31	1.82	1.37	0.65	0.64	0.46	0.57	0.44	0.94	0.94	1.11	0.91	1.31	1.4	0.96	0.73	0.85	1.3	0.89	1.12	1.29	1.51	1.46	1.67	1.4	1.15	0.97	0.81	1.36	1.49	0.94	0.88	1.22	0.83	1.24	1.58	1.56	0.78	0.72	0.9	1.0	1.07	0.83	0.82	1.1	1.14	1.17	1.6	1.07	1.16	1.37	1.29	1.19	0.57	0.83	1.16	1.47	1.4	1.46	1.11	1.34	1.08	0.86	1.22	1.12	0.97	0.97	1.12	0.89	0.59	0.74	0.86	0.8	0.98	0.93	0.7	1.03	1.19	0.95	0.61	0.66	0.76	1.15	0.59	0.46	0.67	1.05	1.14	0.95	0.89	1.22	1.45	0.79	1.09	0.61	1.17	1.42	0.81	1.0	1.24	1.22	1.01	0.92	0.9	0.71	0.73	0.74	1.15	1.16	1.04	0.89	0.68	0.73	0.95	1.78	1.52	0.94	1.14	0.75	0.65	1.18	1.26	0.86	0.81	0.75	0.95	1.18	1.4	0.73	0.63	0.83	0.98	0.89	0.75	0.7	0.75	0.74	1.0	0.38	0.6	0.98	1.24	0.73	0.81	1.39	2.05	1.68	0.82	1.02	0.96	1.31	1.82	1.37	0.65	0.64	0.46	0.57	0.44	0.94	0.94	1.11	0.91	1.31	1.4	0.96	0.73	0.85	1.3	0.89	1.12	1.29	1.51	1.46	1.67	1.4	1.15	0.97	0.81	1.36	1.49	0.94	0.88	1.22	0.83	1.24	1.58	1.56	0.78	0.72	0.9	1.0	1.07	0.83	0.82	1.1	1.14	1.17	1.6	1.07	1.16	1.37	1.29	1.19	0.57	0.83	1.16	1.47	1.4	1.46	1.11	1.34	1.08	0.86	1.22	1.12	0.97	0.97	1.12	0.89	0.59	0.74	0.86	0.8	0.98	0.93	0.7	1.03	1.19	0.95	0.61	0.66	0.76	1.15	0.59
1.0	2.0	3.0	4.0	5.0	6.0	7.0	8.0	9.0	10.0	11.0	12.0	13.0	14.0	15.0	16.0	17.0	18.0	19.0	20.0	21.0	22.0	23.0	24.0	25.0	26.0	27.0	28.0	29.0	30.0	31.0	32.0	33.0	34.0	35.0	36.0	37.0	38.0	39.0	40.0	41.0	42.0	43.0	44.0	45.0	46.0	47.0	48.0	49.0	50.0	51.0	52.0	53.0	54.0	55.0	56.0	57.0	58.0	59.0	60.0	61.0	62.0	63.0	64.0	65.0	66.0	67.0	68.0	69.0	70.0	71.0	72.0	73.0	74.0	75.0	76.0	77.0	78.0	79.0	80.0	81.0	82.0	83.0	84.0	85.0	86.0	87.0	88.0	89.0	90.0	91.0	92.0	93.0	94.0	95.0	96.0	97.0	98.0	99.0	100.0	101.0	102.0	103.0	104.0	105.0	106.0	107.0	108.0	109.0	110.0	111.0	112.0	113.0	114.0	115.0	116.0	117.0	118.0	119.0	120.0	121.0	122.0	123.0	124.0	125.0	126.0	127.0	128.0	129.0	130.0	131.0	132.0	133.0	134.0	135.0	136.0	137.0	138.0	139.0	140.0	141.0	142.0	143.0	144.0	145.0	146.0	147.0	148.0	149.0	149.0	150.0	151.0	152.0	153.0	154.0	155.0	156.0	157.0	158.0	159.0	160.0	161.0	162.0	163.0	164.0	165.0	166.0	167.0	168.0	169.0	170.0	171.0	172.0	173.0	174.0	175.0	176.0	177.0	178.0	179.0	180.0	181.0	182.0	183.0	184.0	185.0	186.0	187.0	188.0	189.0	190.0	191.0	192.0	193.0	194.0	195.0	196.0	197.0	198.0	199.0	200.0	201.0	202.0	203.0	204.0	205.0	206.0	207.0	208.0	209.0	210.0	211.0	212.0	213.0	214.0	215.0	216.0	217.0	218.0	219.0	220.0	221.0	222.0	223.0	224.0	225.0	226.0	227.0	228.0	229.0	230.0	231.0	232.0	233.0	234.0	235.0	236.0	237.0	238.0	239.0	240.0	241.0	242.0	243.0	244.0	245.0	246.0	247.0	248.0	249.0	250.0	251.0	252.0	253.0	254.0	255.0	256.0	257.0	258.0	259.0	260.0	261.0	262.0	263.0	264.0	265.0	266.0	267.0	268.0	269.0	270.0	271.0	272.0	273.0	274.0	275.0	276.0	277.0	278.0	279.0	280.0	281.0	282.0	283.0	284.0	285.0	286.0	287.0	288.0	289.0	290.0	291.0	292.0	293.0	294.0	295.0	296.0
5431.175504538681
