5464.104735198469	300.0	2000.0	274.2241655204865	0	0.0	5464.104735198469	1	0	1	-4.544746856192365
6046.866426463204	1000.0	2271.5478859190803	0.0	0	0.0	5318.414312382285	1	0	4	-3.878363832800992
6612.639346540322	1000.0	2564.331735822685	0.0	0	0.0	5176.971082363007	1	0	4	-1.9026219128859867
7547.043594533653	1000.0	2396.3264258310205	0.0	0	0.0	4943.370020364673	1	0	4	-1.7996688662150744
8879.761062803433	1000.0	1730.4295904937946	0.0	0	0.0	4610.190653297228	1	0	4	-1.6414526136610217
9665.169801857475	1000.0	1866.4799775343463	0.0	0	0.0	4531.6497793918215	1	0	3	-1.5712699646787476
10426.366983526954	1000.0	1914.9835004474996	0.0	0	0.0	4341.350483974455	1	0	4	-1.7945033641717612
11960.668889944562	1000.0	997.1061174254896	0.0	0	0.0	3957.7750073700518	1	0	4	-1.32762609761369
13139.092313084679	1000.0	524.0768385003435	0.0	0	0.0	3663.16915158502	1	0	4	-1.1643474301952217
13831.532850624893	500.0	762.3922472061086	0.0	0	0.0	3593.925097831003	1	0	3	-2.487792971116948
14454.940982478867	500.0	983.1320823886422	0.0	0	0.0	3438.073064867507	1	0	4	-2.027559011398166
15733.688385124606	1000.0	576.5099394783304	0.0	0	0.0	3310.1983246029376	1	0	3	-1.6615227264845585
16791.355795161213	1000.0	323.1224612253975	54.95742743426143	0	0.0	3114.4782563866156	1	0	4	-1.5170117749082677
17626.69316037623	1000.0	442.859332535234	131.1268622628886	0	0.0	3069.552492911471	1	0	4	-1.6454169461756598
17972.887223030073	500.0	1062.0458636160115	0.0	0	0.0	3034.9330866460896	1	0	3	-2.2036596369244563
18782.803249884928	1000.0	1049.6508300474443	0.0	0	0.0	2832.4540799323768	1	0	4	-1.73226556908753
19783.7440326407	1000.0	948.6159690160883	0.0	0	0.0	2732.3600016567943	1	0	3	-0.6758402274650783
20921.198791041308	1000.0	697.4157347754207	0.0	0	0.0	2618.6145258167344	1	0	3	-0.3193472964821884
21494.588853303965	1000.0	1066.6866662864995	0.0	0	0.0	2561.2755195904683	1	0	3	-0.28379282442276466
22481.33511046076	1000.0	833.2538448405096	0.0	0	0.0	2314.588955301275	1	0	4	-0.7882951845257995
23439.11527397107	1000.0	779.6956649791675	0.0	0	0.0	2218.810938950239	1	0	3	-0.4219859206233355
24244.10302463308	500.0	773.4609766516544	0.0	0	0.0	2017.5640012847362	1	0	4	-2.0118931067456294
24776.32758007577	500.0	1188.0139656646986	0.0	0	0.0	1964.3415457404735	1	0	3	-0.9778733384561775
25560.28677018424	1000.0	1325.6588565453835	0.0	0	0.0	1885.9456267296264	1	0	3	-0.6427575765871667
26200.0	500.0	1621.9743037480469	0.0	0	69.05636066124862	1821.9743037480512	1	0	3	-1.3032313001049816
27200.0	500.0	1521.9743037480525	0.0	0	527.0935573256975	1721.9743037480584	1	0	3	-0.5698911984217425
28200.0	500.0	1421.9743037480544	0.0	0	322.0965941723225	1621.974303748062	1	0	3	-0.5185263750824584
29200.0	500.0	1321.9743037480562	0.0	0	114.50217092708772	1521.974303748062	1	0	3	-0.46491153665126145
30200.0	500.0	1071.974303748058	0.0	0	100.26833652985806	1271.9743037480657	1	0	4	-0.9629546673059515
31478.94374614213	1000.0	665.1361829917154	0.0	0	0.0	1144.079929133848	1	0	3	-0.5758594501715824
32200.0	500.0	871.9743037480561	0.0	0	50.83341406331601	1071.9743037480584	1	0	3	-0.9283546232224215
33200.0	500.0	771.9743037480537	0.0	0	372.97871190156	971.9743037480584	1	0	3	-0.1941316888872428
34200.0	500.0	771.9743037480522	0.0	0	427.85588045774057	971.9743037480657	1	0	2	-0.1751615281080416
35200.0	500.0	771.9743037480445	0.0	0	521.4101655819541	971.9743037480584	1	0	2	0.02483847189196149
36200.0	500.0	671.9743037480455	0.0	0	522.3377283263981	871.9743037480657	1	0	3	-0.3448399795518851
37200.0	500.0	571.9743037480512	0.0	0	242.96877615245467	771.9743037480657	1	0	3	-0.09370268315236426
38200.0	500.0	471.97430374805174	0.0	0	74.48619231441262	671.9743037480584	1	0	3	-0.03926625306148013
39257.33924400757	500.0	363.1520047318799	49.31897217468543	0	0.0	620.491248739454	1	0	3	-0.31052922651919984
40412.211609937054	500.0	574.4615811329261	366.1819423305262	0	0.0	986.6731910699746	1	0	2	-2.379602625752154
41234.24574627846	500.0	752.4274447915168	0.0	0	0.0	986.6731910699746	1	0	2	0.017489028231003484
42200.0	500.0	690.0977656978226	0.0	0	349.35357005315745	890.0977656978284	1	0	3	-0.3526686961277255
43200.0	500.0	690.0977656978305	0.0	0	419.9238285907704	890.0977656978357	1	0	2	-0.13422325908292732
44200.0	500.0	690.0977656978284	0.0	0	307.5596787491595	890.0977656978284	1	0	2	0.06577674091707654
45200.0	500.0	590.0977656978367	0.0	0	129.9570274588841	790.0977656978357	1	0	3	-0.2995359338022213
46200.0	500.0	490.09776569783844	0.0	0	285.5590767931062	690.0977656978357	1	0	3	-0.051949208513847
47200.0	500.0	390.09776569783946	0.0	0	368.7133043771464	590.0977656978284	1	0	3	-0.0033594731893837465
48200.0	500.0	390.0977656978432	0.0	0	620.2837902190731	590.0977656978284	1	0	2	0.01577674091707637
49200.0	500.0	390.09776569784117	0.0	0	529.1945549743832	590.0977656978284	1	0	2	0.21577674091707655
50200.0	500.0	390.0977656978415	0.0	0	506.63305060976563	590.0977656978284	1	0	2	0.21577674091707655
51200.0	500.0	390.0977656978446	0.0	0	654.4634474217528	590.0977656978284	1	0	2	0.21577674091707655
52200.0	500.0	390.09776569784185	0.0	0	716.6443037941353	590.0977656978284	1	0	2	0.21577674091707655
53200.0	500.0	390.0977656978396	0.0	0	446.026313330025	590.0977656978284	1	0	2	0.21577674091707655
54200.0	500.0	390.09776569783344	0.0	0	454.6275108494956	590.0977656978212	1	0	2	0.21577674091708018
55200.0	500.0	390.0977656978348	0.0	0	629.691853448312	590.0977656978212	1	0	2	0.21577674091708018
56200.0	500.0	390.0977656978423	0.0	0	573.8981741303432	590.0977656978139	1	0	2	0.2157767409170838
57200.0	500.0	390.0977656978481	0.0	0	367.89779997668666	590.0977656978139	1	0	2	0.2157767409170838
58200.0	500.0	390.0977656978506	0.0	0	481.0502813913772	590.0977656978139	1	0	2	0.2157767409170838
59200.0	500.0	290.09776569785015	0.0	0	547.6023611811979	490.0977656978139	1	0	3	-0.15382921314316966
60200.0	500.0	290.0977656978564	0.0	0	567.3490363730671	490.0977656978139	1	0	2	0.06577674091708363
61200.0	500.0	326.1600534792037	36.06228778134613	0	394.13124145943584	526.1600534791578	1	0	2	0.03137187033833502
62200.0	500.0	326.1600534792048	0.0	0	657.6144395603842	526.1600534791651	1	0	2	0.24774559702640822
63200.0	500.0	326.1600534792054	0.0	0	494.30515894261043	526.1600534791651	1	0	2	0.24774559702640822
64200.0	500.0	326.160053479208	0.0	0	633.4113843009472	526.1600534791651	1	0	2	0.24774559702640822
65200.0	500.0	326.1600534792125	0.0	0	632.3144349785362	526.1600534791651	1	0	2	0.24774559702640822
66200.0	500.0	326.1600534792081	0.0	0	632.1603949849887	526.1600534791651	1	0	2	0.24774559702640747
67539.00313932583	1000.0	389.26401013369525	402.1070959803101	0	0.0	928.2671494594688	1	0	2	-2.365950526845604
68200.66675569804	1000.0	670.6631947277921	8.390147821387018	0	0.0	871.3299504257593	1	0	3	0.31071730310077966
69200.0	1000.0	671.3299504258476	0.0	0	470.9679355432745	871.3299504257593	1	0	2	0.5683078291130563
70200.0	500.0	571.3299504258513	0.0	0	536.1953936994105	771.3299504257593	1	0	3	-0.9876760182969826
71200.0	500.0	571.3299504258455	0.0	0	514.3321342743875	771.3299504257448	1	0	2	-0.0748393514468818
72200.0	500.0	471.3299504258303	0.0	0	333.1178009985015	671.3299504257157	1	0	3	-0.2438707350130329
73200.0	500.0	471.329950425845	0.0	0	422.6187903730315	671.3299504257157	1	0	2	-0.024839351446867275
74200.0	500.0	471.3299504258507	0.0	0	556.2068652613525	671.3299504257302	1	0	2	0.1751606485531257
75200.0	500.0	471.3299504258547	0.0	0	574.3929421758221	671.3299504257448	1	0	2	0.17516064855311841
76200.0	500.0	471.3299504258571	0.0	0	536.462518380431	671.3299504257593	1	0	2	0.17516064855311111
77200.0	500.0	471.3299504258332	0.0	0	472.7613257310877	671.3299504257593	1	0	2	0.17516064855311111
78200.0	500.0	471.3299504258234	0.0	0	469.1246547050541	671.3299504257593	1	0	2	0.17516064855311111
79200.0	500.0	471.329950425824	0.0	0	445.2050663540431	671.3299504257593	1	0	2	0.17516064855311111
80200.0	500.0	371.32995042583354	0.0	0	420.0129990728601	571.3299504257884	1	0	3	-0.1941325183308994
81200.0	500.0	376.93933784079286	5.609387414951357	0	286.959733758762	576.9393378407403	1	0	2	-0.011300369644087746
82200.0	500.0	376.9393378407819	0.0	0	483.9606578225066	576.9393378407403	1	0	2	0.22235595484562057
83200.0	500.0	376.9393378407721	0.0	0	413.26135433140735	576.9393378407403	1	0	2	0.22235595484562057
84200.0	500.0	376.9393378407663	0.0	0	418.9410601970303	576.9393378407403	1	0	2	0.22235595484562057
85200.0	500.0	376.9393378407735	0.0	0	277.45729118183954	576.9393378407403	1	0	2	0.22235595484562057
86200.0	500.0	376.9393378407658	0.0	0	261.7367137131514	576.9393378407403	1	0	2	0.22235595484562057
87323.69480419779	1000.0	489.8113467442708	317.2148122918851	0	0.0	813.5061509420339	1	0	3	-2.210366222819996
88200.0	1000.0	613.5061509420714	0.0	0	113.46325304199127	813.5061509420339	1	0	2	0.5972197288549191
89200.0	1000.0	613.506150942078	0.0	0	419.97583915614814	813.5061509420339	1	0	2	0.7972197288549193
90200.0	500.0	613.5061509420821	0.0	0	694.9164043430501	813.5061509420484	1	0	2	-0.5890746322649787
91200.0	500.0	513.5061509420707	0.0	0	464.6656877673813	713.5061509420339	1	0	3	-0.2653266318356565
92200.0	500.0	413.50615094207103	0.0	0	335.13842581973586	613.5061509420484	1	0	3	-0.014210627261587415
93200.0	500.0	313.5061509420714	0.0	0	518.4637321297632	513.506150942063	1	0	3	0.03433903996489504
94200.0	500.0	413.77854953127456	100.27239858921206	0	112.71735734331014	613.778549531271	1	0	2	-0.5976980425349171
95200.0	500.0	413.7785495312719	0.0	0	337.0246185194701	613.778549531271	1	0	2	0.20393634900035526
96200.0	500.0	413.77854953126234	0.0	0	514.7264371268393	613.7785495312564	1	0	2	0.20393634900036256
97200.0	500.0	413.7785495312512	0.0	0	494.57039492367767	613.7785495312564	1	0	2	0.20393634900036256
98200.0	500.0	413.7785495312502	0.0	0	666.0240839272155	613.7785495312564	1	0	2	0.20393634900036256
99200.0	500.0	413.7785495312478	0.0	0	618.5304675298685	613.778549531271	1	0	2	0.20393634900035526
100200.0	500.0	413.77854953125825	0.0	0	467.72323645700817	613.778549531271	1	0	2	0.20393634900035526
101200.0	500.0	413.77854953125734	0.0	0	405.3279544939287	613.778549531271	1	0	2	0.20393634900035526
102200.0	500.0	413.7785495312605	0.0	0	512.6426098366792	613.778549531271	1	0	2	0.20393634900035526
103200.0	500.0	413.77854953127303	0.0	0	263.33308697794564	613.7785495312855	1	0	2	0.20393634900034796
104200.0	500.0	413.7785495312536	0.0	0	279.75534197944216	613.7785495312855	1	0	2	0.20393634900034796
105200.0	500.0	413.77854953125234	0.0	0	370.5385286518722	613.7785495312855	1	0	2	0.20393634900034796
106200.0	500.0	413.7785495312602	0.0	0	589.2777497760399	613.7785495313001	1	0	2	0.20393634900034072
107200.0	500.0	413.7785495312546	0.0	0	306.53973683086224	613.7785495313001	1	0	2	0.20393634900034072
108200.0	500.0	413.7785495312736	0.0	0	536.0827917639544	613.7785495313146	1	0	2	0.20393634900033344
109200.0	500.0	413.7785495312781	0.0	0	184.08847138629062	613.7785495313146	1	0	2	0.20393634900033344
110200.0	500.0	413.77854953128076	0.0	0	188.01182883582078	613.7785495313146	1	0	2	0.20393634900033344
111200.0	500.0	513.7785495312761	0.0	0	235.82513950196153	713.7785495313146	1	0	1	-0.02893387398695202
112200.0	500.0	513.7785495312827	0.0	0	554.6245694436802	713.7785495313146	1	0	2	-0.04606365099966653
113200.0	500.0	513.7785495312867	0.0	0	372.75667995537515	713.7785495313146	1	0	2	0.15393634900033343
114371.92481418415	500.0	452.3699252553955	110.5161899082513	0	0.0	824.2947394395742	1	0	2	-0.5644188854033041
115200.0	500.0	624.2947394395546	0.0	0	67.87614122939704	824.2947394395742	1	0	2	0.09867825404620362
116200.0	1000.0	524.2947394395344	0.0	0	16.537407919517136	724.2947394395451	1	0	3	-0.26546517627944166
117501.15339733653	1000.0	464.4718891458881	241.33054704286909	0	0.0	965.6252864824055	1	0	2	-0.9268231211724814
118209.91645401434	1000.0	684.8325268002859	0.0	0	0.0	894.7489808146202	1	0	3	0.34926339441016063
119200.0	500.0	595.7406262160578	0.0	0	673.3203159611876	795.7406262160512	1	0	3	-0.8001918699019805
120200.0	500.0	495.74062621607413	0.0	0	415.38801862695254	695.7406262160512	1	0	3	-0.05628078050090732
121200.0	500.0	395.74062621607163	0.0	0	386.77883837018453	595.7406262160366	1	0	3	-0.0058972011377558115
122200.0	500.0	395.74062621606595	0.0	0	325.3231889852759	595.7406262160366	1	0	2	0.01295531065797223
123200.0	500.0	395.74062621606106	0.0	0	403.10948857301264	595.7406262160366	1	0	2	0.2129553106579724
124200.0	500.0	295.74062621605094	0.0	0	561.2004589140561	495.74062621602206	1	0	3	-0.1567305192656296
125200.0	500.0	295.7406262160548	0.0	0	512.5564127738471	495.74062621602206	1	0	2	0.06295531065797955
126200.0	500.0	353.0175963617447	57.27697014570117	0	311.97823585165315	553.0175963617075	1	0	2	-0.10934499528907014
127200.0	500.0	353.01759636176	0.0	0	495.02578084237757	553.0175963617221	1	0	2	0.2343168255851297
128244.2813592768	500.0	450.64874516971327	141.91250808476917	0	0.0	694.9301044464955	1	0	2	-0.6881144769658718
129200.0	500.0	494.9301044465101	0.0	0	124.42988205222355	694.9301044464955	1	0	2	0.16336057154274303
130200.0	300.0	494.93010444651077	0.0	0	328.9808037547482	694.9301044464955	1	0	2	-0.8582906759892382
131222.77604880527	500.0	533.2240245452264	61.06996890396215	0	0.0	756.0000733504858	1	0	2	-0.7444198500990056
132200.0	300.0	458.27767823101556	0.0	0	491.0618065967283	658.2776782310393	1	0	3	-1.2592397238172415
133200.0	500.0	500.11358554220914	41.83590731116482	0	8.62565291984356	700.1135855422181	1	0	2	-0.8010722366380921
134200.0	500.0	500.11358554220203	0.0	0	241.85762830771273	700.1135855422181	1	0	2	0.16076883099488176
135200.0	500.0	500.1135855421808	0.0	0	359.69038867932977	700.1135855422181	1	0	2	0.16076883099488176
136200.0	500.0	500.11358554216554	0.0	0	552.9690459306003	700.1135855422181	1	0	2	0.16076883099488176
137200.0	500.0	400.11358554214746	0.0	0	482.48048474188545	600.113585542189	1	0	3	-0.20881847755847754
138200.0	500.0	300.11358554214814	0.0	0	503.9723188430071	500.11358554215985	1	0	3	0.04123817924931759
139200.0	500.0	300.11358554215747	0.0	0	467.7837092986447	500.11358554215985	1	0	2	0.060768830994910615
140200.0	500.0	419.8990230475754	119.7854375054024	0	225.455917574669	619.8990230475611	1	0	2	-0.517836512790204
141200.0	500.0	419.8990230475731	0.0	0	643.1791219778243	619.8990230475902	1	0	2	0.20087611224219568
142200.0	500.0	319.89902304753775	0.0	0	372.4352218412387	519.8990230475611	1	0	3	-0.16790942154310956
143200.0	500.0	319.89902304753275	0.0	0	638.9923428219627	519.899023047532	1	0	2	0.0508761122422246
144200.0	500.0	319.8990230475347	0.0	0	443.72270621187636	519.899023047532	1	0	2	0.2508761122422248
145200.0	500.0	319.89902304756146	0.0	0	465.2827519585844	519.8990230475611	1	0	2	0.2508761122422102
146200.0	500.0	319.8990230475266	0.0	0	520.6475934251503	519.8990230475611	1	0	2	0.2508761122422102
147200.0	500.0	319.8990230475263	0.0	0	494.28562320995843	519.8990230475611	1	0	2	0.2508761122422102
148200.0	500.0	419.89902304749626	0.0	0	358.0633645671769	619.8990230475029	1	0	1	0.019070317913703817
149200.0	500.0	419.8990230474776	0.0	0	576.7368514596892	619.8990230475029	1	0	2	0.0008761122422393242
150200.0	500.0	419.89902304745726	0.0	0	368.97286731778877	619.8990230475029	1	0	2	0.20087611224223928
151200.0	500.0	419.8990230474585	0.0	0	301.2239563614421	619.8990230475029	1	0	2	0.20087611224223928
152200.0	500.0	419.899023047469	0.0	0	442.7068897341087	619.8990230475029	1	0	2	0.20087611224223928
153200.0	500.0	428.15704863892006	8.258025591462683	0	153.38262130113435	628.1570486389683	1	0	2	0.14719894589773053
154200.0	500.0	328.1570486389119	0.0	0	511.49745587602956	528.1570486389974	1	0	3	-0.172538991230539
155200.0	500.0	328.15704863893546	0.0	0	635.0880027212261	528.1570486389974	1	0	2	0.04674709944649189
156200.0	500.0	328.1570486389572	0.0	0	687.0308563599829	528.1570486389974	1	0	2	0.24674709944649206
157200.0	500.0	328.1570486389678	0.0	0	417.85396462201606	528.1570486389974	1	0	2	0.24674709944649206
158200.0	500.0	328.15704863894854	0.0	0	480.72421930130804	528.1570486389974	1	0	2	0.24674709944649206
159200.0	500.0	328.1570486389152	0.0	0	467.54874957868014	528.1570486389974	1	0	2	0.24674709944649206
160200.0	500.0	328.1570486389255	0.0	0	571.1845959903148	528.1570486389974	1	0	2	0.24674709944649206
161200.0	500.0	328.1570486389289	0.0	0	419.1938152608345	528.1570486389974	1	0	2	0.24674709944649206
162200.0	500.0	328.15704863893	0.0	0	444.3917309642711	528.1570486389974	1	0	2	0.24674709944649206
163200.0	500.0	328.15704863892626	0.0	0	546.22832742834	528.1570486389974	1	0	2	0.24674709944649206
164200.0	500.0	336.1700288438943	8.012980204990129	0	306.8420774228289	536.1700288439752	1	0	2	0.1946627281140624
165200.0	500.0	336.17002884390473	0.0	0	386.17242779181106	536.1700288439752	1	0	2	0.24274060934400318
166200.0	500.0	336.17002884390826	0.0	0	514.6936934127007	536.1700288439752	1	0	2	0.24274060934400318
167200.0	1000.0	443.5923981703004	107.42236932641453	0	141.5075267976208	643.5923981703818	1	0	2	-0.4555047912776873
168200.0	500.0	443.5923981703153	0.0	0	580.02500855361	643.5923981703818	1	0	2	-0.5041177558791454
169200.0	500.0	443.5923981703129	0.0	0	458.32640695149894	643.5923981703818	1	0	2	0.18902942468079983
170200.0	500.0	443.59239817032835	0.0	0	494.5265068896988	643.5923981703818	1	0	2	0.18902942468079983
171200.0	500.0	443.5923981703429	0.0	0	622.5969112435123	643.5923981703818	1	0	2	0.18902942468079983
172200.0	500.0	443.59239817033824	0.0	0	403.8162329669285	643.5923981703818	1	0	2	0.18902942468079983
173200.0	500.0	443.5923981703693	0.0	0	228.21464628039394	643.5923981703818	1	0	2	0.18902942468079983
174200.0	500.0	443.5923981703636	0.0	0	416.4985668809095	643.5923981703818	1	0	2	0.18902942468079983
175200.0	500.0	443.59239817035143	0.0	0	376.57414618803887	643.5923981703818	1	0	2	0.18902942468079983
176200.0	500.0	443.59239817034745	0.0	0	342.2337263894151	643.5923981703818	1	0	2	0.18902942468079983
177200.0	500.0	443.5923981703505	0.0	0	295.53037352944375	643.5923981703818	1	0	2	0.18902942468079983
178200.0	300.0	443.5923981703455	0.0	0	500.698894762696	643.5923981703818	1	0	2	-0.8326218228511816
179200.0	500.0	443.5923981703256	0.0	0	248.55809719202807	643.5923981703818	1	0	2	-0.32179619908519075
180200.0	500.0	443.59239817034745	0.0	0	409.25701626820955	643.5923981704109	1	0	2	0.18902942468078526
181200.0	500.0	443.5923981703522	0.0	0	233.2286749711202	643.5923981704109	1	0	2	0.18902942468078526
182200.0	500.0	443.59239817034245	0.0	0	373.27492204486043	643.5923981704109	1	0	2	0.18902942468078526
183200.0	500.0	443.5923981703844	0.0	0	563.5319178176287	643.59239817044	1	0	2	0.18902942468077077
184200.0	500.0	443.5923981703909	0.0	0	535.1495166291134	643.5923981704691	1	0	2	0.18902942468075618
185200.0	500.0	443.5923981703879	0.0	0	488.68410558305914	643.5923981704982	1	0	2	0.1890294246807417
186200.0	500.0	343.59239817037997	0.0	0	348.6877570897632	543.5923981704691	1	0	3	-0.17987046978218912
187200.0	500.0	455.8894373714197	112.29703920103378	0	86.90043312869966	655.8894373714866	1	0	2	-0.6909013301259552
188200.0	500.0	455.8894373714186	0.0	0	78.75266926232143	655.8894373715157	1	0	2	0.18288090508023297
189363.46409003847	500.0	516.5041225417282	224.07877520881635	0	0.0	879.9682125803083	1	0	2	-1.2736311337770614
190200.0	500.0	596.314621584048	0.0	0	353.42727598006604	796.3146215841407	1	0	3	-0.30468622464076234
191200.0	500.0	496.3146215840228	0.0	0	157.72861325595295	696.3146215841407	1	0	3	-0.05385261911058513
192200.0	500.0	496.31462158399995	0.0	0	206.90791129495483	696.3146215841407	1	0	2	-0.03733168702607981
193200.0	300.0	496.3146215839937	0.0	0	263.35502884499147	696.3146215841407	1	0	2	-0.8589829345580612
194233.14463792904	500.0	380.92894357184105	19.157657917979236	0	0.0	614.0735815010266	1	0	3	-0.8358193881034289
195200.0	500.0	419.52099296448154	92.84813424609462	0	141.7686096590769	619.5209929646517	1	0	3	-0.5704007504628292
196200.0	500.0	319.52099296448614	0.0	0	278.6540424420673	519.5209929647099	1	0	3	0.03319729364726923
197200.0	500.0	319.52099296449774	0.0	0	396.7734888260893	519.5209929646808	1	0	2	0.05106512728365017
198200.0	500.0	319.52099296449603	0.0	0	561.484359276772	519.5209929646808	1	0	2	0.2510651272836504
199200.0	500.0	319.52099296449245	0.0	0	580.3012470857066	519.5209929646808	1	0	2	0.2510651272836504
200200.0	1000.0	326.30039493762325	6.779401973144445	0	411.07898741427925	526.3003949378035	1	0	2	0.20699901445822247
201200.0	1000.0	345.47043742526466	19.170042487642547	0	276.67009278424666	545.4704374254507	1	0	2	0.8162173306873557
202200.0	1000.0	382.0980043485959	36.62756692331152	0	154.813523481047	582.0980043487507	1	0	2	0.6931584006116918
203200.0	1000.0	490.5570835702948	108.45907922168936	0	49.96740021137521	690.5570835704566	1	0	2	0.2079397872105804
204303.69814927632	1000.0	434.3198749736398	47.46094067968028	0	0.0	738.0180242500792	1	0	2	0.5501981481228091
205353.20839173972	1000.0	406.3544960001203	21.54486348988945	0	0.0	759.5628877399722	1	0	2	0.6949221795166134
206415.93038604208	1000.0	455.7408517295646	112.10835003182535	0	0.0	871.6712377718068	1	0	2	0.09548708524908067
207549.65855159675	1000.0	374.22279232781267	150.5299297348763	0	0.0	923.8813439245569	1	0	3	-0.5754037010653912
208200.0	500.0	658.8471990842431	0.0	0	246.2253079364018	858.8471990842081	1	0	3	-0.8255968738800568
209200.0	500.0	558.8471990842393	0.0	0	615.4922452552419	758.847199084179	1	0	3	-0.08859797577610184
210200.0	500.0	558.8471990842891	0.0	0	433.91518677354907	758.847199084179	1	0	2	-0.06859797577609891
211200.0	500.0	558.8471990843236	0.0	0	533.2725186122989	758.847199084179	1	0	2	0.13140202422390126
212200.0	500.0	458.8471990843061	0.0	0	605.8179951317143	658.8471990841208	1	0	3	-0.23858063220295206
213200.0	500.0	458.8471990843161	0.0	0	529.9413406838139	658.8471990841499	1	0	2	-0.01859797577608434
214200.0	500.0	458.8471990843125	0.0	0	628.641168215865	658.8471990841499	1	0	2	0.18140202422391583
215200.0	500.0	458.84719908432635	0.0	0	457.6686710267968	658.8471990841499	1	0	2	0.18140202422391583
216200.0	500.0	458.84719908436205	0.0	0	299.71387405646965	658.8471990841499	1	0	2	0.18140202422391583
217200.0	500.0	458.84719908434136	0.0	0	479.30966758250725	658.8471990841499	1	0	2	0.18140202422391583
218200.0	500.0	458.8471990843416	0.0	0	522.0272868070169	658.8471990841499	1	0	2	0.18140202422391583
219200.0	500.0	458.8471990843391	0.0	0	679.5899999869871	658.847199084179	1	0	2	0.18140202422390123
220200.0	500.0	458.8471990843225	0.0	0	264.293100430863	658.8471990841499	1	0	2	0.18140202422391583
221200.0	500.0	458.8471990842902	0.0	0	467.0333998950082	658.8471990841208	1	0	2	0.1814020242239303
222200.0	500.0	458.8471990842618	0.0	0	246.20056739696884	658.8471990841208	1	0	2	0.1814020242239303
223200.0	500.0	458.84719908422494	0.0	0	483.2626581089862	658.8471990841208	1	0	2	0.1814020242239303
224200.0	500.0	458.8471990842529	0.0	0	431.8331477738393	658.8471990841208	1	0	2	0.1814020242239303
225200.0	500.0	458.8471990842403	0.0	0	562.660944878211	658.8471990841208	1	0	2	0.1814020242239303
226200.0	500.0	458.8471990842229	0.0	0	550.6922193900682	658.8471990840917	1	0	2	0.18140202422394489
227200.0	500.0	358.84719908422085	0.0	0	367.3997580424184	558.8471990840626	1	0	3	-0.187452094324066
228200.0	500.0	358.847199084204	0.0	0	392.07895178810577	558.8471990840335	1	0	2	0.03140202422397381
229200.0	500.0	358.84719908421084	0.0	0	332.6074066875444	558.8471990840626	1	0	2	0.23140202422395947
230200.0	500.0	348.84945113448407	81.82022913660938	0	197.1366189835244	548.8494511343306	1	0	3	-0.6709952822864877
231200.0	500.0	348.84945113449504	0.0	0	476.3282512209553	548.8494511343306	1	0	2	0.036400898198825304
232200.0	500.0	348.84945113446634	0.0	0	474.8574684643827	548.8494511343306	1	0	2	0.23640089819882548
233200.0	500.0	348.8494511344681	0.0	0	525.9651830790099	548.8494511343306	1	0	2	0.23640089819882548
234200.0	500.0	348.84945113450704	0.0	0	307.5938360550208	548.8494511343306	1	0	2	0.23640089819882548
235200.0	500.0	374.62258271439725	25.773131579885842	0	263.58068134941277	574.6225827142189	1	0	2	0.06887554292956627
236328.32171008823	1000.0	554.4190635594849	308.1181909332924	0	0.0	882.740773647558	1	0	2	-1.7792539086575396
237420.78196368756	1000.0	357.0454893952144	3.9388225409199435	0	0.0	777.8274530826311	1	0	3	0.3768284244694564
238200.0	1000.0	525.7383004666763	23.484228195595676	0	138.48421033125487	725.7383004665608	1	0	3	0.48791465719554294
239200.0	1000.0	425.7383004666556	0.0	0	244.3570200735703	625.7383004665317	1	0	3	0.6725207945529174
240200.0	500.0	425.7383004666542	0.0	0	458.9877056913683	625.7383004665026	1	0	2	-0.6951907070272062
241200.0	500.0	425.738300466669	0.0	0	387.2364832473395	625.7383004665026	1	0	2	0.19795647353273943
242200.0	500.0	425.7383004666772	0.0	0	297.52263414568733	625.7383004665317	1	0	2	0.19795647353272494
243200.0	500.0	352.81905294107696	24.618865885838318	0	172.82681398812565	552.8190529409039	1	0	3	-0.3297235626841103
244200.0	500.0	368.8115689599405	15.992516018863341	0	248.58471363745048	568.8115689597616	1	0	2	-0.06953525682707024
245200.0	500.0	368.8115689599174	0.0	0	516.4529932712321	568.8115689597616	1	0	2	0.22641983928610995
246200.0	500.0	368.8115689598941	0.0	0	677.1980863093049	568.8115689597616	1	0	2	0.22641983928610995
247200.0	500.0	368.81156895988386	0.0	0	618.0747251156135	568.8115689597616	1	0	2	0.22641983928610995
248200.0	500.0	368.8115689598524	0.0	0	634.3429346845951	568.8115689597616	1	0	2	0.22641983928610995
249200.0	500.0	268.8115689598542	0.0	0	425.398646442045	468.81156895979075	1	0	3	-0.14266669544532679
250200.0	500.0	268.8115689598759	0.0	0	441.0351078409876	468.81156895981985	1	0	2	0.07641983928608065
251200.0	500.0	351.50221931932435	82.69065035943785	0	324.54998524900293	551.5022193192563	1	0	2	-0.2610693880502646
252200.0	500.0	251.50221931932185	0.0	0	322.573608605162	451.50221931925626	1	0	3	-0.13382421110001355
253200.0	500.0	366.2375581606157	114.73533884129273	0	253.678716788796	566.2375581605593	1	0	2	-0.6607051883620455
254200.0	500.0	366.2375581605983	0.0	0	343.62673564380384	566.2375581605593	1	0	2	0.2277068446857111
255200.0	500.0	366.2375581606135	0.0	0	394.4595983311592	566.2375581605884	1	0	2	0.22770684468569655
256200.0	500.0	366.2375581606361	0.0	0	556.439337823831	566.2375581605884	1	0	2	0.22770684468569655
257200.0	500.0	366.2375581606087	0.0	0	522.7669913041755	566.2375581605884	1	0	2	0.22770684468569655
258200.0	500.0	366.23755816062794	0.0	0	461.7973437171895	566.2375581605884	1	0	2	0.22770684468569655
259200.0	500.0	366.2375581605929	0.0	0	410.08151251636446	566.2375581605884	1	0	2	0.22770684468569655
260200.0	500.0	366.23755816058343	0.0	0	364.35849631618476	566.2375581605884	1	0	2	0.22770684468569655
261200.0	500.0	266.23755816055655	0.0	0	479.1128477984457	466.2375581605593	1	0	3	-0.14179924091283952
262200.0	500.0	266.2375581605724	0.0	0	512.628089082631	466.2375581605884	1	0	2	0.07770684468569639
263200.0	500.0	475.0445796610052	208.80702150039056	0	86.34747204295127	675.0445796609856	1	0	2	-1.0795387950668454
264200.0	500.0	375.04457966095936	0.0	0	210.33466754254187	575.0445796609856	1	0	3	-0.1929226082025145
265200.0	500.0	375.044579660993	0.0	0	393.2165507294703	575.0445796609856	1	0	2	0.023303333935497716
266200.0	500.0	375.0445796609803	0.0	0	320.17353557248134	575.0445796609856	1	0	2	0.2233033339354979
267200.0	500.0	375.0445796609599	0.0	0	660.8461542984587	575.0445796609856	1	0	2	0.2233033339354979
268200.0	500.0	375.04457966093065	0.0	0	522.8906590955448	575.0445796609856	1	0	2	0.2233033339354979
269200.0	500.0	375.04457966091945	0.0	0	424.1434732291382	575.0445796609856	1	0	2	0.2233033339354979
270200.0	500.0	375.0445796609477	0.0	0	486.3974432612886	575.0445796609856	1	0	2	0.2233033339354979
271200.0	500.0	482.4205812768578	107.37600161595401	0	35.507787926879246	682.420581276936	1	0	2	-0.47464067656820114
272200.0	500.0	482.4205812768614	0.0	0	260.79072757973336	682.420581276936	1	0	2	0.16961533312752275
273200.0	500.0	482.420581276852	0.0	0	594.7911646749708	682.4205812768778	1	0	2	0.16961533312755184
274200.0	500.0	482.4205812769155	0.0	0	474.2773803821183	682.4205812768778	1	0	2	0.16961533312755184
275200.0	500.0	482.4205812769328	0.0	0	449.1440884866752	682.4205812768778	1	0	2	0.16961533312755184
276200.0	500.0	482.4205812768755	0.0	0	524.6741336191772	682.4205812768778	1	0	2	0.16961533312755184
277200.0	500.0	482.42058127684345	0.0	0	187.32332864939235	682.4205812768778	1	0	2	0.16961533312755184
278215.7914950442	500.0	494.121009315216	27.491923082623487	0	0.0	709.9125043594395	1	0	2	-0.009082166909481534
279200.0	300.0	509.9125043594512	0.0	0	408.0710324299289	709.9125043594977	1	0	2	-0.8657818759457396
280200.0	300.0	409.91250435944335	0.0	0	154.7033378132037	609.9125043596141	1	0	3	-0.7206372053608069
281200.0	300.0	409.91250435943675	0.0	0	607.9430286326096	609.9125043596141	1	0	2	-0.5049562521798073
282200.0	500.0	487.5883051730042	77.67580081360524	0	9.789502007653937	687.5883051732089	1	0	2	-0.8098489574682358
283200.0	500.0	487.5883051729535	0.0	0	201.45025673293276	687.5883051732089	1	0	2	0.16703147117938633
284200.0	1000.0	546.2976020336768	58.709296860734696	0	0.520399491651915	746.2976020339411	1	0	2	-0.214578958415388
285200.0	500.0	546.297602033726	0.0	0	642.0764772316907	746.2976020339993	1	0	2	-0.5554703578109543
286200.0	500.0	546.297602033706	0.0	0	564.9848482134403	746.2976020340575	1	0	2	0.13767682274896198
287200.0	500.0	546.2976020337304	0.0	0	204.10298124013934	746.2976020340575	1	0	2	0.13767682274896198
288200.0	500.0	546.2976020337074	0.0	0	220.5653906009975	746.2976020340575	1	0	2	0.13767682274896198
289200.0	500.0	576.0830121353063	29.78541010161382	0	55.46368258871371	776.0830121356412	1	0	2	-0.055928342911524445
290200.0	500.0	476.08301213528694	0.0	0	574.1136104862671	676.083012135583	1	0	3	-0.24717126967438874
291200.0	500.0	476.083012135309	0.0	0	568.7504125478445	676.0830121356412	1	0	2	-0.027215882301830044
292200.0	500.0	476.0830121353706	0.0	0	486.822557692416	676.0830121356412	1	0	2	0.17278411769817015
293200.0	500.0	476.08301213538584	0.0	0	420.0452739142929	676.0830121356994	1	0	2	0.172784117698141
294200.0	500.0	476.08301213535435	0.0	0	399.8305568016367	676.0830121356994	1	0	2	0.172784117698141
295200.0	500.0	476.0830121354228	0.0	0	615.975312235707	676.0830121357576	1	0	2	0.17278411769811194
296200.0	500.0	476.0830121353978	0.0	0	282.84553144860547	676.0830121357576	1	0	2	0.17278411769811194
297200.0	500.0	476.08301213539676	0.0	0	614.3452497540275	676.0830121357576	1	0	2	0.17278411769811194
298200.0	500.0	476.0830121353399	0.0	0	702.2131402409286	676.0830121357576	1	0	2	0.17278411769811194
299200.0	500.0	376.08301213531274	0.0	0	391.92136814433616	576.0830121357576	1	0	3	-0.19643832024250202
300200.0	500.0	276.0830121353546	0.0	0	323.6813149943482	476.0830121358158	1	0	3	0.05413500332386579
1.41	1.51	1.02	0.98	1.37	1.03	0.79	0.89	0.96	0.98	1.02	1.24	1.22	1.34	0.97	1.14	1.42	1.29	0.66	1.04	1.0	0.98	0.61	0.61	0.78	0.66	0.82	0.97	1.16	1.3	1.05	0.93	0.57	0.61	0.45	0.8	0.81	0.69	0.58	0.53	0.57	0.92	1.08	1.14	1.19	1.26	1.74	1.12	1.19	1.26	1.22	1.04	1.01	1.04	1.12	0.87	1.24	1.2	1.07	1.3	1.1	0.93	1.03	1.52	1.42	0.97	0.83	0.8	0.97	1.19	1.01	1.24	1.12	0.95	1.02	0.71	1.14	1.12	0.87	0.93	0.82	0.76	1.2	1.27	1.83	1.19	0.72	0.85	0.73	0.83	1.32	1.38	1.46	1.54	0.92	1.0	0.8	0.82	0.75	0.82	1.08	1.0	1.18	0.76	0.76	0.86	1.29	1.22	0.52	0.64	1.15	0.85	1.23	1.54	1.24	0.83	0.61	0.83	1.34	1.14	0.93	1.18	0.67	0.52	0.64	0.42	0.64	0.5	0.52	1.02	1.54	1.08	0.86	0.87	0.59	1.11	1.04	1.14	0.97	0.9	1.11	0.87	1.03	1.55	1.0	0.89	0.92	0.72	0.73	1.16	1.41	1.51	1.02	0.98	1.37	1.03	0.79	0.89	0.96	0.98	1.02	1.24	1.22	1.34	0.97	1.14	1.42	1.29	0.66	1.04	1.0	0.98	0.61	0.61	0.78	0.66	0.82	0.97	1.16	1.3	1.05	0.93	0.57	0.61	0.45	0.8	0.81	0.69	0.58	0.53	0.57	0.92	1.08	1.14	1.19	1.26	1.74	1.12	1.19	1.26	1.22	1.04	1.01	1.04	1.12	0.87	1.24	1.2	1.07	1.3	1.1	0.93	1.03	1.52	1.42	0.97	0.83	0.8	0.97	1.19	1.01	1.24	1.12	0.95	1.02	0.71	1.14	1.12	0.87	0.93	0.82	0.76	1.2	1.27	1.83	1.19	0.72	0.85	0.73	0.83	1.32	1.38	1.46	1.54	0.92	1.0	0.8	0.82	0.75	0.82	1.08	1.0	1.18	0.76	0.76	0.86	1.29	1.22	0.52	0.64	1.15	0.85	1.23	1.54	1.24	0.83	0.61	0.83	1.34	1.14	0.93	1.18	0.67	0.52	0.64	0.42	0.64	0.5	0.52	1.02	1.54	1.08	0.86	0.87	0.59	1.11	1.04	1.14	0.97	0.9	1.11	0.87	1.03	1.55	1.0	0.89	0.92
1.0	2.0	3.0	4.0	5.0	6.0	7.0	8.0	9.0	10.0	11.0	12.0	13.0	14.0	15.0	16.0	17.0	18.0	19.0	20.0	21.0	22.0	23.0	24.0	25.0	26.0	27.0	28.0	29.0	30.0	31.0	32.0	33.0	34.0	35.0	36.0	37.0	38.0	39.0	40.0	41.0	42.0	43.0	44.0	45.0	46.0	47.0	48.0	49.0	50.0	51.0	52.0	53.0	54.0	55.0	56.0	57.0	58.0	59.0	60.0	61.0	62.0	63.0	64.0	65.0	66.0	67.0	68.0	69.0	70.0	71.0	72.0	73.0	74.0	75.0	76.0	77.0	78.0	79.0	80.0	81.0	82.0	83.0	84.0	85.0	86.0	87.0	88.0	89.0	90.0	91.0	92.0	93.0	94.0	95.0	96.0	97.0	98.0	99.0	100.0	101.0	102.0	103.0	104.0	105.0	106.0	107.0	108.0	109.0	110.0	111.0	112.0	113.0	114.0	115.0	116.0	117.0	118.0	119.0	120.0	121.0	122.0	123.0	124.0	125.0	126.0	127.0	128.0	129.0	130.0	131.0	132.0	133.0	134.0	135.0	136.0	137.0	138.0	139.0	140.0	141.0	142.0	143.0	144.0	145.0	146.0	147.0	148.0	149.0	149.0	150.0	151.0	152.0	153.0	154.0	155.0	156.0	157.0	158.0	159.0	160.0	161.0	162.0	163.0	164.0	165.0	166.0	167.0	168.0	169.0	170.0	171.0	172.0	173.0	174.0	175.0	176.0	177.0	178.0	179.0	180.0	181.0	182.0	183.0	184.0	185.0	186.0	187.0	188.0	189.0	190.0	191.0	192.0	193.0	194.0	195.0	196.0	197.0	198.0	199.0	200.0	201.0	202.0	203.0	204.0	205.0	206.0	207.0	208.0	209.0	210.0	211.0	212.0	213.0	214.0	215.0	216.0	217.0	218.0	219.0	220.0	221.0	222.0	223.0	224.0	225.0	226.0	227.0	228.0	229.0	230.0	231.0	232.0	233.0	234.0	235.0	236.0	237.0	238.0	239.0	240.0	241.0	242.0	243.0	244.0	245.0	246.0	247.0	248.0	249.0	250.0	251.0	252.0	253.0	254.0	255.0	256.0	257.0	258.0	259.0	260.0	261.0	262.0	263.0	264.0	265.0	266.0	267.0	268.0	269.0	270.0	271.0	272.0	273.0	274.0	275.0	276.0	277.0	278.0	279.0	280.0	281.0	282.0	283.0	284.0	285.0	286.0	287.0	288.0	289.0	290.0	291.0	292.0	293.0	294.0	295.0	296.0
4934.023423440568
