4499.838272363075	300.0	2000.0	82.72162888547128	0	0.0	4499.838272363075	1	0	1	-2.940457691615806
5561.73852134546	6000.0	1672.6246887720188	0.0	0	0.0	4234.363210117479	1	0	4	-3.350997937424299
6101.187417287076	6000.0	1998.3135688449977	0.0	0	0.0	4099.500986132073	1	0	4	0.4289291937908196
6982.977185752637	6000.0	1896.0763582630466	0.0	0	0.0	3879.053544015683	1	0	4	0.5228693766688897
7743.485320725336	6000.0	1945.4411895471712	0.0	0	0.0	3688.926510272507	1	0	4	0.6303539152412541
9207.212213339051	6000.0	1115.7825737800283	0.0	0	0.0	3322.994787119079	1	0	4	0.7749740477019936
9641.289692992972	3000.0	1573.1857242126275	0.0	0	0.0	3214.475417205601	1	0	4	-0.5103695994152961
10855.767897915062	6000.0	1055.087968060013	0.0	0	0.0	2910.855865975078	1	0	4	0.3069204705035462
11382.93915157538	3000.0	1396.1239009846158	0.0	0	0.0	2779.0630525599972	1	0	4	-0.29611458584629
12785.692151247387	6000.0	853.0956013454063	0.0	0	0.0	2638.7877525927943	1	0	3	0.4706094281260814
13876.801808434355	6000.0	652.8749784397418	0.0	0	0.0	2529.676786874097	1	0	3	1.5152915547114254
14465.476258346742	3000.0	1005.3330835361152	0.0	0	0.0	2470.8093418828576	1	0	3	0.1667629053492413
15094.864971115983	3000.0	1218.5971925745625	0.0	0	0.0	2313.4621636905467	1	0	4	0.32612995232268444
16510.373868988558	6000.0	449.21107023384434	0.0	0	0.0	1959.5849392224027	1	0	4	0.7778542308431969
17091.59877187543	3000.0	867.986167346972	0.0	0	0.0	1959.5849392224027	1	0	2	0.12964544282289991
17819.155183591367	3000.0	1067.6741144594419	0.0	0	0.0	1886.8292980508104	1	0	3	0.9501634126492677
18455.47041301882	3000.0	1367.7273620892465	0.0	0	0.0	1823.1977751080703	1	0	3	1.18326555056493
19200.0	3000.0	1548.7448164099442	0.0	0	155.22272041959513	1748.7448164099478	1	0	3	1.2148867701172892
20200.0	6000.0	1448.7448164099437	0.0	0	32.13908833658206	1648.7448164099478	1	0	3	1.2657716803676946
21200.0	6000.0	1348.744816409942	0.0	0	322.35180811224564	1548.7448164099478	1	0	3	2.003128120662161
22200.0	6000.0	1248.7448164099446	0.0	0	293.21213540032477	1448.7448164099478	1	0	3	2.0533389516447076
23200.0	6000.0	1148.7448164099408	0.0	0	153.78741583755618	1348.7448164099442	1	0	3	2.1045017549504443
24200.0	3000.0	1048.7448164099403	0.0	0	454.961821027322	1248.7448164099405	1	0	3	0.7656108059370899
25200.0	3000.0	948.744816409944	0.0	0	448.3122534710201	1148.7448164099442	1	0	3	1.5091294115085332
26200.0	3000.0	848.7448164099435	0.0	0	218.37073565776882	1048.7448164099442	1	0	3	1.561141906367196
27200.0	3000.0	748.7448164099467	0.0	0	486.603057266002	948.7448164099478	1	0	3	1.6089308395064543
28200.0	3000.0	648.7448164099469	0.0	0	609.7296069253898	848.7448164099405	1	0	3	1.6584260912457918
29200.0	3000.0	548.744816409945	0.0	0	252.31513791725592	748.7448164099405	1	0	3	1.709299807263251
30200.0	3000.0	448.7448164099469	0.0	0	231.28373968309097	648.7448164099442	1	0	3	1.7612796985241044
31200.0	3000.0	448.7448164099478	0.0	0	257.20105672660065	648.7448164099442	1	0	2	1.7782126847890738
32200.0	3000.0	448.7448164099486	0.0	0	572.6960594913653	648.7448164099442	1	0	2	1.978212684789074
33200.0	3000.0	448.74481640994793	0.0	0	493.10974426663597	648.7448164099442	1	0	2	1.978212684789074
34200.0	3000.0	448.7448164099442	0.0	0	482.6112849653873	648.7448164099405	1	0	2	1.9782126847890757
35200.0	3000.0	448.7448164099426	0.0	0	404.5488854816649	648.7448164099478	1	0	2	1.9782126847890722
36200.0	3000.0	448.7448164099295	0.0	0	590.1872567494938	648.7448164099405	1	0	2	1.9782126847890757
37200.0	3000.0	448.74481640991473	0.0	0	136.12802869281586	648.7448164099333	1	0	2	1.9782126847890793
38200.0	3000.0	448.74481640991064	0.0	0	141.0827637548282	648.7448164099333	1	0	2	1.9782126847890793
39200.0	3000.0	348.7448164099178	0.0	0	318.1411703692065	548.7448164099405	1	0	3	1.6097672744303007
40200.0	3000.0	348.74481640992116	0.0	0	578.2505450935059	548.7448164099405	1	0	2	1.8282126847890756
41200.0	3000.0	348.74481640991667	0.0	0	446.4049701203621	548.7448164099405	1	0	2	2.028212684789076
42200.0	3000.0	348.744816409917	0.0	0	480.94016289106366	548.7448164099405	1	0	2	2.028212684789076
43200.0	3000.0	348.74481640991246	0.0	0	418.72973603755963	548.7448164099333	1	0	2	2.0282126847890796
44200.0	3000.0	348.7448164099176	0.0	0	638.4890555495804	548.7448164099405	1	0	2	2.028212684789076
45200.0	3000.0	348.7448164099151	0.0	0	292.05992377339135	548.7448164099405	1	0	2	2.028212684789076
46200.0	3000.0	423.9903020719247	75.24548566200866	0	142.23383564100368	623.9903020719503	1	0	2	1.539117027986019
47200.0	3000.0	423.9903020719273	0.0	0	321.6545206846422	623.9903020719503	1	0	2	1.9905899419580708
48200.0	3000.0	423.99030207193584	0.0	0	595.6575557098186	623.9903020719503	1	0	2	1.9905899419580708
49200.0	6000.0	428.9148421882978	4.924540116362095	0	19.166614461675636	628.9148421883147	1	0	2	1.958580431201716
50200.0	3000.0	428.91484218830124	0.0	0	167.5374658811852	628.9148421883147	1	0	2	1.2949804913399439
51200.0	3000.0	428.914842188305	0.0	0	439.07894286832015	628.9148421883219	1	0	2	1.9881276718998853
52200.0	3000.0	428.91484218831226	0.0	0	367.29824532449857	628.9148421883292	1	0	2	1.9881276718998815
53200.0	3000.0	428.9148421883185	0.0	0	514.8421656585124	628.9148421883365	1	0	2	1.9881276718998777
54200.0	3000.0	428.9148421883134	0.0	0	473.47467321796285	628.9148421883365	1	0	2	1.9881276718998777
55200.0	3000.0	428.9148421883117	0.0	0	377.32971997903223	628.9148421883365	1	0	2	1.9881276718998777
56200.0	3000.0	428.91484218831374	0.0	0	519.2146845668758	628.9148421883365	1	0	2	1.9881276718998777
57200.0	3000.0	428.91484218831556	0.0	0	491.36820818424167	628.9148421883365	1	0	2	1.9881276718998777
58200.0	3000.0	428.9148421883199	0.0	0	539.5923561364907	628.9148421883365	1	0	2	1.9881276718998777
59200.0	3000.0	428.9148421883149	0.0	0	551.2884285714026	628.9148421883365	1	0	2	1.9881276718998777
60200.0	3000.0	428.9148421883099	0.0	0	396.9815148924172	628.9148421883292	1	0	2	1.9881276718998815
61200.0	3000.0	428.9148421883075	0.0	0	538.671277633206	628.9148421883292	1	0	2	1.9881276718998815
62200.0	3000.0	428.91484218830976	0.0	0	515.3166327392319	628.9148421883292	1	0	2	1.9881276718998815
63209.94972744418	3000.0	430.7407071693212	11.775592425188222	0	0.0	640.6904346135198	1	0	2	1.9115863211361568
64200.0	3000.0	440.69043461350566	0.0	0	345.9126732314762	640.6904346135198	1	0	2	1.982239875687286
65200.0	3000.0	340.69043461350225	0.0	0	479.764997713246	540.6904346135125	1	0	3	1.6128387257001715
66200.0	3000.0	340.6904346134873	0.0	0	437.3032460634713	540.6904346134979	1	0	2	1.8322398756872942
67200.0	3000.0	340.69043461348394	0.0	0	481.7781879995018	540.6904346135125	1	0	2	2.03223987568729
68200.0	3000.0	340.6904346134708	0.0	0	492.08841474294604	540.6904346134979	1	0	2	2.0322398756872975
69200.0	3000.0	340.6904346134645	0.0	0	444.47021339210914	540.6904346134979	1	0	2	2.0322398756872975
70200.0	3000.0	340.6904346134579	0.0	0	308.66297209817276	540.6904346134979	1	0	2	2.0322398756872975
71200.0	3000.0	344.11905704133596	3.4286224278657187	0	319.78058726506424	544.1190570413892	1	0	2	2.00995382990616
72200.0	6000.0	399.1689547415936	55.04989770025543	0	155.03289602820587	599.1689547416463	1	0	2	1.67270122942169
73230.44261054421	6000.0	446.35594741443083	77.62960321703093	0	0.0	676.7985579586675	1	0	2	2.1915553752724715
74200.0	6000.0	500.1579847564517	23.359426797799586	0	20.098304287152132	700.1579847564572	1	0	2	2.5054967203889644
75200.0	6000.0	500.1579847564585	0.0	0	190.94073721241148	700.1579847564717	1	0	2	2.645653281175755
76272.53677226865	6000.0	427.62121248781546	0.0	0	0.0	700.1579847564717	1	0	2	2.645653281175755
77200.0	6000.0	551.5632443395139	51.40525958304755	0	13.385821413670783	751.5632443395152	1	0	2	2.3115190938859476
78200.0	6000.0	551.5632443394948	0.0	0	228.32936555187916	751.5632443395152	1	0	2	2.619950651384233
79200.0	3000.0	551.563244339486	0.0	0	473.29863148220466	751.5632443395152	1	0	2	1.2336562902643435
80200.0	3000.0	551.5632443394816	0.0	0	570.0880700781272	751.5632443395152	1	0	2	1.9268034708242885
81200.0	3000.0	551.5632443394736	0.0	0	488.98791182886634	751.5632443395007	1	0	2	1.9268034708242956
82200.0	3000.0	551.5632443394727	0.0	0	467.19100132011226	751.5632443395007	1	0	2	1.9268034708242956
83200.0	3000.0	451.56324433946247	0.0	0	416.1009895703173	651.5632443394861	1	0	3	1.5573140542116937
84200.0	3000.0	451.5632443394534	0.0	0	374.6516690381686	651.5632443394861	1	0	2	1.776803470824303
85200.0	3000.0	451.56324433946634	0.0	0	409.48045499449654	651.5632443394861	1	0	2	1.9768034708243032
86200.0	3000.0	451.56324433945383	0.0	0	513.3824250580801	651.5632443394861	1	0	2	1.9768034708243032
87200.0	3000.0	451.5632443394568	0.0	0	558.2514291376428	651.5632443394861	1	0	2	1.9768034708243032
88200.0	3000.0	451.56324433946793	0.0	0	504.690944843489	651.5632443395007	1	0	2	1.9768034708242956
89200.0	3000.0	451.56324433945883	0.0	0	613.2677010941698	651.5632443395007	1	0	2	1.9768034708242956
90200.0	3000.0	451.56324433943746	0.0	0	518.9526624059945	651.5632443395007	1	0	2	1.9768034708242956
91200.0	3000.0	451.56324433943996	0.0	0	638.3803737533162	651.5632443395007	1	0	2	1.9768034708242956
92200.0	3000.0	451.5632443394268	0.0	0	487.2400028795819	651.5632443395007	1	0	2	1.9768034708242956
93200.0	3000.0	451.5632443394135	0.0	0	381.3981078766665	651.5632443395007	1	0	2	1.9768034708242956
94200.0	3000.0	451.56324433941506	0.0	0	191.24705883677234	651.5632443395007	1	0	2	1.9768034708242956
95200.0	3000.0	451.5632443394077	0.0	0	352.5670288692636	651.5632443395007	1	0	2	1.9768034708242956
96200.0	3000.0	451.5632443394038	0.0	0	576.8775197470823	651.5632443394861	1	0	2	1.9768034708243032
97200.0	3000.0	451.56324433940813	0.0	0	641.5940664307855	651.5632443395007	1	0	2	1.9768034708242956
98200.0	3000.0	351.56324433941523	0.0	0	382.3559239686874	551.5632443395007	1	0	3	1.6072523892787012
99200.0	3000.0	351.56324433940375	0.0	0	421.58727606096363	551.5632443395007	1	0	2	1.8268034708242955
100200.0	3000.0	455.7519044777521	4.654066820397759	0	119.52961140336993	655.7519044778746	1	0	1	1.7633038872665066
101200.0	3000.0	455.75190447776095	0.0	0	219.54570661493926	655.7519044778892	1	0	2	1.7747091407551014
102200.0	3000.0	455.7519044777607	0.0	0	99.52992721251212	655.7519044778892	1	0	2	1.9747091407551016
103200.0	3000.0	455.75190447775844	0.0	0	272.3772965221142	655.7519044778892	1	0	2	1.9747091407551016
104200.0	3000.0	455.7519044777455	0.0	0	450.60415537080553	655.7519044778892	1	0	2	1.9747091407551016
105200.0	3000.0	455.7519044777347	0.0	0	250.23683570419962	655.7519044778892	1	0	2	1.9747091407551016
106200.0	3000.0	455.7519044777316	0.0	0	490.32514753221767	655.7519044778892	1	0	2	1.9747091407551016
107200.0	3000.0	355.7519044777452	0.0	0	392.4507132640283	555.7519044779037	1	0	3	1.6052503509420877
108200.0	3000.0	355.7519044777349	0.0	0	460.0174839825195	555.7519044779037	1	0	2	1.8247091407550942
109200.0	3000.0	355.7519044777248	0.0	0	476.6854783515446	555.7519044779037	1	0	2	2.0247091407550943
110200.0	3000.0	383.8732689579583	28.121364480238782	0	129.00244994879176	583.873268958152	1	0	2	1.8419202716335372
111200.0	3000.0	383.87326895796673	0.0	0	585.4273551634542	583.873268958152	1	0	2	2.01064845851497
112200.0	3000.0	383.87326895796565	0.0	0	222.17088103634887	583.8732689581375	1	0	2	2.0106484585149773
113200.0	3000.0	383.8732689579658	0.0	0	629.1974829168321	583.8732689581229	1	0	2	2.010648458514985
114200.0	3000.0	383.8732689579689	0.0	0	277.58697577337443	583.8732689581229	1	0	2	2.010648458514985
115200.0	3000.0	383.87326895796093	0.0	0	468.216906069807	583.8732689581229	1	0	2	2.010648458514985
116200.0	3000.0	383.87326895796514	0.0	0	384.04274840794096	583.8732689581229	1	0	2	2.010648458514985
117200.0	3000.0	383.87326895795496	0.0	0	210.84959142001753	583.8732689581229	1	0	2	2.010648458514985
118200.0	6000.0	434.9556028668718	51.08233390891621	0	134.68716452173248	634.9556028670486	1	0	2	1.6786132881070244
119200.0	6000.0	437.8679688790828	2.9123660121994703	0	54.73956802423345	637.8679688792472	1	0	2	2.65932409304117
120200.0	6000.0	437.86796887908304	0.0	0	345.5455279209564	637.8679688792472	1	0	2	2.676798289114367
121510.92600029362	6000.0	254.29896611669193	234.95417960054039	0	0.0	765.2249664104602	1	0	3	0.7963284431501922
122486.31300945599	6000.0	509.74145294243283	230.82949598811925	0	0.0	996.054462398577	1	0	2	0.9127280664259869
123601.79355058982	6000.0	454.3816430570726	156.06253214714098	0	0.0	1056.1751936470537	1	0	3	1.1198009856436795
124341.94851037046	6000.0	640.2111872983694	0.0	0	0.0	982.1596976689762	1	0	3	2.2947753721662645
125306.92889521398	6000.0	578.7327639705029	0.0	0	0.0	885.661659184625	1	0	3	2.3405289803698435
126200.0	6000.0	596.3545487058921	0.0	0	105.15651863736275	796.3545487060474	1	0	3	2.382943528384006
127232.13496630294	6000.0	461.0060857726544	0.0	0	0.0	693.141052075749	1	0	3	2.435711162136468
128200.0	6000.0	459.0370148141719	56.98406009842449	0	15.965687410498504	659.037014814312	1	0	3	2.1118182591461707
129295.62550552114	6000.0	383.4649515916889	117.83272077341127	0	0.0	679.0904571129795	1	0	3	1.7351993392386218
130635.52404414139	6000.0	232.35499489762555	293.4349416256519	0	0.0	867.8790390391805	1	0	3	0.5835451871794534
131200.0	3000.0	617.8239469246229	5.811366792248066	0	137.96498928211804	817.8239469247928	1	0	3	0.9548467790394218
132200.0	6000.0	517.8239469246403	0.0	0	62.64768449732219	717.8239469247928	1	0	3	1.728621355308935
133200.0	6000.0	417.8239469246378	0.0	0	10.342130211065523	617.8239469247928	1	0	3	2.4734342524462356
134200.0	6000.0	417.82394692465186	0.0	0	318.00596982619027	617.8239469247637	1	0	2	2.486820300091609
135200.0	6000.0	417.82394692468415	0.0	0	206.65489773632726	617.8239469247346	1	0	2	2.6868203000916235
136200.0	3000.0	417.82394692464254	0.0	0	468.8386177979701	617.8239469247346	1	0	2	1.3005259389717336
137200.0	3000.0	317.8239469246124	0.0	0	569.1001662903291	517.8239469247055	1	0	3	1.623972713434061
138207.36338811676	3000.0	423.37388907703996	112.91333026918687	0	0.0	630.7372771938972	1	0	2	1.109736472781976
139200.0	3000.0	430.7372771937978	0.0	0	510.7830072165234	630.7372771938972	1	0	2	1.9872164543970974
140200.0	3000.0	430.7372771938001	0.0	0	294.50411505808006	630.7372771939263	1	0	2	1.987216454397083
141200.0	3000.0	430.7372771937861	0.0	0	611.1901445213589	630.7372771939263	1	0	2	1.987216454397083
142200.0	3000.0	430.7372771937837	0.0	0	643.0536702671379	630.7372771939263	1	0	2	1.987216454397083
143200.0	3000.0	430.73727719379986	0.0	0	549.4570958908007	630.7372771939554	1	0	2	1.9872164543970683
144200.0	3000.0	430.7372771937953	0.0	0	199.69341885318863	630.7372771939554	1	0	2	1.9872164543970683
145200.0	3000.0	330.73727719379565	0.0	0	393.78330603436916	530.7372771939845	1	0	3	1.6182673514556303
146200.0	3000.0	330.7372771937794	0.0	0	372.471782327455	530.7372771939845	1	0	2	1.8372164543970537
147200.0	3000.0	330.7372771937957	0.0	0	471.3406379277585	530.7372771939845	1	0	2	2.037216454397054
148200.0	3000.0	330.7372771938043	0.0	0	331.08278351734043	530.7372771939845	1	0	2	2.037216454397054
149220.36583001688	3000.0	442.8075708031764	132.43612362628915	0	0.0	663.173400820262	1	0	2	1.1763816508261802
150200.0	3000.0	365.2099838217101	0.0	0	230.1256295137864	565.2099838219292	1	0	3	1.603133140926868
151200.0	6000.0	442.6578439804408	77.44786015872654	0	101.83812503243098	642.6578439806763	1	0	2	1.3165690100513485
152200.0	6000.0	442.65784398045423	0.0	0	459.1194586387428	642.6578439806763	1	0	2	2.6744033515636527
153200.0	6000.0	342.6578439804729	0.0	0	163.03127216701978	542.6578439807054	1	0	3	2.3075248077093717
154200.0	3000.0	342.65784398046173	0.0	0	617.7564483886235	542.6578439807054	1	0	2	1.1381089904437482
155200.0	3000.0	242.6578439804279	0.0	0	592.5845273515442	442.65784398067626	1	0	3	1.6612738754097331
156200.0	3000.0	242.65784398043684	0.0	0	597.1985204597586	442.65784398067626	1	0	2	1.881256171003708
157200.0	3000.0	277.17345831246996	34.515614332070115	0	466.5575971317885	477.1734583127254	1	0	2	1.8569046778452627
158200.0	3000.0	357.3683546008927	80.19489628842038	0	114.73039221993531	557.3683546011453	1	0	2	1.542731537962951
159200.0	3000.0	357.3683546008903	0.0	0	518.4192878108879	557.3683546011744	1	0	2	2.023900915693459
160200.0	3000.0	357.36835460091015	0.0	0	301.15960684700985	557.3683546011744	1	0	2	2.023900915693459
161200.0	3000.0	340.3112334830137	75.40261716556893	0	117.54697362845764	540.3112334832549	1	0	3	1.16357921113852
162200.0	3000.0	340.311233483033	0.0	0	406.17997152451426	540.3112334832549	1	0	2	1.8324294762524185
163200.0	3000.0	340.3112334829999	0.0	0	522.8817832831119	540.3112334832549	1	0	2	2.0324294762524184
164200.0	3000.0	246.49601799736888	5.622531376742302	0	327.2001132754085	446.49601799761876	1	0	3	1.6267753199950397
165200.0	3000.0	275.377501734154	28.881483736815298	0	453.2848344137892	475.3775017344451	1	0	2	1.6916074397059315
166200.0	3000.0	275.3775017341433	0.0	0	525.2799804200768	475.3775017344451	1	0	2	2.0648963421268234
167200.0	3000.0	356.0059723407735	80.62847060660565	0	297.0072173376975	556.0059723410814	1	0	2	1.5408112831838716
168200.0	3000.0	356.0059723407632	0.0	0	458.1619936104689	556.0059723410814	1	0	2	2.0245821068235053
169200.0	3000.0	356.00597234075144	0.0	0	602.3159346932953	556.0059723410814	1	0	2	2.0245821068235053
170200.0	3000.0	356.0059723407164	0.0	0	649.8260125221277	556.0059723410523	1	0	2	2.02458210682352
171200.0	3000.0	356.00597234073575	0.0	0	611.473709582031	556.0059723410814	1	0	2	2.0245821068235053
172200.0	3000.0	356.0059723406937	0.0	0	341.69710559386294	556.0059723410814	1	0	2	2.0245821068235053
173200.0	3000.0	256.0059723406735	0.0	0	400.26614980754675	456.00597234105226	1	0	3	1.6554561811554263
174200.0	3000.0	334.8866522010196	78.88067986033468	0	302.85539208949194	534.8866522013559	1	0	2	1.36185768773136
175200.0	3000.0	334.88665220102024	0.0	0	470.2594044317084	534.886652201385	1	0	2	2.0351417668933536
176200.0	3000.0	334.8866522010471	0.0	0	417.72241625378956	534.8866522014141	1	0	2	2.0351417668933394
177200.0	3000.0	334.8866522010296	0.0	0	469.69289374374785	534.886652201385	1	0	2	2.0351417668933536
178200.0	3000.0	334.8866522010103	0.0	0	360.69155021297047	534.886652201385	1	0	2	2.0351417668933536
179200.0	3000.0	426.7541398814019	91.86748768039678	0	165.98402825725498	626.7541398817557	1	0	2	1.4380030969707875
180200.0	3000.0	426.75413988142384	0.0	0	229.5419100340223	626.7541398817557	1	0	2	1.9892080230531684
181200.0	3000.0	426.75413988141554	0.0	0	500.50446906188154	626.7541398817557	1	0	2	1.9892080230531684
182200.0	3000.0	426.75413988142793	0.0	0	358.760002843861	626.7541398817848	1	0	2	1.9892080230531537
183200.0	3000.0	426.75413988144237	0.0	0	531.5378935447079	626.7541398817848	1	0	2	1.9892080230531537
184200.0	3000.0	426.75413988144953	0.0	0	553.7920440728194	626.7541398817848	1	0	2	1.9892080230531537
185200.0	3000.0	426.7541398814749	0.0	0	483.0093955981429	626.7541398818139	1	0	2	1.9892080230531393
186200.0	3000.0	426.7541398814783	0.0	0	479.53840435814345	626.7541398818139	1	0	2	1.9892080230531393
187200.0	3000.0	426.75413988147193	0.0	0	457.8676352990733	626.7541398818139	1	0	2	1.9892080230531393
188200.0	3000.0	426.75413988145306	0.0	0	564.9355098122905	626.7541398818139	1	0	2	1.9892080230531393
189200.0	3000.0	426.75413988144237	0.0	0	376.45800761313876	626.7541398818139	1	0	2	1.9892080230531393
190200.0	3000.0	426.7541398814694	0.0	0	405.65367430241895	626.7541398818139	1	0	2	1.9892080230531393
191200.0	3000.0	326.7541398814618	0.0	0	617.8094099122391	526.7541398817848	1	0	3	1.6193653560197523
192200.0	3000.0	326.7541398814487	0.0	0	383.43923612704384	526.7541398817848	1	0	2	1.8392080230531536
193200.0	3000.0	326.7541398814239	0.0	0	616.8918640199408	526.7541398817848	1	0	2	2.0392080230531535
194200.0	3000.0	326.75413988141423	0.0	0	336.5187999358168	526.7541398817848	1	0	2	2.0392080230531535
195200.0	3000.0	347.5894547845167	20.835314903085276	0	357.8380625361169	547.5894547848729	1	0	2	1.9037784761830978
196200.0	3000.0	402.6863564588149	55.09690167429861	0	120.05557306701667	602.6863564591622	1	0	2	1.6706605047186733
197200.0	3000.0	402.6863564587852	0.0	0	426.24601720113424	602.6863564591622	1	0	2	2.001241914764465
198200.0	3000.0	402.68635645876566	0.0	0	589.5798050540325	602.6863564591622	1	0	2	2.001241914764465
199200.0	3000.0	402.6863564587719	0.0	0	476.8167861907277	602.6863564591622	1	0	2	2.001241914764465
200200.0	3000.0	402.6863564587889	0.0	0	275.56300942681264	602.6863564591331	1	0	2	2.0012419147644795
201200.0	3000.0	402.6863564587711	0.0	0	372.93437099296716	602.686356459104	1	0	2	2.001241914764494
202200.0	3000.0	302.68635645873235	0.0	0	487.82918471476296	502.686356459104	1	0	3	1.6321960325868352
203200.0	3000.0	302.68635645873877	0.0	0	378.37113042970304	502.686356459104	1	0	2	1.851241914764494
204200.0	3000.0	302.6863564587148	0.0	0	368.27319936908316	502.6863564591331	1	0	2	2.0512419147644794
205200.0	3000.0	302.68635645872973	0.0	0	633.097699506965	502.6863564591331	1	0	2	2.0512419147644794
206200.0	3000.0	302.686356458721	0.0	0	476.21056897120434	502.6863564591622	1	0	2	2.051241914764465
207200.0	3000.0	302.686356458726	0.0	0	422.02940770075656	502.6863564591331	1	0	2	2.0512419147644794
208200.0	3000.0	380.2054138166343	77.51905735790953	0	253.03260604699608	580.2054138170788	1	0	2	1.5473680419380496
209200.0	3000.0	380.2054138166248	0.0	0	407.67351458393387	580.2054138170788	1	0	2	2.012482386085507
210200.0	3000.0	380.2054138165946	0.0	0	503.4659909606562	580.2054138170788	1	0	2	2.012482386085507
211200.0	3000.0	380.20541381660155	0.0	0	475.14710818155436	580.2054138170497	1	0	2	2.012482386085521
212200.0	3000.0	380.20541381661036	0.0	0	151.87301225296687	580.2054138170497	1	0	2	2.012482386085521
213200.0	3000.0	380.2054138166018	0.0	0	471.5117285279266	580.2054138170788	1	0	2	2.012482386085507
214200.0	3000.0	380.20541381661917	0.0	0	251.1412067793426	580.2054138170788	1	0	2	2.012482386085507
215200.0	3000.0	380.2054138166287	0.0	0	484.8824102242361	580.2054138170788	1	0	2	2.012482386085507
216200.0	3000.0	380.20541381659825	0.0	0	449.0746120936237	580.2054138170788	1	0	2	2.012482386085507
217200.0	3000.0	380.2054138165996	0.0	0	518.2532326164073	580.2054138170788	1	0	2	2.012482386085507
218200.0	3000.0	380.20541381659257	0.0	0	480.95198121573776	580.2054138170788	1	0	2	2.012482386085507
219200.0	3000.0	280.2054138165795	0.0	0	360.786391738744	480.2054138170206	1	0	3	1.6434514919986267
220200.0	3000.0	220.85295651076396	36.95231154017287	0	402.6948221436178	420.8529565112258	1	0	3	1.6513615905565986
221200.0	3000.0	220.85295651078633	0.0	0	635.998960803001	420.8529565111967	1	0	2	1.8921586147384475
222200.0	6000.0	356.3125993369482	135.45964282616956	0	212.6803480325907	556.3125993373396	1	0	2	1.2116709363683587
223200.0	6000.0	449.0485075595991	92.73590822261946	0	141.22044072847348	649.0485075599863	1	0	2	2.1147925704382815
224200.0	6000.0	449.0485075595851	0.0	0	379.3665158407821	649.0485075599572	1	0	2	2.6712080197740122
225200.0	6000.0	463.5862803726179	14.537772813007393	0	4.859723871428287	663.5862803729833	1	0	2	2.576712496489455
226200.0	6000.0	463.58628037259916	0.0	0	130.33808048756327	663.5862803730124	1	0	2	2.663939133367485
227200.0	6000.0	463.58628037264145	0.0	0	118.4102144362696	663.5862803730124	1	0	2	2.663939133367485
228359.2807146873	6000.0	401.1322780780905	96.82671239275413	0	0.0	760.4129927657486	1	0	2	2.034565502814592
229200.0	3000.0	560.4129927653971	0.0	0	524.138276736805	760.4129927657486	1	0	2	1.2292314160512268
230200.0	3000.0	560.4129927653842	0.0	0	619.9253258205426	760.4129927657777	1	0	2	1.9223785966111573
231200.0	3000.0	460.4129927653298	0.0	0	414.73246036679484	660.4129927657486	1	0	3	1.5531724445765478
232200.0	3000.0	460.41299276530765	0.0	0	83.14349338889588	660.4129927657777	1	0	2	1.7723785966111572
233200.0	3000.0	460.41299276532504	0.0	0	423.82900874654297	660.4129927657777	1	0	2	1.9723785966111573
234200.0	3000.0	460.4129927653278	0.0	0	464.74956732045393	660.4129927657777	1	0	2	1.9723785966111573
235200.0	3000.0	460.41299276534505	0.0	0	226.4266013315937	660.4129927658068	1	0	2	1.9723785966111427
236200.0	3000.0	460.4129927653686	0.0	0	401.03082003534655	660.4129927658068	1	0	2	1.9723785966111427
237200.0	3000.0	460.41299276535983	0.0	0	522.0115786185779	660.4129927657777	1	0	2	1.9723785966111573
238200.0	3000.0	460.4129927653844	0.0	0	460.9449666017026	660.4129927657777	1	0	2	1.9723785966111573
239200.0	3000.0	460.41299276534517	0.0	0	631.4952491545118	660.4129927657486	1	0	2	1.9723785966111718
240200.0	3000.0	460.4129927653455	0.0	0	410.0215357791167	660.4129927657486	1	0	2	1.9723785966111718
241200.0	3000.0	460.4129927653614	0.0	0	380.150527757738	660.4129927657195	1	0	2	1.9723785966111862
242200.0	3000.0	460.41299276537256	0.0	0	135.00731304413057	660.4129927657195	1	0	2	1.9723785966111862
243200.0	3000.0	460.41299276532595	0.0	0	219.96334571152693	660.4129927656904	1	0	2	1.9723785966112009
244200.0	3000.0	460.4129927653572	0.0	0	552.9370281313895	660.4129927656904	1	0	2	1.9723785966112009
245200.0	3000.0	460.4129927653363	0.0	0	489.0689218281186	660.4129927656904	1	0	2	1.9723785966112009
246200.0	3000.0	360.41299276536597	0.0	0	534.5665210005245	560.4129927657486	1	0	3	1.6026962520492427
247200.0	3000.0	360.4129927653641	0.0	0	175.08385940425796	560.4129927657486	1	0	2	1.8223785966111716
248200.0	3000.0	408.37572317790443	47.96273041254159	0	172.40282322460553	608.3757231782947	1	0	2	1.7106208489296493
249200.0	3000.0	408.3757231778851	0.0	0	101.84810292933253	608.3757231782947	1	0	2	1.9983972314048986
250200.0	3000.0	408.375723177914	0.0	0	398.19718423546874	608.3757231782947	1	0	2	1.9983972314048986
251200.0	3000.0	408.3757231778968	0.0	0	306.6426803942013	608.3757231782656	1	0	2	1.9983972314049134
252200.0	3000.0	408.3757231778976	0.0	0	383.3088743419794	608.3757231782656	1	0	2	1.9983972314049134
253200.0	3000.0	408.3757231778477	0.0	0	437.20104500086745	608.3757231782365	1	0	2	1.9983972314049279
254200.0	3000.0	416.8972221318593	98.6559081400327	0	29.886362677061697	616.8972221322474	1	0	3	0.9883990620391114
255200.0	3000.0	416.8972221318545	0.0	0	420.9329065484344	616.8972221322474	1	0	2	1.794136481927922
256200.0	3000.0	416.8972221318734	0.0	0	622.4616204081685	616.8972221322183	1	0	2	1.994136481927937
257200.0	3000.0	416.8972221318975	0.0	0	581.6614129196096	616.8972221322183	1	0	2	1.994136481927937
258200.0	3000.0	416.89722213187633	0.0	0	413.78659967472777	616.8972221322183	1	0	2	1.994136481927937
259200.0	3000.0	416.8972221319026	0.0	0	188.7139951934805	616.8972221321892	1	0	2	1.9941364819279515
260200.0	3000.0	416.8972221319101	0.0	0	477.3715614351677	616.8972221321892	1	0	2	1.9941364819279515
261200.0	3000.0	316.8972221319253	0.0	0	246.6560084426601	516.8972221322183	1	0	3	1.6250461468866055
262200.0	3000.0	316.8972221319139	0.0	0	470.56959853033186	516.8972221321892	1	0	2	1.8441364819279513
263200.0	3000.0	316.89722213191817	0.0	0	294.59020249469904	516.8972221321892	1	0	2	2.0441364819279513
264200.0	3000.0	316.89722213190083	0.0	0	431.10617533291224	516.8972221321892	1	0	2	2.0441364819279513
265200.0	3000.0	316.89722213200645	0.0	0	356.6469919627998	516.8972221321892	1	0	2	2.0441364819279513
266200.0	3000.0	347.08738897801265	30.19016684598398	0	221.9967362638563	547.0873889781069	1	0	2	1.8479003974290888
267200.0	6000.0	448.25509877327556	101.1677097952068	0	135.563746665488	648.2550987733412	1	0	2	1.3714512848361344
268200.0	6000.0	484.67568294797024	36.420584174666715	0	55.38591954886215	684.6756829479709	1	0	2	2.434870927032005
269200.0	6000.0	484.6756829480005	0.0	0	396.06673198682256	684.6756829479709	1	0	2	2.6533944320800056
270200.0	6000.0	484.67568294802777	0.0	0	2.327863587299362	684.6756829479709	1	0	2	2.6533944320800056
271402.03960569116	6000.0	419.78195914128816	137.14588188443474	0	0.0	821.8215648324112	1	0	2	1.761946199831177
272407.91723758867	6000.0	482.3735298640849	68.46920262027919	0	0.0	890.2907674526796	1	0	2	2.139771674105976
273200.0	6000.0	611.08249121165	0.0	0	117.91247694101185	811.082491211535	1	0	3	2.176725400921124
274319.9377039005	6000.0	379.1510169211147	0.0	0	0.0	699.0887208214845	1	0	3	2.4308288193180028
275200.0	6000.0	499.08872082159803	0.0	0	155.9674069681787	699.0887208214845	1	0	2	2.4461879131432482
276200.0	6000.0	499.0887208216144	0.0	0	303.5684651535121	699.0887208215427	1	0	2	2.64618791314322
277455.74799860665	6000.0	365.39429488281473	122.05357266782681	0	0.0	821.1422934893635	1	0	2	1.8528396908023714
278200.0	3000.0	546.7170933501137	0.0	0	380.77312988537597	746.7170933500747	1	0	3	0.8195334632376092
279283.92489526863	6000.0	354.39970855457864	0.0	0	0.0	638.3246038232464	1	0	3	1.7686879161221722
280272.78947003017	6000.0	497.5061429727493	131.97100917970448	0	0.0	770.2956130029052	1	0	2	1.6187584119743117
281200.0	6000.0	570.2956130028944	0.0	0	189.40939257008722	770.2956130029052	1	0	2	2.6105844670525387
282200.0	3000.0	570.2956130028577	0.0	0	636.7189351546695	770.2956130029052	1	0	2	1.2242901059326485
283200.0	3000.0	570.2956130028606	0.0	0	534.5023422013619	770.2956130029634	1	0	2	1.9174372864925644
284200.0	3000.0	570.2956130029404	0.0	0	517.531001817144	770.2956130029634	1	0	2	1.9174372864925644
285200.0	3000.0	470.2956130029007	0.0	0	409.8615225085523	670.2956130029634	1	0	3	1.5482936443489264
286200.0	3000.0	470.2956130029347	0.0	0	499.96805241616676	670.2956130030216	1	0	2	1.7674372864925352
287200.0	3000.0	370.29561300296484	0.0	0	289.2756983222207	570.2956130030216	1	0	3	1.598214565329846
288200.0	3000.0	370.2956130029854	0.0	0	522.5527494809357	570.2956130030216	1	0	2	1.817437286492535
289200.0	3000.0	370.2956130029163	0.0	0	373.28965652291663	570.2956130030216	1	0	2	2.017437286492535
290200.0	3000.0	370.2956130028722	0.0	0	585.7605089905555	570.2956130030798	1	0	2	2.0174372864925063
291200.0	3000.0	370.2956130028788	0.0	0	583.9864133521914	570.2956130030216	1	0	2	2.017437286492535
292200.0	3000.0	370.2956130029068	0.0	0	502.2924238398555	570.2956130030216	1	0	2	2.017437286492535
293200.0	3000.0	370.29561300296274	0.0	0	471.2456263122731	570.2956130030216	1	0	2	2.017437286492535
294200.0	3000.0	370.2956130030284	0.0	0	558.9725886784145	570.2956130030216	1	0	2	2.017437286492535
295200.0	3000.0	370.2956130030718	0.0	0	396.4381993227289	570.2956130030798	1	0	2	2.0174372864925063
296200.0	3000.0	370.2956130029992	0.0	0	331.99488935183035	570.2956130030216	1	0	2	2.017437286492535
297200.0	3000.0	370.2956130029738	0.0	0	393.7970576361986	570.2956130029634	1	0	2	2.0174372864925645
298200.0	3000.0	435.44012558737285	65.14451258433678	0	51.59911124891369	635.4401255873381	1	0	2	1.5939979546943563
299200.0	3000.0	435.44012558733834	0.0	0	269.1178923409316	635.4401255873381	1	0	2	1.984865030200377
300200.0	6000.0	435.44012558737836	0.0	0	221.46261460217647	635.4401255873381	1	0	2	1.9848650302003772
7.32	8.87	5.62	6.83	4.34	6.32	5.76	3.95	7.04	5.94	4.98	5.55	4.47	5.53	5.19	7.48	7.04	6.3	5.54	4.87	5.98	4.97	4.84	7.65	3.73	4.66	5.55	5.77	6.2	7.69	5.72	6.87	4.03	4.74	5.9	5.51	6.39	8.02	5.99	8.53	3.28	4.99	4.0	7.55	6.6	4.58	3.85	5.0	7.22	4.24	4.83	7.67	6.61	5.46	5.32	5.2	5.85	6.95	3.32	5.31	4.75	6.82	7.02	6.22	6.15	5.4	6.19	7.1	6.31	6.49	9.15	5.97	7.91	8.72	6.57	9.3	5.78	7.23	4.12	6.5	5.02	5.24	6.58	8.83	7.46	7.43	6.53	4.26	3.98	5.47	6.16	6.89	7.34	3.39	5.05	4.07	5.19	4.08	5.17	4.39	3.7	8.2	6.05	5.95	6.57	4.31	8.44	4.31	7.89	4.71	6.63	5.36	4.98	7.27	6.7	8.42	4.88	6.96	5.73	8.63	5.85	8.39	6.55	6.63	7.42	6.01	5.72	8.73	6.21	7.8	7.33	6.61	6.31	3.41	6.41	5.64	7.29	7.29	6.28	4.0	5.87	5.03	6.37	5.47	3.23	5.53	7.67	9.52	6.37	4.43	7.32	8.87	5.62	6.83	4.34	6.32	5.76	3.95	7.04	5.94	4.98	5.55	4.47	5.53	5.19	7.48	7.04	6.3	5.54	4.87	5.98	4.97	4.84	7.65	3.73	4.66	5.55	5.77	6.2	7.69	5.72	6.87	4.03	4.74	5.9	5.51	6.39	8.02	5.99	8.53	3.28	4.99	4.0	7.55	6.6	4.58	3.85	5.0	7.22	4.24	4.83	7.67	6.61	5.46	5.32	5.2	5.85	6.95	3.32	5.31	4.75	6.82	7.02	6.22	6.15	5.4	6.19	7.1	6.31	6.49	9.15	5.97	7.91	8.72	6.57	9.3	5.78	7.23	4.12	6.5	5.02	5.24	6.58	8.83	7.46	7.43	6.53	4.26	3.98	5.47	6.16	6.89	7.34	3.39	5.05	4.07	5.19	4.08	5.17	4.39	3.7	8.2	6.05	5.95	6.57	4.31	8.44	4.31	7.89	4.71	6.63	5.36	4.98	7.27	6.7	8.42	4.88	6.96	5.73	8.63	5.85	8.39	6.55	6.63	7.42	6.01	5.72	8.73	6.21	7.8	7.33	6.61	6.31	3.41	6.41	5.64	7.29	7.29	6.28	4.0	5.87	5.03	6.37	5.47	3.23	5.53	7.67	9.52
1.0	2.0	3.0	4.0	5.0	6.0	7.0	8.0	9.0	10.0	11.0	12.0	13.0	14.0	15.0	16.0	17.0	18.0	19.0	20.0	21.0	22.0	23.0	24.0	25.0	26.0	27.0	28.0	29.0	30.0	31.0	32.0	33.0	34.0	35.0	36.0	37.0	38.0	39.0	40.0	41.0	42.0	43.0	44.0	45.0	46.0	47.0	48.0	49.0	50.0	51.0	52.0	53.0	54.0	55.0	56.0	57.0	58.0	59.0	60.0	61.0	62.0	63.0	64.0	65.0	66.0	67.0	68.0	69.0	70.0	71.0	72.0	73.0	74.0	75.0	76.0	77.0	78.0	79.0	80.0	81.0	82.0	83.0	84.0	85.0	86.0	87.0	88.0	89.0	90.0	91.0	92.0	93.0	94.0	95.0	96.0	97.0	98.0	99.0	100.0	101.0	102.0	103.0	104.0	105.0	106.0	107.0	108.0	109.0	110.0	111.0	112.0	113.0	114.0	115.0	116.0	117.0	118.0	119.0	120.0	121.0	122.0	123.0	124.0	125.0	126.0	127.0	128.0	129.0	130.0	131.0	132.0	133.0	134.0	135.0	136.0	137.0	138.0	139.0	140.0	141.0	142.0	143.0	144.0	145.0	146.0	147.0	148.0	149.0	149.0	150.0	151.0	152.0	153.0	154.0	155.0	156.0	157.0	158.0	159.0	160.0	161.0	162.0	163.0	164.0	165.0	166.0	167.0	168.0	169.0	170.0	171.0	172.0	173.0	174.0	175.0	176.0	177.0	178.0	179.0	180.0	181.0	182.0	183.0	184.0	185.0	186.0	187.0	188.0	189.0	190.0	191.0	192.0	193.0	194.0	195.0	196.0	197.0	198.0	199.0	200.0	201.0	202.0	203.0	204.0	205.0	206.0	207.0	208.0	209.0	210.0	211.0	212.0	213.0	214.0	215.0	216.0	217.0	218.0	219.0	220.0	221.0	222.0	223.0	224.0	225.0	226.0	227.0	228.0	229.0	230.0	231.0	232.0	233.0	234.0	235.0	236.0	237.0	238.0	239.0	240.0	241.0	242.0	243.0	244.0	245.0	246.0	247.0	248.0	249.0	250.0	251.0	252.0	253.0	254.0	255.0	256.0	257.0	258.0	259.0	260.0	261.0	262.0	263.0	264.0	265.0	266.0	267.0	268.0	269.0	270.0	271.0	272.0	273.0	274.0	275.0	276.0	277.0	278.0	279.0	280.0	281.0	282.0	283.0	284.0	285.0	286.0	287.0	288.0	289.0	290.0	291.0	292.0	293.0	294.0	295.0	296.0	297.0
4356.345191159009
