4620.822725572927	300.0	2000.0	86.16488057875165	0	0.0	4620.822725572927	1	0	1	-3.0199782700892803
5088.375087457545	3000.0	2415.5595476442277	0.0	0	0.0	4503.934635101773	1	0	4	-3.4655839272796816
5944.460185219876	6000.0	2345.4531754413165	0.0	0	0.0	4289.913360661192	1	0	4	-0.36727342472558455
6442.061908571351	6000.0	2723.4510212519735	0.0	0	0.0	4165.512929823324	1	0	4	0.3962920808686493
7106.468369763602	6000.0	2892.9429447616594	0.0	0	0.0	3999.411314525261	1	0	4	0.47504748588034484
7723.948498300041	6000.0	3121.0927840911104	0.0	0	0.0	3845.0412823911506	1	0	4	0.5552915849506793
8443.106859979618	6000.0	3222.1448319916403	0.0	0	0.0	3665.251691971258	1	0	4	0.639340074466712
9200.0	6000.0	3276.028406966161	0.0	0	77.58505591354333	3476.02840696616	1	0	4	0.7289913421187458
10200.0	6000.0	3026.0284069661616	0.0	0	112.11140105557934	3226.028406966161	1	0	4	0.840929886879793
11200.0	6000.0	2776.02840696616	0.0	0	285.23301648593406	2976.0284069661593	1	0	4	0.9627483576428262
12200.0	6000.0	2526.028406966162	0.0	0	380.58607115272935	2726.0284069661648	1	0	4	1.086736364199296
13200.0	6000.0	2276.0284069661643	0.0	0	449.5735338431641	2476.0284069661648	1	0	4	1.2106692821920255
14200.0	6000.0	2026.0284069661643	0.0	0	455.9088283317524	2226.0284069661648	1	0	4	1.3327180700709083
15250.317587046735	6000.0	1713.1314231577462	0.0	0	0.0	1963.449010204482	1	0	4	1.4770687980106247
16200.0	6000.0	1668.4807689091535	0.0	0	17.286242776812287	1868.4807689091558	1	0	3	1.5499925005673238
17200.0	6000.0	1568.480768909153	0.0	0	90.49876627514823	1768.4807689091576	1	0	3	1.8962805507812988
18200.0	6000.0	1468.4807689091547	0.0	0	169.032128547904	1668.4807689091613	1	0	3	1.9457149162240543
19200.0	6000.0	1368.4807689091567	0.0	0	512.0673820274533	1568.4807689091613	1	0	3	1.99203105353849
20200.0	6000.0	1268.480768909155	0.0	0	358.31677295265035	1468.4807689091613	1	0	3	2.0429117280900617
21200.0	6000.0	1168.480768909159	0.0	0	536.7078157299111	1368.4807689091613	1	0	3	2.0917108668276745
22200.0	6000.0	1068.4807689091663	0.0	0	94.29106071394926	1268.4807689091722	1	0	3	2.1446585663500746
23200.0	6000.0	968.4807689091658	0.0	0	348.85497764463435	1168.4807689091722	1	0	3	2.19288295579591
24200.0	6000.0	868.4807689091648	0.0	0	200.55639925922515	1068.480768909165	1	0	3	2.2444776118916394
25200.0	6000.0	768.4807689091645	0.0	0	293.250820479112	968.4807689091685	1	0	3	2.292739360331193
26402.923607169952	6000.0	445.2648010222157	0.0	0	0.0	848.188408192178	1	0	3	2.355129118873406
27208.118976081798	6000.0	561.8666590653172	2.1061489510249203	0	0.0	769.9856351471208	1	0	3	2.3880687833635483
28200.0	6000.0	470.7975327553006	0.0	0	383.144025645739	670.7975327553104	1	0	3	2.4414647119897595
29200.0	6000.0	470.7975327553004	0.0	0	274.0273307366515	670.7975327553104	1	0	2	2.4603335071763355
30200.0	6000.0	470.79753275530004	0.0	0	416.16100915306015	670.7975327553104	1	0	2	2.6603335071763357
31200.0	6000.0	470.79753275530015	0.0	0	448.26410315199973	670.7975327553104	1	0	2	2.6603335071763357
32200.0	6000.0	470.79753275530334	0.0	0	406.9270062038013	670.7975327553104	1	0	2	2.6603335071763357
33200.0	6000.0	470.7975327553071	0.0	0	354.14265667711516	670.7975327553177	1	0	2	2.6603335071763334
34200.0	6000.0	470.7975327553106	0.0	0	397.23101224212587	670.7975327553213	1	0	2	2.66033350717633
35200.0	6000.0	470.7975327553153	0.0	0	249.1257111034065	670.797532755314	1	0	2	2.660333507176334
36200.0	6000.0	470.7975327553231	0.0	0	425.51192085548246	670.797532755314	1	0	2	2.660333507176334
37200.0	6000.0	470.79753275532516	0.0	0	231.6233986336374	670.797532755314	1	0	2	2.660333507176334
38200.0	6000.0	470.79753275532676	0.0	0	250.13214194575266	670.797532755314	1	0	2	2.660333507176334
39200.0	6000.0	470.7975327553254	0.0	0	140.3298099041058	670.797532755314	1	0	2	2.660333507176334
40200.0	3000.0	470.7975327553262	0.0	0	649.78264258743	670.797532755314	1	0	2	1.2740391460564442
41200.0	3000.0	370.7975327553248	0.0	0	573.2089085037805	570.797532755314	1	0	3	1.5971863266163866
42200.0	3000.0	370.7975327553254	0.0	0	417.1136946645347	570.797532755314	1	0	2	1.817186326616389
43200.0	6000.0	370.79753275533017	0.0	0	431.22720679270424	570.797532755314	1	0	2	2.017186326616389
44200.0	6000.0	400.650661944322	29.85312918899558	0	194.55690802554454	600.6506619443098	1	0	2	2.5162881674478625
45200.0	6000.0	400.65066194432814	0.0	0	249.50090566126892	600.6506619443171	1	0	2	2.6954069425818323
46200.0	6000.0	400.6506619443368	0.0	0	465.5864848869678	600.6506619443171	1	0	2	2.6954069425818323
47200.0	6000.0	400.6506619443303	0.0	0	299.0640411529166	600.6506619443171	1	0	2	2.6954069425818323
48200.0	6000.0	400.6506619443254	0.0	0	342.22685904755053	600.6506619443171	1	0	2	2.6954069425818323
49200.0	6000.0	400.6506619443212	0.0	0	370.7626226792636	600.6506619443171	1	0	2	2.6954069425818323
50200.83664964888	6000.0	469.92025850230186	70.10624620685866	0	0.0	670.7569081511756	1	0	2	2.239716342237251
51200.0	6000.0	470.75690815117764	0.0	0	98.25884489646705	670.7569081511683	1	0	2	2.660353819478407
52200.0	6000.0	470.7569081511881	0.0	0	337.672006243105	670.7569081511683	1	0	2	2.660353819478407
53200.0	6000.0	470.756908151184	0.0	0	521.2241780946933	670.7569081511683	1	0	2	2.660353819478407
54200.0	6000.0	470.75690815118855	0.0	0	244.32863503600674	670.7569081511683	1	0	2	2.660353819478407
55200.0	6000.0	470.75690815120277	0.0	0	317.1783916592176	670.7569081511756	1	0	2	2.660353819478403
56200.0	6000.0	470.7569081511972	0.0	0	353.7787916623565	670.7569081511756	1	0	2	2.660353819478403
57200.0	6000.0	470.75690815119435	0.0	0	432.35065799463337	670.7569081511756	1	0	2	2.660353819478403
58200.0	6000.0	470.7569081511941	0.0	0	484.24323447226925	670.7569081511756	1	0	2	2.660353819478403
59200.0	6000.0	483.58993797941844	12.833029828220788	0	5.860735584574286	683.5899379793991	1	0	2	2.5769391255949667
60200.0	6000.0	483.5899379794165	0.0	0	275.83103260541975	683.5899379793991	1	0	2	2.653937304564291
61200.0	6000.0	483.5899379794188	0.0	0	585.5145312465174	683.5899379793991	1	0	2	2.653937304564291
62200.0	6000.0	483.5899379794213	0.0	0	173.40301676761737	683.5899379793991	1	0	2	2.653937304564291
63200.0	6000.0	483.5899379794181	0.0	0	299.53077189034957	683.5899379793991	1	0	2	2.653937304564291
64200.0	6000.0	483.58993797941935	0.0	0	371.64050029866485	683.5899379793991	1	0	2	2.653937304564291
65200.0	6000.0	483.58993797941616	0.0	0	327.1908990135198	683.5899379793991	1	0	2	2.653937304564291
66200.0	6000.0	483.5899379794146	0.0	0	384.10534034861485	683.5899379793918	1	0	2	2.6539373045642907
67200.0	6000.0	483.5899379794058	0.0	0	335.83567965053953	683.5899379793846	1	0	2	2.653937304564299
68200.0	6000.0	483.5899379794057	0.0	0	372.10439992659667	683.5899379793846	1	0	2	2.653937304564299
69247.4760319011	6000.0	436.11390607832595	0.0	0	0.0	683.5899379793846	1	0	2	2.653937304564299
70200.0	6000.0	483.58993797942685	0.0	0	280.33729957792093	683.58993797937	1	0	2	2.653937304564306
71200.0	6000.0	483.58993797941616	0.0	0	172.63931661205424	683.58993797937	1	0	2	2.653937304564306
72200.0	6000.0	483.5899379794291	0.0	0	340.88699358793383	683.5899379793846	1	0	2	2.653937304564299
73370.41237949097	6000.0	315.0254263366789	1.8478678482341024	0	0.0	685.4378058276197	1	0	2	2.6419261635507763
74200.0	6000.0	516.2513391679545	30.813533340303252	0	202.53680443472695	716.251339167924	1	0	2	2.452725403928209
75200.0	6000.0	516.251339167944	0.0	0	300.87046059491695	716.251339167924	1	0	2	2.637606603970029
76200.0	6000.0	516.2513391679413	0.0	0	408.1122124108806	716.251339167924	1	0	2	2.637606603970029
77200.0	6000.0	516.2513391679458	0.0	0	95.92450378854119	716.251339167924	1	0	2	2.637606603970029
78200.0	6000.0	516.251339167955	0.0	0	213.34532261484128	716.251339167924	1	0	2	2.637606603970029
79200.0	6000.0	516.2513391679415	0.0	0	53.79256232481566	716.2513391679386	1	0	2	2.637606603970022
80200.0	6000.0	516.2513391679449	0.0	0	267.3580685276829	716.2513391679386	1	0	2	2.637606603970022
81200.0	3000.0	516.2513391679374	0.0	0	133.48600452565006	716.2513391679386	1	0	2	1.2513122428501318
82200.0	3000.0	516.2513391679495	0.0	0	249.1419207682775	716.2513391679386	1	0	2	1.9444594234100767
83271.43706411672	6000.0	484.4421380659781	39.62786301474773	0	0.0	755.8792021826957	1	0	2	1.6868783138142118
84200.0	6000.0	555.8792021826948	0.0	0	147.78296803442936	755.8792021826812	1	0	2	2.6177926724626506
85429.79916561166	6000.0	326.08003657103575	0.0	0	0.0	755.8792021826666	1	0	2	2.6177926724626577
86200.0	6000.0	555.8792021827084	0.0	0	113.3485936447978	755.8792021826666	1	0	2	2.6177926724626577
87200.0	6000.0	555.8792021827217	0.0	0	469.7806757165672	755.8792021826666	1	0	2	2.6177926724626577
88200.0	6000.0	555.8792021827252	0.0	0	135.2126521148166	755.8792021826666	1	0	2	2.6177926724626577
89200.0	6000.0	555.8792021827339	0.0	0	171.01099760617944	755.8792021826812	1	0	2	2.6177926724626506
90200.0	6000.0	555.8792021827364	0.0	0	223.6694351604383	755.8792021826812	1	0	2	2.6177926724626506
91242.94164211047	6000.0	512.9375600722904	0.0	0	0.0	755.8792021826812	1	0	2	2.6177926724626506
92221.06762090417	6000.0	477.4555774594465	36.77872187292667	0	0.0	698.5231983635167	1	0	3	2.013790057088254
93200.0	3000.0	400.6299604540379	0.0	0	333.85379123306484	600.6299604539236	1	0	3	1.0904165826088446
94200.0	3000.0	400.62996045402656	0.0	0	381.06520897278097	600.6299604539236	1	0	2	1.8022701127670842
95200.0	3000.0	400.6299604540293	0.0	0	622.4484830982547	600.6299604539236	1	0	2	2.0022701127670843
96200.0	3000.0	400.6299604540286	0.0	0	592.8975467566634	600.629960453909	1	0	2	2.002270112767092
97200.0	3000.0	400.6299604540259	0.0	0	458.99693941495207	600.629960453909	1	0	2	2.002270112767092
98200.0	3000.0	400.62996045402554	0.0	0	255.76299038324214	600.629960453909	1	0	2	2.002270112767092
99200.0	3000.0	400.62996045402315	0.0	0	526.943003313063	600.629960453909	1	0	2	2.002270112767092
100200.0	3000.0	400.6299604540077	0.0	0	469.22466797046945	600.6299604538945	1	0	2	2.002270112767099
101200.0	6000.0	464.8084451120458	64.17848465803559	0	89.31852612977673	664.8084451119212	1	0	2	1.5851099624898721
102264.04400645221	6000.0	491.79077424681753	91.02633558698835	0	0.0	755.8347806989041	1	0	2	2.071656869682609
103453.2002963628	6000.0	394.50931161608264	91.87482727985537	0	0.0	847.7096079787589	1	0	2	2.0206285058854796
104435.99003899407	6000.0	421.4009020723977	98.14573395520205	0	0.0	857.3909410663327	1	0	3	1.5649832149070677
105200.0	6000.0	580.9899449658794	0.0	0	193.11792692088056	780.9899449657387	1	0	3	2.3905753170691657
106200.0	6000.0	480.989944965869	0.0	0	88.90503460385662	680.9899449657096	1	0	3	2.44002178401504
107200.0	6000.0	495.292267935161	14.302322969296824	0	16.000050343296607	695.2922679350013	1	0	2	2.362272201770709
108200.0	6000.0	495.29226793516125	0.0	0	149.13312866940396	695.2922679350013	1	0	2	2.64808613958649
109200.0	6000.0	495.2922679351725	0.0	0	267.07421294746746	695.2922679350013	1	0	2	2.64808613958649
110240.03234763416	6000.0	502.99764490437724	47.73772460337938	0	0.0	743.0299925383879	1	0	2	2.337790929664521
111200.0	6000.0	543.0299925385305	0.0	0	86.72367596744152	743.0299925383879	1	0	2	2.624217277284797
112200.0	6000.0	543.0299925385239	0.0	0	46.85321349670994	743.0299925383879	1	0	2	2.624217277284797
113200.0	3000.0	443.0299925385193	0.0	0	320.39896851098456	643.0299925384024	1	0	3	0.8696181358119095
114200.0	3000.0	343.0299925385297	0.0	0	444.725801465378	543.0299925383879	1	0	3	1.8120695669453304
115200.0	6000.0	355.3552505703555	12.325258031805376	0	315.4882957198279	555.35525057021	1	0	2	1.7509559195181086
116200.0	6000.0	381.0643125207134	25.709061950363193	0	164.79143788048532	581.0643125205679	1	0	2	2.5509457455915276
117200.0	6000.0	385.52254110286447	4.458228582146575	0	252.33970896589744	585.5225411027204	1	0	2	2.676221631509751
118200.0	6000.0	385.52254110285526	0.0	0	531.4998258986452	585.5225411027204	1	0	2	2.702971003002631
119200.0	6000.0	385.5225411028626	0.0	0	435.4963798043609	585.5225411027059	1	0	2	2.7029710030026384
120200.0	6000.0	385.5225411028489	0.0	0	329.4383147573826	585.5225411027059	1	0	2	2.7029710030026384
121200.0	6000.0	385.52254110286003	0.0	0	372.825844507679	585.5225411027059	1	0	2	2.7029710030026384
122556.69259638713	6000.0	284.0884351625868	255.25849044686984	0	0.0	840.7810315495735	1	0	2	1.0474645013619355
123372.80674128894	6000.0	596.5285172173778	128.55422695659803	0	0.0	969.3352585061657	1	0	2	1.7397392825613203
124200.0	6000.0	686.6159326352148	0.0	0	182.34534151357366	886.6159326350753	1	0	3	2.137591829611852
125200.0	6000.0	586.6159326351985	0.0	0	86.80802103104361	786.6159326350753	1	0	3	2.3859404894089304
126200.0	6000.0	486.6159326351867	0.0	0	136.1905624515348	686.6159326350753	1	0	3	2.4375553396571523
127200.0	6000.0	486.6159326351773	0.0	0	487.50739646509464	686.6159326350753	1	0	2	2.4524243072364533
128200.0	6000.0	486.61593263516215	0.0	0	533.5696323235024	686.6159326350753	1	0	2	2.6524243072364535
129200.0	6000.0	486.61593263515465	0.0	0	295.50742390882806	686.6159326350753	1	0	2	2.6524243072364535
130200.0	6000.0	486.6159326351516	0.0	0	269.876578648531	686.6159326350753	1	0	2	2.6524243072364535
131200.0	6000.0	486.6159326351666	0.0	0	13.41462992868037	686.6159326350898	1	0	2	2.652424307236452
132409.4987547998	6000.0	445.4254290136482	168.30825117828994	0	0.0	854.9241838133603	1	0	2	1.55842067457757
133200.0	6000.0	654.9241838134694	0.0	0	279.23893654797575	854.9241838133603	1	0	2	2.5682701816473106
134200.0	6000.0	654.9241838134932	0.0	0	272.2223252406984	854.9241838133603	1	0	2	2.5682701816473106
135200.0	6000.0	654.9241838134744	0.0	0	300.04056445744936	854.9241838133603	1	0	2	2.5682701816473106
136200.0	6000.0	654.9241838134802	0.0	0	154.63479483604897	854.9241838133603	1	0	2	2.5682701816473106
137200.0	6000.0	554.924183813476	0.0	0	292.63826226777746	754.9241838133894	1	0	3	2.19941725276209
138211.39468570694	6000.0	442.3900295358711	0.0	0	0.0	653.7847152427421	1	0	3	2.454964814468075
139200.0	6000.0	354.9241838135501	0.0	0	285.4713175002835	554.9241838135058	1	0	3	2.5009136727726093
140200.0	6000.0	441.6382172499428	86.71403343640557	0	67.8304964308918	641.6382172498852	1	0	2	1.9546289643106145
141200.0	6000.0	441.63821724997547	0.0	0	404.4319501705759	641.6382172498852	1	0	2	2.6749131649290483
142229.86903444427	6000.0	447.16503977736073	35.395856971664756	0	0.0	677.0340742215631	1	0	2	2.4448400946132205
143386.7820720271	6000.0	378.91055060389107	88.65854840937288	0	0.0	765.6926226309151	1	0	2	2.0809346717822965
144218.77422686171	6000.0	558.980638548951	12.062242779654923	0	0.0	777.7548654105631	1	0	2	2.5344813841707796
145200.0	6000.0	577.7548654106702	0.0	0	295.3411297466373	777.754865410534	1	0	2	2.606854840848724
146200.0	6000.0	577.7548654106752	0.0	0	221.0043823409069	777.754865410534	1	0	2	2.606854840848724
147200.0	6000.0	577.7548654106533	0.0	0	257.78468269406585	777.754865410534	1	0	2	2.606854840848724
148200.0	6000.0	577.7548654106228	0.0	0	213.24775825522374	777.754865410534	1	0	2	2.606854840848724
149369.2266540059	6000.0	408.528211404692	0.0	0	0.0	777.7548654105049	1	0	2	2.6068548408487384
150342.78650012374	6000.0	505.30632100769674	70.33795572079123	0	0.0	848.0928211313148	1	0	2	2.149658128663586
151200.0	6000.0	562.3714711437888	0.0	0	207.78289065917488	762.3714711436478	1	0	3	2.1984758543343697
152200.0	6000.0	462.37147114377325	0.0	0	244.29679472887074	662.3714711436187	1	0	3	2.446887326298559
153318.2267568211	6000.0	308.70806809996657	69.44184496309714	0	0.0	626.9348249208706	1	0	3	2.0499155279609464
154312.8632030625	6000.0	479.0427483950382	164.9711265364922	0	0.0	791.9059514573601	1	0	2	1.4099525386063576
155200.0	6000.0	591.905951457534	0.0	0	235.18826259783236	791.9059514573601	1	0	2	2.599779297825311
156200.0	6000.0	591.9059514575378	0.0	0	409.5743273703556	791.9059514573601	1	0	2	2.599779297825311
157200.0	6000.0	591.9059514575251	0.0	0	505.53953774872934	791.905951457331	1	0	2	2.5997792978253225
158200.0	6000.0	591.9059514575569	0.0	0	500.8275688121503	791.905951457331	1	0	2	2.599779297825325
159200.0	6000.0	591.9059514575725	0.0	0	231.33301051449962	791.905951457331	1	0	2	2.599779297825325
160200.0	6000.0	591.9059514575545	0.0	0	252.20764701609733	791.9059514573601	1	0	2	2.599779297825311
161200.0	6000.0	591.9059514575437	0.0	0	548.6470635003643	791.905951457331	1	0	2	2.5997792978253225
162200.0	6000.0	591.9059514575812	0.0	0	575.3838320137584	791.905951457331	1	0	2	2.599779297825325
163200.0	6000.0	591.9059514575956	0.0	0	269.88030772059574	791.905951457331	1	0	2	2.599779297825325
164200.0	6000.0	591.9059514576035	0.0	0	14.209510465880157	791.905951457331	1	0	2	2.599779297825325
165200.0	6000.0	591.9059514576132	0.0	0	50.39011276719975	791.905951457331	1	0	2	2.599779297825325
166200.0	6000.0	591.9059514576122	0.0	0	308.8492498108244	791.9059514573601	1	0	2	2.599779297825311
167200.0	6000.0	591.9059514576578	0.0	0	186.84309738958837	791.9059514573601	1	0	2	2.599779297825311
168200.0	6000.0	591.9059514576593	0.0	0	417.84658139554085	791.905951457331	1	0	2	2.599779297825325
169200.0	6000.0	591.9059514576606	0.0	0	303.87246784064337	791.905951457331	1	0	2	2.599779297825325
170200.0	6000.0	591.9059514576932	0.0	0	554.4988510750118	791.905951457331	1	0	2	2.599779297825325
171200.0	6000.0	591.9059514576877	0.0	0	176.61566183849936	791.9059514573019	1	0	2	2.59977929782534
172225.48465768082	6000.0	566.4212937768422	0.0	0	0.0	791.9059514573019	1	0	2	2.59977929782534
173252.87626493932	6000.0	436.29052579251317	0.0	0	0.0	689.1667907314841	1	0	3	2.237151666208735
174431.75783093608	6000.0	305.30695351968916	150.71468211237791	0	0.0	737.0647844554624	1	0	3	1.5070738185910557
175200.0	3000.0	554.193690775623	17.12890631985624	0	103.52973206838942	754.1936907753407	1	0	2	0.9295676291272931
176200.0	6000.0	554.1936907756273	0.0	0	152.33879046485526	754.1936907753407	1	0	2	1.9254882476063755
177200.0	6000.0	554.1936907756226	0.0	0	335.09309330926044	754.1936907753407	1	0	2	2.6186354281663204
178200.0	6000.0	554.1936907755919	0.0	0	405.44741114912904	754.1936907753407	1	0	2	2.6186354281663204
179200.0	6000.0	554.1936907755634	0.0	0	247.77099923157948	754.1936907753116	1	0	2	2.6186354281663347
180200.0	6000.0	554.1936907755497	0.0	0	267.1172095820366	754.1936907753116	1	0	2	2.6186354281663347
181200.0	6000.0	554.1936907755612	0.0	0	495.51572252827464	754.1936907753407	1	0	2	2.6186354281663204
182200.0	6000.0	554.1936907755515	0.0	0	131.48018381444854	754.1936907753116	1	0	2	2.6186354281663293
183200.0	6000.0	554.1936907755708	0.0	0	270.2719620576827	754.1936907752824	1	0	2	2.6186354281663498
184200.0	6000.0	554.1936907755934	0.0	0	247.05115483721602	754.1936907752824	1	0	2	2.6186354281663498
185200.0	6000.0	554.1936907756134	0.0	0	252.20022830797825	754.1936907752824	1	0	2	2.6186354281663498
186200.0	6000.0	554.1936907756326	0.0	0	284.4522066391073	754.1936907752824	1	0	2	2.6186354281663498
187200.0	6000.0	554.1936907756055	0.0	0	141.31517475828878	754.1936907752824	1	0	2	2.6186354281663498
188200.0	6000.0	554.1936907756201	0.0	0	173.5725160149159	754.1936907752824	1	0	2	2.6186354281663498
189200.0	6000.0	454.1936907756173	0.0	0	86.88432375699631	654.1936907752533	1	0	3	2.253589335540549
190200.0	3000.0	454.19369077564295	0.0	0	357.95989784176345	654.1936907752533	1	0	2	1.0823410670464744
191200.0	3000.0	454.1936907756208	0.0	0	507.17116814356996	654.1936907752824	1	0	2	1.9754882476064048
192200.0	6000.0	454.19369077559645	0.0	0	194.29745437813108	654.1936907752824	1	0	2	1.975488247606405
193200.0	6000.0	454.19369077559145	0.0	0	446.14124220472877	654.1936907752533	1	0	2	2.6686354281663642
194200.0	6000.0	454.19369077561373	0.0	0	370.61373379756697	654.1936907752533	1	0	2	2.6686354281663642
195200.0	6000.0	454.1936907756258	0.0	0	360.4102426653262	654.1936907752242	1	0	2	2.668635428166379
196200.0	6000.0	454.19369077567535	0.0	0	517.5850100686075	654.1936907752242	1	0	2	2.668635428166379
197200.0	6000.0	463.1492951563944	8.95560438070649	0	11.900956358935218	663.1492951559194	1	0	2	2.6104239996917924
198200.0	6000.0	463.1492951563904	0.0	0	266.9254631626245	663.1492951559194	1	0	2	2.6641576259760313
199200.0	6000.0	463.14929515637846	0.0	0	396.0637395521626	663.1492951559485	1	0	2	2.66415762597602
200200.0	6000.0	463.1492951563836	0.0	0	366.237941248517	663.1492951559485	1	0	2	2.664157625976017
201200.0	6000.0	463.14929515638414	0.0	0	477.84340003863326	663.1492951559776	1	0	2	2.664157625976002
202200.0	6000.0	463.14929515640006	0.0	0	394.85091323807137	663.1492951559485	1	0	2	2.664157625976017
203200.0	6000.0	463.149295156398	0.0	0	404.6775450350251	663.1492951559485	1	0	2	2.664157625976017
204200.0	6000.0	463.1492951563904	0.0	0	214.210665826482	663.1492951559485	1	0	2	2.664157625976017
205200.0	6000.0	463.14929515636527	0.0	0	452.5525617088424	663.1492951559485	1	0	2	2.664157625976017
206200.0	6000.0	463.1492951563755	0.0	0	191.93257189920405	663.1492951559776	1	0	2	2.664157625976002
207200.0	6000.0	463.1492951563537	0.0	0	244.78211231168825	663.1492951559485	1	0	2	2.664157625976017
208200.0	6000.0	463.149295156387	0.0	0	66.83847440537647	663.1492951559485	1	0	2	2.664157625976017
209200.0	6000.0	463.1492951564094	0.0	0	471.8431398065295	663.1492951559485	1	0	2	2.664157625976017
210200.0	6000.0	463.149295156398	0.0	0	300.00102827409864	663.1492951559485	1	0	2	2.664157625976017
211200.0	6000.0	463.14929515639096	0.0	0	247.61200949398335	663.1492951559485	1	0	2	2.664157625976017
212287.85923692907	6000.0	442.07759651503136	66.78753828770436	0	0.0	729.9368334436731	1	0	2	2.2300386271059285
213200.0	6000.0	529.9368334440928	0.0	0	330.0921260875766	729.936833443644	1	0	2	2.6307638568321687
214200.0	6000.0	529.9368334441097	0.0	0	143.9231955424184	729.9368334436731	1	0	2	2.6307638568321545
215200.0	6000.0	529.9368334441469	0.0	0	322.4397247474117	729.9368334436731	1	0	2	2.6307638568321545
216200.0	6000.0	529.9368334441409	0.0	0	334.71035497888806	729.9368334436731	1	0	2	2.6307638568321545
217200.0	6000.0	529.9368334441831	0.0	0	197.65692539516021	729.9368334436731	1	0	2	2.6307638568321545
218200.0	6000.0	529.9368334441995	0.0	0	305.61922117258655	729.9368334436731	1	0	2	2.6307638568321545
219200.0	6000.0	529.9368334441801	0.0	0	305.61966425846913	729.936833443644	1	0	2	2.6307638568321687
220200.0	6000.0	529.9368334441734	0.0	0	47.19251590868225	729.936833443644	1	0	2	2.6307638568321687
221200.0	6000.0	529.9368334441791	0.0	0	255.63729805481853	729.936833443644	1	0	2	2.6307638568321687
222200.0	6000.0	529.9368334441518	0.0	0	98.50845402330742	729.9368334436149	1	0	2	2.6307638568321834
223200.0	6000.0	529.9368334441642	0.0	0	240.6570292908873	729.9368334435858	1	0	2	2.630763856832198
224200.0	6000.0	529.9368334441765	0.0	0	338.77091821003705	729.9368334436149	1	0	2	2.6307638568321834
225200.0	6000.0	529.9368334441723	0.0	0	266.90785818218137	729.9368334436149	1	0	2	2.6307638568321834
226200.0	6000.0	529.936833444177	0.0	0	206.39221661596093	729.9368334436149	1	0	2	2.6307638568321834
227200.0	6000.0	529.9368334441594	0.0	0	382.63366047813906	729.9368334436149	1	0	2	2.6307638568321834
228200.0	6000.0	529.9368334441767	0.0	0	53.45533318436355	729.936833443644	1	0	2	2.6307638568321687
229200.0	6000.0	529.9368334441906	0.0	0	118.64380031952169	729.936833443644	1	0	2	2.6307638568321687
230200.0	3000.0	529.9368334442088	0.0	0	186.82340759888757	729.9368334436149	1	0	2	1.2444694957122935
231200.0	3000.0	429.9368334442086	0.0	0	280.6822006312141	629.9368334435567	1	0	3	1.5703833186929774
232472.2767374862	6000.0	296.90650121448164	242.24916273186116	0	0.0	769.1832387000322	1	0	3	0.24873823220179547
233200.0	6000.0	611.7066367974256	104.81429486196751	0	6.4559665340639185	811.7066367968218	1	0	3	1.7520352346962715
234365.91587732168	6000.0	329.1991717435922	0.0	0	0.0	695.1150490646542	1	0	3	2.432399185893598
235383.1214410495	6000.0	461.6850711844599	149.6914631687166	0	0.0	844.8065122333646	1	0	2	1.4751802384250086
236292.1308323073	6000.0	552.6756799266661	0.0	0	0.0	844.8065122333646	1	0	2	2.5733290174373087
237200.0	6000.0	644.8065122340043	0.0	0	170.91501333133783	844.8065122333646	1	0	2	2.5733290174373087
238200.0	6000.0	644.8065122339966	0.0	0	362.78581666370155	844.8065122333937	1	0	2	2.573329017437294
239200.0	6000.0	644.8065122339776	0.0	0	256.32009332976304	844.8065122333937	1	0	2	2.573329017437294
240200.0	6000.0	544.8065122339706	0.0	0	181.19687352818437	744.8065122333937	1	0	3	2.207112298528688
241200.0	6000.0	444.8065122339883	0.0	0	309.99006851101876	644.8065122333937	1	0	3	2.455241994462914
242200.0	3000.0	444.80651223401173	0.0	0	531.9280704603007	644.8065122333937	1	0	2	1.0870346563174043
243200.0	3000.0	344.8065122340274	0.0	0	586.7845365352405	544.8065122334228	1	0	3	1.6104548560690155
244200.0	3000.0	344.80651223404493	0.0	0	575.5807043746172	544.8065122334228	1	0	2	1.8301818368773346
245200.0	3000.0	344.8065122340332	0.0	0	537.4643274133559	544.8065122334228	1	0	2	2.0301818368773348
246200.0	3000.0	344.80651223398803	0.0	0	451.8815029140678	544.8065122334228	1	0	2	2.0301818368773348
247200.0	3000.0	344.80651223398917	0.0	0	532.3347020549991	544.8065122334228	1	0	2	2.0301818368773348
248200.0	3000.0	344.80651223398274	0.0	0	458.32303994579706	544.8065122334228	1	0	2	2.0301818368773348
249386.7621395284	6000.0	414.09944605800763	256.05507335247813	0	0.0	800.8615855858952	1	0	2	0.3658238600862296
250591.27997674147	6000.0	431.99526398757723	222.4136551426518	0	0.0	1023.2752407284861	1	0	2	1.1496127223338284
251598.44880070066	6000.0	386.7027633685351	56.90291430545085	0	0.0	985.1515640686557	1	0	3	1.747377278225497
252759.3470778291	6000.0	360.77009722465175	228.23221699764014	0	0.0	1120.117175053194	1	0	3	0.8521329234768643
253554.83454528186	6000.0	543.3846165250613	52.409757725880866	0	0.0	1098.2191618063662	1	0	3	1.9220143983693978
254200.0	6000.0	833.7026163351203	0.0	0	68.87227770496975	1033.7026163345727	1	0	3	2.268479480919845
255200.0	6000.0	733.7026163351479	0.0	0	361.313849271246	933.7026163346018	1	0	3	2.3097102715865923
256396.9254025511	6000.0	417.08467352896434	0.0	0	0.0	814.0100760795176	1	0	3	2.373443539048674
257200.0	6000.0	561.8361206191443	25.57591298547146	0	23.913073615636677	761.8361206185946	1	0	3	2.251044214382431
258408.52456916223	6000.0	353.31155145689615	0.0	0	0.0	761.8361206185655	1	0	2	2.414814213244708
259200.0	6000.0	561.8361206191175	0.0	0	182.73719864277518	761.8361206185655	1	0	2	2.614814213244708
260200.0	6000.0	561.8361206191125	0.0	0	230.38617784832604	761.8361206185946	1	0	2	2.614814213244694
261200.0	6000.0	461.83612061911225	0.0	0	131.05298671286437	661.8361206185946	1	0	3	2.248415285378978
262200.0	3000.0	461.8361206190891	0.0	0	414.6746506491327	661.8361206185946	1	0	2	1.0785198521248036
263369.8012972613	6000.0	403.6135049542604	111.57868159654589	0	0.0	773.4148022151203	1	0	2	1.2464056023072076
264200.0	6000.0	573.4148022155944	0.0	0	116.61416912078857	773.4148022151203	1	0	2	2.609024872446431
265200.0	6000.0	573.4148022156204	0.0	0	347.2648886567913	773.4148022151203	1	0	2	2.609024872446431
266200.0	6000.0	573.4148022156285	0.0	0	302.4686779861804	773.4148022151203	1	0	2	2.609024872446431
267200.0	6000.0	573.4148022156237	0.0	0	205.20744918246055	773.4148022151203	1	0	2	2.609024872446431
268200.0	6000.0	573.4148022156514	0.0	0	414.89892500144197	773.4148022151203	1	0	2	2.609024872446431
269200.0	6000.0	573.4148022157124	0.0	0	352.57712797279237	773.4148022151785	1	0	2	2.6090248724464016
270200.0	6000.0	573.4148022156672	0.0	0	512.457580320246	773.4148022151785	1	0	2	2.6090248724464016
271327.2807436093	6000.0	446.13405860639216	0.0	0	0.0	773.4148022151785	1	0	2	2.6090248724464016
272200.0	6000.0	573.4148022157347	0.0	0	252.05616109119728	773.4148022151785	1	0	2	2.6090248724464016
273200.0	6000.0	573.4148022157356	0.0	0	229.38218695862452	773.4148022151203	1	0	2	2.609024872446431
274200.0	6000.0	573.4148022157133	0.0	0	105.35348121845163	773.4148022151203	1	0	2	2.609024872446431
275200.0	6000.0	573.4148022156805	0.0	0	354.37782396853436	773.4148022151203	1	0	2	2.609024872446431
276200.0	6000.0	573.4148022157099	0.0	0	441.84435084677534	773.4148022151203	1	0	2	2.609024872446431
277200.0	6000.0	573.4148022156877	0.0	0	427.21126341237687	773.4148022150621	1	0	2	2.6090248724464598
278200.0	6000.0	573.4148022157099	0.0	0	403.1503043483244	773.4148022150039	1	0	2	2.609024872446489
279200.0	6000.0	573.4148022156921	0.0	0	186.5049826707691	773.4148022149457	1	0	2	2.6090248724465184
280401.3370299952	6000.0	372.0777722204729	0.0	0	0.0	773.4148022150039	1	0	2	2.609024872446489
281462.4811601701	6000.0	456.5867411731509	145.65309912752338	0	0.0	919.0679013425251	1	0	2	1.6622797281175878
282200.0	6000.0	719.0679013432136	0.0	0	217.04651041678153	919.0679013425251	1	0	2	2.5361983228827283
283200.0	6000.0	719.0679013431903	0.0	0	493.31660657492466	919.0679013425251	1	0	2	2.5361983228827283
284200.0	6000.0	719.0679013431956	0.0	0	362.77245655836305	919.0679013425251	1	0	2	2.5361983228827283
285200.0	6000.0	619.0679013431983	0.0	0	319.9883884181618	819.0679013425834	1	0	3	2.1674825103352466
286262.0465425566	6000.0	450.8167045309459	0.0	0	0.0	712.8632470868761	1	0	3	2.425820826016766
287200.0	6000.0	419.0679013432457	0.0	0	140.03090882947436	619.0679013424669	1	0	3	2.4710424219727147
288200.0	6000.0	396.6341654689393	70.51478556882049	0	173.49247437895974	596.6341654681019	1	0	3	2.058682721179164
289200.0	6000.0	396.6341654689279	0.0	0	401.2060764974449	596.6341654681019	1	0	2	2.49741519081994
290200.0	6000.0	445.7198659027	49.085700433808114	0	91.43979396956274	645.7198659018613	1	0	2	2.3783581380002117
291200.0	6000.0	445.7198659026583	0.0	0	241.55512348475168	645.7198659018613	1	0	2	2.6728723406030603
292200.0	6000.0	445.71986590274753	0.0	0	290.2483046808047	645.7198659018613	1	0	2	2.6728723406030603
293323.63310562586	6000.0	393.91847979432066	71.83171951738888	0	0.0	717.5515854192781	1	0	2	2.205966163740019
294200.0	6000.0	517.5515854201915	0.0	0	203.09722399857128	717.5515854192199	1	0	2	2.6369564808443813
295200.0	6000.0	517.551585420162	0.0	0	335.0015877301921	717.5515854192199	1	0	2	2.6369564808443813
296311.69861990015	6000.0	405.85296551998425	0.0	0	0.0	717.5515854192199	1	0	2	2.6369564808443813
297224.7987436324	6000.0	534.2346081882877	41.48176640059586	0	0.0	759.0333518197876	1	0	2	2.367324999240522
298200.0	6000.0	559.0333518206069	0.0	0	115.57172142161289	759.0333518197876	1	0	2	2.6162155976440973
299200.0	6000.0	559.0333518206037	0.0	0	275.5430200532428	759.0333518197294	1	0	2	2.6162155976441257
300200.0	6000.0	559.0333518205819	0.0	0	163.97370642452734	759.0333518197294	1	0	2	2.6162155976441257
7.12	9.48	10.4	11.7	9.44	7.78	9.77	12.9	17.0	8.1	6.37	9.1	8.24	10.1	9.2	11.4	10.8	7.3	7.56	7.47	6.71	5.63	9.95	10.7	11.1	10.7	8.95	10.4	8.84	11.2	7.32	9.72	10.9	8.76	6.28	7.62	4.61	7.88	10.6	9.66	8.24	11.2	8.62	7.91	9.13	7.14	8.19	10.5	8.97	9.31	9.74	10.3	9.93	9.09	7.45	12.2	9.95	7.84	7.1	9.15	8.22	9.58	9.88	10.1	6.37	11.9	7.65	8.42	5.21	13.2	10.6	7.98	9.73	10.5	7.77	6.12	4.15	5.56	6.35	8.02	5.78	8.06	9.12	7.25	9.07	6.09	6.67	7.23	5.64	6.94	6.8	7.27	5.19	5.8	5.62	5.9	6.5	7.89	6.45	7.69	8.77	7.44	6.5	9.54	6.0	8.16	8.32	5.75	5.14	6.96	9.15	8.09	11.8	9.49	8.18	12.1	7.88	5.0	9.56	9.11	6.94	9.5	12.6	12.5	8.75	10.6	5.61	6.97	9.45	11.7	9.08	7.75	6.32	5.97	7.59	7.71	8.94	6.33	6.92	7.37	10.9	9.06	6.7	6.94	6.07	7.74	7.44	7.73	7.14	10.0	7.12	9.48	10.4	11.7	9.44	7.78	9.77	12.9	17.0	8.1	6.37	9.1	8.24	10.1	9.2	11.4	10.8	7.3	7.56	7.47	6.71	5.63	9.95	10.7	11.1	10.7	8.95	10.4	8.84	11.2	7.32	9.72	10.9	8.76	6.28	7.62	4.61	7.88	10.6	9.66	8.24	11.2	8.62	7.91	9.13	7.14	8.19	10.5	8.97	9.31	9.74	10.3	9.93	9.09	7.45	12.2	9.95	7.84	7.1	9.15	8.22	9.58	9.88	10.1	6.37	11.9	7.65	8.42	5.21	13.2	10.6	7.98	9.73	10.5	7.77	6.12	4.15	5.56	6.35	8.02	5.78	8.06	9.12	7.25	9.07	6.09	6.67	7.23	5.64	6.94	6.8	7.27	5.19	5.8	5.62	5.9	6.5	7.89	6.45	7.69	8.77	7.44	6.5	9.54	6.0	8.16	8.32	5.75	5.14	6.96	9.15	8.09	11.8	9.49	8.18	12.1	7.88	5.0	9.56	9.11	6.94	9.5	12.6	12.5	8.75	10.6	5.61	6.97	9.45	11.7	9.08	7.75	6.32	5.97	7.59	7.71	8.94	6.33	6.92	7.37	10.9	9.06	6.7	6.94	6.07	7.74	7.44	7.73
1.0	2.0	3.0	4.0	5.0	6.0	7.0	8.0	9.0	10.0	11.0	12.0	13.0	14.0	15.0	16.0	17.0	18.0	19.0	20.0	21.0	22.0	23.0	24.0	25.0	26.0	27.0	28.0	29.0	30.0	31.0	32.0	33.0	34.0	35.0	36.0	37.0	38.0	39.0	40.0	41.0	42.0	43.0	44.0	45.0	46.0	47.0	48.0	49.0	50.0	51.0	52.0	53.0	54.0	55.0	56.0	57.0	58.0	59.0	60.0	61.0	62.0	63.0	64.0	65.0	66.0	67.0	68.0	69.0	70.0	71.0	72.0	73.0	74.0	75.0	76.0	77.0	78.0	79.0	80.0	81.0	82.0	83.0	84.0	85.0	86.0	87.0	88.0	89.0	90.0	91.0	92.0	93.0	94.0	95.0	96.0	97.0	98.0	99.0	100.0	101.0	102.0	103.0	104.0	105.0	106.0	107.0	108.0	109.0	110.0	111.0	112.0	113.0	114.0	115.0	116.0	117.0	118.0	119.0	120.0	121.0	122.0	123.0	124.0	125.0	126.0	127.0	128.0	129.0	130.0	131.0	132.0	133.0	134.0	135.0	136.0	137.0	138.0	139.0	140.0	141.0	142.0	143.0	144.0	145.0	146.0	147.0	148.0	149.0	149.0	150.0	151.0	152.0	153.0	154.0	155.0	156.0	157.0	158.0	159.0	160.0	161.0	162.0	163.0	164.0	165.0	166.0	167.0	168.0	169.0	170.0	171.0	172.0	173.0	174.0	175.0	176.0	177.0	178.0	179.0	180.0	181.0	182.0	183.0	184.0	185.0	186.0	187.0	188.0	189.0	190.0	191.0	192.0	193.0	194.0	195.0	196.0	197.0	198.0	199.0	200.0	201.0	202.0	203.0	204.0	205.0	206.0	207.0	208.0	209.0	210.0	211.0	212.0	213.0	214.0	215.0	216.0	217.0	218.0	219.0	220.0	221.0	222.0	223.0	224.0	225.0	226.0	227.0	228.0	229.0	230.0	231.0	232.0	233.0	234.0	235.0	236.0	237.0	238.0	239.0	240.0	241.0	242.0	243.0	244.0	245.0	246.0	247.0	248.0	249.0	250.0	251.0	252.0	253.0	254.0	255.0	256.0	257.0	258.0	259.0	260.0	261.0	262.0	263.0	264.0	265.0	266.0	267.0	268.0	269.0	270.0	271.0	272.0	273.0	274.0	275.0	276.0	277.0	278.0	279.0	280.0	281.0	282.0	283.0	284.0	285.0	286.0	287.0	288.0	289.0	290.0	291.0	292.0	293.0	294.0	295.0	296.0	297.0
4456.955300557202
