4577.975840293059	300.0	2000.0	117.09080117362556	0	0.0	4577.975840293059	1	0	1	-3.1804214727573408
4888.5666861690715	1000.0	2611.7614426549844	0.0	0	0.0	4500.328128824057	1	0	4	-3.458635074589016
5843.3376608971585	3000.0	2418.2977242448746	0.0	0	0.0	4261.635385142034	1	0	4	-1.458431164510887
6555.011842560079	3000.0	2528.704997166225	0.0	0	0.0	4083.716839726304	1	0	4	-0.2614054073759605
7306.288796100528	3000.0	2589.608805240663	0.0	0	0.0	3895.897601341191	1	0	4	-0.16857225304739812
8443.034033993392	3000.0	2168.677257874584	0.0	0	0.0	3611.711291867977	1	0	4	-0.04118070941200644
9477.416768484634	3000.0	1875.6988397605326	0.0	0	0.0	3353.115608245168	1	0	4	0.09657949727800133
10134.351082541563	3000.0	2054.530947189369	0.0	0	0.0	3188.882029730934	1	0	4	0.18761129966901355
11179.412756920354	6000.0	1748.2038542158816	0.0	0	0.0	2927.616611136238	1	0	4	0.3060009910042788
12476.672846492851	3000.0	1321.2177556861345	0.0	0	0.0	2797.890602178988	1	0	3	-0.3091835247511323
13536.87648406224	3000.0	1154.9937543598073	0.0	0	0.0	2691.8702384220487	1	0	3	0.7451895483331368
14476.638318958434	3000.0	980.2914607395646	0.0	0	0.0	2456.9297796979954	1	0	4	0.2453986374043899
15247.729635934904	3000.0	1016.4273145189784	0.0	0	0.0	2264.1569504538784	1	0	4	0.6454472915490828
15816.565298764806	3000.0	1305.3827359816012	0.0	0	0.0	2121.948034746407	1	0	4	0.7240891056888095
17098.701886810002	6000.0	702.7120009251089	0.0	0	0.0	1801.4138877351088	1	0	4	0.8575591708300213
17761.138165726632	3000.0	974.0320941168129	0.0	0	0.0	1735.1702598434422	1	0	3	0.23458579981461047
18200.0	3000.0	1491.2840764161067	0.0	0	33.116101428204274	1691.2840764161047	1	0	3	1.2506974025624749
19200.0	6000.0	1391.2840764161065	0.0	0	126.78118812604225	1591.2840764161083	1	0	3	1.2914067103264775
20701.460362278627	6000.0	739.6776779096172	0.0	0	0.0	1441.1380401882489	1	0	3	2.0544411676068197
21291.558591762143	3000.0	1090.5696254777476	0.0	0	0.0	1382.128217239897	1	0	3	0.711082196527036
22200.0	3000.0	1182.1282172398885	0.0	0	244.5770485205867	1382.128217239897	1	0	2	1.4115209843740972
23260.783281750264	3000.0	1121.3449354896234	0.0	0	0.0	1382.128217239897	1	0	2	1.6115209843740974
24352.74528916354	3000.0	920.1867273350205	0.0	0	0.0	1272.9320164985693	1	0	3	1.2523846689836153
25200.0	3000.0	988.2065454149148	0.0	0	3.2813337302395666	1188.2065454149306	1	0	3	1.4978755162919057
26200.0	3000.0	888.2065454149126	0.0	0	13.748977915540308	1088.206545414927	1	0	3	1.5444965707275025
27201.060477135194	3000.0	787.0400205661999	0.0	0	0.0	988.100497701409	1	0	3	1.5952720644382405
28200.0	3000.0	688.2065454149132	0.0	0	116.63650093705292	888.206545414927	1	0	3	1.642970962634945
29200.0	3000.0	788.2065454149144	0.0	0	269.1581398696726	988.2065454149233	1	0	1	1.425998233333138
30677.02882024233	3000.0	200.0	33.20468804695011	0	0.0	877.0288202423362	1	0	3	1.0549000903203056
31601.10927861742	2000.0	600.2936251151004	378.89284484336326	0	0.0	1201.4029037325272	1	0	3	-1.5907682488693486
32522.729145023393	3000.0	678.6737587091251	0.0	0	0.0	1201.4029037325272	1	0	2	1.096418533019618
33645.944933200466	3000.0	443.1363917143452	0.0	0	0.0	1089.0813249148268	1	0	3	1.344861847537791
34609.075107819626	3000.0	507.5758539578769	27.569636862691425	0	0.0	1116.6509617775155	1	0	2	1.3788417909291395
35221.30641581754	3000.0	834.1214151601663	0.0	0	0.0	1055.427830977722	1	0	3	1.3674089747662543
36366.98449978667	3000.0	573.8755227941199	0.0	0	0.0	940.8600225807968	1	0	3	1.6173478378189958
37461.65012180055	3000.0	479.2099007802339	0.0	0	0.0	940.8600225808041	1	0	2	1.6321550817036439
38586.04139253563	3000.0	394.98520216132044	40.16657211616791	0	0.0	981.0265946969739	1	0	2	1.5710723629485515
39569.12357023968	3000.0	425.87592647115156	102.07374525844443	0	0.0	994.9994967108505	1	0	3	0.7800038388954346
40200.0	2000.0	731.9118537347979	0.0	0	36.27118660797714	931.9118537348186	1	0	3	0.8162591311401316
41200.0	2000.0	631.9118537347925	0.0	0	411.50649457928375	831.9118537348259	1	0	3	1.2619666581747724
42200.0	2000.0	531.9118537348013	0.0	0	469.643690936995	731.9118537348404	1	0	3	1.3119333454913256
43200.0	3000.0	431.9118537348127	0.0	0	68.9684027590265	631.911853734855	1	0	3	1.366197542202113
44200.0	3000.0	528.8859222641277	96.97406852931653	0	29.975404141492618	728.8859222641695	1	0	2	1.1562977206860618
45200.0	3000.0	528.8859222641273	0.0	0	419.8088178005564	728.8859222641695	1	0	2	1.9381421318619614
46200.0	3000.0	528.8859222641345	0.0	0	507.84939277720696	728.8859222641695	1	0	2	1.9381421318619614
47200.0	3000.0	528.885922264134	0.0	0	130.21559147527296	728.8859222641622	1	0	2	1.938142131861965
48250.12780787124	3000.0	478.7581143928988	0.0	0	0.0	728.8859222641695	1	0	2	1.9381421318619614
49200.0	3000.0	528.885922264149	0.0	0	467.91242569790484	728.8859222641695	1	0	2	1.9381421318619614
50200.0	3000.0	528.8859222641489	0.0	0	395.2698239072124	728.8859222641695	1	0	2	1.9381421318619614
51246.392490275175	3000.0	482.49343198897486	0.0	0	0.0	728.8859222641695	1	0	2	1.9381421318619614
52421.16520290807	2000.0	399.29879716415076	91.57807780807303	0	0.0	820.4640000722429	1	0	2	0.531954409893157
53200.0	3000.0	620.46400007223	0.0	0	113.84578379897721	820.4640000722502	1	0	2	1.4868879848497565
54200.0	3000.0	520.4640000722251	0.0	0	287.34634306656517	720.4640000722575	1	0	3	1.5245828201102753
55200.0	3000.0	520.4640000722209	0.0	0	403.627115127063	720.4640000722575	1	0	2	1.7423530929579174
56200.0	3000.0	420.46400007222326	0.0	0	269.38068978134106	620.4640000722575	1	0	3	1.57412630672294
57200.0	3000.0	420.46400007222655	0.0	0	251.68981845421513	620.4640000722575	1	0	2	1.7923530929579172
58200.0	3000.0	420.4640000722271	0.0	0	466.25051701474877	620.4640000722648	1	0	2	1.9923530929579136
59200.0	3000.0	520.4640000722304	0.0	0	610.1571226250016	720.464000072272	1	0	1	1.762330266845355
60200.0	3000.0	420.4640000722276	0.0	0	511.51588542736863	620.4640000722648	1	0	3	1.3725119074668497
61200.0	3000.0	420.4640000722229	0.0	0	276.2235068188529	620.4640000722648	1	0	2	1.7923530929579135
62200.0	3000.0	420.4640000722202	0.0	0	417.14356282519293	620.4640000722648	1	0	2	1.9923530929579136
63200.0	3000.0	420.4640000722243	0.0	0	604.7045016330158	620.4640000722648	1	0	2	1.9923530929579136
64200.0	3000.0	420.46400007222337	0.0	0	534.3950818455924	620.4640000722648	1	0	2	1.9923530929579136
65200.0	3000.0	420.46400007221996	0.0	0	329.8655883012252	620.4640000722648	1	0	2	1.9923530929579136
66200.0	3000.0	420.4640000722097	0.0	0	570.6444473105585	620.4640000722575	1	0	2	1.992353092957913
67200.0	3000.0	420.4640000722213	0.0	0	623.7494130353007	620.4640000722429	1	0	2	1.9923530929579247
68200.0	3000.0	420.46400007221234	0.0	0	165.18667922767054	620.4640000722575	1	0	2	1.9923530929579174
69200.0	3000.0	420.4640000722012	0.0	0	173.3024571219721	620.4640000722575	1	0	2	1.9923530929579174
70200.0	3000.0	420.46400007219995	0.0	0	511.214642084713	620.4640000722429	1	0	2	1.9923530929579247
71200.0	3000.0	420.4640000721954	0.0	0	491.1045393796521	620.4640000722429	1	0	2	1.9923530929579247
72200.0	3000.0	420.46400007220086	0.0	0	278.55303308033035	620.4640000722284	1	0	2	1.992353092957932
73200.0	3000.0	420.46400007219745	0.0	0	113.2495004653756	620.4640000722284	1	0	2	1.992353092957932
74200.0	2000.0	420.46400007218267	0.0	0	403.7428771706618	620.4640000722284	1	0	2	1.1814228767416026
75398.73210719862	3000.0	332.50888140512586	110.77698853156829	0	0.0	731.2409886037931	1	0	2	0.8668375593945753
76200.0	3000.0	531.2409886037353	0.0	0	204.9199849273864	731.2409886037931	1	0	2	1.9369645986921498
77200.0	3000.0	531.2409886037368	0.0	0	297.83829365760903	731.2409886037785	1	0	2	1.9369645986921569
78200.0	3000.0	431.2409886037241	0.0	0	624.0240268811758	631.2409886037494	1	0	3	1.5670517298866051
79200.0	3000.0	331.2409886037276	0.0	0	654.8237928709568	531.2409886037349	1	0	3	1.8169645986921727
80200.0	3000.0	331.2409886037342	0.0	0	488.1667449927918	531.2409886037494	1	0	2	1.8369645986921712
81200.0	3000.0	331.2409886037415	0.0	0	558.7720690885762	531.2409886037494	1	0	2	2.0369645986921716
82200.0	3000.0	331.2409886037431	0.0	0	442.9025242350908	531.2409886037494	1	0	2	2.0369645986921716
83200.0	3000.0	331.2409886037424	0.0	0	293.6654023355659	531.2409886037494	1	0	2	2.0369645986921716
84200.0	3000.0	331.2409886037429	0.0	0	354.8539031148539	531.2409886037494	1	0	2	2.0369645986921716
85200.0	3000.0	331.24098860374033	0.0	0	537.0401774005877	531.2409886037494	1	0	2	2.0369645986921716
86200.0	3000.0	331.2409886037333	0.0	0	448.69760290323757	531.2409886037494	1	0	2	2.0369645986921716
87204.02921348116	3000.0	518.3912010067354	191.17942588415792	0	0.0	722.420414487904	1	0	2	0.7942983304451464
88200.0	3000.0	422.82333583600473	0.0	0	382.57292254165804	622.8233358360449	1	0	3	1.572218290300934
89200.0	3000.0	422.82333583599717	0.0	0	157.64821114798542	622.8233358360449	1	0	2	1.7911734250760236
90200.0	3000.0	422.8233358359871	0.0	0	347.42571663079434	622.8233358360449	1	0	2	1.9911734250760238
91200.0	3000.0	422.8233358359921	0.0	0	502.7929804769519	622.8233358360449	1	0	2	1.9911734250760238
92200.0	3000.0	422.82333583600155	0.0	0	621.497098356398	622.8233358360449	1	0	2	1.9911734250760238
93200.0	3000.0	422.8233358359993	0.0	0	385.35413737638737	622.8233358360449	1	0	2	1.9911734250760238
94200.0	3000.0	422.8233358359922	0.0	0	460.22282782255206	622.8233358360449	1	0	2	1.9911734250760238
95200.0	3000.0	422.823335835987	0.0	0	538.6374636225082	622.8233358360303	1	0	2	1.9911734250760311
96200.0	3000.0	422.823335835991	0.0	0	252.99233407175052	622.8233358360303	1	0	2	1.9911734250760311
97200.0	3000.0	422.8233358359986	0.0	0	183.55262647171912	622.8233358360303	1	0	2	1.9911734250760311
98200.0	3000.0	422.82333583600143	0.0	0	346.6482993227546	622.8233358360303	1	0	2	1.9911734250760311
99200.0	3000.0	422.82333583599757	0.0	0	163.67369103974488	622.8233358360303	1	0	2	1.9911734250760311
100200.0	3000.0	422.8233358359913	0.0	0	129.1060729020537	622.8233358360158	1	0	2	1.9911734250760382
101239.94792647702	3000.0	474.03137664272566	91.15596728374794	0	0.0	713.9793031197623	1	0	2	1.3986596377316773
102200.0	3000.0	417.97409576744093	0.0	0	394.5539309937594	617.9740957674658	1	0	3	1.5751732057652206
103200.0	3000.0	417.9740957674542	0.0	0	414.6074991055357	617.9740957674803	1	0	2	1.7935980451103055
104200.0	3000.0	417.9740957674667	0.0	0	341.4548045858828	617.9740957674949	1	0	2	1.9935980451102986
105200.0	3000.0	417.9740957674412	0.0	0	556.51472391875	617.9740957674803	1	0	2	1.9935980451103057
106200.0	3000.0	417.97409576743803	0.0	0	465.66174585552653	617.9740957674803	1	0	2	1.9935980451103057
107400.45320065519	3000.0	388.2398066736886	170.71891156143897	0	0.0	788.6930073289259	1	0	2	0.883925119960949
108200.0	3000.0	520.7137951194364	10.886788840956171	0	66.32489130535396	720.7137951194891	1	0	3	1.4650327236925356
109200.0	3000.0	520.7137951194516	0.0	0	333.59685102288495	720.7137951194891	1	0	2	1.7422281954343013
110200.0	3000.0	520.7137951194347	0.0	0	532.6081102340104	720.7137951194745	1	0	2	1.9422281954343088
111200.0	2000.0	520.7137951194497	0.0	0	89.53706612691167	720.7137951194891	1	0	2	1.131297979217972
112200.0	3000.0	520.7137951194475	0.0	0	261.62276927844505	720.7137951194891	1	0	2	1.5367630873261369
113200.0	3000.0	520.7137951194438	0.0	0	349.1163923723652	720.7137951194891	1	0	2	1.9422281954343015
114200.0	3000.0	520.7137951194284	0.0	0	529.3222988594789	720.7137951194891	1	0	2	1.9422281954343015
115200.0	3000.0	520.7137951194323	0.0	0	593.455830174702	720.7137951194891	1	0	2	1.9422281954343015
116200.0	3000.0	520.7137951194263	0.0	0	521.4394846065406	720.7137951194745	1	0	2	1.9422281954343088
117200.0	3000.0	420.7137951194173	0.0	0	326.8115423183044	620.7137951194745	1	0	3	1.5729756700769726
118200.0	3000.0	368.4117199876299	43.36174988018709	0	160.89478645358759	568.4117199876782	1	0	3	1.5420615675094251
119200.0	3000.0	368.41171998763696	0.0	0	225.06673538609175	568.4117199876928	1	0	2	1.8183792330001998
120200.0	3000.0	368.41171998762115	0.0	0	258.46192880861054	568.4117199876782	1	0	2	2.018379233000207
121200.0	3000.0	368.4117199876367	0.0	0	377.59566967248975	568.4117199876782	1	0	2	2.018379233000207
122200.0	3000.0	368.4117199876571	0.0	0	592.2750769663398	568.4117199876782	1	0	2	2.018379233000207
123429.52775870023	3000.0	285.1737000904882	146.28973880305756	0	0.0	714.701458790747	1	0	2	1.0674959307803273
124507.90855969148	3000.0	465.41752704375386	258.6246279445081	0	0.0	973.3260867352656	1	0	2	0.26417428195936443
125458.73745696849	3000.0	514.5886297667457	0.0	0	0.0	973.3260867352656	1	0	2	1.8159220496264132
126200.0	3000.0	699.199832432075	0.0	0	175.139494749601	899.199832432103	1	0	3	1.4393105035896854
127642.6888039345	3000.0	331.4301101083821	199.26178364022934	0	0.0	974.1189140429196	1	0	3	0.41270709773421255
128610.35707788644	3000.0	463.9797592368424	179.07704588688193	0	0.0	1074.3368371233082	1	0	3	0.4789607927994165
129533.37769366798	3000.0	449.64570245331475	0.8987459783177769	0	0.0	983.0233961213089	1	0	3	1.5925037150370254
130200.0	2000.0	716.3611654880949	0.0	0	165.4042008514516	916.3611654881097	1	0	3	0.8210881998245609
131200.0	2000.0	616.3611654880851	0.0	0	178.04762811565888	816.3611654880951	1	0	3	1.271554314077939
132225.88143457333	3000.0	487.8915874574267	0.0	0	0.0	713.7730220307712	1	0	3	1.3272458463018555
133200.0	3000.0	416.36116548810105	0.0	0	310.82002270114026	616.3611654880806	1	0	3	1.7762564270336783
134406.86978688388	3000.0	351.0164424716198	141.5250638673893	0	0.0	757.8862293554703	1	0	2	0.874491595111975
135361.84571605563	3000.0	526.8683988252125	130.82788552532736	0	0.0	888.7141148808005	1	0	2	1.0732607224016817
136200.0	3000.0	688.7141148808288	0.0	0	136.79743318384863	888.7141148808005	1	0	2	1.858228035553646
137200.0	3000.0	688.7141148808226	0.0	0	47.78380574192852	888.7141148808296	1	0	2	1.8582280355536311
138200.0	3000.0	588.7141148808338	0.0	0	224.60684317231062	788.7141148808296	1	0	3	1.4906940648597335
139200.0	3000.0	488.7141148808355	0.0	0	284.8073844302853	688.7141148808005	1	0	3	1.7403449022892477
140200.0	3000.0	488.7141148808138	0.0	0	360.7130195910577	688.7141148808005	1	0	2	1.7582280355536457
141200.0	3000.0	488.71411488080264	0.0	0	561.4917920632579	688.7141148808296	1	0	2	1.9582280355536312
142200.0	3000.0	488.7141148808114	0.0	0	582.0343065167544	688.7141148808296	1	0	2	1.9582280355536312
143200.0	3000.0	488.71411488081685	0.0	0	671.904022230301	688.7141148808296	1	0	2	1.9582280355536312
144200.0	3000.0	488.714114880833	0.0	0	641.226300673181	688.7141148808587	1	0	2	1.958228035553617
145200.0	3000.0	488.7141148808622	0.0	0	410.58484526514076	688.7141148808587	1	0	2	1.958228035553617
146289.9110913224	3000.0	444.7604528504104	45.95742929193682	0	0.0	734.6715441728011	1	0	2	1.6595047451560245
147200.0	3000.0	443.6626533050748	0.0	0	447.09226302208845	643.6626533051021	1	0	3	1.5621493782455702
148200.0	3000.0	443.6626533050787	0.0	0	194.62895243099774	643.6626533051021	1	0	2	1.780753766341495
149200.0	3000.0	443.6626533050571	0.0	0	382.48486227245303	643.662653305073	1	0	2	1.9807537663415096
150200.0	3000.0	443.66265330507156	0.0	0	348.5228941362584	643.662653305073	1	0	2	1.9807537663415096
151200.0	3000.0	443.6626533050671	0.0	0	498.7416934898647	643.662653305073	1	0	2	1.9807537663415096
152200.0	3000.0	443.66265330503893	0.0	0	509.20617020045756	643.662653305073	1	0	2	1.9807537663415096
153200.0	3000.0	443.6626533050538	0.0	0	389.8621058257413	643.6626533051021	1	0	2	1.9807537663414951
154200.0	3000.0	443.6626533050455	0.0	0	95.70101208405686	643.662653305073	1	0	2	1.9807537663415096
155200.0	2000.0	443.66265330506644	0.0	0	564.595637926861	643.6626533050439	1	0	2	1.1698235501251948
156200.0	2000.0	443.6626533051193	0.0	0	503.0035300621239	643.662653305073	1	0	2	1.5752886582333447
157200.0	2000.0	443.6626533051092	0.0	0	236.9204542429361	643.662653305073	1	0	2	1.5752886582333447
158200.0	2000.0	470.5646340111748	26.901980706033214	0	21.364826098666526	670.564634011127	1	0	2	1.4004257836441185
159200.0	3000.0	470.5646340111683	0.0	0	206.68026576683042	670.564634011127	1	0	2	1.5618376678803179
160200.0	3000.0	470.5646340111758	0.0	0	327.3299329530564	670.5646340111562	1	0	2	1.9673027759884683
161352.15180069758	3000.0	367.3235036084226	48.910670294800184	0	0.0	719.47530430599	1	0	2	1.6493834190722616
162583.47881028728	3000.0	451.3290932488045	315.3325992300793	0	0.0	1034.8079035360424	1	0	2	-0.10681445415445145
163330.48553152624	3000.0	629.6216998859971	0.0	0	0.0	960.1072314122284	1	0	3	1.412927849982669
164200.0	3000.0	673.1557845648686	0.0	0	122.04496571060736	873.1557845648786	1	0	3	1.6511160535474765
165200.0	3000.0	573.1557845648603	0.0	0	298.17929842564627	773.1557845648495	1	0	3	1.69815368919222
166200.0	3000.0	473.15578456485144	0.0	0	287.9596978413174	673.1557845648495	1	0	3	1.747300696507622
167200.0	3000.0	473.1557845648156	0.0	0	397.7369178466033	673.1557845648786	1	0	2	1.7660072007116068
168200.0	3000.0	473.15578456479784	0.0	0	533.9196330773993	673.1557845648786	1	0	2	1.966007200711607
169200.0	3000.0	473.15578456481103	0.0	0	392.8097200712655	673.1557845649077	1	0	2	1.9660072007115923
170200.0	3000.0	473.155784564838	0.0	0	89.15946520329453	673.1557845649077	1	0	2	1.9660072007115923
171200.0	3000.0	473.1557845648442	0.0	0	112.69130674682674	673.1557845649077	1	0	2	1.9660072007115923
172200.0	2000.0	473.1557845648589	0.0	0	266.9446774799144	673.1557845649077	1	0	2	1.1550769844952629
173200.0	3000.0	473.1557845648582	0.0	0	217.92591415176867	673.1557845649077	1	0	2	1.5605420926034277
174200.0	3000.0	373.1557845648592	0.0	0	373.768059460941	573.1557845649077	1	0	3	1.5975151044331686
175200.0	3000.0	373.1557845648753	0.0	0	362.9474930575234	573.1557845649077	1	0	2	1.8160072007115922
176200.0	3000.0	418.213714305498	45.0579297406141	0	203.14728343571187	618.2137143054861	1	0	2	1.7231306573976184
177200.0	3000.0	418.2137143055081	0.0	0	228.73177147982642	618.2137143055152	1	0	2	1.9934782358412884
178200.0	3000.0	418.2137143055554	0.0	0	352.9606940423546	618.2137143055152	1	0	2	1.9934782358412884
179200.0	2000.0	428.7684718885753	10.554757583016396	0	59.312962461437564	628.7684718884993	1	0	2	1.1139420953353687
180200.0	1000.0	428.76847188855436	0.0	0	388.3413640152139	628.7684718884702	1	0	2	0.19644138782175602
181200.0	2000.0	463.52631286554424	34.75784097697135	0	97.13825383549556	663.5263128654333	1	0	2	0.6636626020313914
182200.0	2000.0	463.52631286550184	0.0	0	84.88761991812498	663.5263128654333	1	0	2	1.5653568284531647
183200.0	2000.0	463.52631286548194	0.0	0	250.1047908809851	663.5263128654333	1	0	2	1.5653568284531647
184200.0	3000.0	463.5263128654818	0.0	0	270.34864562776056	663.5263128654042	1	0	2	1.5653568284531794
185200.0	3000.0	463.526312865469	0.0	0	2.1777151671703905	663.5263128654042	1	0	2	1.970821936561344
186200.0	3000.0	463.52631286548046	0.0	0	39.86257969526923	663.5263128654042	1	0	2	1.970821936561344
187200.0	3000.0	463.5263128654901	0.0	0	185.78522724553477	663.5263128654042	1	0	2	1.970821936561344
188200.0	3000.0	463.52631286548285	0.0	0	89.55149019006058	663.5263128654042	1	0	2	1.970821936561344
189200.0	3000.0	463.52631286546955	0.0	0	165.18144132601446	663.5263128654042	1	0	2	1.970821936561344
190200.0	3000.0	463.52631286547796	0.0	0	139.11205251698266	663.5263128654042	1	0	2	1.970821936561344
191387.6940229415	3000.0	426.76157749688156	150.92928757292685	0	0.0	814.4556004383194	1	0	2	0.9897815673373253
192528.85071579413	3000.0	357.5459206655702	169.14245936963567	0	0.0	886.3966364596272	1	0	3	0.43081840592076326
193254.989039934	3000.0	588.0790125501314	26.622953125856895	0	0.0	843.0680524840718	1	0	3	1.5119142103128267
194200.0	3000.0	548.5669564775683	0.0	0	504.3278503276815	748.5669564775017	1	0	3	1.7091115179346283
195200.0	3000.0	448.566956477586	0.0	0	479.5396132626629	648.5669564775017	1	0	3	1.7589469650717648
196200.0	3000.0	448.5669564775767	0.0	0	129.41446281704702	648.5669564775017	1	0	2	1.7783016147552952
197216.55184001295	3000.0	509.7495273357945	77.734410871161	0	0.0	726.3013673486712	1	0	2	1.4730279440927443
198200.0	3000.0	526.3013673487156	0.0	0	328.3544099590508	726.3013673486712	1	0	2	1.9394344093197105
199200.0	3000.0	526.3013673487039	0.0	0	614.9854029455746	726.3013673486712	1	0	2	1.9394344093197105
200200.0	3000.0	526.3013673486887	0.0	0	0.9203041453438345	726.3013673486712	1	0	2	1.9394344093197105
201372.5085089659	2000.0	365.590856377052	11.797997994286504	0	0.0	738.0993653429323	1	0	2	1.0518172061405315
202311.29610943404	3000.0	487.11610301157475	60.3128471026601	0	0.0	798.4122124456044	1	0	2	1.1360367960471187
203326.04848236506	3000.0	423.97898454490826	48.26408341589769	0	0.0	750.0274669099308	1	0	3	1.2248320389099137
204200.0	3000.0	462.63231514649726	0.0	0	356.4091290253855	662.6323151464167	1	0	3	1.7537142237070416
205200.0	3000.0	462.6323151465019	0.0	0	456.5501007489802	662.6323151464458	1	0	2	1.771268935420823
206200.0	3000.0	462.63231514653035	0.0	0	339.66683617592207	662.6323151464458	1	0	2	1.9712689354208233
207200.0	3000.0	462.6323151465318	0.0	0	567.9779672062723	662.6323151464458	1	0	2	1.9712689354208233
208200.0	3000.0	462.6323151465359	0.0	0	428.0334056004358	662.6323151464458	1	0	2	1.9712689354208233
209200.0	3000.0	462.6323151465547	0.0	0	293.3335786734824	662.6323151464458	1	0	2	1.9712689354208233
210200.0	3000.0	462.63231514658196	0.0	0	493.26660002963035	662.6323151464458	1	0	2	1.9712689354208233
211200.0	3000.0	462.6323151465863	0.0	0	632.2881241121504	662.6323151464458	1	0	2	1.9712689354208233
212200.0	3000.0	462.63231514656434	0.0	0	686.7120742077532	662.6323151464458	1	0	2	1.9712689354208233
213200.0	3000.0	362.6323151465684	0.0	0	485.99321667206823	562.6323151464458	1	0	3	1.6017285250052886
214200.0	3000.0	262.63231514658617	0.0	0	479.19834315255866	462.63231514650397	1	0	3	1.8514235529496585
215200.0	3000.0	326.2958794275967	63.663564281026964	0	446.979554636142	526.2958794275182	1	0	2	1.4574557675941249
216200.0	3000.0	326.2958794276241	0.0	0	521.5652902874863	526.2958794275473	1	0	2	2.0394371532802724
217200.0	3000.0	326.29587942762953	0.0	0	547.4117530169897	526.2958794275764	1	0	2	2.039437153280258
218200.0	3000.0	412.32419451549913	86.0283150878459	0	96.64206427734462	612.324194515415	1	0	2	1.4802531052092633
219200.0	3000.0	412.3241945154905	0.0	0	465.3600197880296	612.324194515415	1	0	2	1.9964229957363386
220200.0	3000.0	412.3241945154532	0.0	0	638.2635310299229	612.324194515415	1	0	2	1.9964229957363386
221200.0	3000.0	412.32419451547685	0.0	0	419.11454637660063	612.324194515415	1	0	2	1.9964229957363386
222200.0	3000.0	412.32419451546025	0.0	0	302.9674548039038	612.324194515415	1	0	2	1.9964229957363386
223200.0	3000.0	412.3241945154682	0.0	0	350.3172312210954	612.3241945154441	1	0	2	1.9964229957363242
224366.90906221318	3000.0	330.8437590409162	85.42862673864124	0	0.0	697.7528212540783	1	0	2	1.4411369219351595
225200.0	3000.0	497.75282125408137	0.0	0	206.91606987614068	697.7528212540783	1	0	2	1.953708682367007
226200.0	3000.0	497.7528212540883	0.0	0	430.0350275290839	697.7528212540783	1	0	2	1.953708682367007
227200.0	3000.0	497.75282125408035	0.0	0	496.6049828453106	697.7528212540783	1	0	2	1.953708682367007
228200.0	3000.0	497.7528212540652	0.0	0	564.5275926676695	697.7528212540783	1	0	2	1.953708682367007
229200.0	3000.0	497.7528212540627	0.0	0	595.4943784416828	697.7528212540783	1	0	2	1.953708682367007
230200.0	2000.0	497.7528212540467	0.0	0	560.1695644017018	697.7528212540783	1	0	2	1.1427784661506775
231200.0	3000.0	497.75282125403885	0.0	0	483.0987906853552	697.7528212540783	1	0	2	1.5482435742588423
232200.0	3000.0	497.75282125404584	0.0	0	4.414341916242847	697.7528212540783	1	0	2	1.953708682367007
233200.0	3000.0	497.7528212540574	0.0	0	340.61742316759774	697.7528212540783	1	0	2	1.953708682367007
234200.0	3000.0	497.75282125410536	0.0	0	611.335273539531	697.7528212541074	1	0	2	1.9537086823669925
235200.0	3000.0	497.75282125409706	0.0	0	221.3786399194505	697.7528212540783	1	0	2	1.953708682367007
236200.0	3000.0	497.7528212540934	0.0	0	256.91853296745103	697.7528212540783	1	0	2	1.953708682367007
237200.0	3000.0	397.7528212541238	0.0	0	431.34892615961144	597.7528212541365	1	0	3	1.5848472414521053
238200.0	3000.0	397.75282125412105	0.0	0	467.8403876798402	597.7528212541365	1	0	2	1.8037086823669777
239200.0	3000.0	397.75282125411366	0.0	0	368.94770120980684	597.7528212541365	1	0	2	2.0037086823669776
240200.0	3000.0	397.7528212540958	0.0	0	670.1899723332899	597.7528212541074	1	0	2	2.0037086823669927
241200.0	3000.0	397.75282125410035	0.0	0	711.6826223619864	597.7528212541074	1	0	2	2.0037086823669927
242200.0	3000.0	397.7528212541041	0.0	0	442.291740582441	597.7528212541365	1	0	2	2.0037086823669776
243200.0	3000.0	397.7528212541122	0.0	0	404.6942689656862	597.7528212541365	1	0	2	2.0037086823669776
244200.0	3000.0	397.75282125407807	0.0	0	512.6267326324305	597.7528212541656	1	0	2	2.0037086823669634
245200.0	3000.0	397.75282125408603	0.0	0	486.3973153726838	597.7528212541656	1	0	2	2.0037086823669634
246200.0	3000.0	445.7225517980032	47.969730543957326	0	91.22618005130789	645.7225517980987	1	0	2	1.691905433831253
247200.0	3000.0	445.722551797959	0.0	0	408.08026495808735	645.7225517980987	1	0	2	1.979723817094997
248200.0	3000.0	445.7225517979317	0.0	0	479.9381670699222	645.7225517980987	1	0	2	1.979723817094997
249200.0	3000.0	445.7225517978825	0.0	0	170.02996977668954	645.7225517980987	1	0	2	1.979723817094997
250350.42193287934	3000.0	339.0224411554167	43.7218222368943	0	0.0	689.4443740349961	1	0	2	1.695531972555182
251200.0	3000.0	489.4443740347599	0.0	0	369.1529031630489	689.4443740349961	1	0	2	1.957862905976548
252200.0	3000.0	489.44437403478423	0.0	0	220.6233575520455	689.4443740349961	1	0	2	1.957862905976548
253200.0	3000.0	489.44437403477605	0.0	0	370.2321884523262	689.4443740349961	1	0	2	1.957862905976548
254200.0	3000.0	489.44437403475024	0.0	0	328.11612096169847	689.4443740349961	1	0	2	1.957862905976548
255200.0	3000.0	489.44437403472557	0.0	0	284.8178881525819	689.4443740350252	1	0	2	1.9578629059765333
256200.0	3000.0	489.444374034735	0.0	0	119.68073700097739	689.4443740349961	1	0	2	1.957862905976548
257200.0	3000.0	489.44437403474797	0.0	0	90.36334033383173	689.4443740350252	1	0	2	1.9578629059765333
258200.0	3000.0	489.4443740347442	0.0	0	560.7624466993148	689.4443740350544	1	0	2	1.9578629059765191
259200.0	3000.0	489.44437403477116	0.0	0	357.6307794081222	689.4443740350544	1	0	2	1.9578629059765191
260200.0	3000.0	389.4443740347235	0.0	0	5.450164353562286	589.4443740349961	1	0	3	1.5924365216388705
261200.0	3000.0	453.95409160020665	149.55428869589298	0	63.40254769480089	653.9540916004626	1	0	3	0.8648235958277315
262200.0	3000.0	453.9540916002129	0.0	0	404.3894455251284	653.9540916004335	1	0	2	1.775608047193829
263200.0	3000.0	453.95409160016675	0.0	0	518.300084075483	653.9540916004335	1	0	2	1.975608047193829
264200.0	3000.0	453.9540916001613	0.0	0	643.177713252313	653.9540916004917	1	0	2	1.9756080471938002
265200.0	3000.0	453.9540916001167	0.0	0	595.6283371134195	653.9540916004917	1	0	2	1.9756080471938002
266200.0	3000.0	453.95409160011127	0.0	0	226.81635893898783	653.9540916004917	1	0	2	1.9756080471938002
267200.0	3000.0	456.8742631171458	2.920171517013671	0	64.626604929741	656.8742631175555	1	0	2	1.9566269323331864
268200.0	3000.0	456.87426311715444	0.0	0	106.70367799996166	656.8742631175555	1	0	2	1.9741479614352684
269200.0	3000.0	456.87426311708373	0.0	0	455.9815388158313	656.8742631175555	1	0	2	1.9741479614352684
270200.0	3000.0	456.87426311711033	0.0	0	458.80584133428056	656.8742631175555	1	0	2	1.9741479614352684
271200.0	3000.0	456.8742631170785	0.0	0	502.56386570609175	656.8742631175555	1	0	2	1.9741479614352684
272200.0	2000.0	456.8742631171043	0.0	0	175.40915025142021	656.8742631175555	1	0	2	1.163217745218939
273200.0	2000.0	456.87426311720674	0.0	0	345.3820519769215	656.8742631175555	1	0	2	1.5686828533271036
274334.7369106646	3000.0	415.9240884246408	93.78673597206313	0	0.0	750.6609990896541	1	0	2	0.9590690695086758
275200.0	3000.0	464.13469015567273	0.0	0	372.10737489146413	664.1346901561483	1	0	3	1.5525499015557627
276403.91822855285	3000.0	328.22729647223605	68.01083486939751	0	0.0	732.1455250256113	1	0	2	1.328447321264855
277200.0	3000.0	532.1455250251254	0.0	0	207.03394943271996	732.1455250256113	1	0	2	1.9365123304812404
278200.0	3000.0	532.1455250251929	0.0	0	360.5256936685764	732.1455250256695	1	0	2	1.9365123304812115
279200.0	3000.0	532.1455250250993	0.0	0	281.82018143625464	732.1455250256113	1	0	2	1.9365123304812404
280200.0	2000.0	432.14552502511617	0.0	0	147.07084700773703	632.1455250257859	1	0	3	0.7589295490209016
281279.8168241957	3000.0	441.0220395308685	88.69333870142651	0	0.0	720.838863727171	1	0	2	0.8045405208137366
282200.0	3000.0	520.8388637265662	0.0	0	120.13301550073083	720.838863727171	1	0	2	1.9421656611304605
283405.9434310112	3000.0	280.220093137754	78.10818502139836	0	0.0	686.163524149626	1	0	3	1.0747039213676663
284200.0	2000.0	489.58950771788545	3.42598356885793	0	237.13674917176832	689.5895077185123	1	0	2	0.9263042215053127
285200.0	2000.0	489.5895077179009	0.0	0	228.65637249709107	689.5895077185705	1	0	2	1.5523252310265963
286200.0	3000.0	489.5895077178749	0.0	0	308.8543404870434	689.5895077185705	1	0	2	1.5523252310265963
287304.57276374777	3000.0	435.71616852269574	50.69942455255517	0	0.0	740.2889322711271	1	0	2	1.6282440795431516
288200.0	3000.0	450.7462086452709	0.0	0	162.73527365672635	650.7462086459273	1	0	3	1.56213987174165
289200.0	3000.0	450.746208645243	0.0	0	524.7921926983399	650.746208645869	1	0	2	1.7772119886711113
290200.0	3000.0	450.74620864524763	0.0	0	507.5708229134907	650.7462086459273	1	0	2	1.9772119886710826
291200.0	3000.0	450.7462086452192	0.0	0	501.7302691183286	650.7462086459273	1	0	2	1.9772119886710826
292200.0	3000.0	450.7462086452192	0.0	0	625.9518080769922	650.7462086459273	1	0	2	1.9772119886710826
293200.0	3000.0	450.74620864522944	0.0	0	378.64155294856755	650.7462086459273	1	0	2	1.9772119886710826
294200.0	3000.0	450.74620864521194	0.0	0	478.11497908231104	650.7462086459273	1	0	2	1.9772119886710826
295200.0	3000.0	450.74620864518283	0.0	0	243.26888345414773	650.7462086459273	1	0	2	1.9772119886710826
296200.0	3000.0	450.7462086451492	0.0	0	152.079545944056	650.7462086459855	1	0	2	1.9772119886710535
297200.0	3000.0	350.7462086451191	0.0	0	309.54018353903666	550.7462086459273	1	0	3	1.6090418433387113
298200.0	3000.0	387.6091155834289	36.86290693832447	0	219.28484051895794	587.6091155842296	1	0	2	1.5876030935719845
299200.0	3000.0	442.67815731766757	55.06904173422981	0	19.93162483413471	642.6781573184999	1	0	2	1.6508317639294174
300200.0	3000.0	442.6781573176004	0.0	0	260.97525603941176	642.6781573184999	1	0	2	1.9812460143347963
3.98	4.16	3.98	2.51	2.58	4.24	5.78	2.88	2.49	3.87	3.54	5.27	4.61	5.86	5.78	5.03	4.31	4.09	3.13	3.34	4.0	3.65	4.0	4.16	5.27	2.42	1.84	3.05	2.2	3.2	4.48	3.29	3.44	3.61	3.63	4.02	2.81	3.34	3.09	4.37	6.01	6.75	3.2	3.68	5.47	6.83	3.43	2.05	3.68	4.0	4.8	4.74	4.97	6.36	6.52	4.34	5.26	7.21	9.8	6.36	3.96	8.32	6.58	4.52	4.41	5.5	7.43	4.43	4.71	4.25	2.85	4.46	6.3	7.52	7.15	6.6	5.39	6.81	3.34	5.8	6.78	4.01	3.83	4.6	4.46	6.65	9.15	9.79	5.94	7.05	5.21	5.17	3.82	5.9	4.78	3.85	2.97	5.11	5.19	5.64	5.76	4.67	3.24	4.53	6.1	5.88	2.39	4.05	4.97	6.29	8.53	6.59	3.7	3.59	3.53	4.89	6.06	6.95	2.63	3.83	3.44	5.35	2.18	3.85	4.24	3.13	2.4	3.36	4.08	3.19	3.52	3.73	3.95	3.45	5.4	6.12	8.48	8.79	7.09	6.44	4.47	3.65	5.32	4.38	3.65	4.24	5.5	5.76	4.43	5.51	3.98	4.16	3.98	2.51	2.58	4.24	5.78	2.88	2.49	3.87	3.54	5.27	4.61	5.86	5.78	5.03	4.31	4.09	3.13	3.34	4.0	3.65	4.0	4.16	5.27	2.42	1.84	3.05	2.2	3.2	4.48	3.29	3.44	3.61	3.63	4.02	2.81	3.34	3.09	4.37	6.01	6.75	3.2	3.68	5.47	6.83	3.43	2.05	3.68	4.0	4.8	4.74	4.97	6.36	6.52	4.34	5.26	7.21	9.8	6.36	3.96	8.32	6.58	4.52	4.41	5.5	7.43	4.43	4.71	4.25	2.85	4.46	6.3	7.52	7.15	6.6	5.39	6.81	3.34	5.8	6.78	4.01	3.83	4.6	4.46	6.65	9.15	9.79	5.94	7.05	5.21	5.17	3.82	5.9	4.78	3.85	2.97	5.11	5.19	5.64	5.76	4.67	3.24	4.53	6.1	5.88	2.39	4.05	4.97	6.29	8.53	6.59	3.7	3.59	3.53	4.89	6.06	6.95	2.63	3.83	3.44	5.35	2.18	3.85	4.24	3.13	2.4	3.36	4.08	3.19	3.52	3.73	3.95	3.45	5.4	6.12	8.48	8.79	7.09	6.44	4.47	3.65	5.32	4.38	3.65	4.24	5.5	5.76
1.0	2.0	3.0	4.0	5.0	6.0	7.0	8.0	9.0	10.0	11.0	12.0	13.0	14.0	15.0	16.0	17.0	18.0	19.0	20.0	21.0	22.0	23.0	24.0	25.0	26.0	27.0	28.0	29.0	30.0	31.0	32.0	33.0	34.0	35.0	36.0	37.0	38.0	39.0	40.0	41.0	42.0	43.0	44.0	45.0	46.0	47.0	48.0	49.0	50.0	51.0	52.0	53.0	54.0	55.0	56.0	57.0	58.0	59.0	60.0	61.0	62.0	63.0	64.0	65.0	66.0	67.0	68.0	69.0	70.0	71.0	72.0	73.0	74.0	75.0	76.0	77.0	78.0	79.0	80.0	81.0	82.0	83.0	84.0	85.0	86.0	87.0	88.0	89.0	90.0	91.0	92.0	93.0	94.0	95.0	96.0	97.0	98.0	99.0	100.0	101.0	102.0	103.0	104.0	105.0	106.0	107.0	108.0	109.0	110.0	111.0	112.0	113.0	114.0	115.0	116.0	117.0	118.0	119.0	120.0	121.0	122.0	123.0	124.0	125.0	126.0	127.0	128.0	129.0	130.0	131.0	132.0	133.0	134.0	135.0	136.0	137.0	138.0	139.0	140.0	141.0	142.0	143.0	144.0	145.0	146.0	147.0	148.0	149.0	149.0	150.0	151.0	152.0	153.0	154.0	155.0	156.0	157.0	158.0	159.0	160.0	161.0	162.0	163.0	164.0	165.0	166.0	167.0	168.0	169.0	170.0	171.0	172.0	173.0	174.0	175.0	176.0	177.0	178.0	179.0	180.0	181.0	182.0	183.0	184.0	185.0	186.0	187.0	188.0	189.0	190.0	191.0	192.0	193.0	194.0	195.0	196.0	197.0	198.0	199.0	200.0	201.0	202.0	203.0	204.0	205.0	206.0	207.0	208.0	209.0	210.0	211.0	212.0	213.0	214.0	215.0	216.0	217.0	218.0	219.0	220.0	221.0	222.0	223.0	224.0	225.0	226.0	227.0	228.0	229.0	230.0	231.0	232.0	233.0	234.0	235.0	236.0	237.0	238.0	239.0	240.0	241.0	242.0	243.0	244.0	245.0	246.0	247.0	248.0	249.0	250.0	251.0	252.0	253.0	254.0	255.0	256.0	257.0	258.0	259.0	260.0	261.0	262.0	263.0	264.0	265.0	266.0	267.0	268.0	269.0	270.0	271.0	272.0	273.0	274.0	275.0	276.0	277.0	278.0	279.0	280.0	281.0	282.0	283.0	284.0	285.0	286.0	287.0	288.0	289.0	290.0	291.0	292.0	293.0	294.0	295.0	296.0	297.0
4350.229254081732
