3871.4460522995114	300.0	2000.0	360.6624788948618	0	0.0	3871.4460522995114	1	0	1	-4.259065937413059
4330.4396745138865	500.0	2426.25797223203	0.0	0	0.0	3756.697646745917	1	0	4	-3.091585714365083
5434.060962125858	1000.0	2046.7313627170652	0.0	0	0.0	3480.7923248429233	1	0	4	-1.769962326381172
6509.501557992052	1000.0	1863.7467072642514	0.0	0	0.0	3373.2482652563026	1	0	3	-0.9930586218667741
7839.910167524069	2000.0	1200.73594534923	0.0	0	0.0	3040.646112873298	1	0	4	-1.1513500437988977
8963.09327166194	2000.0	965.2345307975689	0.0	0	0.0	2928.3278024595083	1	0	3	-0.08084977617873662
9770.497860178908	1000.0	1077.0894834289065	0.0	0	0.0	2847.5873436078127	1	0	3	-1.1262096799634935
10549.001620824516	1000.0	1103.959782621897	0.0	0	0.0	2652.961403446411	1	0	4	-0.9408658547551534
11133.766104847105	1000.0	1373.0041775936616	0.0	0	0.0	2506.7702824407643	1	0	4	-0.5683895112583521
12395.826755274435	1000.0	795.4283645595001	0.0	0	0.0	2191.2551198339315	1	0	4	-0.4229015498448784
13293.888753281311	1000.0	897.3663665526234	0.0	0	0.0	2191.2551198339333	1	0	2	-0.3916547555910306
14217.654872443369	1000.0	881.22363547436	0.0	0	0.0	2098.878507917727	1	0	3	-0.25665889882238047
14730.91566083262	1000.0	1316.6367682461844	0.0	0	0.0	2047.5524290788017	1	0	3	-0.025787498721890928
15200.0	500.0	1800.6439951620673	0.0	0	214.28092073361404	2000.643995162065	1	0	3	-1.3936621794186914
16200.0	500.0	1700.6439951620646	0.0	0	365.4938070290973	1900.6439951620632	1	0	3	-0.6583664097964513
17200.0	500.0	1600.6439951620619	0.0	0	182.70275806147765	1800.6439951620596	1	0	3	-0.6057756967152514
18522.27339603409	1000.0	1146.1432595245624	0.0	0	0.0	1668.416655558649	1	0	3	-0.5381444778970849
19690.297763591218	1000.0	861.3164552117213	0.0	0	0.0	1551.6142188029407	1	0	3	0.21043213595281907
20847.7186141504	1000.0	588.1535195966256	0.0	0	0.0	1435.8721337470233	1	0	3	0.2749219243475402
21666.56572104997	1000.0	769.3064126970559	0.0	0	0.0	1435.872133747027	1	0	2	0.28603673745242253
22410.89607422374	1000.0	950.5430242059077	0.0	0	0.0	1361.4390984296515	1	0	3	0.11444942061597724
23200.0	1000.0	1082.5287058520244	0.0	0	255.63348392068292	1282.5287058520262	1	0	3	0.34719707092975616
24200.0	1000.0	982.5287058520222	0.0	0	579.8026505245689	1182.528705852019	1	0	3	0.39283129087014773
25364.074450160595	2000.0	702.0468106753643	0.0	0	0.0	1066.1212608359565	1	0	3	0.4562718509387896
26635.526988722464	2000.0	311.1783229432111	7.0266406235492695	0	0.0	946.7053116656716	1	0	3	1.1658898786106888
27317.95121829604	2000.0	629.4584014501659	62.67884639807738	0	0.0	947.4096197462022	1	0	3	0.8393574791163989
28200.0	1000.0	747.409619746203	0.0	0	457.67350531221746	947.4096197461986	1	0	2	-0.16287918610710858
29200.0	1000.0	647.4096197462067	0.0	0	369.103532333731	847.4096197462022	1	0	3	0.3616639234726249
30200.0	1000.0	647.4096197462085	0.0	0	557.4736965024749	847.4096197462059	1	0	2	0.5802679944528331
31200.0	1000.0	547.4096197462065	0.0	0	317.4136197896951	747.4096197461986	1	0	3	0.41154709420549485
32200.0	1000.0	547.409619746202	0.0	0	373.1133886441712	747.4096197461986	1	0	2	0.6302679944528367
33200.0	1000.0	547.4096197462018	0.0	0	392.3605552022127	747.4096197461986	1	0	2	0.8302679944528368
34200.0	1000.0	547.4096197461978	0.0	0	405.3368858571557	747.4096197461986	1	0	2	0.8302679944528368
35200.0	1000.0	547.4096197461965	0.0	0	235.77662884082383	747.4096197462059	1	0	2	0.8302679944528333
36200.0	1000.0	547.409619746188	0.0	0	283.558391771905	747.4096197461986	1	0	2	0.8302679944528368
37200.0	1000.0	547.409619746189	0.0	0	403.46771892175457	747.4096197461986	1	0	2	0.8302679944528368
38200.0	1000.0	447.40961974619046	0.0	0	345.83021111244307	647.4096197461913	1	0	3	0.4618634633780446
39200.0	1000.0	447.40961974618415	0.0	0	238.58929958635417	647.409619746184	1	0	2	0.6802679944528439
40200.0	1000.0	447.40961974619154	0.0	0	349.8423143920081	647.4096197461913	1	0	2	0.8802679944528404
41200.0	1000.0	447.4096197461847	0.0	0	199.6522032599678	647.4096197461913	1	0	2	0.8802679944528404
42200.0	1000.0	447.40961974619006	0.0	0	357.6177690183031	647.4096197461913	1	0	2	0.8802679944528404
43200.0	1000.0	447.4096197461902	0.0	0	240.54879341754713	647.4096197461913	1	0	2	0.8802679944528404
44200.0	1000.0	447.40961974618085	0.0	0	267.2519564443428	647.4096197461913	1	0	2	0.8802679944528404
45200.0	1000.0	447.409619746182	0.0	0	242.63217485664063	647.4096197461913	1	0	2	0.8802679944528404
46200.0	1000.0	447.40961974617994	0.0	0	527.9960853765224	647.4096197461913	1	0	2	0.8802679944528404
47200.0	1000.0	447.409619746177	0.0	0	197.95540984049148	647.4096197461986	1	0	2	0.8802679944528369
48200.0	1000.0	447.4096197461773	0.0	0	225.32551423131372	647.4096197461986	1	0	2	0.8802679944528369
49200.0	1000.0	447.40961974618097	0.0	0	214.7384381915108	647.4096197461986	1	0	2	0.8802679944528369
50200.0	500.0	547.4096197461795	0.0	0	598.5907399344142	747.4096197461913	1	0	1	-0.7360263666670532
51200.0	500.0	547.4096197461813	0.0	0	686.0222408757618	747.409619746184	1	0	2	-0.06287918610710126
52200.0	500.0	547.4096197461754	0.0	0	248.84169114054384	747.409619746184	1	0	2	0.1371208138928987
53200.0	500.0	547.4096197461832	0.0	0	345.9233378289864	747.409619746184	1	0	2	0.1371208138928987
54200.0	500.0	547.4096197461824	0.0	0	376.57383128964284	747.4096197461768	1	0	2	0.13712081389290232
55200.0	500.0	547.4096197461809	0.0	0	68.97853981162916	747.4096197461768	1	0	2	0.13712081389290232
56200.0	500.0	447.40961974618415	0.0	0	586.765060426158	647.4096197461768	1	0	3	-0.23273980523041227
57200.0	500.0	347.40961974618415	0.0	0	437.5304393608094	547.4096197461913	1	0	3	0.01777897145476058
58200.0	500.0	349.8124446961972	2.402824950009915	0	312.0249524505998	549.8124446962029	1	0	2	0.021502451717829663
59200.0	500.0	296.09678659966755	42.07667445769505	0	310.7920783597365	496.09678659967176	1	0	3	-0.4076669928457785
60200.0	500.0	296.0967865996671	0.0	0	559.9905853208184	496.09678659967176	1	0	2	0.06277723046615469
61200.0	500.0	333.59373246251243	37.496945862843404	0	256.82296699863946	533.593732462512	1	0	2	0.019047082357674314
62200.0	500.0	333.5937324625147	0.0	0	500.4581872547642	533.593732462512	1	0	2	0.24402875753473474
63200.0	500.0	333.5937324625222	0.0	0	601.0211164424472	533.593732462512	1	0	2	0.24402875753473474
64453.903097021415	1000.0	335.52624254035686	255.83560709924524	0	0.0	789.4293395617569	1	0	2	-1.418902688610359
65238.780039246885	1000.0	545.4694042564192	66.64345287644022	0	0.0	784.2494435032859	1	0	3	0.0019987572490944017
66200.0	1000.0	488.1274474280007	0.0	0	170.23863952592365	688.1274474279853	1	0	3	0.6433696176331954
67200.0	1000.0	488.1274474279958	0.0	0	557.4816539130843	688.1274474279926	1	0	2	0.6599090806119399
68200.0	1000.0	488.1274474279786	0.0	0	348.8385799167154	688.1274474279926	1	0	2	0.85990908061194
69200.0	1000.0	488.1274474279895	0.0	0	400.6589128413325	688.127447427978	1	0	2	0.8599090806119472
70205.20005669986	1000.0	496.1218206183969	13.19442989027317	0	0.0	701.3218773182598	1	0	2	0.7741452863251672
71200.0	1000.0	501.3218773182674	0.0	0	330.1116680187697	701.3218773182598	1	0	2	0.8533118656668062
72200.0	1000.0	501.3218773182765	0.0	0	350.2070232295955	701.3218773182598	1	0	2	0.8533118656668062
73200.0	1000.0	501.321877318253	0.0	0	231.79148891501245	701.3218773182452	1	0	2	0.8533118656668136
74200.0	1000.0	501.3218773182349	0.0	0	265.6755297107011	701.3218773182452	1	0	2	0.8533118656668136
75200.0	1000.0	501.32187731823717	0.0	0	287.41910318676673	701.3218773182452	1	0	2	0.8533118656668136
76200.0	500.0	501.32187731824126	0.0	0	498.55238988169003	701.3218773182452	1	0	2	-0.5329824954530771
77200.0	500.0	501.3218773182339	0.0	0	474.24978125464986	701.3218773182598	1	0	2	0.16016468510686083
78200.0	1000.0	501.32187731824376	0.0	0	80.13206184841692	701.3218773182598	1	0	2	0.16016468510686088
79200.0	1000.0	501.3218773182215	0.0	0	413.671378498635	701.3218773182598	1	0	2	0.8533118656668062
80200.0	1000.0	501.32187731823035	0.0	0	390.96360366135195	701.3218773182598	1	0	2	0.8533118656668062
81200.0	1000.0	501.3218773182343	0.0	0	426.2876275731687	701.3218773182598	1	0	2	0.8533118656668062
82200.0	1000.0	501.32187731825184	0.0	0	300.4350203755748	701.3218773182598	1	0	2	0.8533118656668062
83200.0	1000.0	501.3218773182323	0.0	0	249.48334279443952	701.3218773182598	1	0	2	0.8533118656668062
84200.0	1000.0	501.3218773182449	0.0	0	354.73728901347204	701.3218773182598	1	0	2	0.8533118656668062
85200.0	1000.0	501.3218773182423	0.0	0	430.6704927427636	701.3218773182598	1	0	2	0.8533118656668062
86280.1186126906	1000.0	432.7990128965947	11.595748268948057	0	0.0	712.9176255872007	1	0	2	0.7779395019186476
87366.26384801256	1000.0	509.3129693412876	162.65919176665875	0	0.0	875.5768173538672	1	0	2	-0.20977075495094988
88200.0	1000.0	592.2032021551063	0.0	0	282.36697440866556	792.2032021551277	1	0	3	0.39132032898129726
89200.0	1000.0	492.20320215510037	0.0	0	236.9701781823096	692.2032021551277	1	0	3	0.6403520214752272
90200.0	500.0	492.20320215510117	0.0	0	573.6704060268967	692.2032021551277	1	0	2	-0.7284231578715183
91200.0	500.0	492.2032021551104	0.0	0	593.8660809387075	692.2032021551277	1	0	2	0.16472402268842695
92200.0	500.0	492.203202155108	0.0	0	395.2027770304994	692.2032021551277	1	0	2	0.16472402268842695
93200.0	500.0	492.2032021551165	0.0	0	597.1487477130431	692.2032021551131	1	0	2	0.16472402268843417
94200.0	500.0	492.2032021551213	0.0	0	610.2188504816295	692.2032021551131	1	0	2	0.16472402268843417
95200.0	500.0	492.2032021551257	0.0	0	786.4686862223607	692.2032021551131	1	0	2	0.16472402268843417
96200.0	500.0	492.2032021551231	0.0	0	670.5182602725545	692.2032021551131	1	0	2	0.16472402268843417
97200.0	500.0	492.20320215513834	0.0	0	548.500071468603	692.2032021551131	1	0	2	0.16472402268843417
98773.0155109896	1000.0	378.1634740605365	458.97578289499626	0	0.0	1151.1789850501082	1	0	2	-2.818618566129041
99613.7781636974	1000.0	680.9519576830683	143.55113633034068	0	0.0	1294.7301213804749	1	0	2	-0.3046990743463456
100225.71916034445	1000.0	1007.8168613713189	0.0	0	0.0	1233.5360217157722	1	0	3	0.18066299905611566
101200.0	1000.0	936.1079377502165	0.0	0	506.32490668809623	1136.1079377502028	1	0	3	0.4166473858068077
102200.0	1000.0	936.1079377502256	0.0	0	405.3474391971977	1136.1079377502028	1	0	2	0.43591883545083465
103200.0	1000.0	836.1079377502392	0.0	0	296.7709774637042	1036.1079377502028	1	0	3	0.26778830902452655
104200.0	1000.0	736.1079377502379	0.0	0	45.529142444662284	936.1079377501883	1	0	3	0.5216819667869559
105200.0	1000.0	636.1079377502421	0.0	0	320.39059585143696	836.1079377502028	1	0	3	0.56735688953915
106200.0	1000.0	536.1079377502244	0.0	0	411.69461529285763	736.1079377501883	1	0	3	0.616876761167142
107258.87750318334	1000.0	490.2481039956432	13.017669428765544	0	0.0	749.1256071789394	1	0	2	0.5513039841638732
108223.48041452368	1000.0	493.15069246787976	58.15071904238437	0	0.0	716.63110699151	1	0	3	0.08521541580371564
109200.0	1000.0	429.32774213140794	9.407812443161447	0	72.75536986492807	629.3277421313542	1	0	3	0.6188519395250759
110200.0	1000.0	436.09600868056816	6.768266549150553	0	152.88831012796436	636.0960086805135	1	0	2	0.6453152006907761
111200.0	1000.0	436.0960086805669	0.0	0	203.69498723227298	636.0960086805135	1	0	2	0.8859247999856795
112200.0	1000.0	436.0960086805584	0.0	0	439.17778191142133	636.0960086805135	1	0	2	0.8859247999856795
113200.0	500.0	436.09600868054486	0.0	0	278.1997820099932	636.0960086805135	1	0	2	-0.5003695611342113
114200.0	500.0	436.09600868055554	0.0	0	505.1014087119547	636.0960086805135	1	0	2	0.192777619425734
115200.0	500.0	436.09600868055213	0.0	0	245.76568059867714	636.0960086805135	1	0	2	0.192777619425734
116200.0	500.0	436.096008680546	0.0	0	499.61648159017204	636.0960086805135	1	0	2	0.192777619425734
117200.0	500.0	436.0960086805396	0.0	0	395.38477833848447	636.0960086805135	1	0	2	0.192777619425734
118200.0	500.0	436.0960086805359	0.0	0	312.170156287204	636.0960086805135	1	0	2	0.192777619425734
119200.0	500.0	436.09600868054395	0.0	0	458.8046707203757	636.0960086805135	1	0	2	0.192777619425734
120200.0	500.0	436.09600868053406	0.0	0	584.8316868413531	636.0960086805135	1	0	2	0.192777619425734
121200.0	500.0	436.0960086805337	0.0	0	654.7760826589365	636.0960086805135	1	0	2	0.192777619425734
122200.0	500.0	436.0960086805296	0.0	0	714.7857980556728	636.0960086804989	1	0	2	0.1927776194257413
123200.0	500.0	336.0960086805302	0.0	0	583.2174834214238	536.0960086804698	1	0	3	-0.17722238057424744
124200.0	500.0	336.09600868054196	0.0	0	577.3930792385509	536.0960086804698	1	0	2	0.04277761942575566
125200.0	500.0	336.09600868053064	0.0	0	529.7670703657059	536.0960086804698	1	0	2	0.24277761942575585
126200.0	500.0	336.0960086805354	0.0	0	510.48081348660344	536.0960086804844	1	0	2	0.24277761942574858
127200.0	500.0	336.09600868054633	0.0	0	660.5222136841476	536.0960086804989	1	0	2	0.24277761942574133
128200.0	1000.0	438.7329677601841	102.6369590796408	0	150.3787433647958	638.7329677601374	1	0	2	-0.4243626145919228
129200.0	1000.0	438.7329677601931	0.0	0	130.96771713436465	638.7329677601374	1	0	2	0.8846063204458675
130200.0	1000.0	438.7329677601839	0.0	0	549.2928090081841	638.7329677601374	1	0	2	0.8846063204458675
131200.0	1000.0	438.7329677601674	0.0	0	290.22740230851923	638.7329677601374	1	0	2	0.8846063204458616
132200.0	1000.0	438.7329677601663	0.0	0	422.5737351302523	638.7329677601228	1	0	2	0.8846063204458734
133200.0	1000.0	438.73296776016514	0.0	0	344.1641568991763	638.7329677601228	1	0	2	0.8846063204458748
134200.0	500.0	438.7329677601706	0.0	0	584.9156720750034	638.7329677600937	1	0	2	-0.5016880406740015
135200.0	500.0	438.7329677601854	0.0	0	481.65529982818407	638.7329677600937	1	0	2	0.19145913988594387
136200.0	500.0	438.73296776017514	0.0	0	364.48810740257613	638.7329677600937	1	0	2	0.19145913988594387
137200.0	1000.0	340.1325841767162	1.272378560464574	0	188.30159033712698	540.1325841766375	1	0	3	-0.1837950980929004
138200.0	1000.0	340.1325841766889	0.0	0	336.98367148582474	540.1325841766375	1	0	2	0.7339065122376174
139200.0	1000.0	340.13258417669266	0.0	0	617.2893627920712	540.1325841766666	1	0	2	0.9339065122376029
140200.0	1000.0	340.1325841766991	0.0	0	344.85282343949075	540.1325841766957	1	0	2	0.9339065122375884
141425.21717286413	1000.0	353.1175106212023	238.20209930863206	0	0.0	778.3346834853292	1	0	2	-0.614407133268521
142200.0	1000.0	578.334683485322	0.0	0	49.864703262923285	778.3346834853292	1	0	2	0.8148054625832715
143200.0	1000.0	678.3346834853447	0.0	0	403.55393737665145	878.3346834853874	1	0	1	0.5840362660613734
144200.0	1000.0	678.3346834853438	0.0	0	473.2594002362457	878.3346834853874	1	0	2	0.5648054625832426
145200.0	1000.0	578.3346834853385	0.0	0	492.6568575637648	778.3346834853583	1	0	3	0.3954154640869242
146200.0	1000.0	478.33468348533086	0.0	0	268.92890553129837	678.3346834853874	1	0	3	0.6470805586699722
147200.0	1000.0	478.33468348530937	0.0	0	224.11919363067136	678.3346834853874	1	0	2	0.6648054625832422
148200.0	1000.0	478.33468348534996	0.0	0	498.2597790674772	678.3346834854165	1	0	2	0.864805462583228
149200.0	1000.0	478.33468348535393	0.0	0	199.8716249766294	678.3346834854165	1	0	2	0.864805462583228
150200.0	1000.0	478.3346834853845	0.0	0	308.3711724965251	678.3346834854165	1	0	2	0.864805462583228
151200.0	1000.0	478.3346834853652	0.0	0	207.64120982954046	678.3346834854165	1	0	2	0.864805462583228
152200.0	500.0	478.3346834853944	0.0	0	671.6063285087293	678.3346834854456	1	0	2	-0.5214888985366772
153200.0	500.0	478.3346834854126	0.0	0	280.7417697063647	678.3346834854456	1	0	2	0.17165828202326794
154200.0	500.0	478.3346834854483	0.0	0	600.3915613861172	678.3346834854456	1	0	2	0.17165828202326794
155200.0	500.0	478.3346834854415	0.0	0	364.4172553246026	678.3346834854165	1	0	2	0.17165828202328254
156200.0	500.0	478.33468348545193	0.0	0	633.8980050393438	678.3346834854165	1	0	2	0.17165828202328254
157200.0	1000.0	478.33468348544466	0.0	0	527.1616917233332	678.3346834854165	1	0	2	0.1716582820232826
158200.0	1000.0	478.3346834854167	0.0	0	408.22982924451935	678.3346834854165	1	0	2	0.864805462583228
159258.4817908565	1000.0	524.0320145222483	104.17912189333578	0	0.0	782.5138053787814	1	0	2	0.1876411702765396
160200.0	1000.0	582.513805378713	0.0	0	380.60630172182573	782.5138053787814	1	0	2	0.8127159016365455
161253.14729675214	1000.0	529.3665086265927	0.0	0	0.0	782.5138053787814	1	0	2	0.8127159016365455
162200.0	1000.0	582.513805378729	0.0	0	164.3147948377009	782.5138053787814	1	0	2	0.8127159016365455
163200.0	1000.0	582.5138053787505	0.0	0	389.32595666567795	782.5138053787814	1	0	2	0.8127159016365455
164200.0	500.0	482.51380537878276	0.0	0	732.411106384825	682.5138053787523	1	0	3	-0.9435784594833342
165200.0	500.0	482.51380537876753	0.0	0	369.16097832337255	682.5138053787814	1	0	2	-0.03043127892340014
166200.0	500.0	482.51380537878515	0.0	0	264.79639143604436	682.5138053787814	1	0	2	0.16956872107660004
167200.0	500.0	482.5138053787887	0.0	0	268.9069800392899	682.5138053787814	1	0	2	0.16956872107660004
168200.0	500.0	482.5138053787889	0.0	0	452.43551439253497	682.5138053788105	1	0	2	0.16956872107658555
169322.0568364498	1000.0	551.4142932340764	190.9573243050994	0	0.0	873.4711296839232	1	0	2	-1.0716538869065673
170254.5777491118	1000.0	525.6412893058479	0.0	0	0.0	780.2190384177084	1	0	3	0.4022885447853744
171200.0	1000.0	580.2190384176342	0.0	0	132.31986720309942	780.2190384177084	1	0	2	0.613863285117082
172200.0	1000.0	580.2190384176174	0.0	0	450.90974899969297	780.2190384177084	1	0	2	0.8138632851170822
173200.0	1000.0	580.2190384176438	0.0	0	405.6196525838459	780.2190384177084	1	0	2	0.8138632851170822
174200.0	1000.0	580.2190384176342	0.0	0	544.182643035514	780.2190384177084	1	0	2	0.8138632851170822
175200.0	1000.0	480.2190384176086	0.0	0	573.6595202358731	680.2190384177084	1	0	3	0.4440484010452467
176200.0	2000.0	380.2190384176466	0.0	0	294.662914264336	580.2190384177666	1	0	3	0.6957431362622568
177200.0	1000.0	380.2190384176557	0.0	0	638.1418650471314	580.2190384177666	1	0	2	0.02071610455710765
178200.0	1000.0	380.21903841767346	0.0	0	455.452345291269	580.2190384177957	1	0	2	0.9138632851170383
179200.0	1000.0	380.219038417664	0.0	0	627.0770621749107	580.2190384177957	1	0	2	0.9138632851170383
180200.0	1000.0	380.2190384176861	0.0	0	514.6086291387037	580.2190384177957	1	0	2	0.9138632851170383
181200.0	1000.0	380.2190384176727	0.0	0	344.90643148476374	580.2190384177957	1	0	2	0.9138632851170383
182200.0	1000.0	380.2190384176529	0.0	0	351.7307939772727	580.2190384177957	1	0	2	0.9138632851170383
183200.0	1000.0	380.21903841765766	0.0	0	402.8093394587049	580.2190384178248	1	0	2	0.9138632851170239
184200.0	1000.0	447.22221406202505	67.0031756443326	0	115.8107575396134	647.2222140621743	1	0	2	0.4783426434288536
185200.0	1000.0	447.22221406199947	0.0	0	500.67117250018055	647.2222140621743	1	0	2	0.8803616972948491
186200.0	1000.0	447.222214061993	0.0	0	342.2282510534278	647.2222140621743	1	0	2	0.8803616972948491
187200.0	1000.0	447.222214061979	0.0	0	382.92832500854274	647.2222140621743	1	0	2	0.8803616972948491
188200.0	1000.0	457.15295422593374	9.93074016394604	0	48.4206522818713	657.1529542261269	1	0	2	0.8158118862291965
189200.0	1000.0	458.05871745706395	0.9057632311635189	0	70.00905895454343	658.0587174572865	1	0	2	0.8695088662103116
190200.0	1000.0	458.0587174570694	0.0	0	165.418216294609	658.0587174573157	1	0	2	0.8749434455972783
191200.0	1000.0	458.0587174570626	0.0	0	129.72747493250063	658.0587174572865	1	0	2	0.8749434455972929
192366.3905939906	1000.0	415.519888432102	123.85176496560979	0	0.0	781.9104824229144	1	0	2	0.06990697332082019
193371.1170095356	1000.0	520.3150241536168	109.52155126654009	0	0.0	891.4320336894598	1	0	2	0.10112747988196569
194200.0	1000.0	608.5437346427587	0.0	0	175.58875213970896	808.5437346429972	1	0	3	0.3847985432688791
195200.0	1000.0	508.5437346427911	0.0	0	535.0054435447964	708.5437346430263	1	0	3	0.6300344163973677
196200.0	1000.0	408.5437346427742	0.0	0	201.4131051216682	608.5437346429972	1	0	3	0.6828847316895093
197200.0	500.0	408.5437346427864	0.0	0	518.0999222307873	608.5437346429972	1	0	2	-0.6865934241154535
198200.0	500.0	408.5437346427667	0.0	0	477.4801339468395	608.5437346429972	1	0	2	0.20655375644449217
199200.0	500.0	408.5437346427858	0.0	0	611.8394206853409	608.5437346429972	1	0	2	0.20655375644449217
200200.0	500.0	408.5437346427957	0.0	0	554.2917989119596	608.5437346429972	1	0	2	0.20655375644449217
201200.0	500.0	408.5437346427732	0.0	0	291.15947847400093	608.543734642968	1	0	2	0.2065537564445067
202200.0	500.0	408.5437346427724	0.0	0	295.8848803130386	608.543734642939	1	0	2	0.20655375644452129
203200.0	500.0	408.54373464274465	0.0	0	290.29260015054024	608.543734642939	1	0	2	0.20655375644452129
204200.0	500.0	408.54373464274295	0.0	0	434.83641290746164	608.543734642939	1	0	2	0.20655375644452129
205200.0	500.0	408.54373464272305	0.0	0	552.6875956029107	608.543734642968	1	0	2	0.2065537564445067
206200.0	500.0	408.54373464270793	0.0	0	473.6564962300763	608.543734642939	1	0	2	0.20655375644452129
207200.0	500.0	408.5437346426688	0.0	0	441.9391557846684	608.543734642939	1	0	2	0.20655375644452129
208200.0	500.0	408.5437346426511	0.0	0	330.4218864861177	608.543734642939	1	0	2	0.20655375644452129
209200.0	500.0	408.5437346426329	0.0	0	582.5732944730262	608.543734642939	1	0	2	0.20655375644452129
210200.0	500.0	408.5437346426272	0.0	0	511.0710103205638	608.543734642968	1	0	2	0.2065537564445067
211200.0	500.0	408.5437346425979	0.0	0	483.8011209933029	608.543734642968	1	0	2	0.2065537564445067
212200.0	500.0	408.5437346426081	0.0	0	678.8888085535727	608.543734642968	1	0	2	0.2065537564445067
213243.2005622201	1000.0	503.57669681712366	138.2335243945805	0	0.0	746.7772590375971	1	0	2	-0.6919641521202795
214200.0	1000.0	546.7772590371959	0.0	0	233.40777939005056	746.777259037568	1	0	2	0.8305841748071521
215200.0	1000.0	546.7772590372024	0.0	0	378.61047762507224	746.777259037568	1	0	2	0.8305841748071521
216200.0	1000.0	546.7772590372151	0.0	0	414.1803170563653	746.7772590375389	1	0	2	0.8305841748071668
217200.0	1000.0	546.7772590371924	0.0	0	402.8802408663905	746.7772590375389	1	0	2	0.8305841748071668
218200.0	1000.0	446.7772590371802	0.0	0	467.6783280275122	646.777259037568	1	0	3	0.46144342856424375
219244.41467798204	1000.0	420.3598761013103	111.30796622219623	0	0.0	664.774554083735	1	0	3	-0.008935001505313067
220200.0	1000.0	369.21602188152383	0.0	0	369.9797535785474	569.2160218819045	1	0	3	0.7011434923043947
221200.0	1000.0	369.2160218815203	0.0	0	289.70599965329166	569.2160218819045	1	0	2	0.7193647933849838
222200.0	1000.0	404.04264902712066	34.826627145613145	0	167.12874316578382	604.0426490275422	1	0	2	0.6929917169384863
223200.0	1000.0	404.042649027107	0.0	0	319.12278004878317	604.0426490275422	1	0	2	0.9019514798121652
224200.0	1000.0	404.04264902710725	0.0	0	464.51120238471776	604.0426490275422	1	0	2	0.9019514798121652
225200.0	1000.0	404.04264902710145	0.0	0	297.79108549345983	604.0426490275422	1	0	2	0.9019514798121652
226200.0	1000.0	414.0482670163989	10.005617989251675	0	195.5477342157974	614.0482670167985	1	0	2	0.8369149628820269
227200.0	1000.0	433.58294022821633	19.534673211839277	0	138.24493418770726	633.5829402286327	1	0	2	0.7699732949405842
228200.0	1000.0	433.5829402281835	0.0	0	601.3183282916434	633.5829402286327	1	0	2	0.8871813342116199
229200.0	1000.0	433.5829402281712	0.0	0	489.1839892070566	633.5829402286618	1	0	2	0.8871813342116053
230200.0	1000.0	433.58294022816995	0.0	0	593.220394310425	633.5829402286618	1	0	2	0.8871813342116053
231200.0	1000.0	433.5829402281706	0.0	0	499.99744829835254	633.5829402286618	1	0	2	0.8871813342116053
232200.0	1000.0	433.5829402281588	0.0	0	276.09617181893555	633.5829402286618	1	0	2	0.8871813342116053
233200.0	1000.0	433.58294022815653	0.0	0	361.1967269174347	633.5829402286618	1	0	2	0.8871813342116053
234200.0	1000.0	433.5829402281273	0.0	0	172.67939524937537	633.5829402286327	1	0	2	0.8871813342116139
235200.0	1000.0	477.545507321204	43.96256709309108	0	86.49683766337694	677.5455073217454	1	0	2	0.6014246481065171
236236.82383303173	1000.0	415.24812918041766	71.09894381278428	0	0.0	652.0719622127071	1	0	3	0.03844470041583739
237200.0	1000.0	452.0719622121319	0.0	0	185.1908386760042	652.0719622127071	1	0	2	0.6779368232195825
238200.0	1000.0	452.0719622121196	0.0	0	370.08917049947195	652.0719622127071	1	0	2	0.8779368232195827
239200.0	1000.0	452.0719622121453	0.0	0	493.71017047710484	652.0719622127071	1	0	2	0.8779368232195827
240380.03336310046	1000.0	361.2294087761829	89.19080966452077	0	0.0	741.2627718772274	1	0	2	0.2981965604001979
241491.90232438303	1000.0	418.32042182614265	168.95997433250795	0	0.0	910.2227462097653	1	0	2	-0.26489841477398823
242364.33848294738	1000.0	560.6900055597521	14.80574229793939	0	0.0	925.0284885076981	1	0	2	0.6526241062844509
243200.0	1000.0	725.0284885071352	0.0	0	316.4354893414711	925.0284885076981	1	0	2	0.7414585600720871
244200.0	1000.0	725.0284885071287	0.0	0	416.5534998807707	925.0284885076981	1	0	2	0.7414585600720871
245200.0	500.0	625.0284885071433	0.0	0	734.7957848588703	825.0284885077272	1	0	3	-1.0148358010478187
246200.0	500.0	525.0284885071105	0.0	0	396.8482215969998	725.0284885076981	1	0	3	-0.07065618800181435
247943.68049192682	1000.0	305.18698823166625	634.7336734946172	0	0.0	1248.8674801585148	1	0	3	-4.137729645384882
248603.8078615865	1000.0	696.7642504363996	107.01578984582335	0	0.0	1300.5721120229573	1	0	3	-0.295291683296654
249200.0	1000.0	1040.9528981815438	0.0	0	155.98719141507172	1240.9528981815674	1	0	3	0.3716646489696204
250200.0	1000.0	940.9528981815521	0.0	0	648.8947987715073	1140.9528981815674	1	0	3	0.4134963552351494
251200.0	1000.0	940.9528981815604	0.0	0	37.34224942169385	1140.9528981815674	1	0	2	0.4334963552351523
252200.0	1000.0	840.9528981815866	0.0	0	549.4235849932593	1040.9528981815965	1	0	3	0.26381082561731206
253210.36376123226	1000.0	729.5527608261181	0.0	0	0.0	939.9165220583673	1	0	3	0.5203912031945603
254240.9792481252	1000.0	698.9372739332141	0.0	0	0.0	939.9165220583673	1	0	2	0.5340145432967525
255200.0	1000.0	644.0144468709191	0.0	0	381.8825382491632	844.0144468708895	1	0	3	0.36314656779646515
256280.87694150925	1000.0	455.04981121073496	0.0	0	0.0	735.92675271997	1	0	3	0.6212722322434775
257200.0	1000.0	444.0144468709205	0.0	0	195.48257476001163	644.0144468708895	1	0	3	0.665695946721317
258254.8334670987	1000.0	476.06207942979216	86.88109965756189	0	0.0	730.8955465284234	1	0	2	0.11723843311634125
259242.58322546905	1000.0	488.3123210594353	0.0	0	0.0	730.8955465284234	1	0	2	0.8385250310617245
260200.0	1000.0	530.8955465284791	0.0	0	174.50351447507273	730.8955465284234	1	0	2	0.8385250310617245
261200.0	500.0	530.8955465284716	0.0	0	597.35228222367	730.8955465284234	1	0	2	-0.5477693300581665
262200.0	500.0	530.895546528453	0.0	0	443.40573700741515	730.8955465283943	1	0	2	0.14537785050179358
263200.0	500.0	530.8955465284813	0.0	0	503.01530464866664	730.8955465283943	1	0	2	0.14537785050178484
264200.0	500.0	530.8955465284703	0.0	0	175.66659978515236	730.8955465283943	1	0	2	0.14537785050179358
265200.0	500.0	530.8955465284571	0.0	0	563.6036264646682	730.8955465283943	1	0	2	0.14537785050179358
266200.0	500.0	530.8955465284987	0.0	0	415.6479300149949	730.8955465283943	1	0	2	0.14537785050179358
267200.0	500.0	530.8955465284787	0.0	0	291.3365034914459	730.8955465283361	1	0	2	0.14537785050182273
268200.0	500.0	530.8955465285057	0.0	0	478.85572366579436	730.8955465283361	1	0	2	0.14537785050182273
269200.0	500.0	530.8955465285973	0.0	0	715.2042326246738	730.8955465283361	1	0	2	0.14537785050182273
270200.0	500.0	530.8955465285419	0.0	0	618.3334084366215	730.8955465283361	1	0	2	0.14537785050182273
271200.0	1000.0	530.8955465285352	0.0	0	169.92481483658776	730.8955465283361	1	0	2	0.14537785050182273
272475.8705806241	1000.0	310.53864921824334	166.45521943292368	0	0.0	786.409229842131	1	0	3	-0.6028992673887902
273200.0	1000.0	577.0985303248873	57.365674927441376	0	9.959754878596868	777.0985303246998	1	0	3	0.2614535704715551
274200.0	1000.0	577.0985303248435	0.0	0	184.85900909814518	777.098530324758	1	0	2	0.6154235391635571
275200.0	1000.0	577.0985303249125	0.0	0	67.3720632379991	777.0985303248162	1	0	2	0.815423539163528
276200.0	1000.0	577.0985303248726	0.0	0	352.1602858188562	777.0985303248162	1	0	2	0.815423539163528
277442.03695682937	1000.0	301.0011483339252	81.9484277466722	0	0.0	743.0381051632576	1	0	3	-0.07398331902994065
278200.0	1000.0	521.545545077872	49.3670402105883	0	74.69901511649368	721.5455450778827	1	0	3	0.3350538327896363
279200.0	1000.0	521.5455450778805	0.0	0	357.38757512549637	721.5455450778827	1	0	2	0.6432000317869946
280200.0	1000.0	521.5455450778866	0.0	0	212.6046807792154	721.5455450778827	1	0	2	0.8432000317869948
281200.0	1000.0	521.5455450778463	0.0	0	294.4178447382292	721.5455450778827	1	0	2	0.8432000317869948
282200.0	1000.0	521.5455450778159	0.0	0	434.33943227445707	721.5455450779409	1	0	2	0.8432000317869658
283200.0	1000.0	521.5455450777921	0.0	0	356.38636454567313	721.5455450778827	1	0	2	0.8432000317869948
284210.27517189813	1000.0	511.27037317961765	0.0	0	0.0	721.5455450778245	1	0	2	0.8432000317870005
285200.0	1000.0	458.6953070966901	32.83840439013187	0	6.543306467472576	658.6953070968157	1	0	3	0.2652575695744521
286200.0	1000.0	458.69530709670335	0.0	0	258.9533355711028	658.6953070968157	1	0	2	0.6746251507775282
287200.0	1000.0	458.69530709675143	0.0	0	480.4941585866618	658.6953070968157	1	0	2	0.8746251507775283
288200.0	1000.0	458.69530709672586	0.0	0	552.1626532455557	658.6953070968157	1	0	2	0.8746251507775283
289200.0	1000.0	458.69530709678054	0.0	0	331.7435101564042	658.6953070968157	1	0	2	0.8746251507775283
290405.1315639917	1000.0	389.2276659070395	135.66392280193435	0	0.0	794.3592298988369	1	0	2	-0.0071903474350709096
291251.48118292476	1000.0	549.9895559251452	7.111508951061694	0	0.0	801.4707388498937	1	0	2	0.7605683811946191
292200.0	1000.0	506.61885714237224	0.0	0	266.17273982649203	706.6188571423409	1	0	3	0.43340812174395
293200.0	1000.0	506.61885714232926	0.0	0	479.815246703045	706.6188571422826	1	0	2	0.6506633757547947
294200.0	1000.0	406.61885714229095	0.0	0	597.6857173013268	606.6188571422826	1	0	3	0.4807511981341061
295200.0	1000.0	406.61885714226713	0.0	0	206.7013255058555	606.6188571422826	1	0	2	0.7006633757547948
296200.0	1000.0	406.6188571422872	0.0	0	279.4958656664239	606.6188571423409	1	0	2	0.9006633757547657
297200.0	1000.0	406.6188571422574	0.0	0	606.7114932101103	606.6188571423409	1	0	2	0.9006633757547657
298200.0	500.0	406.6188571423161	0.0	0	636.4557685744367	606.6188571423409	1	0	2	-0.4856309853651252
299200.0	500.0	406.61885714236325	0.0	0	447.9367877622717	606.6188571423409	1	0	2	0.20751619519482034
300200.0	500.0	406.61885714242294	0.0	0	479.14823915908346	606.6188571423409	1	0	2	0.20751619519482034
0.88	1.09	0.73	1.22	1.99	2.12	1.04	1.95	0.88	1.55	1.33	2.05	0.87	0.7	0.8	1.01	0.65	1.42	1.22	1.49	2.14	2.31	2.15	2.19	2.91	1.82	2.18	1.77	1.25	1.46	1.83	1.55	1.66	1.87	1.49	1.29	1.24	1.37	1.53	1.17	1.22	1.3	2.15	1.46	1.1	1.17	1.03	1.42	0.8	0.88	0.67	0.67	1.23	1.02	0.85	0.98	1.25	0.85	1.23	1.36	1.08	1.27	1.63	1.98	2.15	1.88	1.14	1.62	1.81	1.62	1.54	1.64	1.42	1.1	1.33	2.34	2.2	2.05	1.69	1.15	1.7	1.6	1.29	1.07	1.69	1.3	1.55	1.11	1.16	1.37	1.69	2.19	1.71	1.03	0.52	1.0	1.8	2.51	1.32	1.93	1.38	1.32	2.2	1.19	1.18	1.1	1.12	1.36	1.47	0.93	1.04	0.75	1.0	1.14	0.81	0.93	1.58	1.85	1.38	1.05	1.25	1.1	1.44	1.34	0.94	1.26	1.95	1.62	1.53	1.81	1.47	1.22	1.08	1.16	1.81	2.24	1.67	1.09	1.19	1.63	2.55	2.44	1.26	1.44	2.04	1.76	1.17	1.26	2.22	0.95	0.88	1.09	0.73	1.22	1.99	2.12	1.04	1.95	0.88	1.55	1.33	2.05	0.87	0.7	0.8	1.01	0.65	1.42	1.22	1.49	2.14	2.31	2.15	2.19	2.91	1.82	2.18	1.77	1.25	1.46	1.83	1.55	1.66	1.87	1.49	1.29	1.24	1.37	1.53	1.17	1.22	1.3	2.15	1.46	1.1	1.17	1.03	1.42	0.8	0.88	0.67	0.67	1.23	1.02	0.85	0.98	1.25	0.85	1.23	1.36	1.08	1.27	1.63	1.98	2.15	1.88	1.14	1.62	1.81	1.62	1.54	1.64	1.42	1.1	1.33	2.34	2.2	2.05	1.69	1.15	1.7	1.6	1.29	1.07	1.69	1.3	1.55	1.11	1.16	1.37	1.69	2.19	1.71	1.03	0.52	1.0	1.8	2.51	1.32	1.93	1.38	1.32	2.2	1.19	1.18	1.1	1.12	1.36	1.47	0.93	1.04	0.75	1.0	1.14	0.81	0.93	1.58	1.85	1.38	1.05	1.25	1.1	1.44	1.34	0.94	1.26	1.95	1.62	1.53	1.81	1.47	1.22	1.08	1.16	1.81	2.24	1.67	1.09	1.19	1.63	2.55	2.44	1.26	1.44	2.04	1.76	1.17	1.26	2.22	0.95
1.0	2.0	3.0	4.0	5.0	6.0	7.0	8.0	9.0	10.0	11.0	12.0	13.0	14.0	15.0	16.0	17.0	18.0	19.0	20.0	21.0	22.0	23.0	24.0	25.0	26.0	27.0	28.0	29.0	30.0	31.0	32.0	33.0	34.0	35.0	36.0	37.0	38.0	39.0	40.0	41.0	42.0	43.0	44.0	45.0	46.0	47.0	48.0	49.0	50.0	51.0	52.0	53.0	54.0	55.0	56.0	57.0	58.0	59.0	60.0	61.0	62.0	63.0	64.0	65.0	66.0	67.0	68.0	69.0	70.0	71.0	72.0	73.0	74.0	75.0	76.0	77.0	78.0	79.0	80.0	81.0	82.0	83.0	84.0	85.0	86.0	87.0	88.0	89.0	90.0	91.0	92.0	93.0	94.0	95.0	96.0	97.0	98.0	99.0	100.0	101.0	102.0	103.0	104.0	105.0	106.0	107.0	108.0	109.0	110.0	111.0	112.0	113.0	114.0	115.0	116.0	117.0	118.0	119.0	120.0	121.0	122.0	123.0	124.0	125.0	126.0	127.0	128.0	129.0	130.0	131.0	132.0	133.0	134.0	135.0	136.0	137.0	138.0	139.0	140.0	141.0	142.0	143.0	144.0	145.0	146.0	147.0	148.0	149.0	149.0	150.0	151.0	152.0	153.0	154.0	155.0	156.0	157.0	158.0	159.0	160.0	161.0	162.0	163.0	164.0	165.0	166.0	167.0	168.0	169.0	170.0	171.0	172.0	173.0	174.0	175.0	176.0	177.0	178.0	179.0	180.0	181.0	182.0	183.0	184.0	185.0	186.0	187.0	188.0	189.0	190.0	191.0	192.0	193.0	194.0	195.0	196.0	197.0	198.0	199.0	200.0	201.0	202.0	203.0	204.0	205.0	206.0	207.0	208.0	209.0	210.0	211.0	212.0	213.0	214.0	215.0	216.0	217.0	218.0	219.0	220.0	221.0	222.0	223.0	224.0	225.0	226.0	227.0	228.0	229.0	230.0	231.0	232.0	233.0	234.0	235.0	236.0	237.0	238.0	239.0	240.0	241.0	242.0	243.0	244.0	245.0	246.0	247.0	248.0	249.0	250.0	251.0	252.0	253.0	254.0	255.0	256.0	257.0	258.0	259.0	260.0	261.0	262.0	263.0	264.0	265.0	266.0	267.0	268.0	269.0	270.0	271.0	272.0	273.0	274.0	275.0	276.0	277.0	278.0	279.0	280.0	281.0	282.0	283.0	284.0	285.0	286.0	287.0	288.0	289.0	290.0	291.0	292.0	293.0	294.0	295.0	296.0	297.0	298.0	298.0
3178.049527689673
