3663.2699733075137	300.0	2000.0	88.23403388504681	0	0.0	3663.2699733075137	1	0	1	-0.867263748488245
3751.1040207909414	300.0	2903.38254776823	0.0	0	0.0	3654.486568559171	1	0	2	-0.5490593793306663
4200.0	300.0	3409.5969706382657	0.0	0	359.38517862919525	3609.5969706382652	1	0	2	-0.3790133283656545
5200.0	300.0	3309.5969706382657	0.0	0	906.0486380759658	3509.596970638265	1	0	2	-0.4078442234679237
6200.0	500.0	3209.5969706382657	0.0	0	853.5358187568045	3409.596970638265	1	0	2	-0.3797990594210614
7200.0	500.0	3109.596970638267	0.0	0	886.3775163965029	3309.596970638266	1	0	2	0.15677384544952808
8200.0	500.0	3009.596970638266	0.0	0	866.4792529390452	3209.596970638265	1	0	2	0.18038106417358132
9200.0	1000.0	2909.5969706382657	0.0	0	714.2040103982908	3109.596970638263	1	0	2	0.20200052371231614
10200.0	1000.0	2809.5969706382675	0.0	0	777.6008563019059	3009.596970638265	1	0	2	0.9149253502851717
11200.0	3000.0	2709.596970638266	0.0	0	308.3550434154622	2909.596970638262	1	0	2	0.9337495738519556
12200.0	3000.0	2609.596970638265	0.0	0	293.56538714277303	2809.5969706382602	1	0	2	2.0486892141448516
13378.119230175851	3000.0	2313.6658174448303	0.0	0	0.0	2691.785047620677	1	0	2	2.0487143887808634
14670.309049905149	3000.0	1892.257015742603	0.0	0	0.0	2562.566065647743	1	0	2	2.0544698002744974
15680.146188760253	3000.0	1781.4361630019873	0.0	0	0.0	2461.5823517622302	1	0	2	2.095925868520938
16327.29694568976	3000.0	2069.570330379529	0.0	0	0.0	2396.8672760692807	1	0	2	2.139898990113199
17200.0	3000.0	2109.5969706382666	0.0	0	89.86524590477711	2309.5969706382566	1	0	2	2.125133853256304
18200.0	3000.0	2009.5969706382664	0.0	0	120.03666470540338	2209.5969706382566	1	0	2	2.1211522464620503
19200.0	3000.0	1909.5969706382627	0.0	0	83.02386441939962	2109.5969706382493	1	0	2	2.129959426092183
20200.0	3000.0	1809.5969706382639	0.0	0	378.0302206596025	2009.5969706382457	1	0	2	2.137097364354001
21200.0	3000.0	1709.5969706382662	0.0	0	401.42804201817125	1909.5969706382457	1	0	2	2.144112853753421
22200.0	3000.0	1609.596970638264	0.0	0	532.932376817691	1809.596970638242	1	0	2	2.150431094102471
23200.0	3000.0	1509.59697063827	0.0	0	237.9365070642125	1709.5969706382493	1	0	2	2.156556689965389
24200.0	3000.0	1409.596970638266	0.0	0	291.7203279390378	1609.5969706382457	1	0	2	2.1617403738056837
25200.0	3000.0	1309.5969706382652	0.0	0	347.1960454049877	1509.596970638242	1	0	2	2.166412955584716
26200.0	3000.0	1209.596970638266	0.0	0	385.7433294491457	1409.5969706382457	1	0	2	2.1707486191708427
27200.0	3000.0	1109.5969706382632	0.0	0	375.4544142461709	1309.596970638242	1	0	2	2.1746432350836864
28200.0	3000.0	1009.5969706382648	0.0	0	215.4515446211044	1209.5969706382457	1	0	2	2.1782913726815387
29200.0	3000.0	909.5969706382609	0.0	0	296.98527048668257	1109.5969706382384	1	0	2	2.181504488930854
30200.0	3000.0	909.5969706382633	0.0	0	303.4168809540897	1109.5969706382384	1	0	1	2.0826264362914033
31200.0	3000.0	909.5969706382593	0.0	0	317.09691121320793	1109.5969706382384	1	0	1	2.2826264362914035
32200.0	3000.0	909.5969706382582	0.0	0	475.162984843555	1109.5969706382384	1	0	1	2.2826264362914035
33200.0	3000.0	909.5969706382593	0.0	0	659.7394983414633	1109.5969706382384	1	0	1	2.2826264362914035
34200.0	3000.0	909.5969706382598	0.0	0	548.6815974566707	1109.5969706382384	1	0	1	2.2826264362914035
35200.0	3000.0	909.5969706382643	0.0	0	509.3097724992549	1109.5969706382311	1	0	1	2.2826264362914035
36200.0	3000.0	909.5969706382621	0.0	0	451.9658304551631	1109.5969706382311	1	0	1	2.2826264362914035
37200.0	3000.0	909.596970638253	0.0	0	539.7214270234108	1109.5969706382311	1	0	1	2.2826264362914035
38342.326071239295	6000.0	767.2708993989595	0.0	0	0.0	1109.5969706382384	1	0	1	2.2826264362914035
39200.0	6000.0	909.596970638247	0.0	0	20.961280880161212	1109.5969706382457	1	0	1	2.975773616851348
40200.0	6000.0	909.5969706382543	0.0	0	15.857551619126752	1109.596970638253	1	0	1	2.9757736168513476
41200.0	6000.0	909.5969706382534	0.0	0	378.2452187084491	1109.596970638253	1	0	1	2.9757736168513476
42200.0	6000.0	909.5969706382507	0.0	0	442.0947635617704	1109.5969706382457	1	0	1	2.975773616851348
43200.0	6000.0	909.5969706382443	0.0	0	236.13659291890508	1109.5969706382384	1	0	1	2.975773616851348
44200.0	6000.0	909.5969706382334	0.0	0	302.97043443092116	1109.5969706382384	1	0	1	2.975773616851348
45200.0	6000.0	909.596970638236	0.0	0	418.33509409992985	1109.5969706382384	1	0	1	2.975773616851348
46200.0	6000.0	909.5969706382364	0.0	0	127.77327878768847	1109.5969706382384	1	0	1	2.975773616851348
48397.54928428674	6000.0	200.0	487.95231364849724	0	0.0	1597.5492842867388	1	0	1	0.03934602231828041
49608.463984328475	6000.0	334.5541516351553	424.14574698278653	0	0.0	1943.018135963619	1	0	2	0.11193988976111469
51953.02023553393	6000.0	200.0	1313.1433860825873	0	0.0	3153.020235533928	1	0	2	-5.147657134859892
52997.385564878554	3000.0	485.028169751617	329.39349909624684	0	0.0	3482.4137346301723	1	0	1	-0.8555704962634605
53747.93304805851	3000.0	734.480686571666	0.0	0	0.0	3482.4137346301723	1	0	1	2.013937678873966
54613.387975776895	3000.0	869.0257588532747	0.0	0	0.0	3482.413734630165	1	0	1	2.0139376788739676
55269.494090749635	3000.0	1212.919643880539	0.0	0	0.0	3482.413734630165	1	0	1	2.0139376788739676
56035.60140085841	3000.0	1446.8123337717632	0.0	0	0.0	3482.413734630165	1	0	1	2.0139376788739676
56652.059557904955	3000.0	1768.70836102056	0.0	0	0.0	3420.767918925507	1	0	2	1.7651941218677192
57103.78248786195	3000.0	2271.813138067865	0.0	0	0.0	3375.595625929818	1	0	2	1.9941173252200117
57732.67082046389	3000.0	2580.03597220572	0.0	0	0.0	3312.706792669611	1	0	2	1.9907359189623337
58509.113007099135	3000.0	2725.949566906949	0.0	0	0.0	3235.0625740060786	1	0	2	1.9937417749734696
59200.0	3000.0	2965.973874715999	0.0	0	297.250755420886	3165.973874716001	1	0	2	2.014753479543393
60200.0	3000.0	2865.973874715996	0.0	0	597.6564777187668	3065.973874716001	1	0	2	2.00260574851248
61200.0	3000.0	2765.973874715994	0.0	0	496.2036458641596	2965.9738747160154	1	0	2	2.02175908725272
62200.0	3000.0	2665.973874715997	0.0	0	476.8261989833045	2865.9738747160154	1	0	2	2.0392764032495516
63200.0	3000.0	2565.9738747159963	0.0	0	496.8057180701944	2765.9738747160154	1	0	2	2.0550319144804017
64200.0	3000.0	2465.9738747159963	0.0	0	166.99026617449272	2665.973874716008	1	0	2	2.0698992819968676
65200.0	3000.0	2365.973874715994	0.0	0	254.8676211513448	2565.973874716008	1	0	2	2.083113424662611
66200.0	3000.0	2265.9738747159968	0.0	0	112.42346125788754	2465.973874716001	1	0	2	2.0956267902806323
67320.92343722087	3000.0	2032.9580937730232	0.0	0	0.0	2353.881530993909	1	0	2	2.0956726976335163
68929.20544062238	3000.0	1263.8478900313632	0.0	0	0.0	2193.0533306537545	1	0	2	2.0611668024340153
70249.18954817874	3000.0	943.8637824750049	0.0	0	0.0	2193.05333065374	1	0	1	2.0255432346621998
71172.69248587519	3000.0	1020.3608447785482	0.0	0	0.0	2193.05333065374	1	0	1	2.2255432346622
72116.48782300837	3000.0	1076.5655076453806	0.0	0	0.0	2193.05333065374	1	0	1	2.2255432346622
73109.45210373652	3000.0	1083.6012269172315	0.0	0	0.0	2193.0533306537254	1	0	1	2.2255432346622013
73964.25103778474	3000.0	1228.802292869017	0.0	0	0.0	2193.0533306537254	1	0	1	2.2255432346622013
74452.63650473146	2000.0	1740.4168259222938	0.0	0	0.0	2193.0533306537254	1	0	1	1.4146130184458718
75200.0	2000.0	1993.0533306537582	0.0	0	279.35433433251455	2193.0533306537254	1	0	1	1.8200781265540364
76200.0	3000.0	1993.0533306537527	0.0	0	326.5051400252851	2193.0533306537254	1	0	1	1.8200781265540367
77200.0	3000.0	1993.0533306537536	0.0	0	359.01319474841875	2193.0533306537254	1	0	1	2.2255432346622013
78200.0	3000.0	1993.0533306537568	0.0	0	585.738440163419	2193.0533306537254	1	0	1	2.2255432346622013
79200.0	3000.0	1993.0533306537468	0.0	0	335.8088678934728	2193.0533306537254	1	0	1	2.2255432346622013
80200.0	3000.0	1993.0533306537445	0.0	0	390.70318129102816	2193.053330653711	1	0	1	2.225543234662202
81200.0	3000.0	1993.0533306537486	0.0	0	595.0372593904904	2193.0533306536963	1	0	1	2.2255432346622035
82200.0	3000.0	1993.0533306537477	0.0	0	510.7505847995053	2193.0533306536963	1	0	1	2.2255432346622035
83200.0	3000.0	1993.053330653734	0.0	0	487.74245820578653	2193.0533306536963	1	0	1	2.2255432346622035
84200.0	3000.0	1993.0533306537272	0.0	0	71.5608739462914	2193.0533306536963	1	0	1	2.2255432346622035
85977.16342158761	3000.0	1215.8899090661166	0.0	0	0.0	2193.0533306536963	1	0	1	2.2255432346622035
87324.91777331904	3000.0	868.1355573346882	0.0	0	0.0	2193.0533306536963	1	0	1	2.2255432346622035
88223.9978574221	3000.0	969.0554732316161	0.0	0	0.0	2193.0533306536963	1	0	1	2.2255432346622035
89017.18849055294	3000.0	1175.8648401007822	0.0	0	0.0	2193.0533306536963	1	0	1	2.2255432346622035
89563.54795759171	3000.0	1629.505373062001	0.0	0	0.0	2193.053330653711	1	0	1	2.225543234662202
90288.85072901633	3000.0	1904.2026016374011	0.0	0	0.0	2193.053330653711	1	0	1	2.225543234662202
91200.0	3000.0	1993.0533306537313	0.0	0	326.014429544055	2193.053330653711	1	0	1	2.225543234662202
92200.0	3000.0	1993.053330653729	0.0	0	415.54693415110523	2193.053330653711	1	0	1	2.225543234662202
93200.0	3000.0	1993.0533306537318	0.0	0	301.192739050588	2193.0533306537254	1	0	1	2.2255432346622013
94200.0	3000.0	1993.0533306537313	0.0	0	271.37756008683937	2193.0533306537254	1	0	1	2.2255432346622013
95200.0	3000.0	1993.0533306537209	0.0	0	341.6038795489876	2193.0533306537254	1	0	1	2.2255432346622013
96200.0	3000.0	1993.0533306537309	0.0	0	479.8426344040927	2193.05333065374	1	0	1	2.2255432346622
97200.0	3000.0	1993.0533306537272	0.0	0	540.7842964084557	2193.05333065374	1	0	1	2.2255432346622
98200.0	3000.0	1993.0533306537272	0.0	0	249.16773246537196	2193.0533306537545	1	0	1	2.2255432346621986
99340.3454986436	3000.0	1852.707832010128	0.0	0	0.0	2193.0533306537545	1	0	1	2.2255432346621986
100338.0604383604	3000.0	1854.9928922933425	0.0	0	0.0	2193.0533306537545	1	0	1	2.2255432346621986
101200.0	3000.0	1993.0533306537354	0.0	0	227.18506908488052	2193.053330653769	1	0	1	2.2255432346621977
102200.0	3000.0	1993.05333065373	0.0	0	491.50747398252133	2193.053330653769	1	0	1	2.2255432346621977
103200.0	3000.0	1993.0533306537227	0.0	0	488.0963434239238	2193.053330653769	1	0	1	2.2255432346621977
104200.0	3000.0	1993.0533306537172	0.0	0	519.2872170748306	2193.053330653769	1	0	1	2.2255432346621977
105200.0	3000.0	1993.0533306537186	0.0	0	234.14828522974858	2193.053330653769	1	0	1	2.2255432346621977
106200.0	3000.0	1993.0533306537259	0.0	0	172.43759619171033	2193.0533306537545	1	0	1	2.2255432346621986
107200.0	3000.0	1993.0533306537336	0.0	0	82.23389066425443	2193.05333065374	1	0	1	2.2255432346622
108200.0	3000.0	1993.0533306537527	0.0	0	293.3062520173553	2193.0533306537545	1	0	1	2.2255432346621986
109200.0	3000.0	1993.053330653751	0.0	0	424.8038922762207	2193.0533306537545	1	0	1	2.2255432346621986
110200.0	3000.0	1993.053330653761	0.0	0	154.48874447839626	2193.0533306537545	1	0	1	2.2255432346621986
111200.0	3000.0	1993.053330653781	0.0	0	80.59990737734188	2193.0533306537545	1	0	1	2.2255432346621986
112200.0	3000.0	1993.053330653769	0.0	0	152.58239362521272	2193.0533306537545	1	0	1	2.2255432346621986
113461.78611126677	3000.0	1731.2672193869896	0.0	0	0.0	2193.0533306537545	1	0	1	2.2255432346621986
114980.77068077459	3000.0	1212.282649879172	0.0	0	0.0	2193.0533306537545	1	0	1	2.2255432346621986
115767.9242659853	3000.0	1425.1290646684533	0.0	0	0.0	2193.0533306537545	1	0	1	2.2255432346621986
116463.61521473712	3000.0	1729.438115916648	0.0	0	0.0	2193.0533306537545	1	0	1	2.2255432346621986
117200.0	3000.0	1993.0533306537832	0.0	0	31.957738004348357	2193.0533306537545	1	0	1	2.2255432346621986
118200.0	3000.0	1993.053330653789	0.0	0	407.5442851786356	2193.0533306537545	1	0	1	2.2255432346621986
119200.0	3000.0	1993.053330653781	0.0	0	271.42693364224397	2193.0533306537545	1	0	1	2.2255432346621986
120200.0	3000.0	1993.0533306537782	0.0	0	440.3408962640242	2193.0533306537545	1	0	1	2.2255432346621986
121200.0	3000.0	1993.0533306537836	0.0	0	496.460883587235	2193.0533306537545	1	0	1	2.2255432346621986
122200.0	3000.0	1993.0533306537695	0.0	0	373.1896823541174	2193.05333065374	1	0	1	2.2255432346622
123200.0	3000.0	1993.0533306537704	0.0	0	495.26314207265386	2193.05333065374	1	0	1	2.2255432346622
124200.0	3000.0	1993.053330653759	0.0	0	471.32663128190325	2193.05333065374	1	0	1	2.2255432346622
125200.0	3000.0	1993.053330653759	0.0	0	480.2481144756748	2193.05333065374	1	0	1	2.2255432346622
126200.0	3000.0	1993.0533306537527	0.0	0	467.27268987803836	2193.05333065374	1	0	1	2.2255432346622
127200.0	3000.0	1993.0533306537404	0.0	0	388.42670129942417	2193.05333065374	1	0	1	2.2255432346622
128200.0	3000.0	1993.0533306537545	0.0	0	260.9515987276245	2193.05333065374	1	0	1	2.2255432346622
129200.0	3000.0	1993.0533306537486	0.0	0	24.353937225358095	2193.05333065374	1	0	1	2.2255432346622
130200.0	3000.0	1993.0533306537404	0.0	0	360.56290765450103	2193.05333065374	1	0	1	2.2255432346622
131200.0	3000.0	1993.0533306537454	0.0	0	460.0106247194344	2193.05333065374	1	0	1	2.2255432346622
132200.0	3000.0	1993.05333065377	0.0	0	337.3806258002005	2193.053330653769	1	0	1	2.2255432346621986
133200.0	3000.0	1993.0533306537955	0.0	0	488.74114203700447	2193.0533306538127	1	0	1	2.2255432346621955
134200.0	3000.0	1993.05333065376	0.0	0	71.4845293078688	2193.0533306538127	1	0	1	2.2255432346621937
135200.0	3000.0	1993.053330653739	0.0	0	167.23170457794913	2193.0533306537836	1	0	1	2.2255432346621964
136200.0	3000.0	1993.0533306537427	0.0	0	458.4144000161323	2193.0533306537836	1	0	1	2.2255432346621964
137200.0	3000.0	1993.0533306537554	0.0	0	477.7955841603398	2193.0533306537836	1	0	1	2.2255432346621964
138200.0	3000.0	1993.0533306537718	0.0	0	400.5984893972636	2193.0533306537836	1	0	1	2.2255432346621964
139200.0	3000.0	1993.0533306537495	0.0	0	365.1433235309378	2193.0533306537836	1	0	1	2.2255432346621964
140200.0	3000.0	1993.0533306537282	0.0	0	177.69731543769012	2193.0533306537836	1	0	1	2.2255432346621964
141200.0	3000.0	1993.0533306537386	0.0	0	473.8166398620815	2193.0533306537836	1	0	1	2.2255432346621964
142200.0	3000.0	1993.053330653759	0.0	0	430.72497377346735	2193.0533306538127	1	0	1	2.2255432346621937
143200.0	3000.0	1993.0533306537482	0.0	0	462.3886564276181	2193.053330653842	1	0	1	2.225543234662191
144200.0	3000.0	1993.053330653764	0.0	0	612.0909497579269	2193.053330653871	1	0	1	2.225543234662189
145200.0	3000.0	1993.0533306537682	0.0	0	542.249840251694	2193.053330653871	1	0	1	2.225543234662189
146200.0	3000.0	1993.0533306537573	0.0	0	580.3698634042812	2193.053330653871	1	0	1	2.225543234662189
147200.0	3000.0	1993.0533306537463	0.0	0	299.11268472412485	2193.053330653871	1	0	1	2.225543234662189
148200.0	3000.0	1993.053330653759	0.0	0	165.69322020647814	2193.053330653871	1	0	1	2.225543234662189
149313.6237753941	3000.0	1879.429555259624	0.0	0	0.0	2193.053330653871	1	0	1	2.225543234662189
150877.54615475063	3000.0	1315.5071759031207	0.0	0	0.0	2193.053330653871	1	0	1	2.225543234662189
152371.58940810242	3000.0	821.4639225513331	0.0	0	0.0	2193.053330653842	1	0	1	2.225543234662191
153739.6238487145	3000.0	453.4294819392522	0.0	0	0.0	2193.053330653842	1	0	1	2.225543234662191
154699.84758810932	3000.0	566.1547834271228	72.94904088268709	0	0.0	2266.0023715365096	1	0	1	1.7814238630810784
155329.48796905277	3000.0	936.514402483662	0.0	0	0.0	2266.0023715365096	1	0	1	2.219118108377201
155929.2944696506	3000.0	1336.707901885825	0.0	0	0.0	2266.0023715364805	1	0	1	2.219118108377204
156490.38002003776	3000.0	1775.6223514986743	0.0	0	0.0	2266.0023715364805	1	0	1	2.219118108377204
157200.0	3000.0	2066.002371536442	0.0	0	172.83208437205758	2266.0023715364805	1	0	1	2.219118108377204
158200.0	3000.0	2066.0023715364414	0.0	0	575.0321480374841	2266.0023715364805	1	0	1	2.219118108377204
159200.0	3000.0	2066.0023715364023	0.0	0	440.3727450467122	2266.0023715364805	1	0	1	2.219118108377204
160200.0	3000.0	2066.0023715363873	0.0	0	231.3814374145004	2266.0023715364805	1	0	1	2.219118108377204
161200.0	3000.0	2066.0023715363923	0.0	0	335.70200689297053	2266.0023715364805	1	0	1	2.219118108377204
162200.0	3000.0	2066.002371536406	0.0	0	6.688083837303566	2266.0023715365096	1	0	1	2.219118108377201
163200.0	3000.0	2066.0023715364014	0.0	0	16.539000050572213	2266.0023715365096	1	0	1	2.219118108377201
164200.0	3000.0	2066.0023715364277	0.0	0	100.94805919472128	2266.0023715365096	1	0	1	2.219118108377201
165200.0	3000.0	2066.002371536415	0.0	0	549.6573199357081	2266.0023715364805	1	0	1	2.219118108377204
166200.0	3000.0	2066.0023715364096	0.0	0	335.9680366870598	2266.0023715364805	1	0	1	2.219118108377204
167200.0	3000.0	2066.002371536381	0.0	0	309.1261082551209	2266.0023715365096	1	0	1	2.219118108377201
168346.11794355707	3000.0	1919.8844279793027	0.0	0	0.0	2266.0023715365096	1	0	1	2.219118108377201
170058.37619685428	3000.0	1207.6261746821065	0.0	0	0.0	2266.0023715364805	1	0	1	2.219118108377204
170799.1040864345	3000.0	1466.8982851018968	0.0	0	0.0	2266.0023715364805	1	0	1	2.219118108377204
171435.49791095333	3000.0	1830.5044605830892	0.0	0	0.0	2266.0023715364805	1	0	1	2.219118108377204
172435.75833034707	3000.0	1830.2440411893567	0.0	0	0.0	2266.0023715365096	1	0	1	2.219118108377201
173525.1647087715	3000.0	1740.8376627649131	0.0	0	0.0	2266.0023715364805	1	0	1	2.219118108377204
174200.0	3000.0	2066.002371536423	0.0	0	45.83017106872285	2266.0023715365096	1	0	1	2.219118108377201
175200.0	3000.0	2066.002371536416	0.0	0	138.30421279845177	2266.0023715365096	1	0	1	2.219118108377201
176200.0	3000.0	2066.002371536426	0.0	0	197.58348090783693	2266.0023715365096	1	0	1	2.219118108377201
177200.0	3000.0	2066.0023715364323	0.0	0	512.6277898874541	2266.0023715365096	1	0	1	2.219118108377201
178200.0	3000.0	2066.0023715364296	0.0	0	309.44979541091016	2266.0023715365096	1	0	1	2.219118108377201
179200.0	3000.0	2066.0023715364177	0.0	0	274.19710960399243	2266.0023715365096	1	0	1	2.219118108377201
180200.0	3000.0	2066.002371536425	0.0	0	327.80083789353375	2266.0023715365387	1	0	1	2.2191181083771987
181200.0	3000.0	2066.002371536456	0.0	0	483.8392899784376	2266.002371536568	1	0	1	2.2191181083771956
182200.0	3000.0	2066.0023715364596	0.0	0	362.27173586096615	2266.002371536597	1	0	1	2.2191181083771934
183200.0	3000.0	2066.002371536426	0.0	0	392.57152435419266	2266.002371536597	1	0	1	2.2191181083771934
184200.0	3000.0	2066.0023715364246	0.0	0	194.06301945835003	2266.002371536597	1	0	1	2.2191181083771934
185200.0	3000.0	2066.002371536404	0.0	0	112.90244593497482	2266.002371536597	1	0	1	2.2191181083771934
186200.0	3000.0	2066.0023715363964	0.0	0	506.84926567046205	2266.002371536568	1	0	1	2.2191181083771956
187200.0	3000.0	2066.002371536396	0.0	0	314.3566053957911	2266.002371536597	1	0	1	2.2191181083771934
188200.0	3000.0	2066.0023715364096	0.0	0	471.7850634927454	2266.002371536597	1	0	1	2.2191181083771934
189200.0	3000.0	2066.0023715363786	0.0	0	698.9037536509277	2266.002371536568	1	0	1	2.2191181083771956
190200.0	3000.0	2066.002371536385	0.0	0	714.636038372526	2266.0023715365387	1	0	1	2.2191181083771987
191200.0	3000.0	2066.002371536393	0.0	0	571.4377058563114	2266.0023715365387	1	0	1	2.2191181083771987
192200.0	3000.0	2066.0023715363786	0.0	0	391.61729300243314	2266.0023715365387	1	0	1	2.2191181083771987
193688.48216403936	3000.0	1577.5202074970166	0.0	0	0.0	2266.0023715365387	1	0	1	2.2191181083771987
194653.4813640206	3000.0	1612.5210075157474	0.0	0	0.0	2266.0023715365387	1	0	1	2.2191181083771987
195535.62990959335	3000.0	1730.372461943014	0.0	0	0.0	2266.0023715365387	1	0	1	2.2191181083771987
196345.1955119407	3000.0	1920.806859595713	0.0	0	0.0	2266.0023715365387	1	0	1	2.2191181083771987
197704.00179934897	3000.0	1562.0005721874272	0.0	0	0.0	2266.0023715365096	1	0	1	2.219118108377201
198878.65348583876	3000.0	1387.348885697633	0.0	0	0.0	2266.0023715365096	1	0	1	2.219118108377201
199984.96748371096	3000.0	1281.0348878254163	0.0	0	0.0	2266.0023715365096	1	0	1	2.219118108377201
200635.61302380176	3000.0	1630.3893477346357	0.0	0	0.0	2266.0023715365096	1	0	1	2.219118108377201
201438.17812305558	3000.0	1827.8242484808181	0.0	0	0.0	2266.0023715365096	1	0	1	2.219118108377201
202200.0	3000.0	2066.002371536385	0.0	0	217.85760054923594	2266.0023715365387	1	0	1	2.2191181083771987
203200.0	3000.0	2066.002371536383	0.0	0	463.952188174997	2266.0023715365387	1	0	1	2.2191181083771987
204200.0	3000.0	2066.002371536396	0.0	0	154.37027781194774	2266.0023715365387	1	0	1	2.2191181083771987
205200.0	3000.0	2066.002371536402	0.0	0	496.0556450271979	2266.0023715365387	1	0	1	2.2191181083771987
206200.0	3000.0	2066.002371536394	0.0	0	452.8085760498943	2266.0023715365387	1	0	1	2.2191181083771987
207200.0	3000.0	2066.0023715363905	0.0	0	528.2902928867261	2266.0023715365387	1	0	1	2.2191181083771987
208220.01509439532	3000.0	2045.9872771410942	0.0	0	0.0	2266.0023715365387	1	0	1	2.2191181083771987
209200.0	3000.0	2066.002371536407	0.0	0	235.72726414451608	2266.0023715365387	1	0	1	2.2191181083771987
210200.0	3000.0	2066.002371536427	0.0	0	376.45447779778624	2266.0023715365387	1	0	1	2.2191181083771987
211200.0	3000.0	2066.0023715364523	0.0	0	440.28571000738884	2266.0023715365387	1	0	1	2.2191181083771987
212200.0	3000.0	2066.002371536457	0.0	0	418.2796837162168	2266.0023715365387	1	0	1	2.2191181083771987
213200.0	3000.0	2066.0023715364314	0.0	0	319.2833547978371	2266.0023715365096	1	0	1	2.219118108377201
214200.0	3000.0	2066.0023715364377	0.0	0	397.9876090360631	2266.0023715365096	1	0	1	2.219118108377201
215200.0	3000.0	2066.0023715364387	0.0	0	252.33477744300035	2266.0023715364805	1	0	1	2.219118108377204
216200.0	3000.0	2066.0023715364455	0.0	0	327.12856397769065	2266.0023715364805	1	0	1	2.219118108377204
217200.0	3000.0	2066.0023715364314	0.0	0	521.3454306613712	2266.0023715364805	1	0	1	2.219118108377204
218200.0	3000.0	2066.0023715364377	0.0	0	282.98965448359377	2266.0023715364805	1	0	1	2.219118108377204
219200.0	3000.0	2066.0023715364773	0.0	0	213.50911198969698	2266.0023715365096	1	0	1	2.219118108377201
220200.0	3000.0	2066.002371536445	0.0	0	352.52501601484255	2266.0023715365096	1	0	1	2.219118108377201
221200.0	3000.0	2066.002371536448	0.0	0	339.03106153721455	2266.0023715364805	1	0	1	2.219118108377204
222200.0	3000.0	2066.0023715364064	0.0	0	319.4214909343282	2266.0023715364805	1	0	1	2.219118108377204
223200.0	3000.0	2066.0023715363786	0.0	0	30.00945624880842	2266.0023715364805	1	0	1	2.219118108377204
224200.0	3000.0	2066.0023715363614	0.0	0	245.6015923511295	2266.0023715364514	1	0	1	2.2191181083772067
225200.0	3000.0	2066.0023715363895	0.0	0	312.3082904369221	2266.0023715364514	1	0	1	2.2191181083772067
226200.0	3000.0	2066.002371536397	0.0	0	485.887010960083	2266.0023715364514	1	0	1	2.2191181083772067
227200.0	3000.0	2066.00237153644	0.0	0	465.2686894250801	2266.0023715364514	1	0	1	2.2191181083772067
228200.0	3000.0	2066.002371536437	0.0	0	445.29614054303966	2266.0023715364514	1	0	1	2.2191181083772067
229200.0	3000.0	2066.0023715364623	0.0	0	357.89997433676035	2266.0023715364805	1	0	1	2.219118108377204
230200.0	3000.0	2066.002371536465	0.0	0	283.43388920719735	2266.0023715364805	1	0	1	2.219118108377204
231283.23658384467	3000.0	1982.7657876917992	0.0	0	0.0	2266.0023715364805	1	0	1	2.219118108377204
232579.63368091948	3000.0	1686.3686906170035	0.0	0	0.0	2266.0023715364805	1	0	1	2.219118108377204
233821.73859233366	3000.0	1444.2637792028286	0.0	0	0.0	2266.0023715364805	1	0	1	2.219118108377204
234746.64550843547	3000.0	1519.3568631010196	0.0	0	0.0	2266.0023715364805	1	0	1	2.219118108377204
235663.05597509333	3000.0	1602.946396443139	0.0	0	0.0	2266.0023715364805	1	0	1	2.219118108377204
236344.77195668212	3000.0	1921.2304148543583	0.0	0	0.0	2266.0023715364805	1	0	1	2.219118108377204
237200.0	3000.0	2066.0023715364237	0.0	0	106.7085403186793	2266.0023715364514	1	0	1	2.2191181083772067
238200.0	3000.0	2066.0023715364114	0.0	0	521.8595932014287	2266.0023715364514	1	0	1	2.2191181083772067
239200.0	3000.0	2066.002371536412	0.0	0	535.2719830423885	2266.0023715364514	1	0	1	2.2191181083772067
240200.0	3000.0	2066.0023715364123	0.0	0	269.1454671569809	2266.0023715364805	1	0	1	2.219118108377204
241200.0	3000.0	2066.0023715364	0.0	0	286.2405732599145	2266.0023715364805	1	0	1	2.219118108377204
242226.9399956715	3000.0	2039.0623758648778	0.0	0	0.0	2266.0023715364805	1	0	1	2.219118108377204
243200.0	3000.0	2066.0023715363604	0.0	0	384.551897853642	2266.0023715364805	1	0	1	2.219118108377204
244200.0	3000.0	2066.0023715363523	0.0	0	190.46849581049173	2266.0023715364514	1	0	1	2.2191181083772067
245200.0	3000.0	2066.0023715363222	0.0	0	207.8497150511539	2266.0023715364514	1	0	1	2.2191181083772067
246423.46077300998	3000.0	1842.5415985263412	0.0	0	0.0	2266.0023715364514	1	0	1	2.2191181083772067
247726.48730840473	3000.0	1539.515063131578	0.0	0	0.0	2266.0023715364514	1	0	1	2.2191181083772067
248401.38709854515	3000.0	1864.615272991141	0.0	0	0.0	2266.0023715364514	1	0	1	2.2191181083772067
249200.0	3000.0	2066.002371536316	0.0	0	328.6161380765843	2266.0023715364514	1	0	1	2.2191181083772067
250200.0	3000.0	2066.0023715363122	0.0	0	502.1640397410374	2266.0023715364805	1	0	1	2.219118108377204
251200.0	3000.0	2066.002371536324	0.0	0	595.1716268996242	2266.0023715364514	1	0	1	2.2191181083772067
252200.0	3000.0	2066.002371536338	0.0	0	375.01533239125274	2266.0023715364514	1	0	1	2.2191181083772067
253200.0	3000.0	2066.0023715363504	0.0	0	616.9786509634287	2266.0023715364514	1	0	1	2.2191181083772067
254200.0	3000.0	2066.002371536367	0.0	0	532.9010908713972	2266.0023715364514	1	0	1	2.2191181083772067
255200.0	3000.0	2066.0023715363614	0.0	0	228.6885894779698	2266.0023715364514	1	0	1	2.2191181083772067
256200.0	3000.0	2066.0023715363586	0.0	0	596.8725876928947	2266.0023715364514	1	0	1	2.2191181083772067
257200.0	3000.0	2066.002371536365	0.0	0	494.257743472961	2266.0023715364514	1	0	1	2.2191181083772067
258200.0	3000.0	2066.0023715363686	0.0	0	581.8531607304758	2266.0023715364514	1	0	1	2.2191181083772067
259200.0	6000.0	2066.002371536383	0.0	0	254.01145853829803	2266.0023715364514	1	0	1	2.2191181083772067
260200.0	6000.0	2066.002371536374	0.0	0	212.25793671919382	2266.0023715364223	1	0	1	2.9122652889371543
261376.21528531815	6000.0	1889.7870862182353	0.0	0	0.0	2266.0023715364223	1	0	1	2.9122652889371543
263257.6566837465	6000.0	1008.3456877898888	0.0	0	0.0	2266.002371536393	1	0	1	2.912265288937155
264203.20500551665	3000.0	1062.797366019671	0.0	0	0.0	2266.002371536306	1	0	1	1.5259709278172722
265164.39928882226	3000.0	1101.6030827140523	0.0	0	0.0	2266.002371536335	1	0	1	2.2191181083772173
266020.26964958094	3000.0	1245.7327219553506	0.0	0	0.0	2266.002371536335	1	0	1	2.2191181083772173
266805.45200258074	3000.0	1460.5503689555453	0.0	0	0.0	2266.002371536335	1	0	1	2.2191181083772173
267358.8340114845	3000.0	1907.1683600517301	0.0	0	0.0	2266.002371536335	1	0	1	2.2191181083772173
268296.160940244	3000.0	1969.841431292314	0.0	0	0.0	2266.0023715362768	1	0	1	2.2191181083772222
269200.0	3000.0	2066.0023715362904	0.0	0	18.14735982916318	2266.0023715362768	1	0	1	2.2191181083772222
270200.0	3000.0	2066.0023715362913	0.0	0	336.2793100265553	2266.0023715362186	1	0	1	2.2191181083772276
271200.0	3000.0	2066.0023715363386	0.0	0	509.0100801642984	2266.0023715362186	1	0	1	2.2191181083772276
272200.0	3000.0	2066.002371536295	0.0	0	627.1563308149925	2266.0023715362186	1	0	1	2.2191181083772276
273200.0	3000.0	2066.0023715363163	0.0	0	512.4119412248256	2266.0023715362186	1	0	1	2.2191181083772276
274200.0	3000.0	2066.0023715363504	0.0	0	642.1025479835225	2266.0023715362186	1	0	1	2.2191181083772276
275200.0	3000.0	2066.002371536373	0.0	0	310.1640581089887	2266.0023715362186	1	0	1	2.2191181083772276
276200.0	3000.0	2066.0023715363977	0.0	0	354.9654971898417	2266.0023715362186	1	0	1	2.2191181083772276
277200.0	3000.0	2066.002371536453	0.0	0	582.4178682416095	2266.0023715362186	1	0	1	2.2191181083772276
278200.0	3000.0	2066.0023715364705	0.0	0	287.38171613693703	2266.0023715362768	1	0	1	2.2191181083772222
279217.4386076895	3000.0	2048.5637638469807	0.0	0	0.0	2266.0023715362768	1	0	1	2.2191181083772222
280902.5051385318	3000.0	1363.4972330046953	0.0	0	0.0	2266.0023715362768	1	0	1	2.2191181083772222
281956.20893943455	3000.0	1309.7934321018984	0.0	0	0.0	2266.0023715362768	1	0	1	2.2191181083772222
283069.1159576732	3000.0	1196.8864138632218	0.0	0	0.0	2266.0023715362768	1	0	1	2.2191181083772222
283793.6537503267	3000.0	1472.348621209695	0.0	0	0.0	2266.0023715362768	1	0	1	2.2191181083772222
284664.3252411188	3000.0	1601.677130417596	0.0	0	0.0	2266.0023715362768	1	0	1	2.2191181083772222
285271.60269581014	3000.0	1994.3996757261898	0.0	0	0.0	2266.0023715362768	1	0	1	2.2191181083772222
286200.0	3000.0	2066.002371536287	0.0	0	274.4682675743825	2266.0023715362768	1	0	1	2.2191181083772222
287200.0	3000.0	2066.002371536269	0.0	0	450.25301781197777	2266.0023715362768	1	0	1	2.2191181083772222
288200.0	3000.0	2066.002371536272	0.0	0	307.21865765890107	2266.002371536335	1	0	1	2.2191181083772173
289200.0	3000.0	2066.002371536283	0.0	0	331.87074498052243	2266.002371536335	1	0	1	2.2191181083772173
290200.0	3000.0	2066.002371536313	0.0	0	318.0964829151053	2266.002371536335	1	0	1	2.2191181083772173
291200.0	3000.0	2066.0023715362686	0.0	0	482.2270337383379	2266.002371536335	1	0	1	2.2191181083772173
292200.0	3000.0	2066.0023715362886	0.0	0	554.5743651393568	2266.002371536335	1	0	1	2.2191181083772173
293200.0	3000.0	2066.0023715363172	0.0	0	475.56021942407824	2266.002371536393	1	0	1	2.219118108377212
294200.0	3000.0	2066.0023715362986	0.0	0	454.02766315761255	2266.002371536335	1	0	1	2.2191181083772173
295200.0	3000.0	2066.0023715362495	0.0	0	339.3179997811676	2266.002371536335	1	0	1	2.2191181083772173
296200.0	3000.0	2066.002371536203	0.0	0	517.7616087777424	2266.002371536335	1	0	1	2.2191181083772173
297200.0	3000.0	2066.0023715361785	0.0	0	513.4295565321809	2266.002371536335	1	0	1	2.2191181083772173
298200.0	3000.0	2066.0023715361476	0.0	0	520.1068258803571	2266.002371536335	1	0	1	2.2191181083772173
299385.36642259435	3000.0	1880.6359489417985	0.0	0	0.0	2266.002371536335	1	0	1	2.2191181083772173
300528.5285131691	3000.0	1737.4738583670276	0.0	0	0.0	2266.002371536335	1	0	1	2.2191181083772173
6.19	4.33	5.2	4.69	4.4	4.56	4.01	4.6	5.21	2.84	2.8	3.22	4.44	4.9	4.38	4.41	5.6	5.49	4.85	5.28	6.45	6.39	6.75	5.35	4.74	4.93	5.37	6.44	7.31	8.58	8.12	7.71	6.88	6.5	4.97	6.19	7.41	8.57	9.83	10.9	9.72	7.62	4.46	3.6	3.48	4.59	3.78	2.17	2.73	2.97	3.68	4.38	4.53	5.69	5.47	6.09	6.13	4.96	5.19	4.65	3.36	3.42	3.06	2.93	2.35	2.47	2.61	2.53	3.44	4.22	3.41	4.23	5.36	5.95	5.62	6.5	7.01	6.39	5.42	4.56	3.9	2.02	2.18	2.85	4.15	5.48	5.69	5.51	5.13	3.89	3.74	4.9	6.14	6.37	3.65	2.71	3.86	5.1	6.42	7.41	6.29	2.88	3.79	4.33	4.53	4.91	4.8	3.78	3.65	1.89	1.97	3.1	4.27	4.47	4.81	5.98	5.73	4.55	5.33	6.61	7.6	6.19	4.55	4.83	4.16	3.87	4.62	4.53	5.27	4.3	4.3	4.19	4.99	5.84	5.49	4.16	4.04	5.24	6.64	6.6	6.67	7.53	7.73	4.2	3.22	2.19	2.09	1.51	1.78	2.5	3.72	5.06	5.8	5.71	5.42	5.14	4.84	3.97	3.13	3.57	4.83	6.38	5.58	4.0	3.05	1.89	2.98	4.29	3.65	3.38	4.75	4.56	5.06	5.94	5.58	4.8	5.58	6.5	5.09	3.41	3.76	4.23	5.46	6.49	7.9	8.94	10.4	8.43	3.74	2.18	3.31	4.45	4.4	2.17	2.65	3.72	3.71	4.69	5.28	4.98	4.45	5.73	6.49	4.7	3.64	3.92	4.24	4.17	4.78	4.65	4.62	4.53	5.8	5.61	4.96	5.1	6.37	6.53	4.04	2.86	4.15	5.5	6.06	4.1	4.84	4.75	3.94	3.5	2.73	2.22	2.81	4.12	4.98	4.81	5.78	4.39	2.95	3.63	3.98	3.95	2.72	3.2	2.06	2.92	4.37	5.34	6.72	6.29	7.14	6.07	4.6	5.53	7.03	7.89	9.34	9.41	7.59	4.17	3.48	4.3	2.65	2.77	3.9	4.7	3.22	4.49	5.53	6.87	7.89	8.9	6.29	5.98	6.06	5.82	3.53	2.28	2.1	2.47	3.49	3.48	4.43	5.32	4.98	3.59	3.83	5.14	6.28	6.16	6.59	5.19	4.49	5.91	5.4	6.02	4.54	2.26	2.65	2.98	3.73
1.0	2.0	3.0	4.0	5.0	6.0	7.0	8.0	9.0	10.0	11.0	12.0	13.0	14.0	15.0	16.0	17.0	18.0	19.0	20.0	21.0	22.0	23.0	24.0	25.0	26.0	27.0	28.0	29.0	30.0	31.0	32.0	33.0	34.0	35.0	36.0	37.0	38.0	39.0	40.0	41.0	42.0	43.0	44.0	45.0	46.0	47.0	48.0	49.0	50.0	51.0	52.0	53.0	54.0	55.0	56.0	57.0	58.0	59.0	60.0	61.0	62.0	63.0	64.0	65.0	66.0	67.0	68.0	69.0	70.0	71.0	72.0	73.0	74.0	75.0	76.0	77.0	78.0	79.0	80.0	81.0	82.0	83.0	84.0	85.0	86.0	87.0	88.0	89.0	90.0	91.0	92.0	93.0	94.0	95.0	96.0	97.0	98.0	99.0	100.0	101.0	102.0	103.0	104.0	105.0	106.0	107.0	108.0	109.0	110.0	111.0	112.0	113.0	114.0	115.0	116.0	117.0	118.0	119.0	120.0	121.0	122.0	123.0	124.0	125.0	126.0	127.0	128.0	129.0	130.0	131.0	132.0	133.0	134.0	135.0	136.0	137.0	138.0	139.0	140.0	141.0	142.0	143.0	144.0	145.0	146.0	147.0	148.0	149.0	150.0	151.0	152.0	153.0	154.0	155.0	156.0	157.0	158.0	159.0	160.0	161.0	162.0	163.0	164.0	165.0	166.0	167.0	168.0	169.0	170.0	171.0	172.0	173.0	174.0	175.0	176.0	177.0	178.0	179.0	180.0	181.0	182.0	183.0	184.0	185.0	186.0	187.0	188.0	189.0	190.0	191.0	192.0	193.0	194.0	195.0	196.0	197.0	198.0	199.0	200.0	201.0	202.0	203.0	204.0	205.0	206.0	207.0	208.0	209.0	210.0	211.0	212.0	213.0	214.0	215.0	216.0	217.0	218.0	219.0	220.0	221.0	222.0	223.0	224.0	225.0	226.0	227.0	228.0	229.0	230.0	231.0	232.0	233.0	234.0	235.0	236.0	237.0	238.0	239.0	240.0	241.0	242.0	243.0	244.0	245.0	246.0	247.0	248.0	249.0	250.0	251.0	252.0	253.0	254.0	255.0	256.0	257.0	258.0	259.0	260.0	261.0	262.0	263.0	264.0	265.0	266.0	267.0	268.0	269.0	270.0	271.0	272.0	273.0	274.0	275.0	276.0	277.0	278.0	279.0	280.0	281.0	282.0	283.0	284.0	285.0	286.0	287.0	288.0	289.0	290.0	291.0	292.0	293.0	294.0	295.0	296.0	297.0	298.0	299.0
3491.5459584974824
