4524.3923642710815	300.0	2000.0	520.4578758153469	0	0.0	4524.3923642710815	1	0	1	-5.5207200252869475
5537.986604088171	1000.0	1733.0072002286388	0.0	0	0.0	4270.9938043168095	1	0	4	-3.3693692442987024
6107.344002093001	500.0	2021.3104527226003	0.0	0	0.0	4128.654454815602	1	0	4	-2.763993208760614
7611.556468107119	1000.0	1141.044870204952	0.0	0	0.0	3752.6013383120717	1	0	4	-1.91845173491036
9035.388693971432	1000.0	361.2545878745624	0.0	0	0.0	3396.6432818459934	1	0	4	-1.0391227237736484
9655.370123263592	500.0	595.5586190966105	7.424654269799362	0	0.0	3250.928742360202	1	0	4	-2.3725071714598664
10239.943953826585	500.0	864.8413308928685	0.0	0	0.0	3104.7852847194536	1	0	4	-1.5586439612316876
10635.499296886872	500.0	1370.3971520675107	0.0	0	0.0	3005.8964489543823	1	0	4	-1.5047005982584927
11347.40649683483	1000.0	1480.5131521325623	0.0	0	0.0	2827.9196489673923	1	0	4	-1.4242741840952085
12764.821774681925	1000.0	921.3563465007562	0.0	0	0.0	2686.178121182682	1	0	3	-0.6547485775198258
13290.356646400058	1000.0	1343.2679876108102	0.0	0	0.0	2633.6246340108682	1	0	3	-0.3187907071286989
13963.451823457935	1000.0	1602.863292847143	0.0	0	0.0	2566.315116305077	1	0	3	-0.2872475458762912
14384.286065176784	1000.0	2076.8204906985825	0.0	0	0.0	2461.1065558753653	1	0	4	-0.8395266249664352
15653.392850761828	2000.0	1490.4370087172797	0.0	0	0.0	2143.829859479103	1	0	4	-0.40884471652343657
16803.57287691856	2000.0	1225.2389799448745	0.0	0	0.0	2028.8118568634272	1	0	3	0.36854270080187745
17868.28371921199	2000.0	1054.0570534220979	0.0	0	0.0	1922.340772634081	1	0	3	0.7221548784523895
19158.07175629503	2000.0	635.290212630758	0.0	0	0.0	1793.361968925783	1	0	3	0.7821506362508746
20010.888100792363	1000.0	697.1922336836935	0.0	0	0.0	1708.080334476057	1	0	3	-0.554418424345231
20539.104894568292	1000.0	1116.1537605301655	0.0	0	0.0	1655.258655098456	1	0	3	0.17001192604010454
21354.060417989956	1000.0	1219.7026847663337	0.0	0	0.0	1573.763102756282	1	0	3	0.20636979325171761
22649.572878832056	1000.0	794.6389778400231	0.0	0	0.0	1444.2118566720674	1	0	3	0.2652830177194263
23560.464935025124	1000.0	792.6577160276508	0.0	0	0.0	1353.1226510527667	1	0	3	0.315607595620338
24375.198094781856	1000.0	896.45124029524	0.0	0	0.0	1271.649335077087	1	0	3	0.3575347755724566
25200.0	1000.0	989.1691445552813	0.0	0	107.97056090357364	1189.1691445552788	1	0	3	0.39573171083442454
26200.0	1000.0	889.169144555279	0.0	0	113.18208959770709	1089.1691445552751	1	0	3	0.44401006088751144
27200.0	1000.0	789.1691445552802	0.0	0	341.8799454504988	989.1691445552788	1	0	3	0.4902732665516646
28411.587483954714	1000.0	456.42291220509424	0.0	0	0.0	868.0103961598033	1	0	3	0.5549722012489552
29681.732031752457	1000.0	288.99048622996787	208.8423423658102	0	0.0	970.72251798242	1	0	3	-0.7499633719473724
30294.87153568644	1000.0	673.0431717013373	53.1873998170457	0	0.0	967.9147073877721	1	0	3	0.19343423564025328
31200.0	1000.0	677.4018609564226	0.0	0	119.59591562591595	877.4018609564155	1	0	3	0.5500838774883977
32200.0	1000.0	677.4018609564214	0.0	0	417.8846056690418	877.4018609564155	1	0	2	0.5652718738477283
33200.0	1000.0	577.4018609564132	0.0	0	388.21054774161166	777.4018609564046	1	0	3	0.3960529609244321
34281.925089146804	1000.0	387.28426289493484	0.0	0	0.0	669.2093520417329	1	0	3	0.6528497331359321
35296.126224038744	1000.0	438.6977819243913	151.84978855507777	0	0.0	734.824005963128	1	0	3	-0.28726000258174433
36200.0	1000.0	534.8240059631353	0.0	0	255.30594363849377	734.824005963128	1	0	2	0.636560801344372
37200.0	1000.0	534.8240059631418	0.0	0	586.5574581514156	734.824005963128	1	0	2	0.8365608013443722
38200.0	1000.0	534.8240059631482	0.0	0	552.2784780135189	734.824005963128	1	0	2	0.8365608013443722
39200.0	1000.0	534.8240059631456	0.0	0	472.54753213182994	734.824005963128	1	0	2	0.8365608013443722
40269.685021458616	1000.0	465.1389845045229	0.0	0	0.0	734.824005963128	1	0	2	0.8365608013443722
41373.04034921597	1000.0	479.9691499872072	118.18549324004437	0	0.0	853.0094992031736	1	0	2	0.06835509528408326
42200.0	500.0	570.3135341247769	0.0	0	228.22233094726107	770.3135341247762	1	0	3	-0.9842655376969459
43200.0	500.0	470.31353412477074	0.0	0	435.6334527470972	670.3135341247762	1	0	3	-0.043300736734843984
44200.0	500.0	470.3135341247746	0.0	0	608.5335654110313	670.3135341247835	1	0	2	-0.02433114329640111
45200.0	500.0	570.3135341247722	0.0	0	672.1048552450447	770.3135341247835	1	0	1	-0.054331143296400916
46328.155520158085	1000.0	329.3424619508794	0.0	0	0.0	657.4979821089801	1	0	3	-0.4333628677290584
47246.60864307672	1000.0	544.8220117115754	133.9326726793225	0	0.0	791.4306547883025	1	0	2	-0.19533855914415021
48200.0	1000.0	591.4306547882902	0.0	0	233.96212296097656	791.4306547883025	1	0	2	0.808257476931785
49200.0	1000.0	491.4306547882855	0.0	0	525.3827460631219	691.4306547882952	1	0	3	0.4383109663298219
50200.0	1000.0	391.43065478827486	0.0	0	94.66824164443824	591.4306547882952	1	0	3	0.6928632981915397
51200.0	1000.0	391.4306547882786	0.0	0	250.2492763699629	591.4306547882952	1	0	2	0.7082574769317884
52200.0	1000.0	391.4306547882703	0.0	0	521.4055289079988	591.4306547882879	1	0	2	0.9082574769317922
53200.0	1000.0	391.4306547882679	0.0	0	384.8250587692455	591.4306547882879	1	0	2	0.9082574769317922
54200.0	1000.0	398.22890523036745	6.798250442110145	0	271.7744907287124	598.2289052303968	1	0	2	0.8640688490580769
55200.0	1000.0	398.2289052303681	0.0	0	311.7634572485549	598.228905230404	1	0	2	0.9048583517107343
56200.0	1000.0	398.2289052303613	0.0	0	356.7922700263516	598.228905230404	1	0	2	0.9048583517107343
57200.0	500.0	398.22890523035585	0.0	0	548.6195103433056	598.2289052303968	1	0	2	-0.481436009409153
58200.0	500.0	398.22890523035016	0.0	0	482.082877394103	598.2289052303968	1	0	2	0.21171117115079238
59200.0	500.0	398.22890523035744	0.0	0	491.9679137064377	598.228905230404	1	0	2	0.21171117115078875
60200.0	500.0	398.2289052303486	0.0	0	434.3664466603732	598.228905230404	1	0	2	0.21171117115078875
61200.0	500.0	398.2289052303346	0.0	0	299.17289458627056	598.2289052303968	1	0	2	0.21171117115079238
62200.0	500.0	398.2289052303388	0.0	0	505.777271772582	598.228905230404	1	0	2	0.21171117115078875
63200.0	500.0	405.921210450201	7.692305219870377	0	284.80836487899796	605.9212104502731	1	0	2	0.16171118722163197
64200.0	500.0	405.92121045020167	0.0	0	401.78670715856424	605.9212104502731	1	0	2	0.20786501854085424
65200.0	500.0	405.9212104502052	0.0	0	364.36369670861313	605.9212104502731	1	0	2	0.20786501854085424
66200.0	500.0	405.92121045021815	0.0	0	612.9496133335051	605.9212104502949	1	0	2	0.20786501854084768
67200.0	500.0	405.92121045021815	0.0	0	351.91093918224215	605.9212104502803	1	0	2	0.2078650185408506
68200.0	500.0	405.92121045021486	0.0	0	488.01383664025343	605.9212104502803	1	0	2	0.2078650185408506
69200.0	500.0	405.9212104502117	0.0	0	332.0971105718636	605.9212104502803	1	0	2	0.2078650185408506
70200.0	500.0	405.9212104502179	0.0	0	423.5307204672863	605.9212104502803	1	0	2	0.2078650185408506
71200.0	500.0	431.1977796886148	25.276569238400754	0	254.083237169747	631.1977796886204	1	0	2	0.04356731849127608
72200.0	500.0	431.19777968862354	0.0	0	465.2796459070523	631.1977796886204	1	0	2	0.1952267339216806
73200.0	500.0	431.19777968863457	0.0	0	263.8261490421719	631.1977796886204	1	0	2	0.1952267339216806
74200.0	500.0	431.1977796886299	0.0	0	354.64022564247716	631.1977796886058	1	0	2	0.19522673392168788
75200.0	500.0	431.19777968862013	0.0	0	332.8076673508622	631.1977796886058	1	0	2	0.19522673392168788
76200.0	500.0	435.3738867579118	4.176107069293579	0	247.64024056379276	635.3738867578941	1	0	2	0.16808203797128224
77200.0	500.0	435.37388675790567	0.0	0	480.9011490124103	635.3738867578795	1	0	2	0.193138680387051
78200.0	500.0	435.3738867579093	0.0	0	336.10446352450526	635.3738867578941	1	0	2	0.1931386803870437
79200.0	500.0	435.37388675792147	0.0	0	424.045832499658	635.3738867578941	1	0	2	0.1931386803870437
80200.0	500.0	335.3738867579269	0.0	0	566.5518040592287	535.3738867579086	1	0	3	-0.17662247138934817
81200.0	500.0	235.37388675792232	0.0	0	396.2569257190771	435.3738867579086	1	0	3	0.07417308965402011
82200.0	500.0	235.3738867579209	0.0	0	603.1558444592229	435.3738867579232	1	0	2	0.093138680387029
83200.0	500.0	235.37388675792738	0.0	0	561.0732664565585	435.3738867579232	1	0	2	0.29313868038702917
84200.0	500.0	271.97766225671126	36.603775498781175	0	422.6603378659638	471.9776622567151	1	0	2	0.05521413964494615
85200.0	500.0	352.2411275675332	80.26346531083436	0	117.24505180887354	552.2411275675404	1	0	2	-0.24687573188278555
86200.0	500.0	444.73440316315964	92.49327559563238	0	253.8617922685371	644.7344031631656	1	0	2	-0.3665012313893863
87200.0	500.0	444.73440316315714	0.0	0	503.5459052794031	644.7344031631656	1	0	2	0.18845842218440795
88200.0	500.0	444.73440316315407	0.0	0	617.0956202743546	644.734403163151	1	0	2	0.18845842218441522
89200.0	500.0	444.7344031631542	0.0	0	537.9544829590741	644.734403163151	1	0	2	0.18845842218441522
90200.0	500.0	444.7344031631525	0.0	0	584.0927718640742	644.734403163151	1	0	2	0.18845842218441522
91200.0	500.0	444.7344031631634	0.0	0	477.101214371869	644.7344031631656	1	0	2	0.18845842218440795
92200.0	500.0	444.73440316315146	0.0	0	487.915719739176	644.7344031631656	1	0	2	0.18845842218440795
93200.0	1000.0	444.7344031631658	0.0	0	389.7150012938364	644.7344031631656	1	0	2	0.188458422184408
94200.0	1000.0	444.73440316316737	0.0	0	417.4156127699971	644.7344031631656	1	0	2	0.8816056027443533
95200.0	500.0	444.7344031631591	0.0	0	484.8868186321488	644.7344031631656	1	0	2	-0.5046887583755375
96200.0	500.0	444.7344031631575	0.0	0	264.7806812092167	644.7344031631656	1	0	2	0.18845842218440795
97200.0	1000.0	432.2145724258393	79.52742660243302	0	79.31456377747236	632.2145724258298	1	0	3	-0.696591650152621
98208.01416547065	1000.0	595.5636305322976	171.36322357709062	0	0.0	803.5777960029227	1	0	2	-0.42599543513806887
99237.76894097411	1000.0	565.8088550288221	0.0	0	0.0	803.5777960029227	1	0	2	0.8021839063244749
100216.51308482823	1000.0	587.0647111747035	0.0	0	0.0	803.5777960029227	1	0	2	0.8021839063244749
101200.0	1000.0	603.5777960029213	0.0	0	339.5408125327813	803.5777960029227	1	0	2	0.8021839063244749
102200.0	1000.0	603.5777960029327	0.0	0	315.19794963343884	803.5777960029372	1	0	2	0.8021839063244676
103200.0	1000.0	603.5777960029492	0.0	0	470.56281278198	803.5777960029372	1	0	2	0.8021839063244676
104200.0	1000.0	603.5777960029333	0.0	0	324.1954620103934	803.5777960029372	1	0	2	0.8021839063244676
105200.0	1000.0	603.5777960029184	0.0	0	347.83750775194494	803.5777960029372	1	0	2	0.8021839063244676
106200.0	1000.0	603.577796002922	0.0	0	310.8902594306419	803.5777960029227	1	0	2	0.8021839063244749
107200.0	1000.0	503.5777960029194	0.0	0	252.6889516528463	703.5777960029227	1	0	3	0.434301880767872
108200.0	1000.0	503.5777960029086	0.0	0	15.549542223030585	703.5777960029081	1	0	2	0.6521839063244819
109200.0	500.0	503.57779600290223	0.0	0	421.17643180106825	703.5777960029081	1	0	2	-0.5341104547954088
110200.0	500.0	503.5777960028902	0.0	0	472.8257797850092	703.5777960028936	1	0	2	0.15903672576454392
111200.0	500.0	503.57779600288166	0.0	0	232.3120915463951	703.577796002879	1	0	2	0.1590367257645512
112200.0	500.0	503.5777960028795	0.0	0	403.67735980273574	703.577796002879	1	0	2	0.1590367257645512
113200.0	500.0	403.5777960028936	0.0	0	264.80286158891977	603.577796002879	1	0	3	-0.20953934775468275
114200.0	500.0	455.1856345925976	51.60783858969325	0	38.83286652281822	655.1856345925917	1	0	2	-0.32641422506846485
115200.0	500.0	455.1856345925886	0.0	0	304.1322149762418	655.1856345925917	1	0	2	0.1832328064696949
116200.0	500.0	455.1856345925888	0.0	0	521.6138822915382	655.1856345925917	1	0	2	0.1832328064696949
117200.0	500.0	455.1856345925844	0.0	0	445.7436858867295	655.1856345925917	1	0	2	0.1832328064696949
118200.0	300.0	455.1856345925946	0.0	0	372.52367238115403	655.1856345926062	1	0	2	-0.838418441062294
119200.0	500.0	455.18563459259803	0.0	0	149.49975574374548	655.1856345926062	1	0	2	-0.3275928172963032
120200.0	500.0	455.1856345926052	0.0	0	326.97234442936315	655.1856345926062	1	0	2	0.1832328064696876
121424.59609305185	1000.0	465.2285152143539	234.63897367360232	0	0.0	889.8246082662081	1	0	2	-1.3419205224087272
122498.71479431204	1000.0	373.7466359681166	81.86244739996923	0	0.0	872.4614302801638	1	0	3	-0.13774431842303064
123398.66259369375	1000.0	514.103334625175	40.30449803878173	0	0.0	912.7659283189423	1	0	2	0.3057628519337745
124200.0	1000.0	632.632187688309	0.0	0	152.44197980352328	832.6321876883449	1	0	3	0.3746035503676456
125214.46332614573	1000.0	516.722528928002	0.0	0	0.0	731.1858550737816	1	0	3	0.6225666190676615
126200.0	1000.0	432.63218768830166	0.0	0	127.47358924425498	632.6321876883449	1	0	3	0.6718003587337726
127310.62402655145	1000.0	404.16468697555496	82.15652583870859	0	0.0	714.7887135270576	1	0	2	0.15363929253015574
128305.25460158511	1000.0	539.9648611005712	130.43074915869212	0	0.0	845.2194626857527	1	0	2	-0.0012214219690929173
129229.3241830919	1000.0	615.8952795938012	0.0	0	0.0	845.2194626857527	1	0	2	0.7813630729830598
130200.0	1000.0	548.1518809949134	0.0	0	224.20793030019559	748.1518809949775	1	0	3	0.41370294289123594
131215.17864244044	1000.0	532.9732385544871	0.0	0	0.0	748.1518809949921	1	0	2	0.6298968638284457
132200.0	1000.0	548.151880994961	0.0	0	66.66514024478965	748.1518809950212	1	0	2	0.8298968638284272
133200.0	1000.0	448.1518809949694	0.0	0	290.32254859039676	648.1518809950503	1	0	3	0.46157541419361114
134200.0	500.0	348.1518809949455	0.0	0	648.4863269547932	548.1518809950503	1	0	3	-0.6763974972914799
135200.0	500.0	248.151880994939	0.0	0	422.8011067181069	448.1518809950794	1	0	3	0.06762266490406586
136200.0	500.0	277.41773164124163	29.265850646342273	0	486.5941043840139	477.4177316414134	1	0	2	-0.10347834593276972
137200.0	500.0	277.4177316412517	0.0	0	532.1284951214038	477.4177316413843	1	0	2	0.2721167579452986
138200.0	500.0	277.4177316412435	0.0	0	554.6007972172811	477.4177316413843	1	0	2	0.2721167579452986
139200.0	500.0	277.4177316412457	0.0	0	296.2718205652782	477.4177316413843	1	0	2	0.2721167579452986
140200.0	500.0	365.83766109660104	88.41992945534898	0	284.66649311149376	565.8376610967389	1	0	2	-0.3026127835144725
141200.0	500.0	265.8376610965736	0.0	0	458.8060510841897	465.8376610967098	1	0	3	-0.141166906859652
142200.0	1000.0	446.40521261043915	255.06141046716294	0	107.47046786133433	646.4052126104652	1	0	3	-1.5568781906471942
143200.0	500.0	446.4052126104299	0.0	0	565.5452000532823	646.4052126104361	1	0	2	-0.7055241630991727
144200.0	500.0	446.4052126104575	0.0	0	332.16807662244537	646.4052126104361	1	0	2	0.18762301746077265
145200.0	500.0	446.4052126104448	0.0	0	202.85895608941792	646.4052126104361	1	0	2	0.18762301746077265
146200.0	500.0	446.4052126104398	0.0	0	305.01654424422304	646.4052126104361	1	0	2	0.18762301746077265
147200.0	500.0	446.4052126104185	0.0	0	495.72852745171986	646.4052126104361	1	0	2	0.18762301746077265
148200.0	500.0	446.40521261040635	0.0	0	542.5970497582457	646.4052126104652	1	0	2	0.18762301746075816
149200.0	1000.0	446.40521261040294	0.0	0	142.58908683384652	646.4052126104361	1	0	2	0.1876230174607727
150245.1471033671	1000.0	401.25810924328056	0.0	0	0.0	646.4052126104361	1	0	2	0.8807701980207181
151200.0	1000.0	374.8491648826034	21.75385630496428	0	111.76105706277303	574.8491648825875	1	0	3	0.3703895718142121
152200.0	500.0	374.8491648825743	0.0	0	552.1808807511406	574.8491648825875	1	0	2	-0.6697461392352487
153200.0	500.0	374.84916488259944	0.0	0	509.8637266603764	574.8491648825875	1	0	2	0.223401041324697
154200.0	500.0	374.84916488260484	0.0	0	310.4271733951173	574.8491648825875	1	0	2	0.223401041324697
155200.0	500.0	374.8491648825708	0.0	0	500.1324934588629	574.8491648825584	1	0	2	0.2234010413247115
156200.0	500.0	374.8491648825959	0.0	0	553.8797683035373	574.8491648825875	1	0	2	0.223401041324697
157200.0	500.0	381.67053638391565	6.821371501293527	0	182.4445926551416	581.6705363839283	1	0	2	0.17906212656626835
158200.0	500.0	381.6705363839079	0.0	0	329.2460105610953	581.6705363839283	1	0	2	0.21999035557402657
159200.0	500.0	481.67053638391883	0.0	0	318.272349468054	681.6705363839283	1	0	1	-0.012076992709453158
160200.0	500.0	481.6705363839419	0.0	0	462.8449813867337	681.6705363839283	1	0	2	-0.030009644425973342
161200.0	500.0	481.6705363839535	0.0	0	591.2656592160056	681.6705363839283	1	0	2	0.1699903555740266
162200.0	1000.0	533.056421266575	51.38588488261354	0	159.43324646173278	733.0564212665195	1	0	2	-0.16401789616295032
163200.0	1000.0	533.0564212665813	0.0	0	330.993491749221	733.0564212665486	1	0	2	0.8374445936926678
164200.0	1000.0	433.05642126654993	0.0	0	349.4946448363189	633.0564212665195	1	0	3	0.4684857376623612
165200.0	1000.0	433.05642126655334	0.0	0	386.6037378136243	633.0564212665195	1	0	2	0.6874445936926763
166200.0	1000.0	433.056421266544	0.0	0	243.2497695555212	633.0564212664904	1	0	2	0.8874445936926911
167200.0	1000.0	433.056421266537	0.0	0	456.2535140015825	633.0564212664613	1	0	2	0.8874445936926998
168200.0	1000.0	433.0564212665213	0.0	0	453.1743666375987	633.0564212664322	1	0	2	0.8874445936927201
169200.0	1000.0	433.0564212664884	0.0	0	218.83191885059932	633.056421266403	1	0	2	0.8874445936927347
170200.0	500.0	433.0564212664765	0.0	0	616.8463037633628	633.056421266403	1	0	2	-0.4988497674271563
171200.0	500.0	433.05642126650423	0.0	0	352.274956784182	633.056421266403	1	0	2	0.19429741313278925
172200.0	500.0	433.0564212665214	0.0	0	330.70483632717514	633.0564212664322	1	0	2	0.19429741313277465
173200.0	500.0	433.05642126651435	0.0	0	374.0173770772526	633.0564212664322	1	0	2	0.19429741313277465
174200.0	500.0	433.0564212665481	0.0	0	532.6804559474986	633.0564212664904	1	0	2	0.19429741313275142
175200.0	500.0	433.0564212665654	0.0	0	541.055811056227	633.0564212664613	1	0	2	0.19429741313275434
176200.0	500.0	433.0564212665894	0.0	0	543.6666522883461	633.0564212664613	1	0	2	0.19429741313276017
177200.0	500.0	433.05642126659404	0.0	0	499.988086033758	633.0564212664904	1	0	2	0.1942974131327456
178200.0	500.0	433.05642126663577	0.0	0	563.3982193738047	633.0564212665195	1	0	2	0.19429741313273685
179200.0	1000.0	509.56383802452444	76.50741675788798	0	181.19307348880102	709.56383802442	1	0	2	-0.3030007957935471
180200.0	1000.0	509.5638380245073	0.0	0	302.0654895748303	709.56383802442	1	0	2	0.8491908853137262
181200.0	1000.0	409.5638380245356	0.0	0	356.5833615923475	609.5638380244491	1	0	3	0.48022219053999043
182200.0	1000.0	409.56383802452774	0.0	0	348.47666560384096	609.5638380244491	1	0	2	0.6991908853137117
183342.8946430346	1000.0	249.7651580843694	88.5322067253637	0	0.0	592.6598011189781	1	0	3	-0.040548050849107814
184200.0	1000.0	501.22893084355064	108.56912972456803	0	182.04503265130916	701.2289308435575	1	0	2	0.001943560556749102
185200.0	1000.0	401.22893084353416	0.0	0	225.92818444262957	601.2289308435284	1	0	3	0.4873350752171832
186200.0	1000.0	401.2289308435361	0.0	0	532.8692624836985	601.2289308435575	1	0	2	0.7033583389041631
187200.0	1000.0	401.2289308435171	0.0	0	501.0947232518811	601.2289308435575	1	0	2	0.9033583389041575
188200.0	1000.0	401.2289308435049	0.0	0	169.6359493479249	601.2289308435866	1	0	2	0.9033583389041488
189200.0	500.0	401.22893084354337	0.0	0	546.1366305451375	601.2289308436157	1	0	2	-0.4829360222157567
190265.13645939974	1000.0	505.69004987961046	169.59757843583154	0	0.0	770.8265092793736	1	0	2	-0.8921731014886849
191358.95430091288	1000.0	411.8722083664918	0.0	0	0.0	770.8265092794027	1	0	2	0.818559549686235
192251.64038455978	1000.0	569.9367361496326	50.750611430068005	0	0.0	821.5771207094367	1	0	2	0.4886805753908098
193200.0	1000.0	526.7411591654002	0.0	0	242.18633577448782	726.7411591654527	1	0	3	0.4239188974826339
194200.0	1000.0	526.7411591653866	0.0	0	109.38862723924103	726.7411591654527	1	0	2	0.6406022247432097
195367.22598976962	1000.0	337.75845924925085	86.33262620950848	0	0.0	704.9844490189862	1	0	3	-0.08152656299899064
196200.0	1000.0	513.0578587769801	8.073409758119482	0	183.91050549180363	713.057858777116	1	0	2	0.5990034163886611
197200.0	1000.0	513.0578587769714	0.0	0	277.4758172213624	713.057858777087	1	0	2	0.8474438749373927
198200.0	1000.0	513.0578587769696	0.0	0	567.072413951857	713.0578587770578	1	0	2	0.8474438749374014
199200.0	1000.0	413.0578587769711	0.0	0	466.23906904426985	613.057858777087	1	0	3	0.4779010142560179
200200.0	1000.0	413.05785877695473	0.0	0	446.10616108961403	613.057858777087	1	0	2	0.6974438749373926
201200.0	1000.0	413.0578587769753	0.0	0	508.6525830466999	613.057858777087	1	0	2	0.8974438749373927
202200.0	1000.0	413.0578587769745	0.0	0	427.1766619103146	613.0578587770578	1	0	2	0.8974438749374072
203200.0	1000.0	413.05785877695564	0.0	0	379.4819492948591	613.0578587770578	1	0	2	0.8974438749374072
204200.0	1000.0	413.0578587769429	0.0	0	475.1331488280266	613.0578587770287	1	0	2	0.8974438749374218
205200.0	1000.0	413.05785877694575	0.0	0	345.6324687018059	613.0578587769996	1	0	2	0.8974438749374335
206200.0	500.0	413.0578587769621	0.0	0	491.8298028552381	613.0578587770287	1	0	2	-0.48885048618246313
207200.0	500.0	413.0578587769536	0.0	0	260.957914402039	613.0578587770287	1	0	2	0.20429669437747633
208200.0	500.0	417.81485086625503	4.756992089284324	0	330.6424630807596	617.8148508663289	1	0	2	0.17337624579712035
209200.0	500.0	417.814850866238	0.0	0	489.9067873644235	617.8148508663289	1	0	2	0.20191819833282632
210200.0	500.0	417.8148508662732	0.0	0	379.95454022998456	617.814850866358	1	0	2	0.20191819833281754
211200.0	500.0	417.8148508662823	0.0	0	490.1982840843557	617.814850866358	1	0	2	0.20191819833281172
212200.0	500.0	417.8148508663053	0.0	0	406.7303888751776	617.814850866358	1	0	2	0.20191819833281172
213200.0	500.0	417.81485086630425	0.0	0	600.809843930183	617.814850866358	1	0	2	0.20191819833281172
214200.0	500.0	417.8148508662923	0.0	0	408.9414588576765	617.8148508663871	1	0	2	0.2019181983327972
215200.0	500.0	417.8148508662839	0.0	0	482.08758880072855	617.814850866358	1	0	2	0.2019181983328059
216200.0	500.0	417.8148508662589	0.0	0	582.9093448700442	617.8148508663289	1	0	2	0.20191819833282632
217200.0	500.0	417.8148508662654	0.0	0	329.33764033659827	617.8148508662998	1	0	2	0.20191819833283792
218200.0	500.0	417.81485086624934	0.0	0	438.15194567712024	617.8148508662998	1	0	2	0.20191819833284083
219200.0	500.0	417.81485086625815	0.0	0	257.88802311135805	617.8148508662998	1	0	2	0.20191819833284083
220200.0	500.0	467.0035934478757	49.188742581609596	0	224.99833626454347	667.0035934478801	1	0	2	-0.11780862844760681
221200.0	500.0	467.00359344785875	0.0	0	372.4880025657476	667.003593447851	1	0	2	0.17732382704206523
222200.0	500.0	467.0035934478195	0.0	0	240.35556314096902	667.003593447851	1	0	2	0.17732382704206523
223200.0	500.0	467.0035934478502	0.0	0	366.3227163371921	667.003593447851	1	0	2	0.17732382704206523
224200.0	500.0	467.00359344785113	0.0	0	254.24503404996358	667.003593447851	1	0	2	0.17732382704206523
225200.0	500.0	467.0035934478303	0.0	0	365.2554165520414	667.003593447851	1	0	2	0.17732382704206523
226200.0	500.0	467.00359344783146	0.0	0	433.74081165660755	667.0035934478219	1	0	2	0.177323827042074
227200.0	500.0	467.00359344786716	0.0	0	517.0486933438806	667.0035934477928	1	0	2	0.17732382704209432
228200.0	500.0	467.0035934478724	0.0	0	485.1660686036339	667.0035934477637	1	0	2	0.1773238270421089
229200.0	500.0	467.00359344787466	0.0	0	468.82235616631806	667.0035934477928	1	0	2	0.17732382704210015
230200.0	500.0	367.00359344790434	0.0	0	570.7730257277726	567.0035934478219	1	0	3	-0.1924714579097015
231200.0	500.0	367.0035934478921	0.0	0	496.14435355900787	567.003593447851	1	0	2	0.027323827042065055
232200.0	500.0	367.0035934479025	0.0	0	460.4519868874049	567.003593447851	1	0	2	0.22732382704206525
233200.0	500.0	367.00359344791207	0.0	0	487.4547399262083	567.003593447851	1	0	2	0.22732382704206525
234272.5430327407	500.0	317.7673180501424	23.306757342938226	0	0.0	590.3103507907945	1	0	2	0.07582990431296413
235200.0	500.0	498.68668727680233	108.37633648594309	0	195.7861964671174	698.686687276786	1	0	2	-0.4887757387880607
236200.0	500.0	498.6866872767898	0.0	0	472.13258126575965	698.686687276786	1	0	2	0.1614822801275978
237200.0	500.0	498.6866872767745	0.0	0	636.5902001357463	698.686687276786	1	0	2	0.1614822801275978
238200.0	500.0	498.6866872768155	0.0	0	595.3309184813697	698.686687276786	1	0	2	0.1614822801275978
239200.0	500.0	498.68668727682336	0.0	0	450.6317109708034	698.686687276786	1	0	2	0.1614822801275978
240222.76460793702	1000.0	476.6646366984219	0.7425573586290426	0	0.0	699.429244635423	1	0	2	0.15665565729650496
241200.0	1000.0	558.4320567102686	59.00281207480546	0	13.955930267169606	758.4320567102113	1	0	2	0.4707399035219977
242200.0	1000.0	558.4320567102587	0.0	0	493.2655471600883	758.4320567102404	1	0	2	0.8247567759708219
243200.0	1000.0	558.4320567102405	0.0	0	373.934933254699	758.4320567102404	1	0	2	0.8247567759708161
244200.0	500.0	558.4320567102583	0.0	0	608.2716712125402	758.4320567102404	1	0	2	-0.5615375851490749
245200.0	500.0	558.4320567102859	0.0	0	384.92801334746764	758.4320567102404	1	0	2	0.13160959541087058
246595.87043867094	1000.0	272.44969573165514	226.79556505398523	0	0.0	868.3201344025729	1	0	3	-1.7007956075706112
247200.0	1000.0	617.3880001091165	8.61892894494801	0	80.49309887687559	817.3880001090583	1	0	3	0.5336075725082612
248200.0	1000.0	517.3880001091202	0.0	0	287.5842827191809	717.3880001090583	1	0	3	0.6265803349830508
249200.0	1000.0	417.3880001091062	0.0	0	325.809769315063	617.3880001090874	1	0	3	0.6779247518246359
250200.0	1000.0	417.38800010909915	0.0	0	161.4933036158618	617.3880001090874	1	0	2	0.6952788042713922
251200.0	1000.0	475.6386457599765	58.2506456508603	0	79.4628562866128	675.6386457599583	1	0	2	0.5166496075407953
252200.0	1000.0	475.63864575993466	0.0	0	409.1530076088093	675.6386457599583	1	0	2	0.866153481445957
253200.0	1000.0	475.6386457599415	0.0	0	244.22290555326617	675.6386457599874	1	0	2	0.8661534814459455
254200.0	1000.0	475.6386457599431	0.0	0	403.7530777056818	675.6386457599874	1	0	2	0.8661534814459425
255200.0	1000.0	475.6386457599424	0.0	0	233.92211484519066	675.6386457599874	1	0	2	0.8661534814459425
256200.0	1000.0	475.6386457599508	0.0	0	290.7429652272549	675.6386457599874	1	0	2	0.8661534814459425
257200.0	500.0	475.63864575994785	0.0	0	505.36455247324193	675.6386457599874	1	0	2	-0.5201408796739482
258200.0	500.0	375.63864575996934	0.0	0	653.8071498541685	575.6386457599583	1	0	3	-0.1969936991139975
259200.0	500.0	375.6386457599999	0.0	0	305.71376418409636	575.6386457599874	1	0	2	0.023006300885996825
260200.0	500.0	393.0831400091124	17.444494249113006	0	306.68068997818045	593.083140009112	1	0	2	0.10961708826675672
261200.0	500.0	393.08314000909945	0.0	0	213.45445935917087	593.0831400090829	1	0	2	0.2142840537614464
262200.0	500.0	393.0831400090875	0.0	0	352.3924304830434	593.0831400090829	1	0	2	0.21428405376144935
263200.0	500.0	393.0831400090931	0.0	0	449.0775885822368	593.0831400090829	1	0	2	0.21428405376144935
264200.0	500.0	479.5262370056414	86.44309699652008	0	167.2391795127769	679.5262370056007	1	0	2	-0.3475960767159302
265200.0	500.0	379.5262370057146	0.0	0	405.3890233866405	579.5262370057753	1	0	3	-0.19739844072762547
266200.0	500.0	379.5262370057317	0.0	0	580.1731513724662	579.5262370057753	1	0	2	0.021062505263114525
267200.0	300.0	379.52623700571945	0.0	0	500.6257491221186	579.5262370057753	1	0	2	-0.8005887422688783
268557.3240246714	500.0	321.50960832988244	299.3073959955583	0	0.0	878.8336330012535	1	0	2	-2.235261192473977
269200.0	500.0	614.5660354683816	0.0	0	102.85496503137983	814.5660354683641	1	0	3	-0.3070664472933151
270200.0	500.0	514.5660354684416	0.0	0	410.0620536065544	714.5660354684805	1	0	3	-0.06508104968429432
271200.0	1000.0	514.566035468474	0.0	0	284.54897772031836	714.5660354684223	1	0	2	-0.046457393968226346
272363.5564821442	1000.0	370.87051266578777	19.860959341463882	0	0.0	734.4269948098226	1	0	2	0.7175935508722416
273200.0	1000.0	534.4269948100387	0.0	0	272.45621123275487	734.4269948098226	1	0	2	0.836759306921025
274200.0	1000.0	534.4269948100527	0.0	0	461.97525631985627	734.4269948098226	1	0	2	0.836759306921025
275254.37586130545	1000.0	488.2757972389022	8.224663734301757	0	0.0	742.6516585442005	1	0	2	0.7832989926480254
276200.0	500.0	542.6516585444118	0.0	0	492.34837646840606	742.6516585442005	1	0	2	-0.5536473860660549
277200.0	1000.0	442.65165854441045	0.0	0	249.08339288528077	642.6516585441423	1	0	3	-0.2279462832202077
278209.649635861	1000.0	495.08657263353314	148.22683048746836	0	0.0	704.7362084945198	1	0	3	-0.24922099314302815
279200.0	1000.0	405.70117208057593	0.0	0	415.1839311925578	605.7011720805313	1	0	3	0.6826650656557998
280200.0	1000.0	405.70117208057155	0.0	0	180.97179966623662	605.7011720805313	1	0	2	0.7011222182856705
281200.0	1000.0	405.7011720806445	0.0	0	246.11995742027648	605.7011720805313	1	0	2	0.9011222182856706
282200.0	1000.0	405.70117208065335	0.0	0	211.70713415159844	605.7011720805895	1	0	2	0.9011222182856473
283265.47703118983	1000.0	374.12107957576603	33.896938684935506	0	0.0	639.598110765568	1	0	2	0.6807921168335392
284309.7672829961	1000.0	405.9055509269175	76.07472315742251	0	0.0	715.6728339229594	1	0	2	0.3896880484199214
285252.8009507483	1000.0	563.5188679577634	100.6469847830526	0	0.0	816.3198187060189	1	0	2	0.1919309862746112
286200.0	1000.0	521.5999137808573	0.0	0	350.91652961226646	721.5999137808103	1	0	3	0.4245030222644044
287200.0	1000.0	521.5999137808516	0.0	0	281.7670164022129	721.5999137808103	1	0	2	0.6431728474355308
288200.0	500.0	521.5999137808593	0.0	0	518.2083441783907	721.5999137808103	1	0	2	-0.5431215136843598
289200.0	500.0	421.5999137807799	0.0	0	322.3188581697177	621.5999137807521	1	0	3	-0.21812709781648493
290200.0	500.0	421.599913780762	0.0	0	435.6969894253998	621.5999137807521	1	0	2	2.5666875614560603e-05
291200.0	500.0	421.5999137807553	0.0	0	535.1468955505406	621.5999137807521	1	0	2	0.20002566687561474
292200.0	500.0	421.59991378076415	0.0	0	638.8137009219499	621.5999137807521	1	0	2	0.20002566687561474
293200.0	500.0	421.5999137807654	0.0	0	444.33802522334736	621.5999137808103	1	0	2	0.20002566687559725
294200.0	500.0	421.599913780816	0.0	0	416.92001222789986	621.5999137808685	1	0	2	0.20002566687556814
295200.0	500.0	421.59991378088284	0.0	0	411.66343487170525	621.5999137808685	1	0	2	0.20002566687555648
296200.0	500.0	421.59991378093844	0.0	0	411.2505428875447	621.5999137809267	1	0	2	0.2000256668755274
297200.0	500.0	421.5999137809015	0.0	0	617.7473376292037	621.5999137808685	1	0	2	0.20002566687555648
298200.0	500.0	421.5999137809099	0.0	0	628.4138737799949	621.5999137808685	1	0	2	0.20002566687555648
299200.0	500.0	421.5999137810077	0.0	0	671.6121476570843	621.5999137809267	1	0	2	0.2000256668755274
300200.0	500.0	421.5999137809306	0.0	0	551.3191710241372	621.5999137809267	1	0	2	0.2000256668755274
0.73	0.93	0.96	0.87	0.79	0.9	1.05	1.19	0.73	1.92	1.93	1.85	1.51	2.12	1.98	1.45	1.52	0.93	0.92	1.15	1.1	1.2	1.39	1.07	1.16	0.86	1.54	1.68	1.38	1.39	1.03	1.32	1.84	2.22	2.04	1.1	1.12	1.32	0.92	1.25	1.42	1.08	1.02	1.51	2.03	1.65	1.44	1.93	2.0	1.78	2.0	1.32	1.68	0.87	0.65	1.04	0.92	0.8	0.76	1.07	1.14	1.03	1.0	0.95	0.98	1.07	0.57	0.96	0.76	0.92	0.88	0.64	1.09	0.96	1.18	1.31	1.24	1.05	1.18	1.07	0.88	0.49	0.86	1.62	1.55	1.07	0.98	1.05	1.6	1.74	1.55	0.96	0.78	0.97	1.62	1.14	1.63	1.29	1.67	1.33	1.46	1.41	1.38	1.26	1.15	1.16	0.64	0.86	0.81	0.73	0.63	0.95	1.29	0.9	0.37	0.52	0.82	1.29	1.24	1.11	1.81	1.08	1.02	0.95	1.12	1.22	1.58	0.98	1.32	1.27	1.03	0.96	1.44	1.33	1.36	0.7	0.8	0.97	1.41	1.11	0.79	0.73	0.96	1.36	1.52	1.4	1.08	1.07	0.92	0.83	0.73	0.93	0.96	0.87	0.79	0.9	1.05	1.19	0.73	1.92	1.93	1.85	1.51	2.12	1.98	1.45	1.52	0.93	0.92	1.15	1.1	1.2	1.39	1.07	1.16	0.86	1.54	1.68	1.38	1.39	1.03	1.32	1.84	2.22	2.04	1.1	1.12	1.32	0.92	1.25	1.42	1.08	1.02	1.51	2.03	1.65	1.44	1.93	2.0	1.78	2.0	1.32	1.68	0.87	0.65	1.04	0.92	0.8	0.76	1.07	1.14	1.03	1.0	0.95	0.98	1.07	0.57	0.96	0.76	0.92	0.88	0.64	1.09	0.96	1.18	1.31	1.24	1.05	1.18	1.07	0.88	0.49	0.86	1.62	1.55	1.07	0.98	1.05	1.6	1.74	1.55	0.96	0.78	0.97	1.62	1.14	1.63	1.29	1.67	1.33	1.46	1.41	1.38	1.26	1.15	1.16	0.64	0.86	0.81	0.73	0.63	0.95	1.29	0.9	0.37	0.52	0.82	1.29	1.24	1.11	1.81	1.08	1.02	0.95	1.12	1.22	1.58	0.98	1.32	1.27	1.03	0.96	1.44	1.33	1.36	0.7	0.8	0.97	1.41	1.11	0.79	0.73	0.96	1.36	1.52	1.4	1.08	1.07	0.92	0.83
1.0	2.0	3.0	4.0	5.0	6.0	7.0	8.0	9.0	10.0	11.0	12.0	13.0	14.0	15.0	16.0	17.0	18.0	19.0	20.0	21.0	22.0	23.0	24.0	25.0	26.0	27.0	28.0	29.0	30.0	31.0	32.0	33.0	34.0	35.0	36.0	37.0	38.0	39.0	40.0	41.0	42.0	43.0	44.0	45.0	46.0	47.0	48.0	49.0	50.0	51.0	52.0	53.0	54.0	55.0	56.0	57.0	58.0	59.0	60.0	61.0	62.0	63.0	64.0	65.0	66.0	67.0	68.0	69.0	70.0	71.0	72.0	73.0	74.0	75.0	76.0	77.0	78.0	79.0	80.0	81.0	82.0	83.0	84.0	85.0	86.0	87.0	88.0	89.0	90.0	91.0	92.0	93.0	94.0	95.0	96.0	97.0	98.0	99.0	100.0	101.0	102.0	103.0	104.0	105.0	106.0	107.0	108.0	109.0	110.0	111.0	112.0	113.0	114.0	115.0	116.0	117.0	118.0	119.0	120.0	121.0	122.0	123.0	124.0	125.0	126.0	127.0	128.0	129.0	130.0	131.0	132.0	133.0	134.0	135.0	136.0	137.0	138.0	139.0	140.0	141.0	142.0	143.0	144.0	145.0	146.0	147.0	148.0	149.0	149.0	150.0	151.0	152.0	153.0	154.0	155.0	156.0	157.0	158.0	159.0	160.0	161.0	162.0	163.0	164.0	165.0	166.0	167.0	168.0	169.0	170.0	171.0	172.0	173.0	174.0	175.0	176.0	177.0	178.0	179.0	180.0	181.0	182.0	183.0	184.0	185.0	186.0	187.0	188.0	189.0	190.0	191.0	192.0	193.0	194.0	195.0	196.0	197.0	198.0	199.0	200.0	201.0	202.0	203.0	204.0	205.0	206.0	207.0	208.0	209.0	210.0	211.0	212.0	213.0	214.0	215.0	216.0	217.0	218.0	219.0	220.0	221.0	222.0	223.0	224.0	225.0	226.0	227.0	228.0	229.0	230.0	231.0	232.0	233.0	234.0	235.0	236.0	237.0	238.0	239.0	240.0	241.0	242.0	243.0	244.0	245.0	246.0	247.0	248.0	249.0	250.0	251.0	252.0	253.0	254.0	255.0	256.0	257.0	258.0	259.0	260.0	261.0	262.0	263.0	264.0	265.0	266.0	267.0	268.0	269.0	270.0	271.0	272.0	273.0	274.0	275.0	276.0	277.0	278.0	279.0	280.0	281.0	282.0	283.0	284.0	285.0	286.0	287.0	288.0	289.0	290.0	291.0	292.0	293.0	294.0	295.0	296.0	297.0	298.0	298.0
3619.077094763953
