3023.288018344534	300.0	2000.0	224.58307576380378	0	0.0	3023.288018344534	1	0	1	-3.034095657151811
3561.1481467030844	500.0	2327.6748395518125	0.0	0	0.0	2888.822986254897	1	0	4	-2.6605924892979615
4911.34958324648	1000.0	1639.9230438725674	0.0	0	0.0	2551.2726271190477	1	0	4	-1.3044513169119394
6170.299418850349	1000.0	1255.0782247083116	0.0	0	0.0	2425.3776435586606	1	0	3	-0.5248956353629842
7221.424658323789	1000.0	1098.840461287528	0.0	0	0.0	2320.2651196113165	1	0	3	-0.16784901693695733
7764.025565259462	1000.0	1501.9794636582876	0.0	0	0.0	2266.0050289177507	1	0	3	-0.13449918730291818
8388.50799237124	1000.0	1815.0487938353313	0.0	0	0.0	2203.5567862065727	1	0	3	-0.1055151333598239
9331.742012636569	1000.0	1777.4913715434686	0.0	0	0.0	2109.2333841800382	1	0	3	-0.06444079004290837
10200.0	1000.0	1822.4075854436944	0.0	0	197.26014267053324	2022.4075854436942	1	0	3	-0.021928291118457538
11200.0	1000.0	1722.4075854436956	0.0	0	237.2663334359786	1922.4075854436942	1	0	3	0.026101789388750907
12200.0	1000.0	1622.4075854436944	0.0	0	311.9886126078909	1822.4075854436887	1	0	3	0.07370638372529942
13200.0	1000.0	1372.4075854436958	0.0	0	177.12733823729104	1572.4075854436887	1	0	4	-0.42199269105798687
14200.0	2000.0	1272.407585443694	0.0	0	61.02901634216687	1472.407585443685	1	0	3	-0.0471862958389665
15200.0	2000.0	1022.4075854436942	0.0	0	267.84024901974226	1222.407585443687	1	0	4	0.4429217935834777
16200.0	2000.0	922.4075854436953	0.0	0	200.15952381614625	1122.4075854436906	1	0	3	0.8196003095565196
17200.0	2000.0	822.4075854436887	0.0	0	295.7917860155976	1022.4075854436833	1	0	3	1.166832811910856
18217.42246884945	2000.0	703.2428697092905	0.0	0	0.0	920.6653385587379	1	0	3	1.224420242040587
19200.0	2000.0	720.6653385587397	0.0	0	47.77024876516589	920.6653385587342	1	0	2	1.236787315606514
20200.0	2000.0	720.6653385587406	0.0	0	222.6365636645969	920.6653385587342	1	0	2	1.436787315606514
21200.0	2000.0	720.6653385587447	0.0	0	431.62339966048967	920.6653385587379	1	0	2	1.4367873156065125
22200.0	2000.0	720.6653385587458	0.0	0	498.68359748239163	920.6653385587415	1	0	2	1.4367873156065105
23412.103239291966	2000.0	508.5620992667764	0.0	0	0.0	920.6653385587379	1	0	2	1.4367873156065125
24200.0	1000.0	641.8756624879335	0.0	0	275.51077372849613	841.8756624879279	1	0	3	-0.3256068667233688
25200.0	1000.0	641.8756624879326	0.0	0	374.80620874236774	841.8756624879279	1	0	2	0.5830349730819719
26200.0	1000.0	541.8756624879329	0.0	0	287.8125014193356	741.8756624879206	1	0	3	0.4140828836522368
27200.0	1000.0	441.87566248792996	0.0	0	354.05762361527377	641.875662487917	1	0	3	0.6642689020010475
28200.0	2000.0	469.4787939909861	27.603131503058336	0	121.58799824579546	669.4787939909729	1	0	2	0.5036146183120995
29200.0	2000.0	407.90881351056953	34.93638138143602	0	91.35355909563441	607.9088135105594	1	0	3	0.9687446649400346
30200.0	2000.0	407.9088135105726	0.0	0	293.66615648253355	607.9088135105594	1	0	2	1.3931655781306016
31200.0	2000.0	407.90881351057305	0.0	0	258.14586077229615	607.9088135105594	1	0	2	1.5931655781306018
32200.0	1000.0	407.90881351057646	0.0	0	376.8572130780485	607.9088135105594	1	0	2	0.20687121701071143
33200.0	1000.0	407.90881351057817	0.0	0	522.0224850445957	607.9088135105558	1	0	2	0.9000183975706573
34200.0	1000.0	407.908813510586	0.0	0	521.0797968334882	607.9088135105558	1	0	2	0.9000183975706583
35200.0	2000.0	407.908813510586	0.0	0	459.1337611693234	607.9088135105485	1	0	2	0.9000183975706618
36200.0	2000.0	407.9088135105867	0.0	0	378.00794809660147	607.9088135105485	1	0	2	1.5931655781306069
37401.059036136554	2000.0	206.84977737404375	0.0	0	0.0	607.9088135105485	1	0	2	1.5931655781306069
38200.0	1000.0	525.897443195721	117.98862968512768	0	194.80284396984644	725.8974431956813	1	0	2	-0.5600548759426156
39200.0	1000.0	525.8974431957183	0.0	0	348.4391785307889	725.8974431956813	1	0	2	0.8410240827280956
40200.0	1000.0	525.8974431957153	0.0	0	402.3615981809562	725.897443195674	1	0	2	0.8410240827280993
41200.0	1000.0	525.8974431957146	0.0	0	457.9535212769406	725.897443195674	1	0	2	0.8410240827280993
42200.0	1000.0	525.8974431957166	0.0	0	311.89662780553044	725.897443195674	1	0	2	0.8410240827280993
43200.0	1000.0	525.8974431957208	0.0	0	318.8070485657372	725.8974431956813	1	0	2	0.8410240827280956
44200.0	1000.0	525.8974431957215	0.0	0	545.2731315089331	725.8974431956813	1	0	2	0.8410240827280956
45200.0	1000.0	525.8974431957193	0.0	0	569.5390304255052	725.8974431956885	1	0	2	0.8410240827280919
46200.0	1000.0	525.8974431957114	0.0	0	621.1962518984219	725.8974431956885	1	0	2	0.8410240827280919
47200.0	1000.0	525.897443195714	0.0	0	664.635256651818	725.8974431956885	1	0	2	0.8410240827280919
48200.0	1000.0	525.8974431957201	0.0	0	347.35735326277063	725.8974431956885	1	0	2	0.8410240827280919
49200.0	1000.0	525.897443195716	0.0	0	497.94763452737243	725.8974431956885	1	0	2	0.8410240827280919
50200.0	1000.0	525.8974431957174	0.0	0	517.357127351177	725.8974431956885	1	0	2	0.8410240827280919
51200.0	1000.0	525.8974431957215	0.0	0	476.8559436470896	725.8974431956885	1	0	2	0.8410240827280919
52200.0	1000.0	525.897443195719	0.0	0	388.86504876195977	725.8974431956885	1	0	2	0.8410240827280919
53200.0	1000.0	525.8974431957148	0.0	0	235.758129744303	725.8974431956958	1	0	2	0.8410240827280882
54200.0	1000.0	525.89744319572	0.0	0	355.9166425684816	725.8974431956958	1	0	2	0.8410240827280882
55200.0	1000.0	425.8974431957182	0.0	0	467.2441100047363	625.8974431956885	1	0	3	0.47200284367601597
56200.0	1000.0	425.89744319571855	0.0	0	486.07617429699894	625.8974431956885	1	0	2	0.6910240827280917
57200.0	1000.0	425.8974431957177	0.0	0	188.6978600704242	625.8974431956885	1	0	2	0.8910240827280919
58200.0	1000.0	425.89744319572173	0.0	0	188.83648979686404	625.8974431956885	1	0	2	0.8910240827280919
59200.0	1000.0	439.81244166106103	13.91499846533766	0	211.10932684506406	639.8124416610299	1	0	2	0.8005765927033952
60200.0	1000.0	439.8124416610565	0.0	0	130.18354514193925	639.8124416610226	1	0	2	0.8840665834954249
61200.0	1000.0	439.8124416610525	0.0	0	471.04238572371105	639.8124416610299	1	0	2	0.8840665834954211
62200.0	1000.0	439.81244166105625	0.0	0	585.6600197751832	639.8124416610299	1	0	2	0.8840665834954211
63200.0	1000.0	439.8124416610551	0.0	0	586.7451436199553	639.8124416610299	1	0	2	0.8840665834954211
64200.0	1000.0	339.8124416610624	0.0	0	578.2950390433325	539.8124416610299	1	0	3	0.514066583495421
65200.0	1000.0	339.8124416610658	0.0	0	422.75812290504837	539.8124416610372	1	0	2	0.7340665834954174
66200.0	1000.0	339.8124416610605	0.0	0	417.48635990009643	539.8124416610226	1	0	2	0.9340665834954184
67200.0	1000.0	339.8124416610515	0.0	0	465.21814502934285	539.8124416610226	1	0	2	0.9340665834954249
68200.0	1000.0	339.8124416610657	0.0	0	480.3792817707581	539.8124416610226	1	0	2	0.9340665834954249
69200.0	1000.0	339.8124416610533	0.0	0	358.41937158406654	539.8124416610226	1	0	2	0.9340665834954249
70200.0	1000.0	380.3951881431779	40.58274648211743	0	264.7205825917772	580.3951881431713	1	0	2	0.6702787313616461
71200.0	1000.0	380.39518814317796	0.0	0	264.9437648134335	580.3951881431713	1	0	2	0.9137752102543506
72200.0	1000.0	385.66082789414463	5.265639750957	0	277.0651750919933	585.6608278941421	1	0	2	0.8795485518731232
73200.0	1000.0	385.66082789414963	0.0	0	269.2130382129835	585.6608278941276	1	0	2	0.9111423903788725
74200.0	1000.0	385.66082789415606	0.0	0	237.80782359662408	585.6608278941276	1	0	2	0.9111423903788725
75200.0	1000.0	485.66082789415975	0.0	0	324.0504276532156	685.6608278941421	1	0	1	0.679504857635509
76200.0	1000.0	485.66082789416873	0.0	0	419.2299099879019	685.6608278941421	1	0	2	0.6611423903788651
77200.0	1000.0	485.6608278941659	0.0	0	349.03638550026517	685.6608278941276	1	0	2	0.8611423903788723
78200.0	1000.0	485.66082789417646	0.0	0	409.7026700712304	685.6608278941276	1	0	2	0.8611423903788723
79200.0	1000.0	485.6608278941678	0.0	0	442.81326730863657	685.6608278941276	1	0	2	0.8611423903788723
80200.0	1000.0	485.66082789418147	0.0	0	239.22357266428298	685.6608278941276	1	0	2	0.8611423903788723
81200.0	1000.0	485.6608278941916	0.0	0	145.56571339131915	685.6608278941276	1	0	2	0.8611423903788723
82200.0	1000.0	385.6608278941921	0.0	0	450.43793677614303	585.6608278941276	1	0	3	0.4920440629705718
83200.0	1000.0	385.660827894189	0.0	0	389.7678441268654	585.660827894113	1	0	2	0.7111423903788795
84200.0	1000.0	446.067085365152	60.40625747096942	0	162.68156231699686	646.0670853650809	1	0	2	0.5185017168175794
85200.0	1000.0	446.06708536515475	0.0	0	386.31957655485894	646.0670853650809	1	0	2	0.8809392616433959
86200.0	1000.0	446.0670853651553	0.0	0	568.2170661091805	646.0670853650809	1	0	2	0.8809392616433959
87200.0	1000.0	446.06708536515976	0.0	0	620.3096119970287	646.0670853650809	1	0	2	0.8809392616433959
88200.0	1000.0	446.0670853651495	0.0	0	505.4239780049247	646.0670853650809	1	0	2	0.8809392616433959
89200.0	2000.0	446.0670853651351	0.0	0	49.52228873826971	646.0670853650809	1	0	2	0.8809392616433958
90200.0	2000.0	346.0670853651493	0.0	0	366.4981783476105	546.0670853650809	1	0	3	1.2053126119397706
91200.0	2000.0	358.9276764941985	12.860591129042957	0	237.97801947276457	558.9276764941897	1	0	2	1.3404925998645285
92357.88063862499	2000.0	358.82928484680247	157.78224697758864	0	0.0	716.7099234717898	1	0	2	0.5920715412844546
93200.0	2000.0	533.9126292730814	17.20270580130301	0	15.803578237377224	733.9126292730944	1	0	2	1.426947435441516
94200.0	1000.0	633.9126292730778	0.0	0	648.26313965398	833.9126292730507	1	0	1	-0.0861306908705401
95200.0	1000.0	633.9126292730791	0.0	0	533.6772163143469	833.9126292730361	1	0	2	0.5870164896894182
96200.0	1000.0	633.9126292730939	0.0	0	434.12073406003765	833.9126292730507	1	0	2	0.7870164896894107
97200.0	1000.0	633.9126292731063	0.0	0	430.59843230081606	833.9126292730507	1	0	2	0.7870164896894107
98200.0	1000.0	533.9126292731054	0.0	0	545.1380936172791	733.9126292730507	1	0	3	0.41726402648974076
99200.0	1000.0	433.9126292730977	0.0	0	542.9512071148201	633.9126292730216	1	0	3	0.6674010815486462
100200.0	1000.0	433.9126292730964	0.0	0	510.00962940584577	633.9126292730216	1	0	2	0.6870164896894251
101200.0	1000.0	433.91262927308514	0.0	0	525.0071715599915	633.9126292730216	1	0	2	0.8870164896894253
102200.0	1000.0	433.91262927307673	0.0	0	548.1846798189072	633.9126292730216	1	0	2	0.8870164896894253
103200.0	1000.0	433.912629273083	0.0	0	469.926023345266	633.9126292730216	1	0	2	0.8870164896894253
104200.0	1000.0	433.912629273078	0.0	0	429.5502748617	633.9126292730216	1	0	2	0.8870164896894253
105200.0	1000.0	433.9126292730589	0.0	0	663.1901593455987	633.9126292730216	1	0	2	0.8870164896894253
106200.0	1000.0	433.91262927305706	0.0	0	449.955211974986	633.9126292730216	1	0	2	0.8870164896894253
107200.0	1000.0	433.9126292730416	0.0	0	574.0744405788137	633.912629273007	1	0	2	0.8870164896894327
108200.0	1000.0	533.912629273044	0.0	0	369.2849672186858	733.912629273007	1	0	1	0.6561085089382521
109200.0	1000.0	533.9126292730315	0.0	0	483.38119255384663	733.9126292729925	1	0	2	0.63701648968944
110200.0	1000.0	533.9126292730443	0.0	0	281.9487012744503	733.9126292729925	1	0	2	0.83701648968944
111200.0	1000.0	533.9126292730462	0.0	0	364.08427672693506	733.9126292729925	1	0	2	0.83701648968944
112200.0	1000.0	533.9126292730325	0.0	0	355.27721058769384	733.9126292729925	1	0	2	0.83701648968944
113200.0	1000.0	433.9126292730292	0.0	0	164.72103865355894	633.9126292729779	1	0	3	0.47148797679489984
114200.0	1000.0	333.91262927301875	0.0	0	279.19486332499946	533.9126292729634	1	0	3	0.7192737383279432
115200.0	1000.0	349.0976717195283	15.185042446505747	0	300.54002373894036	549.0976717194717	1	0	2	0.6383137137871657
116200.0	1000.0	349.09767171953365	0.0	0	329.6973926534556	549.0976717194571	1	0	2	0.9294239684662077
117200.0	1000.0	349.0976717195234	0.0	0	508.01379801222356	549.0976717194426	1	0	2	0.9294239684662149
118200.0	1000.0	349.09767171951773	0.0	0	568.3906905123004	549.097671719428	1	0	2	0.9294239684662222
119200.0	1000.0	349.0976717195138	0.0	0	439.6473190414108	549.097671719428	1	0	2	0.9294239684662222
120200.0	1000.0	349.09767171950034	0.0	0	285.96501748860464	549.097671719428	1	0	2	0.9294239684662222
121200.0	1000.0	349.0976717194972	0.0	0	324.3389500356134	549.097671719428	1	0	2	0.9294239684662222
122200.0	1000.0	383.01436622887434	121.74244955399453	0	323.2283595793997	583.0143662288756	1	0	3	-0.23460068636810838
123200.0	1000.0	383.014366228873	0.0	0	450.7709444576176	583.0143662288756	1	0	2	0.7124656212114983
124200.0	1000.0	383.01436622887263	0.0	0	552.1530144996068	583.0143662288756	1	0	2	0.9124656212114984
125200.0	1000.0	383.01436622886786	0.0	0	648.2707970859337	583.0143662288756	1	0	2	0.9124656212114984
126200.0	1000.0	383.0143662288637	0.0	0	267.479775256681	583.0143662288756	1	0	2	0.9124656212114984
127200.0	1000.0	383.0143662288498	0.0	0	400.1972126078326	583.0143662288756	1	0	2	0.9124656212114984
128200.0	2000.0	383.01436622884916	0.0	0	274.5622987604147	583.0143662288756	1	0	2	0.9124656212114983
129200.0	1000.0	383.01436622884285	0.0	0	567.7221816860401	583.0143662288756	1	0	2	0.21931844065155326
130200.0	1000.0	383.0143662288526	0.0	0	586.9749375870451	583.0143662288901	1	0	2	0.9124656212114912
131200.0	2000.0	428.2401281278726	45.22576189903934	0	201.23534964985447	628.2401281279163	1	0	2	0.6184981688677419
132200.0	1000.0	428.24012812785907	0.0	0	551.0196969777753	628.2401281278871	1	0	2	0.19670555970204318
133200.0	1000.0	428.2401281278351	0.0	0	195.45519267817144	628.2401281279163	1	0	2	0.889852740261978
134200.0	1000.0	428.2401281278244	0.0	0	268.2982887821563	628.2401281279163	1	0	2	0.889852740261978
135200.0	1000.0	428.24012812779415	0.0	0	481.13940508197993	628.2401281279163	1	0	2	0.889852740261978
136200.0	2000.0	428.24012812779654	0.0	0	202.96708499485976	628.2401281279163	1	0	2	0.8898527402619779
137200.0	3000.0	506.899185343882	78.65905721609366	0	47.28351360023953	706.8991853439948	1	0	2	1.071716048917322
138200.0	3000.0	506.89918534387334	0.0	0	453.19771913118893	706.8991853439948	1	0	2	1.9491355003220487
139279.48887401406	3000.0	427.4103113298065	0.0	0	0.0	706.8991853439657	1	0	2	1.9491355003220634
140200.0	3000.0	526.2093931372649	19.31020779337166	0	60.39517207627068	726.2093931373383	1	0	2	1.823619149665147
141200.0	3000.0	526.2093931372697	0.0	0	98.72091099788668	726.2093931373674	1	0	2	1.9394803964253624
142200.0	2000.0	526.2093931372416	0.0	0	42.49963429599302	726.2093931373674	1	0	2	1.128550180209033
143200.0	1000.0	526.2093931372337	0.0	0	371.79513847708586	726.2093931373674	1	0	2	0.14772092719730734
144200.0	1000.0	526.2093931372326	0.0	0	459.3258123670239	726.2093931373674	1	0	2	0.8408681077572524
145200.0	1000.0	526.209393137242	0.0	0	397.9717578937707	726.2093931373674	1	0	2	0.8408681077572524
146200.0	1000.0	426.2093931372319	0.0	0	407.00225258781575	626.2093931373674	1	0	3	0.47260837804819794
147200.0	1000.0	326.2093931372576	0.0	0	485.126763883105	526.2093931374548	1	0	3	0.721441374999201
148200.0	1000.0	326.2093931372269	0.0	0	306.17325130914105	526.2093931374256	1	0	2	0.7408681077572232
149200.0	1000.0	381.258305070596	55.04891193336585	0	306.52632356385584	581.2583050706016	1	0	2	0.5830501801904404
150200.0	1000.0	381.2583050706096	0.0	0	316.35735527359066	581.2583050706016	1	0	2	0.9133436517906355
151200.0	1000.0	381.25830507061664	0.0	0	460.22167832165724	581.2583050706016	1	0	2	0.9133436517906355
152200.0	1000.0	381.2583050706096	0.0	0	301.85585369955515	581.2583050705725	1	0	2	0.91334365179065
153200.0	1000.0	381.2583050705741	0.0	0	52.43048012140207	581.2583050705725	1	0	2	0.91334365179065
154200.0	500.0	381.2583050705881	0.0	0	510.62377906334586	581.2583050705725	1	0	2	-0.4729507093292407
155200.0	500.0	381.2583050705614	0.0	0	557.7577828394715	581.2583050705725	1	0	2	0.2201964712307045
156200.0	1000.0	461.83381335664717	80.57550828610015	0	197.36177212040639	661.8338133566722	1	0	2	-0.3035443326289461
157200.0	1000.0	461.8338133566808	0.0	0	388.1574008939788	661.8338133566722	1	0	2	0.8730558976476002
158200.0	1000.0	461.83381335665877	0.0	0	236.9992973244225	661.8338133566722	1	0	2	0.8730558976476002
159200.0	1000.0	461.8338133566514	0.0	0	301.5811945560854	661.8338133566431	1	0	2	0.8730558976476146
160200.0	1000.0	461.8338133566522	0.0	0	295.3968215752975	661.8338133566431	1	0	2	0.8730558976476146
161200.0	1000.0	461.8338133566399	0.0	0	238.2887510843284	661.8338133566431	1	0	2	0.8730558976476146
162200.0	1000.0	461.8338133566665	0.0	0	331.98920454559266	661.8338133566431	1	0	2	0.8730558976476146
163200.0	1000.0	461.8338133566341	0.0	0	547.9996802085661	661.8338133566431	1	0	2	0.8730558976476146
164200.0	1000.0	461.8338133566381	0.0	0	616.2564897593693	661.8338133566431	1	0	2	0.8730558976476146
165200.0	1000.0	461.83381335662887	0.0	0	574.0652059714484	661.8338133566722	1	0	2	0.8730558976476002
166200.0	1000.0	461.8338133566207	0.0	0	584.6106871371449	661.8338133566722	1	0	2	0.8730558976476002
167200.0	1000.0	461.833813356606	0.0	0	352.81815397684113	661.8338133566722	1	0	2	0.8730558976476002
168200.0	1000.0	461.8338133566192	0.0	0	642.5450860657147	661.8338133567013	1	0	2	0.8730558976475855
169200.0	2000.0	461.83381335656463	0.0	0	322.92867213019053	661.8338133567013	1	0	2	0.8730558976475855
170200.0	2000.0	461.83381335655156	0.0	0	275.1367066988023	661.8338133567013	1	0	2	1.5662030782075307
171200.0	2000.0	461.833813356567	0.0	0	244.16261036740616	661.8338133567304	1	0	2	1.5662030782075163
172628.23159164688	2000.0	200.0	166.39777829035995	0	0.0	828.2315916470543	1	0	2	0.5079490950251366
173347.56066640047	1000.0	577.0779457982944	153.03629820658702	0	0.0	924.6386121989344	1	0	3	-1.2792432558402917
174200.0	1000.0	639.394678838829	0.0	0	250.81368808320258	839.3946788389876	1	0	3	0.5681843403560406
175200.0	1000.0	539.3946788388163	0.0	0	487.4969799957762	739.3946788389294	1	0	3	0.6148510256381304
176200.0	1000.0	439.39467883881764	0.0	0	409.3617810214346	639.3946788389294	1	0	3	0.6653113525325555
177200.0	2000.0	455.57137423438337	16.17669539553313	0	108.77946385723772	655.5713742345106	1	0	2	0.5791269448354818
178200.0	2000.0	455.5713742344078	0.0	0	390.46371607054607	655.5713742345688	1	0	2	1.5693342977686
179200.0	2000.0	455.57137423440145	0.0	0	234.4505162682035	655.5713742345688	1	0	2	1.569334297768597
180200.0	1000.0	455.5713742343979	0.0	0	408.4405382855912	655.5713742345688	1	0	2	0.18303993664870666
181200.0	1000.0	455.57137423435825	0.0	0	487.9642387664062	655.5713742345688	1	0	2	0.8761871172086519
182200.0	1000.0	455.5713742343554	0.0	0	545.2336828091065	655.5713742345979	1	0	2	0.8761871172086372
183200.0	1000.0	455.571374234323	0.0	0	490.2636939303193	655.5713742345979	1	0	2	0.8761871172086372
184200.0	1000.0	455.5713742343396	0.0	0	594.3378781463543	655.5713742345979	1	0	2	0.8761871172086372
185200.0	2000.0	455.5713742343387	0.0	0	486.3675928201992	655.5713742345979	1	0	2	0.8761871172086371
186227.06401730308	2000.0	428.50735693126705	0.0	0	0.0	655.571374234627	1	0	2	1.5693342977685678
187200.0	1000.0	455.57137423435256	0.0	0	445.4485957180441	655.5713742346561	1	0	2	0.18303993664866305
188200.0	1000.0	455.57137423434403	0.0	0	486.8241935406113	655.5713742346561	1	0	2	0.8761871172086082
189200.0	1000.0	455.5713742343718	0.0	0	414.36452353949426	655.5713742346561	1	0	2	0.8761871172086082
190200.0	1000.0	455.5713742343854	0.0	0	426.51128408202203	655.5713742346561	1	0	2	0.8761871172086082
191200.0	1000.0	455.5713742343728	0.0	0	471.3310808678507	655.571374234627	1	0	2	0.8761871172086199
192200.0	1000.0	455.57137423438064	0.0	0	393.22264865622856	655.571374234627	1	0	2	0.8761871172086227
193200.0	1000.0	355.57137423439434	0.0	0	424.44348315312527	555.5713742346852	1	0	3	0.5071495080156663
194200.0	1000.0	355.5713742343885	0.0	0	502.0771310532582	555.5713742346852	1	0	2	0.7261871172085934
195200.0	1000.0	355.57137423438985	0.0	0	717.9707225673483	555.5713742346852	1	0	2	0.9261871172085936
196200.0	1000.0	355.5713742343708	0.0	0	583.3761291473929	555.5713742346852	1	0	2	0.9261871172085936
197200.0	1000.0	355.5713742343917	0.0	0	350.09036808862584	555.5713742346852	1	0	2	0.9261871172085936
198200.0	1000.0	355.57137423439787	0.0	0	483.4531611621496	555.5713742346852	1	0	2	0.9261871172085936
199200.0	1000.0	355.5713742343815	0.0	0	514.2213016031019	555.5713742346852	1	0	2	0.9261871172085936
200200.0	1000.0	355.57137423437223	0.0	0	376.16785810669535	555.5713742346852	1	0	2	0.9261871172085936
201200.0	1000.0	355.57137423437433	0.0	0	438.2172474053514	555.5713742346852	1	0	2	0.9261871172085936
202200.0	1000.0	367.17543951068745	101.45824116029507	0	175.39922416192712	567.1754395107273	1	0	3	-0.10452359347812915
203200.0	1000.0	367.1754395106889	0.0	0	452.39202289946843	567.1754395107273	1	0	2	0.7203850845705724
204200.0	1000.0	367.17543951069644	0.0	0	385.64578680470004	567.1754395106982	1	0	2	0.9203850845705843
205200.0	1000.0	367.17543951072025	0.0	0	360.0701574369741	567.1754395106982	1	0	2	0.9203850845705872
206200.0	1000.0	367.1754395107099	0.0	0	503.8753175421152	567.1754395106691	1	0	2	0.9203850845706018
207200.0	1000.0	504.8966227410539	137.72118323033703	0	30.97044080856722	704.8966227410128	1	0	2	0.025197393573407556
208200.0	1000.0	504.89662274103046	0.0	0	488.01380195718957	704.8966227410128	1	0	2	0.8515244929554298
209200.0	1000.0	504.89662274104217	0.0	0	407.1768790491624	704.8966227410128	1	0	2	0.8515244929554298
210200.0	1000.0	504.89662274107855	0.0	0	174.25180079299025	704.8966227410419	1	0	2	0.8515244929554153
211200.0	1000.0	504.89662274109696	0.0	0	586.7963176043704	704.8966227410419	1	0	2	0.8515244929554153
212200.0	1000.0	504.8966227410817	0.0	0	620.3988093931112	704.8966227410419	1	0	2	0.8515244929554153
213200.0	1000.0	504.89662274106536	0.0	0	500.8201162648038	704.8966227410419	1	0	2	0.8515244929554153
214200.0	1000.0	504.89662274108264	0.0	0	484.08967338249204	704.8966227410419	1	0	2	0.8515244929554153
215200.0	1000.0	504.89662274107104	0.0	0	178.86200731815188	704.8966227410128	1	0	2	0.8515244929554298
216200.0	1000.0	504.89662274104217	0.0	0	322.6849851386796	704.8966227410128	1	0	2	0.8515244929554298
217200.0	1000.0	504.8966227410515	0.0	0	529.0145268056658	704.8966227410128	1	0	2	0.8515244929554298
218200.0	1000.0	504.8966227410431	0.0	0	411.18845038613654	704.8966227410128	1	0	2	0.8515244929554298
219200.0	1000.0	504.896622741044	0.0	0	559.2870854364301	704.8966227410128	1	0	2	0.8515244929554298
220200.0	1000.0	504.8966227410359	0.0	0	437.29075697791995	704.8966227410128	1	0	2	0.8515244929554298
221200.0	1000.0	504.89662274104626	0.0	0	297.2624989525648	704.8966227410128	1	0	2	0.8515244929554298
222200.0	1000.0	504.89662274104364	0.0	0	506.0007494111196	704.8966227409837	1	0	2	0.8515244929554444
223200.0	1000.0	504.89662274105524	0.0	0	309.51460264838533	704.8966227410128	1	0	2	0.8515244929554298
224200.0	1000.0	504.89662274110424	0.0	0	365.9721140517795	704.8966227410419	1	0	2	0.8515244929554153
225200.0	1000.0	504.8966227410508	0.0	0	324.12686003005365	704.8966227410128	1	0	2	0.8515244929554298
226200.0	1000.0	504.89662274104785	0.0	0	483.9994599809579	704.8966227410128	1	0	2	0.8515244929554298
227200.0	1000.0	504.896622741059	0.0	0	516.2477312100527	704.8966227410419	1	0	2	0.8515244929554153
228200.0	1000.0	504.89662274104023	0.0	0	446.8415520663548	704.8966227410419	1	0	2	0.8515244929554153
229200.0	1000.0	504.8966227410456	0.0	0	222.5770263025188	704.8966227410419	1	0	2	0.8515244929554153
230200.0	1000.0	504.8966227410531	0.0	0	425.5321910334751	704.8966227410419	1	0	2	0.8515244929554153
231200.0	1000.0	504.89662274107695	0.0	0	263.98129134083865	704.8966227410419	1	0	2	0.8515244929554153
232200.0	500.0	504.89662274107866	0.0	0	627.5126335202367	704.8966227410419	1	0	2	-0.5347698681644757
233200.0	1000.0	504.896622741099	0.0	0	323.7093972193834	704.8966227410419	1	0	2	0.15837731239546993
234200.0	1000.0	504.896622741098	0.0	0	444.9884443550545	704.8966227410419	1	0	2	0.8515244929554153
235200.0	1000.0	504.89662274108866	0.0	0	383.072334422759	704.8966227410419	1	0	2	0.8515244929554153
236420.02477060177	2000.0	320.48002296455974	143.28240716857357	0	0.0	740.5047935662733	1	0	3	-0.4412363521428955
237200.0	2000.0	507.9535354036782	41.314786161036494	0	136.62119191529928	707.9535354036489	1	0	3	1.082091877042246
238200.0	2000.0	507.95353540368274	0.0	0	80.95728229443193	707.9535354036198	1	0	2	1.3431432171840711
239232.80196659948	2000.0	519.0520809081847	43.90051210394853	0	0.0	751.8540475075715	1	0	2	1.2577898885084045
240200.0	2000.0	455.1342441676318	0.0	0	22.60312666397658	655.134244167537	1	0	3	1.1566711957943943
241272.52115842048	2000.0	373.77652659236435	89.46868789749496	0	0.0	646.2976850127452	1	0	3	0.8228809948223889
242200.0	2000.0	456.53342458207214	10.235739569215568	0	86.04797290201532	656.5334245819831	1	0	2	1.3074388351795962
243200.0	2000.0	456.5334245820841	0.0	0	296.0482574052585	656.5334245819831	1	0	2	1.5688532725948898
244200.0	2000.0	456.53342458203724	0.0	0	302.62881386085064	656.5334245819831	1	0	2	1.5688532725948898
245200.0	1000.0	456.5334245820502	0.0	0	483.18934649892617	656.5334245819831	1	0	2	0.18255891147499947
246200.0	1000.0	456.5334245820668	0.0	0	505.2163536630105	656.5334245819831	1	0	2	0.8757060920349446
247200.0	1000.0	456.5334245820678	0.0	0	344.8258068251307	656.5334245819831	1	0	2	0.8757060920349446
248200.0	1000.0	456.5334245820742	0.0	0	427.6886287063244	656.5334245819831	1	0	2	0.8757060920349446
249200.0	1000.0	456.5334245820561	0.0	0	438.716908321192	656.5334245819831	1	0	2	0.8757060920349446
250200.0	1000.0	456.5334245820501	0.0	0	433.7851587088953	656.5334245819831	1	0	2	0.8757060920349446
251200.0	1000.0	456.53342458204054	0.0	0	397.75599214600516	656.5334245819831	1	0	2	0.8757060920349446
252200.0	1000.0	456.5334245820311	0.0	0	358.12269757839385	656.5334245819831	1	0	2	0.8757060920349446
253200.0	1000.0	356.5334245820928	0.0	0	484.1166476815124	556.5334245820995	1	0	3	0.5066523458663814
254200.0	1000.0	356.5334245821217	0.0	0	666.0625659472425	556.5334245820704	1	0	2	0.7257060920349008
255200.0	1000.0	456.5334245821183	0.0	0	518.3102028671128	656.5334245820995	1	0	1	0.6953636342366932
256200.0	1000.0	456.5334245821215	0.0	0	517.0523036881641	656.5334245820995	1	0	2	0.6757060920348864
257200.0	1000.0	456.53342458207567	0.0	0	427.8907716749818	656.5334245820995	1	0	2	0.8757060920348864
258200.0	1000.0	456.5334245820525	0.0	0	186.56972947274335	656.5334245820995	1	0	2	0.8757060920348864
259200.0	1000.0	356.5334245820299	0.0	0	367.66931427278905	556.5334245820704	1	0	3	0.5068142302327328
260200.0	1000.0	356.53342458205	0.0	0	430.4479016882542	556.5334245821286	1	0	2	0.7257060920348747
261200.0	1000.0	356.53342458204156	0.0	0	191.4511938325304	556.5334245820995	1	0	2	0.9257060920348864
262200.0	1000.0	356.5334245820144	0.0	0	424.2339175414527	556.5334245820995	1	0	2	0.9257060920348864
263200.0	1000.0	378.4503384846727	21.916913902717166	0	223.65226781344973	578.4503384847776	1	0	2	0.7832461516672387
264200.0	1000.0	378.45033848466915	0.0	0	487.55214174761204	578.4503384848358	1	0	2	0.9147476350835183
265200.0	1000.0	378.4503384846865	0.0	0	390.53283708251547	578.4503384848358	1	0	2	0.9147476350835183
266200.0	1000.0	378.45033848469075	0.0	0	465.6284222371178	578.4503384848358	1	0	2	0.9147476350835183
267200.0	1000.0	378.4503384846985	0.0	0	454.5081252914388	578.450338484894	1	0	2	0.9147476350834892
268200.0	1000.0	378.45033848465397	0.0	0	413.80158820340876	578.450338484894	1	0	2	0.9147476350834892
269200.0	1000.0	378.45033848463686	0.0	0	313.0794186932617	578.450338484894	1	0	2	0.9147476350834892
270200.0	1000.0	378.4503384846194	0.0	0	100.32369878777536	578.4503384848358	1	0	2	0.9147476350835183
271200.0	1000.0	432.49951949826277	54.049181013633714	0	329.4329233990866	632.4995194984949	1	0	2	0.5634279584948865
272200.0	1000.0	432.4995194983276	0.0	0	465.6582167817978	632.4995194984949	1	0	2	0.8877230445766887
273200.0	1000.0	432.4995194983627	0.0	0	654.5640370564652	632.4995194984949	1	0	2	0.8877230445766887
274200.0	1000.0	432.4995194983759	0.0	0	553.3825687341159	632.4995194985531	1	0	2	0.8877230445766595
275200.0	1000.0	432.49951949836986	0.0	0	545.065846317797	632.4995194985531	1	0	2	0.8877230445766595
276200.0	1000.0	432.4995194983651	0.0	0	392.2737144039129	632.4995194985531	1	0	2	0.8877230445766595
277200.0	1000.0	432.4995194983346	0.0	0	452.15953457535943	632.4995194985531	1	0	2	0.8877230445766595
278200.0	1000.0	432.49951949834985	0.0	0	416.2896355538978	632.4995194985531	1	0	2	0.8877230445766537
279200.0	1000.0	332.49951949843035	0.0	0	477.98460770573	532.4995194986113	1	0	3	0.5185323924523725
280200.0	1000.0	332.49951949844603	0.0	0	567.9159455705085	532.4995194986113	1	0	2	0.7377230445766304
281200.0	1000.0	332.49951949848395	0.0	0	468.7353907622164	532.4995194986113	1	0	2	0.9377230445766306
282200.0	1000.0	424.7037524165758	92.20423291810765	0	114.5336057531531	624.7037524165935	1	0	2	0.3383955306089935
283200.0	1000.0	424.70375241651004	0.0	0	429.162634711829	624.7037524165353	1	0	2	0.8916209281176627
284200.0	1000.0	424.70375241647196	0.0	0	451.8562815353507	624.7037524165353	1	0	2	0.8916209281176686
285200.0	2000.0	437.3846540054942	12.68090158905423	0	171.57022427779157	637.3846540056402	1	0	2	0.8091950677887908
286200.0	3000.0	475.75081400952195	38.36616000400788	0	127.1457496068324	675.7508140096324	1	0	2	1.329047617857018
287200.0	3000.0	475.7508140094767	0.0	0	313.8268884095596	675.7508140096324	1	0	2	1.96470968598923
288200.0	3000.0	475.7508140094569	0.0	0	151.1474955045269	675.7508140096324	1	0	2	1.9647096859892357
289200.0	2000.0	475.7508140094071	0.0	0	305.6577720422647	675.7508140095742	1	0	2	1.1537794697729296
290200.0	2000.0	475.750814009441	0.0	0	430.07989041594556	675.7508140095742	1	0	2	1.5592445778810942
291200.0	2000.0	475.7508140094617	0.0	0	204.88561913080048	675.7508140095742	1	0	2	1.5592445778810942
292200.0	1000.0	475.7508140094501	0.0	0	368.9360311992932	675.7508140095742	1	0	2	0.17295021676120392
293200.0	1000.0	475.7508140093996	0.0	0	446.3684106518631	675.7508140095742	1	0	2	0.8660973973211492
294200.0	1000.0	475.75081400939337	0.0	0	141.45681923953816	675.7508140095742	1	0	2	0.8660973973211492
295200.0	1000.0	476.84906518140366	91.90750106544613	0	119.76266976352781	676.8490651815664	1	0	3	-0.09951236277792044
296200.0	1000.0	376.84906518129753	0.0	0	415.7741037728847	576.8490651813918	1	0	3	0.696203250000254
297200.0	1000.0	376.84906518127275	0.0	0	510.41145211295225	576.8490651813918	1	0	2	0.7155482717352402
298200.0	1000.0	376.8490651812749	0.0	0	281.1874280202901	576.8490651813336	1	0	2	0.9155482717352694
299200.0	1000.0	376.8490651812831	0.0	0	405.3591545087984	576.8490651813336	1	0	2	0.9155482717352694
300200.0	1000.0	376.8490651812947	0.0	0	539.7593341707252	576.8490651813336	1	0	2	0.9155482717352694
1.23	0.83	1.0	0.9	1.44	2.15	1.27	1.48	1.88	1.37	1.66	1.85	2.59	3.43	1.85	1.91	2.86	3.0	3.85	3.19	1.34	1.8	2.02	1.75	1.88	2.51	3.34	2.92	1.73	2.22	1.99	2.7	3.2	2.9	1.51	1.78	2.18	2.43	1.69	1.92	2.19	2.1	2.75	3.71	2.51	1.52	1.96	1.62	1.96	1.55	1.61	1.34	1.66	2.05	1.33	1.41	1.81	1.23	1.95	2.07	2.48	1.45	1.62	1.62	2.21	2.33	1.96	1.92	1.59	1.73	1.84	1.77	1.71	2.1	1.71	2.28	1.31	1.36	1.69	2.06	1.31	1.44	1.89	2.1	2.36	3.26	2.31	2.64	2.58	2.24	2.27	3.02	2.37	1.44	2.07	2.13	2.04	1.99	1.88	1.66	2.2	2.77	2.24	1.73	2.39	1.83	1.63	1.61	1.84	1.52	1.78	1.68	1.95	1.96	2.09	2.06	1.89	1.55	1.07	2.65	2.47	2.81	2.02	1.76	2.62	2.06	2.22	2.4	2.78	1.23	1.22	1.97	2.63	3.64	4.58	4.04	2.75	3.67	3.86	1.62	2.31	1.84	1.04	1.88	1.62	1.62	1.91	2.14	2.58	2.51	1.23	0.83	1.0	0.9	1.44	2.15	1.27	1.48	1.88	1.37	1.66	1.85	2.59	3.43	1.85	1.91	2.86	3.0	3.85	3.19	1.34	1.8	2.02	1.75	1.88	2.51	3.34	2.92	1.73	2.22	1.99	2.7	3.2	2.9	1.51	1.78	2.18	2.43	1.69	1.92	2.19	2.1	2.75	3.71	2.51	1.52	1.96	1.62	1.96	1.55	1.61	1.34	1.66	2.05	1.33	1.41	1.81	1.23	1.95	2.07	2.48	1.45	1.62	1.62	2.21	2.33	1.96	1.92	1.59	1.73	1.84	1.77	1.71	2.1	1.71	2.28	1.31	1.36	1.69	2.06	1.31	1.44	1.89	2.1	2.36	3.26	2.31	2.64	2.58	2.24	2.27	3.02	2.37	1.44	2.07	2.13	2.04	1.99	1.88	1.66	2.2	2.77	2.24	1.73	2.39	1.83	1.63	1.61	1.84	1.52	1.78	1.68	1.95	1.96	2.09	2.06	1.89	1.55	1.07	2.65	2.47	2.81	2.02	1.76	2.62	2.06	2.22	2.4	2.78	1.23	1.22	1.97	2.63	3.64	4.58	4.04	2.75	3.67	3.86	1.62	2.31	1.84	1.04	1.88	1.62	1.62	1.91	2.14	2.58	2.51	1.23
1.0	2.0	3.0	4.0	5.0	6.0	7.0	8.0	9.0	10.0	11.0	12.0	13.0	14.0	15.0	16.0	17.0	18.0	19.0	20.0	21.0	22.0	23.0	24.0	25.0	26.0	27.0	28.0	29.0	30.0	31.0	32.0	33.0	34.0	35.0	36.0	37.0	38.0	39.0	40.0	41.0	42.0	43.0	44.0	45.0	46.0	47.0	48.0	49.0	50.0	51.0	52.0	53.0	54.0	55.0	56.0	57.0	58.0	59.0	60.0	61.0	62.0	63.0	64.0	65.0	66.0	67.0	68.0	69.0	70.0	71.0	72.0	73.0	74.0	75.0	76.0	77.0	78.0	79.0	80.0	81.0	82.0	83.0	84.0	85.0	86.0	87.0	88.0	89.0	90.0	91.0	92.0	93.0	94.0	95.0	96.0	97.0	98.0	99.0	100.0	101.0	102.0	103.0	104.0	105.0	106.0	107.0	108.0	109.0	110.0	111.0	112.0	113.0	114.0	115.0	116.0	117.0	118.0	119.0	120.0	121.0	122.0	123.0	124.0	125.0	126.0	127.0	128.0	129.0	130.0	131.0	132.0	133.0	134.0	135.0	136.0	137.0	138.0	139.0	140.0	141.0	142.0	143.0	144.0	145.0	146.0	147.0	148.0	149.0	149.0	150.0	151.0	152.0	153.0	154.0	155.0	156.0	157.0	158.0	159.0	160.0	161.0	162.0	163.0	164.0	165.0	166.0	167.0	168.0	169.0	170.0	171.0	172.0	173.0	174.0	175.0	176.0	177.0	178.0	179.0	180.0	181.0	182.0	183.0	184.0	185.0	186.0	187.0	188.0	189.0	190.0	191.0	192.0	193.0	194.0	195.0	196.0	197.0	198.0	199.0	200.0	201.0	202.0	203.0	204.0	205.0	206.0	207.0	208.0	209.0	210.0	211.0	212.0	213.0	214.0	215.0	216.0	217.0	218.0	219.0	220.0	221.0	222.0	223.0	224.0	225.0	226.0	227.0	228.0	229.0	230.0	231.0	232.0	233.0	234.0	235.0	236.0	237.0	238.0	239.0	240.0	241.0	242.0	243.0	244.0	245.0	246.0	247.0	248.0	249.0	250.0	251.0	252.0	253.0	254.0	255.0	256.0	257.0	258.0	259.0	260.0	261.0	262.0	263.0	264.0	265.0	266.0	267.0	268.0	269.0	270.0	271.0	272.0	273.0	274.0	275.0	276.0	277.0	278.0	279.0	280.0	281.0	282.0	283.0	284.0	285.0	286.0	287.0	288.0	289.0	290.0	291.0	292.0	293.0	294.0	295.0	296.0	297.0	298.0	298.0	299.0
2553.8816792548646
