5865.053613873448	300.0	2000.0	142.86561074060035	0	0.0	5865.053613873448	1	0	1	-3.976163721545167
6184.602887408833	1000.0	2600.563408080768	0.0	0	0.0	5785.166295489601	1	0	4	-4.102056503391783
7575.4680391500715	3000.0	1861.981968404219	0.0	0	0.0	5437.45000755429	1	0	4	-2.0625175183110387
8490.876261571799	3000.0	1717.7216903770598	0.0	0	0.0	5208.597951948858	1	0	4	-0.8308565674607915
9528.181669325662	3000.0	1421.0899306847298	0.0	0	0.0	4949.271600010392	1	0	4	-0.7069142805836929
10977.430484882112	6000.0	609.5289112391692	0.0	0	0.0	4586.959396121282	1	0	4	-0.5344337767727634
11791.759383213568	3000.0	591.6177883248481	0.0	0	0.0	4383.377171538417	1	0	4	-1.1120405037210817
12337.910722667953	2000.0	908.9286140068682	0.0	0	0.0	4246.839336674822	1	0	4	-1.1491232665724391
13054.514695436967	2000.0	1013.173648045602	0.0	0	0.0	4067.6883434825686	1	0	4	-0.6612207327038885
14223.98771774929	3000.0	551.3323701551956	0.0	0	0.0	3775.3200879044853	1	0	4	-0.5274157374407296
15224.02497104972	2000.0	336.54293991590043	28.20570910899241	0	0.0	3560.5679109656194	1	0	4	-0.9912741710345031
16085.914609144487	2000.0	463.569947168911	163.5112438971763	0	0.0	3549.4845563133986	1	0	4	-1.3856350559282242
16756.120886858076	2000.0	625.8121000269277	0.0	0	0.0	3381.932986885002	1	0	4	-0.3137827637974938
17492.915451611923	2000.0	704.8188940846153	0.0	0	0.0	3197.7343456965355	1	0	4	-0.22373664241947513
18131.493164677635	3000.0	906.5967527524706	0.0	0	0.0	3038.0899174300994	1	0	4	-0.1422032260439472
18678.895152384477	2000.0	1222.3442681189133	0.0	0	0.0	2901.2394205033816	1	0	4	-0.47762633442928737
19695.713130068445	2000.0	1103.844492666547	0.0	0	0.0	2799.557622734981	1	0	3	-0.01576726910706011
20788.853544947484	2000.0	901.3900362996069	0.0	0	0.0	2690.2435812470794	1	0	3	0.33842889390010206
21684.483183579283	2000.0	916.197433804629	0.0	0	0.0	2600.680617383903	1	0	3	0.38529354768706875
22377.280437811103	2000.0	1154.1204541496309	0.0	0	0.0	2531.400891960726	1	0	3	0.422870969028142
23340.98704690095	2000.0	1094.043184150803	0.0	0	0.0	2435.0302310517436	1	0	3	0.46642685365593606
23980.239164931278	1000.0	1390.865854317445	0.0	0	0.0	2371.105019248713	1	0	3	-0.885324251012729
24758.596419331596	1000.0	1534.6728744770892	0.0	0	0.0	2293.269293808673	1	0	3	-0.15241556771630402
26054.670541240423	2000.0	1108.9913403773762	0.0	0	0.0	2163.6618816177906	1	0	3	-0.09012031460891473
27116.283446837075	3000.0	781.9752083815597	0.0	0	0.0	1898.2586552186258	1	0	4	0.11616962216854507
28027.019591554425	3000.0	780.1654491924735	0.0	0	0.0	1807.1850407468883	1	0	3	0.8881414030270941
28778.10014411751	3000.0	953.976841373079	0.0	0	0.0	1732.0769854905775	1	0	3	1.228072113693816
29291.86181850679	2000.0	1388.8389995448738	0.0	0	0.0	1680.7008180516495	1	0	3	0.44516762653905334
30200.0	3000.0	1389.8869999023418	0.0	0	367.1193322340987	1589.88699990233	1	0	3	0.8840396235716785
31314.450915718786	3000.0	1163.990992611682	0.0	0	0.0	1478.4419083304529	1	0	3	1.3483669391538546
32700.156031771257	2000.0	639.7153649539674	0.0	0	0.0	1339.8713967252115	1	0	3	0.6026305201425568
33564.39838279924	2000.0	689.0487788231934	0.0	0	0.0	1253.4471616224218	1	0	3	1.0595352483866527
34366.190834918685	2000.0	807.0770814918071	0.0	0	0.0	1173.2679164104775	1	0	3	1.1005939656952992
35200.0	1000.0	889.8869999023675	0.0	0	399.2663541950824	1089.8869999023445	1	0	3	-0.2526898877048764
36200.0	2000.0	789.8869999023714	0.0	0	211.60808420641843	989.8869999023591	1	0	3	0.4927703685037906
37578.16112533338	3000.0	281.78590824436867	7.160132917019723	0	0.0	859.9470335777514	1	0	3	1.2079974710313888
38488.90104442527	3000.0	541.1146682634237	170.06867911095068	0	0.0	1030.0157126886988	1	0	2	0.5671651619839924
39242.89583800491	3000.0	711.72039532583	0.0	0	0.0	954.6162333307366	1	0	3	1.4154062490066175
40200.0	3000.0	658.9058171312231	0.0	0	281.05554324227705	858.9058171312063	1	0	3	1.6545380744853084
41200.0	2000.0	658.9058171312281	0.0	0	381.00430581645924	858.9058171312136	1	0	2	0.8622019682121098
42200.0	1000.0	558.9058171312362	0.0	0	452.6135153386931	758.9058171312208	1	0	3	-0.28820523523228425
43200.0	1000.0	558.9058171312405	0.0	0	572.8738005250852	758.9058171312208	1	0	2	0.6245198957603257
44200.0	1000.0	558.9058171312328	0.0	0	207.63031026110548	758.9058171312208	1	0	2	0.8245198957603259
45200.0	1000.0	558.905817131237	0.0	0	312.8654494692528	758.9058171312281	1	0	2	0.8245198957603223
46200.0	1000.0	458.9058171312425	0.0	0	322.7578823234435	658.9058171312281	1	0	3	0.45618496071487435
47466.813134958924	2000.0	374.36093569382996	280.8632427431024	0	0.0	841.1740706527416	1	0	3	-1.1159497261179399
48488.643752086755	2000.0	454.41962338608005	185.5203332116952	0	0.0	943.0633754728187	1	0	3	0.10011821598388637
49435.95003347389	2000.0	503.31090844377513	82.66199507594996	0	0.0	939.2609419176515	1	0	3	0.7201489892037497
50249.35071722081	2000.0	608.5701563221636	0.0	0	0.0	857.9208735429493	1	0	3	1.257474457883983
51200.0	2000.0	562.855945265071	0.0	0	78.49061364164663	762.8559452650443	1	0	3	1.3000029593916629
52200.0	2000.0	462.855945265074	0.0	0	184.5009953568151	662.8559452650443	1	0	3	1.3492986024995666
53200.0	3000.0	381.9363006817538	17.34577765151934	0	120.19067906834243	581.9363006817221	1	0	3	1.2865167906840436
54200.0	3000.0	403.9771083527563	22.04080767100097	0	248.0329333920381	603.9771083527157	1	0	2	1.6683516927916824
55200.0	3000.0	463.04635775682596	59.06924940407406	0	106.32612395242177	663.0463577567934	1	0	2	1.616646417691205
56200.0	3000.0	463.04635775682686	0.0	0	318.78830021937756	663.0463577567934	1	0	2	1.9710619141156493
57200.0	3000.0	463.0463577568237	0.0	0	288.7513907340326	663.0463577567934	1	0	2	1.9710619141156493
58200.0	3000.0	463.04635775682664	0.0	0	116.37278717969457	663.0463577567934	1	0	2	1.9710619141156493
59200.0	3000.0	463.0463577568182	0.0	0	212.63463473162847	663.0463577567934	1	0	2	1.9710619141156493
60200.0	2000.0	463.04635775682175	0.0	0	295.1760678951978	663.0463577567934	1	0	2	1.16013169789932
61200.0	2000.0	463.04635775682345	0.0	0	261.6539643035794	663.0463577567934	1	0	2	1.5655968060074845
62200.0	2000.0	463.04635775682914	0.0	0	199.37563871540624	663.0463577567934	1	0	2	1.5655968060074845
63200.0	2000.0	463.04635775682755	0.0	0	380.17483866574185	663.0463577568007	1	0	2	1.565596806007481
64200.0	3000.0	476.85096047606675	103.45872974476364	0	4.2742962329721195	676.8509604760475	1	0	3	0.5260588327452331
65200.0	3000.0	475.47304781827586	89.65644303837264	0	47.83955344306014	675.4730478182537	1	0	3	1.2143101699218728
66200.0	3000.0	475.4730478182728	0.0	0	354.1583240741311	675.4730478182537	1	0	2	1.7648485690849192
67200.0	3000.0	475.47304781826824	0.0	0	259.5748822991154	675.473047818261	1	0	2	1.9648485690849156
68200.0	2000.0	475.4730478182703	0.0	0	395.16918765212176	675.473047818261	1	0	2	1.1539183528685864
69200.0	1000.0	475.4730478182689	0.0	0	498.4272574614879	675.473047818261	1	0	2	0.17308909985686047
70200.0	1000.0	475.4730478182762	0.0	0	238.24120730288269	675.4730478182755	1	0	2	0.8662362804167983
71200.0	1000.0	475.47304781828575	0.0	0	368.5842649891565	675.4730478182755	1	0	2	0.8662362804167983
72200.0	2000.0	475.4730478182822	0.0	0	329.2001472666161	675.4730478182755	1	0	2	0.8662362804167982
73200.0	1000.0	475.47304781828586	0.0	0	458.7552807560569	675.4730478182901	1	0	2	0.17308909985684595
74200.0	1000.0	475.47304781829905	0.0	0	227.43911723843485	675.4730478182901	1	0	2	0.8662362804167911
75200.0	1000.0	475.4730478183003	0.0	0	575.7797484960029	675.4730478182901	1	0	2	0.8662362804167911
76200.0	1000.0	475.47304781829655	0.0	0	401.3129360059829	675.4730478182901	1	0	2	0.8662362804167911
77265.09842803843	2000.0	483.09316803999167	72.7185482601162	0	0.0	748.1915960784099	1	0	2	0.39356571672603413
78307.521426709	3000.0	429.08327391342243	84.23218582824617	0	0.0	736.6047006224253	1	0	3	0.6102810292841188
79200.0	3000.0	447.356843293317	0.0	0	302.99727488376084	647.3568432933243	1	0	3	1.7618375785489602
80200.0	3000.0	447.3568432933158	0.0	0	239.72767406782077	647.3568432933243	1	0	2	1.778906671347384
81200.0	3000.0	447.35684329331843	0.0	0	347.01384472344944	647.3568432933098	1	0	2	1.9789066713473913
82200.0	3000.0	447.35684329332366	0.0	0	501.59693823101406	647.3568432933243	1	0	2	1.9789066713473842
83200.0	3000.0	447.3568432933123	0.0	0	498.8943205750984	647.3568432933243	1	0	2	1.9789066713473842
84200.0	3000.0	447.3568432933123	0.0	0	368.24067417874176	647.3568432933243	1	0	2	1.9789066713473842
85200.0	3000.0	447.35684329330957	0.0	0	325.9716406590014	647.3568432933243	1	0	2	1.9789066713473842
86200.0	3000.0	381.40786766832144	30.955476704566408	0	210.3724248647195	581.407867668313	1	0	3	1.4099470256304278
87200.0	3000.0	381.4078676683264	0.0	0	289.58692779691773	581.4078676682984	1	0	2	1.8118811591598964
88200.0	3000.0	288.0103225698356	6.00223172864446	0	176.8744826388429	488.01032256981125	1	0	3	1.6047819290663456
89200.0	3000.0	349.505726784901	61.49540421507518	0	285.0260995691933	549.5057267848897	1	0	2	1.45885980431115
90200.0	3000.0	411.65402979069745	62.148303005809474	0	159.98919335649407	611.654029790705	1	0	2	1.6238682600638368
91200.0	3000.0	477.480764520275	65.82673472958706	0	43.332257214482524	677.4807645202818	1	0	2	1.568884302356383
92200.0	2000.0	477.48076452028135	0.0	0	321.7150993137184	677.4807645202818	1	0	2	1.1529144945175758
93200.0	2000.0	488.21618750011584	10.73542297983954	0	15.643664120725589	688.2161875001184	1	0	2	1.488599353256785
94200.0	1000.0	588.2161875001253	0.0	0	495.02081802162866	788.216187500133	1	0	1	-0.06357422591365453
95200.0	2000.0	588.2161875001298	0.0	0	232.01459639675159	788.216187500133	1	0	2	0.6098647105758697
96200.0	2000.0	588.2161875001304	0.0	0	223.89674819530046	788.216187500133	1	0	2	1.5030118911358148
97200.0	1000.0	488.21618750011913	0.0	0	626.5362908923853	688.2161875001184	1	0	3	-0.25328246998406845
98200.0	1000.0	388.21618750013147	0.0	0	426.76152610310237	588.216187500133	1	0	3	0.6907724521369678
99200.0	1000.0	388.21618750013	0.0	0	522.3938591911283	588.216187500133	1	0	2	0.7098647105758695
100200.0	2000.0	420.97277296410766	32.75658546397213	0	169.3762629818084	620.9727729641018	1	0	2	0.6969469050600525
101200.0	2000.0	420.9727729641047	0.0	0	433.7582727262925	620.9727729641018	1	0	2	1.5866335984038304
102200.0	2000.0	420.97277296409925	0.0	0	287.16206740059715	620.9727729641018	1	0	2	1.5866335984038304
103200.0	2000.0	420.9727729640874	0.0	0	217.3856596591795	620.9727729641018	1	0	2	1.5866335984038304
104200.0	2000.0	420.9727729640913	0.0	0	287.9644173350971	620.9727729640872	1	0	2	1.5866335984038376
105200.0	2000.0	420.97277296409266	0.0	0	403.8774435619416	620.9727729641018	1	0	2	1.5866335984038304
106200.0	1000.0	420.972772964104	0.0	0	370.446542818172	620.9727729641018	1	0	2	0.2003392372839401
107200.0	1000.0	420.9727729641056	0.0	0	540.7184125916538	620.9727729641018	1	0	2	0.8934864178438853
108200.0	1000.0	420.9727729641086	0.0	0	566.4203879971028	620.9727729641018	1	0	2	0.8934864178438853
109200.0	1000.0	420.9727729640973	0.0	0	637.4462731700623	620.9727729641018	1	0	2	0.8934864178438853
110200.0	1000.0	420.9727729641079	0.0	0	581.9808976303757	620.9727729641018	1	0	2	0.8934864178438853
111200.0	2000.0	420.9727729641146	0.0	0	192.00698219293554	620.9727729641018	1	0	2	0.8934864178438853
112200.0	2000.0	436.361115665654	15.38834270153707	0	165.32069743829197	636.3611156656552	1	0	2	1.4866093708438313
113200.0	2000.0	436.36111566565614	0.0	0	405.5506375040277	636.3611156656552	1	0	2	1.578939427053054
114200.0	3000.0	445.4573026739823	9.096187008332208	0	163.6696348089754	645.4573026739818	1	0	2	1.5198142114988973
115200.0	3000.0	445.4573026739872	0.0	0	243.9572416844312	645.4573026739818	1	0	2	1.9798564416570552
116200.0	3000.0	445.4573026739854	0.0	0	458.8555159199459	645.4573026739818	1	0	2	1.9798564416570552
117200.0	3000.0	445.4573026739929	0.0	0	94.0592763118475	645.4573026739818	1	0	2	1.9798564416570552
118200.0	2000.0	453.3873323611774	7.930029687184458	0	10.212168563171872	653.3873323611624	1	0	2	1.1173810324740288
119200.0	2000.0	453.38733236118617	0.0	0	246.7846059773292	653.387332361177	1	0	2	1.5704263187052927
120200.0	2000.0	453.3873323611929	0.0	0	399.43031273079396	653.387332361177	1	0	2	1.5704263187052927
121200.0	2000.0	453.38733236119685	0.0	0	274.13449204752396	653.387332361177	1	0	2	1.5704263187052927
122200.0	3000.0	453.3873323611931	0.0	0	376.07887536176713	653.3873323611624	1	0	2	1.5704263187053003
123200.0	3000.0	453.3873323612147	0.0	0	172.1729983173136	653.3873323611624	1	0	2	1.9758914268134649
124345.84594835243	3000.0	384.5510297214847	77.00964571270273	0	0.0	730.3969780738553	1	0	2	1.4753287296809021
125439.05316940346	3000.0	426.33235584792425	134.98854717747298	0	0.0	865.3855252513313	1	0	2	1.0599610473035426
126359.95816457561	3000.0	512.0603357991982	6.632975123439053	0	0.0	872.0185003747756	1	0	2	1.8267779920660239
127507.55958732546	3000.0	368.94144737047657	108.40243326918875	0	0.0	876.5010346959025	1	0	3	0.799619462788125
128200.0	3000.0	626.6984688546411	17.67406856922281	0	35.048085285379784	826.6984688546072	1	0	3	1.5742186474080413
129200.0	2000.0	526.6984688546204	0.0	0	493.0853626504977	726.6984688545635	1	0	3	0.9088841286012181
130200.0	2000.0	426.69846885461595	0.0	0	333.76728778843244	626.698468854549	1	0	3	1.364922280663905
131200.0	2000.0	426.698468854618	0.0	0	146.83590579214797	626.6984688545344	1	0	2	1.383770750458608
132200.0	2000.0	426.6984688545783	0.0	0	325.9497806050058	626.6984688545053	1	0	2	1.5837707504586243
133200.0	2000.0	426.6984688545748	0.0	0	211.31892148047336	626.6984688545053	1	0	2	1.5837707504586287
134200.0	3000.0	426.6984688545581	0.0	0	406.07130299063283	626.6984688545053	1	0	2	1.583770750458629
135200.0	3000.0	426.69846885457775	0.0	0	73.46287332530483	626.6984688545053	1	0	2	1.9892358585667935
136200.0	2000.0	426.6984688545697	0.0	0	217.23159234787454	626.6984688544762	1	0	2	1.1783056423504756
137200.0	2000.0	426.6984688545697	0.0	0	524.9224034062936	626.6984688544762	1	0	2	1.5837707504586431
138200.0	2000.0	426.69846885458685	0.0	0	220.20185633929214	626.6984688544762	1	0	2	1.5837707504586431
139200.0	2000.0	426.69846885457866	0.0	0	353.8433751743869	626.6984688545053	1	0	2	1.5837707504586287
140200.0	1000.0	426.69846885455513	0.0	0	642.2013712904882	626.6984688545053	1	0	2	0.19747638933873846
141200.0	1000.0	426.6984688545558	0.0	0	413.0605848451669	626.6984688545053	1	0	2	0.8906235698986836
142200.0	1000.0	473.16510821915494	46.466639364580416	0	149.7659091502428	673.1651082190801	1	0	2	0.5885904140289135
143200.0	1000.0	473.16510821914426	0.0	0	585.0474158836587	673.1651082190801	1	0	2	0.867390250216396
144200.0	1000.0	473.16510821915904	0.0	0	492.31081454714877	673.1651082190801	1	0	2	0.867390250216396
145200.0	2000.0	473.16510821914676	0.0	0	321.3091606257658	673.165108219051	1	0	2	0.8673902502164107
146200.0	1000.0	473.1651082191522	0.0	0	580.7836170560622	673.165108219051	1	0	2	0.17424306965646552
147200.0	1000.0	473.1651082191511	0.0	0	541.5410440108099	673.165108219051	1	0	2	0.8673902502164108
148200.0	1000.0	473.1651082191702	0.0	0	292.0300818388059	673.165108219051	1	0	2	0.8673902502164108
149200.0	1000.0	473.1651082191695	0.0	0	456.65753304041573	673.165108219051	1	0	2	0.8673902502164108
150200.0	1000.0	473.1651082191697	0.0	0	697.3292876736377	673.165108219051	1	0	2	0.8673902502164108
151232.58676015545	2000.0	440.5783480636859	0.0	0	0.0	673.165108219051	1	0	2	0.8673902502164107
152200.0	1000.0	473.1651082191112	0.0	0	238.08794643270085	673.165108219051	1	0	2	0.17424306965646552
153200.0	1000.0	473.16510821909617	0.0	0	405.10467543502455	673.1651082190801	1	0	2	0.867390250216396
154200.0	1000.0	473.1651082190856	0.0	0	541.6709611760452	673.1651082190801	1	0	2	0.867390250216396
155200.0	1000.0	373.16510821906127	0.0	0	380.812924925267	573.165108219051	1	0	3	0.4987095741114933
156200.0	2000.0	373.16510821907264	0.0	0	239.89642693815404	573.165108219051	1	0	2	0.7173902502164106
157461.89586549834	3000.0	297.8281975266044	284.31685577790415	0	0.0	759.7240630249435	1	0	3	-0.6044883253095751
158493.8351321651	3000.0	477.57540217981074	211.68647131998307	0	0.0	971.4105343449337	1	0	2	0.3467609979016805
159355.85394153092	3000.0	615.556592814009	0.0	0	0.0	971.4105343449337	1	0	2	1.8168798258215793
160200.0	3000.0	771.4105343449291	0.0	0	204.85321241861675	971.4105343449337	1	0	2	1.8168798258215793
161200.0	3000.0	671.4105343449284	0.0	0	390.762974867248	871.4105343449046	1	0	3	1.447332209189922
162228.95773577964	2000.0	539.5570249873133	0.0	0	0.0	768.5147607669351	1	0	3	0.8931045001662807
163200.0	2000.0	568.5147607669576	0.0	0	182.4899169903074	768.5147607669642	1	0	2	1.3128626045023992
164200.0	2000.0	468.5147607669634	0.0	0	196.73282504625968	668.5147607669642	1	0	3	1.1465146786203486
165200.0	2000.0	368.51476076697435	0.0	0	238.8619686300517	568.5147607669933	1	0	3	1.3958886204724634
166200.0	2000.0	422.50028222421383	53.985521457221	0	214.46543859038502	622.5002822242386	1	0	2	1.0619567150304359
167248.18591971186	3000.0	508.6729952982392	134.3586327859162	0	0.0	756.858915010147	1	0	2	0.7125387306653109
168200.0	2000.0	461.677506981284	0.0	0	434.4760166675551	661.677506981272	1	0	3	0.7414169288641719
169200.0	2000.0	361.67750698126684	0.0	0	199.13179641286843	561.6775069812429	1	0	3	1.3986664177205266
170200.0	2000.0	408.5453452460123	133.51621660433392	0	109.59658467880217	608.545345246006	1	0	3	0.5768396906857265
171200.0	2000.0	408.545345246004	0.0	0	274.810695757129	608.545345246006	1	0	2	1.3928473122628782
172200.0	1000.0	408.54534524597466	0.0	0	625.570962257043	608.545345246006	1	0	2	0.206552951142988
173200.0	1000.0	408.54534524599967	0.0	0	267.47004071623087	608.5453452460351	1	0	2	0.8997001317029215
174200.0	1000.0	426.4651006618103	17.919755415794988	0	131.4052041786199	626.4651006618515	1	0	2	0.7832217215002406
175200.0	1000.0	426.4651006617969	0.0	0	440.6653871109884	626.4651006618515	1	0	2	0.8907402539950104
176200.0	2000.0	526.0284212508623	99.56332058907807	0	14.158759923826437	726.0284212508996	1	0	2	0.24357867016601803
177200.0	3000.0	526.0284212508893	0.0	0	27.45882441109279	726.0284212508996	1	0	2	1.5341057742604318
178200.0	3000.0	526.0284212508657	0.0	0	396.85911825389485	726.0284212508705	1	0	2	1.939570882368608
179200.0	3000.0	526.0284212508618	0.0	0	457.7218621193024	726.0284212508705	1	0	2	1.9395708823686109
180200.0	2000.0	526.0284212508386	0.0	0	573.1532346704626	726.0284212508413	1	0	2	1.1286406661522963
181733.62767380936	2000.0	339.9105712889035	347.50982384740917	0	0.0	1073.538245098258	1	0	2	-0.6747886721372895
182637.7325976839	2000.0	465.7167783693965	109.38329394772188	0	0.0	1103.4493760532932	1	0	3	0.27690132486858393
183335.37841429023	2000.0	698.306380102411	0.0	0	0.0	1033.6847943926405	1	0	3	1.1716964796274083
184200.0	1000.0	833.6847943925993	0.0	0	394.8579059523763	1033.6847943926114	1	0	2	-0.20601677343031494
185212.96926925844	2000.0	719.4185982083263	0.0	0	0.0	932.3878674667794	1	0	3	0.324887456435565
186239.46285806395	2000.0	590.275650522253	0.0	0	0.0	829.7385085861897	1	0	3	1.269469244073494
187200.0	2000.0	533.6847943926009	0.0	0	228.7099300842383	733.6847943925532	1	0	3	1.3138318500955557
188200.0	3000.0	433.6847943925984	0.0	0	291.5432178179326	633.684794392495	1	0	3	1.3625086192762361
189200.0	3000.0	433.6847943925984	0.0	0	102.74351704213768	633.684794392495	1	0	2	1.7857426957977984
190200.0	2000.0	433.68479439262023	0.0	0	140.5870853679662	633.684794392495	1	0	2	1.1748124795814692
191442.76902688434	2000.0	325.64367394814747	134.72790643988768	0	0.0	768.4127008323849	1	0	2	0.7045461958303629
192204.71204016538	1000.0	584.5301602573657	20.829499590256233	0	0.0	789.2422004226246	1	0	2	-0.008772473986858653
193200.0	1000.0	489.7134044393308	0.0	0	251.95781810235349	689.7134044392442	1	0	3	0.4407603419161406
194200.0	1000.0	389.71340443932	0.0	0	80.53439224974136	589.7134044392442	1	0	3	0.6939784143408418
195200.0	1000.0	389.71340443932786	0.0	0	208.5290149646171	589.7134044392151	1	0	2	0.7091161021063286
196200.0	1000.0	389.71340443931206	0.0	0	522.5880472793942	589.713404439186	1	0	2	0.9091161021063432
197200.0	1000.0	389.7134044392949	0.0	0	619.2655956588278	589.713404439186	1	0	2	0.9091161021063432
198200.0	1000.0	389.7134044392741	0.0	0	498.01776065531885	589.713404439186	1	0	2	0.9091161021063432
199200.0	1000.0	389.7134044393067	0.0	0	558.2085123645084	589.713404439186	1	0	2	0.9091161021063432
200200.0	1000.0	389.71340443931297	0.0	0	468.05609403102426	589.713404439186	1	0	2	0.9091161021063432
201200.0	1000.0	389.7134044393315	0.0	0	555.8308852833288	589.7134044392151	1	0	2	0.9091161021063288
202200.0	2000.0	389.7134044393232	0.0	0	410.48896413619514	589.7134044392151	1	0	2	0.9091161021063288
203200.0	3000.0	408.8553404312018	108.31085090173067	0	133.3937469231314	608.8553404312115	1	0	3	0.5276396970620539
204200.0	3000.0	423.6579643203206	14.80262388913512	0	236.6558564301231	623.6579643203295	1	0	2	1.7019403674990703
205200.0	3000.0	423.65796432030163	0.0	0	319.1579308589571	623.6579643203295	1	0	2	1.9907561108338814
206200.0	3000.0	440.09221990815666	16.43425558784803	0	1.5792934527271427	640.0922199081688	1	0	2	1.8839334495128737
207200.0	3000.0	440.0922199081757	0.0	0	162.3671592688479	640.0922199081688	1	0	2	1.9825389830399618
208200.0	3000.0	440.0922199081699	0.0	0	141.77766875884845	640.0922199081688	1	0	2	1.9825389830399618
209200.0	2000.0	440.0922199081874	0.0	0	79.42693620728096	640.0922199081688	1	0	2	1.1716087668236324
210200.0	2000.0	440.09221990820527	0.0	0	106.2078003786446	640.0922199081688	1	0	2	1.577073874931797
211200.0	2000.0	440.09221990821743	0.0	0	275.43843592863414	640.092219908227	1	0	2	1.577073874931771
212200.0	2000.0	440.0922199082428	0.0	0	97.29782361563412	640.0922199082561	1	0	2	1.5770738749317534
213289.63549600705	3000.0	404.9133218495402	148.56377049913647	0	0.0	694.5488178566156	1	0	3	0.24492543816180956
214317.57607778415	3000.0	435.58281477749813	146.73102989346103	0	0.0	753.1588925616816	1	0	3	0.8328037357047089
215200.0	3000.0	553.1588925616344	0.0	0	196.9069640856469	753.1588925616816	1	0	2	1.726005646713205
216200.0	3000.0	553.1588925616434	0.0	0	262.32089810687467	753.1588925616525	1	0	2	1.9260056467132198
217200.0	2000.0	553.1588925616354	0.0	0	525.4354367736087	753.1588925616234	1	0	2	1.115075430496905
218200.0	1000.0	553.1588925616518	0.0	0	470.3841494054068	753.1588925616234	1	0	2	0.1342461774851793
219200.0	1000.0	553.1588925616456	0.0	0	157.3525703017949	753.1588925616234	1	0	2	0.8273933580451245
220200.0	1000.0	553.158892561622	0.0	0	594.6299505999777	753.1588925616234	1	0	2	0.8273933580451245
221200.0	1000.0	553.1588925616148	0.0	0	693.7016384310264	753.1588925616234	1	0	2	0.8273933580451245
222200.0	500.0	553.1588925616113	0.0	0	749.486013216927	753.1588925616234	1	0	2	-0.5589010030747665
223200.0	1000.0	553.1588925616143	0.0	0	266.6387886899174	753.1588925616234	1	0	2	0.13424617748517909
224200.0	1000.0	453.1588925616169	0.0	0	433.4225566339446	653.1588925616234	1	0	3	0.45798320873597737
225200.0	2000.0	399.51351105103015	42.14056226305542	0	146.9747770273534	599.5135110511037	1	0	3	0.43596815775899833
226200.0	2000.0	399.5135110510305	0.0	0	352.2303078925761	599.5135110511328	1	0	2	1.3973632293603175
227200.0	3000.0	423.731419759234	24.21790870818802	0	243.89888192349463	623.7314197593078	1	0	2	1.4399468227570993
228200.0	3000.0	423.73141975925796	0.0	0	331.340623523487	623.731419759366	1	0	2	1.9907193831143661
229200.0	3000.0	446.5329501678805	22.80153040861441	0	85.8776887342101	646.5329501679516	1	0	2	1.8425094354583837
230200.0	3000.0	446.53295016786615	0.0	0	407.64615309020155	646.5329501679225	1	0	2	1.9793186179100815
231200.0	3000.0	446.53295016783	0.0	0	480.9391092733131	646.5329501679225	1	0	2	1.9793186179100846
232200.0	3000.0	446.53295016784136	0.0	0	433.1910774508142	646.5329501679225	1	0	2	1.9793186179100846
233200.0	3000.0	446.5329501678418	0.0	0	374.29744210335775	646.5329501679225	1	0	2	1.9793186179100846
234200.0	3000.0	446.53295016782704	0.0	0	359.9093885142647	646.5329501679225	1	0	2	1.9793186179100846
235200.0	3000.0	360.1968480287586	12.421725328125397	0	136.67786626666202	560.1968480288342	1	0	3	1.5317917183436562
236268.62578745658	3000.0	380.2555109114917	88.68445033930064	0	0.0	648.8812983680691	1	0	2	1.2460377417742075
237226.07806145158	3000.0	515.8192258663782	93.01598894986842	0	0.0	741.89728731793	1	0	2	1.3735405156358707
238200.0	3000.0	541.8972873179865	0.0	0	28.477792819117894	741.89728731793	1	0	2	1.931636449335081
239229.1143689115	3000.0	512.7829184064972	0.0	0	0.0	741.89728731793	1	0	2	1.931636449335081
240326.45017263098	3000.0	440.36289963199795	24.91578494498964	0	0.0	766.8130722629139	1	0	2	1.7696838471926513
241200.0	2000.0	566.8130722629585	0.0	0	205.951254177402	766.8130722629139	1	0	2	1.1082483406462598
242200.0	2000.0	466.81307226293995	0.0	0	306.21528238180326	666.8130722629139	1	0	3	1.1464944324142208
243287.37565243253	2000.0	362.46280202792343	83.4208613098063	0	0.0	649.8384544604341	1	0	3	0.8571839595765092
244200.0	2000.0	367.04410955402307	7.698263500290366	0	270.9358301021566	567.0441095540009	1	0	3	1.3506814034316452
245200.0	2000.0	372.9857972109532	5.941687656911979	0	224.62457295536296	572.9857972109457	1	0	2	1.3749769603389363
246200.0	1000.0	372.9857972109335	0.0	0	343.023382073472	572.9857972109166	1	0	2	0.22433272516053274
247200.0	1000.0	392.4036578752675	19.41786066436042	0	302.47521457629045	592.4036578752566	1	0	2	0.7912638114021453
248200.0	1000.0	392.4036578752473	0.0	0	414.77262149061426	592.4036578752566	1	0	2	0.9077709753883079
249200.0	2000.0	408.1709219181124	15.767264042833787	0	263.27868635355844	608.1709219180921	1	0	2	0.8052837591098875
250200.0	2000.0	408.1709219181397	0.0	0	226.60944468871458	608.1709219181212	1	0	2	1.5930345239268235
251200.0	2000.0	479.3961854481312	71.22526352998078	0	74.91396447212901	679.3961854481022	1	0	2	1.1300703109819454
252200.0	1000.0	479.3961854481547	0.0	0	586.6886825416586	679.3961854481022	1	0	2	0.1711275310419399
253200.0	1000.0	479.3961854481536	0.0	0	540.2894853058388	679.3961854480731	1	0	2	0.8642747116018996
254200.0	1000.0	479.39618544817176	0.0	0	643.7630756856524	679.3961854480731	1	0	2	0.8642747116018996
255200.0	1000.0	479.39618544816994	0.0	0	524.338593473949	679.3961854480731	1	0	2	0.8642747116018996
256200.0	2000.0	479.3961854481553	0.0	0	73.6117954380461	679.396185448044	1	0	2	0.8642747116019142
257200.0	2000.0	479.39618544813516	0.0	0	174.205624455004	679.396185448044	1	0	2	1.5574218921618592
258335.71026100937	2000.0	384.73460322391327	41.04867878512272	0	0.0	720.4448642331408	1	0	2	1.2906054800585747
259200.0	2000.0	543.0936809214849	22.648816688203596	0	104.49448877151008	743.0936809213599	1	0	2	1.3896802442959797
260200.0	2000.0	543.0936809214805	0.0	0	291.12911341691506	743.093680921389	1	0	2	1.525573144425187
261200.0	2000.0	543.0936809214857	0.0	0	305.21221019604127	743.093680921389	1	0	2	1.525573144425187
262200.0	2000.0	543.0936809214875	0.0	0	438.64485432577203	743.093680921389	1	0	2	1.525573144425187
263200.0	3000.0	543.0936809214938	0.0	0	331.81563515536254	743.0936809213599	1	0	2	1.5255731444251899
264200.0	3000.0	543.0936809215392	0.0	0	175.63472173560876	743.0936809213599	1	0	2	1.931038252533366
265219.44659434113	3000.0	523.6470865804649	0.0	0	0.0	743.0936809213599	1	0	2	1.931038252533366
266200.0	3000.0	543.0936809216046	0.0	0	104.64863523526583	743.0936809213017	1	0	2	1.9310382525333951
267665.26133437286	3000.0	207.14141937238753	129.30907282363353	0	0.0	872.4027537449729	1	0	2	1.091006378448502
268245.36609205365	2000.0	676.2664279914997	97.49112915267304	0	0.0	921.6325200448628	1	0	3	0.03858540090690238
269259.4383472071	3000.0	560.7869473226782	0.0	0	0.0	820.2252945294604	1	0	3	1.2740101233023975
270287.80165891274	3000.0	429.5873044464332	0.0	0	0.0	717.3889633588842	1	0	3	1.7309822661315373
271200.0	2000.0	608.6087974678694	0.0	0	340.9407571856282	808.608797467663	1	0	1	0.704489193391201
272200.0	2000.0	608.6087974678259	0.0	0	352.3971351526561	808.608797467663	1	0	2	1.2928155861520498
273200.0	2000.0	608.6087974678055	0.0	0	219.46557302656583	808.6087974676047	1	0	2	1.4928155861520789
274200.0	2000.0	508.60879746787793	0.0	0	463.90685270825634	708.6087974676047	1	0	3	1.123564883053989
275206.655821473	3000.0	436.9805952550322	32.4483649158542	0	0.0	643.636416727677	1	0	3	1.1678493489016009
276200.0	3000.0	413.9502394697787	63.316582358606865	0	104.52274079126073	613.9502394694719	1	0	3	1.4009942169482072
277200.0	3000.0	313.95023946975994	0.0	0	358.8507402105024	513.9502394695301	1	0	3	1.8268627728967104
278200.0	3000.0	313.9502394697296	0.0	0	418.5322785367607	513.9502394695301	1	0	2	1.845609973259281
279200.0	2000.0	332.9651811514563	19.014941681737014	0	284.0695303712273	532.9651811512304	1	0	2	1.1110826361116737
280200.0	2000.0	414.32462855663715	81.3594474051787	0	122.73091513314284	614.3246285566129	1	0	2	1.1018009861765028
281200.0	2000.0	414.32462855664517	0.0	0	426.9841184625984	614.3246285565547	1	0	2	1.5899576706075984
282200.0	3000.0	414.3246285566221	0.0	0	255.2929782224819	614.3246285564965	1	0	2	1.5899576706076335
283200.0	3000.0	505.9009827516808	91.57635419504754	0	50.83349244372221	705.9009827515692	1	0	2	1.4001764764479763
284255.01528163493	3000.0	450.8857011168192	0.0	0	0.0	705.9009827515692	1	0	2	1.9496346016182615
285200.0	2000.0	505.90098275178866	0.0	0	452.67130510054994	705.9009827515692	1	0	2	1.138704385401932
286200.0	2000.0	405.90098275179804	0.0	0	287.5296666198992	605.9009827515692	1	0	3	1.176789381929772
287200.0	2000.0	405.90098275179867	0.0	0	380.96839652000926	605.9009827516275	1	0	2	1.394169493510073
288200.0	1000.0	405.90098275188666	0.0	0	639.8316125760321	605.9009827516857	1	0	2	0.20787513239014818
289200.0	1000.0	305.9009827518881	0.0	0	638.2813101014472	505.90098275162745	1	0	3	0.5310223129501337
290200.0	1000.0	305.90098275187614	0.0	0	510.27682043792447	505.90098275162745	1	0	2	0.7510223129501223
291200.0	1000.0	354.1604787505163	48.259495998668115	0	402.6217339730938	554.1604787502438	1	0	2	0.6373355889588056
292200.0	1000.0	354.1604787505179	0.0	0	413.749596314854	554.1604787502438	1	0	2	0.9268925649508143
293200.0	2000.0	357.426824200231	3.2663454497594557	0	396.2576195495785	557.4268241999671	1	0	2	0.9056613195273957
294261.0151190215	3000.0	453.34394144803537	156.93223626933383	0	0.0	714.3590604695491	1	0	2	0.5983470370351038
295200.0	2000.0	514.3590604695776	0.0	0	219.55859790637624	714.3590604694909	1	0	2	1.1344753465429653
296200.0	1000.0	414.35906046965374	0.0	0	458.9709031037055	614.3590604695491	1	0	3	-0.21595837852381394
297200.0	1000.0	414.3590604696883	0.0	0	365.91366483666934	614.3590604694909	1	0	2	0.6967932740911906
298200.0	1000.0	414.3590604697072	0.0	0	640.3471363724675	614.3590604694909	1	0	2	0.8967932740911908
299200.0	1000.0	414.3590604697729	0.0	0	591.6115925938357	614.3590604694909	1	0	2	0.8967932740911908
300200.0	1000.0	414.35906046971195	0.0	0	648.2290009469725	614.3590604694909	1	0	2	0.8967932740911908
2.53	2.37	2.92	3.67	4.42	5.26	3.28	2.42	2.73	2.7	2.88	3.61	3.83	2.28	2.22	2.72	3.22	2.11	1.16	1.29	2.11	2.9	3.86	4.58	4.22	3.16	0.79	2.8	2.83	1.7	2.11	2.93	3.85	4.54	3.57	2.59	1.87	1.74	1.3	1.51	1.61	2.11	2.56	2.78	2.36	2.05	2.54	3.13	4.18	4.78	4.62	4.07	4.19	3.43	2.92	3.07	2.72	2.7	3.58	4.29	5.28	4.65	3.24	1.31	1.8	2.55	2.61	1.37	2.04	1.68	1.99	2.77	3.6	4.47	4.74	4.82	5.24	6.08	5.44	3.54	4.11	3.71	3.34	4.04	3.64	3.65	1.99	2.76	2.2	3.05	2.8	1.54	1.98	2.92	3.42	2.58	2.95	2.12	3.48	1.88	1.75	1.89	2.27	2.27	3.05	2.47	2.55	3.1	3.98	4.92	3.6	2.92	2.54	2.9	3.07	3.31	4.15	3.26	3.2	3.01	3.24	3.22	3.79	4.1	3.22	2.66	3.05	3.61	4.15	3.48	3.06	3.66	3.07	2.36	2.26	1.3	1.81	2.46	3.31	4.25	2.48	1.49	2.21	3.04	3.7	1.59	2.22	2.4	2.2	3.2	2.53	2.37	2.92	3.67	4.42	5.26	3.28	2.42	2.73	2.7	2.88	3.61	3.83	2.28	2.22	2.72	3.22	2.11	1.16	1.29	2.11	2.9	3.86	4.58	4.22	3.16	0.79	2.8	2.83	1.7	2.11	2.93	3.85	4.54	3.57	2.59	1.87	1.74	1.3	1.51	1.61	2.11	2.56	2.78	2.36	2.05	2.54	3.13	4.18	4.78	4.62	4.07	4.19	3.43	2.92	3.07	2.72	2.7	3.58	4.29	5.28	4.65	3.24	1.31	1.8	2.55	2.61	1.37	2.04	1.68	1.99	2.77	3.6	4.47	4.74	4.82	5.24	6.08	5.44	3.54	4.11	3.71	3.34	4.04	3.64	3.65	1.99	2.76	2.2	3.05	2.8	1.54	1.98	2.92	3.42	2.58	2.95	2.12	3.48	1.88	1.75	1.89	2.27	2.27	3.05	2.47	2.55	3.1	3.98	4.92	3.6	2.92	2.54	2.9	3.07	3.31	4.15	3.26	3.2	3.01	3.24	3.22	3.79	4.1	3.22	2.66	3.05	3.61	4.15	3.48	3.06	3.66	3.07	2.36	2.26	1.3	1.81	2.46	3.31	4.25	2.48	1.49	2.21	3.04	3.7	1.59	2.22
1.0	2.0	3.0	4.0	5.0	6.0	7.0	8.0	9.0	10.0	11.0	12.0	13.0	14.0	15.0	16.0	17.0	18.0	19.0	20.0	21.0	22.0	23.0	24.0	25.0	26.0	27.0	28.0	29.0	30.0	31.0	32.0	33.0	34.0	35.0	36.0	37.0	38.0	39.0	40.0	41.0	42.0	43.0	44.0	45.0	46.0	47.0	48.0	49.0	50.0	51.0	52.0	53.0	54.0	55.0	56.0	57.0	58.0	59.0	60.0	61.0	62.0	63.0	64.0	65.0	66.0	67.0	68.0	69.0	70.0	71.0	72.0	73.0	74.0	75.0	76.0	77.0	78.0	79.0	80.0	81.0	82.0	83.0	84.0	85.0	86.0	87.0	88.0	89.0	90.0	91.0	92.0	93.0	94.0	95.0	96.0	97.0	98.0	99.0	100.0	101.0	102.0	103.0	104.0	105.0	106.0	107.0	108.0	109.0	110.0	111.0	112.0	113.0	114.0	115.0	116.0	117.0	118.0	119.0	120.0	121.0	122.0	123.0	124.0	125.0	126.0	127.0	128.0	129.0	130.0	131.0	132.0	133.0	134.0	135.0	136.0	137.0	138.0	139.0	140.0	141.0	142.0	143.0	144.0	145.0	146.0	147.0	148.0	149.0	149.0	150.0	151.0	152.0	153.0	154.0	155.0	156.0	157.0	158.0	159.0	160.0	161.0	162.0	163.0	164.0	165.0	166.0	167.0	168.0	169.0	170.0	171.0	172.0	173.0	174.0	175.0	176.0	177.0	178.0	179.0	180.0	181.0	182.0	183.0	184.0	185.0	186.0	187.0	188.0	189.0	190.0	191.0	192.0	193.0	194.0	195.0	196.0	197.0	198.0	199.0	200.0	201.0	202.0	203.0	204.0	205.0	206.0	207.0	208.0	209.0	210.0	211.0	212.0	213.0	214.0	215.0	216.0	217.0	218.0	219.0	220.0	221.0	222.0	223.0	224.0	225.0	226.0	227.0	228.0	229.0	230.0	231.0	232.0	233.0	234.0	235.0	236.0	237.0	238.0	239.0	240.0	241.0	242.0	243.0	244.0	245.0	246.0	247.0	248.0	249.0	250.0	251.0	252.0	253.0	254.0	255.0	256.0	257.0	258.0	259.0	260.0	261.0	262.0	263.0	264.0	265.0	266.0	267.0	268.0	269.0	270.0	271.0	272.0	273.0	274.0	275.0	276.0	277.0	278.0	279.0	280.0	281.0	282.0	283.0	284.0	285.0	286.0	287.0	288.0	289.0	290.0	291.0	292.0	293.0	294.0	295.0	296.0
5563.327239162652
