2822.805201077212	300.0	2000.0	294.0890200612974	0	0.0	2822.805201077212	1	0	1	-3.3439458331161642
3277.325559953528	500.0	2431.8495514046053	0.0	0	0.0	2709.1751113581336	1	0	4	-2.568594541902001
4200.0	1000.0	2278.5065013465155	0.0	0	126.02056005800523	2478.5065013465155	1	0	4	-1.2676240502900642
5200.0	1000.0	2028.5065013465155	0.0	0	367.7933497128379	2228.5065013465155	1	0	4	-0.4575758635361956
6200.0	1000.0	1778.5065013465166	0.0	0	33.5334466699569	1978.5065013465164	1	0	4	-0.31966460946304975
7200.0	1000.0	1678.5065013465157	0.0	0	19.9240770918841	1878.5065013465155	1	0	3	-0.2478592102943126
8220.845980266855	1000.0	1555.5759230529763	0.0	0	0.0	1776.4219033198306	1	0	3	0.1032607850046082
9200.0	1000.0	1478.5065013465191	0.0	0	412.96267255388557	1678.5065013465182	1	0	3	0.14592858049773272
10200.0	1000.0	1378.506501346518	0.0	0	257.01478447685076	1578.5065013465173	1	0	3	0.19719742675484678
11594.788112480517	1000.0	635.0213607458717	0.0	0	0.0	1229.8094732263871	1	0	4	-0.25531740645024786
12200.0	500.0	969.2882844744387	0.0	0	17.17340952045197	1169.2882844744381	1	0	3	-1.2754113226233825
13200.0	500.0	969.288284474439	0.0	0	252.60772732796067	1169.2882844744381	1	0	2	-0.27381851847122857
14289.070673625254	1000.0	880.2176108491853	0.0	0	0.0	1169.2882844744381	1	0	2	-0.07381851847122817
15200.0	1000.0	878.1953518369655	0.0	0	407.3463059605383	1078.1953518369628	1	0	3	0.24614253224221658
16200.0	1000.0	778.1953518369642	0.0	0	530.9661864261925	978.195351836961	1	0	3	0.49524873559640015
17200.0	1000.0	678.1953518369635	0.0	0	347.15281583632895	878.1953518369592	1	0	3	0.5458563799396476
18200.0	500.0	578.1953518369594	0.0	0	421.5475244100562	778.1953518369555	1	0	3	-0.790664066461382
19200.0	500.0	478.1953518369587	0.0	0	580.8571808005763	678.1953518369482	1	0	3	-0.04810812510531137
20200.0	500.0	478.195351836963	0.0	0	266.0271348837741	678.1953518369482	1	0	2	-0.028272052152483504
21200.0	500.0	478.1953518369613	0.0	0	561.7642883461231	678.1953518369446	1	0	2	0.17172794784751844
22200.0	500.0	478.19535183695723	0.0	0	564.0227551213684	678.195351836941	1	0	2	0.17172794784752027
23200.0	500.0	478.19535183695757	0.0	0	370.60137000202303	678.195351836941	1	0	2	0.17172794784752027
24200.0	500.0	478.1953518369568	0.0	0	443.75613549936315	678.195351836941	1	0	2	0.17172794784752027
25200.0	500.0	378.1953518369581	0.0	0	337.85307641655163	578.195351836941	1	0	3	-0.1970291661924014
26200.0	500.0	278.1953518369577	0.0	0	599.1027091024735	478.195351836941	1	0	3	0.05179953948095649
27200.0	500.0	278.1953518369604	0.0	0	681.2372245474871	478.19535183693733	1	0	2	0.0717279478475219
28200.0	500.0	278.19535183696246	0.0	0	542.0519767876212	478.1953518369337	1	0	2	0.2717279478475239
29200.0	500.0	319.7681607562108	41.572808919247024	0	313.5018203565305	519.768160756179	1	0	2	0.001504689872419196
30200.0	500.0	319.76816075621383	0.0	0	564.8440809039785	519.7681607561753	1	0	2	0.25094154338790303
31200.0	1000.0	516.1482771827147	107.0890182516672	0	136.66379773022345	716.1482771826741	1	0	1	-0.6746457758018887
32371.2353503512	1000.0	391.1047419371588	46.19181510563976	0	0.0	762.3400922883156	1	0	2	0.3456518675479399
33356.17680986442	1000.0	460.20316456664045	54.039882142695205	0	0.0	816.3799744310127	1	0	2	0.4715435242542594
34200.0	1000.0	531.9976554174948	0.0	0	215.53585555170866	731.99765541745	1	0	3	0.4227212130822311
35225.82648955711	1000.0	403.58851690467276	0.0	0	0.0	629.4150064617425	1	0	3	0.6752234732751623
36200.0	1000.0	429.41500646177815	0.0	0	170.80340993401478	629.4150064617425	1	0	2	0.6892653010950647
37200.0	1000.0	429.41500646178054	0.0	0	415.84137198587996	629.4150064617425	1	0	2	0.8892653010950649
38200.0	1000.0	429.41500646177826	0.0	0	193.985041476044	629.4150064617425	1	0	2	0.8892653010950649
39460.28944209475	1000.0	408.13080345823266	239.005239091201	0	0.0	868.4202455529448	1	0	2	-0.6628405917626639
40200.0	1000.0	668.420245552988	0.0	0	264.4844925652069	868.4202455529448	1	0	2	0.7697626815494638
41200.0	1000.0	668.4202455529847	0.0	0	207.98224813204433	868.4202455529448	1	0	2	0.7697626815494638
42200.0	1000.0	668.4202455529893	0.0	0	252.1558835099131	868.4202455529448	1	0	2	0.7697626815494638
43200.0	500.0	668.4202455529943	0.0	0	76.485582460773	868.4202455529448	1	0	2	-0.6165316795704272
44200.0	500.0	568.4202455530032	0.0	0	436.65179450047435	768.4202455529521	1	0	3	-0.29232284028669137
45200.0	500.0	468.4202455530038	0.0	0	358.360059424107	668.4202455529448	1	0	3	-0.04219681934090072
46200.0	500.0	468.4202455530036	0.0	0	552.0107871970831	668.4202455529448	1	0	2	-0.02338449901048187
47200.0	500.0	468.4202455530112	0.0	0	589.0612664804285	668.4202455529448	1	0	2	0.1766155009895183
48397.907026030116	1000.0	316.5617337816169	150.76292441975056	0	0.0	714.4687598116652	1	0	3	-1.1665944532338957
49200.0	500.0	514.4687598117222	0.0	0	349.40633592205995	714.4687598116652	1	0	2	-0.7395559366997873
50200.0	500.0	414.46875981172286	0.0	0	123.55885915203544	614.4687598116652	1	0	3	-0.2131751591672726
51200.0	500.0	414.468759811728	0.0	0	339.6812443965173	614.4687598116652	1	0	2	0.003591243860157925
52200.0	500.0	414.4687598117291	0.0	0	319.5780481443362	614.4687598116652	1	0	2	0.20359124386015812
53222.04556303272	500.0	471.93148918573695	79.50829240672641	0	0.0	693.9770522183971	1	0	2	-0.31321265678356636
54200.0	500.0	493.97705221845604	0.0	0	75.6918762221685	693.9770522183971	1	0	2	0.16383709765679216
55200.0	500.0	393.97705221845973	0.0	0	319.9142950283058	593.9770522183971	1	0	3	-0.20498157867983444
56200.0	500.0	393.9770522184606	0.0	0	431.4715451195225	593.9770522184044	1	0	2	0.013837097656788352
57200.0	500.0	372.5330633533369	71.41455557715989	0	74.10283387183154	572.5330633532867	1	0	3	-0.6192188133422605
58200.0	500.0	272.5330633533442	0.0	0	310.0827312585534	472.53306335330126	1	0	3	0.05598287299168483
59200.0	500.0	273.49131295902174	0.9582496056827097	0	440.66113559572113	473.49131295898405	1	0	2	0.0683304696524023
60200.0	500.0	290.51247329925053	17.021160340228192	0	382.32222604344133	490.5124732992117	1	0	2	0.16344242507501575
61200.0	500.0	290.51247329925354	0.0	0	558.634696150184	490.512473299219	1	0	2	0.26556938711638123
62200.0	500.0	290.51247329924934	0.0	0	546.7852009819835	490.512473299219	1	0	2	0.26556938711638123
63200.0	500.0	302.51675720860567	12.004283909351813	0	420.83595439324563	502.5167572085629	1	0	2	0.18754154170559842
64200.0	500.0	302.5167572086052	0.0	0	591.9527823811222	502.5167572085629	1	0	2	0.2595672451617093
65200.0	500.0	302.51675720860567	0.0	0	440.4884377214403	502.5167572085702	1	0	2	0.2595672451617056
66200.0	500.0	302.51675720859066	0.0	0	477.5791827708672	502.5167572085629	1	0	2	0.2595672451617071
67200.0	500.0	302.51675720859265	0.0	0	629.5384688087506	502.5167572085775	1	0	2	0.259567245161702
68200.0	500.0	302.5167572085868	0.0	0	603.1089863648376	502.5167572085775	1	0	2	0.259567245161702
69200.0	500.0	302.51675720860925	0.0	0	355.2172694457113	502.5167572085775	1	0	2	0.259567245161702
70200.0	500.0	352.0611218872481	49.54436467863985	0	308.8834093357873	552.0611218872218	1	0	2	-0.06247112524945922
71200.0	500.0	352.0611218872551	0.0	0	583.9644679425255	552.0611218872218	1	0	2	0.23479506282237989
72200.0	500.0	352.0611218872635	0.0	0	311.82130095026514	552.0611218872218	1	0	2	0.23479506282237989
73200.0	500.0	352.06112188727565	0.0	0	634.9758472088288	552.0611218872218	1	0	2	0.23479506282237989
74200.0	500.0	352.0611218872774	0.0	0	499.1988593134156	552.0611218872218	1	0	2	0.23479506282237989
75200.0	500.0	352.0611218872825	0.0	0	655.0494964233803	552.0611218872073	1	0	2	0.23479506282238713
76200.0	500.0	352.061121887284	0.0	0	625.816867055255	552.0611218872073	1	0	2	0.23479506282238713
77200.0	500.0	352.06112188727604	0.0	0	649.1882951127918	552.0611218872073	1	0	2	0.23479506282238713
78200.0	500.0	352.06112188728287	0.0	0	603.6976463390165	552.0611218872218	1	0	2	0.23479506282237989
79200.0	500.0	352.06112188727684	0.0	0	583.6586190563248	552.0611218872364	1	0	2	0.23479506282237259
80200.0	500.0	352.0611218872891	0.0	0	680.1524411652936	552.0611218872364	1	0	2	0.23479506282237259
81200.0	500.0	352.0611218873038	0.0	0	628.9964116569026	552.0611218872364	1	0	2	0.23479506282237259
82200.0	500.0	352.06112188731765	0.0	0	486.9392363794468	552.0611218872509	1	0	2	0.23479506282236529
83200.0	500.0	352.0611218873173	0.0	0	452.01472694412223	552.0611218872509	1	0	2	0.23479506282236529
84200.0	500.0	352.0611218873136	0.0	0	666.9088751031959	552.0611218872509	1	0	2	0.23479506282236529
85200.0	1000.0	383.6571633487117	31.596041461399864	0	186.8151505405258	583.6571633486601	1	0	2	0.029420793323261696
86200.0	1000.0	428.85761725686075	45.20045390814295	0	140.43694978684653	628.8576172568137	1	0	2	0.6183412722486716
87200.0	1000.0	428.85761725686837	0.0	0	273.891229246874	628.8576172568137	1	0	2	0.8895439956975293
88200.0	500.0	428.8576172568737	0.0	0	497.0824841568974	628.8576172568137	1	0	2	-0.4967503654223615
89200.0	500.0	428.8576172568853	0.0	0	545.2468250172096	628.8576172568137	1	0	2	0.1963968151375839
90200.0	500.0	428.8576172568836	0.0	0	292.7940863528638	628.8576172568137	1	0	2	0.1963968151375839
91200.0	500.0	428.8576172568887	0.0	0	173.96205095633923	628.8576172568137	1	0	2	0.1963968151375839
92200.0	500.0	428.8576172568778	0.0	0	224.05290529584454	628.8576172568137	1	0	2	0.1963968151375839
93200.0	500.0	428.8576172568753	0.0	0	424.54324403098144	628.8576172568137	1	0	2	0.1963968151375839
94200.0	500.0	428.8576172568951	0.0	0	197.80335312984244	628.8576172568282	1	0	2	0.19639681513757667
95200.0	500.0	328.85761725690713	0.0	0	442.40296110280906	528.8576172568428	1	0	3	-0.1727351328030539
96200.0	500.0	328.85761725690804	0.0	0	364.6736309836997	528.8576172568428	1	0	2	0.046396815137569186
97200.0	500.0	340.9760572595731	12.118440002657564	0	339.87711214880983	540.9760572595114	1	0	2	0.1676269551202896
98200.0	500.0	340.97605725958186	0.0	0	438.98271050612675	540.9760572595114	1	0	2	0.24033759513623498
99200.0	500.0	340.97605725956896	0.0	0	324.3480039804854	540.9760572594969	1	0	2	0.24033759513624228
100200.0	500.0	340.9760572595603	0.0	0	570.9246303702093	540.9760572594969	1	0	2	0.24033759513624228
101200.0	500.0	340.97605725954935	0.0	0	616.174676278868	540.9760572594969	1	0	2	0.24033759513624228
102200.0	500.0	340.9760572595563	0.0	0	423.9842667392222	540.9760572594969	1	0	2	0.24033759513624228
103200.0	500.0	340.9760572595573	0.0	0	519.4122211741924	540.9760572594969	1	0	2	0.24033759513624228
104200.0	500.0	402.91876982862783	61.94271256907189	0	142.62114716637006	602.9187698285677	1	0	2	-0.16229003656272442
105200.0	500.0	402.9187698286207	0.0	0	480.636875681128	602.9187698285677	1	0	2	0.20936623885170688
106200.0	500.0	424.76871161143106	21.849941782809367	0	94.70291848869238	624.7687116113811	1	0	2	0.06734161726344397
107200.0	500.0	424.76871161140934	0.0	0	181.76389250419743	624.7687116113811	1	0	2	0.19844126796030015
108200.0	1000.0	457.19000410932335	32.421292497913726	0	81.28511856363912	657.1900041092886	1	0	2	-0.012297133276135852
109200.0	1000.0	457.1900041093197	0.0	0	483.1482487978501	657.1900041092886	1	0	2	0.8753778022712919
110200.0	1000.0	457.19000410933086	0.0	0	535.1745313167048	657.1900041093031	1	0	2	0.8753778022712846
111200.0	1000.0	457.1900041093271	0.0	0	336.34410025140096	657.1900041093177	1	0	2	0.8753778022712775
112200.0	1000.0	469.5552107132467	12.365206603917557	0	32.73528602963779	669.5552107132244	1	0	2	0.7950039593458188
113200.0	1000.0	469.55521071327416	0.0	0	157.24625717304298	669.5552107132389	1	0	2	0.8691951989693167
114200.0	1000.0	469.55521071327405	0.0	0	215.10901514197758	669.5552107132389	1	0	2	0.8691951989693167
115267.30185376393	1000.0	460.51889265527063	58.265535705939726	0	0.0	727.8207464191801	1	0	2	0.49046921688070794
116200.0	1000.0	527.8207464191928	0.0	0	37.316845667606685	727.8207464191801	1	0	2	0.8400624311163463
117200.0	500.0	527.8207464191867	0.0	0	392.98952979117166	727.8207464191801	1	0	2	-0.5462319300035445
118200.0	500.0	427.82074641920144	0.0	0	306.5167952529009	627.8207464192092	1	0	3	-0.22208779618958555
119200.0	500.0	427.82074641919576	0.0	0	359.14235150850436	627.8207464192092	1	0	2	-0.0030847494436139766
120200.0	500.0	427.8207464191777	0.0	0	342.777007340439	627.8207464192092	1	0	2	0.1969152505563862
121505.8566639679	1000.0	360.4611284639906	238.49704601272816	0	0.0	866.3177924319316	1	0	2	-1.3533155485263437
122200.0	500.0	666.3177924318932	0.0	0	55.65769196371548	866.3177924319461	1	0	2	-0.6154804530099278
123200.0	500.0	666.3177924318916	0.0	0	498.6959405237576	866.3177924319461	1	0	2	0.07766672755001765
124200.0	500.0	566.317792431871	0.0	0	432.86981586208276	766.3177924319461	1	0	3	-0.2916798756035676
125200.0	500.0	466.31779243186367	0.0	0	246.93358933049603	666.3177924319461	1	0	3	-0.04017704667737447
126200.0	1000.0	466.31779243185883	0.0	0	454.2633715559641	666.3177924319316	1	0	2	-0.02233327244997524
127200.0	1000.0	466.3177924318728	0.0	0	133.7264552982815	666.3177924319316	1	0	2	0.8708139081099704
128200.0	1000.0	466.317792431877	0.0	0	549.2617615928175	666.3177924319461	1	0	2	0.8708139081099631
129404.07336255709	1000.0	393.41331089278935	131.16888101800373	0	0.0	797.4866734499374	1	0	2	0.018216181492945127
130209.2351501709	1000.0	523.8521589856716	14.651649516425152	0	0.0	733.0873091566464	1	0	3	0.3386802152190096
131376.18084915806	1000.0	405.83325656282176	48.92679656430033	0	0.0	782.0141057209548	1	0	2	0.3194049720796565
132200.0	1000.0	582.014105720839	0.0	0	122.31388079657336	782.0141057209403	1	0	2	0.812965751465466
133200.0	1000.0	582.0141057208104	0.0	0	352.13875253873994	782.0141057209403	1	0	2	0.812965751465466
134200.0	1000.0	582.0141057207965	0.0	0	579.5721541851817	782.0141057209694	1	0	2	0.8129657514654515
135200.0	1000.0	582.0141057208	0.0	0	430.46042125989334	782.0141057209694	1	0	2	0.8129657514654515
136200.0	1000.0	482.0141057207944	0.0	0	338.2622320991941	682.0141057209403	1	0	3	0.4439834260080828
137200.0	1000.0	482.0141057207761	0.0	0	369.6848930575943	682.0141057209403	1	0	2	0.6629657514654659
138379.8855086325	1000.0	378.82011887829947	76.69152179001037	0	0.0	758.7056275109644	1	0	2	0.3644708598303918
139361.15353045161	1000.0	504.81685018634226	107.26475312721209	0	0.0	865.970380638144	1	0	2	0.12739909524359155
140200.0	500.0	665.9703806379895	0.0	0	550.8224776474235	865.9703806381731	1	0	2	-0.6153067471130413
141200.0	1000.0	665.9703806379877	0.0	0	410.25326104220585	865.9703806381731	1	0	2	0.07784043344690428
142447.95219721898	1000.0	293.2229636970985	0.0	0	0.0	741.1751609162602	1	0	3	0.41673357680103557
143200.0	500.0	465.97038063797027	0.0	0	237.82982173081837	665.970380638144	1	0	3	-0.7301765127131408
144200.0	500.0	465.970380637968	0.0	0	645.9196266912331	665.970380638144	1	0	2	-0.022159566553081364
145200.0	500.0	465.9703806379896	0.0	0	436.1336920284957	665.970380638144	1	0	2	0.1778404334469188
146200.0	500.0	365.97038063796236	0.0	0	181.23232175031444	565.9703806380858	1	0	3	-0.18949442571813607
147200.0	500.0	428.39272903722156	62.42234839925294	0	71.17391707436764	628.3927290373249	1	0	2	-0.3779048311481894
148200.0	500.0	328.39272903721553	0.0	0	393.66916468463023	528.3927290372667	1	0	3	-0.17243243351648468
149200.0	500.0	295.3435399280984	60.86437353714459	0	297.97295633677277	495.3435399281443	1	0	3	-0.3199698438047468
150200.0	500.0	358.17637053971623	62.832830611592726	0	290.8655396255199	558.1763705397316	1	0	2	-0.3452595451734316
151392.99698474977	1000.0	423.28851316321567	258.1091273732655	0	0.0	816.2854979129916	1	0	2	-1.4459718894300972
152200.0	1000.0	535.5851963879649	0.0	0	238.9461162132793	735.585196387954	1	0	3	0.42013651050187223
153200.0	1000.0	535.5851963879561	0.0	0	434.9189983038523	735.585196387954	1	0	2	0.636180206131959
154200.0	1000.0	535.5851963879657	0.0	0	414.73894064177875	735.585196387954	1	0	2	0.8361802061319592
155257.49634336767	1000.0	478.0888530203084	0.0	0	0.0	735.5851963879832	1	0	2	0.8361802061319445
156200.0	1000.0	535.5851963879862	0.0	0	99.42353652699967	735.5851963879832	1	0	2	0.8361802061319445
157200.0	1000.0	535.5851963879988	0.0	0	79.68989459984004	735.5851963879832	1	0	2	0.8361802061319445
158200.0	1000.0	435.58519638798805	0.0	0	117.66224013254396	635.585196387954	1	0	3	0.47085382448679347
159200.0	1000.0	435.58519638797975	0.0	0	402.54797016788507	635.585196387954	1	0	2	0.686180206131959
160200.0	500.0	435.58519638799316	0.0	0	293.2647135609004	635.5851963879832	1	0	2	-0.5001141549879462
161200.0	500.0	435.5851963879986	0.0	0	445.83576614860795	635.5851963879832	1	0	2	0.1930330255719992
162200.0	500.0	450.3928392865183	14.807642898536756	0	53.18409807232092	650.3928392865055	1	0	2	0.09678334673151748
163200.0	500.0	450.3928392865346	0.0	0	604.7874730200856	650.3928392865346	1	0	2	0.18562920412272343
164200.0	1000.0	450.39283928654186	0.0	0	134.89339576044586	650.3928392865346	1	0	2	0.18562920412272357
165200.0	1000.0	450.39283928655664	0.0	0	153.5788508609985	650.3928392865346	1	0	2	0.8787763846826689
166200.0	1000.0	450.39283928653083	0.0	0	132.49194998372695	650.3928392865346	1	0	2	0.8787763846826689
167200.0	500.0	450.3928392865191	0.0	0	235.17998440761585	650.3928392865346	1	0	2	-0.5075179764372217
168200.0	500.0	450.39283928652117	0.0	0	564.3907402452023	650.3928392865055	1	0	2	0.18562920412273803
169200.0	500.0	450.392839286518	0.0	0	411.2908964276721	650.3928392865346	1	0	2	0.18562920412272343
170200.0	500.0	450.3928392864932	0.0	0	437.25031681809924	650.3928392865346	1	0	2	0.18562920412272343
171200.0	500.0	450.3928392864998	0.0	0	592.3952160614135	650.3928392865346	1	0	2	0.18562920412272343
172200.0	500.0	450.39283928648024	0.0	0	433.8744029389345	650.3928392865346	1	0	2	0.18562920412272343
173200.0	500.0	450.39283928650593	0.0	0	143.94742773313192	650.3928392865346	1	0	2	0.18562920412272343
174200.0	500.0	450.3928392865072	0.0	0	367.26091363752494	650.3928392865346	1	0	2	0.18562920412272343
175200.0	500.0	450.39283928649047	0.0	0	593.2247756205325	650.3928392865055	1	0	2	0.18562920412273803
176200.0	1000.0	450.3928392864583	0.0	0	288.3597855005646	650.3928392865055	1	0	2	0.1856292041227381
177200.0	1000.0	450.3928392864756	0.0	0	379.69810969699756	650.3928392865055	1	0	2	0.8787763846826835
178415.80660389646	1000.0	355.15373165955225	120.56749626957355	0	0.0	770.9603355560394	1	0	2	0.09508765893046345
179330.3903837791	1000.0	521.3522581357932	80.78230635890196	0	0.0	851.7426419149269	1	0	2	0.29340764521504936
180200.0	1000.0	564.7816802928122	0.0	0	274.052693386242	764.7816802927991	1	0	3	0.40502116707713615
181200.0	1000.0	464.7816802928098	0.0	0	308.2194703608402	664.7816802927409	1	0	3	0.6529195935399656
182200.0	1000.0	464.7816802928487	0.0	0	178.49621006537927	664.78168029277	1	0	2	0.6715819641795508
183200.0	1000.0	464.7816802928618	0.0	0	80.28907136374619	664.7816802927991	1	0	2	0.8715819641795366
184432.09755720064	1000.0	335.3801178207757	102.69599472854759	0	0.0	767.4776750213641	1	0	2	0.20405799844396866
185396.01642950063	1000.0	556.3401979441219	184.8789524233065	0	0.0	952.3566274447076	1	0	2	-0.3814792239362475
186200.0	1000.0	671.9582703948084	0.0	0	26.18575188666	871.9582703947672	1	0	3	0.3571743463504249
187200.0	1000.0	671.9582703947888	0.0	0	307.17875965393614	871.9582703947672	1	0	2	0.5679936691285525
188200.0	500.0	671.9582703947987	0.0	0	507.82149486636627	871.9582703947963	1	0	2	-0.6183006919913525
189200.0	500.0	671.9582703948035	0.0	0	682.7697371195827	871.9582703947963	1	0	2	0.0748464885685926
190200.0	500.0	571.9582703948097	0.0	0	525.8826624830253	771.9582703948254	1	0	3	-0.29477439132211924
191200.0	500.0	571.9582703948225	0.0	0	568.9955645744049	771.9582703947963	1	0	2	-0.07515351143140755
192200.0	500.0	571.958270394808	0.0	0	95.98790414724499	771.9582703947672	1	0	2	0.12484648856860715
193200.0	500.0	471.9582703948115	0.0	0	328.29960249539	671.9582703947381	1	0	3	-0.24335133340381052
194200.0	500.0	471.9582703947808	0.0	0	460.78497466424596	671.9582703947381	1	0	2	-0.025153511431378478
195200.0	500.0	471.958270394741	0.0	0	418.6993568940379	671.9582703947381	1	0	2	0.1748464885686217
196200.0	500.0	471.95827039470623	0.0	0	512.5829876479984	671.9582703947381	1	0	2	0.1748464885686217
197383.38055216434	1000.0	356.92659945312323	169.71539676288205	0	0.0	740.3071516175114	1	0	3	-1.2923668415542346
198200.0	500.0	540.3071516174322	0.0	0	363.65583177487133	740.3071516175114	1	0	2	-0.7524751326027106
199200.0	500.0	540.3071516174195	0.0	0	37.08454441756476	740.3071516175114	1	0	2	0.1406720479572351
200200.0	500.0	540.3071516174458	0.0	0	100.59769321852946	740.3071516175405	1	0	2	0.1406720479572205
201200.0	500.0	440.3071516174249	0.0	0	56.19675840329728	640.3071516174823	1	0	3	-0.22410892054722842
202381.35431892832	500.0	428.715312720551	169.76248003142217	0	0.0	810.0696316489193	1	0	2	-1.1127840722470017
203200.0	500.0	610.0696316488652	0.0	0	40.9952563898114	810.0696316489193	1	0	2	0.10579080794153109
204200.0	500.0	610.0696316489111	0.0	0	334.4577297811047	810.0696316489193	1	0	2	0.10579080794153109
205200.0	500.0	610.0696316489289	0.0	0	475.16663343302207	810.0696316489193	1	0	2	0.10579080794153109
206200.0	500.0	510.06963164892113	0.0	0	367.46159604523564	710.0696316489193	1	0	3	-0.2631332412674082
207200.0	500.0	410.0696316489277	0.0	0	559.16811124995	610.0696316488902	1	0	3	-0.013906206198082083
208200.0	500.0	410.0696316489117	0.0	0	375.4152429283131	610.0696316488902	1	0	2	0.005790807941545517
209200.0	500.0	319.3094321069365	8.39981859820989	0	235.42517213788233	519.3094321069075	1	0	3	-0.2166654581835371
210200.0	500.0	319.3094321069189	0.0	0	502.7726791262685	519.3094321069075	1	0	2	0.05117090771253685
211200.0	500.0	319.3094321069287	0.0	0	389.87592761340784	519.3094321069075	1	0	2	0.25117090771253703
212200.0	500.0	319.30943210694494	0.0	0	565.2996803459537	519.3094321069366	1	0	2	0.25117090771252243
213200.0	500.0	319.3094321069585	0.0	0	562.4496856573387	519.3094321069366	1	0	2	0.25117090771252243
214200.0	500.0	400.3332836099418	81.02385150298647	0	165.68690361906192	600.3332836099144	1	0	2	-0.27548412705688535
215257.98185372644	1000.0	445.39812127293817	103.04669138947281	0	0.0	703.3799749994068	1	0	2	-0.45914451207054935
216200.0	1000.0	503.37997499940957	0.0	0	228.09670363928308	703.379974999436	1	0	2	0.8522828168262182
217200.0	1000.0	503.3799749994355	0.0	0	489.5189282067877	703.3799749994068	1	0	2	0.8522828168262329
218324.48395155513	1000.0	378.89602344430466	0.0	0	0.0	703.3799749994068	1	0	2	0.8522828168262329
219200.0	500.0	503.37997499942367	0.0	0	243.0190161393548	703.3799749994068	1	0	2	-0.5340115442936582
220200.0	500.0	503.37997499939706	0.0	0	483.7204638001567	703.3799749993777	1	0	2	0.15913563626630184
221200.0	500.0	403.37997499937796	0.0	0	107.07923937230953	603.3799749993486	1	0	3	-0.20777918144930055
222200.0	1000.0	424.6822287566124	110.27477614294861	0	106.04855086473981	624.6822287565737	1	0	3	-0.6776094461523421
223200.0	1000.0	424.68222875663184	0.0	0	396.8796569509432	624.6822287565446	1	0	2	0.6916316899476638
224200.0	1000.0	424.6822287566075	0.0	0	233.86903511619312	624.6822287565155	1	0	2	0.8916316899476784
225200.0	1000.0	424.68222875659774	0.0	0	302.1444734460674	624.6822287565155	1	0	2	0.8916316899476784
226200.0	1000.0	424.68222875659603	0.0	0	341.8323195470439	624.6822287565155	1	0	2	0.8916316899476784
227200.0	1000.0	424.68222875657784	0.0	0	476.010580707778	624.6822287564864	1	0	2	0.8916316899476929
228200.0	1000.0	324.68222875659455	0.0	0	240.96128535442404	524.6822287565446	1	0	3	0.5240930526930785
229200.0	1000.0	488.33960629176204	163.65737753520727	0	68.23593402115512	688.3396062917018	1	0	2	-0.32214126403115884
230352.99949288793	1000.0	412.04346154901435	76.703348145201	0	0.0	765.0429544369108	1	0	2	0.3612312382362748
231232.57791390206	1000.0	553.9130165913618	21.447976056483924	0	0.0	786.4909304933972	1	0	2	0.6820394827403342
232200.0	500.0	586.4909304934079	0.0	0	430.5640280507505	786.4909304933972	1	0	2	-0.5755670220406534
233200.0	1000.0	486.4909304934068	0.0	0	246.98440136385034	686.4909304933972	1	0	3	-0.2501783451294953
234200.0	1000.0	386.49093049340314	0.0	0	230.1673579348717	586.4909304933972	1	0	3	0.6938213770033331
235200.0	1000.0	386.49093049340104	0.0	0	435.8352982556389	586.4909304933972	1	0	2	0.7107273390792375
236200.0	1000.0	386.4909304933761	0.0	0	393.8323006706778	586.4909304933972	1	0	2	0.9107273390792376
237200.0	1000.0	460.42521524553956	73.93428475215131	0	9.653810410760343	660.4252152455447	1	0	2	0.4301544881902559
238200.0	500.0	460.4252152455465	0.0	0	317.77305542479735	660.4252152455156	1	0	2	-0.5125341644167125
239200.0	500.0	460.42521524555445	0.0	0	343.6542010429548	660.4252152455156	1	0	2	0.18061301614323294
240200.0	500.0	460.4252152455565	0.0	0	185.2659779554815	660.4252152455447	1	0	2	0.18061301614321845
241200.0	500.0	360.42521524555616	0.0	0	248.54234535744763	560.4252152455447	1	0	3	-0.18667205128272374
242200.0	500.0	360.4252152455567	0.0	0	290.0060970466002	560.4252152455447	1	0	2	0.030613016143218263
243200.0	500.0	360.4252152455623	0.0	0	273.4456236194528	560.4252152455447	1	0	2	0.23061301614321844
244200.0	500.0	360.4252152455853	0.0	0	522.8518011053966	560.4252152455447	1	0	2	0.23061301614321844
245200.0	500.0	460.4252152455931	0.0	0	154.33258788700914	660.4252152455447	1	0	1	-0.0022836392621001095
246200.0	500.0	460.4252152455565	0.0	0	518.9488021887082	660.4252152455156	1	0	2	-0.01938698385676703
247200.0	500.0	360.42521524558833	0.0	0	278.0068728252081	560.4252152455447	1	0	3	-0.18712243498102665
248200.0	500.0	360.42521524558356	0.0	0	575.0273212896718	560.4252152455738	1	0	2	0.030613016143203664
249200.0	500.0	360.4252152455737	0.0	0	467.61856226381497	560.4252152455738	1	0	2	0.23061301614320384
250200.0	500.0	360.42521524556827	0.0	0	514.89017197254	560.4252152455738	1	0	2	0.23061301614320384
251200.0	500.0	360.425215245583	0.0	0	592.4962858292274	560.4252152456029	1	0	2	0.23061301614318933
252200.0	500.0	389.93650669248365	29.51129144687792	0	222.87913590905373	589.9365066924947	1	0	2	0.03878962173847585
253200.0	500.0	399.51290539801033	9.576398705526799	0	114.8102706130594	599.5129053980054	1	0	2	0.15361077883382726
254200.0	500.0	399.51290539799083	0.0	0	505.2861735782062	599.5129053980054	1	0	2	0.21106917106698805
255200.0	500.0	399.5129053980032	0.0	0	170.42651580061647	599.5129053980054	1	0	2	0.21106917106698805
256200.0	500.0	399.51290539800584	0.0	0	213.56557385780616	599.5129053980054	1	0	2	0.21106917106698805
257200.0	500.0	399.51290539802176	0.0	0	601.161878409097	599.5129053980345	1	0	2	0.2110691710669735
258200.0	1000.0	399.5129053980046	0.0	0	490.7202061228163	599.5129053980054	1	0	2	0.2110691710669882
259200.0	1000.0	399.512905397994	0.0	0	351.47109409226687	599.5129053980054	1	0	2	0.9042163516269336
260200.0	1000.0	399.5129053980148	0.0	0	475.7597441826365	599.5129053980054	1	0	2	0.9042163516269336
261200.0	1000.0	399.51290539801636	0.0	0	144.2656246010447	599.5129053980054	1	0	2	0.9042163516269336
262200.0	1000.0	399.5129053980099	0.0	0	259.6205071655859	599.5129053979763	1	0	2	0.904216351626948
263200.0	1000.0	399.5129053979733	0.0	0	293.22550439625047	599.5129053979763	1	0	2	0.904216351626948
264200.0	500.0	399.51290539795446	0.0	0	321.2976988205919	599.5129053979763	1	0	2	-0.48207800949294277
265200.0	500.0	399.5129053979115	0.0	0	545.5680092463735	599.5129053979763	1	0	2	0.2110691710670026
266200.0	500.0	399.5129053979698	0.0	0	515.8900652126176	599.5129053979763	1	0	2	0.2110691710670026
267324.3409883979	500.0	382.4427513309107	107.27083433082498	0	0.0	706.7837397289113	1	0	2	-0.48619125208339165
268200.0	500.0	532.5994065379443	25.81566680908935	0	0.47088716353755444	732.5994065379491	1	0	2	-0.010368080357519932
269200.0	500.0	532.5994065379335	0.0	0	466.92348465672694	732.5994065379491	1	0	2	0.14452592049701618
270200.0	500.0	532.5994065379332	0.0	0	534.491307672637	732.5994065380073	1	0	2	0.14452592049698704
271200.0	500.0	532.5994065379201	0.0	0	453.5428034287761	732.5994065379491	1	0	2	0.14452592049701618
272200.0	500.0	532.5994065378663	0.0	0	622.4873434147448	732.5994065380073	1	0	2	0.14452592049698704
273363.5131247516	1000.0	361.51810830031457	98.89376271750928	0	0.0	725.0312330520828	1	0	3	-0.859736375120099
274303.5194357359	1000.0	521.5002264575636	99.98842914146684	0	0.0	825.0196621936047	1	0	2	-0.008467601619667364
275200.0	1000.0	535.3716057670381	0.0	0	189.30406425253022	735.37160576717	1	0	3	0.41998345990167624
276200.0	1000.0	435.3716057670001	0.0	0	218.46857839194126	635.3716057671118	1	0	3	0.6689369190331729
277200.0	1000.0	435.3716057670082	0.0	0	535.4718564724317	635.3716057670536	1	0	2	0.6862870014424093
278200.0	1000.0	435.37160576701	0.0	0	124.5099574822816	635.3716057670536	1	0	2	0.8862870014424095
279200.0	1000.0	469.5249471400727	34.15334137308531	0	22.177638007502537	669.524947140133	1	0	2	0.6642902825173578
280200.0	1000.0	469.52494714005934	0.0	0	45.29753053112654	669.524947140133	1	0	2	0.8692103307558696
281200.0	1000.0	369.52494714016416	0.0	0	180.43118649331154	569.5249471401912	1	0	3	0.5019102545348001
282200.0	1000.0	369.5249471401658	0.0	0	515.6805835373816	569.5249471402494	1	0	2	0.7192103307558113
283200.0	1000.0	369.52494714017416	0.0	0	586.6877672577393	569.5249471402494	1	0	2	0.9192103307558115
284200.0	1000.0	369.5249471401244	0.0	0	543.0559885398834	569.5249471402494	1	0	2	0.9192103307558115
285200.0	1000.0	369.524947140175	0.0	0	259.4670676726382	569.5249471401912	1	0	2	0.9192103307558407
286224.6562022302	1000.0	434.19339784337365	89.32465293332899	0	0.0	658.849600073474	1	0	2	0.3386000866892253
287430.2044268633	1000.0	385.2924510156694	156.64727780540574	0	0.0	815.4968778789043	1	0	2	-0.14365930144595035
288291.26623925817	1000.0	574.4702061039275	50.23956748319364	0	0.0	865.7364453620976	1	0	2	0.46966717674572567
289200.0	500.0	665.7364453621187	0.0	0	499.76614612463163	865.7364453621558	1	0	2	-0.6151897794750327
290200.0	1000.0	665.7364453620906	0.0	0	181.925704239693	865.7364453620976	1	0	2	0.07795740108494209
291564.9233379745	1000.0	200.0	32.4356603726236	0	0.0	764.9233379745856	1	0	3	0.20917965569663502
292237.8402122345	500.0	642.4950220626661	166.0941670442619	0	0.0	880.3352342972066	1	0	3	-1.827223058294496
293200.0	500.0	584.1192555206472	0.0	0	514.4295077102142	784.1192555206944	1	0	3	-0.10061058198686111
294200.0	500.0	484.1192555206248	0.0	0	385.17570792895276	684.1192555207526	1	0	3	-0.0500713945670042
295200.0	500.0	484.11925552065645	0.0	0	31.838025279692374	684.1192555207526	1	0	2	-0.03123400399438568
296200.0	500.0	484.11925552064133	0.0	0	333.53612480615266	684.1192555207526	1	0	2	0.16876599600561448
297200.0	500.0	384.11925552063315	0.0	0	238.54367908713175	584.1192555207526	1	0	3	-0.19842110232146126
298200.0	500.0	387.9981687200346	3.8789131994446393	0	262.5526014114148	587.9981687201653	1	0	2	-0.006446939790759915
299200.0	500.0	387.99816871999565	0.0	0	445.01090546365594	587.9981687201653	1	0	2	0.2168265394059081
300200.0	1000.0	387.99816871997655	0.0	0	198.78366034134524	587.9981687201071	1	0	2	0.21682653940593732
1.44	1.39	1.52	1.24	1.07	1.37	1.42	1.6	0.79	1.01	0.72	1.2	1.66	1.66	1.42	0.81	1.19	0.9	1.16	1.1	0.89	0.73	0.79	1.4	1.42	1.37	0.95	1.03	1.37	1.09	1.36	1.25	1.04	1.04	1.61	1.31	0.83	1.74	1.44	1.59	0.65	0.8	1.02	1.14	1.26	1.17	1.01	0.5	0.71	0.7	0.52	0.73	0.6	0.86	0.65	0.93	0.9	0.71	0.9	1.03	1.26	1.27	0.79	1.2	1.9	1.63	0.89	0.96	1.18	0.56	1.29	1.45	1.33	1.62	1.16	1.53	1.3	1.51	1.09	0.9	0.93	1.32	1.68	1.42	1.23	1.27	0.95	0.83	0.61	0.75	0.97	0.71	0.98	0.75	1.01	0.96	1.07	1.22	1.44	1.16	0.78	0.66	0.83	0.74	0.57	1.3	1.6	2.11	1.42	1.33	1.69	1.08	1.04	1.49	1.01	0.56	0.65	0.98	1.1	0.94	1.24	1.07	0.86	1.47	1.29	1.92	1.09	1.26	1.16	1.19	1.67	2.06	2.1	1.12	1.22	0.96	1.07	1.61	1.49	0.97	0.81	1.2	1.05	0.6	0.63	0.88	0.83	0.93	0.98	1.7	1.44	1.39	1.52	1.24	1.07	1.37	1.42	1.6	0.79	1.01	0.72	1.2	1.66	1.66	1.42	0.81	1.19	0.9	1.16	1.1	0.89	0.73	0.79	1.4	1.42	1.37	0.95	1.03	1.37	1.09	1.36	1.25	1.04	1.04	1.61	1.31	0.83	1.74	1.44	1.59	0.65	0.8	1.02	1.14	1.26	1.17	1.01	0.5	0.71	0.7	0.52	0.73	0.6	0.86	0.65	0.93	0.9	0.71	0.9	1.03	1.26	1.27	0.79	1.2	1.9	1.63	0.89	0.96	1.18	0.56	1.29	1.45	1.33	1.62	1.16	1.53	1.3	1.51	1.09	0.9	0.93	1.32	1.68	1.42	1.23	1.27	0.95	0.83	0.61	0.75	0.97	0.71	0.98	0.75	1.01	0.96	1.07	1.22	1.44	1.16	0.78	0.66	0.83	0.74	0.57	1.3	1.6	2.11	1.42	1.33	1.69	1.08	1.04	1.49	1.01	0.56	0.65	0.98	1.1	0.94	1.24	1.07	0.86	1.47	1.29	1.92	1.09	1.26	1.16	1.19	1.67	2.06	2.1	1.12	1.22	0.96	1.07	1.61	1.49	0.97	0.81	1.2	1.05	0.6	0.63	0.88	0.83	0.93	0.98	1.7	1.44
1.0	2.0	3.0	4.0	5.0	6.0	7.0	8.0	9.0	10.0	11.0	12.0	13.0	14.0	15.0	16.0	17.0	18.0	19.0	20.0	21.0	22.0	23.0	24.0	25.0	26.0	27.0	28.0	29.0	30.0	31.0	32.0	33.0	34.0	35.0	36.0	37.0	38.0	39.0	40.0	41.0	42.0	43.0	44.0	45.0	46.0	47.0	48.0	49.0	50.0	51.0	52.0	53.0	54.0	55.0	56.0	57.0	58.0	59.0	60.0	61.0	62.0	63.0	64.0	65.0	66.0	67.0	68.0	69.0	70.0	71.0	72.0	73.0	74.0	75.0	76.0	77.0	78.0	79.0	80.0	81.0	82.0	83.0	84.0	85.0	86.0	87.0	88.0	89.0	90.0	91.0	92.0	93.0	94.0	95.0	96.0	97.0	98.0	99.0	100.0	101.0	102.0	103.0	104.0	105.0	106.0	107.0	108.0	109.0	110.0	111.0	112.0	113.0	114.0	115.0	116.0	117.0	118.0	119.0	120.0	121.0	122.0	123.0	124.0	125.0	126.0	127.0	128.0	129.0	130.0	131.0	132.0	133.0	134.0	135.0	136.0	137.0	138.0	139.0	140.0	141.0	142.0	143.0	144.0	145.0	146.0	147.0	148.0	149.0	149.0	150.0	151.0	152.0	153.0	154.0	155.0	156.0	157.0	158.0	159.0	160.0	161.0	162.0	163.0	164.0	165.0	166.0	167.0	168.0	169.0	170.0	171.0	172.0	173.0	174.0	175.0	176.0	177.0	178.0	179.0	180.0	181.0	182.0	183.0	184.0	185.0	186.0	187.0	188.0	189.0	190.0	191.0	192.0	193.0	194.0	195.0	196.0	197.0	198.0	199.0	200.0	201.0	202.0	203.0	204.0	205.0	206.0	207.0	208.0	209.0	210.0	211.0	212.0	213.0	214.0	215.0	216.0	217.0	218.0	219.0	220.0	221.0	222.0	223.0	224.0	225.0	226.0	227.0	228.0	229.0	230.0	231.0	232.0	233.0	234.0	235.0	236.0	237.0	238.0	239.0	240.0	241.0	242.0	243.0	244.0	245.0	246.0	247.0	248.0	249.0	250.0	251.0	252.0	253.0	254.0	255.0	256.0	257.0	258.0	259.0	260.0	261.0	262.0	263.0	264.0	265.0	266.0	267.0	268.0	269.0	270.0	271.0	272.0	273.0	274.0	275.0	276.0	277.0	278.0	279.0	280.0	281.0	282.0	283.0	284.0	285.0	286.0	287.0	288.0	289.0	290.0	291.0	292.0	293.0	294.0	295.0	296.0	297.0	298.0	298.0	299.0
2278.305041268476
