4480.799583586533	300.0	2000.0	178.57119856407363	0	0.0	4480.799583586533	1	0	1	-3.4921994098205684
5763.99505196206	3000.0	1396.0056645305901	0.0	0	0.0	4160.00071649265	1	0	4	-3.3223998899686693
7235.8332455778655	3000.0	556.2079225108341	0.0	0	0.0	3792.0411680887	1	0	4	-0.13942568272831482
7828.673074383674	2000.0	815.1581365035719	0.0	0	0.0	3643.831210887247	1	0	4	-0.8492220595034233
9210.158898884294	3000.0	200.0	89.35931529776137	0	0.0	3410.158898884296	1	0	4	-0.8645612014116082
9962.557005343797	2000.0	558.7632540726562	239.40870971762513	0	0.0	3521.320259416456	1	0	4	-2.2277783290328275
10990.924549227162	3000.0	399.2309465666293	100.74169787854379	0	0.0	3390.155495793794	1	0	4	-0.9324419136514966
11572.098822624612	3000.0	672.7631048198184	0.0	0	0.0	3244.861927444432	1	0	4	0.16294234818430267
12555.467227877954	3000.0	443.5525982531375	0.0	0	0.0	2999.0198261310925	1	0	4	0.2639099870243524
13155.293335203543	2000.0	693.7699640961507	0.0	0	0.0	2849.0632992996943	1	0	4	-0.4523245943272821
13831.238809300103	3000.0	950.2299425899331	0.0	0	0.0	2781.4687518900373	1	0	3	-0.0016259172904521946
14687.449857988613	3000.0	1008.397789032572	0.0	0	0.0	2695.847647021188	1	0	3	0.7444254902527037
15240.58489658749	3000.0	1399.9492465738065	0.0	0	0.0	2640.5341431612997	1	0	3	0.7752855070507134
16019.74391516011	3000.0	1542.8743261439236	0.0	0	0.0	2562.618241304037	1	0	3	0.8110377763965433
17260.353185096443	3000.0	1178.2041292139616	0.0	0	0.0	2438.5573143104066	1	0	3	0.8662811316234997
18253.438820283154	2000.0	1185.1184940272515	0.0	0	0.0	2438.5573143104066	1	0	2	0.07237621962251323
19289.61234813032	2000.0	1045.3276133953677	0.0	0	0.0	2334.939961525688	1	0	3	0.31898458923465023
20055.9256068382	2000.0	1202.3830288167048	0.0	0	0.0	2258.3086356549065	1	0	3	0.5584632496625774
21329.090141702854	2000.0	801.9020404655882	0.0	0	0.0	2130.992182168444	1	0	3	0.6150257021535472
22669.8443375777	3000.0	463.67510203669286	124.18425184857942	0	0.0	2133.519439614389	1	0	3	-0.12691807866653615
23038.340973314054	1000.0	1132.0281298739708	0.0	0	0.0	2170.369103188026	1	0	1	-1.3756109656778945
24288.291347588638	2000.0	569.590162030743	0.0	0	0.0	1857.881509619383	1	0	4	-0.9638493383527862
25341.692900053633	2000.0	391.24549172627894	110.72581622142167	0	0.0	1732.9383917799169	1	0	4	-0.16281303329594013
26143.835561249667	2000.0	577.7916578296683	62.63917583548266	0	0.0	1721.6272190793352	1	0	3	0.1509322449264074
26940.97805104155	2000.0	700.9349190585982	0.0	0	0.0	1641.9129701001511	1	0	3	0.8655229861250977
27955.976488274144	3000.0	584.4366381027489	0.0	0	0.0	1540.413126376894	1	0	3	0.9140923510381213
28550.442053116996	2000.0	930.5245167756086	0.0	0	0.0	1480.9665698926037	1	0	3	0.5430883193981138
29317.20849342527	2000.0	1087.0814324365033	0.0	0	0.0	1404.2899258617763	1	0	3	0.9838905287556503
30200.0	2000.0	1116.0107752043023	0.0	0	248.74703337655956	1316.0107752043004	1	0	3	1.0222382142952795
31200.0	2000.0	1016.010775204301	0.0	0	429.87247886002297	1216.0107752043004	1	0	3	1.0698642301120052
32200.0	2000.0	916.0107752043012	0.0	0	131.44214181925054	1116.0107752042968	1	0	3	1.1226455937282422
33316.54823468607	2000.0	687.8077170496197	0.0	0	0.0	1004.3559517356916	1	0	3	1.1799160064430607
34430.592617783535	2000.0	462.35889564241415	0.0	0	0.0	892.9515134259418	1	0	3	1.238176168311652
35214.815387854265	2000.0	678.1361255716768	0.0	0	0.0	892.9515134259491	1	0	2	1.2506442281729067
36200.0	2000.0	692.9515134259451	0.0	0	405.19216539887566	892.9515134259491	1	0	2	1.4506442281729068
37200.0	1000.0	692.9515134259507	0.0	0	648.4744121649346	892.9515134259491	1	0	2	0.06434986705301649
38200.0	1000.0	592.9515134259539	0.0	0	520.6509464831543	792.9515134259564	1	0	3	0.3877728389496301
39200.0	1000.0	492.95151342595557	0.0	0	541.359244952997	692.9515134259636	1	0	3	0.6379168567421082
40200.0	1000.0	434.3678563549834	37.65122084456391	0	80.02072662852879	634.3678563549984	1	0	3	0.4468795563946899
41200.0	1000.0	434.3678563549852	0.0	0	392.0410741282976	634.3678563549984	1	0	2	0.6867888761484369
42200.0	1000.0	434.36785635498586	0.0	0	519.7113448989548	634.3678563549984	1	0	2	0.886788876148437
43200.0	1000.0	434.3678563549895	0.0	0	442.84502865952527	634.3678563549984	1	0	2	0.886788876148437
44200.0	2000.0	434.3678563549879	0.0	0	244.80274287179054	634.3678563549984	1	0	2	0.8867888761484368
45200.0	2000.0	434.36785635498984	0.0	0	167.75319958117325	634.3678563549984	1	0	2	1.579936056708382
46200.0	2000.0	434.36785635499825	0.0	0	285.3882665164492	634.3678563549984	1	0	2	1.579936056708382
47200.0	2000.0	434.367856354998	0.0	0	218.45591441434954	634.3678563550056	1	0	2	1.5799360567083787
48200.0	2000.0	463.7218922686299	29.354035913632345	0	36.06735387080698	663.721892268637	1	0	2	1.3891348232697687
49200.0	2000.0	463.7218922686352	0.0	0	336.4246072823371	663.721892268637	1	0	2	1.5652590387515628
50200.0	2000.0	463.7218922686376	0.0	0	329.095245480843	663.7218922686443	1	0	2	1.565259038751559
51200.0	2000.0	363.72189226863156	0.0	0	137.76648663101514	563.721892268637	1	0	3	1.1982648397082474
52200.0	2000.0	263.7218922686336	0.0	0	478.48537433936144	463.721892268637	1	0	3	1.446054444022086
53200.0	2000.0	317.36496619501276	53.643073926383124	0	335.6294794905916	517.3649661950185	1	0	2	1.1165790582300732
54200.0	2000.0	366.2160351141924	48.851068919183376	0	274.8894820921123	566.2160351142011	1	0	2	1.3209055538136807
55200.0	2000.0	366.21603511418266	0.0	0	478.14029148348345	566.2160351142011	1	0	2	1.614011967328781
56200.0	2000.0	297.54128190545305	28.47749708296817	0	275.5589210125472	497.54128190547635	1	0	3	1.0596097322610831
57200.0	2000.0	414.02465985964454	116.48337795418877	0	145.52379171110806	614.0246598596641	1	0	2	0.6912073872309163
58327.562720035494	3000.0	476.98885069297927	190.5269108688309	0	0.0	804.551570728494	1	0	2	0.3516827343086493
59200.0	3000.0	604.551570728473	0.0	0	124.38382024089515	804.5515707284867	1	0	2	1.9003093076298028
60200.0	3000.0	504.5515707284678	0.0	0	329.5257785416179	704.5515707284794	1	0	3	1.531688662661739
61200.0	2000.0	504.5515707284702	0.0	0	269.0882195608283	704.5515707284794	1	0	2	0.9393790914134769
62267.11577831691	2000.0	458.23892424623864	20.803131834680357	0	0.0	725.3547025631633	1	0	2	1.4096238425962173
63200.0	2000.0	432.06628039484724	0.0	0	89.44345997806522	632.0662803948653	1	0	3	1.166821436522178
64200.0	1000.0	432.06628039485383	0.0	0	448.1310663431723	632.0662803948653	1	0	2	-0.005207516431441739
65200.0	1000.0	432.06628039485145	0.0	0	601.993029040379	632.066280394858	1	0	2	0.8879396641285073
66523.11378840948	2000.0	473.21587061564657	364.26337863028084	0	0.0	996.3296590251412	1	0	2	-1.4797722969683174
67201.91714159811	2000.0	726.5321821081652	0.0	0	0.0	928.4493237062852	1	0	3	1.0245809081671158
68200.0	2000.0	628.6410378660945	0.0	0	273.4177301633463	828.6410378661094	1	0	3	1.2650922479262239
69200.0	2000.0	528.6410378660751	0.0	0	135.93083854322322	728.6410378660803	1	0	3	1.317038714295515
70200.0	2000.0	528.6410378660794	0.0	0	410.5136925168772	728.6410378660803	1	0	2	1.332799465952841
71200.0	2000.0	528.6410378660855	0.0	0	35.7572698641452	728.6410378660803	1	0	2	1.5327994659528412
72200.0	2000.0	528.6410378660963	0.0	0	186.8188307487435	728.6410378660948	1	0	2	1.532799465952834
73200.0	2000.0	528.6410378661081	0.0	0	430.6650475129427	728.6410378660948	1	0	2	1.532799465952834
74200.0	3000.0	428.6410378661211	0.0	0	90.86707316813408	628.6410378661094	1	0	3	1.1670318961345194
75392.89133805066	3000.0	403.8530795735536	168.10337975809244	0	0.0	796.7444176241988	1	0	2	0.6955926056333918
76287.72264952752	3000.0	472.01619703420454	47.70687280472214	0	0.0	759.738846561726	1	0	3	1.2245108225989365
77350.75548508663	3000.0	409.17980761682344	96.81793608876802	0	0.0	759.9352927034488	1	0	3	1.1287219279974445
78200.0	3000.0	559.9352927034475	0.0	0	243.15641682162823	759.9352927034342	1	0	2	1.722617446642329
79200.0	2000.0	459.9352927034597	0.0	0	368.2144292004523	659.9352927034488	1	0	3	0.743202927508744
80200.0	2000.0	459.93529270344675	0.0	0	78.48761830321746	659.9352927034488	1	0	2	1.3671523385341566
81200.0	3000.0	459.9352927034653	0.0	0	131.45124848415435	659.9352927034488	1	0	2	1.5671523385341573
82200.0	3000.0	501.29362880440794	41.35833610095011	0	16.43490239160019	701.2936288044002	1	0	2	1.7037882619861453
83200.0	2000.0	501.2936288044118	0.0	0	412.4598811470205	701.2936288044002	1	0	2	1.1410080623755166
84200.0	2000.0	501.2936288044034	0.0	0	88.38535196070734	701.2936288044002	1	0	2	1.5464731704836812
85200.0	2000.0	501.2936288043858	0.0	0	474.1526583948289	701.2936288044002	1	0	2	1.5464731704836812
86200.0	2000.0	501.29362880438975	0.0	0	139.80635416178848	701.2936288044002	1	0	2	1.5464731704836812
87200.0	2000.0	401.2936288044037	0.0	0	243.84305881112232	601.2936288044148	1	0	3	1.1787573810558676
88200.0	2000.0	401.29362880440766	0.0	0	234.7379943857377	601.2936288044148	1	0	2	1.396473170483674
89200.0	2000.0	401.2936288043996	0.0	0	245.1313718003512	601.2936288044002	1	0	2	1.5964731704836812
90214.48353085404	2000.0	461.79294113316604	74.98284318279138	0	0.0	676.276471987192	1	0	2	1.1090846897955369
91263.11502718464	3000.0	523.3748224732332	110.21337767068354	0	0.0	786.4898496578826	1	0	2	0.8425947940328389
92200.0	3000.0	586.4898496578694	0.0	0	265.84385158028454	786.4898496578826	1	0	2	1.9093401681651048
93200.0	2000.0	586.4898496578738	0.0	0	526.2441266324022	786.489849657868	1	0	2	1.0984099519487827
94200.0	2000.0	586.4898496578703	0.0	0	191.15590151654033	786.489849657868	1	0	2	1.5038750600569473
95200.0	2000.0	586.48984965787	0.0	0	498.85033517400734	786.4898496578535	1	0	2	1.5038750600569544
96200.0	2000.0	586.4898496578639	0.0	0	493.7540623934183	786.4898496578535	1	0	2	1.5038750600569544
97200.0	1000.0	586.4898496578619	0.0	0	710.643693868129	786.489849657868	1	0	2	0.11758069893705692
98200.0	1000.0	586.4898496578728	0.0	0	546.3101633584447	786.489849657868	1	0	2	0.8107278794970021
99200.0	1000.0	486.4898496578742	0.0	0	487.2156001685944	686.4898496578826	1	0	3	0.4412974001194282
100200.0	1000.0	386.48984965787315	0.0	0	667.0155488530436	586.4898496578535	1	0	3	0.6907278794970064
101200.0	1000.0	415.08572986319285	28.595880205325045	0	149.83318705108832	615.0857298631745	1	0	2	0.5248546581623985
102200.0	2000.0	462.14151789713355	47.055788033935244	0	61.88477951398818	662.1415178971074	1	0	2	0.5905673171737709
103200.0	2000.0	462.1415178971413	0.0	0	234.0959748062014	662.1415178971074	1	0	2	1.5660492259373275
104248.51011239948	2000.0	478.0232383534836	64.39183285581441	0	0.0	726.5333507529285	1	0	2	1.1475023123745305
105217.206835967	2000.0	509.3265147859879	0.0	0	0.0	726.5333507529431	1	0	2	1.5338533095094098
106200.0	2000.0	526.5333507529817	0.0	0	320.92421344533795	726.5333507529431	1	0	2	1.5338533095094098
107200.0	2000.0	526.5333507529936	0.0	0	61.41813851162442	726.5333507529576	1	0	2	1.5338533095094027
108200.0	2000.0	526.5333507530138	0.0	0	260.56263777567074	726.5333507529576	1	0	2	1.5338533095094027
109243.39544358183	2000.0	483.1379071711936	0.0	0	0.0	726.5333507529722	1	0	2	1.5338533095093954
110200.0	2000.0	526.5333507530203	0.0	0	195.16324448399246	726.5333507529576	1	0	2	1.5338533095094027
111200.0	2000.0	526.5333507530062	0.0	0	7.60034768274636	726.5333507529576	1	0	2	1.5338533095094027
112200.0	2000.0	526.5333507529881	0.0	0	351.7382405791868	726.5333507529431	1	0	2	1.5338533095094098
113200.0	2000.0	426.53335075298276	0.0	0	376.959127717957	626.5333507529576	1	0	3	1.1649508148828924
114200.0	2000.0	426.53335075297105	0.0	0	281.4901528522023	626.5333507529576	1	0	2	1.3838533095094023
115200.0	2000.0	426.5333507529898	0.0	0	459.9572521366499	626.5333507529576	1	0	2	1.5838533095094025
116200.0	1000.0	426.53335075298355	0.0	0	638.4878953706066	626.5333507529576	1	0	2	0.19755894838951213
117200.0	1000.0	426.5333507529717	0.0	0	715.805075477314	626.5333507529576	1	0	2	0.8907061289494573
118200.0	500.0	426.533350752984	0.0	0	709.2836167042988	626.5333507529576	1	0	2	-0.4955882321704336
119202.2400789312	1000.0	515.8400071759501	91.54673535416737	0	0.0	718.0800861071184	1	0	2	-0.39749483141257275
120200.0	1000.0	418.3040940002802	0.0	0	351.3495405148278	618.3040940002538	1	0	3	0.47599658327637195
121200.0	2000.0	318.3040940002789	0.0	0	324.8185877318174	518.3040940002538	1	0	3	0.7258472251471371
122381.70396436694	3000.0	435.3473464960407	298.74721686271016	0	0.0	817.051310862953	1	0	2	-0.5038889717218562
123547.06507183975	3000.0	314.9941972046456	146.85824448062482	0	0.0	862.0592690443882	1	0	3	0.5749561391977454
124254.93397530036	2000.0	645.5477396033345	99.28121473213272	0	0.0	900.4817149036971	1	0	3	0.23790243508418996
125200.0	2000.0	700.4817149036818	0.0	0	370.66834225237835	900.4817149036971	1	0	2	1.2468791274340327
126200.0	3000.0	700.4817149036766	0.0	0	162.8333525154594	900.4817149036971	1	0	2	1.4468791274340331
127219.12806892193	3000.0	681.353645981746	0.0	0	0.0	900.4817149037117	1	0	2	1.8523442355421904
128200.0	2000.0	700.481714903669	0.0	0	547.4212196957087	900.4817149037117	1	0	2	1.0414140193258608
129200.0	1000.0	600.4817149036774	0.0	0	602.108290888893	800.4817149037117	1	0	3	-0.309374447831522
130244.49798008971	2000.0	451.5339368049798	0.0	0	0.0	696.0319168947171	1	0	3	0.6424974390088309
131200.0	2000.0	442.54306179828586	38.237588086025426	0	82.48929339286406	642.5430617982929	1	0	3	1.1325185898887187
132473.02119126098	3000.0	426.5160073007104	256.9941367633885	0	0.0	899.5371985616803	1	0	2	-0.29461343497529097
133200.0	3000.0	626.8393176877994	0.0	0	64.35057011499885	826.8393176877871	1	0	3	1.4785680300315338
134200.0	3000.0	626.8393176877967	0.0	0	413.7035543429374	826.8393176877871	1	0	2	1.6891654341501525
135200.0	3000.0	626.8393176878233	0.0	0	397.3664273575705	826.8393176877871	1	0	2	1.8891654341501527
136200.0	2000.0	626.839317687833	0.0	0	504.9159352615534	826.8393176878162	1	0	2	1.0782352179338086
137200.0	2000.0	526.8393176878694	0.0	0	304.4340207888454	726.8393176878744	1	0	3	1.1158179860851287
138260.0802096024	2000.0	406.1281208605839	41.251848850335875	0	0.0	666.2083304630069	1	0	3	1.1044018112207956
139200.0	2000.0	466.208330462958	0.0	0	405.1375532191596	666.2083304629778	1	0	2	1.3640158196543921
140243.3243255468	2000.0	466.1849706618687	43.3009657457273	0	0.0	709.5092962087074	1	0	2	1.2825595423071638
141200.0	2000.0	509.5092962086695	0.0	0	219.60092744368012	709.5092962087074	1	0	2	1.5423653367815278
142283.0835269891	3000.0	426.42576921955697	0.0	0	0.0	709.5092962087074	1	0	2	1.5423653367815278
143252.27356507222	3000.0	515.8294653193421	58.593734182930575	0	0.0	768.1030303916486	1	0	2	1.5669711727006383
144200.0	3000.0	473.3303868987851	0.0	0	32.59962752202409	673.3303868988878	1	0	3	1.5523954191199145
145343.562557684	3000.0	352.02733275812716	124.1961448288348	0	0.0	695.5898904422356	1	0	3	0.9950779774914282
146200.0	3000.0	494.4162882700809	76.79103823595653	0	62.57678298422252	694.4162882702076	1	0	3	1.2820812850964565
147200.0	3000.0	494.41628827009913	0.0	0	361.33479479755624	694.4162882702367	1	0	2	1.7553769488589277
148200.0	3000.0	494.41628827008674	0.0	0	279.6791293460119	694.4162882702367	1	0	2	1.9553769488589279
149200.0	2000.0	494.41628827009026	0.0	0	199.9676407429215	694.4162882702367	1	0	2	1.1444467326425982
150200.0	2000.0	494.41628827011255	0.0	0	141.9744647797197	694.4162882702658	1	0	2	1.5499118407507484
151200.0	2000.0	494.41628827007753	0.0	0	320.8797448501282	694.4162882702658	1	0	2	1.5499118407507484
152200.0	2000.0	494.41628827010163	0.0	0	331.98170257825404	694.4162882702949	1	0	2	1.549911840750734
153200.0	2000.0	394.41628827008583	0.0	0	260.25223517551785	594.4162882702367	1	0	3	1.1820730513642888
154200.0	1000.0	394.41628827007787	0.0	0	418.2177196754201	594.4162882702367	1	0	2	0.01361747963087262
155200.0	1000.0	394.41628827006275	0.0	0	623.6013313596777	594.4162882702076	1	0	2	0.9067646601908325
156200.0	2000.0	440.321663525419	132.64125023212642	0	19.752420573320705	640.3216635255667	1	0	3	-0.32490619801530485
157200.0	2000.0	444.86540333969265	4.543739814282219	0	141.46278162387898	644.8654033398489	1	0	2	1.3474248443302632
158200.0	2000.0	444.86540333966036	0.0	0	403.4069813754177	644.8654033398489	1	0	2	1.5746872832159569
159200.0	3000.0	445.6660680368768	0.8006646971999771	0	22.265854226105148	645.6660680370696	1	0	2	1.5694829626841469
160200.0	3000.0	445.6660680368435	0.0	0	144.93964322059765	645.6660680370696	1	0	2	1.9797520589755113
161200.0	2000.0	445.6660680368434	0.0	0	560.0954825394147	645.6660680370696	1	0	2	1.1688218427591819
162200.0	2000.0	445.6660680368666	0.0	0	242.79656018791138	645.6660680370696	1	0	2	1.5742869508673465
163256.93296586975	3000.0	461.2713121651717	72.5382099980497	0	0.0	718.2042780351185	1	0	2	1.1027885858800244
164200.0	3000.0	518.2042780349291	0.0	0	184.15651125239674	718.2042780351185	1	0	2	1.943482953976487
165200.0	2000.0	518.2042780349434	0.0	0	495.87077317238436	718.2042780350894	1	0	2	1.132552737760172
166200.0	2000.0	518.2042780349093	0.0	0	297.71465926489327	718.2042780350894	1	0	2	1.5380178458683367
167200.0	1000.0	518.2042780348934	0.0	0	583.7710879787919	718.2042780350894	1	0	2	0.15172348474844632
168200.0	1000.0	518.2042780348945	0.0	0	534.8325363807962	718.2042780351185	1	0	2	0.8448706653083771
169200.0	2000.0	518.2042780348947	0.0	0	239.8693596108642	718.2042780351476	1	0	2	0.8448706653083623
170380.1487315725	2000.0	410.1843302860438	72.12878382362004	0	0.0	790.3330618587788	1	0	2	1.0691807510147804
171222.5880723659	2000.0	599.4443542939894	31.699364801362776	0	0.0	822.0324266601237	1	0	2	1.2959075827476427
172200.0	1000.0	622.0324266599101	0.0	0	573.7471960882249	822.0324266600946	1	0	2	0.09980941043594371
173200.0	1000.0	522.0324266598828	0.0	0	570.2773838244029	722.0324266600655	1	0	3	0.4230852270814245
174200.0	2000.0	522.0324266598893	0.0	0	102.24391367161297	722.0324266600655	1	0	2	0.6429565909959031
175200.0	2000.0	422.03242665990865	0.0	0	175.44801863789326	622.0324266600946	1	0	3	1.1691895380379773
176200.0	2000.0	422.0324266599026	0.0	0	360.957696299738	622.0324266600946	1	0	2	1.3861037715558338
177200.0	2000.0	422.0324266599159	0.0	0	445.6355085668911	622.0324266600655	1	0	2	1.5861037715558486
178200.0	2000.0	422.03242665991445	0.0	0	208.1226993164164	622.0324266600655	1	0	2	1.5861037715558486
179200.0	2000.0	422.0324266599192	0.0	0	127.96864441086655	622.0324266600655	1	0	2	1.5861037715558486
180200.0	2000.0	422.0324266598973	0.0	0	286.9407449889113	622.0324266600655	1	0	2	1.5861037715558486
181205.7647940375	2000.0	453.4258209604914	37.158188338085836	0	0.0	659.190614998166	1	0	2	1.3445755473582834
182200.0	1000.0	459.19061499800387	0.0	0	634.0898133009614	659.190614998166	1	0	2	0.18123031626690797
183200.0	1000.0	459.19061499800364	0.0	0	500.51764939550776	659.190614998166	1	0	2	0.8743774968268532
184200.0	1000.0	459.1906149980002	0.0	0	647.0454937466711	659.190614998166	1	0	2	0.8743774968268532
185200.0	1000.0	459.1906149979701	0.0	0	746.819162787724	659.190614998166	1	0	2	0.8743774968268532
186200.0	1000.0	459.1906149979866	0.0	0	734.7130088936538	659.190614998166	1	0	2	0.8743774968268532
187200.0	1000.0	459.19061499800364	0.0	0	404.4827564936422	659.190614998166	1	0	2	0.8743774968268532
188200.0	1000.0	459.1906149980098	0.0	0	497.90413817274384	659.190614998166	1	0	2	0.8743774968268532
189200.0	1000.0	459.1906149980083	0.0	0	229.58780465091695	659.190614998166	1	0	2	0.8743774968268532
190200.0	1000.0	459.19061499802774	0.0	0	407.3476066016883	659.1906149981951	1	0	2	0.8743774968268386
191296.206361398	2000.0	414.9156563392248	51.93140273922563	0	0.0	711.1220177374198	1	0	2	0.5368233790218724
192200.0	2000.0	513.778918958524	2.6569012212623306	0	112.13273031293647	713.7789189587056	1	0	2	1.5242891180789544
193200.0	2000.0	513.7789189584919	0.0	0	297.6955270660401	713.7789189586765	1	0	2	1.540230525406543
194200.0	2000.0	413.7789189584579	0.0	0	517.3382423396106	613.7789189586183	1	0	3	1.1707300008468324
195200.0	2000.0	413.77891895845437	0.0	0	264.6533647563483	613.7789189586183	1	0	2	1.3902305254065719
196200.0	2000.0	440.6805758356214	26.901656877156654	0	89.83588797034463	640.6805758357805	1	0	2	1.4153697557050513
197200.0	2000.0	440.680575835626	0.0	0	121.98691446665907	640.6805758358096	1	0	2	1.5767796969679764
198200.0	2000.0	456.22635211032775	15.545776274737705	0	133.9220333796111	656.2263521105342	1	0	2	1.475732151182188
199200.0	2000.0	456.22635211033185	0.0	0	119.4469743501104	656.2263521105633	1	0	2	1.5690068088305997
200200.0	2000.0	402.0732809138624	41.67902618503746	0	45.81155431433581	602.0732809141045	1	0	3	0.9317709517874357
201200.0	2000.0	402.07328091384807	0.0	0	237.6093975530821	602.0732809141045	1	0	2	1.396083344428829
202200.0	2000.0	462.04173248420796	59.96845157035568	0	4.314387229154818	662.0417324844748	1	0	2	1.2062884092215098
203200.0	2000.0	462.04173248421034	0.0	0	243.8405146599398	662.0417324844748	1	0	2	1.5660991186436442
204200.0	2000.0	462.041732484206	0.0	0	439.3169358399755	662.0417324844748	1	0	2	1.5660991186436442
205200.0	1000.0	462.04173248419113	0.0	0	711.0313970700954	662.0417324844748	1	0	2	0.1798047575237537
206200.0	1000.0	462.04173248416464	0.0	0	287.05829262550105	662.0417324844748	1	0	2	0.872951938083699
207200.0	2000.0	462.0417324841701	0.0	0	63.482022508978844	662.0417324844748	1	0	2	0.8729519380836989
208200.0	2000.0	462.0417324841744	0.0	0	448.1997357509681	662.0417324844748	1	0	2	1.5660991186436442
209200.0	2000.0	462.0417324841824	0.0	0	249.2524471715151	662.0417324844457	1	0	2	1.5660991186436584
210200.0	2000.0	462.04173248416316	0.0	0	359.40640462271404	662.0417324844457	1	0	2	1.5660991186436584
211200.0	2000.0	462.04173248414963	0.0	0	306.7717213766591	662.0417324844748	1	0	2	1.5660991186436442
212200.0	2000.0	462.04173248419306	0.0	0	165.19144994704402	662.0417324844748	1	0	2	1.5660991186436442
213200.0	1000.0	562.0417324841994	0.0	0	623.6272151518788	762.0417324845039	1	0	1	-0.05020711931585797
214200.0	1000.0	562.0417324841669	0.0	0	480.21135727866204	762.0417324845039	1	0	2	0.6229519380836842
215671.99221608546	2000.0	396.40913485784023	412.3262182433347	0	0.0	1068.4013509436045	1	0	3	-2.2177598336181714
216355.72548832986	2000.0	712.6758626134524	0.0	0	0.0	1068.4013509436045	1	0	2	1.1629193094140788
217200.0	2000.0	783.9738997762972	0.0	0	22.163032580312574	983.9738997766399	1	0	3	0.9932835518654373
218200.0	2000.0	683.9738997763161	0.0	0	152.53198495367542	883.9738997766399	1	0	3	1.2390294465794165
219200.0	2000.0	583.9738997763204	0.0	0	512.4053025959583	783.973899776669	1	0	3	1.2855978873298557
220200.0	2000.0	483.9738997763088	0.0	0	398.39535617805086	683.9738997766399	1	0	3	1.3362714968061506
221200.0	2000.0	483.9738997763036	0.0	0	358.76246807482676	683.9738997766399	1	0	2	1.3551330349975612
222200.0	2000.0	483.97389977631497	0.0	0	371.74867495999206	683.973899776669	1	0	2	1.5551330349975467
223200.0	2000.0	383.973899776326	0.0	0	178.46979511110112	583.9738997766981	1	0	3	1.1883157650674108
224200.0	2000.0	397.65700793971024	13.683108163377085	0	160.07634847291047	597.6570079400844	1	0	2	1.3161928319355765
225200.0	2000.0	397.65700793972735	0.0	0	281.73535238427576	597.6570079400844	1	0	2	1.598291480915839
226200.0	2000.0	397.65700793972405	0.0	0	541.0390691380308	597.6570079400844	1	0	2	1.598291480915839
227200.0	2000.0	397.6570079397178	0.0	0	512.6495084067283	597.6570079401135	1	0	2	1.5982914809158244
228200.0	2000.0	297.6570079397518	0.0	0	552.6078539342561	497.65700794011354	1	0	3	1.2285230370559288
229200.0	2000.0	493.51822434638257	195.86121640662907	0	27.117295234638732	693.5182243467134	1	0	2	0.1751935742727384
230200.0	2000.0	493.5182243463969	0.0	0	425.8553685930965	693.5182243467134	1	0	2	1.5503608727125244
231200.0	2000.0	493.51822434643293	0.0	0	491.85548257638584	693.5182243467134	1	0	2	1.5503608727125244
232200.0	2000.0	493.5182243464192	0.0	0	501.12434153209324	693.5182243467134	1	0	2	1.5503608727125244
233200.0	2000.0	493.51822434640565	0.0	0	101.9538321706932	693.5182243467134	1	0	2	1.5503608727125244
234200.0	2000.0	493.51822434640565	0.0	0	318.0789995220548	693.5182243467134	1	0	2	1.5503608727125244
235200.0	2000.0	493.5182243464234	0.0	0	113.19654364010785	693.5182243467134	1	0	2	1.5503608727125244
236200.0	2000.0	493.5182243464292	0.0	0	316.99409764420125	693.5182243467134	1	0	2	1.5503608727125244
237200.0	2000.0	493.5182243464443	0.0	0	326.8276499924541	693.5182243466843	1	0	2	1.5503608727125393
238200.0	2000.0	393.5182243464272	0.0	0	265.42664299573516	593.5182243466261	1	0	3	1.1821693232834365
239200.0	2000.0	293.51822434639814	0.0	0	332.2548826049024	493.5182243466261	1	0	3	1.4316083714561856
240200.0	3000.0	359.4853928075644	65.96716846118849	0	213.70382142651943	559.4853928078082	1	0	2	1.0215742777148464
241200.0	3000.0	359.4853928075581	0.0	0	356.4172963623423	559.4853928078082	1	0	2	2.022842396590142
242200.0	3000.0	359.4853928075478	0.0	0	357.07376109145116	559.4853928078082	1	0	2	2.022842396590142
243356.797886918	3000.0	396.37429840481275	193.68679251527487	0	0.0	753.1721853230847	1	0	2	0.7638782452408545
244228.43624846914	3000.0	558.4612941225762	33.72535726889237	0	0.0	786.8975425919634	1	0	2	1.7067841780847104
245234.2537745011	3000.0	653.2255206938357	0.0	0	0.0	887.4792951951677	1	0	1	1.6715322721979602
246200.0	3000.0	590.9046726450049	0.0	0	321.70100303087384	790.904672645207	1	0	3	1.2889523321305942
247200.0	2000.0	490.90467264500154	0.0	0	194.13015126180835	690.904672645207	1	0	3	0.9287398175343673
248200.0	1000.0	490.9046726449908	0.0	0	459.26410190202296	690.904672645207	1	0	2	-0.03462671255661276
249200.0	1000.0	490.90467264500444	0.0	0	531.920656215807	690.904672645207	1	0	2	0.8585204680033326
250267.23230756578	1000.0	561.6195378189637	137.94717273972583	0	0.0	828.8518453849247	1	0	2	-0.038136154804881195
251200.0	2000.0	628.8518453847389	0.0	0	171.26021845213836	828.8518453848956	1	0	2	0.7895468816334885
252200.0	2000.0	628.8518453847614	0.0	0	103.18698049584054	828.8518453848665	1	0	2	1.4826940621934481
253200.0	2000.0	528.851845384772	0.0	0	71.42691158480011	728.8518453848665	1	0	3	1.1188286134485996
254200.0	2000.0	528.8518453847585	0.0	0	19.797659641859354	728.8518453848665	1	0	2	1.332694062193448
255394.73754016127	2000.0	269.83470080118616	50.17649963074865	0	0.0	664.5722409625887	1	0	3	0.8468961267970225
256200.0	1000.0	464.5722409624602	0.0	0	256.17103375910665	664.5722409625887	1	0	2	-0.02146049671530348
257264.1307415042	2000.0	392.8497727562908	89.83758858948994	0	0.0	656.9805142606201	1	0	3	-0.0771605808339974
258200.0	2000.0	504.96435922110214	47.98384496062033	0	1.008502002194291	704.9643592212233	1	0	2	1.0567347355115475
259200.0	2000.0	504.9643592210989	0.0	0	102.44929230355774	704.9643592212233	1	0	2	1.5446378052752696
260200.0	2000.0	504.9643592211105	0.0	0	178.2429374200001	704.9643592212233	1	0	2	1.5446378052752696
261200.0	2000.0	504.9643592211189	0.0	0	372.19375591594144	704.9643592212233	1	0	2	1.5446378052752696
262200.0	2000.0	504.9643592210965	0.0	0	415.9501066580706	704.9643592212233	1	0	2	1.5446378052752696
263200.0	2000.0	504.964359221083	0.0	0	409.2903184668976	704.9643592211651	1	0	2	1.544637805275293
264200.0	3000.0	504.9643592210573	0.0	0	291.57591120997677	704.9643592211651	1	0	2	1.544637805275299
265200.0	2000.0	504.9643592210766	0.0	0	464.3422623433871	704.9643592211651	1	0	2	1.139172697167134
266200.0	1000.0	504.96435922105354	0.0	0	750.6692650917103	704.9643592211651	1	0	2	0.15834344415540846
267200.0	1000.0	504.9643592209977	0.0	0	494.9809180048178	704.9643592211069	1	0	2	0.8514906247153828
268200.0	1000.0	504.96435922101364	0.0	0	33.29555095254909	704.9643592211069	1	0	2	0.8514906247153828
269487.0120105475	2000.0	374.32740484134365	156.3750561677851	0	0.0	861.3394153889385	1	0	2	-0.16494724037524355
270290.80146933725	2000.0	574.718499849929	4.180553798369203	0	0.0	865.5199691873277	1	0	2	1.4392766775020023
271212.3594643042	3000.0	561.0047053862949	0.0	0	0.0	773.3641696906416	1	0	3	1.0994453806151283
272200.0	3000.0	474.60011612087527	0.0	0	184.17908073961735	674.6001161210006	1	0	3	1.7479475547649017
273200.0	3000.0	374.60011612087203	0.0	0	223.3608457094524	574.6001161210006	1	0	3	1.7983565333636935
274200.0	3000.0	374.60011612085657	0.0	0	289.01969581923913	574.6001161210006	1	0	2	1.8152850349335456
275200.0	3000.0	374.6001161207972	0.0	0	451.3679815984797	574.6001161209424	1	0	2	2.0152850349335747
276200.0	3000.0	432.2685099562391	57.66839383546693	0	154.6137893917039	632.268509956426	1	0	2	1.6404404750030315
277200.0	2000.0	432.2685099562202	0.0	0	382.3741743978462	632.268509956426	1	0	2	1.1755206217995036
278200.0	1000.0	432.2685099562667	0.0	0	704.1734134756261	632.268509956426	1	0	2	0.19469136878777793
279200.0	1000.0	432.2685099562259	0.0	0	259.8774011764908	632.268509956426	1	0	2	0.8878385493477231
280340.10512915876	2000.0	403.02265353991083	110.85927274242607	0	0.0	743.1277826988371	1	0	2	0.16725327652196126
281212.58180202055	3000.0	567.6461128965329	37.10013221837221	0	0.0	780.2279149172246	1	0	2	1.284405234117036
282200.0	3000.0	580.2279149170545	0.0	0	137.45866761245998	780.2279149172246	1	0	2	1.9124711355354338
283200.0	3000.0	580.2279149171154	0.0	0	419.2279804592836	780.2279149172828	1	0	2	1.9124711355354047
284200.0	3000.0	580.2279149170619	0.0	0	427.5914196855738	780.2279149172828	1	0	2	1.9124711355354047
285200.0	2000.0	480.2279149171327	0.0	0	695.3414299670258	680.227914917341	1	0	3	0.7315409193190457
286200.0	1000.0	380.22791491714366	0.0	0	616.0575143857277	580.2279149174574	1	0	3	0.0008064310547910014
287282.7448113809	2000.0	499.49910354225943	202.0160000060415	0	0.0	782.2439149233978	1	0	2	-0.5992451531720295
288200.0	1000.0	582.2439149231965	0.0	0	560.9908859754796	782.2439149233978	1	0	2	0.11970366630429208
289200.0	1000.0	482.24391492320467	0.0	0	433.97242660005577	682.2439149233978	1	0	3	0.44352654833129534
290200.0	2000.0	382.2439149231586	0.0	0	282.0517436534865	582.2439149232814	1	0	3	0.6948588010685872
291200.0	2000.0	382.2439149231657	0.0	0	342.2822582304361	582.2439149232814	1	0	2	1.4059980274242403
292200.0	2000.0	382.24391492317375	0.0	0	354.7396487243823	582.2439149232814	1	0	2	1.6059980274242405
293200.0	2000.0	382.2439149231792	0.0	0	197.22266823693644	582.2439149232814	1	0	2	1.6059980274242405
294200.0	3000.0	459.16914487628424	76.92522995313772	0	50.68532404565485	659.1691448764177	1	0	2	1.1059840327288462
295200.0	3000.0	459.1691448762599	0.0	0	153.51677328790538	659.1691448764177	1	0	2	1.973000520555837
296235.3106479006	3000.0	471.141091989615	47.282595013986565	0	0.0	706.4517398904427	1	0	2	1.6656636529649052
297200.0	3000.0	506.45173989024283	0.0	0	282.9003786331159	706.4517398904427	1	0	2	1.9493592230488246
298200.0	2000.0	506.45173989027785	0.0	0	480.0267372800736	706.4517398904427	1	0	2	1.1384290068324954
299200.0	2000.0	506.45173989021407	0.0	0	180.2076425163541	706.4517398904427	1	0	2	1.54389411494066
300200.0	2000.0	506.4517398901928	0.0	0	151.35248748090817	706.4517398904427	1	0	2	1.54389411494066
2.33	2.43	2.57	3.26	2.75	3.53	4.19	4.22	2.86	3.46	4.39	4.69	2.97	2.53	1.76	2.8	1.88	1.67	3.02	1.97	2.28	3.1	3.05	3.56	3.27	2.59	2.7	2.44	2.41	2.11	2.94	3.86	3.98	1.69	2.05	1.03	1.36	2.28	2.28	2.36	3.22	3.1	2.75	2.57	2.36	2.55	2.54	3.45	2.58	2.85	3.42	3.05	1.89	2.61	3.59	3.78	3.1	2.51	2.72	2.53	2.31	1.33	2.44	2.81	2.81	3.39	2.81	2.54	2.77	3.01	3.2	3.45	3.61	4.38	4.0	2.12	3.0	4.05	4.45	2.57	3.13	2.91	3.42	3.29	2.9	2.48	3.26	4.12	5.11	3.41	3.26	3.13	3.63	2.75	2.56	2.59	0.93	2.71	2.34	1.88	2.15	2.34	2.04	2.14	2.21	2.8	2.1	2.98	3.17	3.41	3.34	3.86	3.5	2.21	1.09	1.81	2.53	2.9	3.36	3.29	3.85	4.59	3.8	3.6	2.82	1.9	2.22	2.87	3.79	4.48	5.51	5.76	2.88	1.51	3.2	2.28	2.69	2.77	3.06	3.01	3.6	3.76	4.01	4.38	3.44	2.7	2.56	2.42	2.55	1.71	2.33	2.43	2.57	3.26	2.75	3.53	4.19	4.22	2.86	3.46	4.39	4.69	2.97	2.53	1.76	2.8	1.88	1.67	3.02	1.97	2.28	3.1	3.05	3.56	3.27	2.59	2.7	2.44	2.41	2.11	2.94	3.86	3.98	1.69	2.05	1.03	1.36	2.28	2.28	2.36	3.22	3.1	2.75	2.57	2.36	2.55	2.54	3.45	2.58	2.85	3.42	3.05	1.89	2.61	3.59	3.78	3.1	2.51	2.72	2.53	2.31	1.33	2.44	2.81	2.81	3.39	2.81	2.54	2.77	3.01	3.2	3.45	3.61	4.38	4.0	2.12	3.0	4.05	4.45	2.57	3.13	2.91	3.42	3.29	2.9	2.48	3.26	4.12	5.11	3.41	3.26	3.13	3.63	2.75	2.56	2.59	0.93	2.71	2.34	1.88	2.15	2.34	2.04	2.14	2.21	2.8	2.1	2.98	3.17	3.41	3.34	3.86	3.5	2.21	1.09	1.81	2.53	2.9	3.36	3.29	3.85	4.59	3.8	3.6	2.82	1.9	2.22	2.87	3.79	4.48	5.51	5.76	2.88	1.51	3.2	2.28	2.69	2.77	3.06	3.01	3.6	3.76	4.01	4.38	3.44	2.7	2.56	2.42
1.0	2.0	3.0	4.0	5.0	6.0	7.0	8.0	9.0	10.0	11.0	12.0	13.0	14.0	15.0	16.0	17.0	18.0	19.0	20.0	21.0	22.0	23.0	24.0	25.0	26.0	27.0	28.0	29.0	30.0	31.0	32.0	33.0	34.0	35.0	36.0	37.0	38.0	39.0	40.0	41.0	42.0	43.0	44.0	45.0	46.0	47.0	48.0	49.0	50.0	51.0	52.0	53.0	54.0	55.0	56.0	57.0	58.0	59.0	60.0	61.0	62.0	63.0	64.0	65.0	66.0	67.0	68.0	69.0	70.0	71.0	72.0	73.0	74.0	75.0	76.0	77.0	78.0	79.0	80.0	81.0	82.0	83.0	84.0	85.0	86.0	87.0	88.0	89.0	90.0	91.0	92.0	93.0	94.0	95.0	96.0	97.0	98.0	99.0	100.0	101.0	102.0	103.0	104.0	105.0	106.0	107.0	108.0	109.0	110.0	111.0	112.0	113.0	114.0	115.0	116.0	117.0	118.0	119.0	120.0	121.0	122.0	123.0	124.0	125.0	126.0	127.0	128.0	129.0	130.0	131.0	132.0	133.0	134.0	135.0	136.0	137.0	138.0	139.0	140.0	141.0	142.0	143.0	144.0	145.0	146.0	147.0	148.0	149.0	149.0	150.0	151.0	152.0	153.0	154.0	155.0	156.0	157.0	158.0	159.0	160.0	161.0	162.0	163.0	164.0	165.0	166.0	167.0	168.0	169.0	170.0	171.0	172.0	173.0	174.0	175.0	176.0	177.0	178.0	179.0	180.0	181.0	182.0	183.0	184.0	185.0	186.0	187.0	188.0	189.0	190.0	191.0	192.0	193.0	194.0	195.0	196.0	197.0	198.0	199.0	200.0	201.0	202.0	203.0	204.0	205.0	206.0	207.0	208.0	209.0	210.0	211.0	212.0	213.0	214.0	215.0	216.0	217.0	218.0	219.0	220.0	221.0	222.0	223.0	224.0	225.0	226.0	227.0	228.0	229.0	230.0	231.0	232.0	233.0	234.0	235.0	236.0	237.0	238.0	239.0	240.0	241.0	242.0	243.0	244.0	245.0	246.0	247.0	248.0	249.0	250.0	251.0	252.0	253.0	254.0	255.0	256.0	257.0	258.0	259.0	260.0	261.0	262.0	263.0	264.0	265.0	266.0	267.0	268.0	269.0	270.0	271.0	272.0	273.0	274.0	275.0	276.0	277.0	278.0	279.0	280.0	281.0	282.0	283.0	284.0	285.0	286.0	287.0	288.0	289.0	290.0	291.0	292.0	293.0	294.0	295.0	296.0	297.0
4148.194530053729
