5085.405128981095	300.0	2000.0	557.2323671448756	0	0.0	5085.405128981095	1	0	1	-4.371985951144831
5418.3548145843415	300.0	2633.7553458364264	0.0	0	0.0	5052.110160420769	1	0	2	-1.3470974734579673
5997.934291121495	300.0	2996.2179216455575	0.0	0	0.0	4994.152212767054	1	0	2	-1.131038658867944
6926.428609342787	300.0	2974.874171602136	0.0	0	0.0	4901.302780944923	1	0	2	-1.1031324666738838
7462.994884399351	300.0	3384.6512690399168	0.0	0	0.0	4847.646153439267	1	0	2	-1.0119343140621542
7826.094474599037	300.0	3985.241719820262	0.0	0	0.0	4811.3361944193	1	0	2	-0.9665232117518043
8270.601705033916	300.0	4496.283766341896	0.0	0	0.0	4766.885471375811	1	0	2	-0.9434691357759334
9200.0	500.0	4473.945641879202	0.0	0	420.8060209756968	4673.9456418792015	1	0	2	-0.9476498926862026
10200.0	500.0	4373.945641879203	0.0	0	597.0252032953977	4573.945641879202	1	0	2	-0.3794801159241829
11200.0	500.0	4273.945641879202	0.0	0	712.7946097766944	4473.9456418792015	1	0	2	-0.31749451775746357
12200.0	500.0	4173.945641879201	0.0	0	491.64946028628765	4373.9456418792	1	0	2	-0.25868712151024903
13200.0	500.0	4073.9456418791992	0.0	0	591.8887400073891	4273.945641879198	1	0	2	-0.20458352894345233
14200.0	500.0	3973.945641879197	0.0	0	349.1517266803148	4173.945641879196	1	0	2	-0.15263441703885172
15200.0	500.0	3873.945641879196	0.0	0	610.1211242895733	4073.945641879194	1	0	2	-0.1061986654831017
16200.0	500.0	3773.945641879194	0.0	0	452.59127239519694	3973.9456418791924	1	0	2	-0.0614580160503548
17200.0	500.0	3673.9456418791915	0.0	0	437.09915625420035	3873.9456418791888	1	0	2	-0.020627925703779765
18252.608600070394	1000.0	3516.076181801758	0.0	0	0.0	3768.684781872151	1	0	2	0.01801587511951716
19218.50210557132	1000.0	3453.5933257507418	0.0	0	0.0	3672.0954313220573	1	0	2	0.7539456855957535
20200.0	1000.0	3373.9456418791915	0.0	0	322.6723492970559	3573.9456418791924	1	0	2	0.779683812781394
21200.0	1000.0	3273.94564187919	0.0	0	416.15588690104414	3473.9456418791924	1	0	2	0.8068845556594803
22200.0	1000.0	3173.9456418791856	0.0	0	476.9432270659854	3373.945641879185	1	0	2	0.8339986582483543
23375.07762578355	1000.0	2881.360253517281	0.0	0	0.0	3256.437879300829	1	0	2	0.8472355381326117
24382.532146889185	1000.0	2773.160280301081	0.0	0	0.0	3155.692427190268	1	0	2	0.8883824960188316
25295.84576999298	1000.0	2768.515294886909	0.0	0	0.0	3064.361064879886	1	0	2	0.9173620664987913
26200.0	1000.0	2773.94564187918	0.0	0	51.824162567572785	2973.945641879178	1	0	2	0.9337495602619346
27200.0	1000.0	2673.9456418791774	0.0	0	629.5941094928785	2873.9456418791706	1	0	2	0.939057576268244
28200.0	1000.0	2573.945641879178	0.0	0	422.1185963255375	2773.945641879174	1	0	2	0.9553223550229281
29200.0	1000.0	2473.9456418791756	0.0	0	146.70648492642795	2673.945641879174	1	0	2	0.9706572643510167
30200.0	1000.0	2373.945641879173	0.0	0	414.13086923203446	2573.945641879174	1	0	2	0.9830773862534405
31200.0	1000.0	2273.945641879172	0.0	0	558.6956351207009	2473.945641879174	1	0	2	0.9950414500708601
32200.0	1000.0	2173.94564187917	0.0	0	386.5726315207867	2373.945641879174	1	0	2	1.0062035062336092
33200.0	1000.0	2073.945641879167	0.0	0	481.9688653263038	2273.945641879174	1	0	2	1.0161510071704134
34200.0	1000.0	1973.945641879171	0.0	0	598.4404044582625	2173.9456418791815	1	0	2	1.025103166861511
35200.0	1000.0	1873.9456418791654	0.0	0	537.5361754666155	2073.945641879174	1	0	2	1.0334427391776868
36200.0	1000.0	1773.9456418791672	0.0	0	268.02180385978136	1973.945641879167	1	0	2	1.0411546654537411
37488.99841907465	1000.0	1356.0473808970537	0.0	0	0.0	1845.0457999716964	1	0	2	1.020889245774846
38433.78422218467	1000.0	1316.782997476029	0.0	0	0.0	1750.5672196606974	1	0	2	1.062112131820973
39200.0	1000.0	1473.9456418791692	0.0	0	152.9659796169799	1673.945641879167	1	0	2	1.0836443361849364
40200.0	1000.0	1473.9456418791704	0.0	0	494.15965494055126	1673.9456418791597	1	0	1	0.9616747901795095
41200.0	1000.0	1473.9456418791729	0.0	0	552.4510907266667	1673.9456418791597	1	0	1	1.1616747901795097
42200.0	1000.0	1473.9456418791756	0.0	0	429.8000715922608	1673.9456418791597	1	0	1	1.1616747901795097
43200.0	1000.0	1473.945641879172	0.0	0	150.41566108284314	1673.9456418791597	1	0	1	1.1616747901795097
44200.0	1000.0	1473.945641879173	0.0	0	402.3037187002701	1673.9456418791597	1	0	1	1.1616747901795097
45200.0	1000.0	1473.94564187918	0.0	0	389.42315777439217	1673.9456418791597	1	0	1	1.1616747901795097
46200.0	1000.0	1473.9456418791835	0.0	0	328.9107704918424	1673.9456418791597	1	0	1	1.1616747901795097
47200.0	1000.0	1473.945641879188	0.0	0	389.0694516212243	1673.9456418791597	1	0	1	1.1616747901795097
48200.0	1000.0	1473.9456418791829	0.0	0	290.3867766998301	1673.9456418791597	1	0	1	1.1616747901795097
49200.0	1000.0	1473.9456418791829	0.0	0	260.00603347676224	1673.945641879167	1	0	1	1.1616747901795093
50200.0	1000.0	1473.945641879194	0.0	0	496.96797859794606	1673.9456418791742	1	0	1	1.1616747901795088
51200.0	1000.0	1473.9456418791854	0.0	0	534.5808438936583	1673.945641879167	1	0	1	1.1616747901795093
52200.0	1000.0	1473.9456418791815	0.0	0	387.65499319977243	1673.9456418791742	1	0	1	1.1616747901795088
53200.0	1000.0	1473.9456418791788	0.0	0	288.05534991545574	1673.945641879167	1	0	1	1.1616747901795093
54200.0	1000.0	1473.9456418791835	0.0	0	314.843574166327	1673.945641879167	1	0	1	1.1616747901795093
55249.82586551055	1000.0	1424.1197763686318	0.0	0	0.0	1673.945641879167	1	0	1	1.1616747901795093
56200.0	1000.0	1473.9456418791824	0.0	0	188.9794264838929	1673.945641879167	1	0	1	1.1616747901795093
57200.0	1000.0	1473.9456418791895	0.0	0	209.45561013222323	1673.945641879167	1	0	1	1.1616747901795093
58200.0	1000.0	1473.945641879189	0.0	0	186.02934678129532	1673.945641879167	1	0	1	1.1616747901795093
59200.0	1000.0	1473.9456418791922	0.0	0	187.36490911887086	1673.945641879167	1	0	1	1.1616747901795093
60530.82381934284	1000.0	1143.1218225363546	0.0	0	0.0	1673.9456418791597	1	0	1	1.1616747901795097
62524.751867238076	1000.0	295.5296952747681	146.33592063365208	0	0.0	1820.2815625128496	1	0	1	0.2779723727663582
63098.370594713255	500.0	721.9109677995921	0.0	0	0.0	1820.281562512857	1	0	1	-0.2327197403078049
63802.13275545787	500.0	1018.1488070549741	0.0	0	0.0	1820.281562512857	1	0	1	0.46042744025214044
64257.02281811795	500.0	1563.2587443948998	0.0	0	0.0	1820.2815625128642	1	0	1	0.46042744025214
65200.0	500.0	1620.2815625128515	0.0	0	487.46606072551367	1820.2815625128642	1	0	1	0.46042744025214
66200.0	500.0	1620.2815625128594	0.0	0	547.6518293131157	1820.2815625128787	1	0	1	0.46042744025213944
67200.0	500.0	1620.2815625128546	0.0	0	136.4510662216053	1820.2815625128715	1	0	1	0.46042744025213983
68206.14918881652	500.0	1614.1323736963282	0.0	0	0.0	1820.2815625128715	1	0	1	0.4604274402521396
69200.0	500.0	1620.2815625128537	0.0	0	315.28907925578824	1820.2815625128715	1	0	1	0.4604274402521396
70200.0	500.0	1620.2815625128471	0.0	0	154.5348941052216	1820.2815625128715	1	0	1	0.4604274402521396
71200.0	500.0	1620.281562512847	0.0	0	330.29818791145226	1820.2815625128715	1	0	1	0.4604274402521396
72200.0	500.0	1620.2815625128403	0.0	0	630.5027773608163	1820.281562512886	1	0	1	0.4604274402521388
73200.0	500.0	1620.2815625128426	0.0	0	579.6853307272104	1820.2815625129006	1	0	1	0.4604274402521379
74200.0	500.0	1620.281562512829	0.0	0	671.461370484627	1820.2815625129006	1	0	1	0.4604274402521379
75200.0	500.0	1620.2815625128362	0.0	0	363.47269312970457	1820.2815625129006	1	0	1	0.4604274402521379
76200.0	500.0	1620.281562512844	0.0	0	568.2892370466143	1820.281562512886	1	0	1	0.4604274402521388
77200.0	500.0	1620.2815625128385	0.0	0	452.3310322147008	1820.281562512886	1	0	1	0.4604274402521388
78200.0	500.0	1620.2815625128453	0.0	0	620.5819760751183	1820.281562512886	1	0	1	0.4604274402521388
79271.8455872154	1000.0	1548.4359752974472	0.0	0	0.0	1820.281562512886	1	0	1	0.46042744025213883
80200.0	500.0	1620.2815625128494	0.0	0	91.48840860827477	1820.2815625128715	1	0	1	-0.23271974030780573
81200.0	1000.0	1620.2815625128612	0.0	0	413.26935154663806	1820.281562512857	1	0	1	0.4604274402521405
82200.0	1000.0	1620.2815625128821	0.0	0	544.4502982454142	1820.281562512857	1	0	1	1.1535746208120858
83200.0	1000.0	1620.2815625128824	0.0	0	253.5202571758564	1820.281562512857	1	0	1	1.1535746208120858
84200.0	1000.0	1620.2815625128944	0.0	0	532.4185228155111	1820.281562512857	1	0	1	1.1535746208120858
85200.0	1000.0	1620.2815625128992	0.0	0	412.71600609022425	1820.281562512857	1	0	1	1.1535746208120858
86200.0	1000.0	1620.2815625128922	0.0	0	193.22528779610002	1820.281562512857	1	0	1	1.1535746208120858
87200.0	1000.0	1620.2815625128721	0.0	0	425.77348242202424	1820.281562512857	1	0	1	1.1535746208120858
88225.99725567873	1000.0	1594.284306834151	0.0	0	0.0	1820.281562512857	1	0	1	1.1535746208120858
89200.0	1000.0	1620.2815625128828	0.0	0	188.67170650298067	1820.281562512857	1	0	1	1.1535746208120858
90200.0	1000.0	1620.2815625128644	0.0	0	306.5536429509957	1820.281562512857	1	0	1	1.1535746208120858
91200.0	1000.0	1620.2815625128594	0.0	0	452.34018404643575	1820.281562512857	1	0	1	1.1535746208120858
92200.0	1000.0	1620.2815625128674	0.0	0	415.3057428174652	1820.281562512857	1	0	1	1.1535746208120858
93200.0	1000.0	1620.281562512856	0.0	0	256.3068650486239	1820.281562512857	1	0	1	1.1535746208120858
94200.0	1000.0	1620.281562512845	0.0	0	610.7845369743445	1820.2815625128424	1	0	1	1.1535746208120867
95200.0	1000.0	1620.2815625128358	0.0	0	434.86731282227265	1820.2815625128424	1	0	1	1.1535746208120867
96200.0	1000.0	1620.2815625128312	0.0	0	423.2429316868511	1820.281562512857	1	0	1	1.1535746208120858
97200.0	1000.0	1620.2815625128171	0.0	0	476.0716732907895	1820.281562512857	1	0	1	1.1535746208120858
98200.0	1000.0	1620.28156251283	0.0	0	48.61944778756879	1820.2815625128715	1	0	1	1.1535746208120852
99200.0	1000.0	1620.2815625128073	0.0	0	428.1353421640233	1820.2815625128715	1	0	1	1.1535746208120852
100200.0	1000.0	1620.2815625128144	0.0	0	176.84011151794402	1820.281562512886	1	0	1	1.1535746208120843
101463.20544242508	1000.0	1357.0761200877268	0.0	0	0.0	1820.281562512886	1	0	1	1.1535746208120843
102713.39221663699	1000.0	1106.8893458758148	0.0	0	0.0	1820.281562512886	1	0	1	1.1535746208120843
103990.9744384895	1000.0	829.3071240233076	0.0	0	0.0	1820.281562512886	1	0	1	1.1535746208120843
105058.15067368349	1000.0	762.1308888293087	0.0	0	0.0	1820.281562512886	1	0	1	1.1535746208120843
105918.26741044306	1000.0	902.0141520697421	0.0	0	0.0	1820.281562512886	1	0	1	1.1535746208120843
106983.38731537288	1000.0	836.8942471399123	0.0	0	0.0	1820.281562512886	1	0	1	1.1535746208120843
108653.04492445807	1000.0	314.3824949596004	147.14585690487965	0	0.0	1967.4274194176687	1	0	1	0.2625423992841103
109384.7301385462	500.0	688.6737804247911	105.97649955334379	0	0.0	2073.4039189710165	1	0	1	-0.8856086691395937
109914.05907554542	500.0	1159.3448434255733	0.0	0	0.0	2073.4039189710165	1	0	1	0.4433975087404144
110270.12652804292	500.0	1803.277390928081	0.0	0	0.0	2073.403918971002	1	0	1	0.4433975087404155
111200.0	500.0	1873.403918971008	0.0	0	485.84902603288356	2073.403918971002	1	0	1	0.4433975087404155
112200.0	500.0	1873.4039189710106	0.0	0	518.4613661477051	2073.403918971002	1	0	1	0.4433975087404155
113200.0	500.0	1873.403918971024	0.0	0	523.897224672095	2073.403918971002	1	0	1	0.4433975087404155
114200.0	500.0	1873.403918971028	0.0	0	611.1111770166026	2073.403918971002	1	0	1	0.4433975087404155
115200.0	500.0	1873.4039189710059	0.0	0	486.60089493496343	2073.403918971002	1	0	1	0.4433975087404155
116200.0	500.0	1873.4039189709958	0.0	0	611.5526601698075	2073.403918971002	1	0	1	0.4433975087404155
117200.0	500.0	1873.4039189709983	0.0	0	617.0524714472849	2073.403918971002	1	0	1	0.4433975087404155
118200.0	1000.0	1873.4039189710081	0.0	0	266.01501616838505	2073.403918971002	1	0	1	0.44339750874041556
119200.0	1000.0	1873.4039189710063	0.0	0	266.3666738413449	2073.4039189709874	1	0	1	1.1365446893003621
120200.0	1000.0	1873.4039189710145	0.0	0	316.7560245140776	2073.4039189709874	1	0	1	1.1365446893003621
121200.0	1000.0	1873.4039189710188	0.0	0	240.08531508545275	2073.4039189709874	1	0	1	1.1365446893003621
122200.0	1000.0	1873.4039189710172	0.0	0	385.80176257783023	2073.4039189709874	1	0	1	1.1365446893003621
123307.97933665742	1000.0	1765.4245823136152	0.0	0	0.0	2073.4039189709874	1	0	1	1.1365446893003621
124433.52974204393	1000.0	1639.8741769270973	0.0	0	0.0	2073.4039189709874	1	0	1	1.1365446893003621
125200.0	1000.0	1873.4039189710313	0.0	0	105.29259493446443	2073.4039189709874	1	0	1	1.1365446893003621
126200.0	1000.0	1873.4039189710213	0.0	0	224.89295060279255	2073.4039189709874	1	0	1	1.1365446893003626
127200.0	1000.0	1873.403918970999	0.0	0	398.922408186816	2073.4039189709874	1	0	1	1.1365446893003621
128200.0	1000.0	1873.4039189709838	0.0	0	311.99805185633886	2073.4039189709874	1	0	1	1.1365446893003621
129200.0	1000.0	1873.4039189709936	0.0	0	206.92021949785703	2073.403918971002	1	0	1	1.136544689300361
130200.0	1000.0	1873.4039189709947	0.0	0	74.8451272991515	2073.4039189709874	1	0	1	1.1365446893003621
131200.0	1000.0	1873.403918970983	0.0	0	150.36273174079543	2073.403918970973	1	0	1	1.1365446893003623
132350.2595702433	1000.0	1723.1443487277058	0.0	0	0.0	2073.4039189709874	1	0	1	1.1365446893003635
133211.4138692219	1000.0	1861.990049749123	0.0	0	0.0	2073.4039189709874	1	0	1	1.1365446893003626
134370.3284788062	1000.0	1703.0754401648567	0.0	0	0.0	2073.4039189709874	1	0	1	1.1365446893003621
135562.59738406644	1000.0	1510.8065349045867	0.0	0	0.0	2073.4039189709874	1	0	1	1.1365446893003621
136597.53032915897	1000.0	1475.8735898120765	0.0	0	0.0	2073.4039189709874	1	0	1	1.1365446893003621
137472.9903477882	1000.0	1600.4135711828308	0.0	0	0.0	2073.4039189709874	1	0	1	1.1365446893003621
138215.00938773892	1000.0	1858.394531232112	0.0	0	0.0	2073.4039189709583	1	0	1	1.1365446893003643
139268.3478810379	1000.0	1805.0560379331587	0.0	0	0.0	2073.4039189709583	1	0	1	1.1365446893003643
140200.0	1000.0	1873.4039189710352	0.0	0	15.55517608197988	2073.4039189709583	1	0	1	1.1365446893003643
141200.0	1000.0	1873.4039189710527	0.0	0	461.3899194573751	2073.4039189709583	1	0	1	1.1365446893003643
142475.99012270354	1000.0	1597.41379626747	0.0	0	0.0	2073.4039189709583	1	0	1	1.1365446893003643
143356.40319162313	1000.0	1717.000727347874	0.0	0	0.0	2073.4039189709583	1	0	1	1.1365446893003643
144200.0	1000.0	1873.4039189709958	0.0	0	49.251084655639715	2073.4039189709583	1	0	1	1.1365446893003643
145236.75822150847	1000.0	1836.645697462527	0.0	0	0.0	2073.403918970929	1	0	1	1.1365446893003666
146200.0	1000.0	1873.4039189710218	0.0	0	354.9527376170154	2073.403918970929	1	0	1	1.1365446893003666
147200.0	1000.0	1873.403918971022	0.0	0	279.9781601621653	2073.403918970929	1	0	1	1.1365446893003666
148200.0	1000.0	1873.4039189710134	0.0	0	452.74606974760536	2073.403918970929	1	0	1	1.1365446893003666
149200.0	1000.0	1873.403918971006	0.0	0	464.71937008271925	2073.403918970929	1	0	1	1.1365446893003666
150200.0	1000.0	1873.4039189710409	0.0	0	150.88324384734733	2073.403918970929	1	0	1	1.1365446893003666
151291.06477152163	1000.0	1782.3391474494153	0.0	0	0.0	2073.4039189709583	1	0	1	1.1365446893003643
152200.0	1000.0	1873.4039189710534	0.0	0	324.7606853192556	2073.4039189709583	1	0	1	1.1365446893003643
153200.0	1000.0	1873.403918971057	0.0	0	63.47083280512015	2073.4039189709583	1	0	1	1.1365446893003643
154200.0	1000.0	1873.4039189710759	0.0	0	390.25579965490033	2073.4039189709874	1	0	1	1.1365446893003621
155213.14363593122	1000.0	1860.2602830398414	0.0	0	0.0	2073.4039189709874	1	0	1	1.1365446893003621
156200.0	1000.0	1873.4039189710263	0.0	0	137.51291110398597	2073.4039189709874	1	0	1	1.1365446893003621
157200.0	1000.0	1873.4039189710109	0.0	0	49.84117992321262	2073.4039189709874	1	0	1	1.1365446893003621
158238.09315933436	1000.0	1835.3107596366624	0.0	0	0.0	2073.4039189709874	1	0	1	1.1365446893003621
159200.0	1000.0	1873.4039189710072	0.0	0	252.39600226530456	2073.4039189709874	1	0	1	1.1365446893003621
160215.74616528495	1000.0	1857.6577536860602	0.0	0	0.0	2073.4039189709874	1	0	1	1.1365446893003621
161200.0	1000.0	1873.4039189709997	0.0	0	254.9270212543197	2073.4039189709874	1	0	1	1.1365446893003621
162200.0	1000.0	1873.403918970985	0.0	0	104.43995959989843	2073.4039189709874	1	0	1	1.1365446893003621
163200.0	1000.0	1873.4039189709952	0.0	0	241.67200221287203	2073.4039189709874	1	0	1	1.1365446893003621
164200.0	1000.0	1873.4039189709927	0.0	0	395.2084243315621	2073.4039189709874	1	0	1	1.1365446893003621
165200.0	1000.0	1873.4039189709665	0.0	0	467.2178226656979	2073.4039189709874	1	0	1	1.1365446893003621
166200.0	1000.0	1873.4039189709645	0.0	0	215.09241799867596	2073.4039189709583	1	0	1	1.1365446893003643
167200.0	1000.0	1873.4039189709288	0.0	0	272.4027287562494	2073.4039189709583	1	0	1	1.1365446893003643
168200.0	1000.0	1873.4039189709554	0.0	0	51.830407321598614	2073.4039189709583	1	0	1	1.1365446893003643
169200.0	1000.0	1873.4039189709715	0.0	0	164.70195227712975	2073.4039189709583	1	0	1	1.1365446893003643
170200.0	1000.0	1873.4039189710038	0.0	0	248.75421695565456	2073.4039189709583	1	0	1	1.1365446893003643
171200.0	1000.0	1873.4039189709938	0.0	0	47.17995249302476	2073.403918970929	1	0	1	1.1365446893003666
172200.0	1000.0	1873.4039189709927	0.0	0	421.1548667594325	2073.403918970929	1	0	1	1.1365446893003666
173200.0	1000.0	1873.403918971017	0.0	0	464.5879470287473	2073.403918970929	1	0	1	1.1365446893003666
174200.0	1000.0	1873.4039189710074	0.0	0	646.7098387102305	2073.403918970929	1	0	1	1.1365446893003666
175200.0	1000.0	1873.4039189710038	0.0	0	558.8471403903386	2073.403918970929	1	0	1	1.1365446893003666
176200.0	1000.0	1873.4039189710197	0.0	0	378.5238071780186	2073.403918970929	1	0	1	1.1365446893003666
177893.69629997155	1000.0	1179.707618999474	0.0	0	0.0	2073.4039189709	1	0	1	1.1365446893003686
178602.3894289261	1000.0	1471.0144900449213	0.0	0	0.0	2073.4039189709	1	0	1	1.1365446893003686
179308.71557196655	1000.0	1764.688347004506	0.0	0	0.0	2073.4039189709	1	0	1	1.1365446893003686
180200.0	1000.0	1873.40391897105	0.0	0	408.2920466881769	2073.4039189709	1	0	1	1.1365446893003686
181200.0	1000.0	1873.4039189710502	0.0	0	573.0235661124461	2073.4039189709	1	0	1	1.1365446893003686
182200.0	1000.0	1873.4039189710124	0.0	0	322.3842151395802	2073.4039189709	1	0	1	1.1365446893003686
183233.09675710308	1000.0	1840.3071618679526	0.0	0	0.0	2073.403918970929	1	0	1	1.1365446893003666
184280.97538035913	1000.0	1792.42853861187	0.0	0	0.0	2073.403918970929	1	0	1	1.1365446893003666
185200.0	1000.0	1873.4039189709988	0.0	0	103.54379990484449	2073.403918970929	1	0	1	1.1365446893003666
186428.25183145812	1000.0	1645.1520875128842	0.0	0	0.0	2073.403918970929	1	0	1	1.1365446893003666
187336.75186409298	1000.0	1736.652054878045	0.0	0	0.0	2073.403918970929	1	0	1	1.1365446893003666
188200.0	1000.0	1873.4039189710008	0.0	0	91.96632430102909	2073.403918970929	1	0	1	1.1365446893003666
189200.0	1000.0	1873.403918970976	0.0	0	321.8069441320258	2073.403918970929	1	0	1	1.1365446893003666
190200.0	1000.0	1873.4039189709747	0.0	0	340.58694862987613	2073.4039189709583	1	0	1	1.1365446893003643
191200.0	1000.0	1873.4039189709881	0.0	0	168.01050592432148	2073.4039189709874	1	0	1	1.1365446893003621
192200.0	1000.0	1873.4039189709688	0.0	0	1.68027209257707	2073.4039189709583	1	0	1	1.1365446893003643
193200.0	1000.0	1873.4039189709683	0.0	0	10.380464493850013	2073.4039189709583	1	0	1	1.1365446893003643
194200.0	1000.0	1873.4039189709713	0.0	0	23.74122132890625	2073.4039189709583	1	0	1	1.1365446893003643
195200.0	1000.0	1873.4039189709906	0.0	0	254.57292140761274	2073.4039189709583	1	0	1	1.1365446893003643
196200.0	1000.0	1873.4039189709877	0.0	0	525.4516448265931	2073.4039189709583	1	0	1	1.1365446893003643
197289.3566247188	1000.0	1784.0472942521499	0.0	0	0.0	2073.4039189709583	1	0	1	1.1365446893003643
198200.0	1000.0	1873.4039189709304	0.0	0	120.26012476734468	2073.4039189709583	1	0	1	1.1365446893003643
199200.0	1000.0	1873.4039189709417	0.0	0	388.5947686568834	2073.4039189709583	1	0	1	1.1365446893003643
200200.0	1000.0	1873.4039189709451	0.0	0	535.5233601834625	2073.4039189709583	1	0	1	1.1365446893003643
201200.0	1000.0	1873.40391897092	0.0	0	75.35618343178066	2073.4039189709583	1	0	1	1.1365446893003643
202438.94454580065	1000.0	1634.4593731702616	0.0	0	0.0	2073.4039189709874	1	0	1	1.1365446893003621
203317.10863076738	1000.0	1756.2952882035304	0.0	0	0.0	2073.4039189709874	1	0	1	1.1365446893003621
204200.0	1000.0	1873.4039189709233	0.0	0	64.03793993603904	2073.4039189709874	1	0	1	1.1365446893003621
205200.0	1000.0	1873.40391897091	0.0	0	254.48051291087177	2073.4039189709874	1	0	1	1.1365446893003621
206369.37641451534	1000.0	1704.02750445552	0.0	0	0.0	2073.4039189709583	1	0	1	1.1365446893003643
207200.0	1000.0	1873.4039189708517	0.0	0	183.7952572548238	2073.403918970929	1	0	1	1.1365446893003666
208200.0	1000.0	1873.4039189708562	0.0	0	177.1693407917337	2073.4039189709583	1	0	1	1.1365446893003643
209396.69473155236	1000.0	1676.70918741851	0.0	0	0.0	2073.4039189709583	1	0	1	1.1365446893003643
210200.0	1000.0	1873.403918970856	0.0	0	148.6816555101541	2073.4039189709583	1	0	1	1.1365446893003643
211200.0	1000.0	1873.4039189708953	0.0	0	13.08962324380991	2073.4039189709874	1	0	1	1.1365446893003621
212200.0	1000.0	1873.4039189708983	0.0	0	26.37652549316408	2073.4039189709583	1	0	1	1.1365446893003643
213799.1792970855	1000.0	1274.2246218853745	0.0	0	0.0	2073.4039189709583	1	0	1	1.1365446893003643
214664.69036340577	1000.0	1408.7135555651148	0.0	0	0.0	2073.4039189709583	1	0	1	1.1365446893003643
215563.75250511133	1000.0	1509.651413859558	0.0	0	0.0	2073.4039189709583	1	0	1	1.1365446893003643
216200.0	1000.0	1873.4039189708797	0.0	0	76.22109247697517	2073.403918970929	1	0	1	1.1365446893003666
217200.0	1000.0	1873.403918970872	0.0	0	105.36620650597615	2073.4039189709	1	0	1	1.1365446893003686
218200.0	1000.0	1873.4039189708571	0.0	0	283.9608245763229	2073.4039189709	1	0	1	1.1365446893003686
219200.0	1000.0	1873.403918970847	0.0	0	291.9758789721236	2073.403918970929	1	0	1	1.1365446893003666
220540.67870369455	1000.0	1532.7252152763197	0.0	0	0.0	2073.403918970929	1	0	1	1.1365446893003666
221725.0219484655	1000.0	1348.3819705053575	0.0	0	0.0	2073.4039189709	1	0	1	1.1365446893003686
223079.34959563133	1000.0	994.054323339543	0.0	0	0.0	2073.4039189709	1	0	1	1.1365446893003686
224540.31446181203	1000.0	533.0894571588698	0.0	0	0.0	2073.403918970929	1	0	1	1.1365446893003666
225102.69083008944	500.0	970.7130888814551	0.0	0	0.0	2073.4039189709	1	0	1	-0.24974967181952207
225582.73254334042	500.0	1490.671375630474	0.0	0	0.0	2073.4039189709	1	0	1	0.4433975087404232
226200.0	500.0	1873.4039189708824	0.0	0	102.599379653082	2073.403918970871	1	0	1	0.44339750874042544
227200.0	500.0	1873.4039189708758	0.0	0	665.4254171438515	2073.4039189709	1	0	1	0.4433975087404232
228200.0	500.0	1873.4039189708924	0.0	0	735.6883373566088	2073.4039189709	1	0	1	0.4433975087404232
229200.0	500.0	1873.4039189708685	0.0	0	592.0174808550801	2073.403918970871	1	0	1	0.44339750874042544
230200.0	500.0	1873.4039189708776	0.0	0	146.32787722931243	2073.403918970871	1	0	1	0.44339750874042544
231200.0	500.0	1873.4039189708915	0.0	0	201.35141618177295	2073.403918970871	1	0	1	0.44339750874042544
232200.0	500.0	1873.4039189709285	0.0	0	690.8505781564163	2073.403918970871	1	0	1	0.44339750874042544
233200.0	500.0	1873.4039189709542	0.0	0	646.3651458861423	2073.403918970871	1	0	1	0.44339750874042544
234418.80161273744	1000.0	1654.602306233523	0.0	0	0.0	2073.403918970871	1	0	1	0.44339750874042544
235327.77576036804	1000.0	1745.6281586029384	0.0	0	0.0	2073.403918970871	1	0	1	1.1365446893003708
236370.83702857053	1000.0	1702.5668904004174	0.0	0	0.0	2073.403918970871	1	0	1	1.1365446893003708
237211.91299513585	1000.0	1861.4909238350758	0.0	0	0.0	2073.403918970842	1	0	1	1.136544689300373
238200.0	1000.0	1873.403918970924	0.0	0	276.30295479111373	2073.403918970842	1	0	1	1.136544689300373
239200.0	1000.0	1873.4039189709383	0.0	0	234.7731747472717	2073.403918970842	1	0	1	1.136544689300373
240200.0	1000.0	1873.403918970917	0.0	0	408.11862026577	2073.403918970842	1	0	1	1.136544689300373
241200.0	1000.0	1873.403918970902	0.0	0	518.620889703423	2073.403918970813	1	0	1	1.1365446893003752
242200.0	1000.0	1873.4039189709135	0.0	0	181.17524711348233	2073.403918970813	1	0	1	1.1365446893003752
243205.36502158066	1000.0	1868.0388973902345	0.0	0	0.0	2073.403918970813	1	0	1	1.1365446893003752
244200.0	1000.0	1873.4039189708856	0.0	0	258.2068518367887	2073.403918970813	1	0	1	1.1365446893003752
245200.0	1000.0	1873.4039189708799	0.0	0	230.09742531724623	2073.403918970813	1	0	1	1.1365446893003752
246200.0	1000.0	1873.403918970867	0.0	0	457.608922592015	2073.403918970813	1	0	1	1.1365446893003752
247319.59887478995	1000.0	1753.805044180928	0.0	0	0.0	2073.403918970813	1	0	1	1.1365446893003752
248319.5522659015	1000.0	1753.8516530693562	0.0	0	0.0	2073.403918970813	1	0	1	1.1365446893003752
249200.0	1000.0	1873.4039189708337	0.0	0	47.012719355436275	2073.403918970813	1	0	1	1.1365446893003752
250247.28980114576	1000.0	1826.114117825063	0.0	0	0.0	2073.403918970813	1	0	1	1.1365446893003752
251429.46555026775	1000.0	1643.9383687030722	0.0	0	0.0	2073.403918970813	1	0	1	1.1365446893003752
253054.77491102333	1000.0	1018.6290079475024	0.0	0	0.0	2073.4039189707837	1	0	1	1.1365446893003774
254939.19891753903	1000.0	200.0	65.79499856820911	0	0.0	2139.1989175389754	1	0	1	0.7407447270084018
255777.00592697074	500.0	582.1517079842496	219.95871741597824	0	0.0	2359.157634955016	1	0	1	-1.594422566916312
256448.30868136045	500.0	910.8489535945481	0.0	0	0.0	2359.157634955016	1	0	1	0.41847691813950283
257058.93486947313	500.0	1300.2227654818514	0.0	0	0.0	2359.157634955016	1	0	1	0.41847691813950283
257563.68794310978	500.0	1795.4696918452219	0.0	0	0.0	2359.157634955016	1	0	1	0.41847691813950283
258200.0	500.0	2159.1576349549787	0.0	0	320.5591627371905	2359.157634955016	1	0	1	0.41847691813950283
259200.0	500.0	2159.1576349550023	0.0	0	572.3454289286456	2359.157634955016	1	0	1	0.41847691813950283
260200.0	500.0	2159.1576349549982	0.0	0	461.5964274654689	2359.157634954987	1	0	1	0.41847691813950566
261200.0	500.0	2159.157634954983	0.0	0	427.1653289969836	2359.157634954987	1	0	1	0.41847691813950566
262200.0	500.0	2159.1576349549773	0.0	0	449.81655847321963	2359.157634954987	1	0	1	0.41847691813950566
263200.0	500.0	2159.157634954957	0.0	0	694.5177025834564	2359.1576349549287	1	0	1	0.4184769181395115
264200.0	500.0	2159.1576349549287	0.0	0	101.68517304718262	2359.1576349548995	1	0	1	0.41847691813951204
265200.0	500.0	2159.1576349549014	0.0	0	144.9460298200138	2359.1576349548995	1	0	1	0.4184769181395144
266200.0	500.0	2159.157634954898	0.0	0	187.22767545690294	2359.1576349548995	1	0	1	0.4184769181395144
267200.0	500.0	2159.1576349548395	0.0	0	469.4983802443021	2359.1576349548413	1	0	1	0.41847691813952026
268200.0	500.0	2159.157634954794	0.0	0	332.87042288295925	2359.1576349548413	1	0	1	0.41847691813952026
269342.98874600977	500.0	2016.168888944967	0.0	0	0.0	2359.1576349548413	1	0	1	0.41847691813952026
270200.0	500.0	2159.157634954769	0.0	0	183.66075300856028	2359.1576349548413	1	0	1	0.41847691813952026
271200.0	500.0	2159.157634954747	0.0	0	443.6915239713271	2359.1576349548413	1	0	1	0.41847691813952026
272200.0	500.0	2159.1576349548122	0.0	0	487.0193394187372	2359.1576349548413	1	0	1	0.41847691813952026
273200.0	500.0	2159.1576349548127	0.0	0	614.0360865055118	2359.1576349548413	1	0	1	0.41847691813952026
274200.0	500.0	2159.1576349548786	0.0	0	616.2369121874799	2359.1576349548413	1	0	1	0.41847691813952026
275200.0	500.0	2159.1576349549605	0.0	0	639.6824826880475	2359.1576349548413	1	0	1	0.41847691813952026
276200.0	500.0	2159.1576349549805	0.0	0	556.8049936032039	2359.157634954783	1	0	1	0.418476918139526
277200.0	1000.0	2159.1576349549982	0.0	0	357.8369558844133	2359.157634954783	1	0	1	0.41847691813952603
278209.22810980794	1000.0	2149.9295251470558	0.0	0	0.0	2359.157634954783	1	0	1	1.1116240986994714
279200.0	1000.0	2159.1576349549996	0.0	0	262.90535086469026	2359.157634954783	1	0	1	1.1116240986994714
280200.0	1000.0	2159.1576349549537	0.0	0	408.21096132614184	2359.157634954783	1	0	1	1.1116240986994714
281200.0	1000.0	2159.1576349549687	0.0	0	125.40749859134667	2359.1576349548413	1	0	1	1.1116240986994657
282200.0	1000.0	2159.157634954929	0.0	0	454.1933192058932	2359.1576349548995	1	0	1	1.1116240986994599
283200.0	1000.0	2159.1576349549255	0.0	0	521.0937606857624	2359.1576349548995	1	0	1	1.1116240986994599
284200.0	1000.0	2159.1576349549737	0.0	0	356.06031264032936	2359.1576349548995	1	0	1	1.1116240986994599
285200.0	1000.0	2159.157634954983	0.0	0	66.6715813576593	2359.1576349548995	1	0	1	1.1116240986994599
286200.0	1000.0	2159.1576349550496	0.0	0	451.5394696795265	2359.1576349548995	1	0	1	1.1116240986994599
287200.0	1000.0	2159.157634955035	0.0	0	46.188716641278006	2359.1576349549578	1	0	1	1.111624098699454
288200.0	1000.0	2159.157634955041	0.0	0	170.4708680244512	2359.1576349549578	1	0	1	1.111624098699454
289200.0	1000.0	2159.1576349550946	0.0	0	417.09564848802984	2359.157634955016	1	0	1	1.1116240986994483
290200.0	1000.0	2159.1576349551397	0.0	0	606.2410089633777	2359.157634955016	1	0	1	1.1116240986994483
291200.0	1000.0	2159.157634955109	0.0	0	670.5571992311743	2359.157634955016	1	0	1	1.1116240986994483
292200.0	1000.0	2159.157634955049	0.0	0	696.2594253871357	2359.157634955016	1	0	1	1.1116240986994483
293200.0	1000.0	2159.157634955062	0.0	0	561.0284331176081	2359.157634955016	1	0	1	1.1116240986994483
294200.0	1000.0	2159.157634955118	0.0	0	603.5148027783725	2359.157634955074	1	0	1	1.1116240986994423
295200.0	1000.0	2159.1576349550924	0.0	0	577.732860056858	2359.1576349551324	1	0	1	1.1116240986994366
296200.0	1000.0	2159.1576349551033	0.0	0	157.9880896572722	2359.1576349551324	1	0	1	1.1116240986994366
297984.4488489188	1000.0	1374.7087860363033	0.0	0	0.0	2359.1576349551324	1	0	1	1.1116240986994366
299061.4268402681	1000.0	1297.730794686919	0.0	0	0.0	2359.1576349551324	1	0	1	1.1116240986994366
299841.69175736594	1000.0	1517.4658775890775	0.0	0	0.0	2359.1576349551324	1	0	1	1.1116240986994366
300538.2767471975	1000.0	1820.880887757503	0.0	0	0.0	2359.157634955074	1	0	1	1.1116240986994423
0.683	0.741	0.348	0.707	1.14	1.51	1.39	0.904	1.17	0.938	1.17	0.822	0.985	0.961	1.08	1.34	1.75	1.83	0.88	0.846	0.961	1.62	2.35	2.26	1.27	1.73	1.89	2.33	2.05	2.63	2.58	1.44	1.05	0.776	1.56	1.92	2.13	2.5	1.51	1.97	1.91	1.19	1.66	1.91	1.4	1.69	2.27	1.69	1.14	1.27	1.17	1.24	1.34	1.16	1.1	0.753	0.544	0.313	0.753	0.869	1.52	1.51	0.602	0.533	0.846	0.637	0.765	1.14	1.48	1.27	1.07	1.47	1.15	1.4	0.765	0.811	1.59	1.88	1.69	1.98	1.8	1.07	1.32	1.31	1.42	1.8	1.97	1.45	1.82	2.72	1.76	1.92	2.0	1.2	1.29	1.16	0.985	1.03	1.17	0.73	1.26	1.26	0.741	0.394	0.718	1.09	1.34	0.961	1.2	1.23	0.985	1.23	1.82	1.9	1.1	1.71	1.77	1.69	1.17	0.927	1.3	1.77	1.51	1.78	1.64	1.04	1.16	1.09	1.2	0.961	1.17	1.03	1.23	1.33	1.23	1.41	1.56	0.776	1.22	1.47	1.26	1.39	1.54	1.87	1.68	1.24	1.15	1.73	1.32	1.36	1.25	1.32	1.15	1.26	1.68	1.2	1.37	1.45	1.74	1.46	1.89	1.71	1.18	1.22	1.42	1.12	1.23	1.64	2.22	2.76	1.98	1.77	0.544	0.961	1.77	2.68	2.65	1.97	1.2	1.25	1.64	0.95	1.03	1.49	1.75	1.64	1.45	0.88	0.927	1.39	1.9	1.93	1.16	1.49	1.78	1.96	1.08	1.14	1.08	1.22	1.1	1.01	1.74	1.14	0.741	1.14	1.27	1.18	0.996	0.591	1.41	1.67	1.31	1.31	1.32	0.996	0.776	0.637	0.672	0.684	0.799	1.16	1.55	1.84	1.1	0.695	0.88	1.3	1.68	0.95	1.04	1.12	1.3	1.39	1.75	1.63	1.74	1.22	1.03	1.63	1.61	1.48	1.01	1.08	1.19	1.23	0.857	0.579	0.788	0.579	0.487	0.521	0.961	1.45	0.996	0.95	0.707	1.16	1.36	0.614	0.788	0.707	1.25	0.915	0.51	0.66	1.2	0.95	1.25	1.76	1.82	1.47	1.37	1.31	1.48	1.38	1.14	1.83	1.84	1.48	1.3	1.49	1.34	0.985	1.64	2.33	2.87	2.8	2.12	2.25	2.77	1.4	0.741	0.707	1.34	1.26	1.11	1.26	0.707
1.0	2.0	3.0	4.0	5.0	6.0	7.0	8.0	9.0	10.0	11.0	12.0	13.0	14.0	15.0	16.0	17.0	18.0	19.0	20.0	21.0	22.0	23.0	24.0	25.0	26.0	27.0	28.0	29.0	30.0	31.0	32.0	33.0	34.0	35.0	36.0	37.0	38.0	39.0	40.0	41.0	42.0	43.0	44.0	45.0	46.0	47.0	48.0	49.0	50.0	51.0	52.0	53.0	54.0	55.0	56.0	57.0	58.0	59.0	60.0	61.0	62.0	63.0	64.0	65.0	66.0	67.0	68.0	69.0	70.0	71.0	72.0	73.0	74.0	75.0	76.0	77.0	78.0	79.0	80.0	81.0	82.0	83.0	84.0	85.0	86.0	87.0	88.0	89.0	90.0	91.0	92.0	93.0	94.0	95.0	96.0	97.0	98.0	99.0	100.0	101.0	102.0	103.0	104.0	105.0	106.0	107.0	108.0	109.0	110.0	111.0	112.0	113.0	114.0	115.0	116.0	117.0	118.0	119.0	120.0	121.0	122.0	123.0	124.0	125.0	126.0	127.0	128.0	129.0	130.0	131.0	132.0	133.0	134.0	135.0	136.0	137.0	138.0	139.0	140.0	141.0	142.0	143.0	144.0	145.0	146.0	147.0	148.0	149.0	150.0	151.0	152.0	153.0	154.0	155.0	156.0	157.0	158.0	159.0	160.0	161.0	162.0	163.0	164.0	165.0	166.0	167.0	168.0	169.0	170.0	171.0	172.0	173.0	174.0	175.0	176.0	177.0	178.0	179.0	180.0	181.0	182.0	183.0	184.0	185.0	186.0	187.0	188.0	189.0	190.0	191.0	192.0	193.0	194.0	195.0	196.0	197.0	198.0	199.0	200.0	201.0	202.0	203.0	204.0	205.0	206.0	207.0	208.0	209.0	210.0	211.0	212.0	213.0	214.0	215.0	216.0	217.0	218.0	219.0	220.0	221.0	222.0	223.0	224.0	225.0	226.0	227.0	228.0	229.0	230.0	231.0	232.0	233.0	234.0	235.0	236.0	237.0	238.0	239.0	240.0	241.0	242.0	243.0	244.0	245.0	246.0	247.0	248.0	249.0	250.0	251.0	252.0	253.0	254.0	255.0	256.0	257.0	258.0	259.0	260.0	261.0	262.0	263.0	264.0	265.0	266.0	267.0	268.0	269.0	270.0	271.0	272.0	273.0	274.0	275.0	276.0	277.0	278.0	279.0	280.0	281.0	282.0	283.0	284.0	285.0	286.0	287.0	288.0	289.0	290.0	291.0	292.0	293.0	294.0	295.0	296.0	297.0	298.0	299.0
4162.346158181931
