2845.383685695561	300.0	1000.0	92.08797687555105	0	0.0	2845.383685695561	0	0	-2.6012953183055267
3004.714348596056	500.0	2000.0	159.33066290049558	0	0.0	3004.714348596056	1	0	-1.1307721202873102
3555.164052275391	3000.0	2449.5502963206654	0.0	0	0.0	3004.7143485960564	1	0	0.33015888965368323
4683.135931065077	3000.0	2321.5784175309805	0.0	0	0.0	3004.714348596057	1	0	2.1219183588817385
5826.747474260248	3000.0	2177.96687433581	0.0	0	0.0	3004.7143485960573	1	0	2.1219183588817385
6774.4836562781275	3000.0	2230.2306923179303	0.0	0	0.0	3004.7143485960564	1	0	2.1219183588817385
7457.533970614914	3000.0	2547.1803779811435	0.0	0	0.0	3004.714348596056	1	0	2.1219183588817385
8355.350109635807	3000.0	2649.364238960251	0.0	0	0.0	3004.714348596056	1	0	2.1219183588817385
9200.0	3000.0	2804.714348596058	0.0	0	56.32637865780998	3004.714348596055	1	0	2.1219183588817385
10415.944984772359	3000.0	2588.7693638236965	0.0	0	0.0	3004.7143485960532	1	0	2.121918358881739
11519.528761786685	3000.0	2485.1855868093703	0.0	0	0.0	3004.7143485960532	1	0	2.1219183588817394
12224.860453439378	3000.0	2779.8538951566784	0.0	0	0.0	3004.714348596055	1	0	2.1219183588817385
13507.453047729043	3000.0	2497.2613008670155	0.0	0	0.0	3004.714348596057	1	0	2.1219183588817385
14637.559658511782	3000.0	2367.154690084275	0.0	0	0.0	3004.714348596057	1	0	2.1219183588817385
15909.543410844248	3000.0	2095.17093775181	0.0	0	0.0	3004.714348596055	1	0	2.1219183588817385
16879.744614959603	3000.0	2124.969733636455	0.0	0	0.0	3004.714348596057	1	0	2.121918358881738
17800.564404695862	3000.0	2204.1499439001964	0.0	0	0.0	3004.7143485960587	1	0	2.1219183588817385
19196.72882331	3000.0	1807.9855252860568	0.0	0	0.0	3004.714348596057	1	0	2.121918358881738
20874.366149788046	3000.0	1130.3481988080116	0.0	0	0.0	3004.7143485960587	1	0	2.121918358881738
21463.728155378856	2000.0	1540.986193217198	0.0	0	0.0	3004.7143485960587	1	0	1.3109881426654086
22301.147514221942	3000.0	1703.5668343741138	0.0	0	0.0	3004.7143485960623	1	0	1.716453250773573
23010.49957574162	3000.0	1994.2147728544342	0.0	0	0.0	3004.7143485960623	1	0	2.1219183588817376
23839.202760254226	3000.0	2165.511588341831	0.0	0	0.0	3004.7143485960587	1	0	2.121918358881738
24545.790408418856	3000.0	2458.923940177201	0.0	0	0.0	3004.7143485960587	1	0	2.121918358881738
25532.4920734923	3000.0	2472.2222751037543	0.0	0	0.0	3004.7143485960587	1	0	2.121918358881738
26380.01753304246	3000.0	2624.696815553589	0.0	0	0.0	3004.7143485960587	1	0	2.121918358881738
27200.0	3000.0	2804.7143485960464	0.0	0	23.66297786961877	3004.714348596055	1	0	2.1219183588817385
28200.0	3000.0	2804.7143485960437	0.0	0	206.76248040045175	3004.7143485960514	1	0	2.1219183588817394
29354.99156996548	3000.0	2649.722778630561	0.0	0	0.0	3004.714348596048	1	0	2.12191835888174
30879.47083097658	3000.0	2125.2435176194626	0.0	0	0.0	3004.714348596048	1	0	2.12191835888174
31804.069679281976	3000.0	2200.644669314069	0.0	0	0.0	3004.714348596048	1	0	2.12191835888174
32426.62388281895	3000.0	2578.090465777099	0.0	0	0.0	3004.714348596048	1	0	2.12191835888174
33200.0	3000.0	2804.7143485960523	0.0	0	79.9274870473746	3004.7143485960514	1	0	2.12191835888174
34247.290486931415	3000.0	2757.423861664639	0.0	0	0.0	3004.7143485960514	1	0	2.12191835888174
35200.0	3000.0	2804.71434859605	0.0	0	247.09468383466447	3004.714348596048	1	0	2.12191835888174
36238.96299117893	3000.0	2765.751357417124	0.0	0	0.0	3004.714348596048	1	0	2.12191835888174
37200.0	3000.0	2804.7143485960623	0.0	0	9.748848570103291	3004.714348596048	1	0	2.12191835888174
38200.0	3000.0	2804.7143485960564	0.0	0	303.33041089685867	3004.7143485960405	1	0	2.121918358881741
39200.0	3000.0	2804.7143485960514	0.0	0	177.70479971785971	3004.7143485960405	1	0	2.121918358881741
40200.0	3000.0	2804.7143485960555	0.0	0	183.94923828977335	3004.7143485960405	1	0	2.121918358881741
41200.0	3000.0	2804.7143485960532	0.0	0	327.57061322066875	3004.7143485960332	1	0	2.1219183588817425
42200.0	3000.0	2804.714348596044	0.0	0	303.2415544330361	3004.7143485960332	1	0	2.1219183588817425
43200.0	3000.0	2804.7143485960473	0.0	0	345.1131072208955	3004.7143485960332	1	0	2.1219183588817425
44225.73941869527	3000.0	2778.974929900771	0.0	0	0.0	3004.7143485960332	1	0	2.1219183588817425
45338.38949721897	3000.0	2666.324851377079	0.0	0	0.0	3004.7143485960332	1	0	2.1219183588817425
46200.0	3000.0	2804.714348596044	0.0	0	158.4106479132679	3004.7143485960405	1	0	2.121918358881741
47200.0	3000.0	2804.714348596043	0.0	0	291.94839586793387	3004.7143485960405	1	0	2.121918358881741
48200.0	3000.0	2804.714348596044	0.0	0	274.2443921239901	3004.7143485960332	1	0	2.1219183588817425
49200.0	3000.0	2804.7143485960505	0.0	0	368.15176398210315	3004.7143485960332	1	0	2.1219183588817425
50200.0	3000.0	2804.7143485960496	0.0	0	252.28935755173734	3004.7143485960332	1	0	2.1219183588817425
51331.29554592855	3000.0	2673.4188026674965	0.0	0	0.0	3004.7143485960332	1	0	2.1219183588817425
52200.0	3000.0	2804.714348596047	0.0	0	15.464826388240908	3004.714348596026	1	0	2.121918358881744
53200.0	3000.0	2804.71434859605	0.0	0	186.65609599402524	3004.714348596026	1	0	2.121918358881744
54200.0	3000.0	2804.7143485960514	0.0	0	139.10943529030192	3004.7143485960332	1	0	2.1219183588817425
55200.0	3000.0	2804.714348596057	0.0	0	123.30365852328396	3004.7143485960332	1	0	2.1219183588817425
56200.0	3000.0	2804.7143485960496	0.0	0	127.81863974633598	3004.7143485960332	1	0	2.1219183588817425
57200.0	3000.0	2804.714348596048	0.0	0	258.2852739360387	3004.714348596026	1	0	2.121918358881744
58200.0	3000.0	2804.714348596043	0.0	0	137.84222726037115	3004.714348596026	1	0	2.121918358881744
59200.0	3000.0	2804.714348596045	0.0	0	383.78272155174636	3004.714348596026	1	0	2.121918358881744
60259.48493849091	3000.0	2745.2294101051452	0.0	0	0.0	3004.714348596026	1	0	2.121918358881744
61253.12475514517	3000.0	2751.5895934508976	0.0	0	0.0	3004.714348596026	1	0	2.121918358881744
62302.24912140387	3000.0	2702.4652271921964	0.0	0	0.0	3004.714348596026	1	0	2.121918358881744
63277.260991911215	3000.0	2727.453356684847	0.0	0	0.0	3004.714348596026	1	0	2.121918358881744
64200.0	3000.0	2804.714348596064	0.0	0	111.99099841449788	3004.7143485960187	1	0	2.121918358881745
65200.0	3000.0	2804.7143485960646	0.0	0	85.15487536948058	3004.7143485960187	1	0	2.121918358881745
66200.0	3000.0	2804.7143485960682	0.0	0	396.3797429425467	3004.7143485960187	1	0	2.121918358881745
67200.0	3000.0	2804.7143485960737	0.0	0	188.25091181363678	3004.7143485960187	1	0	2.121918358881744
68200.0	3000.0	2804.7143485960705	0.0	0	197.6935493406345	3004.7143485960114	1	0	2.121918358881747
69200.0	3000.0	2804.7143485960814	0.0	0	85.17304594219604	3004.7143485960114	1	0	2.1219183588817465
70251.24406182482	3000.0	2753.470286771263	0.0	0	0.0	3004.7143485960114	1	0	2.1219183588817465
71367.34156167615	3000.0	2637.3727869199374	0.0	0	0.0	3004.714348596026	1	0	2.121918358881744
72200.0	3000.0	2804.7143485960837	0.0	0	120.33788995648501	3004.714348596026	1	0	2.121918358881744
73259.50705440206	3000.0	2745.2072941940132	0.0	0	0.0	3004.714348596026	1	0	2.121918358881744
74200.0	3000.0	2804.714348596077	0.0	0	333.5641806717176	3004.714348596026	1	0	2.121918358881744
75200.0	3000.0	2804.7143485960833	0.0	0	226.51538190388237	3004.714348596026	1	0	2.121918358881744
76200.0	3000.0	2804.7143485960974	0.0	0	352.04692254304246	3004.7143485960405	1	0	2.121918358881741
77699.06717314129	3000.0	2305.6471754548083	0.0	0	0.0	3004.7143485960405	1	0	2.121918358881741
78595.45983051979	3000.0	2409.2545180763063	0.0	0	0.0	3004.7143485960405	1	0	2.121918358881741
79555.33970901347	3000.0	2449.3746395826397	0.0	0	0.0	3004.7143485960405	1	0	2.121918358881741
80410.11933066409	3000.0	2594.5950179320143	0.0	0	0.0	3004.7143485960405	1	0	2.121918358881741
81200.0	3000.0	2804.7143485961037	0.0	0	177.37791147585085	3004.714348596055	1	0	2.1219183588817385
82200.0	3000.0	2804.7143485960923	0.0	0	158.41864458365308	3004.7143485960405	1	0	2.121918358881741
83200.0	3000.0	2804.714348596092	0.0	0	232.52317634619249	3004.7143485960405	1	0	2.121918358881741
84200.0	3000.0	2804.7143485960983	0.0	0	258.3357494108641	3004.7143485960405	1	0	2.121918358881741
85200.0	3000.0	2804.714348596104	0.0	0	150.48447427620704	3004.714348596055	1	0	2.1219183588817385
86221.62882846198	3000.0	2783.0855201341246	0.0	0	0.0	3004.714348596055	1	0	2.1219183588817385
87200.0	3000.0	2804.7143485961055	0.0	0	120.88704130229598	3004.714348596055	1	0	2.1219183588817385
88200.0	3000.0	2804.714348596106	0.0	0	232.97808288488886	3004.714348596055	1	0	2.1219183588817385
89200.0	3000.0	2804.7143485961005	0.0	0	310.94129262190836	3004.714348596055	1	0	2.1219183588817385
90200.0	3000.0	2804.7143485961037	0.0	0	9.791496839228785	3004.7143485960405	1	0	2.121918358881741
91200.0	3000.0	2804.714348596091	0.0	0	398.0750880770938	3004.714348596026	1	0	2.121918358881744
92214.9536094473	3000.0	2789.760739148789	0.0	0	0.0	3004.7143485960114	1	0	2.1219183588817465
93200.0	3000.0	2804.7143485960864	0.0	0	72.74997404449095	3004.7143485960114	1	0	2.1219183588817465
94200.0	3000.0	2804.714348596084	0.0	0	157.7010937998857	3004.7143485960114	1	0	2.1219183588817465
95200.0	3000.0	2804.714348596075	0.0	0	329.5078227861086	3004.7143485960114	1	0	2.1219183588817465
96200.0	3000.0	2804.714348596084	0.0	0	327.51716836882406	3004.714348595997	1	0	2.1219183588817474
97200.0	3000.0	2804.7143485960933	0.0	0	71.95922856872494	3004.714348595997	1	0	2.121918358881749
98200.0	3000.0	2804.714348596111	0.0	0	418.9251742606284	3004.714348595997	1	0	2.121918358881749
99200.0	3000.0	2804.71434859613	0.0	0	221.08194657819695	3004.7143485960114	1	0	2.1219183588817465
100200.0	3000.0	2804.714348596131	0.0	0	37.464837578852894	3004.7143485960114	1	0	2.1219183588817465
101200.0	3000.0	2804.7143485961287	0.0	0	207.6070298175182	3004.714348596026	1	0	2.121918358881744
102325.50565787946	3000.0	2679.2086907166718	0.0	0	0.0	3004.7143485960405	1	0	2.121918358881741
103415.47827300725	3000.0	2589.2360755888826	0.0	0	0.0	3004.7143485960405	1	0	2.121918358881741
104200.0	3000.0	2804.7143485961456	0.0	0	110.67438292554289	3004.7143485960405	1	0	2.121918358881741
105442.81378014859	3000.0	2561.900568447568	0.0	0	0.0	3004.7143485960405	1	0	2.121918358881741
106223.82722266453	3000.0	2780.887125931616	0.0	0	0.0	3004.7143485960405	1	0	2.121918358881741
107200.0	3000.0	2804.7143485961474	0.0	0	55.54032696639479	3004.7143485960405	1	0	2.121918358881741
108200.0	3000.0	2804.714348596149	0.0	0	79.41017663478851	3004.7143485960405	1	0	2.121918358881741
109295.19827700322	3000.0	2709.5160715929333	0.0	0	0.0	3004.7143485960405	1	0	2.121918358881741
110200.0	3000.0	2804.7143485961465	0.0	0	86.15271765548096	3004.7143485960405	1	0	2.121918358881741
111200.0	3000.0	2804.7143485961324	0.0	0	238.67649119283305	3004.7143485960405	1	0	2.121918358881741
112200.0	3000.0	2804.7143485961305	0.0	0	506.34330007799144	3004.714348596026	1	0	2.121918358881744
113200.0	3000.0	2804.7143485961406	0.0	0	187.00205404218286	3004.714348596026	1	0	2.121918358881744
114200.0	3000.0	2804.714348596137	0.0	0	131.26602992322296	3004.714348596026	1	0	2.121918358881744
115200.0	3000.0	2804.714348596139	0.0	0	275.64916453219485	3004.714348596026	1	0	2.121918358881744
116233.05876662004	3000.0	2771.6555819760674	0.0	0	0.0	3004.7143485960114	1	0	2.1219183588817465
117208.74824508757	3000.0	2795.9661035085464	0.0	0	0.0	3004.7143485960114	1	0	2.1219183588817465
118200.0	3000.0	2804.7143485961255	0.0	0	49.620011840044754	3004.7143485960114	1	0	2.1219183588817465
119200.0	3000.0	2804.7143485961287	0.0	0	239.60672489349963	3004.7143485960114	1	0	2.1219183588817465
120200.0	3000.0	2804.7143485961315	0.0	0	342.971437663844	3004.714348596026	1	0	2.121918358881744
121200.0	3000.0	2804.7143485961296	0.0	0	254.02367839223007	3004.714348596026	1	0	2.121918358881744
122200.0	3000.0	2804.7143485961283	0.0	0	329.77759683197655	3004.714348596026	1	0	2.121918358881744
123200.0	3000.0	2804.7143485961224	0.0	0	271.65663757191214	3004.714348596026	1	0	2.121918358881744
124200.0	3000.0	2804.714348596117	0.0	0	294.5851930411591	3004.714348596026	1	0	2.121918358881744
125200.0	3000.0	2804.714348596126	0.0	0	321.1697436844843	3004.7143485960405	1	0	2.121918358881741
126200.0	3000.0	2804.714348596123	0.0	0	92.52962989553635	3004.7143485960405	1	0	2.121918358881741
127200.0	3000.0	2804.714348596128	0.0	0	421.521210002742	3004.7143485960405	1	0	2.121918358881741
128200.0	3000.0	2804.714348596134	0.0	0	208.92901636120223	3004.714348596055	1	0	2.1219183588817385
129200.0	3000.0	2804.714348596137	0.0	0	400.1960928963963	3004.714348596055	1	0	2.1219183588817385
130200.0	3000.0	2804.714348596128	0.0	0	263.5767672795773	3004.714348596055	1	0	2.1219183588817385
131200.0	3000.0	2804.71434859614	0.0	0	95.39477482622897	3004.714348596055	1	0	2.1219183588817385
132200.0	3000.0	2804.7143485961356	0.0	0	240.31809670687653	3004.714348596055	1	0	2.1219183588817407
133200.0	3000.0	2804.7143485961437	0.0	0	63.5821409895143	3004.714348596055	1	0	2.1219183588817403
134200.0	3000.0	2804.7143485961424	0.0	0	281.5015805698058	3004.714348596055	1	0	2.1219183588817385
135300.17668247785	3000.0	2704.537666118322	0.0	0	0.0	3004.714348596055	1	0	2.1219183588817385
136363.73884676408	3000.0	2640.975501832094	0.0	0	0.0	3004.714348596055	1	0	2.1219183588817385
137200.0	3000.0	2804.7143485961933	0.0	0	65.96863125311211	3004.714348596055	1	0	2.1219183588817385
138200.0	3000.0	2804.7143485962274	0.0	0	7.2965372589824256	3004.714348596055	1	0	2.1219183588817385
139200.0	3000.0	2804.7143485962156	0.0	0	217.14790310931858	3004.714348596055	1	0	2.1219183588817385
140200.0	3000.0	2804.714348596178	0.0	0	88.74895992479287	3004.714348596055	1	0	2.1219183588817385
141200.0	3000.0	2804.7143485961656	0.0	0	397.73734424533905	3004.714348596084	1	0	2.121918358881733
142200.0	3000.0	2804.7143485961733	0.0	0	219.43875665066298	3004.714348596084	1	0	2.121918358881733
143296.3568177233	3000.0	2708.357530872856	0.0	0	0.0	3004.714348596084	1	0	2.121918358881733
144200.0	3000.0	2804.71434859618	0.0	0	59.65732297519571	3004.714348596084	1	0	2.121918358881733
145200.0	3000.0	2804.714348596124	0.0	0	131.0891985486669	3004.714348596084	1	0	2.121918358881733
146200.0	3000.0	2804.714348596148	0.0	0	156.64362009518663	3004.714348596084	1	0	2.121918358881733
147200.0	3000.0	2804.71434859615	0.0	0	201.24465730413795	3004.714348596084	1	0	2.121918358881733
148200.0	3000.0	2804.7143485961337	0.0	0	57.88083965983242	3004.714348596084	1	0	2.121918358881733
149200.0	3000.0	2804.7143485961074	0.0	0	71.37909088903689	3004.714348596084	1	0	2.121918358881733
150200.0	3000.0	2804.71434859609	0.0	0	54.71151236744481	3004.714348596084	1	0	2.121918358881733
151200.0	3000.0	2804.7143485960733	0.0	0	2.1261846211273223	3004.714348596084	1	0	2.121918358881733
152304.8265517885	3000.0	2699.887796807586	0.0	0	0.0	3004.714348596055	1	0	2.1219183588817385
153200.0	3000.0	2804.7143485960755	0.0	0	260.65468706015963	3004.714348596055	1	0	2.1219183588817385
154270.95088161033	3000.0	2733.763466985763	0.0	0	0.0	3004.714348596055	1	0	2.1219183588817385
155200.0	3000.0	2804.714348596084	0.0	0	35.70935124187963	3004.714348596084	1	0	2.121918358881733
156200.0	3000.0	2804.714348596063	0.0	0	373.2033320419141	3004.714348596055	1	0	2.1219183588817385
157200.0	3000.0	2804.7143485960673	0.0	0	37.39121157792397	3004.714348596055	1	0	2.1219183588817385
158337.78865797646	3000.0	2666.925690619628	0.0	0	0.0	3004.714348596055	1	0	2.1219183588817385
159200.0	3000.0	2804.714348596052	0.0	0	9.500868915376486	3004.714348596055	1	0	2.1219183588817385
160200.0	3000.0	2804.7143485960078	0.0	0	150.32953662375803	3004.714348596055	1	0	2.1219183588817385
161402.24672107087	3000.0	2602.467627525133	0.0	0	0.0	3004.714348596055	1	0	2.1219183588817385
162540.6024261909	3000.0	2464.111922405097	0.0	0	0.0	3004.714348596026	1	0	2.121918358881744
163532.3186035866	3000.0	2472.3957450094	0.0	0	0.0	3004.714348596055	1	0	2.1219183588817385
164668.36839403777	3000.0	2336.3459545582164	0.0	0	0.0	3004.714348596055	1	0	2.1219183588817385
165507.3762298126	3000.0	2497.338118783416	0.0	0	0.0	3004.714348596055	1	0	2.1219183588817385
166449.86547892803	3000.0	2554.8488696679783	0.0	0	0.0	3004.714348596055	1	0	2.1219183588817385
167659.61068638423	3000.0	2345.103662211791	0.0	0	0.0	3004.714348596055	1	0	2.1219183588817385
169304.10316144262	3000.0	1700.6111871534129	0.0	0	0.0	3004.714348596026	1	0	2.1219183588817407
169763.82148028485	500.0	2240.8928683111585	0.0	0	0.0	3004.714348595997	1	0	-1.4616005795743616
170247.56571530597	2000.0	2757.1486332900226	0.0	0	0.0	3004.7143485959677	1	0	0.3301588896536991
171200.0	3000.0	2804.714348595978	0.0	0	240.04950592821115	3004.714348595997	1	0	1.7164532507735846
172200.0	3000.0	2804.714348595955	0.0	0	229.18119878857397	3004.714348595997	1	0	2.121918358881749
173200.0	3000.0	2804.7143485959527	0.0	0	234.9833869431459	3004.7143485959677	1	0	2.1219183588817527
174200.0	3000.0	2804.7143485959045	0.0	0	282.42426266672555	3004.7143485959677	1	0	2.1219183588817545
175200.0	3000.0	2804.714348595902	0.0	0	256.3809234139917	3004.7143485959677	1	0	2.1219183588817545
176200.0	3000.0	2804.714348595908	0.0	0	297.2001683411072	3004.7143485959677	1	0	2.1219183588817545
177200.0	3000.0	2804.7143485959205	0.0	0	410.005754904676	3004.7143485959677	1	0	2.1219183588817545
178420.8049881045	3000.0	2583.909360491449	0.0	0	0.0	3004.7143485959677	1	0	2.1219183588817545
179517.8607195578	3000.0	2486.8536290381835	0.0	0	0.0	3004.7143485959677	1	0	2.1219183588817545
180758.25718366622	3000.0	2246.45716492975	0.0	0	0.0	3004.7143485959677	1	0	2.1219183588817545
181453.95802583007	3000.0	2550.7563227659	0.0	0	0.0	3004.7143485959677	1	0	2.1219183588817545
182546.41617589252	3000.0	2458.298172703468	0.0	0	0.0	3004.7143485959677	1	0	2.1219183588817545
183696.2104476038	3000.0	2308.503900992171	0.0	0	0.0	3004.7143485959677	1	0	2.1219183588817545
184755.05377719278	3000.0	2249.660571403259	0.0	0	0.0	3004.714348595997	1	0	2.1219183588817536
185411.05760665896	3000.0	2593.6567419370763	0.0	0	0.0	3004.714348595997	1	0	2.121918358881749
186323.60972702218	3000.0	2681.1046215738857	0.0	0	0.0	3004.714348595997	1	0	2.121918358881749
187200.0	3000.0	2804.7143485960305	0.0	0	31.361492822266882	3004.714348595997	1	0	2.121918358881749
188200.0	3000.0	2804.7143485960314	0.0	0	29.648128593194997	3004.714348595997	1	0	2.121918358881749
189200.0	3000.0	2804.714348596044	0.0	0	14.828424789506244	3004.7143485959677	1	0	2.1219183588817536
190223.95577340107	3000.0	2780.7585751949623	0.0	0	0.0	3004.7143485959386	1	0	2.12191835888176
191200.0	3000.0	2804.7143485960405	0.0	0	191.04061421897495	3004.7143485959677	1	0	2.1219183588817567
192200.0	3000.0	2804.714348596031	0.0	0	115.24137744912878	3004.7143485959677	1	0	2.1219183588817545
193200.0	3000.0	2804.714348596048	0.0	0	303.4237734589842	3004.7143485959386	1	0	2.12191835888176
194200.0	3000.0	2804.714348596076	0.0	0	206.3798481784179	3004.7143485959386	1	0	2.12191835888176
195200.0	3000.0	2804.714348596096	0.0	0	11.879406539694173	3004.7143485959677	1	0	2.1219183588817545
196200.0	3000.0	2804.714348596079	0.0	0	97.23192667681724	3004.7143485959677	1	0	2.1219183588817545
197200.0	3000.0	2804.7143485960723	0.0	0	251.46150925839902	3004.7143485959677	1	0	2.1219183588817545
198200.0	3000.0	2804.7143485960955	0.0	0	192.3225474470819	3004.7143485959677	1	0	2.1219183588817545
199200.0	3000.0	2804.71434859607	0.0	0	347.997980447195	3004.7143485959677	1	0	2.1219183588817545
200220.89037432455	3000.0	2783.823974271534	0.0	0	0.0	3004.7143485959677	1	0	2.1219183588817545
201200.0	3000.0	2804.714348596106	0.0	0	54.86902352573816	3004.7143485959677	1	0	2.1219183588817545
202323.066609592	3000.0	2681.6477390041223	0.0	0	0.0	3004.7143485959677	1	0	2.1219183588817545
203200.0	3000.0	2804.714348596139	0.0	0	206.3538397027587	3004.7143485959386	1	0	2.121918358881758
204230.34299009896	3000.0	2774.37135849719	0.0	0	0.0	3004.7143485959386	1	0	2.12191835888176
205616.47179322335	3000.0	2388.242555372818	0.0	0	0.0	3004.7143485959095	1	0	2.121918358881765
206333.25639466412	3000.0	2671.457953932057	0.0	0	0.0	3004.7143485959095	1	0	2.121918358881765
207200.0	3000.0	2804.7143485961483	0.0	0	221.90832656697603	3004.7143485959095	1	0	2.121918358881765
208200.0	3000.0	2804.714348596158	0.0	0	223.41238053757115	3004.7143485959095	1	0	2.121918358881765
209200.0	3000.0	2804.714348596182	0.0	0	23.082942612934858	3004.7143485959386	1	0	2.121918358881761
210360.19594407233	3000.0	2644.5184045238493	0.0	0	0.0	3004.7143485959386	1	0	2.12191835888176
211287.45508570923	3000.0	2717.259262886956	0.0	0	0.0	3004.7143485959386	1	0	2.12191835888176
212430.77527187293	3000.0	2573.9390767232567	0.0	0	0.0	3004.7143485959386	1	0	2.12191835888176
213398.68505873595	3000.0	2606.0292898602565	0.0	0	0.0	3004.7143485959386	1	0	2.12191835888176
214307.43120403882	3000.0	2697.283144557357	0.0	0	0.0	3004.7143485959386	1	0	2.12191835888176
215329.8171637095	3000.0	2674.897184886703	0.0	0	0.0	3004.7143485959386	1	0	2.12191835888176
216200.0	3000.0	2804.714348596194	0.0	0	206.73388850482297	3004.7143485959677	1	0	2.121918358881756
217200.0	3000.0	2804.7143485962174	0.0	0	268.72541129073943	3004.7143485959677	1	0	2.1219183588817545
218200.0	3000.0	2804.7143485962115	0.0	0	301.1590409253258	3004.7143485959677	1	0	2.1219183588817545
219200.0	3000.0	2804.714348596192	0.0	0	15.43876460447791	3004.7143485959677	1	0	2.1219183588817545
220321.24779489456	3000.0	2683.4665537016563	0.0	0	0.0	3004.714348595997	1	0	2.12191835888175
221279.33871842295	3000.0	2725.3756301732888	0.0	0	0.0	3004.714348595997	1	0	2.121918358881749
222200.0	3000.0	2804.7143485962183	0.0	0	16.838505507766968	3004.7143485959677	1	0	2.1219183588817545
223200.0	3000.0	2804.714348596209	0.0	0	15.854080421151593	3004.7143485959386	1	0	2.121918358881759
224200.0	3000.0	2804.7143485961965	0.0	0	81.77157036410063	3004.7143485959095	1	0	2.121918358881765
225200.0	3000.0	2804.7143485962006	0.0	0	100.64474723336753	3004.7143485959095	1	0	2.121918358881765
226308.3847559855	3000.0	2696.3295926107094	0.0	0	0.0	3004.7143485959095	1	0	2.121918358881765
227200.0	3000.0	2804.714348596213	0.0	0	89.6724355519691	3004.7143485959095	1	0	2.121918358881765
228200.0	3000.0	2804.7143485962197	0.0	0	321.47062863840256	3004.7143485959386	1	0	2.12191835888176
229271.13063566014	3000.0	2733.583712936073	0.0	0	0.0	3004.7143485959386	1	0	2.12191835888176
230200.0	3000.0	2804.7143485962115	0.0	0	76.97384979165508	3004.7143485959095	1	0	2.121918358881764
231200.0	3000.0	2804.71434859622	0.0	0	398.91133921430446	3004.7143485959095	1	0	2.121918358881765
232286.6266773893	3000.0	2718.087671206928	0.0	0	0.0	3004.7143485958513	1	0	2.121918358881775
233326.2098676979	3000.0	2678.504480898314	0.0	0	0.0	3004.7143485958804	1	0	2.1219183588817705
234200.0	3000.0	2804.714348596219	0.0	0	286.07514914299827	3004.7143485958804	1	0	2.1219183588817705
235200.0	3000.0	2804.7143485962297	0.0	0	194.80983940378064	3004.7143485959095	1	0	2.121918358881767
236298.83103467236	3000.0	2705.883313923859	0.0	0	0.0	3004.7143485959095	1	0	2.121918358881765
237200.0	3000.0	2804.7143485961924	0.0	0	4.451642346713925	3004.7143485959095	1	0	2.121918358881765
238200.0	3000.0	2804.714348596223	0.0	0	152.40606327695423	3004.7143485959386	1	0	2.121918358881762
239242.38992591467	3000.0	2762.324422681559	0.0	0	0.0	3004.7143485959386	1	0	2.12191835888176
240279.23471868216	3000.0	2725.479629914054	0.0	0	0.0	3004.7143485959095	1	0	2.121918358881765
241200.0	3000.0	2804.7143485962115	0.0	0	297.74958195650834	3004.7143485959095	1	0	2.121918358881765
242408.2834781693	3000.0	2596.4308704269147	0.0	0	0.0	3004.7143485959095	1	0	2.121918358881765
243268.8832881621	3000.0	2735.831060434122	0.0	0	0.0	3004.7143485959386	1	0	2.12191835888176
244200.0	3000.0	2804.7143485962256	0.0	0	180.99239925906295	3004.7143485959386	1	0	2.12191835888176
245200.0	3000.0	2804.7143485962215	0.0	0	322.7274355775153	3004.7143485959386	1	0	2.12191835888176
246200.0	3000.0	2804.71434859628	0.0	0	65.44997440237785	3004.7143485959677	1	0	2.1219183588817545
247200.0	3000.0	2804.714348596271	0.0	0	332.57347669504816	3004.7143485959677	1	0	2.1219183588817545
248200.0	3000.0	2804.714348596312	0.0	0	268.78804451599717	3004.714348595997	1	0	2.121918358881749
249200.0	3000.0	2804.714348596325	0.0	0	172.03910585783888	3004.714348595997	1	0	2.121918358881749
250339.9925994479	3000.0	2664.7217491484366	0.0	0	0.0	3004.714348595997	1	0	2.121918358881749
251399.0041835756	3000.0	2605.710165020725	0.0	0	0.0	3004.714348595997	1	0	2.121918358881749
252200.0	3000.0	2804.71434859633	0.0	0	84.86451351150754	3004.714348596026	1	0	2.121918358881744
253200.0	3000.0	2804.714348596324	0.0	0	332.39930393573013	3004.714348596026	1	0	2.121918358881744
254427.41639290255	3000.0	2577.2979556938103	0.0	0	0.0	3004.714348595997	1	0	2.1219183588817483
255410.77396990467	3000.0	2593.9403786917032	0.0	0	0.0	3004.7143485959677	1	0	2.1219183588817545
256318.95871858814	3000.0	2685.755630008246	0.0	0	0.0	3004.7143485959386	1	0	2.12191835888176
257200.0	3000.0	2804.714348596369	0.0	0	50.10407542905887	3004.7143485959386	1	0	2.12191835888176
258212.76545118986	3000.0	2791.948897406523	0.0	0	0.0	3004.7143485959677	1	0	2.121918358881756
259200.0	3000.0	2804.714348596411	0.0	0	47.0962044140615	3004.7143485959386	1	0	2.121918358881758
260200.0	3000.0	2804.7143485963975	0.0	0	71.39277924489579	3004.7143485959386	1	0	2.12191835888176
261200.0	3000.0	2804.7143485963907	0.0	0	434.27976528703584	3004.7143485959386	1	0	2.12191835888176
262200.0	3000.0	2804.7143485964157	0.0	0	242.13728043227457	3004.7143485959386	1	0	2.12191835888176
263200.0	3000.0	2804.7143485963556	0.0	0	191.77799779648194	3004.7143485958513	1	0	2.121918358881766
264200.0	3000.0	2804.714348596365	0.0	0	297.6081482830923	3004.7143485958513	1	0	2.121918358881776
265269.99510024	3000.0	2734.7192483563963	0.0	0	0.0	3004.7143485958804	1	0	2.121918358881769
266302.1694895258	3000.0	2702.5448590705814	0.0	0	0.0	3004.7143485958804	1	0	2.1219183588817705
267441.29707283684	3000.0	2563.4172757595447	0.0	0	0.0	3004.7143485958804	1	0	2.1219183588817705
268200.0	3000.0	2804.7143485963984	0.0	0	117.8033249367727	3004.7143485959386	1	0	2.12191835888176
269200.0	3000.0	2804.714348596364	0.0	0	115.1194627569057	3004.7143485959386	1	0	2.12191835888176
270200.0	3000.0	2804.7143485964366	0.0	0	118.08944789646193	3004.714348595997	1	0	2.1219183588817514
271200.0	3000.0	2804.7143485964793	0.0	0	147.0935947946855	3004.7143485959386	1	0	2.121918358881756
272292.0501402158	3000.0	2712.664208380709	0.0	0	0.0	3004.7143485959386	1	0	2.12191835888176
273200.0	3000.0	2804.714348596481	0.0	0	219.09477212029742	3004.7143485959386	1	0	2.12191835888176
274200.0	3000.0	2804.7143485964625	0.0	0	219.39212651463458	3004.7143485959386	1	0	2.12191835888176
275200.0	3000.0	2804.714348596483	0.0	0	25.643343894393183	3004.7143485959386	1	0	2.12191835888176
276200.0	3000.0	2804.7143485964975	0.0	0	235.71727475203807	3004.714348595997	1	0	2.1219183588817536
277200.0	3000.0	2804.714348596448	0.0	0	189.30203368124785	3004.714348596055	1	0	2.1219183588817425
278200.0	3000.0	2804.7143485964925	0.0	0	213.76464854634833	3004.7143485961133	1	0	2.121918358881728
279200.0	3000.0	2804.7143485964284	0.0	0	49.46826727682492	3004.7143485961133	1	0	2.121918358881728
280200.0	3000.0	2804.714348596446	0.0	0	199.92248828080483	3004.714348596055	1	0	2.1219183588817385
281338.83214637736	3000.0	2665.882202219058	0.0	0	0.0	3004.714348595997	1	0	2.121918358881749
282217.77648560936	3000.0	2786.9378629871353	0.0	0	0.0	3004.714348595997	1	0	2.121918358881749
283200.0	3000.0	2804.7143485964457	0.0	0	230.79460317775374	3004.7143485959386	1	0	2.121918358881756
284245.02898224606	3000.0	2759.685366350448	0.0	0	0.0	3004.7143485959386	1	0	2.12191835888176
285324.1149570961	3000.0	2680.5993915003587	0.0	0	0.0	3004.714348595997	1	0	2.1219183588817514
286650.7657048337	3000.0	2353.9486437626792	0.0	0	0.0	3004.714348595997	1	0	2.121918358881749
287350.37391621555	3000.0	2654.34043238089	0.0	0	0.0	3004.714348595997	1	0	2.121918358881749
288200.0	3000.0	2804.7143485964143	0.0	0	189.83688377647195	3004.714348595997	1	0	2.121918358881749
289200.0	3000.0	2804.7143485964402	0.0	0	6.8850344231468625	3004.714348595997	1	0	2.121918358881749
290205.0612199846	3000.0	2799.6531286118516	0.0	0	0.0	3004.714348595997	1	0	2.121918358881749
291200.0	3000.0	2804.7143485964502	0.0	0	329.7124227875611	3004.714348595997	1	0	2.121918358881749
292200.0	3000.0	2804.7143485964634	0.0	0	293.4582959705149	3004.714348595997	1	0	2.121918358881749
293200.0	3000.0	2804.714348596498	0.0	0	203.51539295184193	3004.7143485959386	1	0	2.121918358881756
294200.0	3000.0	2804.714348596533	0.0	0	106.28130133618833	3004.7143485959386	1	0	2.12191835888176
295200.0	3000.0	2804.7143485965626	0.0	0	211.6415302475216	3004.714348595997	1	0	2.1219183588817536
296200.0	3000.0	2804.7143485965953	0.0	0	284.1629150705412	3004.714348595997	1	0	2.121918358881749
297200.0	3000.0	2804.7143485966417	0.0	0	148.23021762183635	3004.714348596055	1	0	2.1219183588817385
298200.0	3000.0	2804.7143485966294	0.0	0	322.3159820639412	3004.714348596055	1	0	2.1219183588817385
299200.0	3000.0	2804.714348596611	0.0	0	199.46866317343665	3004.714348596055	1	0	2.1219183588817385
300200.0	3000.0	2804.714348596609	0.0	0	94.25607653532643	3004.714348596055	1	0	2.1219183588817385
4.26	3.08	2.2	3.83	3.74	2.97	3.02	3.5	3.17	3.26	2.84	2.63	2.99	3.39	2.72	2.87	2.88	1.46	4.49	4.4	3.89	4.24	3.5	3.64	4.38	3.5	3.01	2.21	2.59	4.84	3.32	3.45	3.13	4.18	3.5	2.8	3.17	3.8	4.17	4.94	3.85	3.15	3.86	3.76	3.26	3.83	4.12	3.72	3.53	3.1	3.79	3.14	2.77	2.64	4.01	4.14	3.14	3.79	2.71	3.95	3.42	3.27	4.6	3.41	5.27	3.65	4.01	3.32	3.44	2.91	4.36	3.89	3.79	3.44	2.27	3.88	3.46	3.7	4.7	3.72	3.13	4.69	3.46	2.95	3.98	4.59	3.94	3.96	4.03	3.27	3.08	4.25	4.63	3.89	3.89	3.92	4.69	2.91	4.34	2.27	4.6	3.57	2.46	3.68	3.58	3.3	4.12	3.31	5.29	4.6	4.3	4.52	3.06	3.76	3.29	3.59	4.2	3.54	4.27	3.97	3.3	3.75	3.63	4.75	4.22	4.0	3.7	3.5	3.46	3.58	4.26	3.73	2.58	2.68	3.29	4.44	2.99	4.41	3.73	3.3	3.35	3.96	4.08	4.37	3.21	3.56	4.78	3.72	2.43	4.07	4.26	3.08	2.2	3.83	3.74	2.97	3.02	3.5	3.17	3.26	2.84	2.63	2.99	3.39	2.72	2.87	2.88	1.46	4.49	4.4	3.89	4.24	3.5	3.64	4.38	3.5	3.01	2.21	2.59	4.84	3.32	3.45	3.13	4.18	3.5	2.8	3.17	3.8	4.17	4.94	3.85	3.15	3.86	3.76	3.26	3.83	4.12	3.72	3.53	3.1	3.79	3.14	2.77	2.64	4.01	4.14	3.14	3.79	2.71	3.95	3.42	3.27	4.6	3.41	5.27	3.65	4.01	3.32	3.44	2.91	4.36	3.89	3.79	3.44	2.27	3.88	3.46	3.7	4.7	3.72	3.13	4.69	3.46	2.95	3.98	4.59	3.94	3.96	4.03	3.27	3.08	4.25	4.63	3.89	3.89	3.92	4.69	2.91	4.34	2.27	4.6	3.57	2.46	3.68	3.58	3.3	4.12	3.31	5.29	4.6	4.3	4.52	3.06	3.76	3.29	3.59	4.2	3.54	4.27	3.97	3.3	3.75	3.63	4.75	4.22	4.0	3.7	3.5	3.46	3.58	4.26	3.73	2.58	2.68	3.29	4.44	2.99	4.41	3.73	3.3	3.35	3.96	4.08	4.37	3.21	3.56	4.78	3.72	2.43	4.07	4.26	3.08	2.2
1.0	2.0	3.0	4.0	5.0	6.0	7.0	8.0	9.0	10.0	11.0	12.0	13.0	14.0	15.0	16.0	17.0	18.0	19.0	20.0	21.0	22.0	23.0	24.0	25.0	26.0	27.0	28.0	29.0	30.0	31.0	32.0	33.0	34.0	35.0	36.0	37.0	38.0	39.0	40.0	41.0	42.0	43.0	44.0	45.0	46.0	47.0	48.0	49.0	50.0	51.0	52.0	53.0	54.0	55.0	56.0	57.0	58.0	59.0	60.0	61.0	62.0	63.0	64.0	65.0	66.0	67.0	68.0	69.0	70.0	71.0	72.0	73.0	74.0	75.0	76.0	77.0	78.0	79.0	80.0	81.0	82.0	83.0	84.0	85.0	86.0	87.0	88.0	89.0	90.0	91.0	92.0	93.0	94.0	95.0	96.0	97.0	98.0	99.0	100.0	101.0	102.0	103.0	104.0	105.0	106.0	107.0	108.0	109.0	110.0	111.0	112.0	113.0	114.0	115.0	116.0	117.0	118.0	119.0	120.0	121.0	122.0	123.0	124.0	125.0	126.0	127.0	128.0	129.0	130.0	131.0	132.0	133.0	134.0	135.0	136.0	137.0	138.0	139.0	140.0	141.0	142.0	143.0	144.0	145.0	146.0	147.0	148.0	149.0	149.0	150.0	151.0	152.0	153.0	154.0	155.0	156.0	157.0	158.0	159.0	160.0	161.0	162.0	163.0	164.0	165.0	166.0	167.0	168.0	169.0	170.0	171.0	172.0	173.0	174.0	175.0	176.0	177.0	178.0	179.0	180.0	181.0	182.0	183.0	184.0	185.0	186.0	187.0	188.0	189.0	190.0	191.0	192.0	193.0	194.0	195.0	196.0	197.0	198.0	199.0	200.0	201.0	202.0	203.0	204.0	205.0	206.0	207.0	208.0	209.0	210.0	211.0	212.0	213.0	214.0	215.0	216.0	217.0	218.0	219.0	220.0	221.0	222.0	223.0	224.0	225.0	226.0	227.0	228.0	229.0	230.0	231.0	232.0	233.0	234.0	235.0	236.0	237.0	238.0	239.0	240.0	241.0	242.0	243.0	244.0	245.0	246.0	247.0	248.0	249.0	250.0	251.0	252.0	253.0	254.0	255.0	256.0	257.0	258.0	259.0	260.0	261.0	262.0	263.0	264.0	265.0	266.0	267.0	268.0	269.0	270.0	271.0	272.0	273.0	274.0	275.0	276.0	277.0	278.0	279.0	280.0	281.0	282.0	283.0	284.0	285.0	286.0	287.0	288.0	289.0	290.0	291.0	292.0	293.0	294.0	295.0	296.0	297.0	298.0	298.0	299.0	300.0	301.0
2753.29570882001
