6005.553216567631	300.0	1000.0	109.8551731553622	0	0.0	6005.553216567631	0	0	-4.936868843408089
6116.025180266875	300.0	2000.0	110.47196369924383	0	0.0	6116.025180266875	1	0	-2.7491450844585663
6366.049990762755	1000.0	2749.9751895041195	0.0	0	0.0	6116.0251802668745	1	0	-2.106004703229026
6708.61621030981	2000.0	3407.408969957065	0.0	0	0.0	6116.0251802668745	1	0	-0.9020318989030893
6970.9915690419975	1000.0	4145.033611224879	0.0	0	0.0	6116.0251802668745	1	0	-1.5951790794630347
7206.60190794635	1000.0	4909.423272320526	0.0	0	0.0	6116.025180266874	1	0	-0.9020318989030887
7636.372962278665	3000.0	5479.652217988212	0.0	0	0.0	6116.025180266874	1	0	-0.9020318989030889
8203.937130338049	3000.0	5912.088049928829	0.0	0	0.0	6116.025180266874	1	0	0.19658038976502118
9200.0	6000.0	5916.025180266877	0.0	0	194.54840219476137	6116.025180266874	1	0	0.1965803897650208
10200.0	3000.0	5916.025180266875	0.0	0	314.79121449777085	6116.025180266873	1	0	-0.49656679079492305
11200.0	6000.0	5916.025180266874	0.0	0	13.313591433336114	6116.025180266872	1	0	0.1965803897650224
12200.0	6000.0	5916.025180266874	0.0	0	24.791759925339647	6116.025180266872	1	0	0.8897275703249685
13309.985645412453	6000.0	5806.039534854421	0.0	0	0.0	6116.025180266872	1	0	0.8897275703249685
14200.0	6000.0	5916.025180266874	0.0	0	33.48653656510214	6116.025180266872	1	0	0.8897275703249683
15659.678779580547	6000.0	5456.346400686329	0.0	0	0.0	6116.025180266874	1	0	0.8897275703249661
16476.106630138143	6000.0	5639.918550128732	0.0	0	0.0	6116.025180266875	1	0	0.8897275703249656
17767.070445680743	6000.0	5348.9547345861365	0.0	0	0.0	6116.025180266881	1	0	0.8897275703249612
18308.03612582665	3000.0	5807.989054440234	0.0	0	0.0	6116.0251802668845	1	0	-0.4965667907949338
19200.0	3000.0	5916.0251802668845	0.0	0	235.89203323594847	6116.0251802668845	1	0	0.19658038976501074
20200.0	3000.0	5916.0251802668845	0.0	0	319.1044870341575	6116.025180266883	1	0	0.19658038976501174
21200.0	3000.0	5916.025180266886	0.0	0	415.7743456479766	6116.0251802668845	1	0	0.19658038976501102
22243.984138173066	6000.0	5872.041042093822	0.0	0	0.0	6116.025180266886	1	0	0.19658038976500947
23200.0	6000.0	5916.025180266888	0.0	0	60.04943312595424	6116.025180266886	1	0	0.8897275703249535
24200.0	6000.0	5916.025180266884	0.0	0	193.05573906165228	6116.025180266883	1	0	0.8897275703249572
25401.10550296742	6000.0	5714.919677299462	0.0	0	0.0	6116.025180266883	1	0	0.8897275703249572
26392.387279998024	6000.0	5723.637900268857	0.0	0	0.0	6116.025180266883	1	0	0.8897275703249572
27359.965207929985	6000.0	5756.0599723368905	0.0	0	0.0	6116.025180266879	1	0	0.8897275703249613
28271.789283809747	6000.0	5844.235896457131	0.0	0	0.0	6116.025180266883	1	0	0.8897275703249572
29200.0	6000.0	5916.025180266875	0.0	0	247.64698990421675	6116.025180266883	1	0	0.8897275703249572
30668.680488335267	6000.0	5447.344691931607	0.0	0	0.0	6116.025180266883	1	0	0.8897275703249572
32017.6617906434	6000.0	5098.363389623477	0.0	0	0.0	6116.025180266879	1	0	0.8897275703249613
32929.824899963794	3000.0	5186.20028030308	0.0	0	0.0	6116.025180266875	1	0	-0.4965667907949272
33610.8827913626	3000.0	5505.142388904276	0.0	0	0.0	6116.025180266879	1	0	0.19658038976501968
34308.581696848734	3000.0	5807.443483418142	0.0	0	0.0	6116.025180266883	1	0	0.19658038976501313
35200.0	3000.0	5916.0251802668745	0.0	0	357.4450836474716	6116.025180266875	1	0	0.1965803897650154
36200.0	6000.0	5916.025180266875	0.0	0	443.7235319985484	6116.025180266879	1	0	0.19658038976501752
37589.96439910419	6000.0	5526.060781162687	0.0	0	0.0	6116.025180266883	1	0	0.8897275703249572
38938.30697878255	6000.0	5177.718201484319	0.0	0	0.0	6116.025180266886	1	0	0.8897275703249542
39872.846508820745	6000.0	5243.178671446123	0.0	0	0.0	6116.025180266886	1	0	0.8897275703249535
43045.94631479881	6000.0	3070.07886546806	0.0	0	0.0	6116.025180266886	1	0	0.8897275703249535
43429.091129929024	1000.0	3686.9340503378576	0.0	0	0.0	6116.025180266886	1	0	-2.6937913681311563
44119.14762167775	2000.0	3996.877558589132	0.0	0	0.0	6116.025180266886	1	0	-0.9020318989031015
44604.17672845072	2000.0	4511.848451816162	0.0	0	0.0	6116.025180266886	1	0	-0.20888471834315608
45145.02209500879	2000.0	4971.003085258089	0.0	0	0.0	6116.025180266886	1	0	-0.20888471834315608
46011.00854937029	3000.0	5105.016630896579	0.0	0	0.0	6116.025180266886	1	0	-0.20888471834315592
46802.50912608986	3000.0	5313.5160541770165	0.0	0	0.0	6116.025180266894	1	0	0.19658038976500203
47296.634004603555	3000.0	5819.391175663326	0.0	0	0.0	6116.025180266894	1	0	0.19658038976500203
48200.0	3000.0	5916.025180266878	0.0	0	307.8220412887604	6116.025180266894	1	0	0.19658038976500203
49200.0	6000.0	5916.025180266876	0.0	0	188.79460639078025	6116.025180266894	1	0	0.19658038976500192
50387.256632766286	6000.0	5728.768547500583	0.0	0	0.0	6116.025180266886	1	0	0.8897275703249535
52201.56337303852	6000.0	4914.4618072283565	0.0	0	0.0	6116.025180266894	1	0	0.8897275703249469
52875.98502062273	3000.0	5240.040159644152	0.0	0	0.0	6116.025180266894	1	0	-0.4965667907949429
53682.90002499427	3000.0	5433.125155272605	0.0	0	0.0	6116.025180266886	1	0	0.1965803897650087
54327.27600691594	3000.0	5788.74917335094	0.0	0	0.0	6116.025180266879	1	0	0.19658038976501646
55378.02608156147	3000.0	5737.999098705407	0.0	0	0.0	6116.025180266872	1	0	0.1965803897650234
56200.0	3000.0	5916.025180266877	0.0	0	5.351364867819939	6116.025180266872	1	0	0.1965803897650234
57200.0	3000.0	5916.025180266887	0.0	0	501.48670969229715	6116.025180266872	1	0	0.1965803897650234
58200.0	3000.0	5916.025180266883	0.0	0	210.1598019539888	6116.025180266872	1	0	0.1965803897650234
59200.0	3000.0	5916.025180266884	0.0	0	269.6343878894986	6116.025180266872	1	0	0.1965803897650234
60200.0	3000.0	5916.025180266883	0.0	0	386.5520180145468	6116.025180266879	1	0	0.19658038976501646
61200.0	3000.0	5916.025180266883	0.0	0	423.14183768119983	6116.025180266879	1	0	0.19658038976501646
62200.0	6000.0	5916.02518026689	0.0	0	15.774741289984377	6116.025180266886	1	0	0.19658038976500858
63257.74703794246	6000.0	5858.27814232443	0.0	0	0.0	6116.025180266886	1	0	0.8897275703249535
64467.11792178517	6000.0	5648.907258481727	0.0	0	0.0	6116.025180266886	1	0	0.8897275703249535
65242.668849039386	3000.0	5873.356331227517	0.0	0	0.0	6116.025180266894	1	0	-0.4965667907949429
66355.41302388837	3000.0	5760.612156378545	0.0	0	0.0	6116.025180266908	1	0	0.19658038976499348
67307.07619765117	3000.0	5808.9489826157605	0.0	0	0.0	6116.025180266923	1	0	0.19658038976497427
68200.0	3000.0	5916.025180266913	0.0	0	146.64984178285522	6116.025180266908	1	0	0.1965803897649785
69200.0	3000.0	5916.025180266914	0.0	0	279.12863008491695	6116.025180266915	1	0	0.19658038976497705
70200.0	3000.0	5916.025180266918	0.0	0	200.39716331519594	6116.025180266923	1	0	0.19658038976498132
71200.0	3000.0	5916.025180266919	0.0	0	322.91086901501694	6116.025180266923	1	0	0.19658038976497139
72200.0	3000.0	5916.025180266916	0.0	0	521.4118071623961	6116.025180266923	1	0	0.19658038976497144
73393.41802744221	6000.0	5722.607152824718	0.0	0	0.0	6116.025180266923	1	0	0.19658038976497272
74360.79432584306	6000.0	5755.230854423869	0.0	0	0.0	6116.025180266923	1	0	0.8897275703249177
75756.61720453856	6000.0	5359.407975728359	0.0	0	0.0	6116.025180266923	1	0	0.8897275703249177
77055.02084323313	6000.0	5061.004337033795	0.0	0	0.0	6116.025180266908	1	0	0.8897275703249319
78140.46034167864	6000.0	4975.564838588275	0.0	0	0.0	6116.025180266908	1	0	0.8897275703249319
78750.69507754776	6000.0	5365.330102719165	0.0	0	0.0	6116.025180266923	1	0	0.8897275703249177
80367.91464926726	6000.0	4748.110530999681	0.0	0	0.0	6116.025180266923	1	0	0.8897275703249177
81464.22323448202	3000.0	4651.801945784914	0.0	0	0.0	6116.025180266908	1	0	-0.4965667907949579
82318.82736961551	3000.0	4797.1978106514225	0.0	0	0.0	6116.025180266908	1	0	0.19658038976498704
83205.15235102341	3000.0	4910.872829243501	0.0	0	0.0	6116.025180266908	1	0	0.19658038976498704
83798.28664734826	3000.0	5317.738532918661	0.0	0	0.0	6116.025180266908	1	0	0.19658038976498704
84326.38000274678	3000.0	5789.645177520137	0.0	0	0.0	6116.025180266908	1	0	0.19658038976498704
85200.0	3000.0	5916.025180266914	0.0	0	408.4094790557865	6116.025180266908	1	0	0.19658038976498704
86200.0	3000.0	5916.0251802669045	0.0	0	154.04861258846358	6116.025180266908	1	0	0.19658038976498704
87200.0	3000.0	5916.025180266891	0.0	0	80.68249577590905	6116.025180266894	1	0	0.19658038976500203
88200.0	3000.0	5916.025180266893	0.0	0	97.95018880377756	6116.025180266894	1	0	0.19658038976500203
89200.0	3000.0	5916.025180266889	0.0	0	56.31756260606926	6116.025180266894	1	0	0.19658038976500203
90200.0	3000.0	5916.025180266882	0.0	0	444.43131816857203	6116.025180266908	1	0	0.19658038976498704
91200.0	3000.0	5916.025180266891	0.0	0	590.680726644292	6116.025180266908	1	0	0.19658038976498704
92525.61166470441	6000.0	5590.413515562466	0.0	0	0.0	6116.025180266908	1	0	0.19658038976498693
94142.19964525534	6000.0	4973.825535011536	0.0	0	0.0	6116.025180266908	1	0	0.8897275703249319
94748.63173831101	3000.0	5367.393441955857	0.0	0	0.0	6116.025180266908	1	0	-0.4965667907949579
95458.14700869344	3000.0	5657.878171573432	0.0	0	0.0	6116.025180266908	1	0	0.19658038976498704
96494.81775171933	3000.0	5621.207428547541	0.0	0	0.0	6116.025180266894	1	0	0.19658038976500203
97200.0	3000.0	5916.025180266884	0.0	0	97.49662220056052	6116.025180266908	1	0	0.19658038976498704
98200.0	3000.0	5916.025180266881	0.0	0	457.5571305962512	6116.025180266908	1	0	0.19658038976498704
99264.28524708078	6000.0	5851.739933186102	0.0	0	0.0	6116.025180266908	1	0	0.19658038976498693
100200.0	6000.0	5916.025180266892	0.0	0	134.73310852242867	6116.025180266908	1	0	0.8897275703249319
101200.0	6000.0	5916.025180266901	0.0	0	89.77285054088861	6116.025180266923	1	0	0.8897275703249177
102280.53474247518	6000.0	5835.490437791713	0.0	0	91.5690199584933	6116.025180266923	1	0	0.8897275703249177
103200.0	1000.0	5916.025180266892	0.0	0	424.0324365889828	6116.025180266923	1	0	-2.693791368131192
104200.0	3000.0	5916.025180266881	0.0	0	396.2158908697893	6116.025180266937	1	0	-0.902031898903151
105200.0	3000.0	5916.025180266871	0.0	0	436.9088748081558	6116.025180266937	1	0	0.19658038976495873
106200.0	3000.0	5916.025180266865	0.0	0	461.12591227397206	6116.025180266937	1	0	0.19658038976495873
107498.7394148238	6000.0	5617.285765443081	0.0	0	0.0	6116.025180266937	1	0	0.19658038976495862
109625.32636214492	6000.0	4490.698818121985	0.0	0	0.0	6116.025180266937	1	0	0.8897275703249036
110750.64204739501	3000.0	4365.383132871878	0.0	0	0.0	6116.025180266937	1	0	-0.4965667907949862
111654.7680939423	3000.0	4461.257086324583	0.0	0	0.0	6116.025180266923	1	0	0.19658038976497288
112614.72416182508	3000.0	4501.3010184418	0.0	0	0.0	6116.025180266923	1	0	0.19658038976497288
113493.6863277672	3000.0	4622.338852499706	0.0	0	0.0	6116.025180266937	1	0	0.19658038976495873
114260.58615289838	3000.0	4855.439027368524	0.0	0	0.0	6116.025180266937	1	0	0.19658038976495873
114866.61492268622	3000.0	5249.410257580681	0.0	0	0.0	6116.025180266937	1	0	0.19658038976495873
115747.08214675235	3000.0	5368.943033514557	0.0	0	0.0	6116.025180266937	1	0	0.19658038976495873
116265.2313597881	3000.0	5850.793820478805	0.0	0	0.0	6116.025180266937	1	0	0.19658038976495873
117200.0	3000.0	5916.025180266903	0.0	0	256.5398856770771	6116.025180266952	1	0	0.19658038976494346
118200.0	3000.0	5916.025180266897	0.0	0	107.59487641771557	6116.025180266952	1	0	0.19658038976494346
119468.21559068043	3000.0	5647.809589586475	0.0	0	0.0	6116.025180266952	1	0	0.19658038976494346
120200.0	3000.0	5916.0251802668945	0.0	0	21.478889856109163	6116.025180266952	1	0	0.19658038976494346
121200.0	3000.0	5916.025180266908	0.0	0	109.422218655076	6116.025180266952	1	0	0.19658038976494346
122200.0	3000.0	5916.025180266916	0.0	0	156.60926433665736	6116.025180266952	1	0	0.19658038976494346
123200.0	3000.0	5916.025180266918	0.0	0	396.2937825759436	6116.025180266952	1	0	0.19658038976494346
124200.0	3000.0	5916.025180266917	0.0	0	273.15282528469106	6116.025180266952	1	0	0.19658038976494346
125266.92882593042	3000.0	5849.096354336505	0.0	0	0.0	6116.025180266952	1	0	0.19658038976494346
126200.0	3000.0	5916.025180266915	0.0	0	352.08225429469894	6116.025180266952	1	0	0.19658038976494346
127200.0	3000.0	5916.025180266936	0.0	0	269.29766198831203	6116.025180266966	1	0	0.1965803897649293
128200.0	3000.0	5916.025180266947	0.0	0	431.7854983719735	6116.025180266966	1	0	0.1965803897649293
129675.3860217294	6000.0	5440.6391585375695	0.0	0	0.0	6116.025180266966	1	0	0.1965803897649292
130252.70853368111	3000.0	5863.316646585852	0.0	0	0.0	6116.025180266952	1	0	-0.4965667907950017
131200.0	3000.0	5916.025180266981	0.0	0	274.40198692059494	6116.025180266966	1	0	0.1965803897649293
132200.0	3000.0	5916.025180267009	0.0	0	174.43690081415116	6116.025180266995	1	0	0.19658038976490905
133200.0	6000.0	5916.025180267004	0.0	0	88.37013822191511	6116.025180266995	1	0	0.19658038976491476
134200.0	6000.0	5916.025180266986	0.0	0	385.7796039010864	6116.025180266981	1	0	0.8897275703248568
135200.0	6000.0	5916.0251802669745	0.0	0	499.6594167682051	6116.025180266966	1	0	0.8897275703248657
136200.0	6000.0	5916.0251802669945	0.0	0	263.99448896033573	6116.025180266995	1	0	0.8897275703248477
137316.73960026834	6000.0	5799.285579998664	0.0	0	0.0	6116.025180266995	1	0	0.8897275703248538
138740.7406683038	6000.0	5375.284511963215	0.0	0	0.0	6116.025180266995	1	0	0.8897275703248447
140089.72210278743	6000.0	5026.303077479568	0.0	0	0.0	6116.025180266995	1	0	0.8897275703248447
140818.90367169803	3000.0	5297.121508568962	0.0	0	0.0	6116.025180267025	1	0	-0.496566790795074
141445.60318406805	3000.0	5670.421996198919	0.0	0	0.0	6116.025180267025	1	0	0.19658038976487074
142200.0	3000.0	5916.025180266997	0.0	0	66.7568957580952	6116.025180267025	1	0	0.19658038976487074
143200.0	3000.0	5916.025180266969	0.0	0	359.0966694058734	6116.025180267025	1	0	0.19658038976487074
144204.09310503042	6000.0	5911.9320752365375	0.0	0	0.0	6116.025180267025	1	0	0.19658038976487058
145200.0	6000.0	5916.025180266947	0.0	0	182.59941996310954	6116.025180266995	1	0	0.8897275703248447
146211.5644099486	6000.0	5904.460770318346	0.0	0	0.0	6116.025180266966	1	0	0.8897275703248742
147371.7676056311	6000.0	5744.2575746358625	0.0	0	0.0	6116.025180266966	1	0	0.8897275703248742
148346.16483852398	6000.0	5769.860341742973	0.0	0	0.0	6116.025180266966	1	0	0.8897275703248742
149217.67185659183	6000.0	5898.3533236751355	0.0	0	0.0	6116.025180266995	1	0	0.8897275703248447
150705.82774142767	6000.0	5410.197438839317	0.0	0	0.0	6116.025180266995	1	0	0.8897275703248447
151815.93732452652	3000.0	5300.087855740438	0.0	0	0.0	6116.025180266995	1	0	-0.49656679079504507
152617.4244869631	3000.0	5498.600693303863	0.0	0	0.0	6116.025180266995	1	0	0.1965803897648999
153485.54465394837	3000.0	5630.4805263186045	0.0	0	0.0	6116.025180266995	1	0	0.1965803897648999
154234.66648137197	3000.0	5881.358698894995	0.0	0	0.0	6116.025180266995	1	0	0.1965803897648999
155200.0	3000.0	5916.025180266939	0.0	0	147.77898133237613	6116.025180266995	1	0	0.1965803897648999
156200.0	3000.0	5916.025180266938	0.0	0	333.9523950976145	6116.025180266995	1	0	0.1965803897648999
157200.0	3000.0	5916.025180266941	0.0	0	612.3550739589555	6116.025180267025	1	0	0.19658038976487074
158200.0	6000.0	5916.0251802669645	0.0	0	330.00956516331644	6116.025180267025	1	0	0.19658038976487058
159711.3887630125	6000.0	5404.636417254465	0.0	0	0.0	6116.025180267025	1	0	0.8897275703248155
160918.5251551192	6000.0	5197.500025147774	0.0	0	0.0	6116.025180266995	1	0	0.8897275703248447
161749.86481871078	6000.0	5366.160361556174	0.0	0	0.0	6116.025180266995	1	0	0.8897275703248447
162532.47463203716	6000.0	5583.550548229799	0.0	0	0.0	6116.025180266966	1	0	0.8897275703248742
163367.72090742463	6000.0	5748.30427284234	0.0	0	0.0	6116.025180266995	1	0	0.8897275703248447
164270.92381204705	6000.0	5845.10136821991	0.0	0	0.0	6116.025180266995	1	0	0.8897275703248447
165200.0	6000.0	5916.025180266946	0.0	0	77.37892985038343	6116.025180266995	1	0	0.8897275703248447
166200.0	6000.0	5916.025180266964	0.0	0	96.17157023376785	6116.025180266995	1	0	0.8897275703248447
167200.0	3000.0	5916.025180266919	0.0	0	101.77631929601193	6116.025180266995	1	0	-0.49656679079504507
168200.0	6000.0	5916.025180266911	0.0	0	21.233480444177985	6116.025180266995	1	0	0.19658038976489978
169200.0	6000.0	5916.02518026691	0.0	0	228.21640769563965	6116.025180266995	1	0	0.8897275703248447
170205.07529515287	6000.0	5910.949885114058	0.0	0	0.0	6116.025180266995	1	0	0.8897275703248447
171599.48285836622	6000.0	5516.542321900711	0.0	0	0.0	6116.025180266966	1	0	0.8897275703248742
172200.0	3000.0	5916.025180266925	0.0	0	154.92962041925057	6116.025180266966	1	0	-0.49656679079501564
173500.12454809796	6000.0	5615.900632168968	0.0	0	0.0	6116.025180266966	1	0	0.19658038976493508
174713.59141398084	6000.0	5402.433766286104	0.0	0	0.0	6116.025180266966	1	0	0.8897275703248742
175792.29628059783	6000.0	5323.728899669126	0.0	0	0.0	6116.025180266966	1	0	0.8897275703248742
176539.14263478422	6000.0	5576.882545482735	0.0	0	0.0	6116.025180266937	1	0	0.8897275703249036
177200.0	6000.0	5916.025180266944	0.0	0	56.730321084469324	6116.025180266908	1	0	0.8897275703249206
178200.0	6000.0	5916.025180266943	0.0	0	295.2197039600869	6116.025180266879	1	0	0.8897275703249613
179302.40472751213	6000.0	5813.620452754852	0.0	0	0.0	6116.025180266908	1	0	0.8897275703249378
181102.05122036688	6000.0	5013.9739599001	0.0	0	0.0	6116.025180266908	1	0	0.8897275703249319
182230.86426744	3000.0	4885.160912826966	0.0	0	0.0	6116.025180266908	1	0	-0.4965667907949579
183101.714460146	3000.0	5014.31072012093	0.0	0	0.0	6116.025180266879	1	0	0.1965803897650047
183588.64114206703	3000.0	5527.384038199929	0.0	0	0.0	6116.025180266879	1	0	0.19658038976501646
184200.0	3000.0	5916.025180266952	0.0	0	200.02053689028253	6116.025180266879	1	0	0.19658038976501646
185238.75167866837	6000.0	5877.2735015985545	0.0	0	0.0	6116.025180266879	1	0	0.19658038976501635
186652.12964152286	6000.0	5463.895538744118	0.0	0	0.0	6116.025180266908	1	0	0.8897275703249319
187680.32969677448	6000.0	5435.695483492495	0.0	0	0.0	6116.025180266908	1	0	0.8897275703249319
189420.96013806397	6000.0	4695.065042203006	0.0	0	0.0	6116.025180266879	1	0	0.8897275703249437
190467.83904510573	3000.0	4648.186135161219	0.0	0	0.0	6116.025180266879	1	0	-0.4965667907949285
192022.26345485196	3000.0	4093.7617254150164	0.0	0	0.0	6116.025180266879	1	0	0.19658038976501646
193012.3285419169	3000.0	4103.696638350099	0.0	0	0.0	6116.025180266879	1	0	0.19658038976501646
193585.5985200035	2000.0	4530.426660263515	0.0	0	0.0	6116.025180266879	1	0	-0.614349826451313
194055.10660396467	2000.0	5060.9185763023725	0.0	0	0.0	6116.025180266879	1	0	-0.2088847183431483
194756.8843613267	3000.0	5359.140818940362	0.0	0	0.0	6116.02518026685	1	0	-0.20888471834311928
195371.67723212804	3000.0	5744.347948139038	0.0	0	0.0	6116.02518026685	1	0	0.19658038976504533
196200.0	3000.0	5916.02518026709	0.0	0	112.21335942452424	6116.025180266821	1	0	0.19658038976507447
197200.0	3000.0	5916.0251802670955	0.0	0	581.6355521260703	6116.025180266821	1	0	0.19658038976507447
198440.99308431052	6000.0	5675.032095956606	0.0	0	0.0	6116.02518026685	1	0	0.19658038976505693
200405.28311506516	6000.0	4710.742065202011	0.0	0	0.0	6116.02518026685	1	0	0.8897275703249902
201460.71517627264	3000.0	4655.310003994534	0.0	0	0.0	6116.02518026685	1	0	-0.4965667907948996
202123.76055772195	3000.0	4992.264622545236	0.0	0	0.0	6116.025180266879	1	0	0.196580389765028
202888.20478593453	3000.0	5227.820394332659	0.0	0	0.0	6116.025180266879	1	0	0.19658038976501646
203580.6977138549	3000.0	5535.327466412272	0.0	0	0.0	6116.025180266879	1	0	0.19658038976501646
204343.46935600645	3000.0	5772.555824260739	0.0	0	0.0	6116.025180266908	1	0	0.19658038976498704
205200.0	3000.0	5916.02518026718	0.0	0	122.32560760798515	6116.025180266908	1	0	0.19658038976498704
206200.0	3000.0	5916.02518026719	0.0	0	512.6988068837672	6116.025180266908	1	0	0.19658038976498704
207793.91693387477	6000.0	5322.108246392409	0.0	0	0.0	6116.025180266879	1	0	0.19658038976501635
208647.6604933573	3000.0	5468.3646869098575	0.0	0	0.0	6116.025180266879	1	0	-0.4965667907949285
209483.07769863313	3000.0	5632.9474816340235	0.0	0	0.0	6116.025180266879	1	0	0.19658038976501646
210200.0	3000.0	5916.025180267131	0.0	0	146.04216129536508	6116.025180266879	1	0	0.19658038976501646
211200.0	6000.0	5916.025180267144	0.0	0	118.36427659742185	6116.025180266879	1	0	0.19658038976501635
212200.0	3000.0	5916.025180267143	0.0	0	360.4600819176121	6116.025180266879	1	0	-0.4965667907949285
213289.62129261123	6000.0	5826.403887655919	0.0	0	0.0	6116.025180266879	1	0	0.19658038976501635
214200.0	3000.0	5916.025180267159	0.0	0	107.73524519155035	6116.025180266879	1	0	-0.4965667907949285
215200.0	3000.0	5916.025180267172	0.0	0	343.9854008447728	6116.025180266908	1	0	0.19658038976498704
216200.0	3000.0	5916.025180267192	0.0	0	156.34373678537668	6116.025180266908	1	0	0.19658038976497005
217336.06789414192	3000.0	5779.957286125254	0.0	0	0.0	6116.025180266879	1	0	0.19658038976501646
218357.28180393355	3000.0	5758.743376333619	0.0	0	0.0	6116.025180266879	1	0	0.19658038976501646
219200.0	3000.0	5916.02518026715	0.0	0	39.23694809016888	6116.02518026685	1	0	0.19658038976504533
220200.0	3000.0	5916.02518026717	0.0	0	306.734626381367	6116.02518026685	1	0	0.19658038976504533
221200.0	3000.0	5916.02518026715	0.0	0	255.27344935984001	6116.025180266821	1	0	0.19658038976505698
222259.340481216	6000.0	5856.68469905115	0.0	0	0.0	6116.025180266821	1	0	0.19658038976507441
223666.7737712738	6000.0	5449.251408993368	0.0	0	0.0	6116.025180266821	1	0	0.8897275703250194
224974.40417986244	6000.0	5141.62100040471	0.0	0	0.0	6116.025180266821	1	0	0.8897275703250194
226310.9149435868	6000.0	4805.11023668034	0.0	0	0.0	6116.025180266821	1	0	0.8897275703250194
227197.7554439053	6000.0	4918.269736361823	0.0	0	0.0	6116.025180266821	1	0	0.8897275703250194
228205.74443209072	6000.0	4910.280748176408	0.0	0	0.0	6116.025180266792	1	0	0.8897275703250309
229146.8774544632	3000.0	4969.147725803973	0.0	0	0.0	6116.025180266792	1	0	-0.49656679079484084
230069.52469753192	3000.0	5046.500482735242	0.0	0	0.0	6116.025180266792	1	0	0.1965803897651039
231099.12724109396	3000.0	5016.897939173207	0.0	0	0.0	6116.025180266792	1	0	0.1965803897651039
232266.07888142773	3000.0	4849.946298839417	0.0	0	0.0	6116.025180266792	1	0	0.1965803897651039
232943.151327514	3000.0	5172.873852753146	0.0	0	0.0	6116.025180266763	1	0	0.19658038976510955
233446.51916055227	3000.0	5669.506019714912	0.0	0	0.0	6116.025180266763	1	0	0.1965803897651322
234200.0	3000.0	5916.025180267202	0.0	0	72.74631053209305	6116.025180266763	1	0	0.1965803897651322
235200.0	3000.0	5916.025180267177	0.0	0	320.1883190488443	6116.025180266763	1	0	0.1965803897651322
236200.0	3000.0	5916.025180267196	0.0	0	61.66419148843852	6116.025180266763	1	0	0.1965803897651322
237200.0	3000.0	5916.02518026722	0.0	0	153.03084295496228	6116.025180266763	1	0	0.1965803897651322
238200.0	3000.0	5916.02518026719	0.0	0	391.73484824807383	6116.025180266763	1	0	0.1965803897651322
239200.0	3000.0	5916.025180267185	0.0	0	320.28016676710104	6116.025180266763	1	0	0.1965803897651322
240200.0	6000.0	5916.0251802672055	0.0	0	152.38651283754734	6116.025180266763	1	0	0.19658038976513215
241359.2019697468	6000.0	5756.823210520419	0.0	0	0.0	6116.025180266763	1	0	0.8897275703250771
242766.48780636123	6000.0	5349.537373906001	0.0	0	0.0	6116.025180266763	1	0	0.8897275703250771
243647.02817266824	3000.0	5468.997007598996	0.0	0	0.0	6116.025180266763	1	0	-0.496566790794813
244464.8479284311	3000.0	5651.17725183614	0.0	0	0.0	6116.025180266763	1	0	0.1965803897651322
245365.66829130083	3000.0	5750.356888966369	0.0	0	0.0	6116.0251802667335	1	0	0.19658038976516107
246200.0	3000.0	5916.025180267179	0.0	0	225.98882371067884	6116.0251802667335	1	0	0.19658038976516107
247200.0	3000.0	5916.025180267172	0.0	0	414.7400820819603	6116.0251802667335	1	0	0.19658038976516107
248200.0	6000.0	5916.025180267185	0.0	0	67.98557443878963	6116.0251802667335	1	0	0.196580389765161
249336.1533940598	6000.0	5779.871786207405	0.0	0	0.0	6116.025180266704	1	0	0.8897275703251353
250200.0	6000.0	5916.025180267182	0.0	0	199.08549720281735	6116.025180266704	1	0	0.8897275703251353
251276.32428936404	6000.0	5839.700890903137	0.0	0	211.70928601108608	6116.025180266704	1	0	0.8897275703251353
252200.0	1000.0	5916.025180267165	0.0	0	508.36680495605106	6116.0251802667335	1	0	-2.6937913681310035
253200.0	3000.0	5916.025180267189	0.0	0	135.76396578302956	6116.0251802667335	1	0	-0.902031898902949
254200.0	3000.0	5916.025180267185	0.0	0	260.89559711597394	6116.0251802667335	1	0	0.19658038976516107
255200.0	3000.0	5916.025180267165	0.0	0	375.25046694203047	6116.025180266704	1	0	0.1965803897651905
256222.1540061417	3000.0	5893.871174125456	0.0	0	0.0	6116.025180266704	1	0	0.1965803897651905
257200.0	3000.0	5916.025180267127	0.0	0	289.291268194298	6116.025180266704	1	0	0.1965803897651905
258200.0	3000.0	5916.025180267148	0.0	0	240.85845949911163	6116.025180266704	1	0	0.1965803897651905
259200.0	3000.0	5916.025180267139	0.0	0	143.90283607473248	6116.025180266704	1	0	0.19658038976520797
260200.0	3000.0	5916.02518026713	0.0	0	24.62319952165126	6116.025180266704	1	0	0.1965803897651905
261200.0	3000.0	5916.025180267112	0.0	0	396.73614403087413	6116.025180266704	1	0	0.1965803897651905
262365.9992021093	3000.0	5750.02597815783	0.0	0	0.0	6116.025180266675	1	0	0.19658038976522535
263200.0	3000.0	5916.025180267152	0.0	0	110.28122595325112	6116.025180266675	1	0	0.19658038976520797
264200.0	3000.0	5916.025180267178	0.0	0	97.37105577916373	6116.025180266675	1	0	0.19658038976521963
265200.0	3000.0	5916.025180267159	0.0	0	236.10787774110213	6116.025180266675	1	0	0.19658038976523678
266200.0	3000.0	5916.025180267139	0.0	0	194.64249770133756	6116.025180266646	1	0	0.19658038976524833
267200.0	3000.0	5916.025180267171	0.0	0	16.793709098536056	6116.025180266675	1	0	0.19658038976523107
268296.44449310587	3000.0	5819.580687161358	0.0	0	0.0	6116.025180266763	1	0	0.1965803897651613
269200.0	3000.0	5916.025180267273	0.0	0	212.65921464329585	6116.025180266763	1	0	0.1965803897651322
270200.0	3000.0	5916.025180267232	0.0	0	393.26203833910404	6116.025180266821	1	0	0.19658038976507447
271200.0	3000.0	5916.025180267256	0.0	0	18.757416989421472	6116.025180266763	1	0	0.1965803897651091
272200.0	3000.0	5916.0251802672265	0.0	0	186.1653449278092	6116.025180266821	1	0	0.1965803897651091
273200.0	3000.0	5916.0251802672565	0.0	0	216.12479234213242	6116.025180266821	1	0	0.19658038976507447
274200.0	3000.0	5916.025180267245	0.0	0	3.7203967742971145	6116.025180266879	1	0	0.19658038976503966
275200.0	3000.0	5916.025180267271	0.0	0	390.59916711918777	6116.025180266879	1	0	0.19658038976501646
276200.0	3000.0	5916.025180267333	0.0	0	377.5092526098597	6116.025180266879	1	0	0.19658038976501646
277200.0	3000.0	5916.025180267376	0.0	0	224.6645771060721	6116.025180266879	1	0	0.19658038976501646
278863.1893577901	6000.0	5252.835822477254	0.0	0	0.0	6116.025180266879	1	0	0.19658038976501635
279302.34054423444	3000.0	5813.684636032941	0.0	0	0.0	6116.025180266879	1	0	-0.4965667907949285
280200.0	3000.0	5916.025180267357	0.0	0	377.174270633026	6116.025180266879	1	0	0.19658038976501646
281200.0	6000.0	5916.0251802673365	0.0	0	7.380646306031849	6116.025180266879	1	0	0.19658038976501635
282200.0	6000.0	5916.025180267306	0.0	0	82.65915932168718	6116.025180266937	1	0	0.8897275703249036
283200.0	6000.0	5916.025180267293	0.0	0	299.3534422371886	6116.025180266995	1	0	0.8897275703248447
284200.0	6000.0	5916.025180267246	0.0	0	494.11596937919967	6116.025180267054	1	0	0.889727570324787
285200.0	6000.0	5916.025180267237	0.0	0	244.72795755823608	6116.025180267054	1	0	0.889727570324787
286252.80645190575	6000.0	5863.218728361511	0.0	0	0.0	6116.025180267054	1	0	0.889727570324787
287200.0	6000.0	5916.025180267258	0.0	0	50.79145898367278	6116.025180266995	1	0	0.8897275703248447
288200.0	6000.0	5916.025180267273	0.0	0	209.81606091256253	6116.025180266937	1	0	0.8897275703248683
289593.2706324181	6000.0	5522.75454784919	0.0	0	0.0	6116.025180266937	1	0	0.8897275703249036
290365.45328208077	3000.0	5750.571898186518	0.0	0	0.0	6116.025180266995	1	0	-0.49656679079504507
291200.0	3000.0	5916.025180267218	0.0	0	249.48698823148152	6116.025180266995	1	0	0.19658038976486525
292200.0	3000.0	5916.025180267184	0.0	0	363.56564616865944	6116.025180266937	1	0	0.19658038976495873
293200.0	3000.0	5916.025180267195	0.0	0	573.2689495737432	6116.025180266937	1	0	0.19658038976495873
294470.9245856615	6000.0	5645.10059460569	0.0	0	0.0	6116.025180266937	1	0	0.19658038976495862
295540.94843426853	6000.0	5575.076745998661	0.0	0	0.0	6116.025180266937	1	0	0.8897275703249036
296815.862658335	6000.0	5300.162521932138	0.0	0	0.0	6116.025180266937	1	0	0.8897275703249036
297878.20015961677	6000.0	5237.825020650398	0.0	0	0.0	6116.025180266937	1	0	0.8897275703249036
299374.8952481736	6000.0	4741.129932093596	0.0	0	0.0	6116.025180266937	1	0	0.8897275703249036
300239.9086035098	3000.0	4876.116576757464	0.0	0	0.0	6116.025180266937	1	0	-0.4965667907949862
300961.25198207767	3000.0	5154.77319818959	0.0	0	0.0	6116.025180266937	1	0	0.19658038976495873
4.92	6.35	8.26	4.09	5.24	5.09	5.5	7.8	5.47	5.43	6.37	3.68	4.56	6.37	4.66	4.39	5.58	6.22	5.62	6.6	6.66	8.72	7.7	4.29	5.53	3.09	2.92	4.37	6.06	8.39	7.39	3.75	5.87	5.0	3.54	2.66	1.89	2.39	4.34	4.15	5.12	6.89	6.53	4.24	3.56	3.49	3.6	3.86	3.72	3.71	5.04	4.18	3.74	4.66	4.87	6.26	4.74	6.64	3.66	3.66	3.7	3.48	3.26	4.1	4.56	5.29	5.56	5.32	4.33	4.76	4.99	6.61	7.7	3.72	3.49	3.82	2.5	4.33	6.64	4.23	2.73	4.67	3.89	4.9	6.99	4.62	4.97	2.76	4.7	3.07	4.38	5.55	6.19	6.39	8.09	7.25	2.4	3.95	5.06	5.2	3.93	4.38	3.39	4.07	2.95	4.2	3.65	3.07	4.56	3.44	4.91	3.97	3.17	3.35	3.86	3.15	4.01	4.24	3.31	4.85	5.66	4.95	4.74	3.54	5.83	4.62	6.09	8.47	10.8	9.99	6.96	5.51	5.49	6.09	3.81	3.93	6.09	8.62	5.92	4.91	6.34	4.81	5.72	4.14	3.86	3.29	3.53	4.87	4.04	5.34	4.92	6.35	8.26	4.09	5.24	5.09	5.5	7.8	5.47	5.43	6.37	3.68	4.56	6.37	4.66	4.39	5.58	6.22	5.62	6.6	6.66	8.72	7.7	4.29	5.53	3.09	2.92	4.37	6.06	8.39	7.39	3.75	5.87	5.0	3.54	2.66	1.89	2.39	4.34	4.15	5.12	6.89	6.53	4.24	3.56	3.49	3.6	3.86	3.72	3.71	5.04	4.18	3.74	4.66	4.87	6.26	4.74	6.64	3.66	3.66	3.7	3.48	3.26	4.1	4.56	5.29	5.56	5.32	4.33	4.76	4.99	6.61	7.7	3.72	3.49	3.82	2.5	4.33	6.64	4.23	2.73	4.67	3.89	4.9	6.99	4.62	4.97	2.76	4.7	3.07	4.38	5.55	6.19	6.39	8.09	7.25	2.4	3.95	5.06	5.2	3.93	4.38	3.39	4.07	2.95	4.2	3.65	3.07	4.56	3.44	4.91	3.97	3.17	3.35	3.86	3.15	4.01	4.24	3.31	4.85	5.66	4.95	4.74	3.54	5.83	4.62	6.09	8.47	10.8	9.99	6.96	5.51	5.49	6.09	3.81	3.93	6.09	8.62	5.92	4.91	6.34	4.81	5.72	4.14	3.86	3.29	3.53	4.87	4.04	5.34	4.92	6.35	8.26
1.0	2.0	3.0	4.0	5.0	6.0	7.0	8.0	9.0	10.0	11.0	12.0	13.0	14.0	15.0	16.0	17.0	18.0	19.0	20.0	21.0	22.0	23.0	24.0	25.0	26.0	27.0	28.0	29.0	30.0	31.0	32.0	33.0	34.0	35.0	36.0	37.0	38.0	39.0	40.0	41.0	42.0	43.0	44.0	45.0	46.0	47.0	48.0	49.0	50.0	51.0	52.0	53.0	54.0	55.0	56.0	57.0	58.0	59.0	60.0	61.0	62.0	63.0	64.0	65.0	66.0	67.0	68.0	69.0	70.0	71.0	72.0	73.0	74.0	75.0	76.0	77.0	78.0	79.0	80.0	81.0	82.0	83.0	84.0	85.0	86.0	87.0	88.0	89.0	90.0	91.0	92.0	93.0	94.0	95.0	96.0	97.0	98.0	99.0	100.0	101.0	102.0	103.0	104.0	105.0	106.0	107.0	108.0	109.0	110.0	111.0	112.0	113.0	114.0	115.0	116.0	117.0	118.0	119.0	120.0	121.0	122.0	123.0	124.0	125.0	126.0	127.0	128.0	129.0	130.0	131.0	132.0	133.0	134.0	135.0	136.0	137.0	138.0	139.0	140.0	141.0	142.0	143.0	144.0	145.0	146.0	147.0	148.0	149.0	149.0	150.0	151.0	152.0	153.0	154.0	155.0	156.0	157.0	158.0	159.0	160.0	161.0	162.0	163.0	164.0	165.0	166.0	167.0	168.0	169.0	170.0	171.0	172.0	173.0	174.0	175.0	176.0	177.0	178.0	179.0	180.0	181.0	182.0	183.0	184.0	185.0	186.0	187.0	188.0	189.0	190.0	191.0	192.0	193.0	194.0	195.0	196.0	197.0	198.0	199.0	200.0	201.0	202.0	203.0	204.0	205.0	206.0	207.0	208.0	209.0	210.0	211.0	212.0	213.0	214.0	215.0	216.0	217.0	218.0	219.0	220.0	221.0	222.0	223.0	224.0	225.0	226.0	227.0	228.0	229.0	230.0	231.0	232.0	233.0	234.0	235.0	236.0	237.0	238.0	239.0	240.0	241.0	242.0	243.0	244.0	245.0	246.0	247.0	248.0	249.0	250.0	251.0	252.0	253.0	254.0	255.0	256.0	257.0	258.0	259.0	260.0	261.0	262.0	263.0	264.0	265.0	266.0	267.0	268.0	269.0	270.0	271.0	272.0	273.0	274.0	275.0	276.0	277.0	278.0	279.0	280.0	281.0	282.0	283.0	284.0	285.0	286.0	287.0	288.0	289.0	290.0	291.0	292.0	293.0	294.0	295.0	296.0	297.0	298.0	298.0	299.0	300.0	301.0
5895.698043412269
