4168.360138735411	300.0	1000.0	190.3196935860585	0	0.0	4168.360138735411	0	0	-3.9683183235959785
4358.193266282235	300.0	2000.0	189.83312754682473	0	0.0	4358.193266282235	1	0	-1.7557502048089946
4533.060559982899	300.0	2825.132706299336	0.0	0	0.0	4358.193266282235	1	0	-0.6389869870645191
5101.171624603363	1000.0	3257.021641678871	0.0	0	0.0	4358.193266282235	1	0	-0.6389869870645186
6243.223502794552	1000.0	3114.969763487682	0.0	0	0.0	4358.193266282234	1	0	0.5649858172614174
6981.264687866626	1000.0	3376.928578415607	0.0	0	0.0	4358.193266282233	1	0	0.5649858172614182
7441.658897813547	1000.0	3916.5343684686854	0.0	0	0.0	4358.193266282233	1	0	0.5649858172614182
8200.0	1000.0	4158.193266282231	0.0	0	247.089450825747	4358.193266282231	1	0	0.5649858172614189
9210.970656227919	2000.0	4147.222610054311	0.0	0	0.0	4358.193266282229	1	0	0.5649858172614194
10200.0	2000.0	4158.193266282229	0.0	0	172.26401198031454	4358.193266282229	1	0	1.2581329978213653
11211.614781841583	2000.0	4146.578484440645	0.0	0	0.0	4358.193266282228	1	0	1.2581329978213653
12709.224711382723	3000.0	3648.9685548995053	0.0	0	0.0	4358.193266282229	1	0	1.2581329978213658
13952.239228034616	2000.0	3405.954038247614	0.0	0	0.0	4358.193266282229	1	0	0.8526678897132005
15698.488302196007	2000.0	2659.7049640862224	0.0	0	0.0	4358.193266282229	1	0	1.2581329978213651
16964.770165449965	1000.0	2393.4231008322654	0.0	0	0.0	4358.193266282229	1	0	-0.1281613632985248
18055.56064971589	1000.0	2302.632616566341	0.0	0	0.0	4358.193266282229	1	0	0.5649858172614204
18788.89120743218	1000.0	2569.3020588500485	0.0	0	0.0	4358.193266282227	1	0	0.5649858172614206
19373.150248513153	1000.0	2985.043017769075	0.0	0	0.0	4358.193266282227	1	0	0.5649858172614204
19966.037193432832	1000.0	3392.1560728493973	0.0	0	0.0	4358.193266282229	1	0	0.5649858172614205
20487.055365895594	1000.0	3871.1379003866323	0.0	0	0.0	4358.193266282224	1	0	0.5649858172614219
22078.43075553878	2000.0	3279.7625107434515	0.0	0	0.0	4358.193266282229	1	0	0.5649858172614215
23244.767696518396	2000.0	3113.4255697638355	0.0	0	0.0	4358.193266282229	1	0	1.2581329978213651
24685.465659519923	2000.0	2672.7276067623093	0.0	0	0.0	4358.193266282229	1	0	1.2581329978213651
25672.296873867148	1000.0	2685.8963924150844	0.0	0	0.0	4358.193266282229	1	0	-0.12816136329852496
26508.084984569978	1000.0	2850.108281712257	0.0	0	0.0	4358.193266282229	1	0	0.5649858172614202
27852.466603056433	1000.0	2505.7266632258015	0.0	0	0.0	4358.193266282229	1	0	0.5649858172614202
28556.90234609662	500.0	2801.290920185612	0.0	0	0.0	4358.1932662822255	1	0	-0.8213085438584689
29946.853641425758	1000.0	2411.3396248564745	0.0	0	0.0	4358.1932662822255	1	0	-0.12816136329852346
30589.461044978776	1000.0	2768.732221303459	0.0	0	0.0	4358.1932662822255	1	0	0.5649858172614219
31307.86242403733	1000.0	3050.3308422449063	0.0	0	0.0	4358.1932662822255	1	0	0.5649858172614219
31793.448021058743	1000.0	3564.745245223496	0.0	0	0.0	4358.1932662822255	1	0	0.5649858172614219
32344.141071637972	1000.0	4014.0521946442673	0.0	0	0.0	4358.193266282229	1	0	0.5649858172614202
33200.0	2000.0	4158.193266282235	0.0	0	63.197558990854304	4358.193266282222	1	0	0.5649858172614219
34663.494946377345	2000.0	3694.6983199048877	0.0	0	0.0	4358.193266282218	1	0	1.258132997821368
35892.436936253405	2000.0	3465.7563300288334	0.0	0	0.0	4358.1932662822255	1	0	1.2581329978213691
37669.90566758238	2000.0	2688.287598699857	0.0	0	0.0	4358.193266282229	1	0	1.2581329978213651
38693.03926033056	1000.0	2665.154005951673	0.0	0	0.0	4358.193266282229	1	0	-0.12816136329852496
39408.81389110865	1000.0	2949.379375173577	0.0	0	0.0	4358.193266282222	1	0	0.5649858172614239
40131.80057883055	1000.0	3226.392687451672	0.0	0	0.0	4358.193266282222	1	0	0.5649858172614239
40733.27321402515	1000.0	3624.9200522570773	0.0	0	0.0	4358.193266282222	1	0	0.5649858172614239
41298.62373135491	1000.0	4059.5695349273074	0.0	0	0.0	4358.193266282215	1	0	0.5649858172614277
42950.31935691406	2000.0	3407.8739093681643	0.0	0	0.0	4358.193266282215	1	0	0.5649858172614277
44512.84256863125	2000.0	2845.350697650972	0.0	0	0.0	4358.193266282215	1	0	1.258132997821373
45179.57290894111	1000.0	3178.6203573411135	0.0	0	0.0	4358.193266282215	1	0	-0.12816136329851746
46359.51838217761	2000.0	2998.674884104617	0.0	0	0.0	4358.193266282215	1	0	0.5649858172614277
47559.426042856714	1000.0	2798.7672234255065	0.0	0	0.0	4358.193266282222	1	0	-0.12816136329852124
48362.60562099549	1000.0	2995.5876452867283	0.0	0	0.0	4358.193266282222	1	0	0.5649858172614239
49036.53775513125	1000.0	3321.6555111509742	0.0	0	0.0	4358.193266282222	1	0	0.5649858172614239
49784.038617993996	1000.0	3574.1546482882204	0.0	0	0.0	4358.193266282222	1	0	0.5649858172614239
50804.952025302424	1000.0	3553.241240979784	0.0	0	0.0	4358.193266282215	1	0	0.5649858172614277
51854.03064663285	1000.0	3504.162619649361	0.0	0	0.0	4358.193266282207	1	0	0.564985817261432
52994.31303507639	1000.0	3363.880231205823	0.0	0	0.0	4358.193266282207	1	0	0.564985817261432
54340.25025685404	1000.0	3017.943009428182	0.0	0	0.0	4358.193266282207	1	0	0.564985817261432
55252.241847174104	1000.0	3105.9514191081194	0.0	0	0.0	4358.193266282207	1	0	0.564985817261432
56128.529617320964	1000.0	3229.6636489612642	0.0	0	0.0	4358.193266282207	1	0	0.564985817261432
56982.91420132346	1000.0	3375.2790649587637	0.0	0	0.0	4358.193266282207	1	0	0.564985817261432
57793.618705744026	1000.0	3564.574560538205	0.0	0	0.0	4358.193266282215	1	0	0.5649858172614277
59183.26365377968	1000.0	3174.9296125025526	0.0	0	0.0	4358.193266282215	1	0	0.5649858172614277
60230.432395984266	1000.0	3127.7608702979624	0.0	0	0.0	4358.193266282215	1	0	0.5649858172614277
60857.061756306	1000.0	3501.1315099762355	0.0	0	0.0	4358.193266282215	1	0	0.5649858172614277
61588.376045334684	1000.0	3769.8172209475647	0.0	0	0.0	4358.193266282215	1	0	0.5649858172614277
62371.19062348236	1000.0	3987.002642799877	0.0	0	0.0	4358.193266282215	1	0	0.5649858172614277
63350.96547883336	1000.0	4007.2277874488805	0.0	0	0.0	4358.193266282215	1	0	0.5649858172614277
64400.0792400974	1000.0	3958.1140261848377	0.0	0	0.0	4358.193266282222	1	0	0.5649858172614239
65200.0	1000.0	4158.193266282243	0.0	0	26.173620387482515	4358.193266282222	1	0	0.5649858172614239
66200.0	1000.0	4158.193266282238	0.0	0	304.80247557212715	4358.193266282215	1	0	0.5649858172614262
67200.0	1000.0	4158.193266282236	0.0	0	254.2272105677839	4358.193266282215	1	0	0.5649858172614246
68200.0	1000.0	4158.193266282235	0.0	0	429.2890073349554	4358.193266282207	1	0	0.5649858172614328
69200.0	1000.0	4158.193266282218	0.0	0	107.868697210768	4358.1932662821855	1	0	0.5649858172614375
70200.0	2000.0	4158.193266282222	0.0	0	234.06015301978914	4358.193266282193	1	0	0.5649858172614399
71560.47691313054	2000.0	3797.716353151686	0.0	0	0.0	4358.193266282193	1	0	1.258132997821385
72701.47100718346	2000.0	3656.722259098773	0.0	0	0.0	4358.193266282207	1	0	1.2581329978213773
74812.8393065764	3000.0	2545.3539597058416	0.0	0	0.0	4358.193266282207	1	0	1.2581329978213773
75434.53010249686	1000.0	2923.663163785383	0.0	0	0.0	4358.193266282207	1	0	-0.5336264714066778
76253.80195584786	1000.0	3104.3913104344033	0.0	0	0.0	4358.193266282207	1	0	0.564985817261432
77443.50434543348	1000.0	2914.688920848762	0.0	0	0.0	4358.193266282207	1	0	0.564985817261432
78437.29301757124	1000.0	2920.9002487110124	0.0	0	0.0	4358.193266282207	1	0	0.564985817261432
79365.17890865507	1000.0	2993.0143576271735	0.0	0	0.0	4358.193266282207	1	0	0.564985817261432
80030.33191515782	1000.0	3327.861351124424	0.0	0	0.0	4358.193266282222	1	0	0.5649858172614239
80624.7552101591	1000.0	3733.4380561231405	0.0	0	0.0	4358.193266282222	1	0	0.5649858172614239
81234.81536988953	1000.0	4123.377896392707	0.0	0	0.0	4358.193266282222	1	0	0.5649858172614239
82468.08694615739	2000.0	3890.1063201248826	0.0	0	0.0	4358.193266282222	1	0	0.5649858172614238
83475.78950184303	2000.0	3882.4037644392397	0.0	0	0.0	4358.193266282207	1	0	1.2581329978213773
85389.93509108137	2000.0	2968.2581752008905	0.0	0	0.0	4358.193266282207	1	0	1.2581329978213773
86546.17616560095	2000.0	2812.01710068132	0.0	0	0.0	4358.193266282222	1	0	1.258132997821369
88040.48028271938	2000.0	2317.7129835628944	0.0	0	0.0	4358.193266282236	1	0	1.2581329978213613
88523.75156757797	1000.0	2834.4416987043073	0.0	0	0.0	4358.193266282236	1	0	-0.128161363298529
89765.83929806609	2000.0	2592.35396821622	0.0	0	0.0	4358.193266282236	1	0	0.5649858172614161
90374.03245965354	1000.0	2984.160806628765	0.0	0	0.0	4358.193266282236	1	0	-0.128161363298529
91038.68952072454	1000.0	3319.5037455577503	0.0	0	0.0	4358.193266282236	1	0	0.5649858172614162
91424.38549954657	1000.0	3933.8077667357284	0.0	0	0.0	4358.193266282251	1	0	0.5649858172614081
92569.37997701288	2000.0	3788.813289269419	0.0	0	0.0	4358.193266282251	1	0	0.564985817261408
93598.93109882445	2000.0	3759.2621674578463	0.0	0	0.0	4358.1932662822655	1	0	1.2581329978213454
95324.8594431743	2000.0	3033.333823108009	0.0	0	0.0	4358.1932662822655	1	0	1.2581329978213454
96414.06922224825	2000.0	2944.12404403405	0.0	0	0.0	4358.1932662822655	1	0	1.2581329978213454
96977.60886516994	1000.0	3380.584401112356	0.0	0	0.0	4358.193266282251	1	0	-0.1281613632985371
97881.43489384971	2000.0	3476.7583724325805	0.0	0	0.0	4358.193266282236	1	0	0.5649858172614161
99355.31678735996	2000.0	3002.876478922353	0.0	0	0.0	4358.193266282251	1	0	1.2581329978213531
99987.74438308159	1000.0	3370.4488832007232	0.0	0	0.0	4358.1932662822655	1	0	-0.12816136329854488
100790.6451253517	1000.0	3567.5481409306185	0.0	0	0.0	4358.1932662822655	1	0	0.5649858172614003
102035.89471837715	1000.0	3322.298547905162	0.0	0	0.0	4358.1932662822655	1	0	0.5649858172614003
103398.40477468495	1000.0	2959.788491597367	0.0	0	0.0	4358.1932662822655	1	0	0.5649858172614003
104002.25284365338	1000.0	3355.9404226289334	0.0	0	0.0	4358.1932662822655	1	0	0.5649858172614003
104974.41224690354	1000.0	3383.7810193787877	0.0	0	0.0	4358.19326628228	1	0	0.5649858172613925
105926.70577545762	1000.0	3431.4874908247016	0.0	0	0.0	4358.19326628228	1	0	0.5649858172613925
106974.35022710692	1000.0	3383.8430391754205	0.0	0	0.0	4358.193266282295	1	0	0.5649858172613843
108122.67818075031	1000.0	3235.515085532015	0.0	0	0.0	4358.193266282295	1	0	0.5649858172613843
108952.2141701928	1000.0	3405.9790960895175	0.0	0	0.0	4358.19326628228	1	0	0.5649858172613925
110046.82890336425	1000.0	3311.3643629180788	0.0	0	0.0	4358.19326628228	1	0	0.5649858172613925
110988.3800109989	1000.0	3369.8132552834245	0.0	0	0.0	4358.19326628228	1	0	0.5649858172613925
111676.0458050974	1000.0	3682.147461184935	0.0	0	0.0	4358.19326628228	1	0	0.5649858172613925
113359.36562672407	2000.0	2998.82763955825	0.0	0	0.0	4358.19326628228	1	0	0.5649858172613924
114639.31074998846	1000.0	2718.8825162938724	0.0	0	0.0	4358.193266282295	1	0	-0.12816136329856093
115880.46794957672	1000.0	2477.725316705617	0.0	0	0.0	4358.193266282295	1	0	0.5649858172613843
116832.28783653503	1000.0	2525.9054297473026	0.0	0	0.0	4358.193266282295	1	0	0.5649858172613843
117560.3016734553	1000.0	2797.8915928270253	0.0	0	0.0	4358.193266282295	1	0	0.5649858172613843
118451.6937600687	1000.0	2906.4995062136377	0.0	0	0.0	4358.19326628228	1	0	0.5649858172613925
119085.89203110647	1000.0	3272.301235175883	0.0	0	0.0	4358.19326628228	1	0	0.5649858172613925
119585.34433467506	1000.0	3772.8489316072937	0.0	0	0.0	4358.193266282295	1	0	0.5649858172613843
120261.73785863884	1000.0	4096.455407643512	0.0	0	0.0	4358.19326628228	1	0	0.5649858172613925
121373.15399851018	2000.0	3985.039267772167	0.0	0	0.0	4358.1932662822655	1	0	0.5649858172614002
122433.32759939718	2000.0	3924.8656668851845	0.0	0	0.0	4358.1932662822655	1	0	1.2581329978213454
123897.14657908858	2000.0	3461.04668719377	0.0	0	0.0	4358.1932662822655	1	0	1.2581329978213454
124658.4265704984	1000.0	3699.7666957839547	0.0	0	0.0	4358.1932662822655	1	0	-0.12816136329854488
126173.99273432653	2000.0	3184.2005319558116	0.0	0	0.0	4358.19326628228	1	0	0.5649858172613924
126932.65630225868	1000.0	3425.5369640236495	0.0	0	0.0	4358.19326628228	1	0	-0.12816136329855266
127561.2345290419	1000.0	3796.9587372404235	0.0	0	0.0	4358.19326628228	1	0	0.5649858172613925
128225.85293850326	1000.0	4132.34032777906	0.0	0	0.0	4358.19326628228	1	0	0.5649858172613925
129200.0	1000.0	4158.193266282334	0.0	0	232.94581065925013	4358.19326628228	1	0	0.5649858172613925
130200.0	1000.0	4158.193266282332	0.0	0	236.77561258419883	4358.1932662822655	1	0	0.5649858172614003
131264.9950456855	1000.0	4093.1982205968334	0.0	0	0.0	4358.1932662822655	1	0	0.5649858172614018
132756.73016701866	1000.0	3601.463099263637	0.0	0	0.0	4358.193266282222	1	0	0.564985817261416
133300.3783386989	1000.0	4057.8149275833903	0.0	0	0.0	4358.193266282251	1	0	0.5649858172614097
134200.0	1000.0	4158.193266282274	0.0	0	348.1641990436765	4358.193266282207	1	0	0.5649858172614193
135200.0	2000.0	4158.193266282285	0.0	0	85.0419568491634	4358.193266282207	1	0	0.5649858172614322
137557.38527809636	2000.0	2800.807988185932	0.0	0	0.0	4358.193266282207	1	0	1.2581329978213773
138434.17433661822	1000.0	2924.0189296640524	0.0	0	0.0	4358.193266282207	1	0	-0.1281613632985132
139271.1322803908	1000.0	3087.060985891469	0.0	0	0.0	4358.193266282207	1	0	0.564985817261432
139899.9101156566	1000.0	3458.283150625671	0.0	0	0.0	4358.193266282178	1	0	0.5649858172614476
140581.80962386113	1000.0	3776.383642421158	0.0	0	0.0	4358.193266282178	1	0	0.5649858172614476
141200.0	1000.0	4158.193266282276	0.0	0	113.4467717972584	4358.193266282178	1	0	0.5649858172614476
142200.0	1000.0	4158.193266282278	0.0	0	285.65495279963943	4358.193266282178	1	0	0.5649858172614476
143200.0	1000.0	4158.193266282302	0.0	0	6.7562363743491005	4358.193266282178	1	0	0.5649858172614476
144543.06211421284	2000.0	3815.131152069487	0.0	0	0.0	4358.193266282207	1	0	0.5649858172614322
145446.83405839748	2000.0	3911.3592078848365	0.0	0	0.0	4358.193266282207	1	0	1.2581329978213773
146471.78498078746	2000.0	3886.4082854948665	0.0	0	0.0	4358.193266282207	1	0	1.2581329978213773
148379.6275343643	2000.0	2978.5657319180627	0.0	0	0.0	4358.193266282207	1	0	1.2581329978213773
149202.05754332096	1000.0	3156.1357229614177	0.0	0	0.0	4358.193266282207	1	0	-0.1281613632985132
150753.59641198607	2000.0	2604.59685429625	0.0	0	0.0	4358.193266282207	1	0	0.5649858172614322
151253.68411639016	1000.0	3104.5091498921456	0.0	0	0.0	4358.193266282207	1	0	-0.1281613632985132
152094.60352698312	2000.0	3263.5897392991633	0.0	0	0.0	4358.193266282207	1	0	0.5649858172614322
152947.3143372653	2000.0	3410.8789290169957	0.0	0	0.0	4358.193266282207	1	0	1.2581329978213773
155077.8233119536	2000.0	2280.3699543286853	0.0	0	0.0	4358.193266282236	1	0	1.2581329978213742
155964.30978548943	1000.0	2393.8834807928606	0.0	0	0.0	4358.193266282207	1	0	-0.1281613632985132
156512.95896590408	1000.0	2845.234300378219	0.0	0	0.0	4358.193266282207	1	0	0.564985817261432
157106.19000437093	1000.0	3252.00326191134	0.0	0	0.0	4358.193266282178	1	0	0.5649858172614476
157588.48008860362	1000.0	3769.7131776786514	0.0	0	0.0	4358.193266282178	1	0	0.5649858172614476
158736.11290059736	2000.0	3622.080365684932	0.0	0	0.0	4358.193266282178	1	0	0.5649858172614477
159888.83773163878	2000.0	3469.3555346435164	0.0	0	0.0	4358.193266282178	1	0	1.2581329978213929
160664.23245707364	2000.0	3693.9608092086596	0.0	0	0.0	4358.193266282178	1	0	1.2581329978213929
161855.6143644857	3000.0	3502.578901796602	0.0	0	0.0	4358.193266282178	1	0	1.2581329978213929
162870.7837927839	2000.0	3487.409473498378	0.0	0	0.0	4358.193266282178	1	0	0.8526678897132283
164477.86356955476	2000.0	2880.3296967275505	0.0	0	0.0	4358.193266282178	1	0	1.2581329978213929
165643.95546794785	1000.0	2714.237798334462	0.0	0	0.0	4358.193266282178	1	0	-0.12816136329849764
166623.87870225808	1000.0	2734.314564024197	0.0	0	0.0	4358.193266282207	1	0	0.564985817261432
167783.4855595707	1000.0	2574.7077067116006	0.0	0	0.0	4358.193266282207	1	0	0.564985817261432
168493.5550439746	1000.0	2864.6382223076803	0.0	0	0.0	4358.193266282207	1	0	0.564985817261432
168933.50935196618	1000.0	3424.6839143160923	0.0	0	0.0	4358.193266282178	1	0	0.5649858172614476
170359.80521091179	2000.0	2998.3880553704807	0.0	0	0.0	4358.193266282178	1	0	0.5649858172614477
171158.64406266488	1000.0	3199.5492036174164	0.0	0	0.0	4358.193266282178	1	0	-0.12816136329849764
172201.43184285014	2000.0	3156.7614234321813	0.0	0	0.0	4358.193266282178	1	0	0.5649858172614477
173015.81982119102	1000.0	3342.3734450913184	0.0	0	0.0	4358.193266282178	1	0	-0.12816136329849764
173551.28478415674	1000.0	3806.908482125627	0.0	0	0.0	4358.193266282178	1	0	0.5649858172614476
175593.12291338205	2000.0	2765.070352900344	0.0	0	0.0	4358.193266282178	1	0	0.5649858172614477
176750.21972222775	1000.0	2607.9735440546647	0.0	0	0.0	4358.193266282149	1	0	-0.1281613632984816
177937.56404994734	1000.0	2420.629216335101	0.0	0	0.0	4358.193266282149	1	0	0.5649858172614636
178558.55301599536	500.0	2799.640250287072	0.0	0	0.0	4358.193266282149	1	0	-0.8213085438584272
179398.17509628198	1000.0	2960.0181700004537	0.0	0	0.0	4358.193266282149	1	0	-0.12816136329848182
180051.65895178658	1000.0	3306.534314495876	0.0	0	0.0	4358.193266282178	1	0	0.5649858172614571
180730.22033908239	1000.0	3627.9729272000513	0.0	0	0.0	4358.193266282178	1	0	0.5649858172614476
181232.05655138555	1000.0	4126.13671489688	0.0	0	0.0	4358.193266282207	1	0	0.564985817261432
182200.0	2000.0	4158.193266282459	0.0	0	217.71642881529988	4358.193266282207	1	0	0.5649858172614322
183546.33333529063	2000.0	3811.859930991872	0.0	0	0.0	4358.1932662822655	1	0	1.2581329978213485
184512.29481310892	2000.0	3845.898453173569	0.0	0	0.0	4358.1932662822655	1	0	1.2581329978213454
185796.74730075058	2000.0	3561.4459655319474	0.0	0	0.0	4358.1932662822655	1	0	1.2581329978213454
187323.08456526644	2000.0	3035.1087010160672	0.0	0	0.0	4358.1932662822655	1	0	1.2581329978213454
187925.93010079887	1000.0	3432.2631654836327	0.0	0	0.0	4358.193266282295	1	0	-0.12816136329856093
188493.84617756243	1000.0	3864.3470887200924	0.0	0	0.0	4358.193266282295	1	0	0.5649858172613843
189275.88986485274	1000.0	4082.3034014298073	0.0	0	0.0	4358.193266282295	1	0	0.5649858172613843
190200.0	1000.0	4158.193266282546	0.0	0	121.43360276080784	4358.193266282295	1	0	0.5649858172613843
191200.0	1000.0	4158.193266282521	0.0	0	373.2342026270926	4358.193266282295	1	0	0.5649858172613843
192506.26158260996	2000.0	3851.931683672532	0.0	0	0.0	4358.193266282324	1	0	0.5649858172613683
194098.26139084715	2000.0	3259.931875435342	0.0	0	0.0	4358.193266282324	1	0	1.2581329978213134
194802.39987083798	1000.0	3555.7933954445216	0.0	0	0.0	4358.193266282324	1	0	-0.12816136329857675
196851.11783447233	2000.0	2507.0754318101676	0.0	0	0.0	4358.193266282324	1	0	0.5649858172613683
197248.96505022678	500.0	3109.2282160557174	0.0	0	0.0	4358.193266282295	1	0	-1.5144557244184518
197981.51968363696	1000.0	3376.673582645542	0.0	0	0.0	4358.193266282295	1	0	-0.12816136329856115
198903.14000222372	1000.0	3455.053264058787	0.0	0	0.0	4358.1932662822655	1	0	0.5649858172614003
199555.69755703304	1000.0	3802.4957092494546	0.0	0	0.0	4358.1932662822655	1	0	0.5649858172614003
200639.04666483903	1000.0	3719.1466014434727	0.0	0	0.0	4358.1932662822655	1	0	0.5649858172614003
201867.52889290286	1000.0	3490.6643733796514	0.0	0	0.0	4358.1932662822655	1	0	0.5649858172614003
202673.39026432135	1000.0	3684.8030019611847	0.0	0	0.0	4358.193266282295	1	0	0.5649858172613843
203508.43817652646	1000.0	3849.7550897560845	0.0	0	0.0	4358.1932662822655	1	0	0.5649858172614003
204312.18150406014	1000.0	4046.011762222433	0.0	0	0.0	4358.1932662822655	1	0	0.5649858172614003
205200.0	1000.0	4158.193266282601	0.0	0	134.82187415711815	4358.1932662822655	1	0	0.5649858172614003
206200.0	1000.0	4158.193266282617	0.0	0	165.0952346661943	4358.1932662822655	1	0	0.5649858172614003
207299.12209834164	1000.0	4059.071167940957	0.0	0	151.9221378985967	4358.1932662822655	1	0	0.5649858172614003
208663.38394686094	1000.0	3694.8093194216835	0.0	0	0.0	4358.1932662822655	1	0	0.5649858172614003
209466.40113479493	1000.0	3891.792131487711	0.0	0	0.0	4358.1932662822655	1	0	0.5649858172614003
210200.0	1000.0	4158.193266282605	0.0	0	126.36239921444212	4358.193266282236	1	0	0.5649858172614066
211200.0	1000.0	4158.193266282575	0.0	0	255.55959371844074	4358.193266282207	1	0	0.564985817261432
212200.0	1000.0	4158.193266282595	0.0	0	113.83259123764583	4358.193266282207	1	0	0.564985817261432
213439.4610071956	1000.0	3918.732259086974	0.0	0	0.0	4358.193266282207	1	0	0.564985817261432
214304.67548512178	1000.0	4053.517781160809	0.0	0	0.0	4358.193266282207	1	0	0.564985817261432
215285.91636173605	1000.0	4072.2769045465525	0.0	0	0.0	4358.193266282178	1	0	0.5649858172614414
216433.41467133796	1000.0	3924.778594944649	0.0	0	0.0	4358.193266282149	1	0	0.5649858172614604
217292.79611248503	1000.0	4065.397153797563	0.0	0	0.0	4358.193266282178	1	0	0.5649858172614476
218207.89993888605	1000.0	4150.293327396548	0.0	0	0.0	4358.193266282178	1	0	0.5649858172614476
219200.0	1000.0	4158.193266282589	0.0	0	495.97539847757434	4358.193266282178	1	0	0.5649858172614476
220587.63069997256	2000.0	3770.562566309996	0.0	0	0.0	4358.193266282178	1	0	0.5649858172614477
221849.03057163765	2000.0	3509.162694644893	0.0	0	0.0	4358.193266282178	1	0	1.2581329978213929
223782.755927328	3000.0	2575.437338954557	0.0	0	0.0	4358.193266282178	1	0	1.2581329978213929
224321.8825894942	1000.0	3036.3106767883746	0.0	0	0.0	4358.193266282207	1	0	-0.5336264714066778
226593.432635347	2000.0	1764.7606309355542	0.0	0	0.0	4358.193266282178	1	0	0.5649858172614477
226955.02676356508	500.0	2403.1665027174836	0.0	0	0.0	4358.193266282178	1	0	-1.5144557244183885
227879.92889112924	1000.0	2478.264375153313	0.0	0	0.0	4358.193266282207	1	0	-0.1281613632985134
228497.47611183854	1000.0	2860.717154444024	0.0	0	0.0	4358.193266282236	1	0	0.5649858172614162
229095.73895279356	1000.0	3262.4543134890223	0.0	0	0.0	4358.1932662822655	1	0	0.5649858172614003
229691.0348648412	1000.0	3667.1584014413984	0.0	0	0.0	4358.1932662822655	1	0	0.5649858172614003
230344.74259718173	1000.0	4013.450669100873	0.0	0	0.0	4358.1932662822655	1	0	0.5649858172614003
231737.8345456665	2000.0	3620.3587206160964	0.0	0	0.0	4358.1932662822655	1	0	0.5649858172614002
233512.28079760497	2000.0	2845.912468677637	0.0	0	0.0	4358.193266282236	1	0	1.2581329978213613
234330.03458029527	1000.0	3028.158685987333	0.0	0	0.0	4358.193266282236	1	0	-0.128161363298529
235034.65488365554	1000.0	3323.5383826270663	0.0	0	0.0	4358.1932662822655	1	0	0.564985817261413
235574.50089835314	1000.0	3783.6923679294487	0.0	0	0.0	4358.193266282295	1	0	0.5649858172613843
236324.66194918373	1000.0	4033.5313170988493	0.0	0	0.0	4358.193266282295	1	0	0.5649858172613843
237200.0	1000.0	4158.193266282602	0.0	0	298.281486077758	4358.193266282295	1	0	0.5649858172613843
238397.33811933818	2000.0	3960.8551469443964	0.0	0	0.0	4358.193266282295	1	0	0.5649858172613844
240034.73816812213	2000.0	3323.4550981604516	0.0	0	0.0	4358.193266282295	1	0	1.2581329978213296
240906.79465214355	2000.0	3451.398614139031	0.0	0	0.0	4358.193266282295	1	0	1.2581329978213296
241881.2186014596	2000.0	3476.974664823002	0.0	0	0.0	4358.193266282295	1	0	1.2581329978213296
242925.63409151122	2000.0	3432.5591747714175	0.0	0	0.0	4358.193266282324	1	0	1.2581329978213134
244373.66817180678	2000.0	2984.525094475869	0.0	0	0.0	4358.193266282295	1	0	1.2581329978213296
245597.8787766912	2000.0	2760.3144895914215	0.0	0	0.0	4358.193266282324	1	0	1.2581329978213134
246013.554060553	1000.0	3344.639205729625	0.0	0	0.0	4358.193266282295	1	0	-0.12816136329856093
247837.84273322806	2000.0	2520.3505330545504	0.0	0	0.0	4358.193266282295	1	0	0.5649858172613844
248667.83355697754	1000.0	2690.359709305063	0.0	0	0.0	4358.193266282295	1	0	-0.12816136329856093
249286.23280523988	1000.0	3071.960461042708	0.0	0	0.0	4358.1932662822655	1	0	0.5649858172614003
249940.82591052374	1000.0	3417.3673557588627	0.0	0	0.0	4358.1932662822655	1	0	0.5649858172614003
250992.45752370535	1000.0	3365.7357425772707	0.0	0	0.0	4358.193266282295	1	0	0.5649858172613971
251973.26514314004	1000.0	3384.9281231425794	0.0	0	0.0	4358.193266282295	1	0	0.5649858172613843
253049.4787543644	1000.0	3308.7145119182305	0.0	0	0.0	4358.193266282295	1	0	0.5649858172613843
253807.36373024664	1000.0	3550.829536035976	0.0	0	0.0	4358.193266282295	1	0	0.5649858172613843
254379.6217850976	1000.0	3978.571481185018	0.0	0	0.0	4358.193266282295	1	0	0.5649858172613843
255200.0	1000.0	4158.193266282618	0.0	0	122.00857866500155	4358.193266282295	1	0	0.5649858172613843
256560.3163808511	1000.0	3797.876885431529	0.0	0	0.0	4358.193266282295	1	0	0.5649858172613843
257409.11297938353	1000.0	3949.0802868990763	0.0	0	0.0	4358.193266282324	1	0	0.5649858172613684
258215.60989617562	1000.0	4142.583370106982	0.0	0	0.0	4358.193266282295	1	0	0.5649858172613843
259200.0	1000.0	4158.193266282633	0.0	0	28.367247723595938	4358.193266282295	1	0	0.5649858172613843
260200.0	1000.0	4158.193266282646	0.0	0	112.12748035450932	4358.193266282295	1	0	0.5649858172613843
261487.73347244045	2000.0	3870.459793842215	0.0	0	0.0	4358.193266282295	1	0	0.5649858172613844
262516.5756125498	1000.0	3841.617653732865	0.0	0	0.0	4358.193266282295	1	0	-0.1281613632985577
263536.6204246281	1000.0	3821.5728416545608	0.0	0	0.0	4358.193266282295	1	0	0.5649858172613875
264821.01237070415	1000.0	3537.1808955784536	0.0	0	0.0	4358.193266282207	1	0	0.5649858172614066
265735.516944959	1000.0	3622.6763213236122	0.0	0	0.0	4358.193266282178	1	0	0.5649858172614287
266360.1925939074	1000.0	3998.000672375197	0.0	0	0.0	4358.193266282178	1	0	0.5649858172614539
267200.0	1000.0	4158.193266282604	0.0	0	115.35657559224637	4358.193266282207	1	0	0.564985817261432
268200.0	1000.0	4158.193266282599	0.0	0	282.641680941917	4358.1932662822655	1	0	0.5649858172614003
269200.0	1000.0	4158.193266282584	0.0	0	473.52870688727126	4358.1932662822655	1	0	0.5649858172614003
270730.5597585156	2000.0	3627.6335077670383	0.0	0	0.0	4358.193266282324	1	0	0.5649858172613683
272518.1594978072	2000.0	2840.033768475467	0.0	0	0.0	4358.193266282382	1	0	1.2581329978212945
273441.3158903462	1000.0	2916.877375936451	0.0	0	0.0	4358.19326628244	1	0	-0.12816136329863986
274155.411306021	1000.0	3202.7819602616214	0.0	0	0.0	4358.19326628244	1	0	0.5649858172613053
275059.1374689816	1000.0	3299.0557973009863	0.0	0	0.0	4358.193266282382	1	0	0.564985817261337
275727.11692123866	1000.0	3631.076345043932	0.0	0	0.0	4358.193266282382	1	0	0.564985817261337
276312.64926802885	1000.0	4045.5439982537146	0.0	0	0.0	4358.193266282382	1	0	0.564985817261337
277200.0	1000.0	4158.193266282611	0.0	0	90.51241638488136	4358.193266282382	1	0	0.564985817261337
278200.0	1000.0	4158.1932662826275	0.0	0	252.04231143539073	4358.19326628244	1	0	0.5649858172613053
279223.5141945307	1000.0	4134.6790717518725	0.0	0	22.052011308260262	4358.19326628244	1	0	0.5649858172613053
280847.97066461504	1000.0	3510.2226016675577	0.0	0	0.0	4358.19326628244	1	0	0.5649858172613053
282065.82440733025	1000.0	3292.368858952351	0.0	0	0.0	4358.19326628244	1	0	0.5649858172613053
283240.43946353986	2000.0	3117.7538027428163	0.0	0	0.0	4358.193266282498	1	0	0.5649858172612864
283902.6166333636	2000.0	3455.5766329191133	0.0	0	0.0	4358.193266282498	1	0	1.2581329978212192
285933.9222639588	2000.0	2424.2710023238888	0.0	0	0.0	4358.193266282498	1	0	1.2581329978212317
286347.50778716034	500.0	3010.685479122386	0.0	0	0.0	4358.193266282498	1	0	-1.514455724418562
286992.36408045236	1000.0	3365.829185830327	0.0	0	0.0	4358.193266282498	1	0	-0.12816136329867162
287594.6880307664	1000.0	3763.5052355163343	0.0	0	0.0	4358.193266282557	1	0	0.564985817261242
288277.05653083435	1000.0	4081.136735448349	0.0	0	0.0	4358.193266282498	1	0	0.5649858172612674
289200.0	1000.0	4158.193266282753	0.0	0	163.5575987364864	4358.193266282557	1	0	0.564985817261242
290200.0	1000.0	4158.193266282713	0.0	0	184.521201186697	4358.193266282615	1	0	0.5649858172612106
291200.0	1000.0	4158.1932662827185	0.0	0	368.3038490351173	4358.193266282615	1	0	0.5649858172612106
292200.0	1000.0	4158.193266282672	0.0	0	154.0140094808885	4358.193266282615	1	0	0.5649858172612106
293690.4512013107	2000.0	3667.7420649719347	0.0	0	0.0	4358.193266282615	1	0	0.5649858172612107
294807.77528531814	2000.0	3550.417980964456	0.0	0	0.0	4358.193266282615	1	0	1.2581329978211557
296502.908409893	2000.0	2855.2848563896114	0.0	0	0.0	4358.193266282615	1	0	1.2581329978211682
297310.9882194874	1000.0	3047.205046795154	0.0	0	0.0	4358.193266282615	1	0	-0.12816136329873468
298061.3161555149	1000.0	3296.8771107676534	0.0	0	0.0	4358.193266282557	1	0	0.5649858172612232
298617.6554689946	1000.0	3740.5377972880488	0.0	0	0.0	4358.193266282557	1	0	0.564985817261242
299200.0	1000.0	4158.193266282602	0.0	0	22.56415649194969	4358.193266282557	1	0	0.564985817261242
300201.2864022468	2000.0	4156.906864035817	0.0	0	0.0	4358.193266282498	1	0	0.564985817261274
1.61	0.86	1.55	1.8	1.99	2.22	1.34	2.47	2.78	2.02	0.94	1.2	0.97	0.98	1.11	2.04	2.13	0.96	1.47	1.41	1.67	1.17	1.0	0.61	0.73	1.05	1.47	2.06	2.35	1.37	1.84	1.85	1.64	1.34	1.37	1.53	1.77	1.96	1.37	1.71	1.34	1.64	0.86	0.81	1.56	1.3	1.23	0.76	0.94	0.94	1.2	1.02	1.24	1.45	0.44	0.86	1.48	1.83	1.2	1.02	0.88	1.32	1.07	1.39	1.32	1.95	2.1	1.38	2.42	1.97	1.45	1.44	0.97	1.17	1.32	1.46	2.06	1.6	1.97	1.75	0.8	1.71	1.71	1.8	1.84	1.46	1.65	2.13	1.78	1.61	1.38	1.78	2.13	1.7	1.19	1.55	1.71	0.95	0.86	1.3	1.05	1.47	0.71	1.09	1.45	1.17	1.24	1.76	1.11	1.05	0.83	1.09	1.18	1.22	1.53	1.85	1.61	1.67	1.47	1.25	1.78	1.18	1.31	1.56	1.73	1.51	0.78	0.72	0.97	1.81	2.65	1.49	0.78	1.19	1.54	1.53	1.7	1.36	0.94	1.34	1.77	2.28	1.3	1.34	1.45	1.88	1.6	2.53	2.14	1.32	1.61	0.86	1.55	1.8	1.99	2.22	1.34	2.47	2.78	2.02	0.94	1.2	0.97	0.98	1.11	2.04	2.13	0.96	1.47	1.41	1.67	1.17	1.0	0.61	0.73	1.05	1.47	2.06	2.35	1.37	1.84	1.85	1.64	1.34	1.37	1.53	1.77	1.96	1.37	1.71	1.34	1.64	0.86	0.81	1.56	1.3	1.23	0.76	0.94	0.94	1.2	1.02	1.24	1.45	0.44	0.86	1.48	1.83	1.2	1.02	0.88	1.32	1.07	1.39	1.32	1.95	2.1	1.38	2.42	1.97	1.45	1.44	0.97	1.17	1.32	1.46	2.06	1.6	1.97	1.75	0.8	1.71	1.71	1.8	1.84	1.46	1.65	2.13	1.78	1.61	1.38	1.78	2.13	1.7	1.19	1.55	1.71	0.95	0.86	1.3	1.05	1.47	0.71	1.09	1.45	1.17	1.24	1.76	1.11	1.05	0.83	1.09	1.18	1.22	1.53	1.85	1.61	1.67	1.47	1.25	1.78	1.18	1.31	1.56	1.73	1.51	0.78	0.72	0.97	1.81	2.65	1.49	0.78	1.19	1.54	1.53	1.7	1.36	0.94	1.34	1.77	2.28	1.3	1.34	1.45	1.88	1.6	2.53	2.14	1.32	1.61	0.86	1.55
1.0	2.0	3.0	4.0	5.0	6.0	7.0	8.0	9.0	10.0	11.0	12.0	13.0	14.0	15.0	16.0	17.0	18.0	19.0	20.0	21.0	22.0	23.0	24.0	25.0	26.0	27.0	28.0	29.0	30.0	31.0	32.0	33.0	34.0	35.0	36.0	37.0	38.0	39.0	40.0	41.0	42.0	43.0	44.0	45.0	46.0	47.0	48.0	49.0	50.0	51.0	52.0	53.0	54.0	55.0	56.0	57.0	58.0	59.0	60.0	61.0	62.0	63.0	64.0	65.0	66.0	67.0	68.0	69.0	70.0	71.0	72.0	73.0	74.0	75.0	76.0	77.0	78.0	79.0	80.0	81.0	82.0	83.0	84.0	85.0	86.0	87.0	88.0	89.0	90.0	91.0	92.0	93.0	94.0	95.0	96.0	97.0	98.0	99.0	100.0	101.0	102.0	103.0	104.0	105.0	106.0	107.0	108.0	109.0	110.0	111.0	112.0	113.0	114.0	115.0	116.0	117.0	118.0	119.0	120.0	121.0	122.0	123.0	124.0	125.0	126.0	127.0	128.0	129.0	130.0	131.0	132.0	133.0	134.0	135.0	136.0	137.0	138.0	139.0	140.0	141.0	142.0	143.0	144.0	145.0	146.0	147.0	148.0	149.0	149.0	150.0	151.0	152.0	153.0	154.0	155.0	156.0	157.0	158.0	159.0	160.0	161.0	162.0	163.0	164.0	165.0	166.0	167.0	168.0	169.0	170.0	171.0	172.0	173.0	174.0	175.0	176.0	177.0	178.0	179.0	180.0	181.0	182.0	183.0	184.0	185.0	186.0	187.0	188.0	189.0	190.0	191.0	192.0	193.0	194.0	195.0	196.0	197.0	198.0	199.0	200.0	201.0	202.0	203.0	204.0	205.0	206.0	207.0	208.0	209.0	210.0	211.0	212.0	213.0	214.0	215.0	216.0	217.0	218.0	219.0	220.0	221.0	222.0	223.0	224.0	225.0	226.0	227.0	228.0	229.0	230.0	231.0	232.0	233.0	234.0	235.0	236.0	237.0	238.0	239.0	240.0	241.0	242.0	243.0	244.0	245.0	246.0	247.0	248.0	249.0	250.0	251.0	252.0	253.0	254.0	255.0	256.0	257.0	258.0	259.0	260.0	261.0	262.0	263.0	264.0	265.0	266.0	267.0	268.0	269.0	270.0	271.0	272.0	273.0	274.0	275.0	276.0	277.0	278.0	279.0	280.0	281.0	282.0	283.0	284.0	285.0	286.0	287.0	288.0	289.0	290.0	291.0	292.0	293.0	294.0	295.0	296.0	297.0	298.0	298.0	299.0	300.0	301.0
3978.0404451493528
