2836.367035170235	300.0	1000.0	147.56002667929064	0	0.0	2836.367035170235	0	0	-2.930497017624591
2975.0668855436656	300.0	2000.0	138.6998503734305	0	0.0	2975.0668855436656	1	0	-1.0030992942255512
3831.1561372690376	2000.0	2143.9107482746285	0.0	0	0.0	2975.066885543666	1	0	-0.1753579230224947
4632.50669460021	3000.0	2342.5601909434563	0.0	0	0.0	2975.0668855436656	1	0	1.7217620618633864
5356.258648805223	3000.0	2618.8082367384427	0.0	0	0.0	2975.0668855436656	1	0	2.127227169971551
6200.0	3000.0	2775.066885543666	0.0	0	122.67296235988306	2975.066885543666	1	0	2.127227169971551
7200.0	3000.0	2775.066885543666	0.0	0	287.9987849462541	2975.066885543666	1	0	2.127227169971551
8567.536559754104	3000.0	2407.5303257895625	0.0	0	0.0	2975.066885543666	1	0	2.127227169971551
9940.567475521852	3000.0	2034.4994100218146	0.0	0	0.0	2975.066885543666	1	0	2.1272271699715515
11227.5880809335	3000.0	1747.4788046101664	0.0	0	0.0	2975.066885543667	1	0	2.127227169971551
12206.680213783558	3000.0	1768.3866717601074	0.0	0	0.0	2975.066885543667	1	0	2.127227169971551
12825.818443153883	3000.0	2149.2484423897827	0.0	0	0.0	2975.066885543667	1	0	2.127227169971551
13408.332870297036	3000.0	2566.7340152466304	0.0	0	0.0	2975.066885543667	1	0	2.127227169971551
14278.371862066673	3000.0	2696.695023476992	0.0	0	0.0	2975.066885543667	1	0	2.127227169971551
15291.692578780643	3000.0	2683.3743067630203	0.0	0	0.0	2975.066885543669	1	0	2.1272271699715506
16450.791364719134	3000.0	2524.2755208245294	0.0	0	0.0	2975.066885543669	1	0	2.1272271699715506
17698.34731860244	3000.0	2276.719566941222	0.0	0	0.0	2975.066885543665	1	0	2.1272271699715506
18827.798997859005	3000.0	2147.2678876846567	0.0	0	0.0	2975.066885543665	1	0	2.1272271699715515
20166.387180118687	3000.0	1808.6797054249755	0.0	0	0.0	2975.066885543667	1	0	2.127227169971551
21087.564770725567	2000.0	1887.5021148180967	0.0	0	0.0	2975.066885543667	1	0	1.3162969537552218
22078.091938600093	3000.0	1896.974946943569	0.0	0	0.0	2975.066885543667	1	0	1.7217620618633864
23170.39230938207	3000.0	1804.6745761615925	0.0	0	0.0	2975.066885543667	1	0	2.127227169971551
23825.208441818348	3000.0	2149.85844372532	0.0	0	0.0	2975.066885543667	1	0	2.127227169971551
24846.232190183964	3000.0	2128.8346953597056	0.0	0	0.0	2975.0668855436707	1	0	2.12722716997155
25200.0	500.0	2775.066885543671	0.0	0	88.47672103630248	2975.0668855436707	1	0	-1.4562917684845604
26200.0	500.0	2775.066885543671	0.0	0	727.8602518375083	2975.0668855436707	1	0	0.335467700743495
27453.419215352056	2000.0	2521.6476701916135	0.0	0	0.0	2975.066885543667	1	0	0.3354677007434957
29047.832219934007	3000.0	1927.234665609663	0.0	0	0.0	2975.066885543667	1	0	1.7217620618633864
29686.18231567949	2000.0	2288.8845698641862	0.0	0	0.0	2975.066885543667	1	0	1.3162969537552218
30598.45383958972	3000.0	2376.6130459539518	0.0	0	0.0	2975.066885543667	1	0	1.7217620618633864
32221.217512147537	3000.0	1753.8493733961357	0.0	0	0.0	2975.066885543667	1	0	2.127227169971551
33225.022468594296	2000.0	1750.0444169493808	0.0	0	0.0	2975.0668855436707	1	0	1.3162969537552216
33946.043780436696	2000.0	2029.0231051069777	0.0	0	0.0	2975.066885543667	1	0	1.7217620618633864
35114.13722376657	3000.0	1860.9296617771051	0.0	0	0.0	2975.0668855436707	1	0	1.721762061863386
35896.444620726805	3000.0	2078.622264816872	0.0	0	0.0	2975.066885543667	1	0	2.127227169971551
36639.43200077644	3000.0	2335.6348847672343	0.0	0	0.0	2975.0668855436597	1	0	2.1272271699715524
37496.9256023438	3000.0	2478.141283199881	0.0	0	0.0	2975.066885543667	1	0	2.127227169971551
38214.921333273196	3000.0	2760.145552270485	0.0	0	0.0	2975.066885543667	1	0	2.127227169971551
39200.0	3000.0	2775.066885543676	0.0	0	498.6344235725119	2975.066885543667	1	0	2.127227169971551
40200.0	3000.0	2775.066885543684	0.0	0	211.9112339435742	2975.0668855436743	1	0	2.1272271699715497
42238.23315234706	3000.0	1736.8337331966272	0.0	0	0.0	2975.066885543667	1	0	2.127227169971551
42547.59192814235	500.0	2427.4749574013404	0.0	0	0.0	2975.066885543667	1	0	-1.4562917684845595
43546.33391882705	2000.0	2428.73296671665	0.0	0	0.0	2975.066885543667	1	0	0.3354677007434957
44200.0	2000.0	2775.066885543693	0.0	0	41.455179950200545	2975.0668855436597	1	0	1.7217620618633875
45200.0	2000.0	2775.066885543692	0.0	0	56.924909166678844	2975.0668855436597	1	0	1.7217620618633875
46712.6738649769	3000.0	2262.3930205667884	0.0	0	0.0	2975.0668855436597	1	0	1.7217620618633878
47992.736226794106	2000.0	1982.3306587495917	0.0	0	0.0	2975.066885543667	1	0	1.3162969537552225
49019.47716862623	3000.0	1955.589716917461	0.0	0	0.0	2975.066885543667	1	0	1.7217620618633864
49824.663878567546	3000.0	2150.4030069761448	0.0	0	0.0	2975.066885543667	1	0	2.127227169971551
50559.19916357467	3000.0	2415.8677219690258	0.0	0	0.0	2975.066885543667	1	0	2.127227169971551
53017.36306299374	3000.0	957.7038225499542	0.0	0	0.0	2975.066885543667	1	0	2.127227169971551
53366.02910860565	500.0	1609.0377769380414	0.0	0	0.0	2975.066885543667	1	0	-1.4562917684845595
53694.25468868886	500.0	2280.8121968548367	0.0	0	0.0	2975.066885543667	1	0	0.33546770074349574
54200.0	1000.0	2775.0668855436966	0.0	0	131.97359368141042	2975.066885543667	1	0	0.33546770074349574
55763.060521636915	2000.0	2212.0063639067835	0.0	0	0.0	2975.066885543667	1	0	1.0286148813034413
56200.0	500.0	2775.066885543704	0.0	0	160.4638788675511	2975.0668855436743	1	0	-1.050826660376396
57649.73151370441	3000.0	2325.335371839292	0.0	0	0.0	2975.0668855436743	1	0	0.3354677007434944
58325.38566621333	2000.0	2649.681219330377	0.0	0	0.0	2975.0668855436743	1	0	1.3162969537552205
59303.327242778236	3000.0	2671.7396427654785	0.0	0	0.0	2975.0668855436816	1	0	1.7217620618633838
60572.013912949966	2000.0	2403.052972593757	0.0	0	0.0	2975.066885543689	1	0	1.3162969537552176
61200.0	1000.0	2775.0668855437284	0.0	0	59.52783502484817	2975.066885543689	1	0	0.33546770074349197
62976.66424250299	3000.0	1998.4026430407346	0.0	0	0.0	2975.066885543696	1	0	1.0286148813034361
63971.30207422341	2000.0	2003.7648113203165	0.0	0	0.0	2975.066885543696	1	0	1.3162969537552165
64796.22431972042	2000.0	2178.842565823299	0.0	0	0.0	2975.066885543696	1	0	1.721762061863381
65334.667276024666	2000.0	2640.3996095190532	0.0	0	0.0	2975.066885543696	1	0	1.721762061863381
66319.48695590247	3000.0	2655.5799296412483	0.0	0	0.0	2975.066885543696	1	0	1.7217620618633815
67200.0	3000.0	2775.066885543725	0.0	0	215.85187230209704	2975.0668855437034	1	0	2.1272271699715453
68202.42132333401	3000.0	2772.645562209707	0.0	0	0.0	2975.066885543696	1	0	2.1272271699715453
69212.87759280988	3000.0	2762.189292733831	0.0	0	0.0	2975.066885543696	1	0	2.1272271699715457
70200.0	3000.0	2775.066885543703	0.0	0	364.4203594997962	2975.066885543696	1	0	2.1272271699715457
71200.0	3000.0	2775.066885543702	0.0	0	363.1192516605661	2975.066885543696	1	0	2.1272271699715457
72200.0	3000.0	2775.0668855437043	0.0	0	223.33883621495625	2975.0668855436816	1	0	2.1272271699715484
73630.5797697298	3000.0	2344.4871158139204	0.0	0	0.0	2975.0668855436816	1	0	2.1272271699715484
74835.54985415055	3000.0	2139.517031393175	0.0	0	0.0	2975.066885543696	1	0	2.1272271699715457
76147.49968291231	2000.0	1827.5672026314205	0.0	0	0.0	2975.066885543696	1	0	1.3162969537552165
76903.48439002824	1000.0	2071.582495515502	0.0	0	0.0	2975.0668855437107	1	0	0.3354677007434882
78079.033525623	2000.0	1896.0333599207438	0.0	0	0.0	2975.0668855437107	1	0	1.0286148813034335
79043.48516128358	2000.0	1931.581724260177	0.0	0	0.0	2975.066885543725	1	0	1.7217620618633762
80233.73691849511	2000.0	1741.3299670486365	0.0	0	0.0	2975.066885543725	1	0	1.7217620618633762
81125.00289990401	2000.0	1850.0639856397306	0.0	0	0.0	2975.066885543725	1	0	1.7217620618633762
82068.96761450755	2000.0	1906.0992710361884	0.0	0	0.0	2975.066885543725	1	0	1.7217620618633762
83217.66454116564	2000.0	1757.4023443781005	0.0	0	0.0	2975.066885543725	1	0	1.7217620618633762
84551.04652391557	2000.0	1424.0203616281697	0.0	0	0.0	2975.0668855437398	1	0	1.7217620618633733
84915.64569629965	500.0	2059.4211892441144	0.0	0	0.0	2975.0668855437543	1	0	-1.0508266603764105
85266.37570813965	500.0	2708.6911774041196	0.0	0	0.0	2975.0668855437543	1	0	0.3354677007434802
86200.0	500.0	2775.0668855437502	0.0	0	666.7937860265811	2975.0668855437398	1	0	0.3354677007434828
87200.0	2000.0	2775.0668855437366	0.0	0	166.42067396255152	2975.0668855437398	1	0	0.33546770074348276
88337.18304081968	3000.0	2637.8838447240555	0.0	0	0.0	2975.0668855437398	1	0	1.7217620618633735
89266.64924407196	3000.0	2708.4176414717786	0.0	0	0.0	2975.0668855437398	1	0	2.127227169971538
90705.80515795528	3000.0	2269.261727588461	0.0	0	0.0	2975.0668855437398	1	0	2.127227169971538
91303.97203675553	2000.0	2671.094848788236	0.0	0	0.0	2975.0668855437543	1	0	1.3162969537552063
92516.5178433227	3000.0	2458.549042221062	0.0	0	0.0	2975.0668855437543	1	0	1.7217620618633709
94074.81946871932	3000.0	1900.2474168244553	0.0	0	0.0	2975.0668855437543	1	0	2.1272271699715355
94879.69262247875	2000.0	2095.3742630650218	0.0	0	0.0	2975.0668855437398	1	0	1.3162969537552087
96192.12265252077	3000.0	1782.94423302298	0.0	0	0.0	2975.066885543725	1	0	1.7217620618633762
97521.94638190093	3000.0	1453.1205036428066	0.0	0	0.0	2975.066885543725	1	0	2.127227169971541
98122.33901507955	2000.0	1852.7278704641635	0.0	0	0.0	2975.0668855437107	1	0	1.316296953755214
98978.7735414532	3000.0	1996.293344090488	0.0	0	0.0	2975.0668855437107	1	0	1.7217620618633789
99892.76543776227	3000.0	2082.3014477814263	0.0	0	0.0	2975.0668855437107	1	0	2.1272271699715435
100742.93670885269	3000.0	2232.130176690998	0.0	0	0.0	2975.0668855437107	1	0	2.1272271699715435
102270.2035012506	3000.0	1704.8633842931104	0.0	0	0.0	2975.0668855437107	1	0	2.1272271699715435
103647.8956631886	3000.0	1327.1712223551262	0.0	0	0.0	2975.0668855437107	1	0	2.1272271699715435
104358.26216868273	2000.0	1616.8047168609908	0.0	0	0.0	2975.066885543696	1	0	1.3162969537552165
106421.33305374715	3000.0	553.7338317965812	0.0	0	0.0	2975.066885543696	1	0	1.7217620618633813
106722.09709545589	500.0	1252.9697900878482	0.0	0	0.0	2975.066885543696	1	0	-1.4562917684845649
107020.26570804698	500.0	1954.8011774967526	0.0	0	0.0	2975.066885543696	1	0	0.3354677007434904
107416.4394438744	500.0	2558.6274416693236	0.0	0	0.0	2975.066885543696	1	0	0.3354677007434904
108200.0	500.0	2775.066885543712	0.0	0	464.5782156462665	2975.066885543696	1	0	0.3354677007434904
109200.0	500.0	2775.06688554372	0.0	0	796.9937280674058	2975.066885543696	1	0	0.3354677007434904
110200.0	2000.0	2775.066885543705	0.0	0	394.48740652456763	2975.066885543696	1	0	0.3354677007434905
111200.0	3000.0	2775.066885543718	0.0	0	38.18869387892482	2975.066885543696	1	0	1.7217620618633813
112252.55057640765	3000.0	2722.5163091360755	0.0	0	0.0	2975.0668855437107	1	0	2.1272271699715435
113200.53486982611	2000.0	2774.5320157176343	0.0	0	0.0	2975.0668855437107	1	0	1.316296953755214
114255.10912363368	3000.0	2719.957761910059	0.0	0	0.0	2975.0668855437107	1	0	1.7217620618633789
115258.97362930195	3000.0	2716.093256241801	0.0	0	0.0	2975.0668855437107	1	0	2.1272271699715435
116200.0	3000.0	2775.066885543744	0.0	0	228.77389707774273	2975.0668855437107	1	0	2.1272271699715435
117200.0	3000.0	2775.0668855437443	0.0	0	385.16524096571084	2975.0668855437107	1	0	2.1272271699715435
118257.6111036292	3000.0	2717.4557819145375	0.0	0	0.0	2975.0668855437107	1	0	2.1272271699715435
119574.06698265778	3000.0	2400.999902885955	0.0	0	0.0	2975.066885543696	1	0	2.1272271699715457
121566.86731550535	3000.0	1408.1995700383811	0.0	0	0.0	2975.066885543696	1	0	2.1272271699715457
121836.44884953376	500.0	2138.618036009978	0.0	0	0.0	2975.066885543696	1	0	-1.4562917684845649
122200.0	500.0	2775.0668855437407	0.0	0	39.12642251838406	2975.066885543696	1	0	0.3354677007434904
123260.76335925116	2000.0	2714.3035262925982	0.0	0	0.0	2975.0668855437107	1	0	0.3354677007434879
124867.95044205611	3000.0	2107.11644348763	0.0	0	0.0	2975.0668855437107	1	0	1.7217620618633789
125985.07835059839	2000.0	1989.9885349453575	0.0	0	0.0	2975.066885543696	1	0	1.3162969537552165
127366.3409865457	3000.0	1608.7258989980212	0.0	0	0.0	2975.066885543696	1	0	1.7217620618633813
129011.79175471657	2000.0	963.2751308271676	0.0	0	0.0	2975.066885543696	1	0	1.3162969537552165
129417.00602464603	500.0	1558.0608608977109	0.0	0	0.0	2975.066885543696	1	0	-1.0508266603764003
129683.69387298895	500.0	2291.3730125547895	0.0	0	0.0	2975.0668855436816	1	0	0.3354677007434931
130200.0	500.0	2775.066885543744	0.0	0	282.14290887484094	2975.066885543696	1	0	0.3354677007434904
131200.0	2000.0	2775.066885543749	0.0	0	228.5615217427985	2975.066885543696	1	0	0.3354677007434905
132200.0	3000.0	2775.0668855437852	0.0	0	106.8672647071653	2975.0668855437398	1	0	1.7217620618633782
133200.0	3000.0	2775.0668855437634	0.0	0	289.19406380556757	2975.0668855437107	1	0	2.127227169971542
134200.0	3000.0	2775.0668855437552	0.0	0	55.44952269672649	2975.066885543696	1	0	2.1272271699715453
135313.27692505045	3000.0	2661.789960493314	0.0	0	0.0	2975.066885543696	1	0	2.1272271699715457
136200.0	3000.0	2775.0668855437843	0.0	0	182.5394839591172	2975.066885543696	1	0	2.1272271699715457
137200.0	3000.0	2775.0668855437893	0.0	0	328.89334433467593	2975.066885543696	1	0	2.1272271699715457
138200.0	3000.0	2775.0668855438025	0.0	0	22.080816999281524	2975.066885543725	1	0	2.127227169971541
139200.0	3000.0	2775.066885543766	0.0	0	28.842506337998202	2975.066885543696	1	0	2.1272271699715457
140200.0	3000.0	2775.066885543779	0.0	0	83.40437232793192	2975.066885543725	1	0	2.127227169971541
141412.97641208666	3000.0	2562.0904734571504	0.0	0	0.0	2975.066885543725	1	0	2.127227169971541
142253.8783038826	3000.0	2721.1885816612103	0.0	0	0.0	2975.066885543725	1	0	2.127227169971541
143200.0	3000.0	2775.066885543841	0.0	0	316.68585266315495	2975.066885543725	1	0	2.127227169971541
144200.0	3000.0	2775.0668855438466	0.0	0	456.81304107647156	2975.066885543725	1	0	2.127227169971541
145200.0	3000.0	2775.06688554385	0.0	0	252.4120217723248	2975.066885543725	1	0	2.127227169971541
146275.20799397802	3000.0	2699.8588915658415	0.0	0	0.0	2975.0668855437543	1	0	2.1272271699715355
147989.13595638648	3000.0	1985.9309291573989	0.0	0	0.0	2975.0668855437543	1	0	2.1272271699715355
149298.34812758715	3000.0	1676.7187579567253	0.0	0	0.0	2975.066885543725	1	0	2.127227169971541
150143.0336580049	3000.0	1832.0332275389758	0.0	0	0.0	2975.0668855437543	1	0	2.1272271699715355
151229.41504288642	3000.0	1745.651842657415	0.0	0	0.0	2975.066885543725	1	0	2.127227169971541
152376.00502165235	3000.0	1599.0618638915057	0.0	0	0.0	2975.0668855437543	1	0	2.1272271699715355
153353.86837391305	3000.0	1621.1985116308342	0.0	0	0.0	2975.0668855437834	1	0	2.12722716997153
154422.42083277326	3000.0	1552.646052770639	0.0	0	0.0	2975.0668855437834	1	0	2.12722716997153
155103.186647922	3000.0	1871.8802376219073	0.0	0	0.0	2975.0668855438125	1	0	2.1272271699715253
156086.71405717122	3000.0	1888.3528283726882	0.0	0	0.0	2975.0668855437834	1	0	2.1272271699715284
157237.91353258587	3000.0	1737.1533529580558	0.0	0	0.0	2975.0668855437543	1	0	2.127227169971534
158129.0638366044	2000.0	1846.0030489395463	0.0	0	0.0	2975.0668855437543	1	0	1.3162969537552063
159217.74980179826	2000.0	1757.317083745674	0.0	0	0.0	2975.0668855437543	1	0	1.7217620618633709
160190.378951868	3000.0	1784.6879336759391	0.0	0	0.0	2975.0668855437543	1	0	1.7217620618633709
160777.7191791592	2000.0	2197.347706384756	0.0	0	0.0	2975.0668855437543	1	0	1.3162969537552063
161341.23978887402	3000.0	2633.8270966699474	0.0	0	0.0	2975.0668855437543	1	0	1.7217620618633709
162265.0763137879	3000.0	2709.99057175609	0.0	0	0.0	2975.0668855437543	1	0	2.1272271699715355
163459.74664566616	3000.0	2515.320239877797	0.0	0	0.0	2975.0668855437543	1	0	2.1272271699715355
164618.02681248626	3000.0	2357.040073057719	0.0	0	0.0	2975.0668855437543	1	0	2.1272271699715355
165872.0781449025	3000.0	2102.9887406414764	0.0	0	0.0	2975.066885543725	1	0	2.127227169971541
166864.17592088386	3000.0	2110.890964660099	0.0	0	0.0	2975.066885543725	1	0	2.127227169971541
168259.40465189604	3000.0	1715.6622336479254	0.0	0	0.0	2975.066885543725	1	0	2.127227169971541
169380.6364725578	3000.0	1594.4304129861684	0.0	0	0.0	2975.066885543725	1	0	2.127227169971541
170143.00664651417	2000.0	1832.0602390297618	0.0	0	0.0	2975.066885543725	1	0	1.3162969537552116
171127.20495322146	3000.0	1847.8619323224887	0.0	0	0.0	2975.066885543696	1	0	1.7217620618633804
172085.75274599952	3000.0	1889.3141395444309	0.0	0	0.0	2975.066885543696	1	0	2.1272271699715457
172887.48297231857	3000.0	2087.5839132253814	0.0	0	0.0	2975.066885543696	1	0	2.1272271699715457
173588.13556218802	3000.0	2386.9313233559237	0.0	0	0.0	2975.066885543696	1	0	2.1272271699715457
174504.37146547373	3000.0	2470.6954200702053	0.0	0	0.0	2975.066885543667	1	0	2.127227169971551
175989.85485418708	3000.0	1985.2120313568396	0.0	0	0.0	2975.066885543667	1	0	2.127227169971551
177284.67459510628	3000.0	1690.3922904376593	0.0	0	0.0	2975.066885543667	1	0	2.127227169971551
177966.40909500993	2000.0	2008.657790533995	0.0	0	0.0	2975.066885543638	1	0	1.3162969537552256
178878.28555815984	2000.0	2096.7813273840857	0.0	0	0.0	2975.066885543638	1	0	1.7217620618633882
179584.631657276	3000.0	2390.4352282679483	0.0	0	0.0	2975.066885543638	1	0	1.7217620618633915
180736.52297350604	3000.0	2238.5439120378915	0.0	0	0.0	2975.066885543638	1	0	2.1272271699715564
181874.4624457898	2000.0	2100.6044397541145	0.0	0	0.0	2975.0668855435797	1	0	1.316296953755234
182548.45039400167	2000.0	2426.6164915422096	0.0	0	0.0	2975.0668855435797	1	0	1.7217620618634015
183505.9601178966	2000.0	2469.1067676472753	0.0	0	0.0	2975.066885543609	1	0	1.7217620618633966
184575.8201378716	3000.0	2399.2467476723	0.0	0	0.0	2975.0668855435797	1	0	1.7217620618634017
185478.98468371623	3000.0	2496.0822018276726	0.0	0	0.0	2975.0668855435797	1	0	2.1272271699715666
186247.81897866508	3000.0	2727.2479068788352	0.0	0	0.0	2975.066885543609	1	0	2.1272271699715612
187200.0	3000.0	2775.066885543914	0.0	0	81.7005327862571	2975.066885543609	1	0	2.1272271699715612
188200.0	3000.0	2775.0668855439485	0.0	0	343.9172655196453	2975.066885543638	1	0	2.127227169971558
189200.0	3000.0	2775.066885543941	0.0	0	195.71296380108106	2975.066885543667	1	0	2.127227169971553
190239.81759155588	3000.0	2735.2492939880904	0.0	0	48.69084952585399	2975.066885543667	1	0	2.127227169971551
191613.21904928493	2000.0	2361.8478362590663	0.0	0	0.0	2975.066885543667	1	0	1.3162969537552218
192240.3977445437	1000.0	2734.6691410002813	0.0	0	0.0	2975.066885543667	1	0	0.33546770074349597
193465.96782351233	3000.0	2509.099062031671	0.0	0	0.0	2975.066885543696	1	0	1.0286148813034361
194583.47243044266	3000.0	2391.5944551013204	0.0	0	0.0	2975.066885543725	1	0	2.127227169971541
197026.61963483467	3000.0	948.4472507093216	0.0	0	0.0	2975.0668855437543	1	0	2.1272271699715355
197327.82233940728	500.0	1647.2445461367167	0.0	0	0.0	2975.0668855437543	1	0	-1.456291768484575
197625.9518992468	500.0	2349.1149862971774	0.0	0	0.0	2975.0668855437543	1	0	0.3354677007434802
198492.3942013361	2000.0	2482.6726842078615	0.0	0	0.0	2975.0668855437543	1	0	0.33546770074348015
199609.19877086006	3000.0	2365.8681146839044	0.0	0	0.0	2975.0668855437543	1	0	1.7217620618633709
201732.85030179942	3000.0	1242.2165837445884	0.0	0	0.0	2975.0668855437834	1	0	2.1272271699715324
201981.9628478571	500.0	1993.10403768693	0.0	0	0.0	2975.0668855437834	1	0	-1.4562917684845804
202283.77399229555	500.0	2691.2928932485015	0.0	0	0.0	2975.0668855437543	1	0	0.3354677007434802
203200.0	2000.0	2775.0668855440717	0.0	0	13.34555539363646	2975.066885543725	1	0	0.3354677007434854
204339.7714888307	2000.0	2635.2953967133462	0.0	0	0.0	2975.066885543725	1	0	1.7217620618633762
205777.98731788262	2000.0	2197.07956766146	0.0	0	0.0	2975.066885543725	1	0	1.7217620618633762
206630.77510253864	2000.0	2344.2917830054707	0.0	0	0.0	2975.066885543725	1	0	1.7217620618633762
207200.0	2000.0	2775.0668855441263	0.0	0	37.384382642107084	2975.0668855437543	1	0	1.7217620618633709
208730.8933849767	3000.0	2244.173500567462	0.0	0	0.0	2975.0668855437543	1	0	1.7217620618633709
210569.73819205264	2000.0	1405.3286934915375	0.0	0	0.0	2975.0668855437834	1	0	1.316296953755201
211055.99023370747	500.0	1919.076651836707	0.0	0	0.0	2975.0668855438125	1	0	-1.0508266603764205
211538.10186547815	500.0	2436.9650200660403	0.0	0	0.0	2975.0668855438125	1	0	0.3354677007434699
212200.0	500.0	2775.066885544222	0.0	0	304.1428766256722	2975.0668855438416	1	0	0.33546770074346477
213200.0	500.0	2775.0668855442073	0.0	0	781.345492747816	2975.0668855438416	1	0	0.33546770074346477
214200.0	500.0	2775.0668855442227	0.0	0	828.0872168330534	2975.0668855438416	1	0	0.33546770074346477
215275.31725183528	3000.0	2699.7496337089424	0.0	0	0.0	2975.0668855438416	1	0	0.335467700743465
216200.0	3000.0	2775.066885544233	0.0	0	167.91989508323604	2975.0668855438416	1	0	2.12722716997152
217200.0	3000.0	2775.0668855442345	0.0	0	71.51337702258024	2975.0668855438707	1	0	2.127227169971516
218200.0	3000.0	2775.066885544254	0.0	0	17.646817080210894	2975.0668855439	1	0	2.1272271699715097
219200.0	3000.0	2775.066885544279	0.0	0	411.02602608691086	2975.0668855439	1	0	2.1272271699715097
220200.0	3000.0	2775.0668855443128	0.0	0	451.694295494759	2975.066885543929	1	0	2.127227169971505
221231.96533902155	3000.0	2743.1015465227665	0.0	0	0.0	2975.066885543929	1	0	2.127227169971505
222454.01128691374	3000.0	2521.055598630592	0.0	0	0.0	2975.066885543929	1	0	2.127227169971505
223973.89172079274	3000.0	2001.175164751583	0.0	0	0.0	2975.066885543958	1	0	2.1272271699714995
225040.41496460253	2000.0	1934.651920941816	0.0	0	0.0	2975.066885543987	1	0	1.3162969537551672
225626.21791742666	1000.0	2348.8489681176866	0.0	0	0.0	2975.0668855440163	1	0	0.3354677007434342
226450.0157651914	2000.0	2525.051120352944	0.0	0	0.0	2975.0668855440163	1	0	1.0286148813033793
227388.9494116601	2000.0	2586.117473884256	0.0	0	0.0	2975.0668855440163	1	0	1.7217620618633245
228304.62295951374	2000.0	2670.443926030623	0.0	0	0.0	2975.066885543987	1	0	1.7217620618633298
230153.22597851764	3000.0	1821.8409070267373	0.0	0	0.0	2975.0668855440163	1	0	1.7217620618633278
231030.28749063134	2000.0	1944.779394913019	0.0	0	0.0	2975.066885543987	1	0	1.316296953755164
232003.27690535964	2000.0	1971.7899801847143	0.0	0	0.0	2975.066885543987	1	0	1.7217620618633318
233134.46978622978	2000.0	1840.5970993145922	0.0	0	0.0	2975.0668855440163	1	0	1.7217620618633265
233475.04682299466	500.0	2500.0200625497246	0.0	0	0.0	2975.0668855440163	1	0	-1.050826660376457
234200.0	500.0	2775.066885544409	0.0	0	479.70107537767035	2975.0668855440454	1	0	0.3354677007434288
235200.0	2000.0	2775.066885544404	0.0	0	305.6878658210335	2975.0668855440454	1	0	0.3354677007434288
236200.0	2000.0	2775.066885544382	0.0	0	263.70082724664826	2975.0668855440454	1	0	1.7217620618633194
237200.0	3000.0	2775.0668855443855	0.0	0	212.43893853123882	2975.0668855440163	1	0	1.7217620618633247
238344.84250288003	3000.0	2630.224382664359	0.0	0	0.0	2975.0668855440163	1	0	2.1272271699714893
239843.15635435213	3000.0	2131.910531192267	0.0	0	0.0	2975.0668855440454	1	0	2.1272271699714884
241233.42836188467	3000.0	1741.6385236597102	0.0	0	0.0	2975.0668855440454	1	0	2.1272271699714844
242934.18719151922	3000.0	1040.8796940251327	0.0	0	0.0	2975.0668855440163	1	0	2.1272271699714893
243224.0963331691	500.0	1750.9705523752618	0.0	0	0.0	2975.0668855440163	1	0	-1.4562917684846215
243476.79795944737	500.0	2498.268926096947	0.0	0	0.0	2975.0668855440163	1	0	0.33546770074343396
244538.5377961645	2000.0	2436.5290893798056	0.0	0	0.0	2975.0668855440163	1	0	0.3354677007434339
245462.81282630505	3000.0	2512.254059239292	0.0	0	0.0	2975.0668855440163	1	0	1.7217620618633247
246656.81252256953	3000.0	2318.2543629748084	0.0	0	0.0	2975.0668855440163	1	0	2.1272271699714893
247960.31117726557	3000.0	2014.7557082787534	0.0	0	0.0	2975.066885543987	1	0	2.1272271699714915
248821.79837012896	3000.0	2153.2685154153805	0.0	0	0.0	2975.066885543987	1	0	2.1272271699714946
249684.85417020743	3000.0	2290.2127153369192	0.0	0	0.0	2975.066885543987	1	0	2.1272271699714946
251041.428571774	3000.0	1933.6383137703256	0.0	0	0.0	2975.066885543987	1	0	2.1272271699714946
252374.5748268611	3000.0	1600.492058683273	0.0	0	0.0	2975.066885543958	1	0	2.1272271699714995
253685.67576652975	3000.0	1289.3911190146468	0.0	0	0.0	2975.066885543958	1	0	2.1272271699714995
255043.9288370558	2000.0	931.1380484885658	0.0	0	0.0	2975.066885543958	1	0	1.31629695375517
255464.82010044125	500.0	1510.2467851031297	0.0	0	0.0	2975.066885543958	1	0	-1.0508266603764467
255820.3257078427	500.0	2154.7411777016805	0.0	0	0.0	2975.066885543987	1	0	0.3354677007434391
256230.00866470265	500.0	2745.058220841778	0.0	0	0.0	2975.066885543987	1	0	0.3354677007434391
257200.0	500.0	2775.066885544444	0.0	0	729.8096973264473	2975.066885543987	1	0	0.3354677007434391
258200.0	2000.0	2775.0668855444474	0.0	0	79.54631142510334	2975.066885543987	1	0	0.33546770074343907
259200.0	2000.0	2775.066885544451	0.0	0	284.19911790676997	2975.0668855440163	1	0	1.7217620618633245
260451.6671042519	3000.0	2523.399781292547	0.0	0	0.0	2975.066885543987	1	0	1.72176206186333
262014.954294421	3000.0	1960.1125911234237	0.0	0	0.0	2975.066885543958	1	0	2.1272271699714995
263305.5572219496	3000.0	1669.5096635948028	0.0	0	0.0	2975.066885543929	1	0	2.1272271699715066
264367.26704925107	3000.0	1607.7998362933033	0.0	0	0.0	2975.0668855438707	1	0	2.127227169971512
265206.57676854223	3000.0	1768.4901170020962	0.0	0	0.0	2975.0668855438707	1	0	2.127227169971515
266008.81420377066	3000.0	1966.2526817736707	0.0	0	0.0	2975.066885543929	1	0	2.127227169971509
267075.9715345799	3000.0	1899.0953509644842	0.0	0	0.0	2975.066885543929	1	0	2.127227169971505
268136.13544343883	3000.0	1838.9314421055158	0.0	0	0.0	2975.066885543929	1	0	2.127227169971505
269772.5273510616	3000.0	1202.5395344828019	0.0	0	0.0	2975.066885543929	1	0	2.127227169971505
270029.47566590825	500.0	1945.5912196361983	0.0	0	0.0	2975.066885543929	1	0	-1.456291768484606
270820.04517025175	2000.0	2155.021715292716	0.0	0	0.0	2975.0668855440454	1	0	0.33546770074343496
271693.80478114734	2000.0	2281.262104397076	0.0	0	0.0	2975.0668855440454	1	0	1.7217620618633194
272402.89410483174	2000.0	2572.172780712715	0.0	0	0.0	2975.0668855441036	1	0	1.7217620618633092
273498.3486683813	3000.0	2476.7182171631866	0.0	0	0.0	2975.0668855441036	1	0	1.7217620618633094
274801.5032426919	3000.0	2173.563642852485	0.0	0	0.0	2975.0668855441036	1	0	2.1272271699714698
275808.3482414427	3000.0	2166.718644101719	0.0	0	0.0	2975.0668855441036	1	0	2.1272271699714738
277197.8824138375	3000.0	1777.184471706898	0.0	0	0.0	2975.0668855440454	1	0	2.1272271699714844
277657.51817170065	500.0	2317.54871384375	0.0	0	0.0	2975.0668855441036	1	0	-1.456291768484637
278358.1521576423	1000.0	2616.9147279021213	0.0	0	0.0	2975.066885544162	1	0	0.33546770074340826
279322.6939947268	2000.0	2652.3728908176013	0.0	0	0.0	2975.066885544162	1	0	1.0286148813033535
280200.0	2000.0	2775.0668855443955	0.0	0	0.02950604009674862	2975.06688554422	1	0	1.7217620618632883
281200.0	2000.0	2775.066885544417	0.0	0	345.8291171143064	2975.06688554422	1	0	1.7217620618632883
282200.0	3000.0	2775.066885544419	0.0	0	188.11429820238845	2975.06688554422	1	0	1.7217620618632885
283269.9195400703	3000.0	2705.1473454741463	0.0	0	0.0	2975.06688554422	1	0	2.1272271699714533
284307.9990587124	3000.0	2667.06782683204	0.0	0	0.0	2975.06688554422	1	0	2.1272271699714533
285200.0	3000.0	2775.0668855444214	0.0	0	14.032799524080474	2975.06688554422	1	0	2.1272271699714533
286200.0	3000.0	2775.066885544427	0.0	0	126.93672025972046	2975.066885544278	1	0	2.127227169971445
287255.96749523986	3000.0	2719.099390304562	0.0	0	0.0	2975.066885544278	1	0	2.1272271699714427
288496.431772328	3000.0	2478.635113216444	0.0	0	0.0	2975.066885544278	1	0	2.1272271699714427
289570.6765794475	3000.0	2404.390306096854	0.0	0	0.0	2975.066885544278	1	0	2.1272271699714427
290789.68792277493	3000.0	2185.3789627694246	0.0	0	0.0	2975.066885544278	1	0	2.1272271699714427
291840.70879421564	3000.0	2134.3580913287706	0.0	0	0.0	2975.06688554422	1	0	2.1272271699714533
292365.8984008346	3000.0	2609.168484709906	0.0	0	0.0	2975.066885544278	1	0	2.1272271699714427
293246.632884486	3000.0	2728.4340010584897	0.0	0	0.0	2975.066885544278	1	0	2.1272271699714427
294466.8711575492	3000.0	2508.195727995247	0.0	0	0.0	2975.066885544278	1	0	2.1272271699714427
295516.6549417555	3000.0	2458.4119437889335	0.0	0	0.0	2975.06688554422	1	0	2.1272271699714533
296908.35633196	3000.0	2066.7105535844275	0.0	0	0.0	2975.06688554422	1	0	2.1272271699714533
298062.655703304	3000.0	1912.4111822404561	0.0	0	0.0	2975.06688554422	1	0	2.1272271699714533
298842.6266204555	3000.0	2132.4402650889465	0.0	0	0.0	2975.06688554422	1	0	2.1272271699714533
299998.6232644782	3000.0	1976.4436210661781	0.0	0	0.0	2975.06688554422	1	0	2.1272271699714533
300861.7167086955	3000.0	2113.3501768488977	0.0	0	0.0	2975.066885544278	1	0	2.127227169971449
3.22	3.35	3.67	4.24	2.94	2.49	2.1	2.9	3.74	4.53	4.11	2.65	3.5	3.02	2.4	2.54	2.99	2.71	2.76	3.17	4.19	4.12	2.35	1.41	2.58	2.36	2.92	3.29	1.89	2.17	2.25	2.95	3.81	4.24	4.43	4.9	5.1	3.9	1.6	1.3	1.9	2.8	2.86	1.51	1.6	2.28	3.12	3.46	2.1	1.1	1.7	2.33	1.52	1.59	2.4	3.05	1.9	0.95	1.46	1.45	1.95	2.97	3.52	4.02	2.85	3.32	4.24	4.81	4.39	2.82	2.04	2.27	1.76	1.52	2.22	2.31	2.53	1.95	2.09	2.19	2.07	1.85	2.11	2.86	3.37	2.79	2.65	1.91	2.69	2.77	2.15	2.17	2.43	2.77	2.86	2.44	2.99	3.66	2.27	3.12	2.9	3.0	1.69	1.58	1.69	2.61	2.95	3.14	3.14	1.54	2.53	3.13	4.03	5.07	3.86	2.77	2.65	1.48	1.98	2.13	2.65	2.35	2.32	2.9	2.33	1.23	1.73	2.13	3.14	3.81	3.8	3.52	3.31	4.19	4.32	3.73	2.72	3.12	2.98	3.76	4.58	4.75	2.53	2.09	2.18	2.79	2.94	2.97	2.84	2.97	3.22	3.35	3.67	4.24	2.94	2.49	2.1	2.9	3.74	4.53	4.11	2.65	3.5	3.02	2.4	2.54	2.99	2.71	2.76	3.17	4.19	4.12	2.35	1.41	2.58	2.36	2.92	3.29	1.89	2.17	2.25	2.95	3.81	4.24	4.43	4.9	5.1	3.9	1.6	1.3	1.9	2.8	2.86	1.51	1.6	2.28	3.12	3.46	2.1	1.1	1.7	2.33	1.52	1.59	2.4	3.05	1.9	0.95	1.46	1.45	1.95	2.97	3.52	4.02	2.85	3.32	4.24	4.81	4.39	2.82	2.04	2.27	1.76	1.52	2.22	2.31	2.53	1.95	2.09	2.19	2.07	1.85	2.11	2.86	3.37	2.79	2.65	1.91	2.69	2.77	2.15	2.17	2.43	2.77	2.86	2.44	2.99	3.66	2.27	3.12	2.9	3.0	1.69	1.58	1.69	2.61	2.95	3.14	3.14	1.54	2.53	3.13	4.03	5.07	3.86	2.77	2.65	1.48	1.98	2.13	2.65	2.35	2.32	2.9	2.33	1.23	1.73	2.13	3.14	3.81	3.8	3.52	3.31	4.19	4.32	3.73	2.72	3.12	2.98	3.76	4.58	4.75	2.53	2.09	2.18	2.79	2.94	2.97	2.84	2.97	3.22	3.35	3.67
1.0	2.0	3.0	4.0	5.0	6.0	7.0	8.0	9.0	10.0	11.0	12.0	13.0	14.0	15.0	16.0	17.0	18.0	19.0	20.0	21.0	22.0	23.0	24.0	25.0	26.0	27.0	28.0	29.0	30.0	31.0	32.0	33.0	34.0	35.0	36.0	37.0	38.0	39.0	40.0	41.0	42.0	43.0	44.0	45.0	46.0	47.0	48.0	49.0	50.0	51.0	52.0	53.0	54.0	55.0	56.0	57.0	58.0	59.0	60.0	61.0	62.0	63.0	64.0	65.0	66.0	67.0	68.0	69.0	70.0	71.0	72.0	73.0	74.0	75.0	76.0	77.0	78.0	79.0	80.0	81.0	82.0	83.0	84.0	85.0	86.0	87.0	88.0	89.0	90.0	91.0	92.0	93.0	94.0	95.0	96.0	97.0	98.0	99.0	100.0	101.0	102.0	103.0	104.0	105.0	106.0	107.0	108.0	109.0	110.0	111.0	112.0	113.0	114.0	115.0	116.0	117.0	118.0	119.0	120.0	121.0	122.0	123.0	124.0	125.0	126.0	127.0	128.0	129.0	130.0	131.0	132.0	133.0	134.0	135.0	136.0	137.0	138.0	139.0	140.0	141.0	142.0	143.0	144.0	145.0	146.0	147.0	148.0	149.0	149.0	150.0	151.0	152.0	153.0	154.0	155.0	156.0	157.0	158.0	159.0	160.0	161.0	162.0	163.0	164.0	165.0	166.0	167.0	168.0	169.0	170.0	171.0	172.0	173.0	174.0	175.0	176.0	177.0	178.0	179.0	180.0	181.0	182.0	183.0	184.0	185.0	186.0	187.0	188.0	189.0	190.0	191.0	192.0	193.0	194.0	195.0	196.0	197.0	198.0	199.0	200.0	201.0	202.0	203.0	204.0	205.0	206.0	207.0	208.0	209.0	210.0	211.0	212.0	213.0	214.0	215.0	216.0	217.0	218.0	219.0	220.0	221.0	222.0	223.0	224.0	225.0	226.0	227.0	228.0	229.0	230.0	231.0	232.0	233.0	234.0	235.0	236.0	237.0	238.0	239.0	240.0	241.0	242.0	243.0	244.0	245.0	246.0	247.0	248.0	249.0	250.0	251.0	252.0	253.0	254.0	255.0	256.0	257.0	258.0	259.0	260.0	261.0	262.0	263.0	264.0	265.0	266.0	267.0	268.0	269.0	270.0	271.0	272.0	273.0	274.0	275.0	276.0	277.0	278.0	279.0	280.0	281.0	282.0	283.0	284.0	285.0	286.0	287.0	288.0	289.0	290.0	291.0	292.0	293.0	294.0	295.0	296.0	297.0	298.0	298.0	299.0	300.0	301.0
2688.8070084909446
