2558.11037298954	300.0	1000.0	279.80533172106385	0	0.0	2558.11037298954	0	0	-4.780895987200203
2819.559087760395	300.0	2000.0	261.4487147708553	0	0.0	2819.559087760395	1	0	-1.7099238193504571
3289.0707666687144	500.0	2530.4883210916805	0.0	0	0.0	2819.559087760395	1	0	-0.14974325393621218
4200.0	500.0	2619.5590877603945	0.0	0	608.6145036252078	2819.559087760395	1	0	0.36108236982977854
5200.0	500.0	2619.5590877603954	0.0	0	721.9122323014144	2819.559087760396	1	0	0.3610823698297785
6200.0	500.0	2619.559087760396	0.0	0	609.6756714566718	2819.5590877603963	1	0	0.3610823698297783
7200.0	500.0	2619.5590877603954	0.0	0	534.2131669673663	2819.5590877603954	1	0	0.3610823698297784
8200.0	500.0	2619.5590877603963	0.0	0	627.8173333911927	2819.5590877603954	1	0	0.3610823698297785
9200.0	500.0	2619.559087760396	0.0	0	493.82400450477144	2819.5590877603945	1	0	0.36108236982977854
10200.0	500.0	2619.5590877603945	0.0	0	680.3765386516225	2819.5590877603927	1	0	0.3610823698297788
11200.0	500.0	2619.559087760395	0.0	0	455.2142643189436	2819.5590877603936	1	0	0.3610823698297788
12200.0	500.0	2619.559087760396	0.0	0	428.1105191423303	2819.5590877603936	1	0	0.36108236982977876
13287.750710421275	1000.0	2531.808377339121	0.0	0	0.0	2819.5590877603936	1	0	0.3610823698297788
14200.0	500.0	2619.5590877603954	0.0	0	474.27163598136394	2819.5590877603936	1	0	-0.3320648107301666
15449.313588351124	2000.0	2370.2454994092723	0.0	0	0.0	2819.5590877603936	1	0	0.36108236982977865
16200.0	1000.0	2619.5590877603945	0.0	0	243.2035658728255	2819.5590877603936	1	0	0.36108236982977904
17200.0	500.0	2619.559087760395	0.0	0	578.1176941496815	2819.5590877603954	1	0	-0.33206481073016664
18200.0	500.0	2619.5590877603927	0.0	0	178.25007062268924	2819.5590877603954	1	0	0.36108236982977837
19200.0	1000.0	2619.5590877603977	0.0	0	276.44592355532586	2819.559087760401	1	0	0.36108236982977804
20396.231337549267	1000.0	2423.3277502111296	0.0	0	0.0	2819.559087760401	1	0	1.054229550389723
21521.009525125093	1000.0	2298.549562635305	0.0	0	0.0	2819.5590877603972	1	0	1.0542295503897237
22200.0	500.0	2619.5590877603972	0.0	0	43.64899979893016	2819.5590877603936	1	0	-0.3320648107301666
23200.0	1000.0	2619.559087760394	0.0	0	128.51107565056736	2819.55908776039	1	0	0.36108236982977915
24629.823646717567	1000.0	2189.7354410428234	0.0	0	0.0	2819.5590877603863	1	0	1.0542295503897252
25200.0	500.0	2619.5590877603895	0.0	0	28.879166772039753	2819.55908776039	1	0	-0.332064810730166
26200.0	500.0	2619.5590877603922	0.0	0	651.4273529902748	2819.55908776039	1	0	0.3610823698297793
27200.0	500.0	2619.5590877603895	0.0	0	601.8548930394063	2819.55908776039	1	0	0.3610823698297793
28200.0	500.0	2619.5590877603895	0.0	0	524.690762183418	2819.55908776039	1	0	0.3610823698297793
29200.0	500.0	2619.5590877603895	0.0	0	593.5582922439025	2819.5590877603863	1	0	0.36108236982977987
30200.0	500.0	2619.559087760395	0.0	0	422.30894336389247	2819.5590877603863	1	0	0.36108236982977987
31200.0	1000.0	2619.559087760393	0.0	0	139.115052320838	2819.5590877603827	1	0	0.3610823698297805
32317.02865800416	1000.0	2502.53042975623	0.0	0	0.0	2819.5590877603827	1	0	1.0542295503897259
33200.0	1000.0	2619.559087760392	0.0	0	232.74598453569342	2819.559087760379	1	0	1.0542295503897263
34200.0	1000.0	2619.5590877603895	0.0	0	8.71936389459006	2819.559087760379	1	0	1.0542295503897265
35200.0	1000.0	2619.559087760395	0.0	0	128.41047935608367	2819.559087760379	1	0	1.0542295503897263
36200.0	1000.0	2619.559087760395	0.0	0	80.77970722627651	2819.5590877603827	1	0	1.0542295503897259
37200.0	1000.0	2619.5590877604	0.0	0	125.86566856283753	2819.5590877603827	1	0	1.0542295503897259
38605.95403066358	2000.0	2213.6050570968137	0.0	0	0.0	2819.5590877603827	1	0	1.0542295503897259
39200.0	500.0	2619.559087760395	0.0	0	24.338078327120456	2819.5590877603827	1	0	-1.0252119912901103
40200.0	500.0	2619.5590877603977	0.0	0	694.2963904566132	2819.5590877603827	1	0	0.36108236982978037
41200.0	500.0	2619.5590877603977	0.0	0	662.080097349135	2819.5590877603827	1	0	0.36108236982978037
42200.0	500.0	2619.5590877604027	0.0	0	629.969613836467	2819.5590877603827	1	0	0.36108236982978037
43200.0	500.0	2619.559087760401	0.0	0	42.083063973354	2819.5590877603827	1	0	0.36108236982978037
44200.0	500.0	2619.5590877604	0.0	0	459.94296174390183	2819.5590877603827	1	0	0.36108236982978037
45200.0	1000.0	2619.559087760394	0.0	0	80.644900944244	2819.5590877603827	1	0	0.3610823698297805
46261.415016352425	1000.0	2558.1440714079727	0.0	0	0.0	2819.5590877603827	1	0	1.0542295503897259
47233.543876716365	1000.0	2586.0152110440326	0.0	0	0.0	2819.5590877603827	1	0	1.0542295503897259
48200.0	1000.0	2619.5590877603922	0.0	0	98.9953686683657	2819.5590877603827	1	0	1.0542295503897259
49200.0	1000.0	2619.55908776039	0.0	0	132.3653947592611	2819.5590877603827	1	0	1.0542295503897259
50574.65608848279	1000.0	2244.902999277596	0.0	0	0.0	2819.5590877603827	1	0	1.0542295503897259
51218.38856342401	500.0	2601.170524336388	0.0	0	0.0	2819.5590877603827	1	0	-0.3320648107301649
52232.40725277956	500.0	2587.151834980834	0.0	0	0.0	2819.5590877603827	1	0	0.36108236982978037
53200.0	500.0	2619.559087760388	0.0	0	35.45326929741714	2819.5590877603827	1	0	0.36108236982978037
54200.0	500.0	2619.559087760389	0.0	0	338.15767083921673	2819.5590877603827	1	0	0.36108236982978037
55813.610974381045	1000.0	2005.948113379345	0.0	0	0.0	2819.5590877603827	1	0	0.3610823698297805
56664.322594977035	500.0	2155.2364927833505	0.0	0	0.0	2819.55908776039	1	0	-0.332064810730166
57515.17119430373	500.0	2304.387893456654	0.0	0	0.0	2819.55908776039	1	0	0.3610823698297793
58200.0	500.0	2619.5590877603804	0.0	0	44.10593101259292	2819.55908776039	1	0	0.3610823698297793
59200.0	500.0	2619.559087760373	0.0	0	272.50842412030033	2819.55908776039	1	0	0.3610823698297793
60424.21755933759	1000.0	2395.3415284227844	0.0	0	0.0	2819.55908776039	1	0	0.36108236982977937
61200.0	500.0	2619.5590877603686	0.0	0	306.88694416492945	2819.5590877603972	1	0	-0.33206481073016714
62200.0	500.0	2619.5590877603704	0.0	0	580.3160306168866	2819.5590877603972	1	0	0.3610823698297782
63200.0	500.0	2619.559087760371	0.0	0	438.38604697539995	2819.55908776039	1	0	0.3610823698297793
64200.0	500.0	2619.559087760365	0.0	0	634.6102348038621	2819.55908776039	1	0	0.3610823698297793
65200.0	500.0	2619.559087760363	0.0	0	325.3757313745882	2819.55908776039	1	0	0.3610823698297793
66200.0	500.0	2619.5590877603768	0.0	0	632.26524544946	2819.5590877603972	1	0	0.3610823698297791
67200.0	1000.0	2619.5590877603854	0.0	0	366.06032616678567	2819.5590877604045	1	0	0.3610823698297776
68200.0	500.0	2619.5590877603754	0.0	0	655.3103444416629	2819.55908776039	1	0	-0.3320648107301667
69200.0	500.0	2619.559087760381	0.0	0	527.5000558859465	2819.5590877603827	1	0	0.36108236982978037
70200.0	500.0	2619.559087760391	0.0	0	571.4014548563136	2819.5590877603827	1	0	0.36108236982978037
71200.0	1000.0	2619.5590877603945	0.0	0	222.91982067590288	2819.5590877603972	1	0	0.36108236982977826
72524.09059395606	1000.0	2295.4684938043215	0.0	0	0.0	2819.5590877603972	1	0	1.0542295503897237
73200.0	1000.0	2619.5590877603872	0.0	0	59.136043981590774	2819.5590877603972	1	0	1.0542295503897237
74200.0	500.0	2619.5590877603854	0.0	0	514.0041087995196	2819.5590877603972	1	0	-0.33206481073016714
75200.0	500.0	2619.5590877603877	0.0	0	518.8657014108612	2819.5590877603827	1	0	0.36108236982978037
76200.0	500.0	2619.5590877603927	0.0	0	697.2974886610609	2819.5590877603827	1	0	0.36108236982978037
77200.0	500.0	2619.559087760403	0.0	0	459.94235666612803	2819.5590877603972	1	0	0.3610823698297782
78200.0	500.0	2619.5590877604077	0.0	0	682.9379430997506	2819.5590877603972	1	0	0.3610823698297782
79200.0	500.0	2619.5590877604004	0.0	0	533.6005066925281	2819.5590877603972	1	0	0.3610823698297782
80200.0	500.0	2619.5590877604072	0.0	0	637.2285860061675	2819.5590877603972	1	0	0.3610823698297782
81200.0	500.0	2619.5590877604195	0.0	0	483.5972418087331	2819.5590877603972	1	0	0.3610823698297782
82200.0	500.0	2619.559087760435	0.0	0	393.30978332765517	2819.559087760412	1	0	0.361082369829776
83424.97716716047	1000.0	2394.581920599965	0.0	0	0.0	2819.559087760412	1	0	0.36108236982977604
84200.0	1000.0	2619.5590877604277	0.0	0	5.097553537780186	2819.5590877604263	1	0	1.0542295503897192
85200.0	1000.0	2619.5590877604254	0.0	0	423.6295211053075	2819.5590877604263	1	0	1.0542295503897192
86200.0	1000.0	2619.559087760422	0.0	0	97.73417819356837	2819.559087760441	1	0	1.054229550389717
87200.0	1000.0	2619.5590877604145	0.0	0	146.9976539487543	2819.559087760441	1	0	1.054229550389717
88258.72451988998	1000.0	2560.8345678704213	0.0	0	0.0	2819.559087760441	1	0	1.054229550389717
89248.18235729563	1000.0	2571.3767304647695	0.0	0	0.0	2819.5590877604554	1	0	1.0542295503897148
90484.34880648977	1000.0	2335.210281270632	0.0	0	0.0	2819.559087760441	1	0	1.054229550389717
91519.47534504022	500.0	2300.083742720187	0.0	0	0.0	2819.559087760441	1	0	-0.3320648107301738
92200.0	500.0	2619.5590877604145	0.0	0	154.2645133027545	2819.559087760441	1	0	0.3610823698297715
93200.0	500.0	2619.5590877604145	0.0	0	402.3349025559437	2819.559087760441	1	0	0.3610823698297715
94200.0	500.0	2619.55908776042	0.0	0	453.52203012551763	2819.559087760441	1	0	0.3610823698297715
95715.366702939	1000.0	2104.1923848214133	0.0	0	0.0	2819.559087760441	1	0	0.3610823698297716
96348.93513334959	500.0	2470.623954410826	0.0	0	0.0	2819.559087760441	1	0	-0.3320648107301738
97200.0	500.0	2619.5590877604195	0.0	0	260.6372491470829	2819.559087760441	1	0	0.3610823698297715
98200.0	500.0	2619.5590877604145	0.0	0	582.7070703882055	2819.559087760441	1	0	0.3610823698297715
99200.0	500.0	2619.559087760408	0.0	0	547.6777102431079	2819.559087760441	1	0	0.3610823698297715
100200.0	500.0	2619.559087760406	0.0	0	582.6550969386153	2819.559087760441	1	0	0.3610823698297715
101200.0	500.0	2619.559087760411	0.0	0	525.7306955941604	2819.559087760441	1	0	0.3610823698297715
102200.0	500.0	2619.5590877604122	0.0	0	402.587705419588	2819.559087760441	1	0	0.3610823698297715
103200.0	500.0	2619.559087760403	0.0	0	469.0713976557454	2819.559087760441	1	0	0.3610823698297715
104811.34024585676	1000.0	2008.2188419036388	0.0	0	0.0	2819.559087760441	1	0	0.3610823698297716
105691.29798737711	500.0	2128.261100383294	0.0	0	0.0	2819.559087760441	1	0	-0.3320648107301738
106562.30118797506	500.0	2257.257899785357	0.0	0	0.0	2819.559087760441	1	0	0.3610823698297715
107247.8154263946	500.0	2571.743661365807	0.0	0	0.0	2819.5590877604554	1	0	0.3610823698297693
108200.0	500.0	2619.559087760408	0.0	0	607.429186329653	2819.5590877604554	1	0	0.3610823698297693
109635.68695359763	2000.0	2183.8721341627916	0.0	0	0.0	2819.5590877604554	1	0	0.36108236982976943
111283.6125108989	2000.0	1535.9465768615225	0.0	0	0.0	2819.5590877604554	1	0	1.74737673094966
111758.0715843195	500.0	2061.487503440914	0.0	0	0.0	2819.5590877604554	1	0	-1.0252119912901212
112226.24833434097	500.0	2593.3107534194264	0.0	0	0.0	2819.559087760441	1	0	0.3610823698297715
113200.0	500.0	2619.5590877603863	0.0	0	588.3722078215214	2819.559087760441	1	0	0.3610823698297715
114200.0	500.0	2619.559087760386	0.0	0	400.39372106592054	2819.5590877604263	1	0	0.36108236982977376
115200.0	500.0	2619.5590877603927	0.0	0	612.4530115444504	2819.5590877604263	1	0	0.36108236982977376
116200.0	500.0	2619.5590877603845	0.0	0	607.8921710954601	2819.5590877604263	1	0	0.36108236982977376
117200.0	500.0	2619.5590877603663	0.0	0	596.4650677602476	2819.5590877604263	1	0	0.36108236982977376
118399.00696995117	500.0	2420.5521178091885	0.0	0	0.0	2819.5590877604263	1	0	0.36108236982977376
119200.0	500.0	2619.55908776034	0.0	0	2.950753905577585	2819.5590877604263	1	0	0.36108236982977376
120200.0	500.0	2619.559087760342	0.0	0	258.04086669301614	2819.5590877604263	1	0	0.36108236982977376
121200.0	500.0	2619.5590877603377	0.0	0	599.7434552839841	2819.5590877604263	1	0	0.36108236982977376
122200.0	500.0	2619.5590877603518	0.0	0	427.9750775692228	2819.5590877604263	1	0	0.36108236982977376
123200.0	500.0	2619.5590877603418	0.0	0	656.1966241441114	2819.5590877604263	1	0	0.36108236982977376
124271.5824492524	1000.0	2547.976638507945	0.0	0	0.0	2819.5590877604263	1	0	0.3610823698297738
125200.0	1000.0	2619.5590877603404	0.0	0	18.87214807966666	2819.5590877604263	1	0	1.0542295503897192
126200.0	1000.0	2619.5590877603413	0.0	0	471.1339742219425	2819.5590877604263	1	0	1.0542295503897192
127781.99418961417	2000.0	2037.5648981461813	0.0	0	0.0	2819.5590877604263	1	0	1.0542295503897192
128480.58354124785	1000.0	2338.9755465125018	0.0	0	0.0	2819.5590877604263	1	0	0.36108236982977404
129200.0	500.0	2619.5590877603636	0.0	0	311.5513482847455	2819.5590877604263	1	0	-0.3320648107301716
130200.0	500.0	2619.5590877603563	0.0	0	631.3604545158742	2819.5590877604263	1	0	0.36108236982977376
131200.0	500.0	2619.5590877603604	0.0	0	465.9033340182359	2819.5590877604263	1	0	0.36108236982977376
132200.0	500.0	2619.5590877603386	0.0	0	615.097911758523	2819.5590877603827	1	0	0.36108236982977726
133200.0	500.0	2619.559087760325	0.0	0	736.7191006652429	2819.5590877603536	1	0	0.36108236982978403
134200.0	500.0	2619.55908776031	0.0	0	663.7154822803277	2819.559087760339	1	0	0.3610823698297867
135200.0	500.0	2619.5590877603163	0.0	0	720.3576298851112	2819.559087760339	1	0	0.36108236982978714
137111.90288212002	2000.0	1707.656205640299	0.0	0	0.0	2819.559087760339	1	0	0.3610823698297872
137643.8247987012	500.0	2175.7342890591494	0.0	0	0.0	2819.559087760339	1	0	-1.0252119912901034
138261.21346152315	500.0	2558.3456262372056	0.0	0	0.0	2819.559087760339	1	0	0.36108236982978714
139200.0	500.0	2619.5590877603768	0.0	0	344.41365544116707	2819.559087760339	1	0	0.36108236982978714
140200.0	1000.0	2619.5590877603922	0.0	0	221.65005102430587	2819.559087760368	1	0	0.3610823698297827
141279.58134189175	2000.0	2539.977745868624	0.0	0	0.0	2819.559087760368	1	0	1.054229550389728
142200.0	1000.0	2619.559087760391	0.0	0	131.1105328683916	2819.559087760368	1	0	0.3610823698297829
143208.62516133377	1000.0	2610.933926426593	0.0	0	0.0	2819.559087760339	1	0	1.0542295503897325
144299.83172417333	1000.0	2519.7273635870665	0.0	0	0.0	2819.559087760339	1	0	1.0542295503897325
145200.0	1000.0	2619.5590877604086	0.0	0	91.09422093469766	2819.559087760339	1	0	1.0542295503897325
147092.96904608255	1000.0	1726.590041677846	0.0	0	0.0	2819.559087760339	1	0	1.0542295503897325
147828.71020593977	500.0	1990.8488818206247	0.0	0	0.0	2819.559087760339	1	0	-0.33206481073015826
148358.42921734613	500.0	2461.129870414245	0.0	0	0.0	2819.559087760339	1	0	0.36108236982978714
149200.0	500.0	2619.55908776042	0.0	0	116.35086979568587	2819.559087760368	1	0	0.36108236982978265
150200.0	500.0	2619.559087760412	0.0	0	382.9912626382138	2819.559087760339	1	0	0.36108236982978714
151465.42122455654	1000.0	2354.1378632038795	0.0	0	0.0	2819.559087760339	1	0	0.36108236982978714
152200.0	1000.0	2619.5590877604127	0.0	0	130.14504177938215	2819.559087760339	1	0	1.0542295503897325
153213.71793118175	1000.0	2605.841156578659	0.0	0	0.0	2819.559087760368	1	0	1.054229550389728
154200.0	1000.0	2619.559087760409	0.0	0	69.92589345361921	2819.559087760368	1	0	1.054229550389728
155218.698870322	1000.0	2600.860217438392	0.0	0	0.0	2819.559087760368	1	0	1.054229550389728
156372.2808785502	1000.0	2447.2782092102134	0.0	0	0.0	2819.559087760368	1	0	1.054229550389728
157200.0	1000.0	2619.5590877604395	0.0	0	129.5712726066704	2819.5590877603972	1	0	1.0542295503897237
158200.0	1000.0	2619.5590877604454	0.0	0	229.8221430478152	2819.5590877603972	1	0	1.0542295503897237
159200.0	1000.0	2619.559087760399	0.0	0	156.94400996115291	2819.559087760368	1	0	1.054229550389728
160241.052716996	1000.0	2578.506370764395	0.0	0	0.0	2819.559087760368	1	0	1.054229550389728
161200.0	500.0	2619.5590877603863	0.0	0	444.9330475930183	2819.559087760368	1	0	-0.3320648107301627
162713.78682648265	1000.0	2105.7722612777097	0.0	0	0.0	2819.559087760339	1	0	0.36108236982978714
163200.0	500.0	2619.5590877603786	0.0	0	68.99478597359848	2819.559087760368	1	0	-0.3320648107301627
164200.0	500.0	2619.55908776036	0.0	0	656.8377601479588	2819.559087760368	1	0	0.36108236982978265
165200.0	500.0	2619.559087760406	0.0	0	676.0945512614271	2819.559087760368	1	0	0.36108236982978265
166200.0	500.0	2619.55908776039	0.0	0	696.8601357257285	2819.559087760368	1	0	0.36108236982978265
167200.0	500.0	2619.5590877603854	0.0	0	299.6306949100399	2819.5590877603972	1	0	0.3610823698297782
168200.0	500.0	2619.5590877604227	0.0	0	562.9173675656493	2819.5590877603972	1	0	0.3610823698297782
169200.0	1000.0	2619.5590877604504	0.0	0	143.03932459524367	2819.5590877604263	1	0	0.3610823698297738
170200.0	1000.0	2619.559087760432	0.0	0	342.5271382946812	2819.5590877604263	1	0	1.0542295503897192
171200.0	1000.0	2619.5590877604236	0.0	0	22.085707061283756	2819.5590877603972	1	0	1.0542295503897237
172499.77340877312	1000.0	2319.7856789872826	0.0	0	0.0	2819.5590877603972	1	0	1.0542295503897237
173367.14965297657	500.0	2452.409434783815	0.0	0	0.0	2819.5590877603972	1	0	-0.33206481073016714
174200.0	500.0	2619.55908776039	0.0	0	111.24256077123573	2819.5590877603972	1	0	0.3610823698297782
175200.0	500.0	2619.5590877603972	0.0	0	517.5153882029699	2819.5590877603972	1	0	0.3610823698297782
176200.0	1000.0	2619.559087760397	0.0	0	350.69094340727315	2819.5590877604263	1	0	0.3610823698297738
177200.0	1000.0	2619.5590877603886	0.0	0	372.27369551808806	2819.5590877604263	1	0	1.0542295503897192
178215.70534427633	1000.0	2603.8537434840505	0.0	0	0.0	2819.5590877604263	1	0	1.0542295503897192
179452.31018678745	1000.0	2367.2489009729543	0.0	0	0.0	2819.5590877604554	1	0	1.0542295503897148
180447.35998352367	1000.0	2372.1991042366867	0.0	0	0.0	2819.5590877604554	1	0	1.0542295503897148
181200.0	500.0	2619.5590877603586	0.0	0	169.71396184543846	2819.5590877604554	1	0	-0.332064810730176
182200.0	1000.0	2619.5590877603836	0.0	0	192.48326397003257	2819.5590877604845	1	0	0.36108236982976494
183200.0	1000.0	2619.559087760379	0.0	0	147.055092852097	2819.5590877605136	1	0	1.054229550389706
184323.67995184546	1000.0	2495.879135914923	0.0	0	0.0	2819.5590877604845	1	0	1.0542295503897068
185368.03024269064	1000.0	2451.528845069764	0.0	0	0.0	2819.5590877604845	1	0	1.0542295503897103
187188.3511470011	2000.0	1631.2079407593105	0.0	0	0.0	2819.5590877605428	1	0	1.0542295503897023
187720.02596674298	500.0	2099.533121017456	0.0	0	0.0	2819.5590877605428	1	0	-1.0252119912901347
188302.5843547886	500.0	2516.974732971818	0.0	0	0.0	2819.5590877605428	1	0	0.36108236982975594
189200.0	1000.0	2619.559087760363	0.0	0	207.85541137107066	2819.5590877605428	1	0	0.36108236982975594
190200.0	1000.0	2619.5590877603768	0.0	0	81.294909126329	2819.5590877605428	1	0	1.0542295503897012
191200.0	1000.0	2619.559087760368	0.0	0	164.8663186962949	2819.5590877605428	1	0	1.0542295503897012
194040.9616566001	2000.0	778.5974311602793	0.0	0	0.0	2819.5590877605428	1	0	1.0542295503897015
194435.57277752942	500.0	1383.9863102309528	0.0	0	0.0	2819.5590877605428	1	0	-1.0252119912901347
194832.12220615707	500.0	1987.4368816033168	0.0	0	0.0	2819.5590877605428	1	0	0.36108236982975594
195226.3026967591	500.0	2593.2563910012846	0.0	0	0.0	2819.5590877605136	1	0	0.3610823698297604
196200.0	500.0	2619.5590877603977	0.0	0	650.836425362766	2819.5590877605428	1	0	0.36108236982975594
197200.0	500.0	2619.5590877604077	0.0	0	502.6699031033204	2819.5590877605136	1	0	0.3610823698297604
198200.0	500.0	2619.5590877603872	0.0	0	451.39764032984385	2819.5590877605136	1	0	0.3610823698297604
199200.0	500.0	2619.559087760353	0.0	0	168.84942385647446	2819.5590877605136	1	0	0.3610823698297604
200200.0	500.0	2619.5590877603686	0.0	0	125.81819219348836	2819.5590877605136	1	0	0.3610823698297604
201778.8450845016	1000.0	2040.7140032587863	0.0	0	0.0	2819.5590877605428	1	0	0.36108236982975594
202619.92733140147	500.0	2199.6317563589064	0.0	0	0.0	2819.5590877605136	1	0	-0.3320648107301858
203585.7847953285	500.0	2233.7742924318827	0.0	0	0.0	2819.5590877605136	1	0	0.3610823698297604
204538.71628034767	500.0	2280.842807412722	0.0	0	0.0	2819.5590877605136	1	0	0.3610823698297604
205312.13563557883	500.0	2507.423452181546	0.0	0	0.0	2819.5590877605136	1	0	0.3610823698297604
206200.0	500.0	2619.5590877603977	0.0	0	257.81308096204884	2819.5590877605136	1	0	0.3610823698297604
207200.0	500.0	2619.559087760406	0.0	0	419.9590805082116	2819.5590877605428	1	0	0.36108236982975594
208498.44288857744	1000.0	2321.116199182959	0.0	0	0.0	2819.559087760572	1	0	0.3610823698297515
209294.784670477	500.0	2524.7744172834236	0.0	0	0.0	2819.559087760572	1	0	-0.33206481073019395
210200.0	500.0	2619.5590877604573	0.0	0	299.1930157217721	2819.559087760572	1	0	0.3610823698297514
211200.0	500.0	2619.5590877604354	0.0	0	439.4917505479534	2819.559087760572	1	0	0.3610823698297514
212200.0	500.0	2619.559087760429	0.0	0	642.2427081574278	2819.5590877605428	1	0	0.36108236982975594
213200.0	500.0	2619.5590877604245	0.0	0	575.1027006074728	2819.5590877605428	1	0	0.36108236982975594
214200.0	500.0	2619.5590877604236	0.0	0	336.2273037279956	2819.5590877605428	1	0	0.36108236982975594
215200.0	1000.0	2619.559087760414	0.0	0	350.8613664189761	2819.5590877605428	1	0	0.36108236982975594
216200.0	1000.0	2619.5590877604036	0.0	0	559.1510450799833	2819.5590877605428	1	0	1.0542295503897012
217574.79611468187	2000.0	2244.762973078528	0.0	0	0.0	2819.5590877605428	1	0	1.0542295503896977
218349.8963789563	500.0	2469.6627088041046	0.0	0	0.0	2819.5590877605136	1	0	-1.0252119912901339
219200.0	500.0	2619.5590877604022	0.0	0	168.1713158430066	2819.5590877605136	1	0	0.3610823698297604
220200.0	500.0	2619.559087760393	0.0	0	623.3570056232275	2819.5590877605136	1	0	0.3610823698297604
221200.0	500.0	2619.5590877603872	0.0	0	188.65906482364517	2819.5590877605136	1	0	0.3610823698297604
222200.0	500.0	2619.559087760374	0.0	0	576.7489864167292	2819.5590877605136	1	0	0.3610823698297604
223200.0	1000.0	2619.5590877603627	0.0	0	95.32524376807851	2819.5590877605428	1	0	0.36108236982975594
224200.0	1000.0	2619.559087760345	0.0	0	387.5694630902435	2819.5590877605428	1	0	1.0542295503897012
225200.0	1000.0	2619.559087760374	0.0	0	506.1423252019158	2819.559087760572	1	0	1.0542295503896968
226283.68583257857	1000.0	2535.873255181813	0.0	0	0.0	2819.559087760572	1	0	1.0542295503896968
227200.0	1000.0	2619.5590877603972	0.0	0	40.62460485982592	2819.559087760572	1	0	1.0542295503896968
228803.12433654876	2000.0	2016.4347512116506	0.0	0	0.0	2819.559087760601	1	0	1.0542295503896926
229594.66686694886	1000.0	2224.892220811552	0.0	0	0.0	2819.559087760601	1	0	0.3610823698297473
230200.0	500.0	2619.5590877604336	0.0	0	94.43885407273774	2819.55908776063	1	0	-0.33206481073020283
231200.0	500.0	2619.559087760429	0.0	0	266.9434842946066	2819.55908776063	1	0	0.36108236982974246
232200.0	500.0	2619.559087760443	0.0	0	436.8876014735142	2819.55908776063	1	0	0.36108236982974246
233200.0	1000.0	2619.5590877604513	0.0	0	312.1510968513612	2819.559087760659	1	0	0.36108236982973807
234200.0	1000.0	2619.559087760427	0.0	0	194.98150966357207	2819.559087760659	1	0	1.0542295503896835
235501.92494764493	2000.0	2317.634140115484	0.0	0	0.0	2819.5590877606883	1	0	1.0542295503896817
236552.39185147366	1000.0	2267.167236286777	0.0	0	0.0	2819.5590877606883	1	0	0.3610823698297338
237225.58489834698	1000.0	2593.9741894134913	0.0	0	0.0	2819.5590877607174	1	0	1.0542295503896746
238554.02034974974	1000.0	2265.5387380107313	0.0	0	0.0	2819.5590877606883	1	0	1.054229550389679
239377.68203036857	500.0	2441.877057391893	0.0	0	0.0	2819.559087760659	1	0	-0.3320648107302108
240200.0	500.0	2619.559087760445	0.0	0	53.04977797783795	2819.559087760659	1	0	0.361082369829738
241200.0	500.0	2619.5590877604277	0.0	0	168.16160452109762	2819.559087760659	1	0	0.361082369829738
242200.0	500.0	2619.5590877604395	0.0	0	373.32920560220373	2819.559087760659	1	0	0.361082369829738
243295.90872058997	1000.0	2523.650367170494	0.0	0	0.0	2819.5590877606883	1	0	0.3610823698297372
244200.0	500.0	2619.5590877604413	0.0	0	259.73872975085396	2819.5590877606883	1	0	-0.3320648107302117
245351.26527963384	1000.0	2468.2938081265966	0.0	0	0.0	2819.559087760659	1	0	0.3610823698297345
246200.0	500.0	2619.5590877604545	0.0	0	370.96196372434497	2819.559087760659	1	0	-0.33206481073020727
247200.0	1000.0	2619.559087760458	0.0	0	178.7073945988086	2819.55908776063	1	0	0.36108236982974246
248440.06252549056	1000.0	2379.4965622699024	0.0	0	0.0	2819.559087760659	1	0	1.0542295503896861
249200.0	1000.0	2619.559087760424	0.0	0	135.2307078949816	2819.559087760659	1	0	1.0542295503896835
250200.0	1000.0	2619.559087760419	0.0	0	180.65696936202585	2819.559087760659	1	0	1.0542295503896835
251220.66137787892	1000.0	2598.8977098814803	0.0	0	0.0	2819.5590877606883	1	0	1.054229550389679
252233.32999736266	1000.0	2586.229090397752	0.0	0	0.0	2819.5590877606883	1	0	1.054229550389679
254106.8626132862	1000.0	1712.6964744742252	0.0	0	0.0	2819.5590877606883	1	0	1.05422955038968
254935.10436186573	500.0	1884.4547258947075	0.0	0	0.0	2819.5590877606883	1	0	-0.3320648107302117
255708.68160658315	500.0	2110.8774811772864	0.0	0	0.0	2819.5590877607174	1	0	0.36108236982973
256524.1335289298	500.0	2295.4255588306855	0.0	0	0.0	2819.5590877607174	1	0	0.36108236982972913
257200.0	500.0	2619.5590877604805	0.0	0	211.12400638015242	2819.5590877607174	1	0	0.36108236982972913
258200.0	500.0	2619.5590877605	0.0	0	664.0572265917144	2819.5590877607174	1	0	0.36108236982972913
259200.0	500.0	2619.559087760496	0.0	0	731.3995777713426	2819.5590877607174	1	0	0.36108236982972913
260200.0	500.0	2619.559087760494	0.0	0	635.5255433760467	2819.5590877606883	1	0	0.3610823698297336
261200.0	500.0	2619.5590877605014	0.0	0	663.1661000507884	2819.5590877606883	1	0	0.3610823698297336
262200.0	500.0	2619.5590877605155	0.0	0	597.2098402862903	2819.5590877606883	1	0	0.3610823698297336
263200.0	500.0	2619.559087760524	0.0	0	611.7669733826187	2819.5590877606883	1	0	0.3610823698297371
264200.0	500.0	2619.559087760532	0.0	0	480.2422059944947	2819.5590877606883	1	0	0.36108236982973446
265200.0	500.0	2619.559087760547	0.0	0	633.6026087650098	2819.5590877606883	1	0	0.36108236982973535
266200.0	500.0	2619.5590877605305	0.0	0	596.0700612737564	2819.5590877607465	1	0	0.36108236982972464
267200.0	500.0	2619.559087760474	0.0	0	96.37863311072579	2819.5590877607465	1	0	0.36108236982972464
268200.0	500.0	2619.5590877605105	0.0	0	80.82621509418823	2819.5590877606883	1	0	0.3610823698297336
269200.0	500.0	2619.5590877604923	0.0	0	392.9973446933436	2819.5590877607465	1	0	0.36108236982972464
270200.0	1000.0	2619.55908776044	0.0	0	133.70820765633835	2819.5590877608047	1	0	0.3610823698297158
271200.0	1000.0	2619.5590877605273	0.0	0	212.7317792212125	2819.5590877607465	1	0	1.0542295503896701
272200.0	1000.0	2619.5590877605723	0.0	0	323.1021632910706	2819.5590877608047	1	0	1.0542295503896613
273200.0	1000.0	2619.5590877605823	0.0	0	109.77997925924137	2819.5590877607465	1	0	1.0542295503896701
274200.0	1000.0	2619.559087760562	0.0	0	16.692020220507402	2819.5590877607465	1	0	1.0542295503896701
275200.0	1000.0	2619.559087760559	0.0	0	147.93752206419595	2819.5590877607465	1	0	1.0542295503896701
276200.0	1000.0	2619.5590877605305	0.0	0	64.70681259734556	2819.5590877607465	1	0	1.0542295503896701
277200.0	1000.0	2619.559087760548	0.0	0	469.63884881843114	2819.5590877606883	1	0	1.054229550389679
279190.9345281046	2000.0	1628.624559655926	0.0	0	0.0	2819.5590877607465	1	0	1.054229550389672
279723.02486769675	500.0	2096.5342200638506	0.0	0	0.0	2819.5590877608047	1	0	-1.0252119912901747
280301.1325878666	500.0	2518.426499893944	0.0	0	0.0	2819.5590877608047	1	0	0.36108236982971575
281200.0	500.0	2619.5590877605355	0.0	0	430.18022206856403	2819.5590877607465	1	0	0.36108236982972464
282200.0	500.0	2619.5590877605378	0.0	0	665.9515183429467	2819.5590877608047	1	0	0.36108236982971575
283200.0	500.0	2619.55908776054	0.0	0	668.3992979623144	2819.5590877608047	1	0	0.36108236982971575
284200.0	500.0	2619.5590877605373	0.0	0	692.7522078352049	2819.5590877608047	1	0	0.36108236982971575
285200.0	500.0	2619.5590877605114	0.0	0	646.8273588828743	2819.5590877607465	1	0	0.36108236982972464
286200.0	500.0	2619.559087760484	0.0	0	457.66185743542155	2819.5590877606883	1	0	0.3610823698297336
287200.0	500.0	2619.559087760446	0.0	0	365.2456760723144	2819.5590877606883	1	0	0.3610823698297336
288200.0	1000.0	2619.5590877605114	0.0	0	101.15866199787706	2819.55908776063	1	0	0.36108236982974246
289200.0	1000.0	2619.5590877604895	0.0	0	466.33876066171797	2819.5590877606883	1	0	1.054229550389679
290200.0	1000.0	2619.559087760479	0.0	0	122.61304015712813	2819.5590877606883	1	0	1.054229550389679
291268.87001352076	1000.0	2550.6890742397136	0.0	0	0.0	2819.5590877606883	1	0	1.054229550389679
292570.14047549525	1000.0	2249.418612265244	0.0	0	0.0	2819.5590877606883	1	0	1.054229550389679
293273.11490215344	1000.0	2546.4441856070166	0.0	0	0.0	2819.5590877606883	1	0	1.054229550389679
294445.69099676557	1000.0	2373.868090994927	0.0	0	0.0	2819.5590877606883	1	0	1.054229550389679
295432.72482185473	500.0	2386.8342659057475	0.0	0	0.0	2819.55908776063	1	0	-0.33206481073020283
296200.0	500.0	2619.559087760531	0.0	0	52.51365426328266	2819.5590877606883	1	0	0.3610823698297336
297200.0	500.0	2619.559087760491	0.0	0	189.33382905315375	2819.5590877606883	1	0	0.3610823698297336
298551.34264684847	1000.0	2268.21644091202	0.0	0	0.0	2819.55908776063	1	0	0.36108236982974246
299200.0	500.0	2619.5590877605264	0.0	0	152.89487328060204	2819.55908776063	1	0	-0.33206481073020283
300200.0	500.0	2619.5590877605373	0.0	0	556.2829748686054	2819.55908776063	1	0	0.36108236982974246
1.44	1.39	1.52	1.24	1.07	1.37	1.42	1.6	0.79	1.01	0.72	1.2	1.66	1.66	1.42	0.81	1.19	0.9	1.16	1.1	0.89	0.73	0.79	1.4	1.42	1.37	0.95	1.03	1.37	1.09	1.36	1.25	1.04	1.04	1.61	1.31	0.83	1.74	1.44	1.59	0.65	0.8	1.02	1.14	1.26	1.17	1.01	0.5	0.71	0.7	0.52	0.73	0.6	0.86	0.65	0.93	0.9	0.71	0.9	1.03	1.26	1.27	0.79	1.2	1.9	1.63	0.89	0.96	1.18	0.56	1.29	1.45	1.33	1.62	1.16	1.53	1.3	1.51	1.09	0.9	0.93	1.32	1.68	1.42	1.23	1.27	0.95	0.83	0.61	0.75	0.97	0.71	0.98	0.75	1.01	0.96	1.07	1.22	1.44	1.16	0.78	0.66	0.83	0.74	0.57	1.3	1.6	2.11	1.42	1.33	1.69	1.08	1.04	1.49	1.01	0.56	0.65	0.98	1.1	0.94	1.24	1.07	0.86	1.47	1.29	1.92	1.09	1.26	1.16	1.19	1.67	2.06	2.1	1.12	1.22	0.96	1.07	1.61	1.49	0.97	0.81	1.2	1.05	0.6	0.63	0.88	0.83	0.93	0.98	1.7	1.44	1.39	1.52	1.24	1.07	1.37	1.42	1.6	0.79	1.01	0.72	1.2	1.66	1.66	1.42	0.81	1.19	0.9	1.16	1.1	0.89	0.73	0.79	1.4	1.42	1.37	0.95	1.03	1.37	1.09	1.36	1.25	1.04	1.04	1.61	1.31	0.83	1.74	1.44	1.59	0.65	0.8	1.02	1.14	1.26	1.17	1.01	0.5	0.71	0.7	0.52	0.73	0.6	0.86	0.65	0.93	0.9	0.71	0.9	1.03	1.26	1.27	0.79	1.2	1.9	1.63	0.89	0.96	1.18	0.56	1.29	1.45	1.33	1.62	1.16	1.53	1.3	1.51	1.09	0.9	0.93	1.32	1.68	1.42	1.23	1.27	0.95	0.83	0.61	0.75	0.97	0.71	0.98	0.75	1.01	0.96	1.07	1.22	1.44	1.16	0.78	0.66	0.83	0.74	0.57	1.3	1.6	2.11	1.42	1.33	1.69	1.08	1.04	1.49	1.01	0.56	0.65	0.98	1.1	0.94	1.24	1.07	0.86	1.47	1.29	1.92	1.09	1.26	1.16	1.19	1.67	2.06	2.1	1.12	1.22	0.96	1.07	1.61	1.49	0.97	0.81	1.2	1.05	0.6	0.63	0.88	0.83	0.93	0.98	1.7	1.44	1.39	1.52
1.0	2.0	3.0	4.0	5.0	6.0	7.0	8.0	9.0	10.0	11.0	12.0	13.0	14.0	15.0	16.0	17.0	18.0	19.0	20.0	21.0	22.0	23.0	24.0	25.0	26.0	27.0	28.0	29.0	30.0	31.0	32.0	33.0	34.0	35.0	36.0	37.0	38.0	39.0	40.0	41.0	42.0	43.0	44.0	45.0	46.0	47.0	48.0	49.0	50.0	51.0	52.0	53.0	54.0	55.0	56.0	57.0	58.0	59.0	60.0	61.0	62.0	63.0	64.0	65.0	66.0	67.0	68.0	69.0	70.0	71.0	72.0	73.0	74.0	75.0	76.0	77.0	78.0	79.0	80.0	81.0	82.0	83.0	84.0	85.0	86.0	87.0	88.0	89.0	90.0	91.0	92.0	93.0	94.0	95.0	96.0	97.0	98.0	99.0	100.0	101.0	102.0	103.0	104.0	105.0	106.0	107.0	108.0	109.0	110.0	111.0	112.0	113.0	114.0	115.0	116.0	117.0	118.0	119.0	120.0	121.0	122.0	123.0	124.0	125.0	126.0	127.0	128.0	129.0	130.0	131.0	132.0	133.0	134.0	135.0	136.0	137.0	138.0	139.0	140.0	141.0	142.0	143.0	144.0	145.0	146.0	147.0	148.0	149.0	149.0	150.0	151.0	152.0	153.0	154.0	155.0	156.0	157.0	158.0	159.0	160.0	161.0	162.0	163.0	164.0	165.0	166.0	167.0	168.0	169.0	170.0	171.0	172.0	173.0	174.0	175.0	176.0	177.0	178.0	179.0	180.0	181.0	182.0	183.0	184.0	185.0	186.0	187.0	188.0	189.0	190.0	191.0	192.0	193.0	194.0	195.0	196.0	197.0	198.0	199.0	200.0	201.0	202.0	203.0	204.0	205.0	206.0	207.0	208.0	209.0	210.0	211.0	212.0	213.0	214.0	215.0	216.0	217.0	218.0	219.0	220.0	221.0	222.0	223.0	224.0	225.0	226.0	227.0	228.0	229.0	230.0	231.0	232.0	233.0	234.0	235.0	236.0	237.0	238.0	239.0	240.0	241.0	242.0	243.0	244.0	245.0	246.0	247.0	248.0	249.0	250.0	251.0	252.0	253.0	254.0	255.0	256.0	257.0	258.0	259.0	260.0	261.0	262.0	263.0	264.0	265.0	266.0	267.0	268.0	269.0	270.0	271.0	272.0	273.0	274.0	275.0	276.0	277.0	278.0	279.0	280.0	281.0	282.0	283.0	284.0	285.0	286.0	287.0	288.0	289.0	290.0	291.0	292.0	293.0	294.0	295.0	296.0	297.0	298.0	298.0	299.0	300.0	301.0
2278.305041268476
