5441.98793817857	300.0	1000.0	172.99298352196377	0	0.0	5441.98793817857	0	0	-2.4519463982281144
5625.550877916148	300.0	2000.0	183.562939737578	0	0.0	5625.550877916148	1	0	-2.6816800011310167
5797.0209906834125	300.0	2828.5298872327357	0.0	0	0.0	5625.550877916148	1	0	-1.619975090844297
6228.08276574862	1000.0	3397.468112167527	0.0	0	0.0	5625.550877916147	1	0	-1.6199750908442965
6608.722030002758	1000.0	4016.8288479133876	0.0	0	0.0	5625.550877916146	1	0	-0.4160022865183594
7558.150821061218	2000.0	4067.4000568549272	0.0	0	0.0	5625.550877916146	1	0	-0.41600228651835913
8340.09243380643	2000.0	4285.458444109716	0.0	0	0.0	5625.550877916146	1	0	0.27714489404158604
9102.347864056776	2000.0	4523.203013859371	0.0	0	0.0	5625.5508779161455	1	0	0.2771448940415867
10093.524203940658	2000.0	4532.026673975483	0.0	0	0.0	5625.550877916142	1	0	0.2771448940415888
10996.947456333088	2000.0	4628.603421583055	0.0	0	0.0	5625.550877916143	1	0	0.27714489404159093
11872.537483839365	2000.0	4753.013394076776	0.0	0	0.0	5625.550877916142	1	0	0.27714489404158993
12540.712668172959	2000.0	5084.838209743185	0.0	0	0.0	5625.550877916144	1	0	0.27714489404158926
13704.194058915351	2000.0	4921.356819000793	0.0	0	0.0	5625.550877916144	1	0	0.2771448940415886
14719.797122721102	2000.0	4905.753755195042	0.0	0	0.0	5625.550877916143	1	0	0.2771448940415894
15398.174542622162	2000.0	5227.376335293983	0.0	0	0.0	5625.550877916145	1	0	0.2771448940415877
16518.63469248972	2000.0	5106.916185426429	0.0	0	0.0	5625.550877916146	1	0	0.27714489404158604
17236.006665388082	2000.0	5389.544212528062	0.0	0	0.0	5625.550877916141	1	0	0.27714489404158843
18200.0	2000.0	5425.550877916148	0.0	0	148.84438620067885	5625.550877916146	1	0	0.2771448940415867
19540.45303473275	3000.0	5085.097843183401	0.0	0	0.0	5625.55087791615	1	0	0.2771448940415848
20478.929736074402	2000.0	5146.621141841749	0.0	0	0.0	5625.55087791615	1	0	-0.12832021406658262
22130.0463060298	3000.0	4495.504571886353	0.0	0	0.0	5625.550877916154	1	0	0.2771448940415811
23085.03586296735	2000.0	4540.515014948794	0.0	0	0.0	5625.55087791615	1	0	-0.12832021406658217
24217.306495132583	2000.0	4408.244382783557	0.0	0	0.0	5625.55087791615	1	0	0.27714489404158243
24924.590969378056	2000.0	4700.959908538081	0.0	0	0.0	5625.55087791615	1	0	0.27714489404158243
25882.19915519289	2000.0	4743.351722723245	0.0	0	0.0	5625.55087791615	1	0	0.27714489404158243
26835.66174102592	2000.0	4789.889136890215	0.0	0	0.0	5625.55087791615	1	0	0.27714489404158243
28021.246013121243	2000.0	4604.304864794889	0.0	0	0.0	5625.550877916154	1	0	0.2771448940415812
29116.428306086156	2000.0	4509.1225718299775	0.0	0	0.0	5625.550877916157	1	0	0.2771448940415758
30034.144753330063	2000.0	4591.406124586072	0.0	0	0.0	5625.550877916161	1	0	0.27714489404157244
30989.357619004593	2000.0	4636.193258911546	0.0	0	0.0	5625.550877916161	1	0	0.27714489404157244
31957.909225168598	2000.0	4667.641652747544	0.0	0	0.0	5625.550877916165	1	0	0.27714489404156883
32759.51310740383	2000.0	4866.0377705123165	0.0	0	0.0	5625.550877916165	1	0	0.27714489404156883
33861.04917585583	2000.0	4764.501702060323	0.0	0	0.0	5625.550877916165	1	0	0.2771448940415675
34643.60739466345	2000.0	4981.9434832527	0.0	0	0.0	5625.550877916161	1	0	0.2771448940415689
35687.99630979198	2000.0	4937.55456812417	0.0	0	0.0	5625.550877916165	1	0	0.27714489404156817
36770.03269776553	2000.0	4855.518180150627	0.0	0	0.0	5625.550877916165	1	0	0.27714489404156817
37815.16784753663	2000.0	4810.38303037953	0.0	0	0.0	5625.550877916165	1	0	0.27714489404156684
38499.82602658382	2000.0	5125.724851332345	0.0	0	0.0	5625.550877916168	1	0	0.2771448940415675
39481.68716146367	2000.0	5143.863716452498	0.0	0	0.0	5625.5508779161755	1	0	0.277144894041558
40409.3843977917	2000.0	5216.166480124469	0.0	0	0.0	5625.550877916168	1	0	0.2771448940415655
41576.5584552264	2000.0	5048.992422689771	0.0	0	0.0	5625.550877916168	1	0	0.2771448940415655
42830.91149720272	2000.0	4794.639380713455	0.0	0	0.0	5625.5508779161755	1	0	0.277144894041558
43786.00537074491	2000.0	4839.545507171266	0.0	0	0.0	5625.5508779161755	1	0	0.277144894041558
44738.533354798274	2000.0	4887.017523117902	0.0	0	0.0	5625.5508779161755	1	0	0.277144894041558
45661.94145907216	2000.0	4963.609418844024	0.0	0	0.0	5625.550877916183	1	0	0.27714489404155107
46331.88770014051	2000.0	5293.663177775666	0.0	0	0.0	5625.5508779161755	1	0	0.277144894041558
47895.654991461844	3000.0	4729.895886454331	0.0	0	0.0	5625.550877916168	1	0	0.27714489404156567
48717.77641385518	2000.0	4907.774464060994	0.0	0	0.0	5625.5508779161755	1	0	-0.1283202140666066
52385.1702506482	2000.0	2240.380627267971	0.0	0	0.0	5625.5508779161755	1	0	0.277144894041558
52745.809606325456	300.0	2879.7412715907158	0.0	0	0.0	5625.5508779161755	1	0	-3.5170950757302046
53129.04635385428	300.0	3496.5045240618983	0.0	0	0.0	5625.550877916183	1	0	-1.6199750908443302
54031.463624004406	1000.0	3594.087253911775	0.0	0	0.0	5625.550877916183	1	0	-1.6199750908443304
54881.04212858419	1000.0	3744.5087493319984	0.0	0	0.0	5625.55087791619	1	0	-0.41600228651840127
55667.91973594192	1000.0	3957.6311419742633	0.0	0	0.0	5625.55087791619	1	0	-0.41600228651840127
56212.50418461088	1000.0	4413.046693305299	0.0	0	0.0	5625.55087791619	1	0	-0.41600228651840127
56729.80985873132	1000.0	4895.741019184862	0.0	0	0.0	5625.550877916197	1	0	-0.4160022865184079
57627.5616310181	2000.0	4997.98924689808	0.0	0	0.0	5625.550877916197	1	0	-0.416002286518408
58248.203585588795	2000.0	5377.347292327379	0.0	0	0.0	5625.550877916205	1	0	0.27714489404153025
59200.0	2000.0	5425.550877916179	0.0	0	225.93238818261307	5625.550877916197	1	0	0.2771448940415372
60415.48471735736	3000.0	5210.066160558819	0.0	0	0.0	5625.550877916197	1	0	0.27714489404153736
61302.222823148855	3000.0	5323.328054767321	0.0	0	0.0	5625.550877916197	1	0	0.6826100021497019
62200.0	3000.0	5425.55087791617	0.0	0	234.41329530376242	5625.550877916197	1	0	0.6826100021497019
63200.0	3000.0	5425.550877916164	0.0	0	283.02743429491966	5625.550877916197	1	0	0.6826100021497019
64200.0	3000.0	5425.550877916156	0.0	0	413.272609566804	5625.55087791619	1	0	0.6826100021497086
65200.0	3000.0	5425.550877916156	0.0	0	226.74948369300546	5625.55087791619	1	0	0.6826100021497086
66200.0	3000.0	5425.550877916163	0.0	0	110.25312924140599	5625.55087791619	1	0	0.6826100021497143
67491.92606513776	3000.0	5133.624812778408	0.0	0	0.0	5625.55087791619	1	0	0.6826100021497101
68200.0	3000.0	5425.550877916159	0.0	0	23.97000096242118	5625.550877916183	1	0	0.6826100021497061
69200.0	3000.0	5425.550877916172	0.0	0	51.5613762983412	5625.550877916197	1	0	0.6826100021497006
70480.42280925754	3000.0	5145.128068658642	0.0	0	0.0	5625.550877916197	1	0	0.6826100021496977
71806.06072180583	3000.0	4819.490156110343	0.0	0	0.0	5625.55087791619	1	0	0.6826100021497086
73466.31768539824	3000.0	4159.233192517926	0.0	0	0.0	5625.55087791619	1	0	0.6826100021497086
74368.39450076228	2000.0	4257.156377153887	0.0	0	0.0	5625.55087791619	1	0	-0.12832021406662075
75126.30392040388	2000.0	4499.246957512296	0.0	0	0.0	5625.55087791619	1	0	0.27714489404154385
75851.97796493571	2000.0	4773.572912980463	0.0	0	0.0	5625.55087791619	1	0	0.27714489404154385
76850.25951384728	3000.0	4775.291364068906	0.0	0	0.0	5625.55087791619	1	0	0.277144894041544
77782.76137961459	3000.0	4842.789498301606	0.0	0	0.0	5625.55087791619	1	0	0.6826100021497086
79966.51152680066	3000.0	3659.0393511155576	0.0	0	0.0	5625.550877916205	1	0	0.682610002149695
80652.63749167821	1000.0	3972.9133862380113	0.0	0	0.0	5625.550877916205	1	0	-1.514614575186525
81760.05192318116	2000.0	3865.4989547350588	0.0	0	0.0	5625.550877916205	1	0	-0.4160022865184151
82479.47494501632	2000.0	4146.075932899907	0.0	0	0.0	5625.550877916205	1	0	0.27714489404153025
83063.97062002087	2000.0	4561.58025789535	0.0	0	0.0	5625.550877916205	1	0	0.27714489404153025
83950.40674795379	2000.0	4675.144129962432	0.0	0	0.0	5625.55087791619	1	0	0.27714489404154385
85124.41098957616	3000.0	4501.139888340052	0.0	0	0.0	5625.55087791619	1	0	0.277144894041544
85857.43781347501	2000.0	4768.113064441221	0.0	0	0.0	5625.550877916205	1	0	-0.12832021406663435
86498.3027400298	2000.0	5127.2481378864195	0.0	0	0.0	5625.550877916205	1	0	0.27714489404153025
87915.88686860687	3000.0	4709.664009309326	0.0	0	0.0	5625.550877916205	1	0	0.2771448940415304
89333.59015905704	2000.0	4291.960718859144	0.0	0	0.0	5625.550877916205	1	0	-0.12832021406663435
91812.67868878567	2000.0	2812.872189130514	0.0	0	0.0	5625.55087791619	1	0	0.27714489404154385
92357.72942257622	1000.0	3267.8214553399607	0.0	0	0.0	5625.5508779161755	1	0	-1.1091494670783324
92902.77315250774	1000.0	3722.77772540842	0.0	0	0.0	5625.5508779161755	1	0	-0.4160022865183871
93329.62349607884	1000.0	4295.927381837333	0.0	0	0.0	5625.55087791619	1	0	-0.41600228651840127
94175.85308172998	2000.0	4449.6977961861985	0.0	0	0.0	5625.5508779161755	1	0	-0.41600228651838733
95320.01203492504	2000.0	4305.538842991147	0.0	0	0.0	5625.5508779161755	1	0	0.277144894041558
96737.90286006458	2000.0	3887.648017851607	0.0	0	0.0	5625.55087791619	1	0	0.27714489404154385
98561.97669345496	2000.0	3063.574184461241	0.0	0	0.0	5625.55087791619	1	0	0.27714489404154385
99063.38581870237	1000.0	3562.165059213806	0.0	0	0.0	5625.55087791619	1	0	-1.1091494670783462
99490.8171762543	1000.0	4134.733701661873	0.0	0	0.0	5625.55087791619	1	0	-0.41600228651840127
100110.72306556502	1000.0	4514.827812351159	0.0	0	0.0	5625.55087791619	1	0	-0.41600228651840127
101382.02229047967	2000.0	4243.528587436496	0.0	0	0.0	5625.55087791619	1	0	-0.4160022865184013
102126.61987546633	2000.0	4498.9310024498345	0.0	0	0.0	5625.55087791619	1	0	0.27714489404154385
102876.81145542627	2000.0	4748.739422489889	0.0	0	0.0	5625.5508779161755	1	0	0.277144894041558
103525.6029375885	2000.0	5099.947940327667	0.0	0	0.0	5625.5508779161755	1	0	0.277144894041558
105706.15679179186	3000.0	3919.394086124315	0.0	0	0.0	5625.5508779161755	1	0	0.2771448940415582
106760.06388901446	2000.0	3865.486988901695	0.0	0	0.0	5625.5508779161755	1	0	-0.1283202140666066
107770.09170168587	2000.0	3855.4591762303	0.0	0	0.0	5625.5508779161755	1	0	0.277144894041558
108602.73279167555	2000.0	4022.8180862406107	0.0	0	0.0	5625.550877916161	1	0	0.27714489404157244
109354.47979190548	2000.0	4271.071086010668	0.0	0	0.0	5625.550877916161	1	0	0.27714489404157244
110268.6462976064	3000.0	4356.904580309759	0.0	0	0.0	5625.550877916161	1	0	0.2771448940415726
111081.51807539212	3000.0	4544.032802524044	0.0	0	0.0	5625.550877916146	1	0	0.6826100021497508
112017.88473655577	3000.0	4607.666141360392	0.0	0	0.0	5625.550877916146	1	0	0.6826100021497508
113219.50517398723	3000.0	4406.04570392894	0.0	0	0.0	5625.550877916146	1	0	0.6826100021497508
115769.17482015833	2000.0	2856.3760577578555	0.0	0	0.0	5625.550877916161	1	0	-0.12832021406659216
116372.66141713421	1000.0	3252.889460781963	0.0	0	0.0	5625.550877916161	1	0	-1.1091494670783177
116821.32396786561	1000.0	3804.226910050578	0.0	0	0.0	5625.550877916161	1	0	-0.4160022865183727
117282.09726093068	1000.0	4343.453616985515	0.0	0	0.0	5625.5508779161755	1	0	-0.4160022865183871
118082.93089665844	2000.0	4542.619981257761	0.0	0	0.0	5625.5508779161755	1	0	-0.41600228651838733
118933.06010727437	2000.0	4692.490770641831	0.0	0	0.0	5625.5508779161755	1	0	0.277144894041558
119865.57088944514	2000.0	4759.97998847106	0.0	0	0.0	5625.5508779161755	1	0	0.277144894041558
121365.72797411584	2000.0	4259.822903800352	0.0	0	0.0	5625.5508779161755	1	0	0.277144894041558
122268.47284035191	2000.0	4357.07803756428	0.0	0	0.0	5625.5508779161755	1	0	0.277144894041558
123011.45330046261	2000.0	4614.097577453562	0.0	0	0.0	5625.5508779161755	1	0	0.277144894041558
123656.1146551003	2000.0	4969.436222815879	0.0	0	0.0	5625.5508779161755	1	0	0.277144894041558
124270.71404237818	2000.0	5354.836835538007	0.0	0	0.0	5625.5508779161755	1	0	0.277144894041558
125200.0	3000.0	5425.550877916179	0.0	0	25.381005744013237	5625.5508779161755	1	0	0.2771448940415582
126200.0	3000.0	5425.550877916172	0.0	0	237.54361967059958	5625.5508779161755	1	0	0.6826100021497228
127200.0	3000.0	5425.550877916165	0.0	0	265.2935534785356	5625.550877916161	1	0	0.6826100021497372
128200.0	3000.0	5425.5508779161555	0.0	0	160.9614703434636	5625.550877916161	1	0	0.6826100021497372
129200.0	3000.0	5425.550877916155	0.0	0	282.33695214892214	5625.550877916161	1	0	0.6826100021497372
130200.0	3000.0	5425.550877916145	0.0	0	253.94328065488662	5625.550877916161	1	0	0.6826100021497372
131643.71032588693	3000.0	4981.840552029229	0.0	0	0.0	5625.550877916161	1	0	0.6826100021497372
132976.003147602	3000.0	4649.547730314161	0.0	0	0.0	5625.550877916161	1	0	0.6826100021497257
133931.28769749837	3000.0	4694.263180417788	0.0	0	0.0	5625.5508779161755	1	0	0.6826100021497369
134967.14564076782	3000.0	4658.405237148312	0.0	0	0.0	5625.550877916161	1	0	0.6826100021497286
135893.94820661636	3000.0	4731.602671299741	0.0	0	0.0	5625.550877916132	1	0	0.6826100021497593
138333.91553897932	3000.0	3291.6353389367423	0.0	0	0.0	5625.550877916103	1	0	0.6826100021497903
139103.89113996865	1000.0	3521.659737947389	0.0	0	0.0	5625.550877916103	1	0	-1.5146145751864264
140490.85728171797	1000.0	3134.693596198033	0.0	0	0.0	5625.550877916103	1	0	-0.4160022865183169
141064.86328755974	1000.0	3560.687590356235	0.0	0	0.0	5625.550877916074	1	0	-0.4160022865182883
141692.23588446848	1000.0	3933.314993447485	0.0	0	0.0	5625.550877916074	1	0	-0.4160022865182883
142402.74158546163	1000.0	4222.809292454343	0.0	0	0.0	5625.550877916074	1	0	-0.4160022865182883
142993.66480703512	1000.0	4631.886070880839	0.0	0	0.0	5625.550877916074	1	0	-0.4160022865182883
143595.32096036643	1000.0	5030.229917549542	0.0	0	0.0	5625.550877916045	1	0	-0.41600228651826054
144242.0178172987	1000.0	5383.533060617264	0.0	0	0.0	5625.550877916015	1	0	-0.41600228651823196
146356.1584282793	2000.0	4269.392449636682	0.0	0	0.0	5625.550877916015	1	0	-0.416002286518232
147247.24827651252	1000.0	4378.302601403477	0.0	0	0.0	5625.550877915986	1	0	-1.1091494670781497
147775.39997683323	1000.0	4850.150901082779	0.0	0	0.0	5625.550877915986	1	0	-0.41600228651820476
149868.3694207576	2000.0	3757.181457158403	0.0	0	0.0	5625.550877915986	1	0	-0.4160022865182048
150610.46851962968	1000.0	4015.0823582863263	0.0	0	0.0	5625.550877915986	1	0	-1.1091494670781497
151430.9260632598	1000.0	4194.624814656213	0.0	0	0.0	5625.550877915957	1	0	-0.41600228651817617
151882.39953535856	1000.0	4743.151342557458	0.0	0	0.0	5625.550877915957	1	0	-0.41600228651817617
152522.98209061968	1000.0	5102.568787296336	0.0	0	0.0	5625.550877915957	1	0	-0.41600228651817617
153631.30997667176	2000.0	4994.240901244263	0.0	0	0.0	5625.550877915986	1	0	-0.4160022865182048
154441.23490249584	2000.0	5184.315975420194	0.0	0	0.0	5625.550877915986	1	0	0.27714489404174036
155200.0	2000.0	5425.550877916071	0.0	0	88.08539183012908	5625.550877915986	1	0	0.27714489404174036
156200.0	2000.0	5425.550877916075	0.0	0	286.7215419244021	5625.550877915986	1	0	0.27714489404174036
157474.71547866007	3000.0	5150.835399255996	0.0	0	0.0	5625.550877915986	1	0	0.27714489404174053
158612.0121458532	3000.0	5013.538732062869	0.0	0	0.0	5625.550877915986	1	0	0.6826100021499166
159566.35856410218	2000.0	5059.192313813895	0.0	0	0.0	5625.550877915986	1	0	-0.12832021406642424
160383.97813281757	2000.0	5241.572745098527	0.0	0	0.0	5625.550877915986	1	0	0.27714489404174036
161248.83601861264	2000.0	5376.71485930348	0.0	0	0.0	5625.550877915986	1	0	0.27714489404174036
162456.98612980422	3000.0	5168.564748111895	0.0	0	0.0	5625.550877916015	1	0	0.27714489404172965
163325.37178561976	2000.0	5300.179092296376	0.0	0	0.0	5625.550877916045	1	0	-0.12832021406648003
164495.59730473376	2000.0	5129.953573182369	0.0	0	0.0	5625.550877916074	1	0	0.2771448940416735
165634.88113553115	2000.0	4990.669742385009	0.0	0	0.0	5625.550877916074	1	0	0.2771448940416679
166534.05003611278	2000.0	5091.500841803388	0.0	0	0.0	5625.550877916074	1	0	0.2771448940416568
167434.99251621828	2000.0	5190.558361697915	0.0	0	0.0	5625.550877916074	1	0	0.2771448940416568
169068.23185478756	3000.0	4557.319023128649	0.0	0	0.0	5625.550877916074	1	0	0.277144894041657
169723.0612607689	2000.0	4902.4896171472865	0.0	0	0.0	5625.550877916074	1	0	-0.1283202140665078
170782.34099979722	2000.0	4843.209878118976	0.0	0	0.0	5625.550877916074	1	0	0.2771448940416568
171686.55660039023	2000.0	4938.994277526006	0.0	0	0.0	5625.550877916103	1	0	0.27714489404163395
172754.98712909527	2000.0	4870.5637488209695	0.0	0	0.0	5625.550877916103	1	0	0.27714489404162823
173489.93879204424	2000.0	5135.612085872004	0.0	0	0.0	5625.550877916074	1	0	0.2771448940416568
174532.4964260889	2000.0	5093.05445182732	0.0	0	0.0	5625.550877916074	1	0	0.2771448940416568
175481.1513042614	2000.0	5144.3995736548295	0.0	0	0.0	5625.550877916103	1	0	0.2771448940416454
176680.58818421705	2000.0	4944.9626936992	0.0	0	0.0	5625.550877916132	1	0	0.2771448940416002
177891.0535510644	3000.0	4734.4973268518515	0.0	0	0.0	5625.550877916132	1	0	0.27714489404160036
178769.31279388868	2000.0	4856.238084027532	0.0	0	0.0	5625.550877916132	1	0	-0.1283202140665644
179485.5936321403	2000.0	5139.957245775872	0.0	0	0.0	5625.550877916132	1	0	0.2771448940416002
180550.39854167323	2000.0	5075.152336242975	0.0	0	0.0	5625.550877916103	1	0	0.27714489404162823
181200.0	2000.0	5425.550877916219	0.0	0	37.852668100822484	5625.550877916103	1	0	0.27714489404162823
182319.24101855277	3000.0	5306.309859363427	0.0	0	0.0	5625.550877916045	1	0	0.27714489404166254
183673.42200765954	3000.0	4952.128870256654	0.0	0	0.0	5625.550877916045	1	0	0.6826100021498608
184931.8980048948	2000.0	4693.652873021413	0.0	0	0.0	5625.550877916074	1	0	-0.1283202140665078
185911.295798477	2000.0	4714.25507943926	0.0	0	0.0	5625.550877916074	1	0	0.2771448940416568
186590.01287274717	2000.0	5035.538005169087	0.0	0	0.0	5625.550877916103	1	0	0.27714489404163395
187810.32912168477	2000.0	4815.221756231489	0.0	0	0.0	5625.550877916074	1	0	0.2771448940416568
188651.82416617038	2000.0	4973.726711745854	0.0	0	0.0	5625.550877916074	1	0	0.2771448940416568
189768.7722557922	2000.0	4856.77862212405	0.0	0	0.0	5625.550877916074	1	0	0.2771448940416568
190668.19271689653	2000.0	4957.358161019742	0.0	0	0.0	5625.550877916074	1	0	0.2771448940416568
191769.66740935555	2000.0	4855.883468560706	0.0	0	0.0	5625.550877916045	1	0	0.2771448940416846
192509.35918882498	2000.0	5116.191689091268	0.0	0	0.0	5625.550877916045	1	0	0.2771448940416846
193238.4647729975	2000.0	5387.086104918741	0.0	0	0.0	5625.550877916045	1	0	0.2771448940416846
194200.0	2000.0	5425.550877916234	0.0	0	37.50263632522547	5625.550877916045	1	0	0.2771448940416846
195374.38120720332	3000.0	5251.169670712918	0.0	0	0.0	5625.550877916045	1	0	0.27714489404168474
196486.18600795796	2000.0	5139.364869958266	0.0	0	0.0	5625.550877916045	1	0	-0.12832021406646288
197642.3301141543	3000.0	4983.220763761935	0.0	0	0.0	5625.550877916045	1	0	0.27714489404168474
199756.64314472605	2000.0	3868.907733190178	0.0	0	0.0	5625.550877916045	1	0	-0.12832021406648003
202016.67316078453	1000.0	2608.8777171317333	0.0	0	0.0	5625.550877916045	1	0	-1.1091494670782058
202323.19494401748	300.0	3302.3559338987825	0.0	0	0.0	5625.550877916045	1	0	-2.823947895170133
203220.50990081514	1000.0	3405.0409771011427	0.0	0	0.0	5625.550877916045	1	0	-1.6199750908441963
203768.35275057203	1000.0	3857.1981273442543	0.0	0	0.0	5625.550877916015	1	0	-0.41600228651823196
204447.1399985416	1000.0	4178.410879374683	0.0	0	0.0	5625.550877916015	1	0	-0.4160022865182211
205060.1298169289	1000.0	4565.421060987367	0.0	0	0.0	5625.550877916015	1	0	-0.41600228651823196
205466.3086742595	1000.0	5159.242203656818	0.0	0	0.0	5625.550877916015	1	0	-0.41600228651823196
206210.2914094161	2000.0	5415.259468500224	0.0	0	0.0	5625.550877916015	1	0	-0.416002286518232
207200.0	2000.0	5425.550877916326	0.0	0	271.8911535732914	5625.550877915986	1	0	0.27714489404174036
208200.0	2000.0	5425.550877916348	0.0	0	307.51999469834846	5625.550877915986	1	0	0.27714489404174036
209253.41913998313	3000.0	5372.131737933232	0.0	0	0.0	5625.550877916015	1	0	0.27714489404171333
210483.13022227015	3000.0	5142.420655646223	0.0	0	0.0	5625.550877916015	1	0	0.682610002149878
211516.32087844424	3000.0	5109.22999947211	0.0	0	0.0	5625.550877916045	1	0	0.6826100021498608
212362.42920413142	3000.0	5263.1216737849245	0.0	0	0.0	5625.550877916045	1	0	0.6826100021498493
213200.0	3000.0	5425.550877916325	0.0	0	45.02476965612732	5625.550877916045	1	0	0.6826100021498493
214200.0	3000.0	5425.550877916328	0.0	0	294.1204064049525	5625.550877916045	1	0	0.6826100021498493
215200.0	3000.0	5425.550877916318	0.0	0	77.13932570966426	5625.550877916045	1	0	0.6826100021498493
216200.0	3000.0	5425.550877916331	0.0	0	214.0914187275339	5625.550877916045	1	0	0.6826100021498493
217200.0	3000.0	5425.550877916318	0.0	0	110.70119034833624	5625.550877916045	1	0	0.6826100021498493
218200.0	3000.0	5425.550877916322	0.0	0	185.4917532877007	5625.550877916015	1	0	0.682610002149878
219909.5490739777	3000.0	4716.001803938643	0.0	0	0.0	5625.550877916045	1	0	0.6826100021498493
221306.14458032986	3000.0	4319.406297586467	0.0	0	0.0	5625.550877916015	1	0	0.682610002149878
222384.22406142516	2000.0	4241.32681649118	0.0	0	0.0	5625.550877916015	1	0	-0.12832021406645144
223075.6960809459	2000.0	4549.854796970424	0.0	0	0.0	5625.550877916015	1	0	0.27714489404171316
223714.7033732836	2000.0	4910.847504632744	0.0	0	0.0	5625.550877916015	1	0	0.27714489404171316
224547.61640083106	2000.0	5077.934477085303	0.0	0	0.0	5625.550877916015	1	0	0.27714489404171316
225213.70805242323	3000.0	5411.8428254931305	0.0	0	0.0	5625.550877916015	1	0	0.27714489404171333
226200.0	3000.0	5425.550877916353	0.0	0	22.26130855793599	5625.550877916015	1	0	0.682610002149878
227863.87143288157	3000.0	4761.679445034825	0.0	0	0.0	5625.550877916015	1	0	0.6826100021498889
230154.80330918854	3000.0	3470.747568727852	0.0	0	0.0	5625.550877916015	1	0	0.682610002149878
230995.3102685223	2000.0	3630.240609394111	0.0	0	0.0	5625.550877916045	1	0	-0.12832021406648003
231591.11134708233	2000.0	4034.4395308340386	0.0	0	0.0	5625.550877916045	1	0	0.2771448940416846
232422.587625862	2000.0	4202.963252054374	0.0	0	0.0	5625.550877916045	1	0	0.2771448940416846
233375.29878135372	2000.0	4250.252096562652	0.0	0	0.0	5625.550877916045	1	0	0.2771448940416846
234406.70314437125	2000.0	4218.847733545149	0.0	0	0.0	5625.550877916015	1	0	0.27714489404171316
235286.89765992004	2000.0	4338.653217996365	0.0	0	0.0	5625.550877916015	1	0	0.27714489404171316
235837.14372550588	2000.0	4788.407152410525	0.0	0	0.0	5625.550877915986	1	0	0.27714489404174036
236391.71332761878	2000.0	5233.837550297628	0.0	0	0.0	5625.550877915986	1	0	0.27714489404174036
238218.9621930596	3000.0	4406.588684856844	0.0	0	0.0	5625.550877915957	1	0	0.2771448940417577
240105.63263602532	2000.0	3519.9182418911023	0.0	0	0.0	5625.550877915957	1	0	-0.12832021406639565
240883.25721018153	1000.0	3742.2936677349194	0.0	0	0.0	5625.550877915986	1	0	-1.1091494670781497
241564.6838188415	1000.0	4060.8670590749425	0.0	0	0.0	5625.550877915957	1	0	-0.41600228651817617
241977.02861443267	1000.0	4648.522263483769	0.0	0	0.0	5625.550877915957	1	0	-0.41600228651817617
242806.82962250613	2000.0	4818.721255410284	0.0	0	0.0	5625.550877915957	1	0	-0.4160022865181764
243752.76379180243	2000.0	4872.787086114039	0.0	0	0.0	5625.550877916015	1	0	0.2771448940417186
245553.35526813514	2000.0	4072.1956097813236	0.0	0	0.0	5625.550877916045	1	0	0.2771448940416846
247453.18909569937	2000.0	3172.3617822171	0.0	0	0.0	5625.550877916045	1	0	0.2771448940416846
248289.34307908383	2000.0	3336.2077988326437	0.0	0	0.0	5625.550877916074	1	0	0.2771448940416568
249295.00219617606	2000.0	3330.548681740428	0.0	0	0.0	5625.550877916074	1	0	0.2771448940416568
250002.85635495183	1000.0	3622.6945229646567	0.0	0	0.0	5625.550877916045	1	0	-1.1091494670782058
250733.40595517683	2000.0	3892.1449227396583	0.0	0	0.0	5625.550877916045	1	0	-0.41600228651826077
251574.3529709283	2000.0	4051.197906988164	0.0	0	0.0	5625.550877916045	1	0	0.2771448940416846
252451.3147244374	2000.0	4174.2361534790525	0.0	0	0.0	5625.550877916045	1	0	0.2771448940416846
253948.87968460936	2000.0	3676.6711933070915	0.0	0	0.0	5625.550877916074	1	0	0.2771448940416679
254683.52130347906	1000.0	3942.029574437376	0.0	0	0.0	5625.550877916074	1	0	-1.1091494670782334
255748.00425329286	2000.0	3877.546624623591	0.0	0	0.0	5625.550877916045	1	0	-0.4160022865182663
256658.36202588375	2000.0	3967.1888520327175	0.0	0	0.0	5625.550877916045	1	0	0.2771448940416846
257452.80922983753	2000.0	4172.741648078961	0.0	0	0.0	5625.550877916045	1	0	0.2771448940416846
257973.7619949564	2000.0	4651.78888296006	0.0	0	0.0	5625.550877916045	1	0	0.2771448940416846
258739.28956623867	3000.0	4886.2613116777975	0.0	0	0.0	5625.550877916045	1	0	0.27714489404168474
259387.7005145505	3000.0	5237.850363366003	0.0	0	0.0	5625.550877916045	1	0	0.6826100021498493
260424.45183012728	3000.0	5201.099047789219	0.0	0	0.0	5625.550877916045	1	0	0.6826100021498493
261200.0	3000.0	5425.550877916497	0.0	0	112.98365223305882	5625.550877916045	1	0	0.6826100021498493
264424.3173719277	3000.0	3201.233505988798	0.0	0	0.0	5625.550877916074	1	0	0.682610002149844
265167.01119566854	1000.0	3458.539682247917	0.0	0	0.0	5625.550877915986	1	0	-1.5146145751863591
265695.2945992974	1000.0	3930.2562786190883	0.0	0	0.0	5625.550877915986	1	0	-0.41600228651819904
266156.6779053598	1000.0	4468.872972556622	0.0	0	0.0	5625.55087791587	1	0	-0.4160022865181311
266996.08572197496	2000.0	4629.465155941425	0.0	0	0.0	5625.550877915841	1	0	-0.4160022865180808
267685.75114078604	2000.0	4939.799737130427	0.0	0	0.0	5625.550877915957	1	0	0.2771448940418083
268411.0680696327	2000.0	5214.482808283762	0.0	0	0.0	5625.550877915928	1	0	0.277144894041763
269224.7317823322	2000.0	5400.819095584305	0.0	0	0.0	5625.55087791587	1	0	0.27714489404185305
270516.4358683986	3000.0	5109.11500951789	0.0	0	0.0	5625.55087791587	1	0	0.2771448940418532
271318.5289511297	2000.0	5307.021926786767	0.0	0	0.0	5625.55087791587	1	0	-0.12832021406631156
272200.0	2000.0	5425.550877916418	0.0	0	157.367940744909	5625.550877915812	1	0	0.2771448940419094
273200.0	2000.0	5425.550877916393	0.0	0	410.49739812745247	5625.550877915812	1	0	0.2771448940419094
274200.0	3000.0	5425.550877916336	0.0	0	57.251068847312126	5625.550877915812	1	0	0.27714489404190956
275262.8541425816	3000.0	5362.69673533478	0.0	0	0.0	5625.550877915812	1	0	0.6826100021500742
276200.0	3000.0	5425.550877916327	0.0	0	292.722630410688	5625.550877915812	1	0	0.6826100021500742
277200.0	3000.0	5425.550877916305	0.0	0	304.55052978673484	5625.550877915812	1	0	0.6826100021500742
278200.0	3000.0	5425.550877916298	0.0	0	272.4842490271549	5625.550877915812	1	0	0.6826100021500742
279393.62092427275	3000.0	5231.92995364354	0.0	0	0.0	5625.550877915812	1	0	0.6826100021500742
280937.09152158146	3000.0	4688.459356334869	0.0	0	0.0	5625.550877915812	1	0	0.6826100021500742
281929.92596629047	3000.0	4695.624911625846	0.0	0	0.0	5625.550877915812	1	0	0.6826100021500742
282745.4725533647	3000.0	4880.0783245516195	0.0	0	0.0	5625.550877915812	1	0	0.6826100021500742
283667.1531531203	3000.0	4958.397724795999	0.0	0	0.0	5625.550877915812	1	0	0.6826100021500742
284727.2116419507	3000.0	4898.339235965568	0.0	0	0.0	5625.5508779157535	1	0	0.6826100021501189
286905.3566816904	3000.0	3720.194196225973	0.0	0	0.0	5625.5508779157535	1	0	0.68261000215013
288271.25392319856	1000.0	3354.296954717817	0.0	0	0.0	5625.5508779157535	1	0	-1.51461457518609
289362.5713491474	1000.0	3262.9795287689894	0.0	0	0.0	5625.5508779157535	1	0	-0.41600228651797994
289937.08425577637	1000.0	3688.466622140045	0.0	0	0.0	5625.5508779157535	1	0	-0.41600228651797994
290534.8018580588	1000.0	4090.7490198576284	0.0	0	0.0	5625.5508779157535	1	0	-0.4160022865179686
291236.51423305034	1000.0	4389.036644866131	0.0	0	0.0	5625.5508779157535	1	0	-0.41600228651797994
291987.7067165634	1000.0	4637.844161353146	0.0	0	0.0	5625.5508779157535	1	0	-0.41600228651797994
292589.10073918354	1000.0	5036.450138733021	0.0	0	0.0	5625.5508779157535	1	0	-0.41600228651797994
293287.9409532152	1000.0	5337.6099247013435	0.0	0	0.0	5625.5508779157535	1	0	-0.41600228651797994
294613.5609959243	2000.0	5011.989881992221	0.0	0	0.0	5625.550877915695	1	0	-0.416002286517946
296551.18216140644	2000.0	4074.3687165100055	0.0	0	0.0	5625.550877915637	1	0	0.27714489404204445
298900.6468955954	2000.0	2724.903982320984	0.0	0	0.0	5625.550877915579	1	0	0.27714489404210074
299539.10123074416	1000.0	3086.4496471722277	0.0	0	0.0	5625.550877915521	1	0	-1.1091494670776996
300100.1923296208	1000.0	3525.358548295547	0.0	0	0.0	5625.550877915521	1	0	-0.4160022865177543
300811.3617064981	1000.0	3814.189171418235	0.0	0	0.0	5625.550877915521	1	0	-0.4160022865177543
301352.03042139084	1000.0	4273.5204565255035	0.0	0	0.0	5625.550877915521	1	0	-0.4160022865177543
2.28	2.234	2.234	2.336	2.448	2.4819999999999998	2.286	2.096	2.178	2.264	2.318	2.32	2.304	2.234	2.214	2.316	2.436	2.4699999999999998	2.266	2.352	2.4699999999999998	2.282	2.134	2.25	2.408	2.496	2.614	2.632	2.206	2.126	2.2479999999999998	2.222	2.326	2.266	2.16	2.084	2.032	2.322	2.446	2.442	2.406	2.348	2.4779999999999998	1.99275	0.51675	0.5887500000000001	0.3727499999999999	0.9007499999999999	0.9007499999999999	1.5967500000000001	1.57275	2.30475	2.52075	2.47275	3.27675	3.21675	3.46875	3.9007499999999995	4.41675	5.31675	3.9967499999999996	2.92875	3.63675	3.4567499999999995	2.6287499999999997	1.86075	2.1487499999999997	2.49675	2.44875	2.95275	3.72075	3.98475	2.16075	1.94475	1.29675	2.1007499999999997	2.85675	3.58875	2.47275	2.24475	2.5327499999999996	3.19275	2.35275	1.17675	0.66075	1.08075	1.7767499999999998	2.40075	2.48475	2.06475	1.03275	1.2118222222222221	1.0078222222222222	1.8478222222222223	1.8958222222222223	1.967822222222222	2.687822222222222	3.227822222222222	2.3998222222222223	1.2478222222222222	1.7998222222222222	2.4598222222222224	3.0958222222222225	3.7438222222222217	3.6478222222222225	3.911822222222222	4.211822222222223	1.3798222222222223	0.6718222222222223	1.2718222222222222	1.4998222222222222	2.231822222222222	2.9278222222222223	2.687822222222222	1.9798222222222224	1.6918222222222223	2.0518222222222224	2.6998222222222226	2.783822222222222	3.227822222222222	3.707822222222222	4.211822222222223	3.9958222222222224	4.5118222222222215	3.3478222222222223	2.4358222222222223	2.1718222222222225	2.7238222222222226	3.4558222222222224	4.0678222222222225	3.563822222222222	1.1398222222222223	0.6478222222222223	1.0078222222222222	0.9118222222222221	1.3678222222222223	1.63	1.38	1.59	1.15	1.3	1.1	1.48	0.95	0.96	1.49	2.09	2.1	2.63	2.394	2.28	2.234	2.234	2.336	2.448	2.4819999999999998	2.286	2.096	2.178	2.264	2.318	2.32	2.304	2.234	2.214	2.316	2.436	2.4699999999999998	2.266	2.352	2.4699999999999998	2.282	2.134	2.25	2.408	2.496	2.614	2.632	2.206	2.126	2.2479999999999998	2.222	2.326	2.266	2.16	2.084	2.032	2.322	2.446	2.442	2.406	2.348	2.4779999999999998	1.99275	0.51675	0.5887500000000001	0.3727499999999999	0.9007499999999999	0.9007499999999999	1.5967500000000001	1.57275	2.30475	2.52075	2.47275	3.27675	3.21675	3.46875	3.9007499999999995	4.41675	5.31675	3.9967499999999996	2.92875	3.63675	3.4567499999999995	2.6287499999999997	1.86075	2.1487499999999997	2.49675	2.44875	2.95275	3.72075	3.98475	2.16075	1.94475	1.29675	2.1007499999999997	2.85675	3.58875	2.47275	2.24475	2.5327499999999996	3.19275	2.35275	1.17675	0.66075	1.08075	1.7767499999999998	2.40075	2.48475	2.06475	1.03275	1.2118222222222221	1.0078222222222222	1.8478222222222223	1.8958222222222223	1.967822222222222	2.687822222222222	3.227822222222222	2.3998222222222223	1.2478222222222222	1.7998222222222222	2.4598222222222224	3.0958222222222225	3.7438222222222217	3.6478222222222225	3.911822222222222	4.211822222222223	1.3798222222222223	0.6718222222222223	1.2718222222222222	1.4998222222222222	2.231822222222222	2.9278222222222223	2.687822222222222	1.9798222222222224	1.6918222222222223	2.0518222222222224	2.6998222222222226	2.783822222222222	3.227822222222222	3.707822222222222	4.211822222222223	3.9958222222222224	4.5118222222222215	3.3478222222222223	2.4358222222222223	2.1718222222222225	2.7238222222222226	3.4558222222222224	4.0678222222222225	3.563822222222222	1.1398222222222223	0.6478222222222223	1.0078222222222222	0.9118222222222221	1.3678222222222223	1.63	1.38	1.59	1.15	1.3	1.1	1.48	0.95	0.96	1.49	2.09	2.1	2.63	2.394	2.28	2.234	2.234
1.0	2.0	3.0	4.0	5.0	6.0	7.0	8.0	9.0	10.0	11.0	12.0	13.0	14.0	15.0	16.0	17.0	18.0	19.0	20.0	21.0	22.0	23.0	24.0	25.0	26.0	27.0	28.0	29.0	30.0	31.0	32.0	33.0	34.0	35.0	36.0	37.0	38.0	39.0	40.0	41.0	42.0	43.0	44.0	45.0	46.0	47.0	48.0	49.0	50.0	51.0	52.0	53.0	54.0	55.0	56.0	57.0	58.0	59.0	60.0	61.0	62.0	63.0	64.0	65.0	66.0	67.0	68.0	69.0	70.0	71.0	72.0	73.0	74.0	75.0	76.0	77.0	78.0	79.0	80.0	81.0	82.0	83.0	84.0	85.0	86.0	87.0	88.0	89.0	90.0	91.0	92.0	93.0	94.0	95.0	96.0	97.0	98.0	99.0	100.0	101.0	102.0	103.0	104.0	105.0	106.0	107.0	108.0	109.0	110.0	111.0	112.0	113.0	114.0	115.0	116.0	117.0	118.0	119.0	120.0	121.0	122.0	123.0	124.0	125.0	126.0	127.0	128.0	129.0	130.0	131.0	132.0	133.0	134.0	135.0	136.0	137.0	138.0	139.0	140.0	141.0	142.0	143.0	144.0	145.0	146.0	147.0	148.0	149.0	149.0	150.0	151.0	152.0	153.0	154.0	155.0	156.0	157.0	158.0	159.0	160.0	161.0	162.0	163.0	164.0	165.0	166.0	167.0	168.0	169.0	170.0	171.0	172.0	173.0	174.0	175.0	176.0	177.0	178.0	179.0	180.0	181.0	182.0	183.0	184.0	185.0	186.0	187.0	188.0	189.0	190.0	191.0	192.0	193.0	194.0	195.0	196.0	197.0	198.0	199.0	200.0	201.0	202.0	203.0	204.0	205.0	206.0	207.0	208.0	209.0	210.0	211.0	212.0	213.0	214.0	215.0	216.0	217.0	218.0	219.0	220.0	221.0	222.0	223.0	224.0	225.0	226.0	227.0	228.0	229.0	230.0	231.0	232.0	233.0	234.0	235.0	236.0	237.0	238.0	239.0	240.0	241.0	242.0	243.0	244.0	245.0	246.0	247.0	248.0	249.0	250.0	251.0	252.0	253.0	254.0	255.0	256.0	257.0	258.0	259.0	260.0	261.0	262.0	263.0	264.0	265.0	266.0	267.0	268.0	269.0	270.0	271.0	272.0	273.0	274.0	275.0	276.0	277.0	278.0	279.0	280.0	281.0	282.0	283.0	284.0	285.0	286.0	287.0	288.0	289.0	290.0	291.0	292.0	293.0	294.0	295.0	296.0	297.0	298.0	298.0	299.0	300.0	301.0
5268.994954656605
