2392.1947552339457	300.0	1000.0	139.81706459852973	0	0.0	2392.1947552339457	0	0	-3.2343952427946494
2526.93980939472	300.0	2000.0	134.7450541607743	0	0.0	2526.93980939472	1	0	-0.9156409431417084
3200.0	500.0	2326.93980939472	0.0	0	427.0730728892504	2526.93980939472	1	0	-0.11046369422367192
4345.761676030081	2000.0	2181.1781333646395	0.0	0	0.0	2526.93980939472	1	0	0.4003619295423187
5223.864611352833	2000.0	2303.075198041888	0.0	0	0.0	2526.9398093947207	1	0	1.7866562906622094
6573.984112469827	3000.0	1952.9556969248938	0.0	0	0.0	2526.93980939472	1	0	1.7866562906622097
7431.641120480887	2000.0	2095.298688913833	0.0	0	0.0	2526.93980939472	1	0	1.3811911825540448
8784.375004051659	3000.0	1742.5648053430614	0.0	0	0.0	2526.93980939472	1	0	1.7866562906622097
10188.500632249334	3000.0	1338.439177145387	0.0	0	0.0	2526.93980939472	1	0	2.1921213987703743
10812.588021330886	2000.0	1714.351788063834	0.0	0	0.0	2526.93980939472	1	0	1.3811911825540448
12037.153397415597	3000.0	1489.7864119791213	0.0	0	0.0	2526.93980939472	1	0	1.7866562906622097
12935.528761420752	3000.0	1591.411047973967	0.0	0	0.0	2526.93980939472	1	0	2.1921213987703743
14013.31888008584	3000.0	1513.6209293088775	0.0	0	0.0	2526.93980939472	1	0	2.1921213987703743
14862.483527103954	2000.0	1664.456282290765	0.0	0	0.0	2526.93980939472	1	0	1.3811911825540448
15977.761417453428	2000.0	1549.1783919412921	0.0	0	0.0	2526.9398093947184	1	0	1.7866562906622097
16929.691890268383	2000.0	1597.2479191263424	0.0	0	0.0	2526.939809394724	1	0	1.786656290662209
17866.553597714326	2000.0	1660.3862116803982	0.0	0	0.0	2526.93980939472	1	0	1.7866562906622094
18874.609622776625	2000.0	1652.330186618104	0.0	0	0.0	2526.9398093947257	1	0	1.7866562906622088
19827.96975681821	2000.0	1698.9700525765206	0.0	0	0.0	2526.939809394724	1	0	1.7866562906622088
20431.417253855707	2000.0	2095.522555539024	0.0	0	0.0	2526.9398093947275	1	0	1.7866562906622085
21608.628131990223	3000.0	1918.3116774045134	0.0	0	0.0	2526.9398093947275	1	0	1.7866562906622088
23213.861601958983	3000.0	1313.078207435751	0.0	0	0.0	2526.9398093947275	1	0	2.1921213987703734
23503.581457589393	500.0	2023.3583518053356	0.0	0	0.0	2526.9398093947275	1	0	-1.3913975396857374
24200.0	500.0	2326.9398093947293	0.0	0	501.8373122783778	2526.9398093947275	1	0	0.400361929542318
25890.964113681737	3000.0	1635.9756957129912	0.0	0	0.0	2526.9398093947275	1	0	0.40036192954231825
26956.28643342267	2000.0	1570.6533759720585	0.0	0	0.0	2526.9398093947275	1	0	1.381191182554044
27669.943856865684	2000.0	1856.9959525290428	0.0	0	0.0	2526.939809394724	1	0	1.7866562906622088
28462.806832297407	2000.0	2064.132977097321	0.0	0	0.0	2526.939809394724	1	0	1.7866562906622088
29283.92946333441	2000.0	2243.010346060314	0.0	0	0.0	2526.939809394724	1	0	1.7866562906622088
30392.196722644236	2000.0	2134.743086750487	0.0	0	0.0	2526.93980939472	1	0	1.7866562906622094
31704.555312582357	3000.0	1822.3844968123685	0.0	0	0.0	2526.93980939472	1	0	1.7866562906622097
32425.848058175325	2000.0	2101.0917512193946	0.0	0	0.0	2526.9398093947166	1	0	1.381191182554045
33813.57817844474	3000.0	1713.3616309499719	0.0	0	0.0	2526.9398093947093	1	0	1.7866562906622105
34797.67255399815	2000.0	1729.2672553965651	0.0	0	0.0	2526.939809394713	1	0	1.3811911825540455
35702.83046966141	2000.0	1824.109339733307	0.0	0	0.0	2526.9398093947166	1	0	1.7866562906622097
36651.58347246306	2000.0	1875.3563369316557	0.0	0	0.0	2526.9398093947166	1	0	1.7866562906622097
37713.61718820782	2000.0	1813.3226211868932	0.0	0	0.0	2526.9398093947166	1	0	1.7866562906622097
38706.70143175195	3000.0	1820.2383776427646	0.0	0	0.0	2526.9398093947166	1	0	1.7866562906622099
39637.30552489287	3000.0	1889.634284501847	0.0	0	0.0	2526.9398093947166	1	0	2.1921213987703743
40853.89947299065	3000.0	1673.0403364040776	0.0	0	0.0	2526.939809394724	1	0	2.1921213987703734
41610.21211293962	3000.0	1916.7276964551086	0.0	0	0.0	2526.939809394724	1	0	2.1921213987703734
42762.92212880204	3000.0	1764.0176805926822	0.0	0	0.0	2526.939809394724	1	0	2.1921213987703734
43866.31489102587	3000.0	1660.6249183688592	0.0	0	0.0	2526.9398093947166	1	0	2.1921213987703743
44906.20258145734	3000.0	1620.7372279373922	0.0	0	0.0	2526.9398093947166	1	0	2.1921213987703743
45849.85622944461	3000.0	1677.083579950131	0.0	0	0.0	2526.9398093947166	1	0	2.1921213987703743
47071.046603335744	3000.0	1455.8932060589957	0.0	0	0.0	2526.9398093947166	1	0	2.1921213987703743
47704.27239496123	2000.0	1822.6674144335136	0.0	0	0.0	2526.9398093947093	1	0	1.3811911825540462
48798.50826879816	3000.0	1728.431540596578	0.0	0	0.0	2526.9398093947093	1	0	1.786656290662211
49822.21557713435	2000.0	1704.7242322603913	0.0	0	0.0	2526.9398093947093	1	0	1.3811911825540462
50657.7862491699	2000.0	1869.1535602248482	0.0	0	0.0	2526.9398093947093	1	0	1.7866562906622108
51764.00834815255	3000.0	1762.9314612422008	0.0	0	0.0	2526.939809394702	1	0	1.7866562906622119
52685.44601959472	2000.0	1841.493789800038	0.0	0	0.0	2526.939809394702	1	0	1.381191182554047
53956.02802432824	3000.0	1570.911785066517	0.0	0	0.0	2526.939809394702	1	0	1.7866562906622119
55953.43622900676	3000.0	573.5035803880012	0.0	0	0.0	2526.939809394702	1	0	2.1921213987703765
56342.5889748239	500.0	1184.350834570863	0.0	0	0.0	2526.939809394702	1	0	-1.3913975396857343
56577.62330044996	500.0	1949.3165089448091	0.0	0	0.0	2526.939809394702	1	0	0.40036192954232086
57395.58769444532	2000.0	2131.352114949449	0.0	0	0.0	2526.939809394702	1	0	0.4003619295423209
58200.0	2000.0	2326.939809394769	0.0	0	4.090272847082815	2526.939809394702	1	0	1.7866562906622117
59200.0	2000.0	2326.9398093947616	0.0	0	97.48890008209855	2526.9398093946947	1	0	1.7866562906622123
60200.0	2000.0	2326.939809394761	0.0	0	96.79804301926197	2526.9398093946947	1	0	1.7866562906622123
61631.32847363551	3000.0	1895.611335759249	0.0	0	0.0	2526.9398093946947	1	0	1.7866562906622123
62200.0	500.0	2326.9398093947602	0.0	0	154.8663729029431	2526.9398093946947	1	0	-1.3913975396857332
63200.0	500.0	2326.9398093947616	0.0	0	636.8437768196309	2526.9398093946947	1	0	0.4003619295423217
64200.0	500.0	2326.939809394763	0.0	0	699.7931459194369	2526.9398093946947	1	0	0.4003619295423217
65200.0	500.0	2326.939809394768	0.0	0	328.3900483573452	2526.939809394702	1	0	0.40036192954232086
66200.0	500.0	2326.939809394775	0.0	0	638.6183631639506	2526.9398093947093	1	0	0.4003619295423204
67200.0	500.0	2326.9398093947607	0.0	0	559.5775283222756	2526.9398093946947	1	0	0.400361929542321
68200.0	500.0	2326.9398093947734	0.0	0	699.1065980417043	2526.9398093947093	1	0	0.4003619295423214
69200.0	500.0	2326.9398093947716	0.0	0	753.0031153032178	2526.9398093947093	1	0	0.4003619295423201
70200.0	500.0	2326.939809394792	0.0	0	754.00310005153	2526.9398093947093	1	0	0.4003619295423201
71200.0	2000.0	2326.939809394806	0.0	0	378.79755561368074	2526.9398093947093	1	0	0.4003619295423202
73488.28869581345	3000.0	1038.6511135813548	0.0	0	0.0	2526.9398093947093	1	0	1.786656290662211
73955.05617701478	500.0	1571.8836323800174	0.0	0	0.0	2526.9398093946947	1	0	-1.3913975396857332
74321.84615355625	500.0	2205.093655838533	0.0	0	0.0	2526.9398093946947	1	0	0.4003619295423217
75200.0	500.0	2326.9398093948066	0.0	0	545.4737532872969	2526.9398093946947	1	0	0.4003619295423217
76200.0	500.0	2326.939809394792	0.0	0	749.8614080443804	2526.9398093946947	1	0	0.4003619295423217
77200.0	500.0	2326.9398093947825	0.0	0	230.9430073753174	2526.9398093946947	1	0	0.4003619295423217
78200.0	500.0	2326.939809394773	0.0	0	340.1255844825355	2526.9398093946947	1	0	0.4003619295423217
79830.29390244026	1000.0	1696.6459069545006	0.0	0	0.0	2526.93980939468	1	0	0.4003619295423236
80402.2939046649	500.0	2124.645904729884	0.0	0	0.0	2526.93980939468	1	0	-0.2927852510176221
81200.0	500.0	2326.939809394783	0.0	0	316.49044165988744	2526.9398093946947	1	0	0.4003619295423217
82200.0	500.0	2326.93980939479	0.0	0	678.1898422439263	2526.9398093946947	1	0	0.4003619295423217
83200.0	500.0	2326.9398093947784	0.0	0	740.8083483323717	2526.9398093946947	1	0	0.4003619295423217
84200.0	2000.0	2326.93980939479	0.0	0	474.503818901052	2526.9398093946947	1	0	0.40036192954232175
85200.0	3000.0	2326.9398093947816	0.0	0	346.0916267181892	2526.9398093946947	1	0	1.7866562906622123
86200.0	3000.0	2326.9398093947807	0.0	0	119.72816249843163	2526.9398093946947	1	0	2.192121398770377
87241.16872319739	3000.0	2285.771086197387	0.0	0	0.0	2526.93980939468	1	0	2.1921213987703787
88481.00945399662	3000.0	2045.9303553981633	0.0	0	0.0	2526.93980939468	1	0	2.1921213987703787
89463.19331756032	3000.0	2063.746491834464	0.0	0	0.0	2526.9398093946656	1	0	2.1921213987703805
90200.0	3000.0	2326.939809394791	0.0	0	69.38353670143988	2526.9398093946656	1	0	2.1921213987703805
91200.0	3000.0	2326.9398093947884	0.0	0	276.5883401783358	2526.9398093946656	1	0	2.1921213987703805
92200.0	3000.0	2326.939809394789	0.0	0	313.2628260101483	2526.93980939468	1	0	2.1921213987703787
93200.0	3000.0	2326.9398093947893	0.0	0	160.37367946583254	2526.93980939468	1	0	2.1921213987703787
94299.91305226172	3000.0	2227.0267571330683	0.0	0	0.0	2526.93980939468	1	0	2.1921213987703787
96075.92990150412	3000.0	1451.009907890659	0.0	0	0.0	2526.93980939468	1	0	2.1921213987703787
96974.6942333485	2000.0	1552.2455760462856	0.0	0	0.0	2526.9398093946656	1	0	1.3811911825540513
97269.61141340989	500.0	2257.328395984898	0.0	0	0.0	2526.9398093946656	1	0	-0.9859324315775654
98200.0	500.0	2326.939809394807	0.0	0	712.6894447020313	2526.93980939468	1	0	0.4003619295423234
99200.0	2000.0	2326.939809394795	0.0	0	421.5737541136041	2526.93980939468	1	0	0.4003619295423235
100200.0	3000.0	2326.9398093947843	0.0	0	287.65040508657694	2526.93980939468	1	0	1.7866562906622143
101200.0	3000.0	2326.939809394794	0.0	0	245.32688521013188	2526.93980939468	1	0	2.1921213987703787
102200.0	3000.0	2326.939809394793	0.0	0	31.707827314254246	2526.93980939468	1	0	2.1921213987703787
103415.36855182741	3000.0	2111.5712575673774	0.0	0	0.0	2526.93980939468	1	0	2.1921213987703787
104777.08615207738	3000.0	1749.8536573174174	0.0	0	0.0	2526.93980939468	1	0	2.1921213987703787
105794.44480826579	3000.0	1732.4950011290116	0.0	0	0.0	2526.93980939468	1	0	2.1921213987703787
106712.17571845232	2000.0	1814.7640909424954	0.0	0	0.0	2526.93980939468	1	0	1.3811911825540495
107203.08070806728	500.0	2323.8591013275322	0.0	0	0.0	2526.93980939468	1	0	-0.9859324315775673
108200.0	500.0	2326.939809394814	0.0	0	657.1144565324794	2526.93980939468	1	0	0.4003619295423234
109256.87659807161	2000.0	2270.0632113232145	0.0	0	0.0	2526.93980939468	1	0	0.4003619295423235
110430.92903648126	2000.0	2096.010772913576	0.0	0	0.0	2526.93980939468	1	0	1.786656290662214
111437.18748895859	2000.0	2089.7523204362465	0.0	0	0.0	2526.93980939468	1	0	1.786656290662214
112200.0	500.0	2326.9398093948394	0.0	0	413.90717955520086	2526.93980939468	1	0	-0.9859324315775673
113200.0	500.0	2326.9398093948557	0.0	0	717.3707075788116	2526.93980939468	1	0	0.4003619295423234
114200.0	2000.0	2326.939809394848	0.0	0	11.324409127919353	2526.93980939468	1	0	0.4003619295423235
115222.1654277425	2000.0	2304.774381652358	0.0	0	0.0	2526.93980939468	1	0	1.786656290662214
116200.0	3000.0	2326.939809394856	0.0	0	74.3048864898883	2526.93980939468	1	0	1.7866562906622143
117506.59284474632	3000.0	2020.3469646485353	0.0	0	0.0	2526.9398093946947	1	0	2.192121398770377
118686.26867734065	3000.0	1840.671132054205	0.0	0	0.0	2526.93980939468	1	0	2.1921213987703787
119847.25995114728	3000.0	1679.6798582475776	0.0	0	0.0	2526.93980939468	1	0	2.1921213987703787
120571.11089104867	3000.0	1955.8289183461952	0.0	0	0.0	2526.93980939468	1	0	2.1921213987703787
121464.34465397419	3000.0	2062.5951554206868	0.0	0	0.0	2526.93980939468	1	0	2.1921213987703787
122200.0	500.0	2326.939809394873	0.0	0	433.91648288510623	2526.93980939468	1	0	-1.3913975396857319
123200.0	2000.0	2326.939809394878	0.0	0	247.11900027116644	2526.93980939468	1	0	0.4003619295423235
124300.44608820038	2000.0	2226.4937211944944	0.0	0	0.0	2526.93980939468	1	0	1.786656290662214
125375.35421168465	3000.0	2151.5855977102174	0.0	0	0.0	2526.9398093946947	1	0	1.7866562906622123
126200.0	3000.0	2326.9398093948807	0.0	0	199.18373265424452	2526.9398093946947	1	0	2.192121398770377
127321.71187859794	3000.0	2205.2279307969307	0.0	0	0.0	2526.9398093946947	1	0	2.192121398770377
128949.36264205296	3000.0	1577.5771673419056	0.0	0	0.0	2526.9398093946947	1	0	2.192121398770377
129460.0464935504	500.0	2066.8933158444606	0.0	0	0.0	2526.9398093946947	1	0	-1.3913975396857332
130200.0	500.0	2326.939809394858	0.0	0	237.5769529230165	2526.9398093946947	1	0	0.4003619295423217
131200.0	500.0	2326.9398093948507	0.0	0	568.3388403193676	2526.9398093946947	1	0	0.4003619295423217
132200.0	500.0	2326.939809394879	0.0	0	649.8982464102155	2526.9398093947384	1	0	0.4003619295423187
133200.0	500.0	2326.9398093948876	0.0	0	709.42816344116	2526.9398093947384	1	0	0.400361929542318
134200.0	500.0	2326.939809394884	0.0	0	693.7890114129405	2526.9398093947675	1	0	0.400361929542314
135200.0	500.0	2326.9398093949085	0.0	0	790.2108358058322	2526.9398093947675	1	0	0.40036192954231326
136200.0	2000.0	2326.9398093949394	0.0	0	18.275308984768344	2526.9398093947675	1	0	0.40036192954231314
137682.8390809298	3000.0	1844.1007284651532	0.0	0	0.0	2526.9398093947675	1	0	1.7866562906622039
138379.14699886204	2000.0	2147.792810532953	0.0	0	0.0	2526.9398093947675	1	0	1.3811911825540393
139200.0	2000.0	2326.939809394977	0.0	0	124.26749633142026	2526.9398093947675	1	0	1.7866562906622039
140200.0	2000.0	2326.939809394999	0.0	0	328.90898454238777	2526.9398093947675	1	0	1.7866562906622039
142709.95130436975	3000.0	816.9885050252408	0.0	0	0.0	2526.9398093947675	1	0	1.7866562906622039
143125.99247585586	500.0	1400.9473335391253	0.0	0	0.0	2526.9398093947675	1	0	-1.391397539685742
143532.33034412895	500.0	1994.609465266032	0.0	0	0.0	2526.9398093947675	1	0	0.40036192954231326
144200.0	500.0	2326.93980939497	0.0	0	243.610033971112	2526.9398093947675	1	0	0.40036192954231326
145200.0	500.0	2326.939809394969	0.0	0	777.4787520525861	2526.9398093947384	1	0	0.40036192954231664
146200.0	500.0	2326.939809394983	0.0	0	484.5069647844939	2526.9398093947384	1	0	0.40036192954231664
147200.0	500.0	2326.9398093949817	0.0	0	766.7996457083791	2526.9398093947384	1	0	0.40036192954231664
148556.7913615319	2000.0	1970.1484478631016	0.0	0	0.0	2526.9398093947675	1	0	0.40036192954231314
149200.0	500.0	2326.9398093950363	0.0	0	335.49586819915567	2526.9398093947675	1	0	-0.9859324315775775
150225.35327022846	2000.0	2301.586539166594	0.0	0	0.0	2526.9398093947675	1	0	0.40036192954231314
151200.0	1000.0	2326.9398093950576	0.0	0	385.41721411939943	2526.9398093947384	1	0	0.40036192954231686
152200.0	2000.0	2326.939809395053	0.0	0	11.786713769746711	2526.9398093947384	1	0	1.093509110102262
153200.0	2000.0	2326.939809395026	0.0	0	211.6586697838793	2526.9398093947384	1	0	1.7866562906622072
154200.0	2000.0	2326.9398093950663	0.0	0	323.12880954219145	2526.9398093947384	1	0	1.7866562906622072
155200.0	3000.0	2326.9398093950394	0.0	0	84.86744390829699	2526.9398093947384	1	0	1.7866562906622074
156762.69247032324	3000.0	1764.2473390717753	0.0	0	0.0	2526.9398093947384	1	0	2.192121398770372
157511.93230549115	2000.0	2015.0075039038845	0.0	0	0.0	2526.9398093947675	1	0	1.3811911825540406
158686.39758768794	3000.0	1840.5422217070648	0.0	0	0.0	2526.9398093947384	1	0	1.7866562906622065
159565.5448542293	3000.0	1961.3949551657233	0.0	0	0.0	2526.9398093947384	1	0	2.192121398770372
160479.8664831568	3000.0	2047.0733262382437	0.0	0	0.0	2526.9398093947675	1	0	2.1921213987703703
161340.38109313246	3000.0	2186.5587162625648	0.0	0	0.0	2526.9398093947384	1	0	2.1921213987703694
162541.54789496004	3000.0	1985.3919144349973	0.0	0	0.0	2526.9398093947384	1	0	2.192121398770372
163768.4713241091	3000.0	1758.468485285922	0.0	0	0.0	2526.9398093947384	1	0	2.192121398770372
164709.66727108095	3000.0	1817.2725383140564	0.0	0	0.0	2526.9398093947384	1	0	2.192121398770372
165686.7192004599	3000.0	1840.2206089350896	0.0	0	0.0	2526.9398093947384	1	0	2.192121398770372
166818.2853485504	2000.0	1708.654460844605	0.0	0	0.0	2526.9398093947675	1	0	1.38119118255404
167608.07206574245	2000.0	1918.8677436525306	0.0	0	0.0	2526.9398093947966	1	0	1.7866562906622012
168540.71475423872	2000.0	1986.2250551562647	0.0	0	0.0	2526.9398093947966	1	0	1.7866562906622006
169710.61422796032	3000.0	1816.325581434712	0.0	0	0.0	2526.939809394855	1	0	1.786656290662195
170395.44151350635	2000.0	2131.4982958886612	0.0	0	0.0	2526.939809394855	1	0	1.381191182554029
171789.83695870877	3000.0	1737.1028506862367	0.0	0	0.0	2526.9398093948257	1	0	1.7866562906621972
172479.13479065747	2000.0	2047.8050187375577	0.0	0	0.0	2526.939809394855	1	0	1.381191182554029
174013.98974511283	3000.0	1512.9500642821447	0.0	0	0.0	2526.9398093948257	1	0	1.7866562906621972
175123.24097718764	2000.0	1403.698832207341	0.0	0	0.0	2526.9398093947966	1	0	1.381191182554036
175938.88617822324	2000.0	1588.0536311717265	0.0	0	0.0	2526.9398093947966	1	0	1.7866562906622006
176223.9826472237	500.0	2302.9571621712817	0.0	0	0.0	2526.9398093948257	1	0	-0.9859324315775841
177637.66193677945	3000.0	1889.2778726155123	0.0	0	0.0	2526.9398093947966	1	0	0.40036192954230865
178370.89573912247	2000.0	2156.0440702724727	0.0	0	0.0	2526.9398093947966	1	0	1.381191182554036
179549.1799461966	2000.0	1977.7598631983494	0.0	0	0.0	2526.9398093948257	1	0	1.7866562906621968
180349.60307607328	2000.0	2177.336733321643	0.0	0	0.0	2526.9398093948257	1	0	1.7866562906621968
181200.0	2000.0	2326.939809394923	0.0	0	138.7214602425811	2526.9398093948257	1	0	1.7866562906621968
182631.18069450796	3000.0	1895.7591148869656	0.0	0	0.0	2526.9398093948257	1	0	1.7866562906621972
183642.86724455297	2000.0	1884.0725648419534	0.0	0	0.0	2526.9398093947966	1	0	1.3811911825540346
184610.8106792062	2000.0	1916.1291301887195	0.0	0	0.0	2526.9398093947966	1	0	1.7866562906622006
185906.4506002962	3000.0	1620.489209098713	0.0	0	0.0	2526.9398093947966	1	0	1.7866562906622008
186988.39869085327	2000.0	1538.54111854161	0.0	0	0.0	2526.9398093947675	1	0	1.3811911825540393
187896.3260101022	2000.0	1630.6137992926951	0.0	0	0.0	2526.9398093947675	1	0	1.7866562906622039
188532.75022076763	2000.0	1994.1895886272748	0.0	0	0.0	2526.9398093947675	1	0	1.7866562906622039
189569.9426053103	3000.0	1956.9972040845962	0.0	0	0.0	2526.9398093947675	1	0	1.7866562906622039
190701.39305717728	3000.0	1825.5467522175932	0.0	0	0.0	2526.9398093947675	1	0	2.1921213987703685
191616.3430488899	3000.0	1910.5967605050132	0.0	0	0.0	2526.9398093947675	1	0	2.1921213987703685
192704.17989844878	3000.0	1822.7599109461282	0.0	0	0.0	2526.9398093947384	1	0	2.1921213987703716
193777.43838692864	3000.0	1749.5014224662625	0.0	0	0.0	2526.9398093947384	1	0	2.192121398770373
194778.77044299335	3000.0	1748.1693664015322	0.0	0	0.0	2526.9398093947384	1	0	2.192121398770372
195732.76982440805	3000.0	1794.1699849868673	0.0	0	0.0	2526.9398093947675	1	0	2.192121398770369
197020.98487548242	3000.0	1505.9549339125163	0.0	0	0.0	2526.9398093947384	1	0	2.192121398770372
197986.09414079876	2000.0	1540.845668596167	0.0	0	0.0	2526.9398093947384	1	0	1.3811911825540426
198916.48018610783	2000.0	1610.4596232871058	0.0	0	0.0	2526.9398093947384	1	0	1.7866562906622072
199810.68336630595	2000.0	1716.2564430890006	0.0	0	0.0	2526.9398093947384	1	0	1.7866562906622072
200717.49934358633	2000.0	1809.4404658085796	0.0	0	0.0	2526.9398093947675	1	0	1.7866562906622039
201614.33150565258	2000.0	1912.6083037423166	0.0	0	0.0	2526.9398093947675	1	0	1.7866562906622039
202426.96089237183	3000.0	2099.978917023069	0.0	0	0.0	2526.9398093947675	1	0	1.786656290662206
203234.20441225736	3000.0	2292.7353971375132	0.0	0	0.0	2526.9398093947384	1	0	2.192121398770372
205330.02435605464	3000.0	1196.915453340248	0.0	0	0.0	2526.9398093947384	1	0	2.192121398770372
205625.9995991441	500.0	1900.9402102507788	0.0	0	0.0	2526.9398093947384	1	0	-1.3913975396857385
206200.0	500.0	2326.9398093948676	0.0	0	244.92019868531497	2526.9398093947384	1	0	0.40036192954231664
207244.74257323463	2000.0	2282.1972361602693	0.0	0	0.0	2526.9398093947384	1	0	0.4003619295423167
208200.0	2000.0	2326.939809394893	0.0	0	100.4745650885452	2526.9398093947675	1	0	1.7866562906622039
209200.0	2000.0	2326.939809394908	0.0	0	210.32023155409843	2526.9398093947675	1	0	1.7866562906622039
211332.84036227132	3000.0	1194.0994471235663	0.0	0	0.0	2526.9398093947384	1	0	1.7866562906622074
211812.32847487397	500.0	1714.6113345209353	0.0	0	0.0	2526.9398093947384	1	0	-1.3913975396857385
212287.9470633902	500.0	2238.9927460047	0.0	0	0.0	2526.9398093947675	1	0	0.400361929542316
213200.0	500.0	2326.9398093948885	0.0	0	413.1821523763065	2526.9398093947675	1	0	0.40036192954231326
214200.0	500.0	2326.9398093948657	0.0	0	349.631185362814	2526.9398093947384	1	0	0.40036192954231664
215200.0	500.0	2326.939809394872	0.0	0	544.1114210532687	2526.9398093947384	1	0	0.40036192954231664
216200.0	500.0	2326.9398093948726	0.0	0	463.2551613393298	2526.9398093947675	1	0	0.40036192954231326
217200.0	500.0	2326.93980939488	0.0	0	694.160559809301	2526.9398093947675	1	0	0.40036192954231326
218200.0	500.0	2326.9398093948594	0.0	0	781.7133259992988	2526.9398093947966	1	0	0.40036192954230987
219200.0	500.0	2326.9398093948603	0.0	0	794.4983291434182	2526.9398093947966	1	0	0.40036192954230987
220200.0	2000.0	2326.93980939488	0.0	0	80.24586870253552	2526.9398093948257	1	0	0.4003619295423062
222727.33568705677	3000.0	799.6041223381292	0.0	0	0.0	2526.939809394855	1	0	1.7866562906621937
223094.23387253363	500.0	1432.7059368613009	0.0	0	0.0	2526.939809394855	1	0	-1.391397539685752
223467.59426199726	500.0	2059.345547397665	0.0	0	0.0	2526.939809394884	1	0	0.40036192954229965
224200.0	500.0	2326.9398093949226	0.0	0	417.0314362773206	2526.939809394884	1	0	0.40036192954229965
225200.0	500.0	2326.9398093949394	0.0	0	693.6749206631503	2526.939809394884	1	0	0.40036192954229965
226200.0	500.0	2326.939809394918	0.0	0	331.0604438416194	2526.939809394884	1	0	0.40036192954229965
227200.0	500.0	2326.9398093949053	0.0	0	221.87559082667576	2526.939809394884	1	0	0.40036192954229965
228200.0	500.0	2326.9398093949176	0.0	0	162.38158532296075	2526.939809394884	1	0	0.40036192954229965
229200.0	500.0	2326.939809394885	0.0	0	417.2744286977395	2526.939809394884	1	0	0.40036192954229965
230200.0	500.0	2326.9398093948926	0.0	0	466.66485469721374	2526.939809394884	1	0	0.40036192954229965
231200.0	500.0	2326.9398093949376	0.0	0	686.6573352972337	2526.939809394884	1	0	0.40036192954229965
232200.0	500.0	2326.939809394912	0.0	0	785.7480415986793	2526.939809394884	1	0	0.40036192954229965
233200.0	2000.0	2326.939809394921	0.0	0	412.12102640315425	2526.939809394884	1	0	0.40036192954229954
234200.0	3000.0	2326.9398093949253	0.0	0	255.98782599667902	2526.939809394884	1	0	1.7866562906621903
235269.64189052678	3000.0	2257.2979188681416	0.0	0	0.0	2526.939809394884	1	0	2.192121398770355
236618.4426091686	3000.0	1908.4972002263155	0.0	0	0.0	2526.939809394884	1	0	2.192121398770355
237660.28532765244	3000.0	1866.6544817424435	0.0	0	0.0	2526.939809394884	1	0	2.192121398770355
238326.1028618485	3000.0	2200.8369475463805	0.0	0	0.0	2526.939809394913	1	0	2.1921213987703516
239200.0	3000.0	2326.939809394916	0.0	0	146.5800152583979	2526.939809394913	1	0	2.1921213987703516
240200.0	3000.0	2326.93980939492	0.0	0	438.18537447045674	2526.939809394942	1	0	2.192121398770348
241200.0	3000.0	2326.939809394914	0.0	0	483.95665769302286	2526.939809394942	1	0	2.192121398770348
242200.0	3000.0	2326.9398093949035	0.0	0	89.90496182921925	2526.939809394942	1	0	2.192121398770348
243200.0	3000.0	2326.9398093948657	0.0	0	170.63377692602808	2526.939809394942	1	0	2.192121398770348
245018.16504011748	3000.0	1508.7747692773657	0.0	0	0.0	2526.939809394913	1	0	2.1921213987703516
245250.44084747246	500.0	2276.4989619223797	0.0	0	0.0	2526.939809394913	1	0	-1.3913975396857587
246368.24226054465	2000.0	2158.697548850193	0.0	0	0.0	2526.939809394913	1	0	0.4003619295422942
247291.40497187432	2000.0	2235.5348375205085	0.0	0	0.0	2526.939809394884	1	0	1.7866562906621901
248595.0906377867	3000.0	1931.8491716081335	0.0	0	0.0	2526.939809394913	1	0	1.786656290662187
249383.97786823718	3000.0	2142.961941157666	0.0	0	0.0	2526.939809394913	1	0	2.1921213987703516
250358.8916115463	3000.0	2168.0481978485395	0.0	0	0.0	2526.939809394884	1	0	2.192121398770355
251200.0	3000.0	2326.939809394827	0.0	0	86.77911196960486	2526.939809394884	1	0	2.192121398770355
252549.15038870735	3000.0	1977.7894206874773	0.0	0	0.0	2526.939809394884	1	0	2.192121398770355
253797.1533730504	3000.0	1729.7864363444307	0.0	0	0.0	2526.939809394855	1	0	2.1921213987703583
254969.0135053186	3000.0	1557.9263040762037	0.0	0	0.0	2526.9398093948257	1	0	2.192121398770362
256078.93711947007	2000.0	1448.0026899247323	0.0	0	0.0	2526.9398093948257	1	0	1.3811911825540322
256487.47820235463	500.0	2039.461607040189	0.0	0	0.0	2526.9398093948257	1	0	-0.9859324315775841
257200.0	500.0	2326.9398093948325	0.0	0	473.5509800845757	2526.9398093948257	1	0	0.4003619295423064
258200.0	2000.0	2326.9398093947925	0.0	0	74.85579958217568	2526.9398093947966	1	0	0.4003619295423098
260033.6285834567	3000.0	1493.3112259380823	0.0	0	0.0	2526.9398093947966	1	0	1.7866562906622012
260490.40092798797	500.0	2036.5388814067758	0.0	0	0.0	2526.9398093947966	1	0	-1.3913975396857454
261200.0	500.0	2326.9398093947334	0.0	0	237.663165495469	2526.9398093947966	1	0	0.40036192954230987
262200.0	500.0	2326.939809394735	0.0	0	772.6870683871675	2526.9398093948257	1	0	0.4003619295423064
263329.1553586283	2000.0	2197.78445076638	0.0	0	0.0	2526.9398093947966	1	0	0.400361929542307
264350.7790811186	2000.0	2176.1607282761133	0.0	0	0.0	2526.9398093948257	1	0	1.7866562906621986
265658.62836739456	3000.0	1868.3114420001123	0.0	0	0.0	2526.939809394884	1	0	1.786656290662193
266510.6674740909	3000.0	2016.2723353038389	0.0	0	0.0	2526.939809394884	1	0	2.192121398770355
267401.0104200525	3000.0	2125.9293893422023	0.0	0	0.0	2526.939809394884	1	0	2.192121398770355
268589.24495421926	3000.0	1937.694855175454	0.0	0	0.0	2526.939809394942	1	0	2.192121398770348
269484.0409415016	3000.0	2042.8988678931191	0.0	0	0.0	2526.939809394942	1	0	2.192121398770344
270327.65343601874	3000.0	2199.286373376075	0.0	0	0.0	2526.9398093950585	1	0	2.19212139877034
271990.822755856	3000.0	1536.117053538797	0.0	0	0.0	2526.9398093950585	1	0	2.1921213987703347
272977.06374451786	2000.0	1549.876064876931	0.0	0	0.0	2526.9398093950585	1	0	1.3811911825540053
273832.41762772424	2000.0	1694.522181670577	0.0	0	0.0	2526.9398093950585	1	0	1.78665629066217
274394.4419708899	2000.0	2132.4978385049017	0.0	0	0.0	2526.9398093950585	1	0	1.78665629066217
275200.0	3000.0	2326.939809394849	0.0	0	235.0856159958057	2526.9398093950585	1	0	1.7866562906621701
276310.7011596688	3000.0	2216.2386497260472	0.0	0	0.0	2526.9398093950585	1	0	2.1921213987703347
278633.2872575961	3000.0	893.6525517987536	0.0	0	0.0	2526.9398093951168	1	0	2.1921213987703307
279135.1375579232	500.0	1391.8022514715715	0.0	0	0.0	2526.9398093950585	1	0	-1.3913975396857763
279528.2512997182	500.0	1998.6885096765684	0.0	0	0.0	2526.9398093950585	1	0	0.4003619295422792
280200.0	500.0	2326.9398093947802	0.0	0	383.40520799928345	2526.9398093950585	1	0	0.4003619295422792
281200.0	500.0	2326.9398093947793	0.0	0	607.8513026724104	2526.9398093950585	1	0	0.4003619295422792
282200.0	500.0	2326.939809394701	0.0	0	686.2231859410531	2526.9398093950585	1	0	0.4003619295422792
283200.0	500.0	2326.939809394691	0.0	0	722.9269223557785	2526.9398093951168	1	0	0.4003619295422725
284200.0	500.0	2326.9398093947175	0.0	0	802.9221870999318	2526.939809395175	1	0	0.4003619295422657
285332.809006654	2000.0	2194.130802740662	0.0	0	0.0	2526.939809395175	1	0	0.4003619295422658
286518.6491326342	2000.0	2008.2906767604345	0.0	0	0.0	2526.939809395175	1	0	1.7866562906621564
287441.7627118971	2000.0	2085.1770974975734	0.0	0	0.0	2526.9398093951168	1	0	1.786656290662159
288632.7614919398	3000.0	1894.1783174548887	0.0	0	0.0	2526.9398093951168	1	0	1.7866562906621632
289536.0393708181	2000.0	1990.9004385765127	0.0	0	0.0	2526.9398093951168	1	0	1.3811911825539984
290200.0	500.0	2326.9398093945956	0.0	0	244.58058581047226	2526.939809395175	1	0	-0.985932431577625
291568.48040637287	2000.0	1958.4594030217802	0.0	0	0.0	2526.939809395175	1	0	0.4003619295422658
292454.5662438872	1000.0	2072.3735655074756	0.0	0	0.0	2526.9398093951168	1	0	0.4003619295422687
293200.0	500.0	2326.939809394639	0.0	0	328.0881394043099	2526.9398093951168	1	0	-0.2927852510176728
294200.0	500.0	2326.939809394626	0.0	0	640.3651990537182	2526.9398093951168	1	0	0.4003619295422725
295200.0	500.0	2326.9398093946443	0.0	0	605.5453203421785	2526.9398093951168	1	0	0.4003619295422725
296200.0	500.0	2326.939809394655	0.0	0	668.315412984346	2526.9398093951168	1	0	0.4003619295422725
297200.0	500.0	2326.939809394674	0.0	0	664.28006899514	2526.9398093951168	1	0	0.4003619295422725
298200.0	500.0	2326.93980939459	0.0	0	760.3640551819117	2526.9398093950585	1	0	0.4003619295422792
299200.0	500.0	2326.939809394607	0.0	0	709.4187716633314	2526.9398093950585	1	0	0.4003619295422792
300200.0	500.0	2326.9398093945324	0.0	0	609.1826310406323	2526.9398093950003	1	0	0.40036192954228605
2.33624	2.38824	2.50024	2.45024	2.48424	2.59224	2.70024	2.75024	2.73424	2.86224	2.93024	2.54224	2.30424	2.4602399999999998	2.41224	2.47424	2.41024	2.57824	2.67224	2.76824	2.33624	2.26424	2.38424	2.35424	2.33624	2.40424	2.39024	2.31424	2.27424	2.27224	2.4202399999999997	2.36424	2.25624	2.37424	2.48424	2.61424	2.7142399999999998	2.83024	3.25224	3.03224	2.96224	2.82824	2.94824	2.96224	2.65424	2.41624	2.31824	2.42624	2.48624	2.4807391304347823	3.092739130434783	2.8647391304347822	1.7487391304347826	1.4967391304347828	2.264739130434782	2.216739130434783	2.000739130434783	2.6487391304347825	2.168739130434783	1.1607391304347827	1.5207391304347824	1.4247391304347827	0.8487391304347827	1.3887391304347827	1.3287391304347826	1.5807391304347824	2.000739130434783	2.6487391304347825	2.8767391304347827	1.7727391304347826	0.8847391304347827	1.5447391304347824	1.7847391304347826	1.9407391304347825	0.6087391304347824	0.7047391304347825	0.5127391304347826	0.8487391304347827	1.2567391304347826	1.9767391304347826	2.6247391304347825	3.5247391304347824	4.1127391304347825	3.4767391304347823	2.7927391304347826	2.8527391304347827	3.5007391304347824	4.172739130434783	4.904739130434782	4.832739130434783	3.4407391304347827	3.1767391304347825	1.9527391304347825	2.072739130434783	1.8327391304347824	2.9885714285714284	3.0125714285714285	3.5285714285714285	3.5285714285714285	3.120571428571428	2.4365714285714284	2.7725714285714287	2.880571428571429	2.376571428571429	1.3445714285714288	2.0165714285714285	2.3285714285714287	1.9085714285714288	1.8965714285714288	1.1765714285714286	2.5445714285714285	2.2805714285714287	2.6405714285714286	2.8685714285714283	3.1805714285714286	3.096571428571429	2.8445714285714283	3.888571428571429	3.3845714285714283	1.5485714285714285	2.1365714285714286	2.376571428571429	2.8445714285714283	4.056571428571429	3.2045714285714286	2.0405714285714285	0.8285714285714287	1.1405714285714288	1.5245714285714285	1.8965714285714288	1.8245714285714287	1.7765714285714287	2.5805714285714285	2.472571428571429	1.5485714285714285	2.4365714285714284	2.9165714285714284	2.63	1.67	1.42	1.49	1.65	1.89	1.34	1.89	2.06	1.92	1.56	1.78	2.61424	2.33624	2.38824	2.50024	2.45024	2.48424	2.59224	2.70024	2.75024	2.73424	2.86224	2.93024	2.54224	2.30424	2.4602399999999998	2.41224	2.47424	2.41024	2.57824	2.67224	2.76824	2.33624	2.26424	2.38424	2.35424	2.33624	2.40424	2.39024	2.31424	2.27424	2.27224	2.4202399999999997	2.36424	2.25624	2.37424	2.48424	2.61424	2.7142399999999998	2.83024	3.25224	3.03224	2.96224	2.82824	2.94824	2.96224	2.65424	2.41624	2.31824	2.42624	2.48624	2.4807391304347823	3.092739130434783	2.8647391304347822	1.7487391304347826	1.4967391304347828	2.264739130434782	2.216739130434783	2.000739130434783	2.6487391304347825	2.168739130434783	1.1607391304347827	1.5207391304347824	1.4247391304347827	0.8487391304347827	1.3887391304347827	1.3287391304347826	1.5807391304347824	2.000739130434783	2.6487391304347825	2.8767391304347827	1.7727391304347826	0.8847391304347827	1.5447391304347824	1.7847391304347826	1.9407391304347825	0.6087391304347824	0.7047391304347825	0.5127391304347826	0.8487391304347827	1.2567391304347826	1.9767391304347826	2.6247391304347825	3.5247391304347824	4.1127391304347825	3.4767391304347823	2.7927391304347826	2.8527391304347827	3.5007391304347824	4.172739130434783	4.904739130434782	4.832739130434783	3.4407391304347827	3.1767391304347825	1.9527391304347825	2.072739130434783	1.8327391304347824	2.9885714285714284	3.0125714285714285	3.5285714285714285	3.5285714285714285	3.120571428571428	2.4365714285714284	2.7725714285714287	2.880571428571429	2.376571428571429	1.3445714285714288	2.0165714285714285	2.3285714285714287	1.9085714285714288	1.8965714285714288	1.1765714285714286	2.5445714285714285	2.2805714285714287	2.6405714285714286	2.8685714285714283	3.1805714285714286	3.096571428571429	2.8445714285714283	3.888571428571429	3.3845714285714283	1.5485714285714285	2.1365714285714286	2.376571428571429	2.8445714285714283	4.056571428571429	3.2045714285714286	2.0405714285714285	0.8285714285714287	1.1405714285714288	1.5245714285714285	1.8965714285714288	1.8245714285714287	1.7765714285714287	2.5805714285714285	2.472571428571429	1.5485714285714285	2.4365714285714284	2.9165714285714284	2.63	1.67	1.42	1.49	1.65	1.89	1.34	1.89	2.06	1.92	1.56	1.78	2.61424	2.33624	2.38824	2.50024
1.0	2.0	3.0	4.0	5.0	6.0	7.0	8.0	9.0	10.0	11.0	12.0	13.0	14.0	15.0	16.0	17.0	18.0	19.0	20.0	21.0	22.0	23.0	24.0	25.0	26.0	27.0	28.0	29.0	30.0	31.0	32.0	33.0	34.0	35.0	36.0	37.0	38.0	39.0	40.0	41.0	42.0	43.0	44.0	45.0	46.0	47.0	48.0	49.0	50.0	51.0	52.0	53.0	54.0	55.0	56.0	57.0	58.0	59.0	60.0	61.0	62.0	63.0	64.0	65.0	66.0	67.0	68.0	69.0	70.0	71.0	72.0	73.0	74.0	75.0	76.0	77.0	78.0	79.0	80.0	81.0	82.0	83.0	84.0	85.0	86.0	87.0	88.0	89.0	90.0	91.0	92.0	93.0	94.0	95.0	96.0	97.0	98.0	99.0	100.0	101.0	102.0	103.0	104.0	105.0	106.0	107.0	108.0	109.0	110.0	111.0	112.0	113.0	114.0	115.0	116.0	117.0	118.0	119.0	120.0	121.0	122.0	123.0	124.0	125.0	126.0	127.0	128.0	129.0	130.0	131.0	132.0	133.0	134.0	135.0	136.0	137.0	138.0	139.0	140.0	141.0	142.0	143.0	144.0	145.0	146.0	147.0	148.0	149.0	149.0	150.0	151.0	152.0	153.0	154.0	155.0	156.0	157.0	158.0	159.0	160.0	161.0	162.0	163.0	164.0	165.0	166.0	167.0	168.0	169.0	170.0	171.0	172.0	173.0	174.0	175.0	176.0	177.0	178.0	179.0	180.0	181.0	182.0	183.0	184.0	185.0	186.0	187.0	188.0	189.0	190.0	191.0	192.0	193.0	194.0	195.0	196.0	197.0	198.0	199.0	200.0	201.0	202.0	203.0	204.0	205.0	206.0	207.0	208.0	209.0	210.0	211.0	212.0	213.0	214.0	215.0	216.0	217.0	218.0	219.0	220.0	221.0	222.0	223.0	224.0	225.0	226.0	227.0	228.0	229.0	230.0	231.0	232.0	233.0	234.0	235.0	236.0	237.0	238.0	239.0	240.0	241.0	242.0	243.0	244.0	245.0	246.0	247.0	248.0	249.0	250.0	251.0	252.0	253.0	254.0	255.0	256.0	257.0	258.0	259.0	260.0	261.0	262.0	263.0	264.0	265.0	266.0	267.0	268.0	269.0	270.0	271.0	272.0	273.0	274.0	275.0	276.0	277.0	278.0	279.0	280.0	281.0	282.0	283.0	284.0	285.0	286.0	287.0	288.0	289.0	290.0	291.0	292.0	293.0	294.0	295.0	296.0	297.0	298.0	298.0	299.0	300.0	301.0
2252.377690635416
