3191.2969739543632	300.0	1000.0	116.68734031848552	0	0.0	3191.2969739543632	0	0	-2.810461296401615
3308.145870670663	500.0	2000.0	116.84889671630054	0	0.0	3308.145870670663	1	0	-0.9402865672011138
3922.298207864126	3000.0	2385.8476628065373	0.0	0	0.0	3308.1458706706635	1	0	0.2668931569833004
4392.482160501063	3000.0	2915.6637101696006	0.0	0	0.0	3308.145870670663	1	0	2.058652626211355
5200.0	3000.0	3108.1458706706635	0.0	0	442.6350269113691	3308.1458706706626	1	0	2.0586526262113556
6200.0	6000.0	3108.1458706706626	0.0	0	373.1535204171305	3308.1458706706617	1	0	2.0586526262113556
7472.128484832766	6000.0	2836.0173858378953	0.0	0	0.0	3308.1458706706608	1	0	2.7517998067713014
8903.420312943468	6000.0	2404.7255577271917	0.0	0	0.0	3308.1458706706608	1	0	2.7517998067713005
9450.109373264033	3000.0	2858.0364974066265	0.0	0	0.0	3308.1458706706608	1	0	1.3655054456514109
10200.0	3000.0	3108.1458706706585	0.0	0	141.8053068723475	3308.145870670659	1	0	2.0586526262113565
11200.0	3000.0	3108.145870670659	0.0	0	242.03326365642351	3308.145870670659	1	0	2.0586526262113565
12200.0	3000.0	3108.1458706706594	0.0	0	397.00311577562206	3308.14587067066	1	0	2.0586526262113565
13200.0	6000.0	3108.145870670658	0.0	0	314.6059131144775	3308.14587067066	1	0	2.058652626211356
14265.053440815616	6000.0	3043.092429855043	0.0	0	0.0	3308.1458706706617	1	0	2.7517998067713005
15246.078399827125	6000.0	3062.0674708435354	0.0	0	0.0	3308.1458706706617	1	0	2.7517998067713005
16283.607733749419	6000.0	3024.538136921244	0.0	0	0.0	3308.1458706706617	1	0	2.7517998067713005
17200.0	6000.0	3108.145870670661	0.0	0	8.319934410992573	3308.14587067066	1	0	2.7517998067713014
18200.0	3000.0	3108.145870670661	0.0	0	461.0906072786747	3308.1458706706617	1	0	1.3655054456514106
19200.0	6000.0	3108.1458706706608	0.0	0	76.53665887319221	3308.14587067066	1	0	2.058652626211356
20452.836028257927	6000.0	2855.3098424127365	0.0	0	0.0	3308.1458706706617	1	0	2.7517998067713005
22086.813355193863	6000.0	2221.332515476798	0.0	0	0.0	3308.1458706706653	1	0	2.7517998067712997
22708.713363484294	3000.0	2599.4325071863673	0.0	0	0.0	3308.1458706706653	1	0	1.36550544565141
23212.51838593527	3000.0	3095.6274847353875	0.0	0	0.0	3308.1458706706653	1	0	2.058652626211355
24200.0	3000.0	3108.145870670656	0.0	0	570.1779489678811	3308.1458706706653	1	0	2.058652626211355
25704.65715850984	6000.0	2603.4887121608213	0.0	0	0.0	3308.145870670669	1	0	2.0586526262113543
26431.505939566472	3000.0	2876.63993110419	0.0	0	0.0	3308.145870670669	1	0	1.3655054456514093
27200.0	3000.0	3108.145870670663	0.0	0	247.1169723453895	3308.145870670669	1	0	2.0586526262113543
28200.0	3000.0	3108.145870670663	0.0	0	613.7009390086278	3308.1458706706726	1	0	2.0586526262113534
29200.0	6000.0	3108.145870670665	0.0	0	496.0985964651918	3308.1458706706726	1	0	2.058652626211353
30200.0	6000.0	3108.1458706706653	0.0	0	92.83877208058402	3308.1458706706762	1	0	2.7517998067712974
31393.45127323571	6000.0	2914.694597434953	0.0	0	0.0	3308.1458706706762	1	0	2.7517998067712974
32200.0	6000.0	3108.145870670661	0.0	0	92.78399213916782	3308.1458706706726	1	0	2.751799806771298
33200.0	6000.0	3108.1458706706553	0.0	0	156.26664856955904	3308.145870670669	1	0	2.751799806771298
34594.371551135664	6000.0	2713.774319534998	0.0	0	0.0	3308.1458706706726	1	0	2.7517998067712983
35757.425012459	6000.0	2550.7208582116555	0.0	0	0.0	3308.1458706706653	1	0	2.7517998067712983
37024.83319452725	6000.0	2283.312676143402	0.0	0	0.0	3308.1458706706617	1	0	2.7517998067713005
37531.25912167791	3000.0	2776.886748992739	0.0	0	0.0	3308.1458706706617	1	0	1.3655054456514109
38200.0	3000.0	3108.1458706706476	0.0	0	194.72868126929825	3308.1458706706617	1	0	2.058652626211356
39200.0	3000.0	3108.1458706706408	0.0	0	633.9240749452583	3308.1458706706617	1	0	2.058652626211356
40745.743860656585	6000.0	2562.4020100140574	0.0	0	0.0	3308.1458706706617	1	0	2.0586526262113556
41386.3482010609	3000.0	2921.7976696097408	0.0	0	0.0	3308.1458706706617	1	0	1.3655054456514109
42200.0	3000.0	3108.1458706706358	0.0	0	295.7070259619795	3308.1458706706617	1	0	2.058652626211356
43200.0	3000.0	3108.1458706706344	0.0	0	558.7875632911673	3308.1458706706617	1	0	2.058652626211356
44496.3946094859	6000.0	2811.751261184745	0.0	0	0.0	3308.1458706706617	1	0	2.0586526262113556
45228.0111081852	3000.0	3080.1347624854347	0.0	0	0.0	3308.1458706706544	1	0	1.3655054456514124
46200.0	3000.0	3108.1458706706385	0.0	0	549.4342657693778	3308.1458706706544	1	0	2.0586526262113574
47200.0	3000.0	3108.1458706706326	0.0	0	372.31918889925146	3308.1458706706617	1	0	2.058652626211356
48200.0	6000.0	3108.145870670634	0.0	0	65.56437350726628	3308.1458706706617	1	0	2.0586526262113556
49200.0	6000.0	3108.1458706706285	0.0	0	220.17929182906664	3308.1458706706617	1	0	2.7517998067713005
50200.0	6000.0	3108.1458706706358	0.0	0	285.6479196199143	3308.1458706706617	1	0	2.7517998067713005
51326.23047896822	6000.0	2981.915391702424	0.0	0	0.0	3308.145870670669	1	0	2.7517998067712988
52200.0	6000.0	3108.1458706706444	0.0	0	216.18283967055322	3308.145870670669	1	0	2.7517998067712988
53200.0	6000.0	3108.145870670647	0.0	0	164.9203931972079	3308.145870670669	1	0	2.7517998067712988
54200.0	6000.0	3108.14587067065	0.0	0	343.3667883845919	3308.145870670669	1	0	2.7517998067712988
55200.0	6000.0	3108.1458706706458	0.0	0	564.5295981256568	3308.1458706706617	1	0	2.7517998067713005
56240.92669948186	6000.0	3067.2191711887863	0.0	0	0.0	3308.1458706706617	1	0	2.7517998067713005
57200.0	6000.0	3108.145870670647	0.0	0	23.006076322853914	3308.1458706706544	1	0	2.7517998067713023
58200.0	6000.0	3108.145870670646	0.0	0	250.8389867834485	3308.145870670647	1	0	2.751799806771304
59404.11539886993	6000.0	2904.030471800712	0.0	0	0.0	3308.145870670647	1	0	2.751799806771304
60443.65142525629	6000.0	2864.494445414344	0.0	0	0.0	3308.145870670647	1	0	2.751799806771304
61278.807799524926	6000.0	3029.3380711457007	0.0	0	0.0	3308.14587067064	1	0	2.751799806771306
62200.0	6000.0	3108.1458706706303	0.0	0	230.1028086528022	3308.14587067064	1	0	2.751799806771306
63340.512218032236	6000.0	2967.6336526384	0.0	0	0.0	3308.145870670647	1	0	2.751799806771304
64277.99450474297	6000.0	3030.1513659276575	0.0	0	0.0	3308.145870670647	1	0	2.751799806771304
65542.78469975415	6000.0	2765.3611709164793	0.0	0	0.0	3308.14587067064	1	0	2.751799806771306
66532.34085231579	6000.0	2775.8050183548476	0.0	0	0.0	3308.1458706706544	1	0	2.7517998067713036
67367.69259577633	3000.0	2940.4532748942906	0.0	0	0.0	3308.145870670647	1	0	1.3655054456514129
68200.0	3000.0	3108.1458706706253	0.0	0	229.08276502056106	3308.145870670647	1	0	2.0586526262113587
69200.0	3000.0	3108.1458706706308	0.0	0	575.6449454034446	3308.145870670647	1	0	2.058652626211359
70200.0	6000.0	3108.145870670621	0.0	0	81.13380202351254	3308.1458706706326	1	0	2.058652626211363
71259.97494133076	6000.0	3048.170929339889	0.0	0	0.0	3308.145870670647	1	0	2.751799806771304
72200.0	6000.0	3108.14587067065	0.0	0	162.11441491397272	3308.145870670647	1	0	2.751799806771304
73200.0	6000.0	3108.1458706706385	0.0	0	140.37046440706763	3308.145870670647	1	0	2.751799806771304
74548.35742718393	6000.0	2759.7884434867156	0.0	0	0.0	3308.145870670647	1	0	2.751799806771304
75542.3633806062	6000.0	2765.782490064457	0.0	0	0.0	3308.145870670647	1	0	2.751799806771304
76506.72947172847	6000.0	2801.4163989422027	0.0	0	0.0	3308.145870670647	1	0	2.751799806771304
77729.26906310374	6000.0	2578.8768075669363	0.0	0	0.0	3308.145870670647	1	0	2.751799806771304
78496.09763627023	6000.0	2812.0482344004577	0.0	0	0.0	3308.145870670647	1	0	2.751799806771304
79708.48674671375	6000.0	2599.659123956956	0.0	0	0.0	3308.145870670647	1	0	2.751799806771304
80323.52781988213	3000.0	2984.618050788567	0.0	0	0.0	3308.145870670647	1	0	1.3655054456514142
81200.0	3000.0	3108.145870670697	0.0	0	268.43389841154567	3308.145870670647	1	0	2.058652626211359
82200.0	6000.0	3108.145870670692	0.0	0	70.18046046151721	3308.145870670647	1	0	2.058652626211359
83312.2581959597	6000.0	2995.887674710982	0.0	0	0.0	3308.145870670647	1	0	2.751799806771304
84314.94080000676	6000.0	2993.205070663919	0.0	0	0.0	3308.145870670647	1	0	2.751799806771304
85200.0	6000.0	3108.14587067067	0.0	0	135.59231670884765	3308.145870670647	1	0	2.751799806771304
86200.0	6000.0	3108.145870670678	0.0	0	277.3365297629498	3308.145870670647	1	0	2.751799806771304
87200.0	6000.0	3108.145870670662	0.0	0	245.5252848550008	3308.1458706706326	1	0	2.7517998067713076
88466.17521773257	6000.0	2841.97065293807	0.0	0	0.0	3308.145870670618	1	0	2.751799806771311
89695.05256849436	6000.0	2613.093302176289	0.0	0	0.0	3308.145870670618	1	0	2.751799806771311
90730.1594679053	6000.0	2577.986402765362	0.0	0	0.0	3308.145870670618	1	0	2.751799806771311
91249.1732873944	3000.0	3058.972583276271	0.0	0	0.0	3308.145870670618	1	0	1.3655054456514213
92200.0	3000.0	3108.1458706706712	0.0	0	314.52993280786905	3308.145870670618	1	0	2.0586526262113662
93200.0	6000.0	3108.1458706706658	0.0	0	322.77902111859294	3308.145870670618	1	0	2.0586526262113662
94439.07146431626	6000.0	2869.0744063543957	0.0	0	0.0	3308.145870670618	1	0	2.751799806771311
95298.94573961713	6000.0	3009.2001310535475	0.0	0	0.0	3308.1458706706326	1	0	2.7517998067713076
96545.91432752051	6000.0	2762.231543150168	0.0	0	0.0	3308.1458706706326	1	0	2.7517998067713076
97830.30069128262	6000.0	2477.8451793880517	0.0	0	0.0	3308.145870670618	1	0	2.751799806771311
98291.49371377229	3000.0	3016.6521568983826	0.0	0	0.0	3308.145870670618	1	0	1.3655054456514213
99200.0	3000.0	3108.1458706706885	0.0	0	473.80514254521404	3308.145870670618	1	0	2.0586526262113662
100200.0	6000.0	3108.1458706706903	0.0	0	150.63853113805817	3308.145870670618	1	0	2.0586526262113662
101558.56636200816	6000.0	2749.579508662534	0.0	0	0.0	3308.145870670618	1	0	2.751799806771311
102772.61312309725	6000.0	2535.5327475734384	0.0	0	0.0	3308.145870670618	1	0	2.751799806771311
103221.55766547348	3000.0	3086.5882051972326	0.0	0	0.0	3308.145870670618	1	0	1.3655054456514213
104200.0	3000.0	3108.1458706706867	0.0	0	431.9357376133703	3308.145870670618	1	0	2.0586526262113662
105200.0	3000.0	3108.145870670696	0.0	0	296.14336266757164	3308.145870670618	1	0	2.0586526262113662
106200.0	6000.0	3108.1458706706894	0.0	0	154.62756590197387	3308.1458706706035	1	0	2.0586526262113694
107426.38390477898	6000.0	2881.761965891715	0.0	0	0.0	3308.145870670589	1	0	2.751799806771318
108481.2142730177	6000.0	2826.9315976530106	0.0	0	0.0	3308.145870670589	1	0	2.751799806771318
109200.0	3000.0	3108.145870670715	0.0	0	20.930093731964007	3308.145870670589	1	0	1.365505445651428
110200.0	3000.0	3108.1458706707235	0.0	0	365.74059231010324	3308.1458706706035	1	0	2.05865262621137
111200.0	3000.0	3108.145870670715	0.0	0	526.8801108152984	3308.1458706706035	1	0	2.05865262621137
112390.57516662378	6000.0	2917.570704046938	0.0	0	0.0	3308.145870670618	1	0	2.0586526262113662
113232.79804194193	6000.0	3075.3478287287567	0.0	0	0.0	3308.145870670618	1	0	2.751799806771311
114251.20311972997	6000.0	3056.942750940715	0.0	0	0.0	3308.145870670618	1	0	2.751799806771311
115750.53216363591	6000.0	2557.6137070347704	0.0	0	0.0	3308.145870670618	1	0	2.751799806771311
116313.58671901633	3000.0	2994.5591516543595	0.0	0	0.0	3308.145870670618	1	0	1.3655054456514213
117200.0	3000.0	3108.1458706706903	0.0	0	253.57351746260247	3308.145870670618	1	0	2.0586526262113662
118200.0	3000.0	3108.1458706706826	0.0	0	305.90734606706246	3308.1458706706035	1	0	2.05865262621137
119200.0	6000.0	3108.1458706706812	0.0	0	98.34245504121645	3308.1458706706035	1	0	2.0586526262113694
120200.0	6000.0	3108.145870670698	0.0	0	66.24443022420746	3308.145870670618	1	0	2.751799806771311
121207.51591413727	6000.0	3100.6299565334057	0.0	0	0.0	3308.145870670618	1	0	2.751799806771311
122200.0	6000.0	3108.1458706706776	0.0	0	193.04251067017321	3308.1458706706326	1	0	2.7517998067713076
123682.28244984875	6000.0	2625.8634208219296	0.0	0	0.0	3308.1458706706326	1	0	2.7517998067713076
124284.37666180216	3000.0	3023.7692088685185	0.0	0	0.0	3308.1458706706326	1	0	1.3655054456514177
125200.0	3000.0	3108.1458706706876	0.0	0	394.09078209256404	3308.1458706706326	1	0	2.0586526262113627
126497.19849833133	6000.0	2810.9473723393544	0.0	0	0.0	3308.1458706706326	1	0	2.058652626211363
127825.77517820758	6000.0	2482.370692463101	0.0	0	0.0	3308.1458706706326	1	0	2.7517998067713076
128590.03387462522	3000.0	2718.11199604545	0.0	0	0.0	3308.145870670618	1	0	1.3655054456514213
129215.1266108436	3000.0	3093.0192598270914	0.0	0	0.0	3308.145870670618	1	0	2.0586526262113662
130200.0	3000.0	3108.145870670692	0.0	0	253.6387662357156	3308.145870670618	1	0	2.0586526262113662
131200.0	3000.0	3108.145870670694	0.0	0	474.5674138068425	3308.145870670618	1	0	2.0586526262113662
132544.00387426617	6000.0	2764.141996404508	0.0	0	0.0	3308.145870670618	1	0	2.058652626211365
133808.12885302262	6000.0	2500.017017648082	0.0	0	0.0	3308.145870670647	1	0	2.7517998067713063
134343.126426204	3000.0	2965.01944446672	0.0	0	0.0	3308.1458706706617	1	0	1.3655054456514129
135200.0	3000.0	3108.1458706707517	0.0	0	359.0165925792244	3308.145870670647	1	0	2.058652626211359
136200.0	6000.0	3108.145870670744	0.0	0	48.587838478182675	3308.145870670618	1	0	2.0586526262113662
137506.4373589545	6000.0	2801.7085117162183	0.0	0	0.0	3308.145870670618	1	0	2.751799806771311
138426.48127151126	6000.0	2881.66459915949	0.0	0	0.0	3308.145870670647	1	0	2.751799806771304
139744.55502246213	6000.0	2563.590848208649	0.0	0	0.0	3308.145870670647	1	0	2.751799806771304
140222.54265160352	3000.0	3085.603219067267	0.0	0	0.0	3308.145870670647	1	0	1.3655054456514142
141200.0	3000.0	3108.1458706708063	0.0	0	223.56163953462965	3308.145870670647	1	0	2.058652626211359
142200.0	3000.0	3108.1458706708145	0.0	0	318.405757382483	3308.145870670618	1	0	2.0586526262113662
143200.0	3000.0	3108.145870670802	0.0	0	549.0151978058566	3308.145870670618	1	0	2.0586526262113662
144200.0	6000.0	3108.1458706707876	0.0	0	61.49695765040815	3308.145870670589	1	0	2.058652626211373
145589.3088384887	6000.0	2718.837032182105	0.0	0	0.0	3308.145870670618	1	0	2.751799806771311
146256.72030555052	3000.0	3051.4255651203043	0.0	0	0.0	3308.145870670618	1	0	1.3655054456514213
147200.0	3000.0	3108.1458706708236	0.0	0	147.39721098338487	3308.145870670589	1	0	2.058652626211373
148200.0	3000.0	3108.14587067083	0.0	0	465.8967713743041	3308.145870670589	1	0	2.058652626211373
149200.0	3000.0	3108.145870670826	0.0	0	504.14932913304074	3308.145870670589	1	0	2.058652626211373
150666.57794943167	6000.0	2641.5679212391487	0.0	0	0.0	3308.145870670589	1	0	2.058652626211373
151309.26410383015	3000.0	2998.8817668406537	0.0	0	0.0	3308.145870670589	1	0	1.365505445651428
152200.0	3000.0	3108.1458706708067	0.0	0	107.94125873365556	3308.145870670589	1	0	2.058652626211373
153200.0	3000.0	3108.1458706708404	0.0	0	423.93545647966675	3308.145870670589	1	0	2.058652626211373
154200.0	3000.0	3108.145870670864	0.0	0	557.1466179009294	3308.145870670589	1	0	2.058652626211373
155200.0	6000.0	3108.1458706708668	0.0	0	213.20561037768493	3308.145870670589	1	0	2.058652626211373
156895.82073427632	6000.0	2412.325136394566	0.0	0	0.0	3308.145870670589	1	0	2.751799806771318
157648.46470238277	3000.0	2659.6811682881103	0.0	0	0.0	3308.145870670589	1	0	1.365505445651428
158376.69315165762	3000.0	2931.4527190132717	0.0	0	0.0	3308.145870670589	1	0	2.058652626211373
159200.0	3000.0	3108.1458706708754	0.0	0	352.82552001273143	3308.145870670589	1	0	2.058652626211373
160200.0	3000.0	3108.145870670909	0.0	0	356.61385131668067	3308.145870670647	1	0	2.058652626211365
161200.0	3000.0	3108.1458706709177	0.0	0	514.9516616260516	3308.145870670618	1	0	2.0586526262113662
162200.0	6000.0	3108.1458706708895	0.0	0	294.5559961881663	3308.145870670618	1	0	2.0586526262113662
163533.32425787055	6000.0	2774.821612800341	0.0	0	0.0	3308.145870670647	1	0	2.751799806771304
164711.8964363033	6000.0	2596.249434367603	0.0	0	0.0	3308.1458706706762	1	0	2.7517998067712974
165200.0	3000.0	3108.1458706709127	0.0	0	3.1838056342385244	3308.1458706706762	1	0	1.3655054456514075
166200.0	3000.0	3108.1458706708913	0.0	0	608.6546503631107	3308.1458706706762	1	0	2.0586526262113525
167200.0	6000.0	3108.145870670922	0.0	0	47.295057775540045	3308.1458706706762	1	0	2.0586526262113525
168200.0	6000.0	3108.145870670926	0.0	0	251.81952606118284	3308.1458706706762	1	0	2.7517998067712974
169560.53326629818	6000.0	2747.6126043727168	0.0	0	0.0	3308.145870670647	1	0	2.751799806771304
170854.0057030895	6000.0	2454.140167581436	0.0	0	0.0	3308.1458706706762	1	0	2.7517998067712974
171440.6344382244	3000.0	2867.5114324465562	0.0	0	0.0	3308.1458706706762	1	0	1.3655054456514075
172200.0	3000.0	3108.14587067099	0.0	0	238.89385294434032	3308.1458706706762	1	0	2.0586526262113525
173200.0	3000.0	3108.145870671034	0.0	0	365.37708474346437	3308.1458706706762	1	0	2.0586526262113525
174697.2034005311	6000.0	2610.9424701398957	0.0	0	0.0	3308.1458706706762	1	0	2.0586526262113525
175425.6505854586	3000.0	2882.495285212395	0.0	0	0.0	3308.145870670647	1	0	1.3655054456514142
176200.0	3000.0	3108.145870671005	0.0	0	404.10634014592506	3308.145870670647	1	0	2.058652626211359
177200.0	6000.0	3108.1458706710364	0.0	0	52.305126034189016	3308.1458706706762	1	0	2.0586526262113525
178200.0	6000.0	3108.14587067105	0.0	0	440.6404760181613	3308.1458706706762	1	0	2.7517998067712974
179396.320144866	6000.0	2911.825725805046	0.0	0	0.0	3308.1458706707053	1	0	2.75179980677129
180400.87724283285	6000.0	2907.268627838199	0.0	0	0.0	3308.1458706707053	1	0	2.75179980677129
181429.72191000506	6000.0	2878.423960665998	0.0	0	0.0	3308.1458706707344	1	0	2.7517998067712846
182200.0	6000.0	3108.1458706710373	0.0	0	171.6270026769198	3308.1458706707344	1	0	2.7517998067712837
183406.51975175354	6000.0	2901.626118917476	0.0	0	0.0	3308.1458706707344	1	0	2.7517998067712837
184620.80430533164	6000.0	2687.3415653393913	0.0	0	0.0	3308.1458706707344	1	0	2.7517998067712837
186040.5973560143	6000.0	2267.54851465672	0.0	0	0.0	3308.1458706707635	1	0	2.751799806771276
186562.06885006253	3000.0	2746.077020608509	0.0	0	0.0	3308.1458706707635	1	0	1.3655054456513867
187200.0	3000.0	3108.145870671039	0.0	0	108.15633114834782	3308.1458706707635	1	0	2.0586526262113316
188200.0	3000.0	3108.1458706710505	0.0	0	665.9334362506343	3308.1458706707635	1	0	2.0586526262113316
189322.78585848096	6000.0	2985.360012190064	0.0	0	0.0	3308.1458706707053	1	0	2.058652626211341
190200.0	3000.0	3108.145870671014	0.0	0	44.69171422862564	3308.1458706707053	1	0	1.3655054456514006
191200.0	6000.0	3108.1458706710237	0.0	0	115.2698898963863	3308.1458706707053	1	0	2.0586526262113454
192200.0	6000.0	3108.145870671032	0.0	0	83.18407950759865	3308.1458706707344	1	0	2.7517998067712837
193237.37239504838	6000.0	3070.77347562267	0.0	0	0.0	3308.1458706707635	1	0	2.751799806771276
194200.0	3000.0	3108.1458706710596	0.0	0	38.217331164953066	3308.1458706707635	1	0	1.3655054456513867
195200.0	3000.0	3108.145870671065	0.0	0	570.0659624160326	3308.1458706707344	1	0	2.0586526262113387
196200.0	3000.0	3108.14587067101	0.0	0	551.7993076023995	3308.1458706707344	1	0	2.0586526262113387
197297.74975719792	6000.0	3010.3961134731057	0.0	0	0.0	3308.1458706707926	1	0	2.0586526262113285
198200.0	6000.0	3108.1458706710137	0.0	0	9.835379508003825	3308.1458706707926	1	0	2.7517998067712695
199200.0	6000.0	3108.145870671037	0.0	0	311.94888133122004	3308.1458706707926	1	0	2.7517998067712695
200200.0	6000.0	3108.1458706710464	0.0	0	280.447467934835	3308.1458706707926	1	0	2.7517998067712695
201200.0	6000.0	3108.145870671024	0.0	0	345.01608645980014	3308.1458706707635	1	0	2.751799806771271
202200.0	6000.0	3108.1458706710096	0.0	0	447.47227661218494	3308.1458706707344	1	0	2.7517998067712837
203200.0	6000.0	3108.1458706710137	0.0	0	79.79363392884261	3308.1458706707635	1	0	2.751799806771276
204200.0	6000.0	3108.1458706710305	0.0	0	574.6819331691659	3308.1458706707635	1	0	2.751799806771276
205232.13213450238	6000.0	3076.0137361686348	0.0	0	0.0	3308.1458706707053	1	0	2.7517998067712863
206200.0	6000.0	3108.145870670986	0.0	0	167.6880631087406	3308.1458706707053	1	0	2.75179980677129
207200.0	6000.0	3108.145870670991	0.0	0	307.11411484197015	3308.1458706707053	1	0	2.75179980677129
208200.0	6000.0	3108.145870671004	0.0	0	217.9423992090742	3308.1458706707344	1	0	2.751799806771289
209434.53246332915	6000.0	2873.613407341863	0.0	0	0.0	3308.1458706707344	1	0	2.7517998067712837
210263.13602033694	6000.0	3045.0098503340673	0.0	0	0.0	3308.1458706707344	1	0	2.7517998067712837
211475.0038350871	6000.0	2833.14203558394	0.0	0	0.0	3308.1458706707344	1	0	2.7517998067712837
212454.77741285076	6000.0	2853.368457820271	0.0	0	0.0	3308.1458706707053	1	0	2.751799806771289
213591.9349661691	6000.0	2716.2109045019242	0.0	0	0.0	3308.1458706707053	1	0	2.75179980677129
214889.97743496776	6000.0	2418.168435703266	0.0	0	0.0	3308.1458706707053	1	0	2.75179980677129
215586.64298306062	3000.0	2721.502887610413	0.0	0	0.0	3308.1458706707344	1	0	1.3655054456513938
216370.4968284015	3000.0	2937.649042269547	0.0	0	0.0	3308.1458706707344	1	0	2.0586526262113387
217200.0	3000.0	3108.145870671057	0.0	0	93.55809572950238	3308.1458706707053	1	0	2.05865262621134
218200.0	3000.0	3108.1458706710587	0.0	0	642.6109108291857	3308.1458706707053	1	0	2.0586526262113454
219200.0	6000.0	3108.1458706710855	0.0	0	59.3452169932425	3308.1458706707053	1	0	2.0586526262113454
220200.0	6000.0	3108.1458706710746	0.0	0	139.78491327000665	3308.1458706707053	1	0	2.75179980677129
221200.0	6000.0	3108.1458706710746	0.0	0	208.63098857493605	3308.1458706707053	1	0	2.75179980677129
222200.0	6000.0	3108.145870671076	0.0	0	148.6973012079543	3308.1458706707053	1	0	2.75179980677129
223259.96502386316	6000.0	3048.1808468079307	0.0	0	0.0	3308.1458706707344	1	0	2.7517998067712837
224228.8930746572	6000.0	3079.252796013889	0.0	0	0.0	3308.1458706707344	1	0	2.7517998067712837
225200.0	6000.0	3108.1458706710746	0.0	0	96.80774801821099	3308.1458706707635	1	0	2.751799806771282
226200.0	6000.0	3108.1458706710605	0.0	0	235.63324274952174	3308.1458706707344	1	0	2.7517998067712774
227230.31205180532	6000.0	3077.8338188657285	0.0	0	0.0	3308.1458706707344	1	0	2.7517998067712837
228200.0	6000.0	3108.1458706710514	0.0	0	135.8808677046327	3308.1458706707344	1	0	2.751799806771289
229220.56999216808	6000.0	3087.575878502955	0.0	0	0.0	3308.1458706707053	1	0	2.75179980677129
230263.9716172016	6000.0	3044.174253469402	0.0	0	0.0	3308.1458706707344	1	0	2.7517998067712837
231405.08617508473	6000.0	2903.0596955862916	0.0	0	0.0	3308.1458706707344	1	0	2.7517998067712837
232391.32101906135	6000.0	2916.824851609651	0.0	0	0.0	3308.1458706707344	1	0	2.7517998067712837
233305.87915899968	6000.0	3002.2667116713005	0.0	0	0.0	3308.1458706707344	1	0	2.7517998067712837
234470.60413045107	6000.0	2837.541740219911	0.0	0	0.0	3308.1458706707344	1	0	2.7517998067712837
235260.66311149255	6000.0	3047.4827591784338	0.0	0	0.0	3308.1458706707635	1	0	2.751799806771279
236200.0	6000.0	3108.145870670989	0.0	0	5.370406895788619	3308.1458706707635	1	0	2.751799806771276
237435.77809129565	6000.0	2872.3677793752945	0.0	0	0.0	3308.1458706707635	1	0	2.751799806771276
238646.56632325298	6000.0	2661.5795474179895	0.0	0	0.0	3308.1458706707635	1	0	2.751799806771276
239351.93357763646	3000.0	2956.212293034529	0.0	0	0.0	3308.1458706707635	1	0	1.3655054456513867
240200.0	3000.0	3108.1458706709986	0.0	0	279.3352422803582	3308.1458706707635	1	0	2.0586526262113316
241200.0	3000.0	3108.1458706709795	0.0	0	573.9009925994906	3308.1458706707635	1	0	2.0586526262113316
242200.0	6000.0	3108.1458706710214	0.0	0	380.99757421191316	3308.1458706707926	1	0	2.05865262621133
243200.0	6000.0	3108.14587067105	0.0	0	0.6899655970046297	3308.1458706707926	1	0	2.7517998067712695
244644.166955571	6000.0	2663.9789151000523	0.0	0	0.0	3308.1458706707926	1	0	2.7517998067712695
245986.2281561235	6000.0	2321.917714547528	0.0	0	0.0	3308.1458706707926	1	0	2.7517998067712695
246421.1620812311	3000.0	2886.9837894399375	0.0	0	0.0	3308.1458706707926	1	0	1.3655054456513798
247200.0	3000.0	3108.1458706710496	0.0	0	290.0560901463032	3308.1458706707926	1	0	2.058652626211325
248200.0	3000.0	3108.1458706710578	0.0	0	307.50460045519867	3308.1458706708218	1	0	2.058652626211323
249416.0584675528	6000.0	2892.0874031182575	0.0	0	0.0	3308.1458706707926	1	0	2.058652626211322
250652.98135015785	6000.0	2655.1645205132218	0.0	0	0.0	3308.1458706708218	1	0	2.7517998067712623
252098.82536040293	6000.0	2209.3205102681595	0.0	0	0.0	3308.1458706708218	1	0	2.7517998067712623
252736.94193437728	3000.0	2571.2039362938126	0.0	0	0.0	3308.1458706708218	1	0	1.3655054456513729
253510.67839938245	3000.0	2797.4674712886635	0.0	0	0.0	3308.145870670851	1	0	2.0586526262113107
254208.96413074224	3000.0	3099.18173992886	0.0	0	0.0	3308.14587067088	1	0	2.058652626211304
255200.0	3000.0	3108.1458706710787	0.0	0	374.2875911916781	3308.14587067088	1	0	2.058652626211304
256200.0	3000.0	3108.145870671106	0.0	0	477.1201070515963	3308.145870670909	1	0	2.058652626211297
257200.0	6000.0	3108.1458706710964	0.0	0	164.19161441427423	3308.145870670938	1	0	2.0586526262112956
258322.61045436576	6000.0	2985.5354163053244	0.0	0	0.0	3308.145870670938	1	0	2.7517998067712353
259271.84273401857	6000.0	3036.303136652461	0.0	0	0.0	3308.14587067088	1	0	2.7517998067712446
260200.0	6000.0	3108.1458706710214	0.0	0	32.8423016986344	3308.145870670851	1	0	2.7517998067712504
261251.56521254533	6000.0	3056.58065812571	0.0	0	0.0	3308.14587067088	1	0	2.751799806771253
262362.9442014156	6000.0	2945.201669255463	0.0	0	0.0	3308.14587067088	1	0	2.751799806771249
263243.9125099818	6000.0	3064.2333606892807	0.0	0	0.0	3308.145870670909	1	0	2.751799806771242
264404.81921803503	6000.0	2903.3266526360494	0.0	0	0.0	3308.145870670938	1	0	2.7517998067712393
265654.27454753534	6000.0	2653.8713231357146	0.0	0	0.0	3308.145870670909	1	0	2.751799806771245
266200.0	3000.0	3108.145870671084	0.0	0	78.41729956743075	3308.145870670909	1	0	1.365505445651341
267200.0	3000.0	3108.1458706710728	0.0	0	458.8373887434718	3308.1458706709673	1	0	2.058652626211283
268229.30604620354	6000.0	3078.839824467542	0.0	0	0.0	3308.1458706709673	1	0	2.058652626211283
269277.2460116796	6000.0	3030.899858991506	0.0	0	0.0	3308.1458706710255	1	0	2.751799806771214
270585.28237303183	6000.0	2722.863497639273	0.0	0	0.0	3308.1458706709673	1	0	2.751799806771225
271770.6584621992	6000.0	2537.4874084718667	0.0	0	0.0	3308.1458706709673	1	0	2.7517998067712277
272206.5897584921	3000.0	3101.5561121790356	0.0	0	0.0	3308.1458706710255	1	0	1.3655054456513298
273200.0	3000.0	3108.145870671097	0.0	0	432.91730960429413	3308.1458706709673	1	0	2.058652626211272
274200.0	6000.0	3108.1458706710596	0.0	0	119.58882276993245	3308.1458706709673	1	0	2.058652626211283
275200.0	6000.0	3108.1458706710546	0.0	0	160.74394495930756	3308.1458706710255	1	0	2.751799806771225
276200.0	6000.0	3108.145870671031	0.0	0	105.89111431041965	3308.1458706710837	1	0	2.7517998067712113
277200.0	6000.0	3108.145870671071	0.0	0	86.56036401918391	3308.145870671142	1	0	2.7517998067711975
278205.2792458181	6000.0	3102.8666248530485	0.0	0	0.0	3308.1458706712	1	0	2.7517998067711726
279200.0	6000.0	3108.145870671145	0.0	0	46.48907778103603	3308.1458706712583	1	0	2.7517998067711593
280332.00943154405	6000.0	2976.1364391270727	0.0	0	0.0	3308.1458706712583	1	0	2.7517998067711593
281525.82210642926	6000.0	2782.3237642418444	0.0	0	0.0	3308.1458706713165	1	0	2.7517998067711478
282842.6040463611	6000.0	2465.541824309971	0.0	0	0.0	3308.1458706713165	1	0	2.751799806771145
283487.25961496937	3000.0	2820.8862557017096	0.0	0	0.0	3308.1458706713747	1	0	1.3655054456512414
284200.0	3000.0	3108.1458706711055	0.0	0	183.72814660303993	3308.1458706713747	1	0	2.0586526262111864
285200.0	3000.0	3108.1458706710823	0.0	0	339.475418150716	3308.1458706713165	1	0	2.058652626211189
286200.0	6000.0	3108.1458706710455	0.0	0	202.7118203099817	3308.1458706713165	1	0	2.0586526262112
287415.79810135544	6000.0	2892.3477693156506	0.0	0	0.0	3308.1458706713165	1	0	2.751799806771145
288547.8301625338	6000.0	2760.315708137297	0.0	0	0.0	3308.1458706712583	1	0	2.7517998067711567
289228.1256075555	3000.0	3080.0202631155576	0.0	0	0.0	3308.1458706712583	1	0	1.365505445651269
290200.0	3000.0	3108.1458706710055	0.0	0	383.8731853176723	3308.1458706712583	1	0	2.058652626211214
291200.0	3000.0	3108.1458706710087	0.0	0	314.40835750091355	3308.1458706712583	1	0	2.058652626211214
292200.0	3000.0	3108.1458706710296	0.0	0	452.5233307436574	3308.1458706712583	1	0	2.058652626211214
293476.0459746285	6000.0	2832.0998960425263	0.0	0	0.0	3308.1458706712583	1	0	2.058652626211214
294200.0	3000.0	3108.145870671022	0.0	0	171.30757903971244	3308.1458706712583	1	0	1.365505445651269
295200.0	3000.0	3108.145870670998	0.0	0	403.1327933767461	3308.1458706712583	1	0	2.058652626211214
296200.0	3000.0	3108.145870670972	0.0	0	427.86197680194164	3308.145870671142	1	0	2.058652626211231
297200.0	3000.0	3108.1458706709263	0.0	0	478.19491054781247	3308.1458706712	1	0	2.0586526262112277
298677.546888826	6000.0	2630.598981844912	0.0	0	0.0	3308.1458706712	1	0	2.0586526262112272
299335.65194742806	3000.0	2972.4939232428883	0.0	0	0.0	3308.145870671142	1	0	1.3655054456512967
300200.0	3000.0	3108.1458706709773	0.0	0	166.64098860387458	3308.145870671142	1	0	2.058652626211242
4.859463414634146	8.219463414634145	8.699463414634145	4.295463414634146	5.051463414634147	4.247463414634146	5.099463414634147	4.163463414634146	6.647463414634147	7.643463414634146	5.135463414634146	5.255463414634146	5.111463414634146	7.019463414634146	4.967463414634146	6.491463414634146	5.879463414634147	5.999463414634146	4.451463414634146	6.191463414634146	5.8914634146341465	5.459463414634146	3.8874634146341465	6.863463414634146	6.779463414634146	12.119463414634145	6.767463414634146	4.379463414634147	6.731463414634146	10.331463414634145	4.139463414634147	5.303463414634146	6.671463414634146	4.823463414634146	6.527463414634147	7.223463414634145	4.763463414634146	3.359463414634146	6.119463414634146	8.927463414634145	5.11	3.23	5.61	6.41	6.26	7.01	8.25	6.75	9.86	9.02	8.2	11.9	5.7	7.6	7.69	6.45	5.65	7.55	7.51	5.42	7.21	6.6	5.36	4.98	5.33	8.79	8.22	6.39	6.53	8.94	5.38	6.32	7.07	6.88	6.28	5.61	4.71	6.82	5.64	7.27	6.9	6.48	7.82	9.52	5.42	6.67	5.78	5.54	6.26	8.98	5.798533333333334	5.640533333333334	5.468533333333334	5.648533333333334	6.006533333333334	5.778533333333334	5.9245333333333345	5.990533333333334	5.644533333333334	5.592533333333334	5.622533333333334	5.202533333333334	5.464533333333334	5.616533333333334	6.026533333333334	5.6425333333333345	5.438533333333334	5.436533333333334	5.5865333333333345	5.676533333333334	5.794533333333334	5.636533333333334	5.476533333333334	5.824533333333334	5.742533333333334	5.838533333333334	5.792533333333334	5.538533333333334	5.6265333333333345	5.780533333333334	5.454533333333334	5.758533333333334	5.496533333333334	5.764533333333334	5.696533333333334	5.596533333333334	5.598533333333334	5.728533333333334	5.786533333333334	6.010533333333334	5.934533333333334	5.9005333333333345	5.6265333333333345	6.018533333333334	5.9005333333333345	5.259714285714285	5.345714285714285	5.477714285714285	4.987714285714285	5.433714285714285	5.623714285714285	5.1737142857142855	5.161714285714285	5.1817142857142855	5.255714285714285	5.4797142857142855	5.509714285714285	5.643714285714285	5.115714285714285	3.611463414634146	4.859463414634146	8.219463414634145	8.699463414634145	4.295463414634146	5.051463414634147	4.247463414634146	5.099463414634147	4.163463414634146	6.647463414634147	7.643463414634146	5.135463414634146	5.255463414634146	5.111463414634146	7.019463414634146	4.967463414634146	6.491463414634146	5.879463414634147	5.999463414634146	4.451463414634146	6.191463414634146	5.8914634146341465	5.459463414634146	3.8874634146341465	6.863463414634146	6.779463414634146	12.119463414634145	6.767463414634146	4.379463414634147	6.731463414634146	10.331463414634145	4.139463414634147	5.303463414634146	6.671463414634146	4.823463414634146	6.527463414634147	7.223463414634145	4.763463414634146	3.359463414634146	6.119463414634146	8.927463414634145	5.11	3.23	5.61	6.41	6.26	7.01	8.25	6.75	9.86	9.02	8.2	11.9	5.7	7.6	7.69	6.45	5.65	7.55	7.51	5.42	7.21	6.6	5.36	4.98	5.33	8.79	8.22	6.39	6.53	8.94	5.38	6.32	7.07	6.88	6.28	5.61	4.71	6.82	5.64	7.27	6.9	6.48	7.82	9.52	5.42	6.67	5.78	5.54	6.26	8.98	5.798533333333334	5.640533333333334	5.468533333333334	5.648533333333334	6.006533333333334	5.778533333333334	5.9245333333333345	5.990533333333334	5.644533333333334	5.592533333333334	5.622533333333334	5.202533333333334	5.464533333333334	5.616533333333334	6.026533333333334	5.6425333333333345	5.438533333333334	5.436533333333334	5.5865333333333345	5.676533333333334	5.794533333333334	5.636533333333334	5.476533333333334	5.824533333333334	5.742533333333334	5.838533333333334	5.792533333333334	5.538533333333334	5.6265333333333345	5.780533333333334	5.454533333333334	5.758533333333334	5.496533333333334	5.764533333333334	5.696533333333334	5.596533333333334	5.598533333333334	5.728533333333334	5.786533333333334	6.010533333333334	5.934533333333334	5.9005333333333345	5.6265333333333345	6.018533333333334	5.9005333333333345	5.259714285714285	5.345714285714285	5.477714285714285	4.987714285714285	5.433714285714285	5.623714285714285	5.1737142857142855	5.161714285714285	5.1817142857142855	5.255714285714285	5.4797142857142855	5.509714285714285	5.643714285714285	5.115714285714285	3.611463414634146	4.859463414634146	8.219463414634145	8.699463414634145
1.0	2.0	3.0	4.0	5.0	6.0	7.0	8.0	9.0	10.0	11.0	12.0	13.0	14.0	15.0	16.0	17.0	18.0	19.0	20.0	21.0	22.0	23.0	24.0	25.0	26.0	27.0	28.0	29.0	30.0	31.0	32.0	33.0	34.0	35.0	36.0	37.0	38.0	39.0	40.0	41.0	42.0	43.0	44.0	45.0	46.0	47.0	48.0	49.0	50.0	51.0	52.0	53.0	54.0	55.0	56.0	57.0	58.0	59.0	60.0	61.0	62.0	63.0	64.0	65.0	66.0	67.0	68.0	69.0	70.0	71.0	72.0	73.0	74.0	75.0	76.0	77.0	78.0	79.0	80.0	81.0	82.0	83.0	84.0	85.0	86.0	87.0	88.0	89.0	90.0	91.0	92.0	93.0	94.0	95.0	96.0	97.0	98.0	99.0	100.0	101.0	102.0	103.0	104.0	105.0	106.0	107.0	108.0	109.0	110.0	111.0	112.0	113.0	114.0	115.0	116.0	117.0	118.0	119.0	120.0	121.0	122.0	123.0	124.0	125.0	126.0	127.0	128.0	129.0	130.0	131.0	132.0	133.0	134.0	135.0	136.0	137.0	138.0	139.0	140.0	141.0	142.0	143.0	144.0	145.0	146.0	147.0	148.0	149.0	149.0	150.0	151.0	152.0	153.0	154.0	155.0	156.0	157.0	158.0	159.0	160.0	161.0	162.0	163.0	164.0	165.0	166.0	167.0	168.0	169.0	170.0	171.0	172.0	173.0	174.0	175.0	176.0	177.0	178.0	179.0	180.0	181.0	182.0	183.0	184.0	185.0	186.0	187.0	188.0	189.0	190.0	191.0	192.0	193.0	194.0	195.0	196.0	197.0	198.0	199.0	200.0	201.0	202.0	203.0	204.0	205.0	206.0	207.0	208.0	209.0	210.0	211.0	212.0	213.0	214.0	215.0	216.0	217.0	218.0	219.0	220.0	221.0	222.0	223.0	224.0	225.0	226.0	227.0	228.0	229.0	230.0	231.0	232.0	233.0	234.0	235.0	236.0	237.0	238.0	239.0	240.0	241.0	242.0	243.0	244.0	245.0	246.0	247.0	248.0	249.0	250.0	251.0	252.0	253.0	254.0	255.0	256.0	257.0	258.0	259.0	260.0	261.0	262.0	263.0	264.0	265.0	266.0	267.0	268.0	269.0	270.0	271.0	272.0	273.0	274.0	275.0	276.0	277.0	278.0	279.0	280.0	281.0	282.0	283.0	284.0	285.0	286.0	287.0	288.0	289.0	290.0	291.0	292.0	293.0	294.0	295.0	296.0	297.0	298.0	298.0	299.0	300.0	301.0
3074.609633635878
