3444.019736613241	300.0	1000.0	265.970208923568	0	0.0	3444.019736613241	0	0	-4.160261890604644
3737.6542972551024	300.0	2000.0	293.63456064186107	0	0.0	3737.6542972551024	1	0	-2.1079122558106995
3988.9547138571806	300.0	2748.6995833979217	0.0	0	0.0	3737.654297255103	1	0	-0.3672689349523166
4811.946917228603	1000.0	2925.7073800265	0.0	0	0.0	3737.654297255103	1	0	-0.3672689349523166
5606.073683804306	1000.0	3131.5806134507966	0.0	0	0.0	3737.6542972551033	1	0	0.8367038693736195
6553.636923044329	1000.0	3184.017374210774	0.0	0	0.0	3737.6542972551038	1	0	0.8367038693736195
7488.205944213868	1000.0	3249.4483530412344	0.0	0	0.0	3737.6542972551033	1	0	0.8367038693736193
8267.646276534697	1000.0	3470.008020720407	0.0	0	0.0	3737.654297255105	1	0	0.8367038693736192
9200.0	1000.0	3537.6542972551056	0.0	0	288.7780297615391	3737.654297255107	1	0	0.8367038693736188
10200.0	1000.0	3537.654297255104	0.0	0	315.78740471955825	3737.654297255105	1	0	0.8367038693736183
11200.0	1000.0	3537.6542972551056	0.0	0	291.00371179765534	3737.654297255107	1	0	0.8367038693736186
12813.411782691883	2000.0	2924.2425145632233	0.0	0	0.0	3737.654297255107	1	0	0.8367038693736181
13628.116606552567	1000.0	3109.5376907025393	0.0	0	0.0	3737.654297255107	1	0	0.143556688813673
14319.06449454281	1000.0	3418.5898027122953	0.0	0	0.0	3737.654297255107	1	0	0.8367038693736182
15200.0	1000.0	3537.654297255104	0.0	0	45.76723559212587	3737.654297255107	1	0	0.8367038693736182
16200.0	1000.0	3537.6542972551038	0.0	0	257.9935261204373	3737.654297255107	1	0	0.8367038693736182
17200.0	1000.0	3537.654297255106	0.0	0	265.6652756763069	3737.6542972551106	1	0	0.8367038693736168
18200.0	1000.0	3537.6542972551074	0.0	0	412.4019886576789	3737.6542972551106	1	0	0.8367038693736167
19200.0	1000.0	3537.654297255105	0.0	0	347.2486626615064	3737.6542972551088	1	0	0.8367038693736168
20200.0	1000.0	3537.6542972551083	0.0	0	0.2640467416094907	3737.6542972551106	1	0	0.8367038693736171
21200.0	1000.0	3537.65429725511	0.0	0	53.383034072849114	3737.6542972551106	1	0	0.8367038693736168
22324.91863257977	2000.0	3412.7356646753406	0.0	0	0.0	3737.654297255114	1	0	0.8367038693736155
23200.0	1000.0	3537.6542972551097	0.0	0	70.18269748507737	3737.654297255114	1	0	0.14355668881367045
24200.0	1000.0	3537.6542972551088	0.0	0	316.0013070183559	3737.654297255114	1	0	0.8367038693736156
25378.65614250004	2000.0	3358.9981547550674	0.0	0	0.0	3737.654297255114	1	0	0.8367038693736155
26892.979332597173	2000.0	2844.6749646579374	0.0	0	0.0	3737.6542972551106	1	0	1.529851049933562
27369.66470058257	1000.0	3367.989596672541	0.0	0	0.0	3737.6542972551106	1	0	0.14355668881367165
28370.780522478723	2000.0	3366.8737747763917	0.0	0	0.0	3737.6542972551106	1	0	0.836703869373617
29727.29711989435	2000.0	3010.3571773607628	0.0	0	0.0	3737.6542972551106	1	0	1.529851049933562
31188.64404651146	2000.0	2549.010250743654	0.0	0	0.0	3737.6542972551106	1	0	1.529851049933562
32044.139824633625	1000.0	2693.514472621487	0.0	0	0.0	3737.6542972551106	1	0	0.14355668881367165
32786.79037738735	1000.0	2950.8639198677683	0.0	0	0.0	3737.654297255114	1	0	0.8367038693736166
33423.42253409054	1000.0	3314.2317631645747	0.0	0	0.0	3737.6542972551106	1	0	0.8367038693736173
34200.0	1000.0	3537.6542972551065	0.0	0	136.71020564482023	3737.654297255107	1	0	0.8367038693736175
35200.0	1000.0	3537.6542972550983	0.0	0	470.50366170807683	3737.6542972550997	1	0	0.8367038693736192
36200.0	1000.0	3537.6542972550947	0.0	0	297.25593533719075	3737.6542972550924	1	0	0.8367038693736217
37200.0	1000.0	3537.6542972551015	0.0	0	386.5667840283786	3737.654297255096	1	0	0.8367038693736218
38415.33929437854	2000.0	3322.3150028765704	0.0	0	0.0	3737.654297255096	1	0	0.836703869373622
39656.47021147183	2000.0	3081.1840857832804	0.0	0	0.0	3737.654297255096	1	0	1.5298510499335671
40358.749999169435	1000.0	3378.904298085675	0.0	0	0.0	3737.6542972551033	1	0	0.14355668881367434
41200.0	1000.0	3537.654297255108	0.0	0	176.24736195948208	3737.6542972551106	1	0	0.8367038693736168
42200.0	1000.0	3537.654297255109	0.0	0	173.7520127999669	3737.6542972551106	1	0	0.8367038693736168
43200.0	1000.0	3537.6542972551147	0.0	0	366.3354508272314	3737.6542972551106	1	0	0.8367038693736168
44200.0	1000.0	3537.654297255114	0.0	0	344.2586095960287	3737.6542972551106	1	0	0.8367038693736168
45200.0	1000.0	3537.6542972551056	0.0	0	429.8927310310464	3737.6542972551106	1	0	0.8367038693736168
46200.0	1000.0	3537.6542972550997	0.0	0	486.34469413451734	3737.6542972551106	1	0	0.8367038693736168
47812.560929805506	2000.0	2925.0933674495914	0.0	0	0.0	3737.654297255118	1	0	0.8367038693736142
48570.612096225654	1000.0	3167.0422010294387	0.0	0	0.0	3737.6542972551106	1	0	0.14355668881367165
49200.0	1000.0	3537.654297255091	0.0	0	51.013916000840254	3737.6542972551106	1	0	0.8367038693736168
50364.03382922734	1000.0	3373.620468027754	0.0	0	0.0	3737.6542972551106	1	0	0.8367038693736168
51200.0	1000.0	3537.6542972550933	0.0	0	134.68979074148228	3737.6542972551033	1	0	0.8367038693736195
52561.62519991074	1000.0	3176.029097344343	0.0	0	0.0	3737.6542972551033	1	0	0.8367038693736195
54061.57803721504	1000.0	2676.0762600400376	0.0	0	0.0	3737.6542972551033	1	0	0.8367038693736195
55030.99875542758	500.0	2706.6555418274947	0.0	0	0.0	3737.654297255096	1	0	-0.5495904917462691
55530.33408400098	500.0	3207.3202132540914	0.0	0	0.0	3737.654297255096	1	0	0.1435566888136764
56686.747379967965	1000.0	3050.906917287096	0.0	0	0.0	3737.654297255096	1	0	0.14355668881367642
57904.05497412935	1000.0	2833.5993231257103	0.0	0	0.0	3737.654297255096	1	0	0.8367038693736218
58988.93335896865	1000.0	2748.720938286412	0.0	0	0.0	3737.654297255096	1	0	0.8367038693736218
60168.25553525401	1000.0	2569.398762001047	0.0	0	0.0	3737.654297255096	1	0	0.8367038693736218
61294.16638017929	1000.0	2443.4879170757595	0.0	0	0.0	3737.654297255096	1	0	0.8367038693736218
62324.19870284492	1000.0	2413.455594410133	0.0	0	0.0	3737.654297255096	1	0	0.8367038693736218
62958.31441405572	1000.0	2779.3398831993427	0.0	0	0.0	3737.654297255096	1	0	0.8367038693736218
64181.46206932641	1000.0	2556.192227928652	0.0	0	0.0	3737.654297255096	1	0	0.8367038693736218
65044.118794700305	1000.0	2693.535502554757	0.0	0	0.0	3737.654297255096	1	0	0.8367038693736218
65789.32150439254	1000.0	2948.332792862516	0.0	0	0.0	3737.654297255096	1	0	0.8367038693736218
66402.92391784192	1000.0	3334.730379413139	0.0	0	0.0	3737.6542972551033	1	0	0.8367038693736195
67200.0	1000.0	3537.6542972550646	0.0	0	209.62981900025625	3737.6542972551106	1	0	0.8367038693736184
68324.7673251417	2000.0	3412.8869721133615	0.0	0	0.0	3737.6542972551106	1	0	0.836703869373617
69746.75955085615	2000.0	2990.8947463989157	0.0	0	0.0	3737.6542972551106	1	0	1.5298510499335616
70561.04782582536	1000.0	3176.6064714297117	0.0	0	0.0	3737.6542972551106	1	0	0.14355668881367165
72036.32039278698	2000.0	2701.3339044681097	0.0	0	0.0	3737.654297255125	1	0	0.836703869373612
72746.87542457214	1000.0	2990.7788726829485	0.0	0	0.0	3737.654297255125	1	0	0.1435566888136668
73541.430505659	1000.0	3196.223791596092	0.0	0	0.0	3737.654297255125	1	0	0.836703869373612
74373.16629591066	1000.0	3364.488001344426	0.0	0	0.0	3737.654297255125	1	0	0.836703869373612
75214.00784890451	1000.0	3523.6464483505733	0.0	0	0.0	3737.6542972551397	1	0	0.8367038693736071
76200.0	1000.0	3537.6542972550806	0.0	0	138.8599652005214	3737.6542972551397	1	0	0.8367038693736071
77238.55567875969	1000.0	3499.0986184954054	0.0	0	0.0	3737.6542972551542	1	0	0.836703869373602
78200.0	1000.0	3537.654297255083	0.0	0	322.78914181128494	3737.6542972551542	1	0	0.836703869373602
79200.0	1000.0	3537.6542972550787	0.0	0	514.9354742918513	3737.6542972551542	1	0	0.836703869373602
80200.0	2000.0	3537.654297255067	0.0	0	198.67710456842906	3737.6542972551542	1	0	0.836703869373602
81536.39119545762	2000.0	3201.263101797462	0.0	0	0.0	3737.6542972551542	1	0	1.5298510499335471
83328.06531356249	2000.0	2409.5889836925912	0.0	0	0.0	3737.6542972551542	1	0	1.5298510499335471
84435.4866763133	2000.0	2302.1676209417624	0.0	0	0.0	3737.6542972551542	1	0	1.5298510499335471
85055.30469603174	1000.0	2682.3496012233045	0.0	0	0.0	3737.6542972551397	1	0	0.1435566888136619
86033.93832780555	1000.0	2703.7159694494985	0.0	0	0.0	3737.6542972551397	1	0	0.8367038693736071
86825.08328028265	1000.0	2912.571016972407	0.0	0	0.0	3737.6542972551397	1	0	0.8367038693736071
87761.8913718729	1000.0	2975.7629253821483	0.0	0	0.0	3737.6542972551397	1	0	0.8367038693736071
88413.15515677817	1000.0	3324.49914047687	0.0	0	0.0	3737.6542972551397	1	0	0.8367038693736071
89375.69654760676	1000.0	3361.957749648285	0.0	0	0.0	3737.6542972551397	1	0	0.8367038693736071
90544.35789663027	2000.0	3193.296400624776	0.0	0	0.0	3737.654297255125	1	0	0.836703869373612
91532.6693199259	1000.0	3204.9849773291357	0.0	0	0.0	3737.654297255125	1	0	0.1435566888136668
92279.98982557243	1000.0	3457.664471682604	0.0	0	0.0	3737.654297255125	1	0	0.836703869373612
93200.0	1000.0	3537.654297255036	0.0	0	99.4950290589768	3737.654297255125	1	0	0.836703869373612
94200.0	1000.0	3537.654297255052	0.0	0	295.1561794190493	3737.6542972551106	1	0	0.8367038693736168
95200.0	1000.0	3537.654297255063	0.0	0	486.7173005390505	3737.6542972551106	1	0	0.8367038693736168
96630.32226445588	2000.0	3107.332032799191	0.0	0	0.0	3737.6542972551106	1	0	0.836703869373617
97576.73498982935	1000.0	3160.919307425727	0.0	0	0.0	3737.6542972551106	1	0	0.14355668881367165
99192.31102399582	1000.0	2545.3432732592364	0.0	0	0.0	3737.6542972551106	1	0	0.8367038693736168
99937.31396221199	1000.0	2800.340335043079	0.0	0	0.0	3737.654297255125	1	0	0.836703869373612
100717.64983826685	2000.0	3020.0044589882277	0.0	0	0.0	3737.654297255125	1	0	0.836703869373612
102216.6416197929	2000.0	2521.012677462173	0.0	0	0.0	3737.654297255125	1	0	1.5298510499335571
102879.6280934901	1000.0	2858.0262037649795	0.0	0	0.0	3737.654297255125	1	0	0.1435566888136668
105179.19026356882	3000.0	1558.4640336862647	0.0	0	0.0	3737.654297255125	1	0	0.8367038693736122
105434.88719215026	500.0	2302.767105104821	0.0	0	0.0	3737.654297255125	1	0	-1.6482027804143888
106400.47954617477	2000.0	2337.1747510803084	0.0	0	0.0	3737.6542972551397	1	0	0.14355668881366146
107300.69153579843	1000.0	2436.962761456671	0.0	0	0.0	3737.6542972551397	1	0	0.1435566888136619
108010.03090655923	1000.0	2727.6233906958764	0.0	0	0.0	3737.6542972551397	1	0	0.8367038693736071
109239.8121132893	1000.0	2497.8421839658195	0.0	0	0.0	3737.6542972551397	1	0	0.8367038693736071
110134.92693660951	1000.0	2602.7273606455965	0.0	0	0.0	3737.6542972551397	1	0	0.8367038693736071
111005.73114057418	1000.0	2731.923156680937	0.0	0	0.0	3737.6542972551542	1	0	0.836703869373602
111692.40155677151	1000.0	3045.2527404835837	0.0	0	0.0	3737.6542972551542	1	0	0.836703869373602
112870.31982941409	1000.0	2867.334467841001	0.0	0	0.0	3737.6542972551542	1	0	0.836703869373602
113909.60474616903	1000.0	2828.0495510860746	0.0	0	0.0	3737.6542972551542	1	0	0.836703869373602
115085.23720370588	1000.0	2652.417093549223	0.0	0	0.0	3737.6542972551542	1	0	0.836703869373602
116287.00306210652	1000.0	2450.6512351485917	0.0	0	0.0	3737.6542972551542	1	0	0.836703869373602
117391.5489700469	1000.0	2346.105327208218	0.0	0	0.0	3737.654297255169	1	0	0.8367038693735971
118301.68755834871	1000.0	2435.966738906408	0.0	0	0.0	3737.6542972551833	1	0	0.836703869373592
119182.903388793	1000.0	2554.750908462102	0.0	0	0.0	3737.6542972551833	1	0	0.836703869373592
119811.61800341244	1000.0	2926.0362938426656	0.0	0	0.0	3737.6542972551833	1	0	0.836703869373592
120423.6114280075	1000.0	3314.0428692476025	0.0	0	0.0	3737.6542972551833	1	0	0.836703869373592
122053.71202146349	2000.0	2683.9422757916122	0.0	0	0.0	3737.6542972551833	1	0	0.836703869373592
122837.96111026389	1000.0	2899.6931869912187	0.0	0	0.0	3737.6542972551833	1	0	0.14355668881364692
123548.0020723934	1000.0	3189.6522248617093	0.0	0	0.0	3737.6542972551833	1	0	0.836703869373592
124455.3786392106	1000.0	3282.2756580445107	0.0	0	0.0	3737.6542972551833	1	0	0.836703869373592
125234.66677937974	1000.0	3502.987517875385	0.0	0	0.0	3737.6542972551833	1	0	0.836703869373592
126200.0	1000.0	3537.654297255126	0.0	0	167.90643373019702	3737.6542972551833	1	0	0.836703869373592
127200.0	1000.0	3537.654297255127	0.0	0	350.82305557902146	3737.6542972551833	1	0	0.836703869373592
128362.86541638023	1000.0	3374.788880874908	0.0	0	0.0	3737.6542972551833	1	0	0.836703869373592
129826.36901601721	2000.0	2911.2852812379174	0.0	0	0.0	3737.654297255198	1	0	0.836703869373587
131265.88676603005	2000.0	2471.767531225086	0.0	0	0.0	3737.6542972551833	1	0	1.5298510499335372
132172.3256644904	1000.0	2565.3286327647224	0.0	0	0.0	3737.654297255198	1	0	0.14355668881364092
132706.9883332594	1000.0	3030.66596399573	0.0	0	0.0	3737.654297255198	1	0	0.8367038693735842
134207.45602771352	2000.0	2530.198269541628	0.0	0	0.0	3737.654297255227	1	0	0.836703869373578
134867.28266164978	1000.0	2870.3716356053646	0.0	0	0.0	3737.6542972552415	1	0	0.14355668881363004
135822.77344520018	1000.0	2914.880852054969	0.0	0	0.0	3737.6542972552706	1	0	0.8367038693735623
136997.46101793094	1000.0	2740.193279324226	0.0	0	0.0	3737.6542972552706	1	0	0.8367038693735623
137538.6581666508	1000.0	3198.99613060438	0.0	0	0.0	3737.6542972552706	1	0	0.8367038693735623
138200.0	1000.0	3537.654297255176	0.0	0	111.47293180553243	3737.6542972552998	1	0	0.8367038693735523
139200.0	1000.0	3537.6542972551433	0.0	0	391.04946767768706	3737.6542972552998	1	0	0.8367038693735523
140859.4257462753	2000.0	2878.228550979856	0.0	0	0.0	3737.6542972552998	1	0	0.8367038693735522
141674.89500266255	1000.0	3062.759294592601	0.0	0	0.0	3737.6542972552998	1	0	0.14355668881360717
142488.47539903576	1000.0	3249.1788982194053	0.0	0	0.0	3737.6542972552998	1	0	0.8367038693735523
143200.0	1000.0	3537.6542972551465	0.0	0	92.86314497952117	3737.6542972552998	1	0	0.8367038693735523
144200.0	1000.0	3537.6542972551133	0.0	0	451.3048290327715	3737.6542972552998	1	0	0.8367038693735523
145200.0	2000.0	3537.654297255099	0.0	0	345.7024142066657	3737.6542972552706	1	0	0.8367038693735622
147324.731703731	3000.0	2412.9225935241197	0.0	0	0.0	3737.6542972552706	1	0	1.5298510499335076
148684.85018594872	2000.0	2052.8041113063773	0.0	0	0.0	3737.6542972552706	1	0	1.1243859418253428
149493.3697959448	1000.0	2244.2845013102733	0.0	0	0.0	3737.6542972552706	1	0	0.14355668881361716
150184.4794433755	1000.0	2553.174853879594	0.0	0	0.0	3737.6542972552706	1	0	0.8367038693735623
150933.14763752947	1000.0	2804.506659725593	0.0	0	0.0	3737.6542972552706	1	0	0.8367038693735623
151420.85765367534	1000.0	3316.796643579677	0.0	0	0.0	3737.6542972552706	1	0	0.8367038693735623
152200.0	1000.0	3537.654297254995	0.0	0	360.54156318015885	3737.6542972552706	1	0	0.8367038693735623
153960.96832795764	2000.0	2776.685969297337	0.0	0	0.0	3737.6542972552415	1	0	0.8367038693735702
154859.19780867745	1000.0	2878.4564885775135	0.0	0	0.0	3737.6542972552415	1	0	0.14355668881362715
155624.7837367536	1000.0	3112.8705605013542	0.0	0	0.0	3737.6542972552415	1	0	0.8367038693735723
156291.12155922534	1000.0	3446.532738029608	0.0	0	0.0	3737.6542972552415	1	0	0.8367038693735723
157200.0	1000.0	3537.654297254961	0.0	0	148.44294243998593	3737.6542972552415	1	0	0.8367038693735723
158200.0	1000.0	3537.65429725495	0.0	0	487.4217733532132	3737.6542972552415	1	0	0.8367038693735723
159200.0	1000.0	3537.6542972549355	0.0	0	311.29657942571794	3737.6542972552124	1	0	0.836703869373582
160200.0	1000.0	3537.654297254939	0.0	0	290.1735592352925	3737.6542972552124	1	0	0.836703869373582
161200.0	1000.0	3537.6542972549573	0.0	0	223.20865022190264	3737.6542972552124	1	0	0.836703869373582
162200.0	1000.0	3537.6542972549687	0.0	0	202.17678308230825	3737.6542972552124	1	0	0.836703869373582
163624.36130439848	2000.0	3113.292992856491	0.0	0	0.0	3737.6542972552124	1	0	0.836703869373582
164750.44140130008	2000.0	2987.212895954884	0.0	0	0.0	3737.6542972552124	1	0	1.5298510499335272
165698.59475524828	1000.0	3039.0595420067175	0.0	0	0.0	3737.6542972552124	1	0	0.14355668881363692
166448.18149480954	1000.0	3289.472802445444	0.0	0	0.0	3737.6542972552124	1	0	0.836703869373582
167200.0	1000.0	3537.6542972550087	0.0	0	147.31993880248046	3737.6542972552124	1	0	0.836703869373582
168200.0	1000.0	3537.6542972549873	0.0	0	87.17046218604082	3737.6542972552124	1	0	0.836703869373582
169200.0	1000.0	3537.654297254964	0.0	0	222.4731922010542	3737.6542972552124	1	0	0.836703869373582
170200.0	1000.0	3537.65429725495	0.0	0	381.80234087695135	3737.6542972552415	1	0	0.8367038693735723
171200.0	1000.0	3537.6542972549532	0.0	0	456.63001903388067	3737.6542972552124	1	0	0.836703869373582
172200.0	1000.0	3537.6542972549146	0.0	0	344.93874072196195	3737.6542972552124	1	0	0.836703869373582
173200.0	1000.0	3537.6542972549155	0.0	0	399.25864612756413	3737.6542972552415	1	0	0.8367038693735723
174200.0	2000.0	3537.6542972549187	0.0	0	57.43282797903521	3737.6542972552415	1	0	0.8367038693735722
175200.0	2000.0	3537.6542972548823	0.0	0	21.349383981403662	3737.6542972552124	1	0	1.5298510499335272
176200.0	2000.0	3537.654297254866	0.0	0	26.7539070728526	3737.6542972551833	1	0	1.5298510499335372
177282.5653286923	2000.0	3455.0889685625693	0.0	0	0.0	3737.6542972551833	1	0	1.5298510499335372
178602.32559863254	2000.0	3135.328698622301	0.0	0	0.0	3737.6542972551833	1	0	1.5298510499335372
180364.0845127762	2000.0	2373.5697844786587	0.0	0	0.0	3737.6542972551542	1	0	1.5298510499335392
180954.0269182342	1000.0	2783.6273790206747	0.0	0	0.0	3737.6542972551542	1	0	0.1435566888136568
181793.6709052458	1000.0	2943.9833920090587	0.0	0	0.0	3737.6542972551542	1	0	0.836703869373602
182406.27931700446	1000.0	3331.3749802503876	0.0	0	0.0	3737.6542972551542	1	0	0.836703869373602
183219.22799801585	1000.0	3518.4262992389718	0.0	0	0.0	3737.6542972551833	1	0	0.836703869373592
184200.0	1000.0	3537.6542972548073	0.0	0	196.03133346282993	3737.6542972551833	1	0	0.836703869373592
185200.0	1000.0	3537.654297254845	0.0	0	226.42877634664183	3737.6542972552124	1	0	0.836703869373582
186200.0	1000.0	3537.6542972548177	0.0	0	144.40193525629002	3737.6542972552124	1	0	0.836703869373582
187200.0	1000.0	3537.654297254826	0.0	0	64.85166146908887	3737.6542972552415	1	0	0.8367038693735723
188200.0	1000.0	3537.6542972548336	0.0	0	128.1693939139659	3737.6542972552415	1	0	0.8367038693735723
189200.0	1000.0	3537.654297254834	0.0	0	411.51002680827514	3737.6542972552415	1	0	0.8367038693735723
190485.01359345968	2000.0	3252.6407037951617	0.0	0	0.0	3737.6542972552706	1	0	0.8367038693735622
192071.81146173735	2000.0	2665.842835517458	0.0	0	0.0	3737.6542972552706	1	0	1.5298510499335074
192835.42919512783	1000.0	2902.2251021269913	0.0	0	0.0	3737.6542972552998	1	0	0.14355668881360717
193656.05829565134	1000.0	3081.596001603484	0.0	0	0.0	3737.6542972552998	1	0	0.8367038693735523
194200.31316540958	1000.0	3537.3411318452504	0.0	0	0.0	3737.6542972552998	1	0	0.8367038693735523
195200.0	1000.0	3537.6542972548164	0.0	0	233.00304299837444	3737.6542972552998	1	0	0.8367038693735523
196200.0	1000.0	3537.6542972548114	0.0	0	237.93104142011725	3737.6542972552998	1	0	0.8367038693735523
197200.0	1000.0	3537.654297254789	0.0	0	142.36914733221056	3737.6542972552706	1	0	0.8367038693735623
198200.0	1000.0	3537.6542972547873	0.0	0	331.6481241657457	3737.6542972552998	1	0	0.8367038693735523
199200.0	1000.0	3537.654297254786	0.0	0	261.7685810429102	3737.654297255329	1	0	0.8367038693735424
200200.0	1000.0	3537.6542972548186	0.0	0	238.74413625505986	3737.654297255329	1	0	0.8367038693735424
201490.97287856188	1000.0	3246.6814186929532	0.0	0	0.0	3737.654297255329	1	0	0.8367038693735424
202659.45560782985	1000.0	3078.1986894249844	0.0	0	0.0	3737.654297255329	1	0	0.8367038693735424
204399.20284631095	1000.0	2338.4514509438877	0.0	0	0.0	3737.654297255387	1	0	0.8367038693735284
204822.0411512012	500.0	2915.613146053612	0.0	0	0.0	3737.654297255387	1	0	-0.5495904917463684
205523.8875168595	1000.0	3213.7667803952977	0.0	0	0.0	3737.654297255387	1	0	0.14355668881357705
206787.06266901936	1000.0	2950.591628235467	0.0	0	0.0	3737.654297255387	1	0	0.8367038693735225
207687.9468074215	1000.0	3049.707489833315	0.0	0	0.0	3737.654297255387	1	0	0.8367038693735225
208692.37772255304	1000.0	3045.2765747018093	0.0	0	0.0	3737.654297255387	1	0	0.8367038693735225
209495.3091490841	1000.0	3242.3451481707557	0.0	0	0.0	3737.654297255358	1	0	0.8367038693735324
210541.36218021053	1000.0	3196.2921170443137	0.0	0	0.0	3737.654297255387	1	0	0.8367038693735225
211408.3081962384	1000.0	3329.346101016438	0.0	0	0.0	3737.654297255387	1	0	0.8367038693735225
212329.27688589215	1000.0	3408.3774113626628	0.0	0	0.0	3737.654297255358	1	0	0.8367038693735245
213237.19637891513	1000.0	3500.4579183396854	0.0	0	0.0	3737.654297255358	1	0	0.8367038693735324
214987.27661135892	2000.0	2750.3776858959095	0.0	0	0.0	3737.654297255358	1	0	0.8367038693735322
215485.56115179448	1000.0	3252.0931454603497	0.0	0	0.0	3737.654297255329	1	0	0.14355668881359718
216200.0	1000.0	3537.6542972548336	0.0	0	57.5340331986954	3737.654297255329	1	0	0.8367038693735424
217528.76634754988	2000.0	3208.8879497049224	0.0	0	0.0	3737.654297255329	1	0	0.8367038693735422
218909.23814385064	2000.0	2828.416153404168	0.0	0	0.0	3737.654297255329	1	0	1.5298510499334874
219506.5217927327	1000.0	3231.132504522111	0.0	0	0.0	3737.654297255329	1	0	0.14355668881359718
220657.18139387964	2000.0	3080.472903375187	0.0	0	0.0	3737.654297255329	1	0	0.8367038693735422
221200.0	1000.0	3537.6542972548273	0.0	0	32.103337386623025	3737.654297255329	1	0	0.14355668881359718
222200.0	1000.0	3537.65429725484	0.0	0	294.1929131413053	3737.654297255358	1	0	0.8367038693735324
223200.0	1000.0	3537.654297254854	0.0	0	407.46699024087866	3737.654297255358	1	0	0.8367038693735324
224614.05439115874	2000.0	3123.599906096066	0.0	0	0.0	3737.654297255358	1	0	0.8367038693735322
225200.0	1000.0	3537.654297254806	0.0	0	35.694090721866814	3737.654297255358	1	0	0.14355668881358719
226200.0	1000.0	3537.654297254782	0.0	0	246.30359831437818	3737.654297255358	1	0	0.8367038693735324
227200.0	1000.0	3537.6542972548023	0.0	0	370.1520081264025	3737.654297255358	1	0	0.8367038693735324
228200.0	1000.0	3537.654297254824	0.0	0	529.2932366401656	3737.654297255387	1	0	0.8367038693735225
229411.0541250422	2000.0	3326.6001722126357	0.0	0	0.0	3737.654297255387	1	0	0.8367038693735226
231438.05635663323	3000.0	2299.59794062164	0.0	0	0.0	3737.654297255416	1	0	1.5298510499334657
232353.22991538473	1000.0	2384.4243818701275	0.0	0	0.0	3737.654297255416	1	0	-0.2619084192945974
233933.44431836734	2000.0	1804.209978887505	0.0	0	0.0	3737.654297255416	1	0	0.8367038693735126
234507.95465359197	1000.0	2229.699643662877	0.0	0	0.0	3737.654297255387	1	0	0.14355668881357728
235100.86984851907	1000.0	2636.784448735799	0.0	0	0.0	3737.654297255416	1	0	0.8367038693735125
236289.36602553836	1000.0	2448.2882717165176	0.0	0	0.0	3737.654297255416	1	0	0.8367038693735185
237101.1838307499	1000.0	2636.470466504982	0.0	0	0.0	3737.654297255416	1	0	0.8367038693735125
238072.04363908514	1000.0	2665.6106581697577	0.0	0	0.0	3737.654297255416	1	0	0.8367038693735125
238662.72422174714	1000.0	3074.9300755077606	0.0	0	0.0	3737.654297255416	1	0	0.8367038693735125
239581.38928488086	1000.0	3156.2650123740527	0.0	0	0.0	3737.654297255416	1	0	0.8367038693735125
240312.66837161346	1000.0	3424.9859256414406	0.0	0	0.0	3737.654297255387	1	0	0.8367038693735165
241283.18420437374	1000.0	3454.4700928811794	0.0	0	0.0	3737.654297255387	1	0	0.8367038693735225
242200.0	1000.0	3537.654297254934	0.0	0	3.824791806517169	3737.654297255387	1	0	0.8367038693735225
243200.0	1000.0	3537.6542972549696	0.0	0	393.39068802274414	3737.654297255416	1	0	0.8367038693735125
244200.0	2000.0	3537.654297254964	0.0	0	269.3814262347005	3737.654297255416	1	0	0.8367038693735126
246012.19992489665	3000.0	2725.4543723583465	0.0	0	0.0	3737.654297255416	1	0	1.5298510499334577
247754.325414215	1000.0	1983.3288830400045	0.0	0	0.0	3737.654297255387	1	0	-0.2619084192945874
248190.28260955325	500.0	2547.3716877017782	0.0	0	0.0	3737.654297255416	1	0	-0.5495904917463784
248960.4319036303	1000.0	2777.222393624725	0.0	0	0.0	3737.654297255416	1	0	0.14355668881356706
249571.98337732948	1000.0	3165.6709199255333	0.0	0	0.0	3737.654297255387	1	0	0.8367038693735225
250816.7717974365	2000.0	2920.88249981853	0.0	0	0.0	3737.654297255416	1	0	0.8367038693735166
251593.64057807866	1000.0	3144.013719176331	0.0	0	0.0	3737.654297255416	1	0	0.14355668881356728
252586.6272559057	2000.0	3151.0270413492735	0.0	0	0.0	3737.654297255416	1	0	0.8367038693735126
254275.79775666614	2000.0	2461.856540588827	0.0	0	0.0	3737.654297255387	1	0	1.5298510499334679
255480.6336667495	2000.0	2257.0206305054753	0.0	0	0.0	3737.654297255358	1	0	1.5298510499334717
256361.9524967125	1000.0	2375.7018005424543	0.0	0	0.0	3737.654297255358	1	0	0.14355668881358719
257319.74172492305	1000.0	2417.912572331913	0.0	0	0.0	3737.654297255329	1	0	0.8367038693735424
258228.2146392416	1000.0	2509.4396580133616	0.0	0	0.0	3737.654297255329	1	0	0.8367038693735424
259127.3550892816	1000.0	2610.299207973358	0.0	0	0.0	3737.654297255329	1	0	0.8367038693735424
260051.3771480604	1000.0	2686.2771491945596	0.0	0	0.0	3737.654297255329	1	0	0.8367038693735424
260654.0903614353	1000.0	3083.563935819662	0.0	0	0.0	3737.6542972552998	1	0	0.8367038693735523
261788.271844901	1000.0	2949.3824523539197	0.0	0	0.0	3737.6542972552998	1	0	0.8367038693735523
262959.67782751744	1000.0	2777.9764697374612	0.0	0	0.0	3737.6542972552998	1	0	0.8367038693735483
264132.8525581031	1000.0	2604.8017391518256	0.0	0	0.0	3737.6542972552998	1	0	0.8367038693735523
264963.1975971273	1000.0	2774.4567001276146	0.0	0	0.0	3737.6542972552706	1	0	0.8367038693735583
266106.4708039155	1000.0	2631.1834933393447	0.0	0	0.0	3737.6542972552124	1	0	0.8367038693735742
267418.20199433883	1000.0	2319.4523029159827	0.0	0	0.0	3737.6542972552124	1	0	0.8367038693735702
268583.643776795	1000.0	2154.010520459871	0.0	0	0.0	3737.6542972552124	1	0	0.836703869373582
269165.10606901906	1000.0	2572.548228235839	0.0	0	0.0	3737.6542972552124	1	0	0.836703869373582
269661.3297246848	1000.0	3076.3245725701213	0.0	0	0.0	3737.6542972552124	1	0	0.836703869373582
270497.3738883316	1000.0	3240.2804089233846	0.0	0	0.0	3737.6542972552124	1	0	0.836703869373582
271200.0	1000.0	3537.6542972549414	0.0	0	94.06138694524998	3737.6542972552124	1	0	0.836703869373582
273500.47063187085	2000.0	2237.1836653840605	0.0	0	0.0	3737.6542972551542	1	0	0.836703869373602
274245.66959584196	1000.0	2491.984701412858	0.0	0	0.0	3737.654297255096	1	0	0.14355668881366077
275092.2284036854	1000.0	2645.4258935694916	0.0	0	0.0	3737.654297255096	1	0	0.8367038693736218
276023.10880561103	1000.0	2714.545491643828	0.0	0	0.0	3737.6542972551542	1	0	0.836703869373602
277131.6281603046	1000.0	2606.0261369502	0.0	0	0.0	3737.6542972551542	1	0	0.836703869373602
277930.4149608735	1000.0	2807.2393363813044	0.0	0	0.0	3737.6542972551542	1	0	0.836703869373602
278495.2155557434	1000.0	3242.438741511459	0.0	0	0.0	3737.6542972551542	1	0	0.836703869373602
279200.0	1000.0	3537.6542972548323	0.0	0	54.803621220053174	3737.6542972551542	1	0	0.836703869373602
280554.2004538986	2000.0	3183.453843356239	0.0	0	0.0	3737.6542972551542	1	0	0.836703869373602
281200.0	1000.0	3537.65429725486	0.0	0	77.1302047779318	3737.6542972551542	1	0	0.1435566888136568
282200.0	1000.0	3537.6542972548846	0.0	0	485.71533444459783	3737.6542972551542	1	0	0.836703869373602
283608.0815949365	2000.0	3129.572702318318	0.0	0	0.0	3737.6542972551542	1	0	0.836703869373602
284559.94996054686	1000.0	3177.7043367079536	0.0	0	0.0	3737.6542972551542	1	0	0.1435566888136568
285723.3735486353	1000.0	3014.280748619524	0.0	0	0.0	3737.654297255038	1	0	0.8367038693736377
286451.88881506	1000.0	3285.7654821947426	0.0	0	0.0	3737.654297255038	1	0	0.8367038693736417
287200.0	1000.0	3537.654297254724	0.0	0	125.81302157923346	3737.654297255038	1	0	0.8367038693736417
288200.0	1000.0	3537.6542972547577	0.0	0	407.95039829361485	3737.654297255038	1	0	0.8367038693736417
289395.85484223824	2000.0	3341.7994550164995	0.0	0	0.0	3737.6542972549796	1	0	0.8367038693736457
290312.3623531518	1000.0	3425.2919441029767	0.0	0	0.0	3737.6542972549796	1	0	0.14355668881371653
291795.84982882394	2000.0	2941.8044684308406	0.0	0	0.0	3737.6542972549214	1	0	0.8367038693736814
292240.8744810944	1000.0	3496.7798161603478	0.0	0	0.0	3737.6542972549214	1	0	0.1435566888137363
293200.0	2000.0	3537.654297254744	0.0	0	44.82508120179409	3737.654297254863	1	0	0.8367038693737013
294290.5929639082	2000.0	3447.0613333464494	0.0	0	0.0	3737.654297254863	1	0	1.5298510499336464
296136.6776340287	2000.0	2600.9766632258616	0.0	0	0.0	3737.654297254863	1	0	1.5298510499336464
296784.6134757167	1000.0	2953.0408215378543	0.0	0	0.0	3737.654297254863	1	0	0.1435566888137564
297911.5102769473	2000.0	2826.144020307246	0.0	0	0.0	3737.654297254863	1	0	0.8367038693737013
299160.6842295432	2000.0	2576.9700677112796	0.0	0	0.0	3737.654297254863	1	0	1.5298510499336464
299800.1377858701	1000.0	2937.5165113843673	0.0	0	0.0	3737.654297254863	1	0	0.1435566888137564
300480.47458961495	1000.0	3257.1797076395683	0.0	0	0.0	3737.654297254863	1	0	0.8367038693737016
1.35931914893617	1.40131914893617	1.32931914893617	1.42731914893617	1.58131914893617	1.60731914893617	1.39131914893617	1.57331914893617	1.35931914893617	1.4933191489361701	1.44931914893617	1.59331914893617	1.35731914893617	1.32331914893617	1.34331914893617	1.38531914893617	1.31331914893617	1.46731914893617	1.42731914893617	1.4813191489361701	1.61131914893617	1.64531914893617	1.61331914893617	1.62131914893617	1.7653191489361701	1.5473191489361702	1.61931914893617	1.5373191489361702	1.43331914893617	1.47531914893617	1.5493191489361702	1.4933191489361701	1.5153191489361701	1.5573191489361702	1.4813191489361701	1.44131914893617	1.43131914893617	1.45731914893617	1.4893191489361701	1.41731914893617	1.42731914893617	1.44331914893617	1.61331914893617	1.47531914893617	1.40331914893617	1.41731914893617	1.03	1.42	0.8	0.88	0.67	0.67	1.23	1.02	0.85	0.98	1.25	0.85	1.23	1.36	1.08	1.27	1.63	1.98	2.15	1.88	1.14	1.62	1.81	1.62	1.54	1.64	1.42	1.1	1.33	2.34	2.2	2.05	1.69	1.15	1.7	1.6	1.29	1.07	1.69	1.3	1.55	1.11	1.16	1.37	1.69	2.19	1.71	1.03	0.52	1.0	1.8	2.51	1.32	1.93	1.38	1.32	2.2	1.19	1.18	1.1	1.12	1.36	1.47	0.93	1.04	0.75	1.0	1.14	0.81	0.93	1.58	1.85	1.38	1.05	1.25	1.1	1.44	1.34	0.94	1.26	1.95	1.62	1.53	1.81	1.47	1.22	1.08	1.16	1.81	2.24	1.67	1.09	1.19	1.63	2.55	2.44	1.26	1.44	2.04	1.76	1.17	1.26	2.22	1.37331914893617	1.35931914893617	1.40131914893617	1.32931914893617	1.42731914893617	1.58131914893617	1.60731914893617	1.39131914893617	1.57331914893617	1.35931914893617	1.4933191489361701	1.44931914893617	1.59331914893617	1.35731914893617	1.32331914893617	1.34331914893617	1.38531914893617	1.31331914893617	1.46731914893617	1.42731914893617	1.4813191489361701	1.61131914893617	1.64531914893617	1.61331914893617	1.62131914893617	1.7653191489361701	1.5473191489361702	1.61931914893617	1.5373191489361702	1.43331914893617	1.47531914893617	1.5493191489361702	1.4933191489361701	1.5153191489361701	1.5573191489361702	1.4813191489361701	1.44131914893617	1.43131914893617	1.45731914893617	1.4893191489361701	1.41731914893617	1.42731914893617	1.44331914893617	1.61331914893617	1.47531914893617	1.40331914893617	1.41731914893617	1.03	1.42	0.8	0.88	0.67	0.67	1.23	1.02	0.85	0.98	1.25	0.85	1.23	1.36	1.08	1.27	1.63	1.98	2.15	1.88	1.14	1.62	1.81	1.62	1.54	1.64	1.42	1.1	1.33	2.34	2.2	2.05	1.69	1.15	1.7	1.6	1.29	1.07	1.69	1.3	1.55	1.11	1.16	1.37	1.69	2.19	1.71	1.03	0.52	1.0	1.8	2.51	1.32	1.93	1.38	1.32	2.2	1.19	1.18	1.1	1.12	1.36	1.47	0.93	1.04	0.75	1.0	1.14	0.81	0.93	1.58	1.85	1.38	1.05	1.25	1.1	1.44	1.34	0.94	1.26	1.95	1.62	1.53	1.81	1.47	1.22	1.08	1.16	1.81	2.24	1.67	1.09	1.19	1.63	2.55	2.44	1.26	1.44	2.04	1.76	1.17	1.26	2.22	1.37331914893617	1.35931914893617	1.40131914893617	1.32931914893617
1.0	2.0	3.0	4.0	5.0	6.0	7.0	8.0	9.0	10.0	11.0	12.0	13.0	14.0	15.0	16.0	17.0	18.0	19.0	20.0	21.0	22.0	23.0	24.0	25.0	26.0	27.0	28.0	29.0	30.0	31.0	32.0	33.0	34.0	35.0	36.0	37.0	38.0	39.0	40.0	41.0	42.0	43.0	44.0	45.0	46.0	47.0	48.0	49.0	50.0	51.0	52.0	53.0	54.0	55.0	56.0	57.0	58.0	59.0	60.0	61.0	62.0	63.0	64.0	65.0	66.0	67.0	68.0	69.0	70.0	71.0	72.0	73.0	74.0	75.0	76.0	77.0	78.0	79.0	80.0	81.0	82.0	83.0	84.0	85.0	86.0	87.0	88.0	89.0	90.0	91.0	92.0	93.0	94.0	95.0	96.0	97.0	98.0	99.0	100.0	101.0	102.0	103.0	104.0	105.0	106.0	107.0	108.0	109.0	110.0	111.0	112.0	113.0	114.0	115.0	116.0	117.0	118.0	119.0	120.0	121.0	122.0	123.0	124.0	125.0	126.0	127.0	128.0	129.0	130.0	131.0	132.0	133.0	134.0	135.0	136.0	137.0	138.0	139.0	140.0	141.0	142.0	143.0	144.0	145.0	146.0	147.0	148.0	149.0	149.0	150.0	151.0	152.0	153.0	154.0	155.0	156.0	157.0	158.0	159.0	160.0	161.0	162.0	163.0	164.0	165.0	166.0	167.0	168.0	169.0	170.0	171.0	172.0	173.0	174.0	175.0	176.0	177.0	178.0	179.0	180.0	181.0	182.0	183.0	184.0	185.0	186.0	187.0	188.0	189.0	190.0	191.0	192.0	193.0	194.0	195.0	196.0	197.0	198.0	199.0	200.0	201.0	202.0	203.0	204.0	205.0	206.0	207.0	208.0	209.0	210.0	211.0	212.0	213.0	214.0	215.0	216.0	217.0	218.0	219.0	220.0	221.0	222.0	223.0	224.0	225.0	226.0	227.0	228.0	229.0	230.0	231.0	232.0	233.0	234.0	235.0	236.0	237.0	238.0	239.0	240.0	241.0	242.0	243.0	244.0	245.0	246.0	247.0	248.0	249.0	250.0	251.0	252.0	253.0	254.0	255.0	256.0	257.0	258.0	259.0	260.0	261.0	262.0	263.0	264.0	265.0	266.0	267.0	268.0	269.0	270.0	271.0	272.0	273.0	274.0	275.0	276.0	277.0	278.0	279.0	280.0	281.0	282.0	283.0	284.0	285.0	286.0	287.0	288.0	289.0	290.0	291.0	292.0	293.0	294.0	295.0	296.0	297.0	298.0	298.0	299.0	300.0	301.0
3178.049527689673
