3.830
4.290
3.630
4.370
4.740
3.820
2.710
2.560
2.650
2.780
1.800
1.850
2.390
3.010
3.580
4.150
4.740
4.560
2.730
2.510
2.200
2.330
2.050
2.610
3.010
2.470
1.700
1.260
1.750
1.800
2.210
2.770
2.560
3.010
3.410
3.870
4.560
5.030
3.170
3.360
3.080
2.580
2.150
2.420
2.110
2.720
3.130
3.700
4.120
3.170
3.010
2.460
1.870
1.840
2.420
2.510
2.750
3.130
3.130
2.930
2.780
2.540
3.020
3.370
3.930
3.890
3.930
4.510
3.240
2.940
2.700
3.200
3.530
3.980
4.400
4.190
4.760
4.340
4.400
4.960
4.520
2.870
2.950
2.500
2.310
2.190
2.630
2.440
2.850
3.320
3.490
3.440
3.520
2.730
2.560
3.100
2.910
3.390
3.700
3.500
3.680
3.130
3.640
4.250
4.580
3.800
3.280
3.240
2.880
1.880
2.400
2.970
3.580
3.290
3.080
2.290
1.970
2.320
2.830
2.320
2.180
2.690
3.150
2.880
3.420
3.790
3.890
3.900
4.200
3.140
3.100
3.560
4.190
4.780
5.420
5.000
2.630
1.830
1.660
2.200
2.840
3.370
3.980
3.790
3.100
2.290
2.850
3.430
3.700
3.420
4.080
4.240
3.670
2.700
1.880
2.290
2.840
3.460
3.080
3.630
3.900
4.110
3.900
3.600
3.540
3.060
3.350
3.310
3.130
2.930
2.050
2.510
3.090
3.710
2.950
2.470
3.040
3.650
4.290
4.850
4.250
3.880
3.680
2.690
2.720
3.300
3.790
2.630
2.680
3.220
3.850
4.470
4.030
4.530
4.440
4.160
3.800
3.880
4.380
4.880
4.180
4.910
3.880
4.360
4.870
2.780
2.350
2.900
3.480
2.580
2.400
2.860
2.580
2.280
2.770
2.510
2.150
2.580
2.400
2.860
3.150
2.860
2.140
2.480
2.370
2.840
3.370
3.410
3.390
3.930
4.270
3.720
3.690
3.290
2.090
2.240
2.360
2.850
3.430
2.350
2.290
1.590
1.240
1.610
2.180
2.720
2.470
3.000
2.330
2.130
2.680
3.290
3.170
2.780
2.880
3.420
3.980
4.110
4.320
4.540
4.030
4.410
3.670
4.040
3.580
4.220
4.250
3.460
2.760
2.350
2.870
3.020
3.040
3.460
3.220
2.340
2.710
3.290
3.150
3.420
3.830
4.220
3.720
2.350
2.410
2.990
3.560
4.170
4.360
3.590
3.140
3.720
3.590
4.320
3.060
2.420
3.060
3.600
2.880
2.400
2.700
2.940
3.200
3.580
3.100
3.760
4.080
3.630
4.040
4.410
3.310
2.800
3.020
2.970
3.100
2.920
3.410
3.760
4.300
4.920
3.720
2.680
2.950
2.640
2.700
2.530
1.440
1.730
2.330
2.110
2.150
2.320
2.900
3.510
3.640
3.920
4.260
4.190
3.570
3.210
3.700
4.090
3.610
3.260
2.410
2.990
3.560
3.130
3.070
2.780
2.790
3.040
2.490
2.390
2.940
2.840
3.200
3.050
3.190
3.370
4.080
4.620
4.690
4.490
4.690
3.460
2.020
2.020
2.630
2.540
2.880
2.290
1.740
2.130
2.340
2.850
3.530
3.830
2.180
2.720
3.280
2.420
1.550
2.130
2.680
2.900
2.800
1.950
2.070
2.770
3.150
2.780
3.430
3.510
2.930
1.580
1.680
1.810
1.810
1.560
2.170
2.700
2.760
2.800
2.430
3.000
3.320
2.810
2.680
2.350
2.490
2.630
2.680
2.490
2.910
3.080
2.920
2.950
3.200
3.800
4.330
4.980
5.510
6.570
5.850
5.190
3.880
4.580
5.140
4.380
3.370
3.880
4.440
4.880
3.680
3.640
3.020
3.640
3.940
3.290
2.370
2.220
2.680
3.270
3.860
4.440
4.230
4.340
3.800
2.950
3.260
3.460
2.620
2.090
2.370
2.970
3.610
4.180
3.950
3.350
2.390
2.770
3.350
3.650
3.560
4.000
4.320
4.610
3.980
4.780
4.290
4.460
4.960
3.880
3.530
3.720
4.260
4.880
4.150
4.890
5.210
4.670
4.540
3.510
2.610
2.400
2.360
2.780
3.290
3.560
2.770
2.510
2.510
2.950
3.460
4.080
4.710
3.960
4.630
4.980
5.330
4.370
3.500
3.370
2.190
2.030
2.590
2.370
2.800
3.270
3.390
3.430
3.890
4.290
4.850
5.430
5.900
4.810
3.670
3.460
2.990
2.340
2.650
3.000
2.920
3.370
3.150
3.460
3.270
2.720
2.180
2.250
1.690
1.930
2.490
3.130
3.600
3.220
3.850
4.150
4.670
5.310
5.030
3.170
3.670
3.360
3.560
2.360
2.120
1.680
2.270
2.810
2.560
2.940
3.380
3.490
2.870
2.040
2.150
2.110
1.870
1.750
1.820
1.580
1.610
2.090
2.180
2.400
2.900
3.540
4.100
4.220
3.940
4.460
3.670
2.110
1.230
1.180
1.530
1.670
2.090
2.090
2.440
2.920
3.170
3.310
3.200
2.540
1.880
1.400
1.300
1.840
2.420
2.490
2.360
2.310
2.410
1.520
1.740
2.320
2.770
2.710
2.460
2.540
2.400
2.790
2.920
2.700
2.090
2.200
2.830
3.430
4.010
3.450
3.040
2.640
2.950
3.090
2.910
3.410
3.270
3.370
3.830
3.600
3.990
4.160
2.280
1.900
2.510
3.130
2.930
3.290
3.630
4.190
4.770
5.090
4.980
2.560
2.720
3.310
2.280
2.250
2.830
2.650
3.080
3.480
4.050
4.150
3.270
3.240
3.850
4.260
3.270
2.990
3.530
3.530
3.640
3.960
2.040
1.800
2.440
2.990
2.690
1.640
1.900
2.490
2.800
2.690
3.200
3.630
3.670
3.650
4.150
4.460
5.100
5.630
6.230
5.880
3.880
3.240
3.800
4.260
3.170
3.510
3.610
4.230
4.850
4.530
4.690
5.310
5.370
5.070
5.070
4.950
3.440
2.090
2.360
2.920
2.880
3.200
2.760
3.240
2.850
3.340
2.410
1.760
2.180
2.810
3.430
3.540
2.330
2.050
2.630
3.220
3.150
3.420
3.170
2.110
2.680
3.220
2.610
2.310
2.440
2.320
2.200
2.540
3.150
3.760
4.250
2.810
2.940
1.830
1.530
2.110
2.700
3.280
3.860
4.380
3.960
3.130
2.390
2.760
2.950
2.660
2.930
2.940
2.680
2.250
2.370
2.630
3.130
3.720
3.340
3.080
2.780
3.130
3.340
3.190
3.230
3.700
3.800
3.080
2.250
2.150
1.820
1.970
2.170
2.360
2.770
3.200
3.010
3.510
3.860
4.410
4.050
3.540
2.580
2.210
1.980
2.440
2.830
3.520
4.080
4.740
5.310
5.840
7.450
4.610
4.220
3.600
3.170
2.880
3.040
3.420
3.970
4.550
4.620
3.340
3.510
3.100
3.630
3.940
3.700
3.900
3.420
2.410
2.190
2.770
3.220
2.150
1.240
1.530
2.090
2.660
3.290
3.860
4.760
7.680
8.490
6.320
5.800
5.690
6.530
6.750
4.330
3.530
3.100
2.900
2.770
2.470
2.070
1.530
1.980
1.820
1.470
1.530
2.090
2.650
3.220
3.790
3.720
3.870
4.380
4.240
3.060
2.220
2.640
2.470
1.960
1.900
1.990
1.980
2.540
0.949
0.359
2.560
3.360
3.370
2.570
2.540
3.060
2.900
3.310
3.600
4.110
4.780
5.320
5.280
5.050
5.800
5.930
6.260
5.730
3.720
3.200
3.670
3.310
2.920
3.150
3.720
4.260
4.010
2.990
3.200
2.480
2.190
2.430
2.470
2.680
3.030
3.560
3.240
3.700
4.030
4.080
4.290
4.620
3.600
2.770
2.360
2.350
2.110
2.370
2.130
2.540
2.980
3.580
4.190
4.740
3.170
3.010
3.530
3.750
3.210
1.980
1.560
1.330
1.070
1.120
1.700
2.310
2.910
3.490
4.240
4.710
5.370
5.820
5.970
4.580
2.720
2.180
2.720
2.350
1.900
0.973
1.310
1.960
2.530
2.440
2.830
3.150
3.790
4.400
4.250
4.450
4.960
5.090
4.490
4.660
3.170
3.380
3.960
4.530
5.170
5.370
4.950
5.730
5.650
4.030
2.760
3.260
3.790
4.430
4.010
4.580
4.920
4.550
3.940
2.610
3.120
3.710
3.600
3.950
4.240
3.490
4.150
4.150
2.790
2.870
3.480
3.560
3.170
2.400
2.680
3.220
2.490
2.340
2.210
2.530
2.260
2.610
2.190
2.690
3.100
3.210
2.840
2.650
3.200
3.830
4.010
3.920
4.490
3.850
3.240
2.990
2.270
2.720
3.350
2.980
2.610
3.060
3.650
3.240
3.800
4.070
4.390
3.900
4.650
4.780
5.050
4.530
4.240
4.260
4.740
5.350
4.580
4.680
3.880
3.480
4.010
4.650
4.150
4.690
4.240
4.670
4.830
3.370
2.610
2.500
3.100
3.680
3.380
3.860
4.080
4.190
3.800
3.650
3.790
4.400
4.980
5.240
4.650
3.810
4.260
4.680
2.650
2.270
2.200
2.090
2.120
2.430
2.290
2.470
2.630
3.290
3.300
3.430
3.880
3.890
3.720
4.240
3.700
3.900
3.140
2.350
2.140
2.050
2.460
2.220
2.610
3.000
2.640
3.240
3.650
4.230
3.790
4.200
3.570
3.380
2.900
3.080
3.600
4.220
4.850
5.240
4.330
3.780
4.240
3.810
4.360
2.850
2.040
2.610
3.220
3.810
3.890
3.710
3.260
3.170
2.030
1.930
2.360
2.850
3.480
3.230
3.570
3.820
3.880
3.790
3.370
3.580
3.360
3.820
3.410
3.890
2.930
2.650
2.610
2.940
2.610
2.200
2.120
2.340
2.680
2.780
2.830
1.920
2.110
2.710
3.290
3.880
4.530
5.310
6.850
6.450
5.140
4.670
4.220
3.830
2.240
2.270
2.840
3.370
4.020
4.620
5.480
7.080
5.640
4.550
3.720
3.060
3.530
3.520
2.280
2.260
1.660
2.100
2.630
3.200
3.670
3.490
3.440
2.360
2.870
3.410
3.220
3.680
3.070
3.780
3.200
3.150
2.430
2.580
3.210
3.590
2.400
2.060
2.400
2.930
2.580
3.170
3.010
2.490
2.580
3.170
3.520
1.810
1.760
1.730
1.910
2.120
2.590
2.510
2.920
2.800
2.810
2.580
2.540
2.860
3.100
2.550
2.370
2.900
3.030
3.410
2.990
3.130
3.630
4.290
3.890
4.030
3.170
2.840
2.720
2.470
2.200
1.680
2.090
2.730
3.340
3.220
3.510
3.830
4.270
4.920
4.310
4.080
4.030
4.550
5.150
5.760
6.380
5.370
3.730
3.480
3.380
3.280
3.790
4.380
4.150
4.510
4.900
5.170
5.760
4.980
3.540
3.060
3.530
4.120
4.760
5.360
5.940
6.870
7.940
4.770
3.680
2.850
2.870
3.170
3.430
3.760
3.900
3.210
2.720
2.610
2.420
2.880
3.320
3.880
4.530
5.120
5.730
7.190
4.670
3.530
2.800
2.990
3.340
3.740
3.960
2.570
2.280
2.850
3.480
4.080
3.650
4.190
4.510
4.090
3.010
2.560
3.080
3.700
4.050
4.850
5.410
5.370
5.550
5.830
5.020
5.430
5.940
6.590
7.180
7.510
5.730
3.300
2.950
2.020
2.390
2.210
2.560
2.950
3.510
3.860
2.900
2.220
1.900
2.320
2.780
3.360
3.600
3.650
3.560
3.240
3.740
3.870
3.860
4.380
4.650
5.210
4.870
4.400
4.260
4.710
4.620
4.690
4.170
3.370
3.450
3.390
2.700
2.940
3.520
4.150
4.770
5.400
5.110
5.600
3.920
3.740
4.220
4.260
3.280
3.060
3.610
3.370
3.810
4.080
4.550
4.880
4.310
4.770
4.170
4.590
4.080
4.690
4.960
4.600
4.610
4.190
4.220
4.690
5.270
4.620
3.480
3.940
4.520
5.070
5.320
3.020
1.950
1.630
1.800
2.140
2.140
1.600
2.090
2.720
3.310
3.430
2.830
2.930
3.460
3.040
3.720
3.880
3.390
3.960
4.260
4.870
3.760
2.470
2.550
3.060
2.200
1.610
1.600
1.820
1.760
2.150
2.340
2.900
3.280
2.110
1.820
2.270
2.790
2.700
2.310
2.680
3.200
3.870
4.450
2.870
2.110
2.210
1.850
2.240
2.810
3.390
3.270
3.600
3.290
3.480
3.020
2.250
2.790
2.680
3.010
3.320
3.930
3.650
4.050
4.330
3.100
2.680
3.220
2.970
2.310
2.130
1.680
1.680
1.660
1.560
1.900
2.360
2.940
3.530
2.580
2.390
2.210
2.270
2.510
2.900
3.480
4.050
4.240
3.130
2.270
2.760
2.580
2.810
3.220
3.290
2.830
2.920
2.930
3.200
2.780
3.340
3.460
2.650
2.610
3.150
3.040
3.360
3.670
4.150
4.710
5.330
5.950
5.440
5.900
6.430
6.530
6.590
3.380
2.550
2.530
3.080
3.650
4.290
4.390
4.240
4.850
2.950
1.950
1.220
1.690
2.240
2.900
3.490
3.700
3.440
3.190
2.730
3.220
3.560
4.170
3.830
3.810
3.850
3.700
3.630
2.930
3.260
3.810
4.400
5.030
5.140
3.610
3.710
3.280
2.640
2.420
2.020
1.410
1.310
1.730
2.330
2.880
2.580
3.170
2.990
2.940
3.530
3.430
3.560
3.960
4.240
4.830
4.690
3.630
3.930
4.530
3.320
3.000
2.620
2.200
2.720
3.170
2.840
3.460
3.700
3.700
3.390
3.130
3.070
3.320
3.430
3.100
3.580
3.920
4.540
4.080
4.580
4.910
4.610
4.190
3.800
4.220
4.600
4.380
4.900
5.210
5.030
4.760
3.790
3.300
3.060
3.360
3.440
2.150
2.490
3.100
3.760
4.310
4.960
5.680
5.980
5.660
5.100
4.260
4.240
3.590
2.480
2.180
2.540
2.880
3.460
3.970
3.580
4.220
4.390
4.920
5.550
4.710
3.370
3.000
3.130
3.220
2.790
2.980
2.950
3.270
3.580
3.200
2.800
1.950
1.870
2.400
2.950
3.560
4.170
3.170
2.060
2.420
3.040
3.610
4.200
4.810
6.140
7.190
4.340
3.880
3.570
2.190
2.510
3.100
3.670
3.780
3.780
2.640
2.530
3.130
3.670
4.270
4.920
4.290
3.420
2.090
1.630
1.560
1.900
1.770
2.180
1.530
1.250
1.820
2.420
2.630
2.650
2.390
2.630
2.870
2.750
2.900
2.910
2.040
2.090
2.700
3.300
3.880
4.170
3.850
3.540
3.730
4.290
3.900
3.300
2.720
3.040
3.630
4.220
3.790
4.330
4.220
4.010
3.790
2.990
3.130
3.420
2.920
3.050
2.190
1.730
1.710
1.780
2.110
2.650
2.560
2.900
3.270
3.850
3.930
3.860
4.410
3.130
2.680
2.400
2.560
2.610
3.000
3.490
4.080
4.440
3.950
4.700
3.220
2.320
2.840
3.390
4.020
4.490
4.020
3.720
3.520
2.310
2.200
1.920
1.750
2.110
2.610
3.150
3.820
4.400
4.660
4.300
3.810
2.940
3.240
3.850
4.180
3.120
2.720
2.900
2.830
2.760
3.150
3.580
4.190
4.410
3.480
3.440
3.340
3.920
4.050
4.310
3.860
4.320
4.710
4.920
5.280
4.530
3.460
3.290
3.900
3.780
3.630
2.200
2.680
3.340
3.920
4.540
5.120
5.410
4.080
4.310
4.760
4.450
4.320
2.580
2.360
2.940
3.370
3.070
3.420
2.530
2.570
2.510
2.950
2.900
2.920
1.730
1.070
1.590
2.200
2.270
2.470
2.840
2.970
3.420
3.070
3.420
3.530
3.880
3.600
4.050
3.580
3.100
2.680
3.310
3.500
3.190
2.920
2.790
3.010
2.460
2.280
2.560
2.360
2.650
2.710
2.400
2.660
3.060
3.510
2.370
2.030
1.120
1.440
2.020
2.610
3.130
3.060
2.770
2.870
3.270
2.850
2.000
2.190
2.790
3.340
3.190
3.590
3.890
4.310
4.170
4.440
4.920
4.520
4.770
4.440
2.660
2.350
2.850
3.450
4.050
4.620
4.420
5.050
5.240
5.000
3.670
3.340
3.870
4.310
4.770
4.040
3.050
2.970
3.510
3.220
2.680
1.810
1.890
2.020
2.260
2.650
3.290
2.860
3.130
2.350
2.420
2.630
2.700
3.130
3.560
3.540
3.000
3.090
3.240
3.160
2.720
3.170
3.790
4.400
4.980
4.690
4.900
5.410
5.030
4.630
5.340
5.510
4.710
3.370
3.000
3.460
4.080
4.100
4.170
3.760
3.810
4.120
3.890
3.050
2.170
1.970
2.150
2.480
3.080
3.630
4.120
3.720
3.270
3.010
3.240
3.510
3.850
4.030
3.640
2.330
2.560
3.170
3.270
3.420
3.760
2.850
2.500
2.990
3.170
3.310
3.740
3.530
3.530
2.990
2.430
2.920
3.530
3.740
3.510
4.120
4.380
4.920
4.250
4.590
3.200
1.740
1.990
2.500
3.150
3.710
4.290
4.760
5.350
5.930
5.240
5.510
6.140
6.350
6.610
7.010
6.280
6.070
4.620
3.700
3.670
4.150
4.190
