13.000
5.690
7.530
11.500
14.400
15.900
20.100
17.600
13.700
13.400
9.770
13.300
7.510
5.490
8.210
15.100
21.400
15.300
8.540
8.600
8.560
7.340
6.320
6.560
10.700
5.330
6.450
9.600
12.100
14.700
13.500
14.300
12.000
11.500
8.990
11.500
9.450
8.120
10.500
12.000
12.200
7.300
7.250
9.700
9.740
12.400
18.000
14.500
13.400
8.650
6.510
7.620
7.470
7.890
12.700
12.700
9.550
11.800
8.220
11.900
7.390
6.640
8.220
5.440
7.870
13.900
13.500
11.100
5.610
8.340
8.820
8.200
10.100
11.100
13.000
9.140
10.400
8.920
11.900
18.300
10.200
9.110
15.500
13.700
9.590
10.700
9.080
8.200
11.800
9.110
12.100
11.000
14.400
12.200
8.800
11.800
12.000
10.200
8.840
10.100
7.780
7.190
11.400
10.700
6.300
6.570
9.090
10.900
11.700
13.600
12.500
15.000
13.100
12.000
15.800
15.700
6.600
7.450
12.900
9.580
7.430
7.610
9.220
11.900
12.500
11.900
13.400
14.900
10.700
7.730
4.520
6.410
8.100
7.030
8.280
10.200
9.930
12.700
10.600
10.300
12.400
8.600
7.740
8.730
9.680
11.000
14.300
16.700
9.200
9.530
8.940
9.720
9.170
7.970
6.070
11.100
9.580
5.770
8.490
11.500
11.700
8.950
8.070
9.890
6.240
7.490
9.810
10.700
11.100
9.160
9.160
11.300
9.800
6.860
9.640
5.430
5.850
10.800
7.380
6.420
10.000
13.200
17.100
15.200
13.300
8.170
9.940
9.380
9.740
6.480
7.590
14.100
16.100
12.200
9.700
9.550
10.700
12.600
10.900
8.930
11.400
11.400
8.190
12.500
13.200
10.400
16.000
15.700
10.800
8.210
10.800
9.990
15.900
11.900
13.100
8.970
8.560
9.750
9.640
8.390
7.990
6.610
10.200
10.800
10.700
9.570
10.400
14.700
13.200
17.000
8.710
8.870
8.530
7.610
8.310
9.490
16.000
16.200
11.800
13.700
13.200
15.300
8.640
10.100
10.800
14.100
10.700
11.100
9.590
15.200
9.310
7.490
11.600
11.800
8.860
11.500
5.440
5.030
6.070
6.490
9.390
13.700
11.800
8.480
6.660
10.200
13.000
11.200
16.000
7.520
11.700
18.100
20.900
15.000
7.630
5.660
9.060
14.400
8.910
11.800
10.100
11.800
14.300
18.300
13.700
9.050
9.280
11.600
14.500
7.090
8.170
12.300
13.000
11.100
11.800
14.200
8.220
8.770
8.770
12.700
8.680
10.600
8.220
8.220
10.300
12.700
7.770
9.080
13.500
11.700
8.530
7.150
8.800
7.720
9.820
6.320
4.920
5.860
7.820
11.400
13.400
13.800
7.110
7.960
10.600
10.700
11.100
7.670
8.980
12.900
12.700
5.690
8.280
13.700
12.600
15.400
8.840
14.800
13.600
7.680
11.400
11.000
13.300
10.500
9.050
10.500
10.700
11.100
15.500
15.100
11.900
9.570
11.500
11.600
10.600
13.000
12.600
10.100
7.590
7.040
6.930
8.440
6.170
8.430
7.700
9.820
8.870
11.300
15.200
10.400
15.200
14.200
10.700
11.700
12.400
13.600
13.700
11.200
12.500
13.600
9.340
8.680
6.500
7.020
6.810
8.750
14.400
15.300
12.000
12.800
13.900
12.900
8.940
9.710
11.900
11.000
14.300
15.600
12.000
7.430
6.060
8.240
11.400
15.500
12.600
12.200
15.600
21.400
8.630
9.200
12.300
15.500
5.910
9.290
5.730
8.060
9.350
10.100
6.170
8.320
9.270
13.000
12.000
12.300
10.800
9.500
7.150
6.320
10.400
14.200
10.600
10.700
13.600
12.900
15.200
6.430
10.900
16.300
12.600
12.200
9.240
9.060
6.660
7.070
13.000
16.300
17.200
15.200
13.900
14.800
10.800
8.330
11.900
16.500
12.000
9.880
9.340
8.860
13.000
11.100
12.500
13.100
12.300
9.670
8.610
8.580
10.700
15.700
16.000
20.500
5.330
7.680
9.130
15.600
10.100
10.200
7.270
7.770
9.890
12.100
9.440
9.550
12.000
9.300
7.440
11.500
9.290
7.260
7.120
8.430
12.800
13.500
12.400
11.200
11.500
6.720
10.400
12.400
9.960
14.700
13.500
6.440
8.850
6.860
5.560
6.750
7.940
9.560
7.250
4.760
5.600
5.630
9.820
10.500
9.610
8.920
9.220
7.210
11.800
13.400
12.000
11.800
12.000
10.800
11.700
13.900
11.900
12.300
10.300
10.400
14.100
15.800
17.100
12.200
6.780
10.200
16.800
14.200
13.000
11.300
10.100
12.700
10.200
10.400
7.360
7.410
9.730
10.100
9.870
11.900
11.600
12.800
12.100
12.700
11.100
11.300
11.300
6.890
6.590
9.090
8.620
7.900
7.780
7.510
6.530
6.370
10.000
10.300
6.090
9.130
15.400
14.800
9.290
8.440
9.780
10.600
7.960
7.810
10.500
12.400
7.040
10.600
8.050
7.250
11.300
6.930
4.620
6.260
9.120
7.560
8.910
6.000
6.950
9.700
8.780
8.690
9.280
10.800
17.600
14.600
17.700
14.200
9.720
8.510
9.650
13.100
18.700
17.400
10.600
8.940
11.500
7.750
9.610
11.800
8.620
4.910
8.360
10.200
11.100
13.700
10.400
10.700
13.900
15.800
13.400
9.790
13.500
11.700
8.880
14.500
20.900
10.400
8.920
9.360
11.500
12.300
11.600
13.000
10.100
6.940
12.300
12.900
9.060
12.100
13.800
15.800
13.900
10.300
11.200
7.320
11.200
17.500
15.800
8.480
6.130
8.780
13.300
11.700
8.840
5.880
5.440
8.560
13.200
9.450
7.310
7.390
10.500
11.300
7.760
10.900
13.300
10.800
14.000
14.200
10.200
7.340
7.480
9.230
12.200
9.150
8.700
10.500
10.500
8.770
7.960
12.900
18.300
9.850
10.000
6.590
5.510
5.410
7.660
7.510
10.000
10.500
12.100
15.500
8.900
8.420
11.100
13.000
13.800
8.920
9.520
12.800
9.410
10.100
7.190
8.620
11.500
7.540
11.800
9.350
11.600
14.500
9.750
7.660
6.450
6.080
10.900
15.700
13.500
13.000
14.900
18.600
19.700
14.600
10.400
13.000
15.200
17.900
14.900
16.000
17.500
15.700
13.300
8.070
8.380
6.190
8.170
14.500
16.700
13.700
10.900
9.170
9.000
10.600
16.000
10.400
11.100
15.300
15.100
17.600
15.400
8.030
8.210
7.190
7.710
7.900
6.740
9.340
14.600
13.600
8.710
11.800
11.700
8.190
4.840
9.500
9.850
12.400
13.900
13.500
14.700
8.730
10.200
5.310
6.210
7.030
8.310
13.400
11.100
11.200
10.000
12.900
17.700
23.600
18.400
15.900
20.600
13.300
12.800
16.000
12.600
10.300
7.840
10.700
11.900
13.200
11.500
14.300
16.300
8.020
6.160
9.360
11.900
9.510
6.390
9.530
7.170
8.480
9.050
11.200
10.100
10.200
8.320
6.900
6.600
10.900
10.500
5.400
7.110
9.700
16.100
20.400
18.300
19.800
14.700
15.400
9.780
10.600
12.500
11.000
7.340
7.620
10.400
8.420
13.200
18.000
15.600
12.100
7.480
11.300
8.490
10.600
6.090
5.440
7.700
7.390
10.500
12.000
8.760
8.570
10.200
10.500
11.800
10.000
4.840
4.590
6.540
7.270
11.300
8.820
11.700
11.900
10.400
7.460
12.800
12.900
12.800
15.800
22.300
16.800
12.100
11.800
14.200
11.900
15.300
12.100
12.800
11.900
10.500
10.300
14.000
12.300
14.600
11.000
8.820
7.470
6.700
5.920
8.730
9.630
5.900
10.100
13.500
7.880
11.700
7.320
7.270
4.800
7.900
14.800
10.100
10.400
5.140
9.020
8.840
9.490
9.350
8.660
7.430
6.570
6.300
7.600
9.050
11.800
12.600
7.440
8.070
8.800
8.210
11.100
16.600
13.000
9.770
10.800
12.500
12.000
10.200
8.910
12.000
14.100
12.500
14.800
12.800
12.200
11.900
15.500
13.900
11.400
5.570
7.980
13.800
9.920
10.800
6.120
10.900
14.400
7.680
8.160
9.190
10.500
9.770
5.850
8.610
6.670
9.520
5.140
6.710
12.900
16.800
19.300
20.200
7.910
11.800
18.500
11.200
13.500
12.500
7.210
9.930
8.930
10.100
10.200
12.600
9.940
11.200
15.300
10.300
6.390
9.040
8.280
11.500
13.100
9.680
13.300
12.700
17.900
9.330
8.730
15.100
13.100
11.300
8.720
7.440
9.220
13.800
11.500
14.000
13.800
9.570
10.300
10.400
9.530
15.700
17.900
15.500
15.800
11.700
12.000
13.900
11.100
9.820
10.800
10.200
9.280
7.800
5.820
7.410
11.200
8.160
7.750
11.500
13.600
8.910
8.200
6.560
6.040
7.290
6.260
7.310
8.020
5.490
5.270
9.070
9.260
10.300
10.900
7.040
6.800
10.600
9.580
6.320
8.620
14.100
19.300
12.300
5.040
5.430
9.360
11.200
11.100
17.100
16.300
16.100
15.700
11.300
5.470
9.070
13.500
13.300
8.930
6.450
6.970
10.600
14.100
17.800
20.200
10.600
6.160
6.100
9.890
11.400
10.200
11.700
10.800
7.630
10.200
8.160
8.800
13.200
9.870
8.600
11.100
8.020
9.050
7.910
6.120
7.820
12.600
12.500
10.100
7.340
13.300
16.500
13.000
9.190
10.700
13.700
9.110
10.400
10.000
10.100
7.390
7.910
10.700
11.200
10.500
9.220
7.670
9.220
8.390
8.320
11.200
11.400
13.000
5.120
7.510
9.550
10.600
12.700
9.720
7.530
8.630
10.100
9.970
8.240
13.000
18.100
12.900
12.900
12.000
12.000
14.700
13.600
12.700
11.100
9.010
8.630
9.570
11.800
14.500
15.100
12.800
7.370
7.510
6.730
6.480
6.490
9.580
8.780
12.000
15.800
17.700
15.800
12.800
14.000
10.300
8.910
9.190
6.740
7.160
6.490
7.210
9.440
14.600
11.800
12.600
13.700
8.950
7.090
9.090
11.500
11.400
6.560
6.410
6.930
5.910
5.900
6.420
12.600
14.900
9.920
8.630
12.400
16.500
16.400
13.000
12.600
15.300
10.700
8.990
12.900
12.100
14.800
6.950
6.450
7.080
6.730
8.040
6.480
12.100
11.900
6.610
8.060
10.300
12.700
17.300
11.300
11.700
11.500
15.500
9.940
10.900
9.610
12.200
7.900
7.480
7.480
9.800
14.400
9.810
13.200
13.600
11.300
13.700
17.600
14.200
13.500
11.000
8.530
7.980
8.840
9.730
12.000
7.970
10.600
7.800
8.600
11.700
9.420
13.800
11.800
14.500
12.000
17.000
18.300
11.600
9.790
8.530
14.200
13.300
9.580
9.720
6.480
8.290
11.200
7.940
12.200
12.700
10.500
16.100
17.400
18.700
13.700
6.190
9.000
10.700
16.400
13.100
8.880
9.660
10.500
12.600
6.600
9.750
11.200
14.100
9.270
15.400
17.400
8.400
9.900
9.420
10.200
11.200
10.100
9.050
6.890
6.650
11.000
15.000
7.260
7.650
12.600
18.900
13.900
6.510
8.280
9.680
11.800
5.680
6.800
6.860
4.890
6.920
10.600
12.300
9.140
11.700
11.200
11.800
9.120
6.810
9.550
13.600
12.300
14.900
15.100
11.100
8.880
8.480
9.880
13.100
11.800
9.530
9.930
8.540
8.430
12.300
11.100
12.400
13.600
13.100
7.770
10.500
13.300
15.900
13.000
13.700
12.500
15.000
9.340
10.400
12.200
9.790
12.500
10.900
10.300
8.500
9.210
9.460
8.980
11.300
11.000
13.100
10.100
11.900
11.100
10.600
9.920
13.900
15.000
7.490
8.240
10.700
15.000
16.800
14.300
13.800
14.200
9.650
12.200
9.460
11.200
17.200
10.900
10.300
15.700
13.200
6.160
9.640
11.600
6.940
7.080
7.950
7.800
9.300
5.500
7.480
11.800
10.700
9.900
9.810
11.600
9.420
9.610
9.730
9.000
11.900
13.700
9.160
10.300
6.800
8.650
11.900
10.500
6.950
8.380
9.560
16.200
14.600
9.090
12.900
11.900
8.990
9.730
10.400
16.400
12.600
10.100
15.800
16.200
10.400
12.100
15.500
15.800
11.600
13.100
19.400
13.900
12.300
14.800
12.000
9.460
10.600
5.690
7.380
6.310
7.320
9.730
10.600
10.000
14.400
12.800
8.030
8.290
8.130
8.400
6.670
7.220
8.400
9.390
10.500
13.300
11.600
13.900
21.100
23.600
7.970
10.600
10.100
13.000
11.000
10.300
7.190
8.200
10.800
9.580
11.400
14.200
8.410
7.870
10.400
10.800
15.300
8.840
8.480
10.900
9.860
9.600
8.770
11.500
9.900
10.300
11.600
15.000
12.500
14.000
9.000
13.500
14.100
16.700
11.700
9.810
9.080
7.660
6.580
7.670
7.990
10.400
10.800
9.940
11.400
15.600
11.000
11.400
11.600
9.150
8.830
11.800
12.600
13.400
12.400
10.700
9.230
11.200
7.380
9.670
11.000
12.500
12.300
11.800
16.000
13.500
8.800
10.300
14.100
13.400
15.700
18.000
12.300
11.500
11.400
8.870
6.900
12.500
13.100
10.200
6.010
8.240
11.400
10.200
8.210
11.200
12.800
13.600
16.800
7.370
9.290
7.000
8.780
9.970
12.700
8.190
8.350
11.000
12.000
12.400
11.600
17.700
23.200
16.000
10.700
11.600
10.400
12.900
12.700
14.400
9.120
5.650
10.000
10.400
10.600
8.210
8.860
10.000
12.200
10.700
15.100
13.100
9.870
12.600
11.400
10.700
8.650
5.270
8.180
11.700
7.710
11.500
15.600
9.720
10.100
9.350
7.030
6.850
10.200
14.400
8.440
8.220
9.010
12.200
10.200
10.700
8.930
6.560
7.680
8.600
12.800
10.400
8.870
13.100
6.000
7.890
12.400
10.700
12.200
14.200
12.600
12.000
13.900
7.850
5.600
8.560
9.420
13.300
11.700
11.400
10.300
9.420
10.900
13.800
8.850
9.080
15.200
18.600
14.000
10.200
10.500
10.800
10.700
8.400
13.000
13.100
10.400
12.300
16.200
12.300
13.800
11.500
12.300
13.900
18.200
16.600
13.100
15.200
13.500
14.900
10.700
7.430
8.400
6.680
7.910
6.880
12.200
8.620
12.800
9.950
9.220
7.190
9.280
6.340
7.850
11.500
8.340
9.050
10.400
8.180
11.400
8.130
5.630
6.960
6.050
7.620
8.800
13.700
11.100
6.270
9.410
13.600
10.900
9.190
7.260
12.100
11.100
8.160
6.540
5.210
5.340
5.260
5.350
8.980
11.100
7.800
7.780
9.050
9.930
15.800
10.400
14.200
12.600
6.640
9.150
9.860
7.190
7.760
10.500
11.100
11.800
9.170
7.110
9.170
8.700
8.880
6.630
6.770
9.680
9.700
13.900
15.300
17.400
17.600
11.500
6.370
8.710
13.300
7.630
8.840
6.740
7.100
9.650
10.400
13.800
13.500
7.070
8.780
11.700
15.500
12.100
7.900
10.500
10.300
10.500
13.300
19.500
11.500
15.200
16.600
22.600
14.500
8.290
5.690
8.790
10.200
9.370
12.300
12.700
17.500
15.200
12.100
10.600
10.900
6.780
8.200
11.600
16.500
19.700
16.100
18.100
11.100
8.630
12.100
15.300
16.100
11.800
7.620
11.700
13.400
15.500
10.500
15.300
13.000
10.900
10.400
13.300
10.600
6.390
10.900
15.900
10.600
7.010
11.100
13.800
10.000
14.300
9.670
7.110
7.370
6.230
5.820
6.560
7.260
10.100
16.700
16.100
12.000
13.900
13.800
15.300
11.200
15.700
12.800
12.600
9.810
12.400
15.400
10.700
17.300
14.700
7.470
7.810
6.270
9.560
9.530
8.600
7.810
8.280
8.720
10.500
13.800
8.750
10.900
8.570
8.040
12.000
8.880
10.600
9.450
7.160
10.900
9.510
9.040
7.820
13.500
11.500
9.990
13.100
10.900
13.800
10.800
10.100
7.970
7.780
6.630
8.040
8.870
8.570
9.210
11.000
9.110
11.800
6.050
7.820
10.800
9.950
7.840
9.260
12.500
10.500
8.340
10.600
8.600
10.500
7.140
9.550
15.100
11.400
12.700
13.900
12.100
10.200
11.300
11.000
12.500
15.000
16.500
10.400
16.300
13.900
16.200
8.330
11.400
9.020
9.920
5.250
7.440
9.820
16.200
19.900
8.750
10.200
11.800
8.260
6.990
8.330
9.560
12.200
6.380
8.560
12.700
11.600
12.300
12.600
11.700
8.000
7.740
8.090
10.600
6.950
9.350
9.720
9.000
10.300
12.000
13.200
12.300
9.460
8.870
10.600
12.700
14.000
13.600
13.200
11.500
14.000
11.400
9.970
8.880
11.800
13.100
9.810
8.490
9.460
7.430
8.390
7.880
12.600
12.000
15.600
12.400
14.500
10.600
10.100
9.380
14.400
11.400
11.400
11.000
9.220
5.430
9.300
11.000
13.400
12.300
8.170
6.530
6.140
7.510
9.230
10.300
9.200
6.460
10.900
10.000
15.600
13.900
7.290
10.400
14.200
15.800
12.700
17.100
11.000
11.900
9.640
11.000
14.400
9.110
