9.800
8.780
10.900
8.480
8.310
6.210
4.980
7.100
12.500
10.900
10.600
6.220
8.170
12.700
13.800
11.900
9.410
11.700
13.800
13.900
18.400
24.800
20.000
9.460
10.200
8.500
9.700
11.000
11.300
9.020
14.400
15.300
20.200
13.100
8.330
7.730
10.300
8.820
9.430
11.200
12.700
12.300
10.300
10.900
9.280
8.980
9.420
11.400
9.570
13.900
11.600
9.810
12.000
13.600
12.600
14.800
14.600
11.800
9.170
7.540
13.400
12.800
9.020
10.400
13.200
16.700
17.700
13.200
6.900
9.520
13.900
12.300
13.300
9.050
6.960
8.790
10.700
12.800
7.820
9.150
8.060
7.530
7.550
7.230
10.500
13.600
15.300
12.500
8.990
8.530
12.100
10.200
10.900
9.870
7.430
12.800
8.680
8.260
6.310
6.920
7.110
10.800
6.080
6.490
9.430
11.200
15.200
10.900
9.940
13.800
12.400
12.100
9.900
10.100
14.500
13.600
9.600
7.590
9.160
13.500
15.200
8.030
9.870
7.090
5.360
11.300
13.000
7.340
5.420
9.460
8.020
6.320
10.200
12.400
10.500
10.300
12.700
12.200
14.700
7.490
8.330
11.700
13.600
8.970
5.780
7.160
13.700
20.100
20.000
9.720
7.010
7.560
5.060
9.450
8.770
7.150
8.690
9.880
8.610
6.530
6.170
10.900
11.800
9.720
8.060
7.890
7.560
6.820
5.870
8.870
6.710
8.020
5.250
7.360
6.060
11.400
10.300
14.200
15.500
11.200
7.770
8.980
9.500
8.070
9.000
12.900
16.600
16.900
10.300
7.600
8.210
9.150
11.900
14.300
10.500
13.500
9.170
9.920
11.800
10.600
10.100
8.260
11.700
10.700
8.750
10.000
8.330
6.780
9.900
11.200
10.900
10.200
7.950
12.700
12.100
9.460
10.400
11.600
11.600
8.200
13.300
14.400
15.500
15.200
10.000
6.480
6.340
7.780
11.400
7.850
8.030
8.170
11.000
12.000
12.200
9.550
7.080
10.100
11.400
10.400
6.640
6.720
8.020
12.400
10.600
9.500
10.800
9.730
9.630
8.430
7.670
9.480
12.400
9.370
6.800
9.740
10.100
15.400
11.900
4.660
7.780
7.610
7.940
7.230
7.750
8.160
11.800
11.500
9.680
8.630
4.200
6.590
8.760
9.860
10.100
11.500
11.400
9.230
11.200
15.700
16.500
16.700
10.800
5.190
8.050
6.720
9.970
9.860
15.000
17.000
18.500
11.100
9.270
7.560
8.470
9.060
8.140
9.560
10.100
9.660
7.000
7.390
6.590
7.800
9.660
10.600
9.560
9.520
9.390
7.140
6.960
6.390
6.310
8.560
10.300
8.360
8.650
13.800
8.210
10.100
9.360
11.500
9.040
11.400
11.600
18.000
17.600
12.000
12.600
12.700
14.000
15.500
9.640
8.800
8.000
9.560
13.500
9.830
10.100
8.850
11.100
12.900
9.380
10.600
8.940
7.890
9.880
12.600
10.500
11.600
17.700
15.400
9.240
10.800
7.970
8.820
10.500
8.380
8.350
14.100
16.900
8.070
12.800
8.660
6.920
7.650
7.910
10.400
6.560
6.680
10.300
9.810
13.100
9.450
12.500
12.000
7.360
9.670
10.500
12.000
8.430
7.450
5.400
8.460
9.570
8.570
6.640
9.050
15.100
16.000
16.900
14.800
7.530
8.380
8.250
6.650
8.050
5.210
8.170
11.500
10.900
8.380
7.580
7.150
9.510
8.910
13.100
14.900
7.020
9.370
7.580
10.600
14.600
8.790
8.940
8.120
5.530
7.320
7.880
9.420
6.090
9.240
9.780
11.400
9.950
10.900
13.500
7.040
5.290
9.960
13.100
16.100
10.500
7.520
7.040
10.100
8.540
11.300
13.800
12.500
9.750
10.000
5.710
7.890
7.470
4.180
5.400
8.440
7.900
7.560
10.700
13.300
9.550
13.800
10.800
11.500
9.640
6.380
11.600
11.700
9.640
10.400
8.240
10.300
10.800
12.900
12.500
12.200
12.600
15.300
11.100
9.670
10.600
9.390
9.240
8.330
10.600
7.870
10.600
8.550
8.470
8.750
12.500
9.740
14.000
15.700
17.500
18.700
12.700
8.250
6.870
9.410
11.000
7.780
9.230
8.690
12.500
15.500
10.600
9.920
13.700
6.440
12.200
11.400
9.420
8.090
12.300
17.300
10.400
9.170
12.200
7.920
7.620
9.460
7.810
9.450
3.080
5.980
8.700
6.970
8.980
9.460
14.200
12.200
9.630
9.090
9.790
13.100
8.550
7.670
12.500
10.900
10.900
8.000
8.990
8.990
10.000
6.540
12.200
10.500
8.860
10.700
9.010
12.000
10.100
12.200
9.890
12.400
14.500
11.400
10.800
7.240
7.230
5.630
6.420
7.660
8.750
12.400
11.700
11.200
11.500
10.600
14.200
13.000
10.100
12.900
16.200
13.900
7.690
7.760
8.220
6.790
7.960
8.900
7.890
7.900
11.000
12.600
10.400
6.780
7.670
10.700
16.100
8.990
6.960
8.050
10.500
12.400
14.500
7.740
12.200
9.730
6.720
7.840
11.400
14.800
14.500
8.220
10.100
5.530
8.100
7.180
9.280
7.260
10.300
5.110
5.190
7.140
8.050
10.100
9.950
5.000
4.990
9.120
12.500
15.200
16.800
11.200
8.560
11.300
13.100
12.000
11.800
10.600
16.900
21.100
10.500
13.400
15.600
13.400
11.200
11.400
10.100
13.000
14.400
14.400
15.300
13.000
12.500
12.500
7.340
12.000
12.200
9.900
12.100
8.950
9.460
12.700
13.700
10.600
10.900
12.900
9.240
8.880
8.030
6.120
8.840
13.500
6.230
8.980
11.100
9.550
16.000
13.800
13.600
8.100
5.920
6.130
6.630
11.200
11.000
8.070
11.400
11.000
12.200
8.120
5.820
7.140
11.100
8.940
8.840
3.440
6.280
7.490
10.400
12.700
13.900
9.600
9.830
10.200
7.320
8.920
7.460
9.190
3.970
6.140
9.900
13.000
10.600
11.900
10.500
12.300
9.210
8.430
8.770
13.600
6.070
9.640
8.460
10.700
17.300
16.900
5.540
6.350
8.610
13.100
16.000
8.340
12.600
9.700
8.820
9.900
9.310
9.630
9.900
8.360
8.570
10.300
11.700
13.200
12.900
13.400
7.650
8.430
8.840
6.870
5.650
9.570
12.600
7.770
5.980
6.820
10.600
11.100
9.870
10.600
9.750
10.100
8.160
6.050
6.490
8.510
7.110
10.300
12.200
6.930
7.090
6.720
7.230
7.520
7.620
9.110
7.380
9.300
10.200
12.200
10.400
12.000
12.000
14.400
13.000
9.130
8.750
10.800
8.470
9.680
11.400
8.930
6.640
7.700
13.600
14.000
8.840
7.670
7.810
9.810
12.700
13.800
12.700
8.250
9.310
9.090
10.100
13.200
13.800
11.800
8.910
11.000
10.500
5.460
4.490
9.340
10.400
13.100
13.800
10.200
7.660
7.540
11.600
13.100
13.400
12.200
10.600
9.110
5.210
9.330
11.700
8.040
8.060
11.100
7.330
8.100
9.080
9.430
8.560
10.300
13.100
15.000
16.000
17.700
8.760
8.390
9.870
9.860
9.630
15.500
17.400
13.300
10.900
12.100
11.400
13.300
7.380
6.590
7.760
8.100
14.400
10.700
10.300
11.900
10.700
9.660
9.700
11.000
15.300
11.600
12.600
11.700
9.430
8.250
9.300
8.310
7.600
6.880
11.200
13.900
14.200
7.920
10.300
9.330
11.400
13.200
15.600
14.300
12.200
8.070
10.300
7.710
7.120
9.850
10.400
10.900
10.200
7.910
12.100
9.120
5.730
5.920
9.550
8.250
6.800
4.970
6.630
7.830
8.640
7.460
7.290
9.450
13.000
11.000
6.700
8.020
12.400
10.700
14.600
9.920
7.800
9.750
9.900
9.640
6.460
8.050
10.300
9.990
15.700
20.600
14.400
8.900
10.500
8.380
9.070
7.690
9.230
10.700
9.880
7.730
11.100
11.300
8.340
9.780
6.570
7.440
10.500
16.900
14.700
9.720
7.150
12.100
10.200
8.660
11.600
9.140
10.400
12.500
9.450
10.900
6.740
8.000
12.600
14.000
11.100
7.600
9.050
8.430
11.400
12.400
9.670
8.250
8.500
10.400
7.800
5.860
9.360
10.500
5.620
9.220
9.630
7.370
10.700
9.380
6.630
9.220
11.800
13.400
14.200
9.860
12.000
11.500
12.500
8.420
9.940
9.430
10.700
10.300
13.900
12.900
8.650
11.300
10.600
11.900
11.800
7.670
12.400
13.500
10.400
12.800
11.800
12.700
11.200
9.790
8.610
11.100
6.990
8.640
11.200
12.500
7.610
10.100
11.400
9.430
7.230
6.710
7.910
14.200
18.500
13.400
10.300
12.400
9.480
8.730
12.200
8.550
13.000
12.100
12.900
16.200
12.700
11.900
12.400
8.390
8.830
14.200
16.100
17.200
5.640
6.810
11.800
9.070
11.300
12.400
10.600
6.740
5.950
7.440
11.500
12.700
10.900
9.670
10.900
14.200
13.400
15.900
8.350
9.900
7.530
8.530
7.270
8.800
10.100
6.710
9.870
12.900
11.200
11.500
16.000
9.970
10.500
10.800
11.100
9.520
8.310
8.830
8.000
10.100
4.300
4.110
7.700
8.710
9.150
8.500
9.430
5.880
6.420
9.240
10.200
9.850
11.600
17.800
14.700
9.950
13.100
9.700
14.400
12.600
11.400
11.000
13.200
12.700
13.300
13.000
6.100
6.950
8.570
11.800
14.100
10.200
7.870
7.540
7.440
6.130
11.200
14.800
10.900
9.440
10.800
14.100
13.200
9.990
10.500
14.300
7.840
5.730
8.680
9.970
10.300
15.100
15.200
11.100
12.200
11.200
12.300
12.400
10.500
12.000
10.700
8.570
13.000
12.400
14.100
8.030
6.290
7.150
11.200
10.100
8.500
10.900
13.100
17.300
11.400
12.200
7.800
5.320
8.420
8.430
11.100
11.500
10.900
9.830
7.540
9.600
5.550
7.220
10.600
13.300
12.600
12.500
7.880
9.930
9.750
9.820
11.900
15.400
14.700
18.300
16.900
12.200
8.140
8.430
7.120
11.000
13.000
10.100
11.100
10.800
8.660
12.300
9.190
6.710
12.500
9.260
5.190
6.360
9.130
7.990
12.900
13.200
7.710
6.770
7.430
8.620
8.200
5.790
8.800
10.800
12.600
12.700
13.700
14.400
8.240
8.770
8.250
8.220
9.360
13.700
13.600
11.400
15.200
15.400
11.900
10.800
11.500
8.880
11.400
10.200
11.300
8.380
7.700
6.090
9.720
10.400
10.200
12.800
11.500
12.200
9.920
14.500
8.730
8.570
9.360
12.600
8.970
12.100
6.540
5.990
6.570
9.900
10.100
8.700
9.580
6.970
6.860
10.900
11.900
7.430
5.140
6.940
7.100
10.700
15.900
11.400
9.630
11.100
11.400
8.820
13.000
13.000
14.400
16.000
11.500
12.300
12.800
10.600
8.840
6.410
7.910
9.710
12.900
11.400
7.240
10.800
9.450
14.900
21.800
16.300
13.400
6.570
7.880
8.000
10.700
7.160
13.300
12.300
8.340
10.000
8.770
7.180
7.330
4.520
6.060
7.010
7.030
9.580
10.600
8.430
7.270
6.270
8.870
11.800
10.100
9.730
12.600
7.990
11.100
12.300
13.500
8.570
6.880
5.360
6.260
3.700
4.990
11.400
9.340
11.700
14.400
11.100
8.690
13.700
5.680
9.060
14.000
10.100
13.900
20.400
17.900
13.800
17.700
10.600
11.400
7.160
9.530
11.900
8.770
10.200
13.700
11.900
7.010
6.540
9.190
8.940
6.040
6.960
5.560
8.790
10.700
6.480
9.640
14.000
12.200
8.840
8.410
13.800
13.500
11.500
10.100
12.300
11.600
13.000
7.670
5.630
8.490
12.200
9.090
8.120
12.500
17.300
13.400
12.600
11.200
12.200
11.300
13.300
10.200
8.420
8.850
8.040
14.700
13.600
12.000
13.400
6.990
5.430
9.230
11.800
11.200
6.640
9.960
13.500
8.600
6.140
5.310
7.810
13.800
13.100
13.500
7.360
12.200
15.800
13.600
10.100
7.510
5.120
10.700
11.700
6.950
6.310
9.190
7.460
6.350
9.420
11.400
7.270
9.150
10.500
7.730
9.010
10.900
11.900
12.900
8.390
10.200
12.200
10.600
9.160
12.600
11.700
12.600
8.610
4.660
6.390
4.750
10.600
12.900
12.700
13.300
11.100
13.400
16.000
15.600
18.400
14.800
14.700
11.200
7.890
7.260
6.420
7.190
9.480
10.200
9.200
8.130
8.160
6.860
7.210
8.030
8.600
11.400
8.290
9.220
10.800
8.730
9.710
15.300
14.400
7.160
10.000
13.400
9.550
8.210
9.950
10.200
7.900
9.480
10.000
11.900
10.200
10.800
8.310
7.510
9.940
11.600
7.670
6.740
6.900
9.860
11.400
13.100
14.800
13.900
10.700
13.600
11.400
15.800
14.000
12.300
8.690
8.920
6.270
8.730
11.200
9.850
8.720
12.400
8.390
10.300
16.400
12.400
12.900
13.000
15.200
12.500
12.600
14.600
11.900
12.400
9.830
9.390
8.540
5.270
5.410
8.170
8.560
9.050
13.500
16.200
14.200
9.780
9.510
9.340
12.100
7.160
6.300
9.720
8.550
8.430
6.740
10.300
9.330
11.400
13.500
5.580
8.270
7.090
9.900
9.430
16.100
15.600
9.670
7.250
9.940
11.200
10.400
9.920
8.550
10.900
12.300
13.600
9.440
7.390
8.020
9.110
9.720
10.700
13.500
12.500
8.980
9.010
11.200
11.500
9.990
16.400
10.400
9.150
4.850
4.740
9.790
8.170
7.890
12.800
11.900
12.200
11.600
11.000
10.600
9.420
11.500
8.970
8.630
9.040
12.900
13.000
11.500
14.100
10.800
10.300
12.800
16.400
13.300
11.700
13.600
9.860
11.400
14.800
7.830
8.660
14.900
15.700
10.500
7.070
9.260
11.900
17.100
12.600
6.340
6.820
8.990
10.900
13.100
16.400
18.500
13.500
6.240
5.900
5.320
9.650
11.900
5.910
5.270
6.660
7.690
8.350
8.390
10.600
15.500
10.800
9.790
10.400
8.100
13.100
11.500
12.400
10.100
14.400
15.800
13.100
12.600
11.700
12.500
11.200
11.000
10.500
9.190
8.410
10.400
8.760
8.480
10.300
6.540
9.210
6.170
6.320
10.400
11.200
7.670
10.200
4.890
4.960
8.800
9.310
8.220
9.800
10.700
17.200
11.100
8.750
9.770
14.100
13.800
9.410
9.770
8.790
11.900
9.940
6.050
8.690
11.900
14.800
10.400
11.500
10.300
9.500
13.600
9.570
9.130
11.300
12.000
7.810
9.200
8.090
9.920
11.900
12.800
8.650
7.180
12.400
15.000
13.500
10.100
11.000
8.690
12.400
7.990
11.800
10.200
11.800
14.000
14.900
12.500
14.900
15.000
4.930
7.160
8.730
5.570
10.400
10.700
4.360
4.680
6.640
9.360
12.900
9.930
8.200
10.300
8.690
5.910
8.500
9.490
12.800
9.720
7.220
7.630
10.500
6.350
7.000
9.200
12.500
8.060
9.950
10.600
13.200
14.600
6.210
7.240
5.530
7.580
7.140
8.220
7.530
8.400
10.300
8.380
7.610
7.230
6.920
9.120
8.820
8.530
11.700
6.530
8.500
10.300
14.200
13.200
9.440
5.170
8.610
9.330
10.400
7.690
5.490
7.630
7.750
10.600
10.800
9.260
10.900
6.290
11.900
8.790
8.490
8.770
13.800
16.900
10.300
7.270
7.920
11.100
5.880
7.880
14.200
14.200
11.700
10.400
7.290
9.060
8.030
8.530
9.000
11.000
12.400
15.900
14.600
17.800
12.600
8.900
10.100
11.300
10.900
6.160
7.530
9.520
12.400
9.070
10.600
11.800
11.600
8.350
6.540
11.100
17.100
15.500
12.200
10.400
5.370
6.220
10.400
8.030
4.120
10.300
13.600
15.200
13.400
8.090
8.170
8.480
8.430
10.600
13.100
13.200
15.500
8.480
8.170
6.460
11.100
5.650
8.720
12.900
10.600
10.500
8.320
10.500
12.600
11.900
10.000
13.300
17.400
23.100
20.900
11.400
8.720
7.830
10.200
9.700
13.600
11.400
12.500
8.030
12.700
15.700
10.800
10.700
12.700
9.220
8.340
7.850
9.670
11.200
8.030
6.140
10.900
9.090
10.300
8.600
9.820
10.900
10.600
11.900
9.810
8.840
11.100
10.200
9.360
12.200
11.000
10.700
11.900
8.760
7.530
11.800
9.490
6.900
7.020
4.230
5.950
11.700
13.400
10.200
12.600
12.000
8.950
11.300
13.100
6.420
7.150
10.000
12.300
14.900
11.800
9.240
11.200
6.720
9.150
9.560
12.600
12.800
16.000
12.600
12.900
10.800
8.430
7.890
9.580
12.800
13.900
13.800
10.400
12.400
18.000
14.400
18.000
11.200
8.060
7.940
8.660
6.490
5.140
7.770
13.000
15.200
11.200
12.800
13.100
9.700
11.300
10.400
14.700
10.100
7.050
6.640
7.330
7.300
8.240
6.610
9.700
13.100
12.100
12.700
11.500
16.600
13.600
12.800
13.700
9.230
11.100
12.000
8.790
10.200
16.700
16.100
9.580
