8.030
9.060
7.360
11.000
15.700
18.100
12.100
10.800
10.200
4.840
9.040
8.950
11.600
9.660
10.500
8.060
6.060
4.970
10.100
14.700
12.200
11.700
10.600
9.210
8.720
10.500
9.950
10.700
13.800
7.830
9.550
14.300
15.200
14.800
12.800
9.270
7.910
7.660
9.280
8.950
11.500
13.900
8.880
7.140
6.680
7.580
10.500
9.720
11.400
8.700
12.200
10.000
8.780
11.300
8.880
11.600
13.900
7.730
10.900
9.380
6.430
4.870
6.750
6.120
8.990
4.260
7.980
11.100
9.790
13.200
8.620
8.560
8.140
9.170
10.500
7.750
6.880
5.280
6.730
10.700
13.700
14.000
10.400
11.400
12.100
8.870
10.500
6.890
8.860
9.300
9.480
8.870
12.500
11.600
9.740
8.950
9.700
10.000
11.900
12.200
12.400
15.600
9.290
8.040
13.200
11.900
10.600
9.680
8.990
7.610
7.550
9.150
10.500
12.900
14.400
13.400
8.110
6.650
8.240
10.200
12.300
11.100
8.970
11.600
9.660
8.240
9.380
13.200
13.600
13.900
8.820
11.300
7.510
5.910
6.340
8.330
6.920
10.100
13.300
8.120
8.210
7.150
5.620
11.600
8.310
4.970
8.610
6.810
8.460
9.770
8.930
8.500
10.900
13.500
12.800
12.100
11.700
17.900
15.600
12.100
9.590
8.900
10.100
7.880
11.500
12.700
14.800
15.300
14.400
10.300
6.710
8.390
10.500
12.300
13.600
13.900
12.700
11.900
10.600
11.400
10.700
9.330
13.400
14.400
10.900
12.800
9.310
10.800
5.260
8.900
11.300
7.470
7.360
6.920
11.400
16.600
17.200
10.400
12.200
17.000
23.400
21.000
10.700
8.160
11.100
17.400
10.900
7.530
9.080
8.640
10.300
7.870
9.870
13.800
11.400
12.200
7.580
6.450
5.410
9.560
9.040
14.700
14.400
8.710
8.950
11.900
10.600
7.760
11.300
10.400
9.970
6.380
7.310
13.200
8.660
8.990
11.900
11.700
7.950
9.950
9.570
8.160
5.850
8.190
6.810
6.990
11.500
12.700
11.200
9.480
8.880
9.750
9.830
10.300
11.600
7.980
10.900
8.340
11.500
13.000
10.100
12.400
7.850
8.220
8.290
7.920
9.170
9.610
11.200
13.300
7.600
7.230
7.400
10.600
10.100
10.300
10.800
11.600
5.240
5.650
9.790
8.600
14.200
13.400
9.390
10.100
9.080
9.270
11.100
10.800
13.000
9.630
10.600
10.200
10.700
9.740
9.490
10.500
11.800
10.900
11.000
14.600
12.000
8.980
9.150
8.930
8.430
6.290
10.100
14.900
10.300
10.300
11.000
10.900
10.400
12.700
12.900
11.500
9.650
8.920
11.300
10.600
10.600
12.400
14.500
19.300
11.300
10.300
9.360
7.920
8.870
12.000
14.300
10.300
6.830
5.610
6.790
8.660
5.830
6.160
5.120
5.280
7.220
13.300
12.300
8.020
6.600
9.080
9.080
8.700
8.430
7.620
8.320
10.700
16.400
20.700
13.300
10.400
9.960
8.490
7.170
8.690
10.700
15.900
13.700
11.000
11.100
11.600
12.100
7.300
6.040
8.830
7.690
6.960
8.430
12.300
10.000
8.490
10.300
11.200
12.400
6.520
10.300
9.790
4.610
7.440
9.370
6.540
9.240
11.400
9.480
5.430
6.780
7.440
11.400
6.960
5.750
11.200
9.360
6.570
12.100
11.700
7.000
9.020
12.000
11.100
17.400
24.600
13.100
10.600
12.700
11.600
7.670
10.200
10.100
12.300
12.000
9.040
4.890
7.750
12.800
8.840
7.480
6.650
11.900
6.320
7.730
10.100
10.500
9.120
9.770
9.020
13.200
10.400
10.300
10.200
8.130
8.610
11.200
8.390
8.880
7.140
9.990
9.920
9.140
6.430
8.340
10.700
10.800
6.530
6.360
9.300
11.800
14.200
13.600
11.700
4.930
9.700
10.000
12.900
13.600
6.770
7.610
7.750
9.420
10.900
8.260
6.060
8.580
8.200
11.000
10.600
8.530
6.010
5.240
5.460
11.200
9.640
10.700
11.200
11.800
12.100
7.770
10.000
8.930
6.940
8.200
11.100
12.400
11.500
7.950
7.220
8.580
10.400
15.400
18.800
17.900
16.600
9.210
13.400
13.000
12.500
10.700
10.800
12.200
11.700
9.850
7.550
9.900
12.800
11.900
14.900
9.870
5.100
5.730
7.120
7.370
10.500
7.960
12.100
14.100
9.770
5.990
5.000
8.280
9.370
6.800
5.730
7.120
10.300
9.990
12.400
11.200
13.400
14.200
13.600
10.100
8.650
7.670
10.100
16.600
16.900
16.000
15.000
16.400
15.900
8.440
7.390
11.800
13.400
14.600
13.600
11.500
10.100
10.600
11.500
8.690
12.700
14.400
11.500
7.400
11.600
10.100
8.500
7.010
8.970
12.900
11.000
9.610
13.800
10.200
8.980
10.700
11.000
8.200
11.100
9.460
8.730
9.750
8.410
9.520
10.800
12.700
7.080
8.540
9.010
13.300
11.800
17.100
23.800
23.700
10.200
11.300
9.880
12.000
16.900
10.100
6.520
8.390
10.100
8.040
7.450
6.440
7.390
7.520
7.700
10.400
11.500
11.000
10.200
6.010
6.810
5.830
7.300
4.830
5.410
6.780
7.870
10.100
10.300
9.700
9.500
10.200
11.000
8.180
6.210
7.560
7.680
10.400
10.000
6.700
10.400
15.400
13.900
12.300
8.690
9.800
7.490
7.600
9.090
11.100
6.230
8.790
10.400
16.500
12.200
13.100
9.200
12.500
19.000
25.600
24.000
15.100
12.000
9.010
10.300
5.410
5.900
9.000
9.730
7.710
8.130
10.000
11.200
8.340
8.360
9.500
9.650
9.000
9.740
7.360
9.860
10.600
8.030
10.300
7.700
7.360
7.150
9.360
8.800
7.390
6.040
7.100
5.980
7.690
9.390
9.310
8.950
6.450
9.340
11.600
9.480
7.120
11.100
13.100
8.910
9.610
12.800
12.100
11.100
10.600
10.800
12.800
10.200
13.900
14.100
8.330
9.080
9.600
12.300
10.600
9.700
9.410
9.350
12.500
9.480
6.560
7.670
11.200
10.500
11.000
9.580
10.400
7.270
5.350
8.910
11.100
9.130
11.000
8.020
12.300
12.300
8.000
7.170
5.680
8.840
7.820
7.900
7.080
11.200
14.500
11.600
8.280
8.760
9.550
6.770
8.030
13.400
15.900
11.800
8.120
8.780
13.700
17.200
8.440
9.830
10.400
9.810
5.990
8.410
10.100
13.100
13.600
9.800
9.270
8.160
14.700
14.100
13.900
11.000
9.710
11.600
10.900
10.500
9.990
11.900
8.040
11.100
8.970
6.830
8.720
10.600
10.300
5.510
6.650
7.180
6.740
7.080
8.290
7.990
7.750
8.390
7.240
7.180
9.490
12.100
12.300
7.710
7.810
11.100
10.800
8.290
7.380
5.340
4.910
5.140
6.790
8.310
9.260
9.930
8.320
7.010
9.660
9.460
8.720
9.290
6.350
8.410
7.220
6.770
7.430
9.090
11.700
10.300
9.110
7.470
10.200
5.790
9.220
15.600
14.100
11.000
9.170
6.770
12.900
8.290
6.280
8.770
3.940
5.610
9.480
9.560
8.160
12.900
16.600
14.200
20.700
18.100
10.200
8.600
7.300
8.680
7.310
7.190
7.310
10.200
8.440
10.500
11.500
10.000
7.610
9.920
6.410
6.790
7.820
9.310
8.660
12.600
8.340
10.000
8.600
8.380
9.800
14.400
16.100
10.200
7.260
7.190
10.800
13.500
14.000
11.100
8.550
10.600
12.800
10.400
8.830
7.550
9.720
11.800
14.600
12.200
10.000
13.000
12.000
13.000
9.740
8.210
14.900
14.400
11.800
5.650
7.630
11.000
8.600
13.900
16.100
19.300
18.600
13.000
10.000
7.840
10.600
9.190
6.790
9.870
10.700
9.500
12.100
10.900
6.490
7.010
13.900
12.400
10.800
11.100
11.400
11.800
10.000
12.700
12.900
13.900
10.500
11.000
6.300
10.800
12.600
17.800
7.940
7.080
5.870
8.560
6.830
5.570
8.910
9.890
10.900
11.100
8.820
10.400
11.800
15.100
9.550
9.150
8.980
14.700
15.600
12.500
6.380
7.170
8.190
7.800
9.810
12.700
6.490
6.640
11.900
8.130
10.100
16.400
21.000
13.100
11.600
16.200
11.000
9.500
8.020
9.700
8.930
13.300
18.100
11.700
6.260
6.310
11.200
13.600
19.800
11.400
9.350
7.740
7.600
5.280
7.150
8.170
13.100
8.780
7.380
11.200
10.800
13.400
9.080
8.320
10.400
12.500
10.800
6.720
10.600
8.130
12.100
14.200
19.400
20.000
8.090
12.500
9.200
5.500
10.200
11.600
8.880
11.100
7.600
8.270
7.550
9.770
5.210
9.000
9.740
7.250
5.050
8.270
10.300
9.900
10.200
9.200
8.030
10.700
16.000
16.600
17.300
18.600
8.400
6.660
8.430
10.200
9.130
11.100
9.710
14.900
11.200
9.790
8.630
13.700
10.700
9.280
11.500
12.800
10.100
12.800
13.100
11.200
8.430
7.600
7.450
12.900
6.270
4.770
6.520
5.180
6.320
7.910
9.130
9.870
14.600
12.000
11.700
10.100
12.800
12.300
10.300
9.990
8.870
11.000
12.600
7.840
7.960
6.600
6.720
9.070
5.360
5.930
8.060
7.470
8.750
5.480
9.350
13.700
13.800
12.200
7.070
6.300
11.600
14.000
15.300
11.900
9.860
10.200
6.920
9.050
9.240
6.360
4.930
4.840
4.560
9.220
12.700
17.900
11.500
12.000
8.720
9.370
6.310
8.750
8.170
9.670
10.200
11.100
9.440
14.900
12.100
8.650
9.120
6.920
7.740
11.400
4.830
7.260
6.160
4.970
5.250
5.260
7.890
10.300
9.210
9.070
13.300
9.370
5.790
5.420
11.500
11.600
14.100
10.400
9.600
7.680
5.850
8.570
10.100
10.800
9.900
11.900
13.800
17.600
14.300
8.720
7.320
9.680
7.320
8.970
7.300
10.100
8.680
4.660
4.920
7.410
11.700
9.130
11.000
9.070
7.070
7.030
10.000
9.960
9.200
7.750
8.160
10.000
9.460
5.320
7.730
13.400
7.410
9.630
10.000
15.800
15.600
15.200
14.700
7.090
8.440
9.290
9.880
10.500
13.000
13.300
12.600
7.630
10.500
11.900
12.500
9.580
9.220
14.200
12.100
12.700
8.680
11.600
11.000
11.300
18.200
17.200
9.740
8.330
10.200
10.900
13.300
11.800
8.400
9.550
10.400
8.830
9.640
12.400
10.100
8.160
9.240
11.100
9.610
10.800
12.100
15.600
15.200
14.100
17.500
11.900
12.300
15.900
8.040
5.490
9.390
10.800
7.480
10.600
10.700
11.700
10.300
8.900
9.110
12.800
14.500
11.500
12.200
7.730
5.820
12.300
10.600
11.300
9.750
8.850
8.900
12.700
13.800
14.200
8.880
8.090
10.200
8.470
4.610
9.130
7.430
6.320
9.770
11.700
14.400
11.200
9.000
10.700
10.500
7.140
11.300
13.300
13.400
8.870
6.170
8.220
6.870
7.740
8.090
7.660
8.640
12.000
9.940
6.600
6.350
5.980
9.150
5.650
8.720
11.400
12.400
10.100
10.400
10.000
10.100
8.730
7.520
8.390
8.650
9.280
10.800
10.200
10.600
12.200
5.530
7.890
9.770
12.300
13.500
10.500
7.680
10.100
6.520
5.860
7.470
4.370
6.450
7.340
10.100
11.000
7.300
12.300
15.100
16.800
11.300
10.400
9.770
8.440
7.540
6.200
8.660
8.400
11.600
13.800
15.300
10.800
12.600
15.800
11.700
12.400
10.900
11.000
11.600
13.900
8.110
5.510
9.170
15.700
11.400
7.310
10.200
12.900
17.000
12.900
12.300
10.900
14.200
12.500
9.630
12.400
14.700
11.800
9.970
9.770
10.200
8.190
8.570
10.100
8.360
9.500
11.200
9.430
6.150
5.690
8.600
8.700
8.690
7.980
7.250
7.690
9.750
14.200
11.200
11.100
11.500
5.880
9.330
15.700
12.100
8.280
8.170
6.530
8.250
7.270
6.140
10.700
7.510
6.370
9.930
11.000
11.500
12.900
10.100
11.700
10.400
12.900
8.830
6.680
10.400
12.900
13.400
15.400
12.700
10.500
11.100
8.190
11.000
15.900
13.000
15.900
11.200
8.030
6.390
7.740
10.300
12.400
10.200
11.100
14.700
7.520
12.400
14.600
13.900
13.700
5.800
5.180
6.160
6.720
9.200
6.340
6.880
6.380
10.100
13.600
8.950
11.500
11.000
6.370
5.910
7.810
8.600
9.280
12.800
10.400
10.600
12.300
14.500
11.600
16.900
18.600
12.100
10.700
8.550
9.590
6.580
6.720
7.760
7.310
8.800
10.900
10.600
11.900
10.800
16.900
18.400
12.000
8.850
6.390
9.230
11.800
15.800
8.270
7.360
11.300
14.300
18.300
12.400
7.250
9.850
11.900
7.340
11.100
7.580
10.600
12.700
12.800
14.400
12.500
14.700
12.100
11.600
9.040
7.840
9.110
14.000
10.800
5.480
5.030
8.190
7.820
13.600
11.400
6.670
6.770
9.090
9.870
9.670
5.650
6.940
7.680
5.720
10.200
9.730
14.500
16.100
10.400
10.800
9.150
12.700
19.100
17.500
10.500
6.810
8.420
9.380
11.200
8.400
12.300
10.900
6.490
8.900
9.790
8.460
7.450
5.620
4.740
7.360
8.400
6.580
6.700
8.660
9.830
9.730
11.200
7.380
9.170
15.600
17.600
21.900
14.400
8.850
12.400
8.060
10.200
16.600
15.600
11.900
9.700
9.420
11.500
16.100
21.800
15.300
8.410
13.300
11.500
16.100
15.500
13.100
9.360
11.700
12.800
7.310
9.900
15.400
9.850
6.410
5.220
5.070
5.560
11.300
9.960
9.300
10.400
12.400
11.100
9.660
10.400
8.510
7.510
9.480
12.200
12.300
14.800
19.900
19.900
16.600
5.830
7.880
12.500
14.900
16.800
15.000
14.200
14.900
7.870
9.780
10.100
8.690
11.200
17.400
16.900
13.800
17.800
16.200
17.200
13.300
12.900
13.900
10.700
9.490
12.700
7.780
9.000
10.100
11.600
6.460
10.400
9.520
6.390
7.480
8.020
10.400
12.600
8.930
8.900
9.300
11.400
7.950
9.660
8.910
8.190
8.880
14.600
11.500
11.300
9.490
8.460
10.500
8.110
6.220
8.900
10.500
10.700
7.410
7.730
8.940
8.540
8.980
5.640
11.600
14.400
8.570
11.600
11.500
5.480
5.170
6.770
11.000
10.500
8.980
9.440
8.570
8.580
7.250
5.920
11.100
9.810
8.240
9.130
11.300
8.730
8.180
11.500
16.300
10.200
10.600
9.160
6.490
7.990
8.540
13.700
12.700
12.600
16.400
17.900
22.900
14.600
11.400
12.300
11.500
11.700
10.500
12.700
10.400
9.780
11.600
12.500
14.500
9.460
13.500
11.200
11.100
8.500
11.600
14.100
9.640
9.660
9.490
10.500
8.320
11.300
8.240
6.530
6.200
10.500
8.950
8.680
10.400
10.900
11.900
12.900
8.840
7.010
7.750
9.060
10.600
10.700
12.700
12.900
8.470
10.700
9.700
11.100
13.000
10.100
6.480
8.780
9.080
9.920
11.400
11.800
8.040
8.260
9.520
9.830
6.830
6.770
6.590
7.430
7.610
12.600
15.300
12.700
14.200
11.100
10.000
12.000
16.100
16.900
14.100
11.700
9.350
10.600
10.100
9.730
13.400
8.840
8.880
11.600
10.600
9.530
11.500
11.500
9.830
8.930
11.400
7.340
6.890
10.500
8.380
8.530
8.430
10.600
8.210
7.740
6.070
8.620
11.700
14.600
15.600
10.400
8.110
7.840
9.340
10.200
11.600
9.350
5.930
7.880
9.430
7.560
5.060
8.420
12.300
9.600
9.140
11.100
11.900
7.850
8.750
9.550
8.710
7.830
7.970
8.410
10.900
12.700
7.630
6.780
7.190
7.670
10.300
16.500
14.300
15.600
16.400
12.600
8.920
9.660
8.730
8.510
11.800
10.200
8.560
9.010
11.300
9.920
9.520
9.410
9.800
7.480
8.240
11.400
9.240
9.060
13.200
15.300
14.200
9.050
8.290
14.400
10.900
8.390
11.400
7.820
4.960
7.830
14.100
12.500
6.010
6.780
12.000
12.300
10.400
9.300
9.740
6.770
8.640
4.990
6.610
9.380
6.920
13.500
14.100
8.090
10.300
8.870
9.930
7.170
6.750
9.630
14.700
12.100
12.300
8.820
11.800
14.000
14.700
13.600
11.900
9.410
10.000
10.400
6.820
10.700
13.200
13.500
13.400
11.600
7.170
9.850
10.100
9.810
9.200
8.470
8.290
8.100
13.400
16.200
20.300
14.200
7.810
13.800
18.600
15.800
7.470
6.480
9.410
12.000
11.800
8.340
7.830
5.200
6.530
4.240
5.570
6.990
9.970
13.200
17.500
12.700
13.000
10.900
13.800
9.610
8.270
14.100
14.900
12.100
11.800
13.500
16.100
6.870
7.240
13.800
13.400
7.940
5.040
7.680
7.680
11.900
11.400
8.800
6.950
9.090
14.600
13.100
9.630
5.500
8.410
7.490
7.900
