4.170
5.130
4.530
4.100
2.860
2.260
2.800
3.360
3.170
3.170
3.900
5.640
2.700
3.370
4.450
5.480
4.200
4.040
3.170
4.150
3.350
4.070
5.710
5.780
5.430
3.570
3.760
4.710
4.300
4.190
4.950
6.520
5.690
5.710
4.970
4.800
2.830
3.000
5.070
4.360
2.820
4.590
5.290
5.750
4.380
5.400
5.560
4.490
1.780
2.880
2.770
2.980
3.610
4.630
4.620
5.190
4.400
2.700
3.740
3.780
4.670
4.990
4.180
5.120
2.770
3.660
3.480
3.260
3.710
4.380
4.750
4.610
4.880
4.830
5.480
6.990
7.090
3.500
2.510
2.500
2.220
4.470
3.040
3.850
4.400
5.420
4.300
4.760
6.740
6.730
4.160
3.630
3.730
3.440
3.040
2.700
4.400
4.310
3.540
4.890
4.730
3.170
5.240
4.600
3.380
4.540
4.140
4.480
2.580
2.560
2.830
3.210
4.690
5.800
6.230
3.420
3.830
4.820
4.200
4.100
2.410
4.460
6.740
6.790
5.980
4.810
4.910
5.580
6.800
5.040
4.450
3.170
3.220
2.360
2.420
4.030
6.380
7.020
5.760
4.080
4.150
4.630
6.790
4.120
4.900
4.950
3.050
3.040
4.190
4.170
4.560
3.260
3.150
3.270
3.190
2.930
4.330
6.510
3.560
3.740
5.550
4.540
3.570
3.420
4.140
2.310
2.690
3.890
5.190
5.020
1.640
3.060
3.170
4.150
6.490
4.670
4.270
4.140
5.260
7.590
6.870
6.190
5.240
4.810
4.670
4.760
3.570
3.410
4.490
5.720
3.200
5.210
4.690
5.210
5.760
5.970
7.660
5.830
4.380
4.820
4.150
3.310
3.430
5.360
3.710
2.580
3.120
4.310
6.610
7.750
2.620
2.490
3.080
2.700
2.900
3.060
3.740
3.090
2.660
4.510
6.750
7.240
4.450
5.500
4.450
3.610
2.920
4.530
4.100
4.590
5.550
4.000
3.290
3.070
3.100
2.970
2.580
2.630
3.080
2.950
3.530
4.120
5.280
5.780
5.030
3.160
3.790
4.260
3.450
5.090
5.910
4.900
5.170
4.160
4.210
6.370
8.560
6.190
7.800
7.840
7.880
4.970
6.090
6.100
4.910
5.020
4.480
6.460
5.190
4.600
3.210
3.960
4.870
5.210
6.000
5.280
3.160
2.990
2.590
3.480
4.190
1.710
3.310
4.220
4.090
4.390
6.800
6.420
5.110
4.330
4.240
3.640
4.390
4.690
6.140
5.750
4.310
3.950
2.540
2.730
3.820
5.900
6.570
4.650
5.240
5.700
4.830
4.610
4.040
6.190
6.950
7.170
5.130
4.430
3.970
4.440
4.830
6.140
4.600
4.560
3.670
4.900
2.860
3.520
2.580
2.540
3.380
5.410
5.240
4.930
4.080
5.720
4.360
4.660
5.070
3.220
4.050
4.530
3.750
2.850
4.000
5.530
7.030
6.200
5.870
6.500
6.420
4.400
2.990
1.930
2.120
2.410
4.250
5.720
6.370
7.440
2.980
2.590
3.350
2.610
4.380
6.600
4.800
3.630
3.650
4.310
2.420
2.630
3.630
4.650
6.090
5.540
3.300
1.770
2.240
3.050
3.720
5.920
5.930
3.000
4.140
4.150
2.400
2.360
1.740
3.070
2.810
5.050
5.090
4.460
3.740
3.530
3.760
3.630
2.660
3.570
4.440
4.920
6.520
6.630
4.660
4.120
2.860
3.720
2.770
2.510
2.690
3.950
2.940
2.880
5.030
5.050
4.630
2.980
2.930
3.940
4.440
5.180
4.800
4.600
3.510
3.200
4.680
5.800
4.900
4.330
4.150
3.740
5.120
4.040
2.920
4.070
5.730
3.720
3.920
4.160
4.190
3.290
1.970
2.360
2.940
2.240
2.980
4.220
4.950
5.710
5.730
3.750
4.330
3.750
4.410
4.740
6.830
6.710
5.580
4.020
2.900
2.790
4.320
4.240
4.010
4.450
4.710
7.000
5.570
4.760
5.860
3.630
2.430
2.620
4.490
5.750
4.960
4.980
5.460
4.430
4.300
4.470
3.050
2.830
3.420
3.510
4.800
4.300
6.530
4.360
2.320
2.290
3.930
4.080
3.820
3.960
4.460
4.650
2.780
2.100
1.200
2.090
3.170
3.800
3.080
2.940
3.970
3.320
5.610
4.630
3.760
4.620
4.850
3.650
3.020
3.190
4.470
4.240
4.390
6.230
6.290
2.830
2.880
2.950
3.500
5.950
5.990
5.780
5.550
5.470
5.090
5.770
7.160
7.010
7.380
4.380
4.450
4.980
5.540
5.020
6.600
6.490
4.840
2.250
2.760
3.520
3.940
5.840
6.230
4.490
2.640
2.830
4.040
2.330
1.380
2.570
4.390
4.430
4.290
3.580
1.910
2.110
4.460
6.560
4.310
4.780
4.020
4.460
3.900
3.800
4.810
4.110
2.760
2.420
2.640
3.160
5.290
4.880
2.930
3.580
4.320
4.310
4.560
4.870
5.850
4.850
5.730
3.820
2.610
3.390
3.320
2.630
4.740
3.390
1.770
2.440
3.060
4.310
4.480
4.010
6.100
7.100
3.320
3.310
3.080
3.210
5.350
6.960
5.710
5.090
5.000
3.320
2.970
4.950
4.630
3.920
4.600
2.780
2.920
4.670
3.670
3.060
3.520
4.340
4.700
6.420
5.630
3.170
3.920
2.190
3.810
5.600
4.550
6.660
8.170
4.330
4.030
3.870
3.940
5.580
4.880
3.140
3.530
5.210
3.290
2.900
2.640
4.560
5.710
6.780
7.380
4.960
6.390
3.970
3.750
3.230
2.550
2.200
3.340
2.510
2.720
4.390
4.080
4.430
2.990
3.150
4.100
5.350
4.080
4.620
4.310
3.940
2.830
2.090
3.050
2.810
4.410
3.890
5.580
3.850
3.410
3.260
4.460
6.720
5.480
3.750
3.580
5.050
6.130
6.020
4.980
5.910
3.420
2.470
3.070
2.390
1.740
2.370
3.260
2.470
3.780
5.540
5.540
4.290
3.730
3.290
4.910
3.340
1.930
3.190
5.470
4.960
3.060
3.490
5.350
2.770
3.300
3.310
2.720
1.840
1.840
2.090
2.830
5.120
4.850
3.750
4.330
6.090
3.450
2.140
3.740
3.860
3.200
3.920
4.080
4.260
5.440
5.540
4.370
4.760
6.040
5.480
4.710
6.130
6.810
6.870
8.350
6.780
2.930
3.300
4.010
6.140
6.090
3.210
2.500
4.430
4.600
2.250
3.090
4.220
4.090
4.040
5.000
3.170
4.300
3.240
3.630
4.200
5.060
5.490
4.750
4.600
5.190
7.400
5.340
4.820
5.310
6.890
9.310
8.410
5.440
4.010
5.780
4.800
4.560
4.390
2.440
3.000
3.930
3.090
2.610
3.780
3.980
3.060
4.290
3.010
3.740
4.850
3.940
2.720
2.360
2.860
3.080
2.390
4.100
4.540
5.690
4.290
4.760
5.360
6.430
5.970
6.100
6.540
5.290
3.390
3.570
2.480
3.040
3.760
5.030
4.970
5.760
5.500
3.740
4.260
4.480
4.230
4.340
5.730
7.150
5.880
6.480
3.450
4.870
5.260
6.210
4.600
4.870
2.070
2.970
3.420
4.540
3.780
3.200
2.970
2.790
3.540
3.800
3.700
2.480
3.760
3.230
4.040
3.040
2.660
3.670
5.860
3.970
3.340
4.480
3.000
3.880
4.220
5.550
5.170
5.100
5.220
5.560
5.750
5.490
6.490
5.970
3.850
5.250
2.980
3.930
3.830
4.020
4.690
3.810
5.630
5.240
5.830
6.940
4.590
4.100
2.730
2.950
2.850
3.630
4.070
2.280
4.340
6.120
3.820
3.560
2.630
3.660
5.720
3.730
4.780
5.440
3.460
3.960
3.530
4.300
5.410
5.480
4.370
5.790
5.340
5.460
5.090
5.180
3.730
2.760
2.560
2.250
2.540
3.040
3.140
2.270
3.700
3.740
3.580
3.100
5.200
3.980
2.840
2.880
3.080
2.930
4.120
3.480
4.520
5.400
4.260
2.650
3.880
3.310
4.180
3.080
4.760
3.740
3.780
5.170
6.040
7.070
4.470
5.000
3.280
4.320
3.260
2.510
2.700
2.030
2.430
3.960
5.060
4.190
3.360
3.450
4.020
4.990
4.440
4.980
4.870
5.290
5.390
4.370
2.810
3.500
4.400
4.630
1.910
3.090
2.830
3.560
2.780
3.240
4.770
4.390
2.350
2.700
3.740
2.190
3.570
4.600
5.870
4.690
2.440
2.260
3.430
4.710
4.740
6.780
5.210
3.830
5.350
5.310
4.610
3.970
5.840
3.800
2.860
1.850
2.400
3.060
3.970
4.250
3.290
3.540
4.010
3.850
2.310
3.230
2.780
4.410
5.180
7.590
6.510
6.100
5.720
2.870
3.510
3.820
4.760
5.630
2.940
2.950
2.940
4.880
4.090
2.440
2.140
1.480
2.100
3.740
4.740
6.160
4.180
1.730
2.840
2.910
4.290
5.400
3.730
2.730
3.530
3.630
3.540
5.560
5.910
3.970
3.830
6.210
6.570
4.340
4.140
3.280
3.950
3.670
3.670
3.680
5.630
4.680
3.510
4.290
4.320
3.450
5.280
4.610
2.920
4.230
3.720
3.900
3.500
4.330
3.380
4.460
5.120
3.220
2.550
3.410
5.050
4.230
4.330
4.510
3.760
5.530
3.270
4.810
6.240
4.950
2.580
4.120
4.710
3.580
2.770
3.750
5.200
4.260
3.190
3.630
5.150
4.390
5.830
4.810
6.780
8.180
4.620
2.900
3.700
5.660
5.000
3.420
3.920
3.890
3.370
4.890
5.840
3.060
3.140
4.620
5.620
5.100
4.610
2.980
3.360
4.290
4.170
2.950
2.310
3.320
5.720
5.250
2.980
4.120
4.870
4.270
4.340
4.580
4.290
2.570
2.140
3.170
5.500
6.530
5.340
3.290
3.760
2.850
2.190
3.950
6.280
7.950
4.930
5.100
3.500
3.280
3.580
2.590
2.250
2.840
3.130
3.340
4.050
3.930
3.460
5.250
5.060
4.210
4.020
4.440
6.520
4.220
3.850
2.580
2.610
2.860
3.020
3.830
4.140
4.300
5.470
4.290
5.110
4.390
3.780
4.450
4.930
5.050
4.680
5.040
3.970
3.490
3.530
4.410
5.240
3.290
3.460
4.270
2.430
2.480
2.920
2.350
3.440
4.990
4.010
3.590
3.140
2.680
3.210
4.380
2.810
2.970
3.810
3.310
3.820
5.400
4.390
4.080
2.650
3.080
4.140
2.900
3.160
3.020
3.800
2.810
1.550
3.130
5.170
3.060
3.010
4.950
3.970
5.250
5.140
5.760
4.670
4.510
4.560
2.980
4.090
4.470
3.500
4.010
3.210
4.190
3.020
3.220
3.950
5.760
4.590
2.700
2.550
2.370
2.840
4.260
5.140
3.310
5.420
7.840
6.050
5.470
4.190
3.390
4.310
4.810
4.750
5.510
5.410
3.700
3.940
4.000
4.100
4.470
5.140
4.260
4.440
3.710
3.740
3.710
5.310
3.560
2.260
2.420
3.410
2.940
3.080
2.070
3.120
4.910
5.770
3.960
2.990
3.290
4.000
5.980
4.760
6.040
6.010
5.700
6.970
3.820
2.590
1.980
2.420
4.110
3.780
5.770
8.060
4.880
3.370
4.290
4.680
5.850
5.470
5.490
3.040
2.800
3.390
3.580
2.980
2.700
2.980
2.840
4.080
3.430
3.740
2.950
2.000
2.730
3.120
3.710
3.340
5.550
6.730
5.440
4.330
3.790
3.670
3.270
4.310
3.260
2.430
3.630
3.930
3.290
3.410
5.350
6.570
4.080
2.700
2.320
2.860
3.510
3.960
4.320
4.460
4.970
6.040
6.300
6.930
7.950
6.160
6.390
3.980
2.950
4.440
3.170
4.430
4.980
4.930
5.190
5.330
3.950
2.800
4.140
3.590
4.260
2.400
4.180
6.610
6.240
5.020
5.500
4.440
3.860
4.660
5.460
7.290
6.480
5.190
2.830
4.530
5.860
4.930
4.600
4.850
5.710
4.480
4.920
7.300
8.420
3.720
3.240
5.280
7.080
4.480
4.100
5.780
4.260
3.130
3.580
3.370
4.600
6.200
4.330
3.720
4.390
3.920
5.860
8.120
7.880
5.790
4.490
3.630
3.230
3.520
2.440
2.540
2.630
4.270
3.810
3.860
4.930
3.390
3.850
5.760
6.120
4.990
3.850
3.440
3.270
5.470
5.540
3.590
4.000
4.440
1.800
2.730
2.990
3.140
4.750
3.940
3.090
2.880
3.050
4.270
6.430
4.690
4.690
5.040
6.710
6.540
6.390
5.050
4.240
6.260
8.640
9.110
6.870
5.480
6.540
8.000
4.880
3.740
3.950
3.090
3.310
3.010
3.790
4.240
3.530
3.800
5.530
5.830
4.990
2.860
3.320
5.100
4.560
3.530
3.310
4.010
2.130
2.440
2.810
3.020
1.810
2.660
3.600
3.200
2.980
2.870
4.660
3.070
4.760
5.410
5.060
5.760
3.610
1.750
2.530
3.310
3.580
4.170
5.640
4.590
2.780
3.710
2.690
2.910
3.050
4.780
4.750
4.190
5.330
3.200
2.440
3.320
4.000
3.860
3.350
2.730
4.100
3.560
3.430
3.040
3.280
4.580
4.650
2.840
2.870
3.130
3.360
2.040
2.750
3.340
5.150
4.460
3.380
3.270
3.020
4.100
5.150
5.470
7.190
5.280
6.060
5.360
5.210
7.580
9.170
6.870
3.860
3.160
5.510
7.360
6.020
4.670
3.060
4.230
5.690
5.790
4.980
3.570
5.640
5.330
5.280
4.740
3.750
4.840
1.880
3.230
5.510
6.350
6.510
6.300
5.320
4.150
5.090
4.480
4.110
3.940
6.280
5.210
4.200
5.610
5.170
4.840
4.560
6.600
5.210
4.380
6.070
6.130
6.230
2.350
2.250
2.700
2.770
4.600
6.320
5.060
4.180
2.260
3.020
3.600
3.270
3.810
3.350
4.190
4.040
3.490
3.150
2.850
2.190
3.720
4.970
5.190
5.880
3.210
4.220
5.070
5.310
5.780
5.260
4.390
3.890
5.270
2.810
3.510
5.000
5.790
5.880
6.290
6.570
2.630
3.220
3.700
3.460
4.440
3.090
4.590
3.920
5.490
3.820
3.670
4.690
4.450
4.040
2.850
5.090
5.100
5.060
6.450
4.930
5.460
7.800
6.570
3.100
2.710
3.160
4.430
5.910
6.310
6.540
8.110
9.900
8.320
5.270
4.430
5.600
4.600
4.530
3.270
5.350
4.950
5.210
3.220
2.500
2.580
2.870
2.770
3.850
4.520
4.840
6.160
6.230
5.620
5.490
4.080
3.810
3.340
3.430
2.930
5.000
4.080
2.990
4.140
5.720
7.000
5.150
6.580
4.030
5.250
5.410
6.450
4.630
4.150
5.550
6.410
4.800
3.530
4.480
3.670
4.140
2.240
1.450
1.820
2.560
1.510
3.130
3.780
4.270
4.190
2.690
3.660
3.140
3.960
6.200
3.570
4.780
5.730
3.810
2.480
2.910
4.400
6.780
9.110
8.940
4.880
3.430
4.150
4.190
3.130
3.940
4.260
4.590
4.870
3.950
3.940
4.470
4.550
3.890
3.530
2.560
3.020
3.710
4.110
5.190
4.620
4.370
4.820
4.590
5.940
5.340
3.710
4.050
3.930
4.510
3.570
4.950
4.680
4.810
5.020
3.940
4.770
6.270
3.460
3.020
2.990
2.980
3.010
3.520
4.200
4.320
3.370
2.040
1.990
2.200
1.780
2.490
2.540
2.660
3.060
2.650
4.110
3.480
4.820
4.460
5.550
4.760
3.440
4.580
3.790
3.350
3.680
4.240
4.610
2.590
3.100
2.070
2.990
2.580
3.120
1.580
2.060
1.890
2.650
3.130
2.650
2.760
3.040
3.070
3.080
3.150
3.220
5.020
5.980
6.590
6.850
7.440
2.860
3.260
3.540
3.120
3.080
3.900
4.170
4.900
4.010
4.450
6.260
7.820
7.070
5.330
5.650
3.540
4.150
5.770
4.680
4.460
2.330
2.700
2.860
3.530
2.810
2.330
2.210
2.680
3.010
2.920
4.120
4.450
3.940
2.870
3.660
1.970
2.720
5.000
3.960
3.040
3.340
3.900
4.040
2.830
2.900
3.880
2.790
3.880
4.180
3.900
4.390
4.510
3.780
2.170
3.130
3.600
5.800
6.200
4.330
2.920
2.400
4.120
5.240
6.770
3.350
2.990
3.590
3.980
6.170
6.850
7.840
4.100
2.680
4.910
6.960
4.550
4.620
3.790
3.100
3.380
3.020
4.710
5.170
6.640
3.640
3.060
4.260
3.600
2.060
2.710
3.570
4.180
3.120
3.900
4.650
6.440
6.720
3.220
4.530
2.970
3.060
3.170
3.140
4.650
4.530
4.240
3.260
3.160
3.940
5.780
5.340
4.190
3.960
3.190
2.630
3.740
5.310
5.790
3.590
3.820
2.660
3.040
5.250
5.310
3.830
4.140
5.190
3.960
3.830
2.880
3.890
5.260
6.230
4.600
3.780
3.780
5.260
5.500
5.560
5.150
5.430
4.250
3.950
3.090
3.020
4.760
5.130
4.220
3.680
5.620
5.940
6.150
3.540
3.360
3.500
4.490
4.990
4.610
