4.750
5.280
4.100
3.390
4.410
2.870
3.090
2.780
3.040
3.210
3.040
3.900
5.140
6.040
3.810
4.310
4.610
5.280
5.100
5.610
3.440
3.760
3.830
3.460
4.460
4.610
5.030
5.850
6.780
6.270
4.880
3.100
3.540
3.710
4.850
4.710
4.540
4.580
4.100
3.920
5.330
6.300
7.290
4.650
5.510
5.370
5.490
3.650
4.320
4.650
4.150
3.790
4.030
5.060
6.210
6.820
4.510
3.960
5.060
6.370
6.000
4.980
5.330
4.490
4.710
5.260
5.190
3.390
3.130
3.900
4.510
4.120
4.190
5.370
6.360
5.940
5.370
4.440
3.130
2.430
2.580
2.260
2.720
2.630
2.700
3.440
4.850
4.760
4.170
4.670
6.120
5.900
6.370
7.180
8.360
7.040
4.740
4.710
5.030
4.170
4.290
4.170
5.100
4.590
4.100
5.120
6.540
5.420
4.710
5.690
6.640
5.170
5.440
6.460
6.360
5.800
4.620
5.170
5.190
5.510
5.640
5.800
6.050
5.640
5.020
5.570
3.580
4.810
6.070
5.700
4.480
3.790
4.370
3.650
3.500
3.870
4.030
4.590
5.170
2.060
2.630
3.720
4.870
4.950
2.970
3.360
3.260
4.010
3.830
4.950
6.120
7.370
8.410
9.810
11.000
12.300
16.000
18.800
10.900
5.760
4.190
4.190
3.420
4.550
5.360
5.270
4.120
2.540
2.770
3.600
4.200
3.210
4.120
2.990
3.560
3.080
3.360
4.600
4.480
4.960
4.000
4.260
4.140
4.920
4.900
4.540
4.200
4.330
5.400
6.590
7.620
7.300
7.800
6.680
7.210
8.680
9.160
5.530
5.990
5.550
3.830
2.840
1.980
2.800
2.910
4.090
5.190
5.860
5.240
5.140
4.260
2.060
2.580
3.760
4.250
3.240
4.340
5.430
3.280
2.950
4.110
5.200
4.050
3.210
3.680
4.710
6.020
7.050
7.730
5.990
3.320
3.920
5.210
5.900
5.280
3.050
3.080
4.320
5.540
6.950
7.080
3.270
4.190
4.600
4.910
3.830
3.740
3.530
2.130
2.970
3.290
3.850
3.810
3.210
3.040
2.640
3.120
4.050
3.610
3.240
3.340
4.390
5.710
6.870
4.580
3.070
3.210
4.220
2.880
2.200
2.970
3.570
3.860
3.880
3.120
2.180
2.990
4.370
5.620
6.720
7.830
5.710
3.780
3.450
4.480
4.090
4.870
3.360
4.170
5.170
6.120
3.830
4.810
2.720
2.940
4.100
5.260
3.950
4.190
4.690
3.460
3.740
2.990
3.880
3.920
4.710
5.870
5.280
6.300
6.120
5.100
2.760
2.800
3.340
4.140
4.400
3.370
3.150
3.130
2.610
3.290
4.110
2.100
2.030
2.260
2.920
4.050
3.870
3.660
4.810
5.880
7.150
7.330
4.520
3.190
3.720
3.530
3.290
4.450
5.690
4.920
2.920
2.680
3.510
3.410
4.620
5.550
5.260
4.670
5.490
5.030
3.210
2.470
2.780
3.640
3.240
3.290
4.330
4.620
3.700
2.870
2.980
4.120
3.100
2.490
3.700
4.880
4.770
5.170
4.900
4.690
4.730
3.610
3.960
3.890
3.120
2.130
2.110
2.370
3.200
2.690
2.000
3.100
3.100
3.360
3.810
3.960
4.050
3.670
3.600
3.740
4.080
3.080
3.430
2.990
3.170
3.700
3.500
1.890
2.870
3.930
4.760
3.720
4.290
4.710
5.100
5.640
4.740
2.880
2.920
3.960
5.310
6.390
4.690
4.370
4.520
3.900
4.870
5.850
5.330
6.380
5.760
3.520
3.780
2.770
3.100
3.150
3.380
4.170
4.250
3.650
3.570
3.370
4.050
5.330
5.970
4.300
3.210
2.280
2.350
3.220
4.310
4.330
4.910
6.190
5.190
4.610
2.280
2.700
3.960
5.090
6.210
7.520
8.620
7.250
6.480
5.020
5.980
5.610
3.730
4.290
4.740
4.760
5.280
6.140
5.140
4.620
5.830
6.390
5.210
5.190
6.350
6.590
6.820
6.420
6.300
6.530
5.290
5.690
6.890
7.320
6.950
6.800
4.650
4.610
4.650
3.940
4.170
5.440
3.240
3.140
3.170
4.490
5.210
5.210
4.930
5.090
5.600
5.660
6.420
6.500
6.510
3.920
3.060
2.290
3.040
2.510
3.580
4.690
6.010
7.210
7.830
4.040
3.830
3.830
4.800
3.760
3.950
4.690
3.440
4.170
5.210
6.610
7.820
6.210
4.830
4.470
3.870
4.030
4.560
4.800
4.740
4.490
5.690
6.630
6.130
6.440
5.640
4.520
2.550
2.620
2.690
3.900
4.840
4.700
4.960
5.420
3.720
3.810
3.750
4.390
3.480
3.810
3.510
3.980
4.020
5.190
5.710
5.620
6.260
5.830
5.040
3.980
5.200
3.830
4.290
4.900
4.730
5.640
7.250
8.040
9.350
9.070
9.440
7.680
8.420
7.990
5.570
6.540
5.410
4.550
6.010
6.540
5.030
4.110
3.980
4.460
4.540
3.530
4.460
5.920
6.890
7.040
7.180
7.580
5.830
4.320
3.900
4.850
4.880
3.790
3.500
2.930
3.000
2.750
3.660
3.450
4.220
4.140
5.290
4.880
4.100
4.610
3.210
3.710
3.510
3.420
4.600
4.820
2.980
2.590
3.140
4.470
4.080
2.970
2.860
3.190
4.220
5.560
6.090
3.930
3.490
3.980
2.980
4.050
4.360
4.670
4.650
4.150
3.380
2.850
3.200
3.390
3.240
3.270
4.170
4.150
4.410
4.870
5.560
3.290
1.950
2.410
3.460
4.900
5.910
6.160
4.690
5.270
4.770
5.570
5.260
3.450
3.960
5.190
6.270
5.480
5.130
3.380
3.860
4.480
4.740
4.120
3.130
3.020
3.120
4.170
5.370
4.690
3.150
4.150
5.370
5.570
3.790
3.720
4.890
6.280
5.780
6.420
5.120
4.850
3.750
3.530
4.590
4.920
5.340
6.130
4.930
4.620
4.780
3.900
4.840
5.330
5.400
6.300
5.760
6.480
5.470
6.350
7.560
8.410
6.220
3.580
2.240
2.630
2.850
3.240
3.880
4.900
5.860
5.440
6.610
6.210
6.870
4.340
3.880
3.130
4.250
4.840
4.960
5.470
5.410
6.010
5.600
4.690
5.570
6.230
5.800
6.870
5.910
4.110
4.390
5.630
7.020
4.450
3.780
2.860
3.060
3.310
3.300
3.740
3.060
3.270
3.080
2.440
2.840
4.040
3.850
4.760
6.090
7.230
8.290
7.550
4.390
3.750
3.190
3.600
3.340
3.730
3.740
3.310
4.050
2.930
3.850
4.290
4.010
3.040
3.740
3.870
4.600
5.540
6.730
8.020
9.670
7.250
4.220
5.290
4.120
3.460
2.710
2.580
3.590
4.600
5.910
5.480
6.490
4.510
2.810
2.780
4.050
5.090
6.390
6.420
6.930
7.480
6.750
7.970
8.050
6.880
8.280
7.020
3.000
3.010
2.830
3.170
4.220
5.170
3.480
4.560
5.190
5.140
5.930
6.570
6.300
4.880
4.770
3.440
3.000
3.490
4.760
5.820
7.430
6.750
5.000
5.400
4.230
4.200
4.490
4.630
2.790
2.270
3.490
4.180
3.830
3.760
5.060
5.240
5.750
6.490
7.750
8.430
6.020
4.360
2.110
3.090
3.780
3.510
3.440
3.070
3.040
4.290
5.340
6.070
2.110
1.840
1.970
2.980
3.390
3.900
3.870
4.580
4.190
3.590
3.510
4.190
4.960
4.850
4.310
3.170
3.460
2.490
2.390
2.530
3.430
4.240
3.350
4.180
3.510
3.490
4.530
5.920
6.740
4.870
4.600
3.830
4.010
4.170
4.760
4.360
4.020
4.090
3.730
3.590
5.000
4.600
4.380
3.810
4.650
5.570
6.530
6.050
5.430
4.000
3.700
1.830
2.540
3.320
2.950
2.610
3.360
2.580
3.290
2.610
2.440
2.490
3.150
4.360
5.430
6.200
5.880
4.360
4.010
4.150
4.950
6.260
7.230
7.250
5.250
4.250
4.100
4.960
3.630
2.870
3.300
3.780
4.890
4.870
5.430
6.260
7.400
5.090
5.560
6.420
2.830
3.220
3.300
4.300
4.520
4.980
5.490
5.640
5.240
5.690
6.710
5.870
4.560
4.610
5.310
6.390
7.370
8.100
6.850
6.140
5.150
4.040
4.030
5.240
5.760
5.540
4.150
4.300
5.560
5.800
6.050
6.940
5.120
4.970
4.410
3.370
3.390
3.370
3.560
3.810
3.480
2.500
3.170
4.440
4.470
4.980
6.300
7.340
7.180
5.440
5.260
5.550
5.330
4.930
4.330
3.900
2.780
3.950
5.110
4.750
4.670
4.840
5.800
7.170
7.160
4.070
3.000
4.290
4.830
4.960
5.800
4.920
4.240
5.410
4.900
6.020
6.750
8.250
6.390
3.860
4.960
5.060
2.800
2.930
3.650
4.770
4.330
4.880
3.480
4.090
4.240
4.650
5.780
4.740
4.290
5.350
6.520
7.870
7.410
6.320
6.070
3.460
3.130
2.580
2.530
3.660
4.260
3.060
3.880
5.390
4.160
3.740
3.530
4.650
5.850
7.070
5.500
4.850
6.040
5.530
4.780
3.080
2.580
3.560
3.650
4.530
4.910
3.370
4.670
5.710
6.430
6.230
5.780
3.960
3.810
4.680
3.230
3.930
5.030
6.210
5.210
6.530
7.210
8.750
9.390
6.410
5.760
6.000
6.050
5.940
4.950
4.220
3.750
4.970
6.090
7.460
6.810
5.200
4.980
4.620
3.950
2.470
3.060
3.300
1.730
1.970
2.550
2.720
3.530
4.550
4.510
3.130
2.460
3.490
4.170
3.100
3.980
4.900
3.650
3.360
2.350
2.590
2.620
3.700
4.980
6.130
6.970
6.260
6.560
6.090
5.800
5.140
5.620
6.890
6.020
6.010
5.760
5.030
4.070
2.320
1.780
2.640
2.220
2.570
3.010
4.320
5.570
6.020
2.980
2.560
3.790
3.820
3.780
2.990
3.960
5.110
4.370
2.610
3.720
5.030
6.190
6.230
6.040
4.510
4.650
3.720
3.340
2.700
3.650
5.100
6.070
7.270
6.960
7.660
6.700
3.780
3.010
4.100
5.070
4.880
5.660
5.110
5.790
5.310
4.630
2.920
2.950
2.550
2.720
3.790
5.140
3.630
3.010
2.830
3.740
5.110
6.120
7.590
7.800
7.580
6.350
4.890
2.130
3.270
4.360
5.760
4.870
4.380
4.480
4.260
4.400
5.490
4.530
3.390
3.380
2.870
3.630
2.470
3.130
4.480
5.720
5.870
3.530
2.610
3.670
3.490
4.460
4.040
4.960
4.670
5.170
4.560
5.820
5.190
3.050
4.080
5.090
4.700
4.380
4.870
6.210
7.460
7.940
7.440
4.960
1.930
1.680
2.780
3.810
3.710
4.520
5.950
5.350
6.350
7.140
6.990
7.230
6.800
4.650
5.830
6.870
8.340
9.600
10.700
12.100
9.650
7.680
8.840
9.410
8.500
8.320
7.210
6.630
5.930
6.870
7.230
6.660
7.550
7.800
7.180
5.910
4.090
4.510
4.450
3.960
4.550
4.650
3.790
4.880
5.850
5.150
4.740
4.950
5.020
4.170
3.350
3.700
4.010
4.360
4.190
5.100
4.920
5.500
5.710
5.430
3.800
4.180
4.190
5.420
6.420
7.580
6.890
6.080
3.460
2.320
2.830
4.020
5.190
5.040
5.510
6.670
6.500
6.820
4.540
4.930
6.060
7.540
8.640
5.980
3.930
3.530
4.780
5.880
7.260
8.270
7.630
5.460
3.500
4.030
3.490
3.020
2.630
1.850
1.320
2.140
2.500
2.930
2.970
4.100
3.890
4.960
5.910
3.660
3.830
3.420
4.150
3.810
3.390
4.450
5.340
4.040
4.530
5.840
6.340
6.550
6.490
5.980
5.260
6.210
6.960
8.160
6.990
8.410
5.980
4.050
2.980
3.150
4.240
5.570
6.750
6.280
6.570
5.780
6.920
8.050
7.730
7.660
6.780
7.940
9.310
6.800
5.260
5.350
6.430
6.190
6.150
4.710
4.870
5.650
5.500
4.840
2.980
2.650
3.130
2.630
3.600
4.780
6.090
5.570
6.300
7.050
6.710
7.590
8.220
6.100
5.600
5.460
5.210
5.210
4.680
4.730
3.490
2.560
3.040
4.440
5.360
6.780
5.930
7.310
7.770
9.160
7.970
9.240
6.460
5.950
4.610
4.410
5.420
6.480
3.830
4.950
4.820
5.490
6.870
6.660
4.650
4.370
5.240
6.060
7.270
5.050
5.330
6.300
4.530
4.850
6.050
5.560
6.430
5.470
3.370
3.080
3.490
3.790
4.890
6.220
5.660
6.300
7.440
8.530
9.740
8.750
3.490
4.120
3.930
4.850
4.550
5.000
4.830
5.000
4.190
3.900
4.310
4.930
4.400
3.300
2.650
2.750
3.960
5.130
4.100
4.100
5.040
4.750
5.530
6.890
7.380
7.090
6.900
5.440
4.820
3.120
3.350
3.510
3.100
3.610
4.750
4.110
2.260
2.510
3.730
4.890
5.060
3.460
1.900
2.900
3.970
4.190
3.210
3.450
3.390
3.720
3.580
3.600
3.150
4.090
3.920
3.360
4.410
4.400
5.070
6.090
5.640
6.530
6.920
7.140
7.530
6.000
5.310
6.350
7.290
7.550
5.500
3.680
2.580
3.730
3.760
4.380
5.820
5.830
4.970
5.120
6.530
5.050
4.980
4.260
3.640
1.900
2.190
2.810
3.270
3.500
3.120
2.430
1.900
2.370
3.380
3.600
2.940
3.700
3.880
3.630
4.390
5.760
5.510
4.710
4.440
4.850
4.300
5.310
6.460
6.950
4.340
3.890
4.260
4.460
5.690
4.260
2.970
3.060
3.880
4.980
4.400
4.170
5.350
4.930
4.150
4.170
4.410
4.450
3.700
4.880
4.960
5.420
6.140
5.940
4.590
4.000
2.800
3.350
3.560
4.100
4.600
4.030
4.170
4.010
4.900
5.920
6.610
4.850
5.340
6.460
7.660
9.090
8.720
8.820
9.930
8.410
9.330
5.200
6.320
6.390
6.710
5.830
4.710
3.100
3.270
3.710
4.370
4.100
5.110
6.370
4.050
4.810
5.070
5.420
4.550
4.230
3.420
4.700
5.290
4.120
4.370
5.710
6.870
6.440
5.320
3.610
3.670
3.850
4.620
5.660
4.090
3.980
4.120
5.410
5.200
5.830
6.640
6.350
6.860
5.990
6.640
4.430
2.490
2.770
2.320
2.910
3.480
2.710
3.120
4.160
5.370
6.610
7.150
7.510
7.330
6.490
3.900
4.960
4.850
4.120
3.710
3.570
4.530
4.360
3.630
4.780
4.620
5.310
5.640
4.810
4.870
5.690
4.560
4.230
4.290
5.340
6.130
3.760
2.510
2.780
2.320
3.370
3.320
3.120
2.930
1.990
3.060
3.950
3.810
4.820
6.100
6.360
3.820
3.750
5.110
6.140
5.910
6.520
7.620
6.580
5.090
3.340
3.130
2.460
2.920
3.920
4.310
4.510
4.470
5.140
5.280
5.030
4.320
4.090
4.980
6.150
4.600
4.390
4.360
4.710
4.840
6.100
7.170
6.600
6.880
6.380
3.700
4.580
4.070
3.920
5.030
4.830
5.070
4.470
5.480
3.970
4.080
4.050
4.620
3.750
4.510
4.410
4.980
6.040
5.480
3.370
3.930
5.320
6.200
5.910
6.580
7.630
8.760
9.740
6.230
5.760
6.070
4.580
2.910
4.120
5.170
5.700
3.860
3.480
4.650
5.510
4.150
4.550
4.670
2.020
1.700
2.030
3.080
2.840
2.880
3.950
4.460
4.550
5.780
6.780
6.450
4.610
4.670
4.230
3.480
4.430
5.460
5.240
4.700
5.290
6.280
6.680
6.570
6.440
5.240
5.260
5.190
4.610
4.400
4.140
3.100
2.970
2.700
3.720
4.670
4.410
4.610
4.890
6.060
7.090
7.510
6.780
5.790
4.400
4.100
3.040
3.950
5.240
5.980
4.470
4.820
5.760
4.760
4.050
4.240
5.510
5.050
4.290
5.170
6.310
5.540
6.160
5.110
5.480
5.470
5.480
6.370
7.240
6.040
3.430
3.760
4.710
6.070
5.820
4.030
3.120
3.760
3.870
4.630
5.930
5.310
4.240
3.790
4.990
3.870
3.370
2.580
3.880
3.880
3.390
3.240
4.050
4.440
3.850
3.830
2.970
4.140
5.240
4.650
1.980
3.020
2.250
2.940
4.220
4.240
2.970
3.340
4.510
5.310
4.990
5.030
2.510
2.510
3.810
4.430
3.730
2.950
3.150
3.890
5.060
4.910
5.760
6.750
8.100
9.290
9.150
5.240
5.050
6.300
7.320
5.260
3.740
4.580
5.120
3.480
2.560
3.630
3.980
4.470
5.320
4.000
4.100
5.260
5.150
4.070
3.560
4.650
5.700
5.660
4.650
5.430
6.060
5.800
5.710
5.640
6.820
7.440
3.600
3.060
4.070
4.320
3.490
4.440
4.490
4.840
5.730
7.270
8.100
7.530
8.440
6.490
4.480
4.780
4.690
5.140
4.740
5.570
5.900
5.360
5.630
5.330
5.660
5.430
3.930
3.730
3.340
4.610
