4.800
5.200
5.390
6.370
5.340
3.410
3.150
3.720
4.950
5.410
4.240
4.290
4.290
4.270
4.680
4.930
5.260
6.140
5.830
4.830
5.170
5.170
3.970
3.000
3.380
3.290
3.040
3.290
3.960
4.030
4.240
4.290
5.340
6.540
5.480
4.700
3.010
2.950
3.060
3.150
2.410
3.520
3.950
4.310
4.070
3.050
3.270
3.610
3.830
3.610
3.640
4.110
5.250
4.320
3.650
3.820
3.930
4.530
5.850
4.680
3.090
3.350
2.840
3.830
5.170
3.660
4.050
5.280
3.590
4.080
4.290
3.700
3.240
3.520
2.770
2.570
3.420
2.770
3.460
4.620
5.440
5.100
6.140
5.490
4.600
3.980
3.830
3.600
3.530
3.900
4.220
4.200
3.830
5.100
3.530
3.410
3.810
3.320
3.240
3.600
3.630
3.600
4.190
4.360
4.690
4.120
4.240
5.350
4.310
2.710
2.750
3.790
3.630
4.580
5.130
3.680
4.440
5.870
6.830
7.260
6.990
6.130
6.210
5.360
5.260
6.590
5.720
4.850
5.580
4.300
4.550
5.980
7.100
6.050
7.310
5.370
5.120
4.870
3.900
4.960
5.580
5.460
6.630
5.110
5.150
5.760
5.610
2.570
2.840
4.230
4.450
3.930
4.340
4.050
4.530
5.130
5.730
6.630
5.730
3.350
3.380
4.220
4.050
3.370
3.430
2.810
2.660
3.510
3.660
4.300
3.720
3.170
3.340
4.480
5.600
5.290
4.010
2.880
2.200
2.710
3.710
4.950
3.490
4.040
4.510
3.810
3.920
4.170
4.970
3.270
2.850
2.690
2.930
3.810
2.680
3.750
4.830
3.410
3.870
4.970
3.090
2.860
3.930
3.780
4.740
3.060
3.130
3.760
2.780
3.440
2.650
3.540
3.090
3.390
4.160
3.610
3.530
4.360
4.410
4.070
4.250
4.360
4.470
3.900
2.980
3.860
3.670
3.640
2.640
1.980
3.080
3.640
4.010
3.970
3.130
4.410
5.630
5.730
4.510
3.580
4.950
5.980
4.400
4.390
3.980
3.440
4.780
4.840
4.300
3.520
3.130
3.060
3.850
3.860
3.350
3.120
4.030
5.280
3.960
4.120
3.930
4.820
5.870
6.140
4.970
3.920
4.810
6.160
5.640
4.810
5.360
3.930
4.540
4.230
2.590
2.780
3.480
3.490
4.390
3.850
3.360
3.390
3.520
2.130
3.060
4.220
3.880
4.930
4.540
3.980
4.270
4.910
5.700
4.410
2.880
4.290
5.310
6.590
6.390
4.010
4.490
5.290
5.290
4.870
5.100
6.200
5.770
6.510
7.510
4.580
3.070
3.500
4.700
6.140
4.810
4.110
3.960
4.730
4.550
4.650
3.090
3.370
4.270
4.780
4.850
5.000
4.620
4.660
5.560
4.540
3.310
3.370
3.970
4.120
2.590
3.170
4.510
5.610
7.040
7.980
9.290
6.990
5.730
5.470
6.280
7.470
8.760
7.470
8.640
9.770
10.100
8.990
5.950
6.160
6.780
6.640
7.270
8.050
4.910
5.720
4.980
6.050
6.670
5.250
5.310
5.800
5.800
6.540
4.590
4.710
5.820
5.870
6.420
6.770
4.730
4.220
4.930
5.850
5.710
4.580
5.710
5.640
3.380
3.830
5.180
6.230
5.900
4.610
5.980
6.080
3.960
4.010
5.060
6.570
5.460
3.480
3.440
4.100
5.140
5.970
3.760
2.490
3.380
3.800
4.290
4.400
3.630
4.390
3.170
3.060
3.740
4.080
4.430
5.430
6.920
7.770
5.310
4.550
4.880
5.760
6.940
8.320
7.610
4.830
2.990
3.420
4.170
3.290
3.130
2.700
3.630
4.980
5.490
5.370
6.280
7.520
7.530
5.390
4.620
4.540
4.080
4.550
5.320
3.710
3.940
2.650
2.290
2.650
4.030
5.120
6.390
7.090
6.710
6.850
6.280
7.300
6.890
5.370
6.450
7.510
7.550
5.290
4.650
5.760
7.170
8.340
9.270
9.270
6.640
6.870
6.370
7.510
6.390
4.030
4.770
6.100
6.190
6.540
7.230
7.480
4.950
4.180
3.750
4.380
4.680
5.470
4.630
4.400
5.660
6.660
8.060
8.100
8.040
6.870
5.040
3.580
2.580
1.730
2.130
3.290
4.480
4.050
5.030
3.140
4.050
5.400
6.380
4.100
4.710
6.040
7.210
8.570
7.380
4.450
4.440
2.920
3.050
4.140
3.800
5.000
6.050
7.460
8.200
7.210
5.720
5.070
6.260
6.260
6.220
5.790
5.310
4.380
4.920
4.470
3.290
2.660
3.660
4.870
6.230
7.220
6.610
5.940
6.570
5.710
6.730
4.530
3.290
4.070
3.170
3.050
3.410
4.820
5.330
5.190
6.060
5.880
6.260
5.330
4.580
5.650
5.460
6.260
7.300
8.530
8.840
7.090
6.580
6.410
6.040
4.370
5.090
3.800
3.900
5.070
4.850
4.120
3.100
3.150
2.090
3.150
4.480
5.260
4.530
4.240
5.660
6.670
5.500
4.090
3.120
4.240
4.300
2.430
1.020
1.800
1.640
2.510
3.500
3.830
2.830
3.050
4.120
5.530
6.460
5.930
5.060
5.370
3.640
3.530
3.560
4.000
4.270
4.660
5.430
5.910
5.840
4.190
4.580
4.120
3.760
3.920
3.500
3.060
2.660
2.580
3.880
4.950
6.080
5.490
6.670
6.380
4.300
3.980
4.910
4.530
3.930
4.970
5.760
5.530
5.830
6.440
6.630
7.550
5.700
5.310
4.900
6.040
7.010
7.890
5.330
4.450
4.160
3.510
2.460
3.230
3.930
4.170
5.290
5.040
4.510
5.190
6.100
4.320
4.600
3.760
2.840
1.780
1.910
2.140
3.360
4.510
5.470
5.100
6.010
6.260
6.360
7.120
6.090
5.050
5.850
5.920
6.570
5.780
6.120
3.500
3.600
4.740
5.910
5.610
4.230
4.070
5.100
6.000
4.400
3.600
2.870
2.650
2.750
3.130
3.530
4.000
5.030
6.000
4.590
4.600
4.460
5.190
5.210
2.710
3.500
3.450
3.440
2.790
2.130
2.640
2.190
3.060
4.240
5.120
4.750
4.090
4.690
4.660
3.230
3.850
5.120
4.260
2.880
2.730
3.780
4.730
3.060
3.100
3.520
2.170
1.670
1.810
2.920
4.230
5.220
5.070
4.260
3.290
3.240
3.630
3.650
3.890
4.730
3.850
3.460
3.170
3.150
3.170
4.170
5.110
4.910
5.470
4.460
4.220
4.170
3.890
4.600
5.900
5.980
6.260
7.080
8.320
8.250
8.430
9.360
9.970
10.800
9.340
8.430
5.530
5.130
4.740
3.080
3.650
4.690
5.500
3.600
4.170
3.030
4.330
5.470
6.810
7.160
5.860
3.320
3.580
4.950
4.260
2.630
3.870
5.030
5.310
5.730
6.460
7.110
4.540
5.270
4.830
4.240
3.590
2.370
2.760
2.270
2.400
2.810
2.150
3.150
4.510
5.570
4.400
4.190
5.530
4.490
4.080
3.390
3.540
4.800
5.400
4.530
3.360
3.150
2.950
3.050
3.240
4.030
3.810
4.630
5.030
5.270
5.780
5.570
6.600
6.630
4.230
5.210
5.120
5.370
3.200
3.440
4.170
4.040
2.970
3.420
4.690
4.320
3.490
4.530
4.370
3.720
4.120
3.010
4.330
5.110
4.820
5.870
6.930
8.600
7.590
4.140
3.490
4.930
5.920
6.390
4.650
3.890
4.880
4.900
3.580
4.760
6.000
7.160
6.280
6.960
4.600
5.050
6.460
4.550
4.560
4.170
5.100
6.120
5.900
3.350
4.190
5.190
6.230
5.650
4.930
4.260
5.070
5.880
5.180
4.290
3.490
3.940
5.210
4.380
3.600
3.040
2.570
2.750
3.570
3.560
4.140
4.050
4.390
4.360
5.310
4.680
3.260
2.420
2.610
3.810
4.870
4.690
5.640
6.770
6.050
7.020
7.630
5.440
4.330
4.220
4.190
4.220
3.870
2.810
2.870
1.980
2.870
4.120
4.960
4.680
5.620
6.190
4.480
3.610
4.690
6.000
4.690
2.860
2.710
2.950
2.730
3.000
3.420
3.580
4.330
4.240
4.740
4.690
4.340
3.130
3.590
4.730
6.150
7.000
4.520
3.510
4.530
4.740
4.030
4.620
5.470
3.970
4.660
4.610
4.100
3.560
3.940
3.240
3.580
4.080
2.150
2.510
3.020
3.440
3.900
4.450
4.250
4.050
3.980
4.830
6.190
7.170
5.910
4.580
4.220
4.190
5.060
5.320
5.280
3.790
4.170
4.830
4.820
4.400
5.240
5.420
5.780
6.070
6.000
5.650
4.100
4.050
2.650
2.350
2.330
3.490
4.450
4.090
4.710
4.760
4.080
5.100
4.080
3.950
5.290
2.750
2.370
1.580
2.400
3.580
3.650
4.220
5.420
5.190
4.910
3.360
4.650
3.980
3.650
5.020
4.480
4.510
4.830
5.970
6.160
4.550
5.210
5.660
4.150
4.150
3.520
4.310
3.530
3.920
4.480
4.260
5.400
4.460
4.070
5.140
5.600
4.880
4.980
6.070
6.280
6.320
7.250
7.110
3.380
4.240
5.630
5.410
6.090
4.740
3.360
3.700
4.840
6.260
5.770
6.390
5.270
5.350
5.730
4.840
4.310
5.570
6.710
7.760
6.450
5.470
4.890
4.970
5.550
5.720
5.910
5.190
4.030
5.000
5.020
4.910
3.810
3.510
3.900
4.260
3.880
2.710
3.310
3.700
4.440
4.760
5.260
6.710
7.630
7.620
7.160
6.640
4.690
2.190
2.280
3.480
4.600
4.760
4.190
3.850
4.050
4.120
2.810
2.210
2.900
4.340
5.250
5.250
3.350
3.980
2.540
2.360
3.080
2.100
1.930
2.490
3.240
3.170
4.370
4.380
4.430
4.530
5.400
6.360
4.000
5.050
6.060
7.560
6.210
4.140
4.180
4.270
5.510
6.460
7.400
4.950
3.860
1.970
2.810
3.000
4.070
3.630
4.650
5.710
7.100
8.060
8.620
5.410
4.470
4.110
2.840
2.530
3.720
5.000
4.760
4.780
3.420
2.920
4.140
5.390
6.390
8.030
8.160
6.020
6.320
7.510
4.830
5.550
6.660
7.550
6.710
5.830
6.160
5.000
3.830
3.010
2.320
2.970
3.790
3.820
3.080
3.340
4.670
5.640
6.810
5.790
5.510
4.680
5.510
5.140
6.210
6.990
7.430
6.800
5.040
5.070
6.070
4.690
4.710
4.150
3.950
4.740
4.530
3.500
3.350
4.530
4.400
5.000
4.190
3.720
4.960
4.240
3.170
2.610
3.700
4.810
4.220
3.890
4.430
4.710
5.850
6.970
7.730
5.870
3.140
3.800
3.720
4.600
5.550
3.480
3.230
2.990
3.520
3.460
3.080
2.800
2.840
3.970
3.600
3.460
4.520
3.950
2.570
3.720
4.900
4.820
5.060
4.550
5.620
6.520
6.210
6.810
6.070
7.050
7.540
4.600
2.990
3.860
4.430
4.190
3.010
4.120
5.170
5.220
4.250
4.410
3.600
4.290
4.400
3.940
4.520
5.220
3.900
4.760
4.480
3.760
4.880
5.240
2.560
2.060
2.260
2.580
3.710
4.750
3.040
4.000
5.260
5.030
4.760
4.900
6.230
5.730
5.980
5.780
4.980
5.510
6.120
5.830
6.920
6.930
7.720
7.950
8.930
9.880
8.820
9.780
9.650
7.610
3.930
4.200
3.450
4.330
4.440
4.530
4.740
3.970
3.830
4.470
4.020
4.380
4.260
3.320
3.430
3.360
3.120
3.700
3.500
3.650
3.350
3.120
2.930
3.930
4.190
2.970
3.480
3.580
3.850
3.880
3.170
4.360
5.550
5.760
4.760
5.310
6.410
6.300
5.370
4.890
5.020
6.160
7.270
8.680
7.910
4.520
2.970
3.520
4.630
4.690
5.090
5.900
3.930
3.220
3.310
4.260
4.170
4.270
4.250
3.140
3.860
4.900
5.030
3.460
3.580
4.600
4.970
3.830
4.660
4.560
5.620
6.460
5.460
5.040
6.210
5.800
4.960
2.930
3.230
3.010
2.540
3.270
3.480
4.380
5.480
4.980
3.790
3.900
3.960
3.600
3.130
4.050
4.070
4.710
5.130
4.820
4.340
5.510
5.730
4.530
4.100
4.650
5.920
6.870
6.380
6.960
5.900
6.520
6.060
6.120
5.910
6.850
5.400
3.800
2.900
2.750
2.940
4.110
4.670
4.810
5.920
5.350
5.860
5.310
4.990
4.410
3.320
4.490
5.800
5.370
6.020
5.240
6.440
5.410
5.540
5.390
5.060
5.760
6.510
8.020
5.980
3.630
3.630
4.430
4.510
4.170
4.010
2.840
2.990
2.260
2.800
3.670
3.700
4.380
5.700
5.430
4.610
5.130
6.080
5.710
6.820
6.560
7.040
7.730
6.000
5.510
5.330
3.580
3.530
3.760
4.520
5.000
4.990
3.190
3.950
5.350
5.200
5.130
4.870
5.020
5.330
4.390
3.140
3.700
3.980
3.890
3.760
3.270
2.850
2.790
3.190
4.260
4.650
4.370
4.040
3.860
4.240
4.530
4.960
4.830
3.130
3.560
4.240
4.780
5.600
5.330
5.440
5.120
4.050
4.530
5.120
4.560
3.800
4.110
5.030
5.730
5.570
5.710
5.690
5.280
4.490
4.550
4.100
3.010
3.420
3.700
4.110
4.320
5.140
3.090
2.760
2.880
2.440
3.220
3.070
2.580
2.570
3.390
3.450
4.550
4.810
5.120
4.740
5.280
4.400
4.220
5.570
6.800
7.990
6.600
8.180
6.520
4.000
3.130
3.930
2.590
2.700
2.940
3.730
3.790
3.370
4.170
5.460
5.370
5.210
4.880
4.620
3.720
2.990
3.270
4.440
5.760
6.940
5.100
3.060
3.100
4.360
5.280
3.440
1.480
1.930
2.680
3.740
5.020
4.840
5.510
6.170
5.900
6.650
5.310
4.600
4.820
5.240
4.850
4.690
4.650
3.760
3.920
5.150
4.150
4.030
5.420
4.910
5.210
3.580
4.550
3.540
3.060
2.970
3.290
4.550
3.790
3.460
3.490
4.310
5.330
6.800
7.840
8.560
7.650
5.950
5.110
5.780
3.750
2.540
3.530
2.660
2.350
3.340
4.300
4.260
4.240
3.630
4.030
3.670
2.880
2.680
3.120
2.860
3.040
4.030
4.820
4.880
5.970
6.650
6.170
5.610
6.420
7.320
8.630
6.930
3.960
3.390
4.750
5.770
6.010
5.000
5.460
6.750
7.750
7.000
5.130
4.260
4.150
3.560
3.270
2.940
2.990
4.140
3.920
4.980
4.830
5.610
5.640
2.900
3.610
5.020
6.010
7.040
6.230
4.580
4.520
4.820
5.490
6.200
5.980
5.240
4.910
4.880
4.270
5.410
6.880
7.770
9.220
10.200
11.800
12.500
7.460
6.240
4.630
4.110
3.610
3.080
3.290
3.720
4.810
6.190
5.620
6.630
7.000
6.750
7.410
7.300
5.070
6.010
6.020
6.390
7.140
8.120
6.720
5.840
4.650
4.370
4.190
2.720
2.060
2.390
2.800
3.700
3.800
2.240
3.210
3.700
4.040
5.220
6.280
7.710
7.110
4.870
4.180
2.510
2.330
2.610
2.770
3.560
4.150
4.430
5.620
5.000
4.630
3.850
4.470
4.270
3.970
4.780
3.370
2.420
2.320
3.060
4.160
3.790
2.730
2.480
3.340
3.050
3.240
3.970
3.750
4.930
4.310
5.310
4.530
3.870
2.350
1.900
1.960
2.750
4.090
4.370
4.760
5.620
6.370
4.460
3.590
4.590
3.270
3.830
5.190
4.330
3.080
2.220
2.700
2.970
3.790
5.050
6.090
6.530
4.190
4.600
4.690
5.950
6.040
6.160
6.920
5.750
3.790
4.480
4.430
5.240
4.830
3.940
3.610
4.600
4.890
5.260
3.820
2.800
2.660
2.630
2.680
3.220
2.440
3.700
4.440
4.470
3.850
4.980
4.220
4.250
5.150
6.120
7.460
7.010
7.880
6.650
4.770
4.120
5.280
6.260
5.980
5.210
5.030
4.760
4.360
3.920
4.040
4.340
5.400
4.900
5.880
6.830
7.260
4.710
4.220
5.500
4.900
5.330
2.780
3.420
4.240
4.140
4.550
4.710
5.620
6.960
6.350
7.140
6.370
6.390
7.750
7.180
7.100
5.950
4.830
3.460
3.600
3.700
3.830
4.760
4.980
4.950
3.170
4.250
2.810
3.650
3.590
3.450
4.080
5.470
6.790
7.760
8.910
8.070
4.080
3.740
4.270
4.160
5.320
4.630
5.820
5.090
4.370
3.990
4.920
5.350
4.530
4.710
4.690
5.350
4.870
4.450
2.920
2.910
2.260
2.980
4.190
4.340
4.610
4.270
4.190
3.530
4.260
5.370
6.710
7.770
7.390
5.550
5.060
5.660
5.530
3.700
3.650
4.010
3.700
3.790
5.000
5.900
5.620
5.440
4.050
4.550
3.930
4.310
4.710
3.350
4.450
5.660
6.900
7.320
7.510
5.600
2.770
2.540
2.490
2.320
2.930
3.280
3.750
4.070
4.360
3.800
3.150
3.790
4.480
3.950
4.330
4.760
2.970
3.490
3.340
3.100
3.260
