1.870
1.690
1.470
2.170
3.300
3.600
2.930
4.150
5.320
4.880
2.900
2.270
2.680
3.270
2.660
3.210
3.820
4.380
4.050
2.860
1.420
2.060
2.970
3.410
2.350
2.470
2.830
2.980
1.300
2.240
3.350
3.870
3.200
3.300
2.580
3.960
4.030
3.380
3.480
2.730
2.480
2.410
2.070
3.060
3.170
3.430
2.580
3.670
4.270
4.450
3.000
1.880
2.480
2.360
2.940
3.650
3.740
3.140
3.140
2.250
3.060
3.510
3.900
4.030
4.490
4.120
3.630
2.730
2.630
2.350
2.340
3.100
3.100
2.810
3.290
1.850
2.060
2.790
2.640
3.000
3.940
3.760
4.310
3.210
2.000
2.940
2.930
3.980
3.980
3.820
3.790
3.800
2.480
2.410
3.490
4.710
6.130
5.780
6.130
4.730
3.660
3.190
3.280
3.760
2.790
1.660
1.830
2.830
3.520
1.950
2.830
4.090
4.430
2.440
2.190
3.240
3.500
2.870
4.080
3.310
3.130
2.690
2.630
1.850
1.980
1.960
2.110
2.850
3.080
2.320
2.550
1.820
1.910
2.650
3.210
2.720
2.320
3.440
4.670
5.620
5.240
4.170
3.810
4.310
2.590
1.050
1.770
2.190
2.090
3.270
3.080
2.840
2.190
2.580
2.720
2.040
1.770
2.200
3.390
2.360
1.850
2.140
2.650
2.320
2.770
3.220
4.490
5.100
3.850
3.490
2.250
1.800
1.640
1.820
2.620
2.210
1.990
2.200
3.280
4.360
3.340
2.870
2.880
2.150
2.350
2.660
2.220
3.510
4.620
4.740
5.150
4.380
3.280
2.410
2.720
4.080
4.460
4.650
4.290
2.920
2.250
2.200
2.270
2.660
2.880
2.630
3.460
4.740
4.670
4.080
3.290
4.140
3.320
3.370
3.080
2.650
3.370
3.410
2.930
3.710
2.880
2.710
3.210
2.710
3.060
3.090
2.460
1.820
1.550
1.540
1.520
2.430
2.640
3.640
3.090
3.170
3.130
4.330
4.550
2.790
2.240
2.510
2.580
3.070
2.430
3.590
3.940
4.260
3.950
2.870
2.320
2.140
2.410
3.670
4.510
2.950
3.040
2.760
2.950
2.870
3.200
2.610
3.140
3.630
4.560
4.710
3.600
3.410
3.790
3.060
3.130
3.670
4.710
4.080
3.460
3.080
2.980
2.330
2.440
3.430
4.210
4.250
5.140
5.250
2.290
2.200
2.150
2.270
1.690
1.740
2.540
2.860
3.290
3.220
2.510
2.530
3.290
2.970
3.040
4.080
2.800
2.910
3.190
3.440
3.920
3.950
4.920
3.740
3.630
3.340
2.340
3.490
4.390
3.800
2.990
2.900
3.440
2.460
2.090
3.280
3.100
3.270
2.340
2.470
2.770
2.780
3.430
2.400
2.640
3.890
3.570
3.310
3.460
2.910
3.970
4.770
3.200
1.680
2.200
3.350
2.510
2.510
2.580
1.270
2.210
2.640
2.440
3.310
2.420
3.080
3.010
3.070
2.650
3.020
3.020
3.940
4.970
4.960
4.970
3.360
1.930
2.170
3.190
3.830
3.310
3.590
3.850
4.730
5.110
3.280
3.480
3.390
3.790
3.170
3.170
2.400
3.450
3.940
3.270
3.920
3.150
2.250
2.550
3.930
3.630
4.540
5.760
7.000
6.320
3.040
2.790
1.880
2.730
3.420
4.220
4.320
3.430
3.370
4.240
4.890
4.710
3.360
2.990
1.340
2.060
3.030
2.460
2.050
3.210
4.370
5.720
5.060
3.240
3.790
4.840
5.410
2.810
2.170
2.260
2.780
2.460
2.610
1.980
2.470
2.580
2.680
3.360
2.910
2.770
2.720
3.010
3.800
3.320
3.560
4.670
4.510
5.370
6.300
4.600
3.060
3.270
3.100
1.450
1.260
1.730
2.270
2.750
3.280
3.760
4.120
4.000
4.450
4.030
5.020
3.860
1.520
2.090
3.240
3.600
2.410
2.870
3.510
3.630
3.340
2.800
3.050
3.070
2.070
2.920
3.390
2.570
2.250
2.280
2.580
3.640
3.510
2.900
2.800
3.000
4.170
5.260
6.540
5.250
4.690
3.230
3.290
3.100
3.490
3.900
2.200
2.550
2.970
2.990
3.790
3.200
3.340
4.580
3.970
2.680
3.440
4.650
4.430
5.210
5.320
4.480
3.430
3.950
3.820
4.970
4.960
5.340
3.720
2.880
3.510
3.760
4.760
3.870
2.340
2.910
3.080
3.030
2.680
2.540
3.830
4.840
5.260
5.370
6.210
5.870
4.310
2.830
2.870
4.020
3.970
3.340
4.080
4.270
3.210
3.140
3.300
2.930
2.990
4.310
3.200
2.800
2.400
1.910
2.210
3.280
4.070
3.140
2.430
2.140
2.870
3.520
3.210
3.240
3.200
2.440
2.860
2.950
2.790
2.920
2.000
1.310
1.680
2.660
2.860
3.380
1.710
1.740
2.110
2.920
3.580
3.350
3.320
3.310
4.020
3.500
2.780
2.130
2.700
3.360
2.330
1.770
2.980
2.560
1.880
2.990
3.880
3.930
4.090
4.550
3.510
3.780
3.370
3.240
4.150
5.500
6.340
4.560
3.830
2.290
2.640
3.290
4.550
5.020
4.410
3.280
2.750
2.860
2.810
1.420
1.640
2.500
1.990
1.910
2.510
3.040
4.040
2.680
3.920
4.900
3.900
2.460
2.050
1.580
1.920
2.320
3.460
3.560
2.180
2.190
3.140
4.340
5.200
2.440
1.960
2.180
3.570
4.480
4.190
2.680
2.460
2.000
1.880
1.020
1.750
1.360
1.100
2.220
1.990
1.990
2.120
2.830
2.340
2.730
2.430
2.770
3.050
2.790
2.810
2.700
2.800
2.270
1.140
1.690
2.110
1.730
2.330
3.560
4.360
4.240
4.400
3.740
4.270
5.540
5.500
5.710
3.510
2.800
2.370
2.690
2.470
1.690
2.260
3.300
2.930
2.940
2.700
3.010
3.790
3.870
4.250
3.760
3.670
3.890
3.170
4.190
4.620
5.400
4.710
1.640
1.920
2.640
3.010
4.050
4.030
2.290
3.090
2.240
3.290
4.620
5.430
3.780
2.260
3.390
3.510
2.390
2.860
2.860
3.410
3.240
1.950
1.750
2.920
4.240
4.050
3.980
2.690
3.010
4.150
4.900
4.030
3.700
2.760
4.020
3.480
3.320
3.720
2.710
2.720
3.080
2.690
3.700
3.540
4.780
5.800
3.150
2.200
1.450
1.710
1.330
1.730
2.810
3.220
3.060
1.730
2.310
2.560
3.950
3.720
3.200
3.260
3.960
3.090
1.930
1.710
2.680
3.890
3.020
3.460
3.300
2.220
2.360
2.850
2.610
2.540
2.500
2.850
3.360
3.920
4.380
3.760
2.940
2.470
2.900
1.930
1.880
2.660
2.330
1.760
2.180
3.290
3.530
3.530
2.430
2.020
2.370
2.610
3.140
3.970
3.650
4.310
2.750
2.150
2.400
2.220
1.660
2.330
3.700
4.850
4.920
3.010
2.200
3.210
3.610
3.350
3.740
4.550
3.320
2.790
3.050
3.350
3.040
3.410
4.510
5.240
2.970
1.510
1.840
2.050
3.230
2.850
2.730
3.040
2.220
3.010
2.780
1.400
1.810
2.830
2.790
2.970
3.820
2.180
1.770
1.900
2.930
3.040
2.850
2.690
2.830
3.570
3.090
3.450
3.300
2.430
2.120
2.020
1.680
2.660
2.810
2.050
1.800
2.940
2.940
2.290
2.420
2.860
2.290
1.960
1.910
2.180
3.080
4.260
4.360
3.440
4.550
5.710
5.350
3.830
3.320
2.560
2.650
3.380
3.350
4.670
5.240
4.000
3.490
2.610
2.000
3.000
2.990
1.690
2.390
2.660
1.830
1.550
2.110
2.860
3.360
3.350
3.930
2.930
2.330
3.340
4.040
2.660
2.770
3.790
4.200
3.380
2.260
2.680
1.960
2.040
1.320
1.830
2.480
1.290
1.840
2.950
4.290
3.860
2.350
3.600
3.790
3.360
3.370
3.040
2.650
2.630
2.270
2.580
3.940
4.750
4.610
4.810
3.560
2.180
3.350
4.140
2.880
2.710
1.870
1.890
2.410
2.440
3.370
4.740
5.650
6.480
5.370
3.310
3.440
3.760
4.170
4.930
1.800
2.270
3.530
4.670
3.860
3.720
5.170
4.360
3.640
3.380
3.940
4.220
4.360
3.310
4.010
2.780
1.800
2.320
2.280
3.010
2.270
2.990
3.970
3.960
4.430
4.530
3.340
2.490
3.440
3.270
3.700
2.980
2.690
3.700
2.900
2.240
1.760
2.800
4.020
5.270
2.650
1.480
2.340
2.870
1.640
2.470
1.750
2.130
3.310
3.150
3.720
3.850
2.880
3.070
3.360
2.500
2.110
2.930
3.320
3.210
2.840
2.460
3.360
2.440
2.470
2.880
3.640
2.400
2.260
3.570
4.540
4.200
1.820
1.970
2.170
1.270
1.590
2.320
2.790
1.490
1.170
1.930
3.100
4.250
3.310
2.100
1.880
2.900
4.010
5.280
6.510
7.000
4.650
5.680
5.780
5.100
3.530
4.730
4.670
2.640
2.370
2.090
1.890
1.810
1.530
1.270
2.090
1.710
2.190
2.440
2.120
3.060
3.280
2.950
3.980
4.600
4.690
5.400
4.120
3.210
4.150
3.570
3.060
3.510
3.510
2.440
2.120
3.290
3.700
1.910
2.030
3.350
2.640
3.050
2.860
2.180
1.490
1.670
1.810
2.780
2.770
4.050
3.530
2.680
3.200
4.530
5.350
3.680
2.330
1.950
2.470
3.010
3.480
4.550
4.190
3.390
4.740
4.950
5.130
3.480
3.010
3.350
2.550
3.760
3.890
3.240
4.360
4.550
4.050
3.450
3.100
2.970
3.650
4.120
4.440
3.970
4.850
5.410
3.950
3.440
3.170
3.040
2.480
2.020
2.260
2.730
2.140
3.360
4.460
5.440
2.760
3.480
4.690
3.390
3.560
2.840
2.280
2.410
3.240
2.310
2.090
2.360
3.540
1.990
1.330
2.060
2.850
2.470
1.850
2.090
2.220
2.470
2.860
2.680
2.780
2.790
2.880
4.310
4.980
4.810
3.170
3.870
5.090
4.170
3.950
4.580
3.190
4.000
2.180
1.850
2.860
2.930
3.120
3.780
5.180
4.700
2.000
1.580
1.810
2.190
2.990
3.670
3.150
2.400
2.430
2.560
2.610
3.150
2.310
2.110
1.550
2.780
3.370
2.980
3.170
3.890
3.570
3.080
2.250
2.400
2.210
2.460
2.640
2.840
3.040
2.650
3.810
3.420
4.400
5.070
3.450
3.800
3.930
3.230
1.680
2.790
2.990
3.970
4.760
3.210
3.980
3.680
4.760
3.460
4.090
3.880
3.390
3.020
3.060
4.040
5.550
5.940
4.030
4.930
6.290
3.800
3.240
3.060
2.580
2.190
1.680
2.470
2.030
1.270
1.640
2.860
3.630
3.050
2.620
2.420
3.070
2.330
2.970
2.420
2.840
2.980
2.430
2.760
2.570
2.570
3.000
3.230
3.140
3.360
2.490
2.760
3.350
3.740
5.030
4.970
3.530
3.440
3.310
2.690
1.590
1.730
1.390
1.920
1.850
2.470
2.110
3.410
4.680
4.930
4.740
4.410
4.690
4.920
5.760
4.750
4.480
3.050
3.970
4.950
6.010
3.800
3.870
4.410
5.560
5.480
2.980
3.890
2.570
1.890
1.840
1.900
2.970
2.800
2.910
3.750
2.850
2.140
2.630
2.910
2.000
1.770
1.630
2.200
2.480
3.370
4.520
3.800
3.560
4.900
4.590
3.920
4.240
4.220
2.420
2.650
3.610
4.230
3.120
1.820
2.240
2.100
2.000
2.430
3.660
2.780
2.180
1.690
2.200
2.340
3.300
4.670
5.150
3.800
2.940
2.770
3.000
4.190
3.260
3.570
4.360
4.320
4.360
4.890
5.610
4.250
3.670
3.480
3.390
3.150
2.860
3.380
3.310
3.710
3.750
3.520
2.780
1.580
0.799
1.590
2.830
3.220
2.430
2.240
3.070
2.530
2.140
2.390
3.480
4.440
2.990
3.940
4.990
6.450
7.240
4.580
3.870
4.320
2.750
2.170
2.500
1.930
2.210
2.500
3.740
4.830
4.410
2.700
3.500
4.160
3.240
2.460
2.260
2.940
4.190
3.480
3.520
4.730
3.500
3.360
2.910
3.310
4.390
5.500
2.830
2.310
3.310
4.170
3.090
3.670
4.690
4.380
4.310
3.960
4.520
3.260
2.460
2.970
3.460
4.220
3.530
3.700
3.500
3.080
4.010
2.310
1.110
1.840
2.810
3.080
2.530
2.610
3.050
2.560
3.130
3.380
4.690
3.190
3.880
4.910
5.270
3.560
3.540
3.230
2.240
1.530
1.310
1.440
1.560
1.970
3.120
2.560
2.840
2.990
3.100
2.750
3.270
2.650
2.150
1.610
1.950
2.310
3.560
4.680
4.990
3.860
3.530
2.440
1.640
2.550
3.950
4.030
4.580
3.020
1.420
1.990
2.760
2.930
3.360
2.910
2.970
3.460
2.610
3.080
3.200
3.080
4.000
3.390
3.560
4.670
5.780
5.510
4.740
4.340
3.480
3.260
4.380
4.360
4.050
4.340
2.440
2.220
1.990
2.970
4.150
3.170
3.310
2.480
3.370
3.150
3.020
3.100
2.800
3.810
5.000
5.470
5.620
4.990
3.940
5.070
4.310
4.190
4.920
4.580
3.350
3.810
3.760
4.550
4.960
2.200
2.480
3.320
2.970
2.800
2.730
3.200
3.130
2.940
3.590
2.850
2.610
3.700
3.050
1.800
1.930
2.020
2.630
2.800
2.840
2.650
2.880
1.460
1.310
1.810
2.180
3.260
4.440
2.150
2.580
3.640
3.630
3.780
3.680
2.790
3.240
3.860
3.670
2.490
1.460
1.440
2.440
2.760
3.360
3.710
2.360
1.560
2.660
2.550
2.000
1.600
1.820
2.140
3.430
3.630
2.540
2.770
3.060
2.480
2.030
1.820
1.920
2.770
2.660
2.460
1.960
2.110
1.590
1.680
1.980
2.330
2.550
2.100
3.070
4.140
5.580
3.940
2.220
3.200
3.380
3.980
5.280
4.760
2.440
1.870
2.480
3.020
2.800
3.670
2.770
3.530
4.590
3.760
3.930
4.830
3.850
2.560
2.690
1.670
2.070
3.280
2.340
3.200
3.460
2.210
1.980
2.310
1.880
2.710
3.080
3.510
3.570
3.710
3.850
3.390
3.590
3.600
4.740
4.760
3.560
3.540
4.170
5.120
6.080
4.050
2.040
1.780
3.000
2.190
2.920
3.590
2.610
1.710
1.810
1.830
1.400
2.290
3.450
2.640
3.240
4.150
3.490
3.300
2.750
2.620
1.450
0.973
1.870
2.660
2.000
3.090
4.400
4.540
2.850
2.310
3.060
3.450
3.300
3.930
3.510
2.630
2.330
2.500
2.970
1.830
1.820
2.420
2.690
2.930
3.020
3.790
3.530
2.270
2.620
2.250
2.420
3.360
2.280
1.730
1.900
1.960
1.560
2.100
2.440
2.910
3.360
3.060
2.130
1.990
2.150
2.980
3.280
4.520
5.560
5.680
3.900
3.920
3.950
4.230
3.860
3.270
2.940
2.510
2.930
3.190
3.540
2.180
2.330
2.710
1.490
1.610
1.680
1.670
2.110
3.420
3.360
2.220
2.100
2.490
2.290
3.100
4.380
4.320
3.240
2.250
3.290
2.420
3.300
3.000
4.080
4.050
3.030
3.240
3.650
1.680
2.330
2.580
2.310
2.430
2.610
2.810
2.410
2.170
3.340
3.080
2.100
3.200
2.710
3.060
4.100
4.080
3.600
3.380
2.970
4.190
5.310
5.220
4.180
4.240
4.700
4.330
3.010
3.410
3.340
2.950
2.860
2.570
1.800
2.340
1.420
1.990
2.730
3.040
2.750
2.320
1.440
1.140
2.110
3.010
3.100
2.070
1.980
2.200
2.370
2.390
2.090
2.580
2.910
2.730
2.870
2.460
1.410
1.830
2.200
2.850
1.750
2.400
2.570
2.020
2.580
3.870
3.220
3.310
3.700
4.190
2.900
2.040
2.650
2.920
3.420
3.660
4.410
3.170
2.320
1.920
1.870
1.400
1.620
1.710
1.610
2.800
3.230
3.510
3.260
4.550
4.760
3.940
1.920
1.510
1.770
1.930
1.550
2.560
1.640
1.980
3.240
3.230
2.440
1.620
2.510
2.430
2.550
3.870
4.630
2.980
1.980
3.050
3.130
2.270
1.990
2.780
2.120
2.050
1.420
1.200
2.440
3.570
3.230
1.780
2.050
2.980
2.140
3.170
4.360
5.600
4.690
4.400
3.600
2.830
3.360
4.620
5.290
3.760
3.450
4.330
5.390
5.490
4.440
4.240
3.230
4.470
3.900
2.770
3.260
4.620
5.690
3.440
1.620
1.470
1.850
2.320
2.330
2.590
1.760
2.050
2.420
2.350
3.290
4.390
5.780
6.750
3.810
3.560
2.020
2.650
2.470
2.840
3.090
3.820
3.870
3.530
3.500
4.030
4.600
4.240
2.990
2.660
2.470
3.150
2.110
1.850
2.540
2.180
2.110
2.420
2.180
3.360
3.510
2.440
2.880
2.900
3.830
4.080
3.300
4.070
4.040
3.280
2.170
