6.600
6.120
4.930
2.950
2.400
2.360
1.950
3.150
2.990
1.700
1.900
2.060
2.340
3.490
4.670
4.010
3.760
5.050
5.870
5.600
4.540
4.080
4.030
4.710
2.390
1.620
1.910
2.120
2.790
3.930
3.900
2.830
2.730
3.160
4.490
4.900
4.730
3.080
3.560
2.880
3.710
3.450
3.370
3.100
4.120
3.220
2.290
1.830
1.990
3.130
4.400
3.760
2.690
1.990
2.460
1.960
2.250
2.840
2.240
2.780
2.920
2.070
2.850
3.920
5.070
5.060
3.650
1.440
2.020
2.550
2.350
3.140
4.370
4.490
3.570
2.570
2.320
2.120
2.500
2.280
2.130
3.050
2.980
3.300
1.960
2.840
3.890
4.920
2.950
2.390
2.240
2.920
1.990
2.580
3.800
5.090
3.700
3.420
3.130
2.130
1.850
1.760
2.000
2.950
3.710
3.290
2.530
2.500
2.350
3.520
3.630
1.660
2.540
3.630
3.880
3.900
1.970
1.970
2.490
2.810
2.800
2.860
4.170
3.930
3.820
2.340
2.850
3.890
3.780
4.650
3.410
2.990
3.710
3.410
3.540
2.500
2.020
2.700
2.320
3.270
3.960
2.990
2.770
3.700
4.030
3.580
4.020
4.340
3.860
2.700
2.440
2.050
3.090
3.380
4.230
3.720
1.630
2.310
2.790
3.820
3.750
3.920
3.170
3.630
3.880
4.830
3.710
3.520
2.640
2.750
3.600
3.570
3.010
4.310
4.540
3.430
2.260
2.070
3.090
3.570
3.420
3.540
4.890
5.180
3.440
3.650
3.510
3.290
2.420
2.040
1.800
2.220
3.390
2.420
1.520
2.410
2.750
3.060
1.880
2.190
2.630
3.070
3.480
3.810
2.900
2.180
2.990
3.460
2.790
3.750
4.140
3.190
4.030
3.430
3.170
3.420
2.610
2.550
2.780
2.130
1.140
2.060
3.220
4.630
4.140
2.680
3.050
3.370
3.750
3.100
2.110
2.810
4.080
4.890
5.060
4.220
4.260
4.550
4.290
4.870
4.830
2.510
2.250
2.540
3.100
3.650
4.310
2.750
2.350
2.200
3.070
3.090
2.400
2.250
3.170
4.670
5.560
6.000
5.710
3.850
3.270
3.360
3.010
3.290
2.810
2.630
3.820
4.890
5.360
5.440
5.270
3.060
3.870
3.410
3.410
4.150
1.410
1.410
2.610
3.100
3.230
2.340
2.290
3.310
2.980
2.120
1.100
0.857
1.660
2.790
3.240
1.890
1.910
1.850
2.990
3.650
3.940
4.880
4.430
3.710
3.930
2.620
3.230
2.990
3.200
2.370
2.040
2.470
2.030
3.080
4.170
3.940
3.450
4.550
4.840
4.910
3.140
4.140
4.880
3.450
4.290
4.530
3.360
3.040
2.070
1.680
2.750
3.430
3.670
4.670
6.090
5.350
4.690
3.030
2.750
3.530
3.970
3.230
2.470
2.800
3.120
2.830
2.680
2.770
3.270
3.790
3.260
3.940
3.660
4.390
3.300
2.100
2.070
1.390
1.370
1.850
1.100
0.846
1.180
1.870
2.210
2.770
3.760
3.060
2.980
2.950
2.120
2.040
2.810
2.580
2.690
3.150
4.040
2.590
1.230
1.600
2.690
2.690
1.730
2.050
2.880
3.660
3.350
2.530
2.570
1.510
2.290
0.996
1.220
1.970
2.570
1.680
1.750
2.980
3.080
2.150
2.610
3.040
4.240
4.470
3.940
4.450
3.730
3.700
4.540
2.870
1.540
1.820
1.590
2.310
3.440
4.670
4.360
3.570
3.730
3.810
3.360
3.630
4.890
3.370
3.480
2.220
2.280
2.570
3.800
4.880
3.960
3.170
3.700
3.980
4.260
2.940
1.700
1.890
2.210
2.800
2.910
3.160
2.420
2.680
2.480
2.540
2.210
2.800
2.770
1.160
1.470
1.230
1.700
2.870
3.130
3.660
3.410
2.170
1.840
1.870
2.650
1.990
2.750
2.320
2.150
2.240
1.400
1.820
2.800
3.700
3.760
4.120
2.340
3.130
3.490
3.210
3.610
4.430
3.270
4.430
3.880
2.500
1.300
1.530
2.490
2.980
2.150
1.580
2.000
2.350
2.650
2.900
3.290
2.800
2.790
2.530
1.900
1.950
2.690
3.090
4.390
3.950
4.240
4.510
3.520
2.140
2.540
3.640
3.610
2.210
2.920
3.060
2.980
2.620
2.770
3.600
2.630
2.020
1.710
1.980
2.310
2.510
3.390
2.940
3.300
4.230
3.370
2.920
3.450
4.370
3.920
2.770
2.910
3.580
3.580
3.420
2.250
2.650
3.150
2.990
3.450
2.650
3.280
2.510
2.950
2.260
1.810
2.120
2.420
1.800
1.620
1.290
1.780
1.520
2.530
3.410
3.900
3.730
4.000
3.240
2.020
1.510
2.570
3.510
3.510
3.160
4.330
3.660
2.630
3.500
3.140
2.420
3.160
3.920
3.090
2.560
3.350
2.910
1.490
1.520
1.640
2.280
3.090
4.220
4.290
3.930
4.270
5.210
2.980
2.000
2.130
2.330
2.220
1.370
1.610
2.490
2.700
2.810
3.130
3.390
3.070
2.990
2.840
2.650
2.870
4.050
3.600
1.760
1.370
1.490
1.900
3.000
4.260
4.110
3.340
2.220
1.590
2.090
2.420
2.090
2.950
4.150
4.170
3.460
4.550
5.780
4.330
2.900
2.360
2.250
2.730
3.100
3.220
3.130
3.200
4.460
3.570
1.880
1.960
2.620
3.260
4.320
4.000
3.570
3.170
3.240
2.870
2.910
2.400
1.890
1.600
2.700
3.960
3.220
2.810
2.340
2.940
2.870
2.930
3.870
3.240
3.700
4.380
4.030
3.980
5.400
5.680
2.570
2.110
2.060
3.130
4.120
3.950
4.410
2.410
2.580
1.900
1.870
1.260
2.180
2.280
3.200
4.400
5.600
4.530
3.070
3.920
3.700
3.650
2.920
1.550
1.190
2.240
3.290
4.140
3.370
2.940
3.070
3.460
3.810
3.670
3.670
3.530
3.240
2.510
2.760
3.100
1.990
2.360
2.150
2.810
3.000
3.660
3.820
5.110
4.120
1.520
1.820
1.890
1.610
2.830
2.800
2.710
3.800
3.890
4.100
2.850
2.840
3.950
5.170
4.070
2.580
2.340
2.870
2.780
1.670
2.120
2.570
2.560
3.200
3.310
3.040
1.770
2.630
4.030
5.050
6.260
6.420
5.400
4.930
4.810
3.680
1.610
1.770
2.760
2.870
2.800
3.010
2.200
2.460
2.240
2.580
3.640
3.520
4.330
4.330
3.810
4.040
2.790
2.470
2.630
2.150
2.590
3.700
3.710
3.380
3.960
4.290
3.700
2.330
1.560
1.290
1.960
1.800
2.580
3.070
2.130
2.510
3.850
4.220
2.870
2.650
2.200
2.720
2.170
2.830
2.340
2.000
1.760
1.370
1.660
1.770
2.500
2.940
2.640
2.800
4.010
4.760
5.060
3.730
3.810
3.610
2.620
3.070
4.370
3.810
3.130
2.480
2.410
3.650
3.650
3.060
2.830
3.260
3.780
3.790
4.290
2.910
1.580
2.340
2.770
3.660
3.700
3.270
3.560
3.700
4.260
3.270
2.780
3.040
3.870
3.090
3.520
4.100
3.280
2.860
2.700
2.910
1.340
2.340
2.090
1.680
2.860
2.360
1.550
2.440
3.460
2.120
2.540
3.300
2.390
3.490
2.540
2.240
1.980
1.880
1.930
2.370
2.750
2.130
3.200
4.440
4.320
3.590
2.770
2.310
3.320
4.610
5.260
3.240
2.680
2.730
3.020
3.170
1.590
1.530
2.410
3.700
4.150
1.770
2.120
2.110
2.150
2.410
2.830
2.970
3.070
3.280
2.790
2.900
3.750
1.510
2.040
3.010
4.120
2.750
2.750
3.210
3.680
2.320
2.810
2.950
3.080
2.610
3.040
2.720
2.950
3.220
3.580
2.310
2.930
4.050
4.700
3.230
3.130
2.240
1.930
1.970
2.260
2.680
1.820
1.680
2.090
2.200
1.900
3.170
2.540
2.870
1.960
2.260
1.660
2.090
2.620
2.480
2.240
2.830
3.120
3.580
4.830
5.530
3.260
3.070
3.200
2.030
1.740
1.470
2.000
2.330
3.260
3.480
1.910
2.900
3.040
3.080
2.480
2.620
2.360
3.730
3.890
4.370
5.400
4.890
2.910
2.050
1.820
2.900
3.960
3.670
2.590
3.480
2.930
3.430
2.560
1.540
2.240
2.330
2.780
2.910
2.730
2.980
4.100
4.100
3.410
3.780
2.980
3.780
3.270
3.310
3.450
2.970
4.120
3.100
1.970
2.020
2.490
3.420
2.390
1.640
2.640
3.540
2.760
3.530
3.660
2.340
2.770
1.700
0.822
1.600
1.960
3.020
3.830
2.630
1.890
1.770
2.270
3.280
3.090
2.110
2.750
2.190
2.130
2.630
3.020
3.890
2.120
2.680
3.120
2.120
1.880
2.090
2.690
2.350
2.690
3.530
2.730
3.660
3.790
3.220
3.010
3.510
3.790
4.980
3.080
2.910
4.050
3.930
2.060
2.620
2.570
2.710
2.770
2.440
1.750
1.680
2.190
3.510
3.490
2.400
1.640
2.320
2.500
2.630
1.910
2.280
1.910
1.850
2.050
2.250
3.570
3.490
3.280
1.590
2.050
2.930
2.710
2.390
1.600
1.690
2.900
3.640
2.350
2.560
2.720
1.950
2.810
3.570
3.590
4.200
2.130
1.750
2.150
3.090
3.230
3.410
3.320
3.740
4.750
3.300
3.140
3.820
3.890
4.010
4.240
3.750
3.280
3.560
3.270
3.730
5.090
3.730
1.890
2.210
3.200
4.460
5.390
4.440
4.360
4.050
2.420
3.200
2.760
2.260
1.920
2.270
2.990
3.190
4.460
5.090
4.970
5.570
4.950
4.580
3.630
2.310
2.650
2.860
1.590
1.760
2.680
1.870
1.810
1.740
2.530
2.640
3.500
3.560
3.220
3.280
2.220
3.060
4.300
5.120
3.090
2.150
3.290
4.120
3.900
3.630
3.430
4.270
4.560
3.530
3.080
2.090
3.200
3.940
3.360
3.380
3.010
2.970
2.830
1.760
2.550
3.630
4.690
4.330
5.330
4.670
3.670
3.820
4.550
3.950
3.820
3.880
2.410
1.600
1.140
1.220
0.973
1.370
1.800
3.060
3.100
3.800
4.810
5.140
2.460
2.470
2.040
2.680
3.710
4.990
2.330
2.100
2.320
2.650
3.230
4.330
5.780
6.010
4.080
3.260
2.810
2.650
3.150
3.080
3.530
3.670
3.530
2.540
1.760
2.040
2.140
1.920
2.570
2.610
1.810
2.350
2.680
2.860
3.870
4.810
3.290
3.650
4.170
4.460
4.150
2.210
2.190
2.510
2.800
3.190
2.120
2.630
3.750
2.620
1.630
2.690
2.390
2.060
3.150
3.850
2.770
2.760
3.020
2.070
2.680
3.080
3.720
3.210
3.170
3.760
3.030
3.810
3.010
2.580
2.220
3.380
2.540
1.220
1.440
2.440
2.770
2.560
1.810
2.290
2.110
2.100
2.770
2.440
2.290
2.110
2.930
2.210
2.530
3.000
3.360
3.800
3.890
4.310
2.940
3.440
3.130
2.840
3.200
2.510
3.100
3.090
3.000
3.380
3.930
3.850
3.980
4.320
4.170
2.980
2.100
1.870
2.480
3.150
3.650
4.170
4.090
3.860
4.290
2.720
1.600
1.630
2.560
3.130
2.020
1.800
2.460
3.020
3.410
3.450
3.600
4.290
3.530
2.790
3.190
2.920
1.460
1.620
2.040
2.260
3.130
4.220
3.700
3.420
4.650
3.510
3.860
3.610
3.590
3.700
3.420
2.580
2.770
3.160
3.280
3.160
2.790
3.520
3.390
4.580
4.190
5.140
6.130
7.180
2.770
1.990
2.330
3.220
3.200
3.960
5.130
3.060
2.920
3.720
3.350
3.270
3.100
2.840
3.500
2.190
2.630
2.720
3.580
4.870
4.090
3.230
2.190
1.470
1.990
2.990
2.310
2.410
2.730
2.850
3.050
2.700
2.750
2.940
3.450
3.210
3.070
2.910
2.680
2.460
1.110
1.490
1.360
1.900
2.720
1.920
2.250
1.410
2.090
2.330
2.410
2.400
1.470
1.370
2.290
3.100
2.070
2.400
2.590
3.270
4.100
3.830
2.350
2.110
1.780
2.840
4.050
5.120
5.330
2.880
2.760
2.860
2.360
2.590
2.580
3.010
2.620
3.190
3.100
1.550
1.750
2.590
2.970
4.200
3.420
3.370
2.700
3.340
2.830
2.980
3.320
2.750
2.630
2.680
3.380
3.190
2.280
2.530
2.360
2.090
2.030
1.390
1.460
1.920
2.460
2.950
2.810
3.210
2.710
3.200
3.420
4.120
4.650
3.240
2.370
2.650
2.920
2.810
3.890
5.130
4.820
3.630
4.620
2.930
2.920
2.980
3.850
3.240
3.420
3.800
1.770
1.520
1.320
2.130
2.320
3.270
3.510
4.150
4.780
3.720
2.580
2.470
2.200
2.280
1.700
2.490
3.080
3.500
4.650
5.730
6.190
3.320
3.810
4.580
3.200
2.790
3.480
3.700
2.480
1.810
2.640
2.650
2.800
1.930
1.610
2.770
3.300
3.150
2.900
3.100
3.270
3.220
3.700
2.830
2.490
2.200
3.170
2.320
3.320
3.500
4.030
5.120
3.600
3.930
3.760
3.230
3.100
3.130
4.230
3.540
3.720
4.620
2.720
2.880
3.740
3.680
3.530
2.840
3.040
2.550
1.900
1.980
2.570
1.890
2.070
2.400
2.200
2.650
3.740
2.630
3.480
4.670
5.030
5.400
3.920
2.930
3.820
4.170
3.200
2.920
4.000
3.820
4.660
4.190
2.770
1.590
2.620
2.240
1.520
2.370
3.340
2.550
1.270
2.130
3.160
4.020
2.630
1.380
1.680
3.010
3.520
2.690
3.000
3.390
4.460
4.470
2.500
2.770
2.050
2.110
2.590
3.800
3.340
2.390
2.700
2.280
3.270
4.260
4.100
3.670
2.690
1.990
2.000
1.490
1.640
2.200
3.080
3.120
3.000
3.290
2.550
1.480
2.170
3.380
4.210
3.500
4.120
5.310
5.280
5.710
4.600
5.870
7.010
5.310
4.450
3.450
3.590
3.850
4.600
3.480
3.090
4.150
3.610
3.420
4.370
3.720
3.160
2.120
2.240
2.070
1.730
1.930
1.760
2.110
2.200
2.650
3.530
3.320
2.750
2.110
1.780
2.320
2.780
2.340
2.270
2.360
1.860
2.210
2.270
2.770
2.720
1.710
2.350
2.250
2.130
2.590
3.410
2.720
3.360
3.350
3.790
4.160
4.070
4.470
3.370
3.130
3.130
2.350
2.170
2.350
3.200
2.370
2.850
2.040
2.910
2.040
2.930
2.490
2.930
3.850
3.880
3.350
3.220
2.870
2.910
3.820
4.120
3.650
2.500
2.900
3.950
3.870
2.510
3.280
3.490
4.080
3.850
3.560
3.170
2.790
3.290
2.190
2.500
3.670
4.150
3.230
3.020
3.640
1.910
2.560
2.750
3.980
4.440
2.720
3.200
3.430
3.150
2.940
2.460
3.340
3.570
3.860
3.850
2.830
3.260
4.580
4.160
5.100
5.490
3.600
2.710
2.370
1.110
1.840
1.660
2.780
3.630
3.460
3.350
2.180
1.460
1.680
2.950
3.050
3.920
4.990
4.850
4.030
2.680
2.280
2.050
2.140
2.560
2.860
3.150
2.800
3.050
3.240
3.860
3.810
3.740
3.900
3.980
3.810
3.280
3.070
2.970
2.830
2.340
2.810
2.790
2.860
3.540
3.640
3.140
4.260
5.140
4.950
5.260
2.990
2.200
3.440
2.470
1.740
1.820
2.360
2.370
2.560
3.580
2.910
2.840
2.780
3.060
4.170
4.770
3.390
2.260
2.560
2.880
2.990
2.830
3.860
4.030
3.390
3.050
1.980
2.900
2.620
1.910
2.360
3.150
3.210
3.580
3.300
3.230
3.390
2.700
1.660
2.270
3.300
2.060
2.480
2.400
2.440
2.500
2.700
3.960
5.040
6.230
5.560
4.400
2.730
2.350
2.020
1.890
2.190
1.540
1.180
2.000
2.870
2.110
2.930
2.320
1.820
2.240
2.260
2.500
3.830
4.820
3.360
2.760
3.280
3.680
3.980
2.220
3.230
3.570
2.400
2.100
1.380
2.110
1.970
2.470
3.630
4.950
6.050
5.290
3.040
2.730
1.010
1.240
2.290
3.490
2.970
2.990
3.200
3.040
4.150
3.810
1.590
1.990
2.220
2.510
3.090
3.630
4.410
3.740
4.010
3.380
2.370
2.690
2.980
3.290
3.790
2.470
1.980
2.570
3.360
3.070
3.320
3.920
3.700
3.410
2.980
3.260
4.270
2.540
2.630
2.750
3.810
2.680
3.460
3.360
2.630
1.890
2.500
2.760
1.750
2.250
1.890
2.730
3.790
3.740
3.320
4.470
4.550
4.310
4.150
3.890
2.270
1.710
1.890
2.700
2.610
2.310
1.390
2.420
2.860
2.660
2.040
2.410
3.560
3.300
3.260
3.280
2.550
1.600
1.870
2.510
2.920
3.570
4.740
4.580
3.220
2.290
2.550
3.340
2.630
2.090
2.560
3.600
3.010
3.130
3.290
2.340
