3.220
2.860
2.400
2.910
3.920
4.010
3.100
3.020
4.320
4.520
4.000
2.330
3.190
2.830
2.220
2.150
2.940
2.140
1.240
1.780
1.610
2.190
2.530
2.070
1.820
2.280
1.660
2.050
1.810
2.430
2.570
2.750
2.210
2.440
1.560
2.100
2.470
2.180
2.440
1.550
1.270
1.800
1.830
2.880
4.220
4.710
3.680
3.090
2.870
2.460
1.870
1.590
2.170
1.920
2.140
1.800
2.190
2.730
2.540
1.900
2.290
3.600
3.270
3.130
4.290
4.400
3.600
3.100
3.490
3.270
2.720
2.320
1.840
2.970
3.780
3.790
2.710
2.370
2.400
3.270
4.310
4.020
4.140
2.340
2.480
2.660
1.800
1.670
2.770
3.200
3.460
2.950
3.340
3.200
3.410
2.320
2.690
3.980
4.840
3.010
2.330
3.140
4.310
3.610
2.480
2.580
3.020
2.330
3.410
4.120
2.900
4.030
4.170
4.690
3.670
3.860
4.110
2.550
2.220
2.130
2.540
3.200
4.200
3.310
2.850
3.120
3.800
5.000
4.740
3.360
2.860
3.630
4.220
3.010
2.850
3.410
1.030
1.740
2.680
1.980
2.180
3.390
4.110
2.630
2.130
2.130
3.060
3.630
3.950
4.150
3.200
3.230
2.720
1.530
2.350
3.260
2.950
2.830
3.020
3.590
3.810
4.230
3.880
3.030
1.890
2.310
1.840
2.150
3.240
3.000
2.920
2.990
3.810
3.720
3.230
2.940
2.320
3.060
3.500
2.800
2.910
2.570
1.450
1.780
2.140
2.970
3.410
3.430
2.070
1.880
2.570
2.760
2.770
3.100
3.670
3.490
2.430
2.490
1.930
2.090
2.720
3.940
5.210
6.320
6.350
4.010
4.120
3.860
3.260
3.610
3.140
3.170
2.360
1.810
2.770
3.830
3.130
2.680
1.830
2.090
2.650
3.810
3.890
3.060
2.900
2.090
3.060
3.230
2.970
3.270
2.560
3.420
3.410
3.200
3.080
2.940
1.950
2.440
2.950
3.860
4.550
2.850
3.130
3.290
2.700
2.350
1.310
1.340
2.020
3.150
3.280
3.070
3.530
3.360
4.050
2.180
2.150
3.010
2.500
2.630
2.050
2.310
2.860
2.550
1.760
2.280
1.820
2.180
2.620
2.640
3.130
3.460
1.690
1.310
2.500
3.050
3.500
3.640
4.250
4.270
3.760
3.600
3.490
2.360
1.850
2.860
2.830
2.720
2.130
2.720
2.140
2.980
4.290
5.270
4.760
3.970
2.850
3.040
2.920
3.120
3.220
4.010
2.650
3.850
4.400
3.360
3.130
1.640
2.130
2.840
2.100
2.060
2.140
2.510
3.160
2.530
2.320
2.630
3.440
4.580
3.790
3.630
4.540
4.440
3.670
3.230
3.200
3.510
1.930
2.210
3.420
4.620
4.450
3.140
3.560
4.550
5.970
5.340
3.450
3.140
2.370
1.880
2.900
2.370
2.880
3.050
3.300
2.030
2.180
2.000
2.970
3.790
4.160
3.430
3.480
3.680
2.410
2.220
2.750
3.630
3.280
3.310
3.980
3.380
2.780
1.950
2.770
2.510
2.720
3.060
3.720
4.850
4.330
2.990
3.960
3.820
2.590
2.970
3.340
4.650
3.710
1.460
1.550
2.400
2.610
2.610
3.670
3.980
3.310
2.480
1.920
2.980
2.710
1.630
1.580
2.540
3.080
3.740
3.720
4.550
5.240
3.010
3.290
4.480
4.560
4.440
3.950
3.210
2.050
1.810
2.750
2.190
2.220
3.210
2.240
2.190
2.490
2.070
3.160
4.140
2.840
3.130
3.710
3.720
2.700
2.020
2.180
1.900
2.200
3.220
3.520
3.210
4.150
4.260
1.800
1.710
2.110
3.230
4.460
2.460
2.810
3.310
3.960
4.360
3.810
3.300
3.760
3.430
3.390
3.860
4.370
2.610
1.730
2.250
1.830
2.360
2.270
2.930
2.910
3.560
2.780
2.070
2.650
3.600
5.050
4.760
4.400
4.340
2.700
2.690
2.570
2.970
3.520
3.700
3.680
2.650
1.440
1.620
2.200
2.560
2.990
2.720
1.810
1.460
2.130
2.490
3.580
3.500
3.320
3.170
4.300
4.270
3.530
3.060
3.100
4.190
4.120
3.650
4.210
2.750
2.710
3.350
3.630
2.760
2.460
3.220
2.190
1.380
1.560
1.630
2.220
3.300
2.360
2.650
2.760
2.110
2.090
3.190
3.590
3.010
2.130
1.990
2.640
1.610
1.610
1.970
2.850
3.570
3.790
3.530
3.450
3.350
2.640
2.560
2.530
2.510
3.500
3.040
1.290
1.440
2.550
3.940
4.870
4.260
2.800
2.860
3.210
2.710
1.800
2.500
3.790
3.300
3.070
3.260
3.500
2.980
3.870
5.050
4.620
3.220
3.560
3.390
3.140
2.800
2.930
1.590
1.910
2.310
2.850
2.290
3.010
2.930
2.950
4.110
2.430
2.640
3.130
3.700
2.490
2.370
3.430
4.650
5.770
5.200
3.020
2.190
2.650
1.730
1.800
2.560
3.010
3.740
3.970
3.160
2.630
2.350
2.130
2.140
3.000
4.250
3.730
3.270
3.290
3.370
2.320
1.890
3.060
4.370
5.460
6.800
6.940
5.050
2.180
2.810
3.960
4.410
1.890
2.350
3.540
2.850
1.680
1.820
1.370
1.670
1.710
2.200
3.100
3.670
2.500
2.570
3.660
4.390
3.860
3.040
2.830
2.320
2.720
1.930
1.320
1.680
2.470
2.950
2.970
2.570
2.120
1.770
2.060
2.930
4.180
4.080
2.650
2.170
2.240
3.130
3.530
4.320
3.130
2.780
3.540
3.810
3.290
3.060
3.220
3.760
4.080
4.100
3.150
1.750
2.240
3.030
3.150
2.090
1.960
2.080
2.730
2.860
2.220
2.690
2.810
2.540
3.780
4.140
1.980
1.680
2.750
3.410
3.390
3.340
3.340
2.370
2.610
2.790
4.250
4.000
4.220
2.990
3.460
2.880
1.640
2.170
1.900
1.930
2.330
2.850
2.020
1.530
1.990
2.650
3.040
4.120
4.330
2.630
2.060
2.270
2.310
2.400
3.160
2.170
1.560
2.390
1.660
1.600
1.600
1.380
1.680
1.710
2.200
3.340
3.520
1.910
2.990
4.010
3.810
3.380
2.850
2.860
3.680
3.610
3.310
3.440
2.200
2.140
3.190
2.830
2.130
2.040
1.640
2.430
1.980
3.000
2.460
2.860
2.660
2.320
2.050
1.910
1.980
2.150
3.320
4.340
4.020
3.560
3.930
4.390
4.440
3.500
4.810
3.800
2.550
2.540
2.800
3.490
2.860
4.010
3.660
4.600
4.690
4.170
4.160
3.270
3.130
3.760
3.560
3.160
2.590
2.200
3.240
3.860
3.850
3.810
4.530
4.550
5.130
3.210
3.520
3.390
2.630
2.750
2.370
2.290
1.440
2.050
2.410
3.040
4.170
5.480
5.780
4.400
5.240
3.960
2.750
1.530
2.400
2.590
3.320
3.660
2.770
2.060
2.980
2.170
2.980
3.120
3.720
3.240
2.640
2.430
3.490
3.950
2.760
3.000
4.170
5.360
5.510
3.160
2.660
2.330
2.840
3.170
3.010
2.720
3.530
3.460
3.100
4.100
5.510
4.480
1.930
3.230
3.170
2.460
2.350
1.950
2.150
2.550
2.200
2.390
3.390
4.750
3.510
2.850
3.790
3.930
4.690
4.240
3.670
4.770
4.920
5.330
5.780
4.910
4.230
4.150
2.350
0.892
1.420
1.870
1.830
2.360
2.060
2.200
2.500
2.980
3.700
2.660
1.900
1.910
3.190
3.950
2.510
2.580
3.200
2.620
2.050
2.770
3.590
4.150
4.680
4.320
3.670
4.600
4.470
4.080
4.410
3.010
2.810
2.120
3.080
4.160
4.180
4.550
3.740
3.710
3.700
4.590
4.150
3.320
4.650
5.480
5.130
3.530
3.150
3.150
2.510
3.290
2.310
2.530
2.850
2.660
3.750
4.050
2.510
2.260
2.240
1.880
1.820
2.530
2.540
2.260
2.120
1.540
1.330
1.980
3.270
2.550
2.370
2.930
4.040
3.040
2.490
2.700
3.430
2.620
1.800
2.480
2.550
1.920
2.170
2.070
2.360
2.610
1.730
1.230
1.360
1.030
1.750
2.370
2.260
1.540
1.450
2.290
2.920
2.560
2.910
3.320
4.470
4.180
2.590
2.350
2.630
2.810
1.830
2.620
2.880
2.690
2.020
1.850
1.770
2.110
3.340
3.820
2.490
2.580
2.140
1.930
3.010
4.100
3.950
3.280
2.190
3.320
3.560
4.090
3.880
2.720
3.090
3.200
3.530
2.720
2.130
2.580
2.920
2.490
1.620
2.550
2.630
1.700
2.050
2.060
2.750
3.140
3.540
2.790
2.100
2.660
2.150
2.090
2.320
3.340
3.980
3.820
2.340
2.040
2.110
1.450
1.840
3.080
2.530
2.240
1.920
1.620
2.030
2.560
3.410
3.820
4.240
3.740
3.560
2.370
1.900
2.470
3.360
3.610
2.700
3.040
3.710
3.710
2.420
2.630
3.360
4.340
4.380
5.100
5.420
3.870
3.100
2.940
2.270
2.720
2.270
3.040
3.560
3.560
2.800
3.630
3.580
3.120
4.250
3.440
3.540
3.000
2.060
2.310
3.500
2.700
2.780
2.130
2.260
3.300
4.100
3.730
2.530
2.760
3.340
3.140
1.960
2.090
3.350
4.730
4.340
5.190
4.710
3.650
1.590
2.400
2.610
2.720
3.020
3.630
2.720
2.210
2.130
2.370
3.420
4.400
4.970
5.140
6.390
4.120
2.460
2.210
3.380
3.380
2.830
4.100
4.020
2.350
3.300
3.300
2.550
2.290
2.350
2.810
3.150
3.920
4.120
4.600
3.900
3.670
3.760
3.510
2.430
2.860
3.090
2.970
3.530
3.810
4.290
3.790
4.740
4.530
2.680
2.060
1.590
2.060
2.980
3.440
2.830
2.400
1.850
2.860
4.080
2.390
1.770
2.730
3.560
3.310
3.220
3.010
2.090
2.130
3.040
3.100
2.480
2.750
1.760
1.850
2.350
2.570
2.040
2.110
2.410
3.090
2.790
3.360
3.150
3.780
3.360
2.130
2.640
3.420
3.570
4.850
4.270
2.460
2.590
2.550
2.880
2.650
1.990
2.170
1.780
2.200
2.270
2.930
3.670
3.760
4.010
2.920
2.110
3.020
4.270
5.360
4.090
3.720
3.170
3.360
2.500
1.610
1.700
2.700
3.440
3.040
2.180
2.490
3.570
4.540
5.910
5.030
3.860
3.680
3.480
2.390
1.590
1.880
2.790
3.040
2.070
2.140
2.850
2.880
2.730
2.720
2.680
2.510
2.210
2.500
3.580
3.050
2.140
2.350
2.460
3.200
3.200
3.130
2.700
2.290
2.850
3.010
3.750
2.570
2.780
3.290
3.560
4.410
4.770
3.610
2.460
2.130
2.750
2.350
2.220
2.110
2.290
2.630
3.670
3.870
3.600
3.780
3.660
4.530
4.520
4.830
1.830
2.270
2.350
2.690
1.520
1.840
2.690
1.480
1.370
1.460
1.590
2.840
2.840
2.270
2.710
1.840
2.870
4.170
4.330
2.900
1.750
2.580
2.390
2.440
1.310
2.000
2.540
2.810
3.430
4.740
3.590
3.490
3.530
4.690
5.420
3.290
2.630
3.100
2.350
2.220
2.460
3.310
3.570
4.190
4.030
1.700
1.640
1.990
2.850
2.900
2.870
4.220
5.240
5.840
4.120
3.130
1.910
1.360
1.900
1.680
2.680
3.080
3.640
4.730
3.460
4.050
3.790
2.880
1.450
2.440
2.730
2.870
2.320
2.060
2.500
2.770
3.380
3.430
4.410
3.940
2.660
3.580
4.760
3.220
3.350
2.800
2.290
2.200
1.590
2.610
2.580
2.750
2.580
3.560
2.770
3.010
4.320
5.320
4.450
3.800
3.600
2.810
1.840
1.800
1.740
2.800
3.960
3.940
3.170
2.180
2.250
2.990
3.040
1.870
1.310
1.870
2.370
3.130
4.220
3.060
2.510
2.700
3.130
2.860
2.810
2.260
3.340
4.210
3.020
3.740
4.710
4.670
5.220
4.810
3.700
3.310
2.700
3.220
4.320
4.600
3.520
3.980
4.180
4.190
1.840
2.650
3.760
3.390
1.610
1.070
1.540
2.260
2.580
2.070
2.660
2.280
2.630
2.000
1.480
2.610
3.600
3.150
2.700
3.170
3.080
2.470
2.410
2.660
2.700
3.740
5.030
4.340
2.680
2.180
2.170
2.840
2.800
2.770
1.530
1.230
1.880
2.860
3.230
2.660
2.940
3.040
3.680
3.680
1.640
1.150
1.390
2.140
2.240
2.650
3.420
3.590
4.520
4.440
3.810
2.940
2.490
3.170
3.340
3.810
4.050
4.530
4.030
3.360
3.240
2.130
2.690
3.720
3.800
3.310
3.970
4.080
3.430
3.460
3.420
4.430
5.530
6.730
6.990
6.590
5.870
5.570
4.360
3.480
2.660
2.830
2.360
3.270
2.500
1.550
1.240
1.460
1.750
2.540
2.470
2.150
2.130
2.660
1.770
2.360
3.630
4.560
3.590
2.660
2.620
3.130
2.880
2.950
3.070
4.310
4.100
2.130
1.950
2.650
2.200
3.090
3.730
4.120
4.780
6.220
4.600
1.930
2.340
3.210
3.260
2.950
2.840
2.020
1.740
2.120
1.880
2.090
1.980
2.120
1.970
1.920
2.220
1.580
2.210
3.260
3.210
4.510
3.040
2.240
1.890
1.850
2.900
3.960
4.030
3.390
3.210
2.900
2.870
3.650
3.730
3.230
2.040
1.490
1.390
1.670
2.360
2.810
2.410
2.910
1.810
2.270
2.680
2.030
2.830
3.980
4.170
4.690
4.360
4.310
3.440
3.290
3.510
3.240
3.370
4.380
3.530
2.910
1.990
1.770
2.320
3.120
3.490
3.440
2.710
3.060
2.350
2.410
1.310
2.180
3.350
3.240
3.720
3.310
3.210
3.020
2.370
2.290
3.200
4.530
4.920
3.670
4.100
3.460
3.960
3.720
3.410
3.280
3.860
4.450
3.410
2.430
1.690
1.520
0.892
1.290
1.520
2.030
1.820
2.050
3.100
3.640
3.440
3.580
4.670
4.410
3.310
3.570
2.810
1.930
2.170
2.580
2.250
2.560
3.420
2.690
2.330
1.910
2.860
3.880
3.780
2.650
2.440
2.360
3.440
4.740
4.560
5.250
5.310
2.540
1.010
1.700
2.920
4.090
4.990
2.840
3.010
2.840
3.140
3.310
3.010
2.720
3.740
4.900
5.030
3.720
2.580
2.500
1.370
1.820
2.210
2.490
3.420
4.700
5.730
5.720
4.610
5.310
3.960
4.550
4.710
2.070
1.680
1.520
1.450
2.130
1.760
1.730
1.760
1.160
1.230
1.820
3.040
2.340
3.100
4.160
4.590
2.200
2.710
3.500
3.920
2.810
2.200
2.850
3.240
4.080
3.150
2.750
3.630
3.940
2.680
2.110
1.530
2.100
2.650
3.710
3.280
2.790
3.010
2.400
2.680
2.060
2.240
2.790
2.680
2.640
2.150
3.100
3.790
3.610
2.640
3.090
3.150
1.900
2.180
2.800
3.310
3.810
4.660
5.280
3.510
4.100
2.060
2.070
2.290
2.280
3.240
4.450
4.770
3.700
3.800
4.250
5.390
6.520
8.160
7.730
3.850
2.330
2.570
3.240
3.390
4.120
4.600
3.410
4.240
4.650
4.320
2.860
3.050
3.930
3.430
2.920
2.880
2.850
2.030
1.750
1.640
1.240
2.390
3.490
4.540
2.260
1.440
1.410
1.880
2.120
3.060
4.360
3.710
3.450
3.760
3.430
2.130
2.070
2.220
2.810
2.140
1.620
2.260
3.430
2.690
2.410
2.240
2.490
3.100
3.630
2.930
3.040
2.330
2.430
1.630
1.820
2.680
2.030
1.780
1.560
1.520
1.030
1.250
2.370
2.490
1.110
2.040
2.510
2.030
1.740
2.970
2.840
3.150
3.580
3.590
4.120
3.210
3.360
3.600
4.600
3.630
2.720
1.700
1.760
2.750
3.730
2.800
3.120
2.220
1.800
2.490
2.810
3.130
2.680
2.360
2.030
1.700
2.120
2.370
2.550
2.130
2.460
3.040
2.250
2.240
2.950
2.610
2.990
4.190
5.240
5.640
4.260
2.500
2.340
3.630
4.710
4.440
3.670
2.590
3.390
2.790
2.840
2.580
1.850
2.050
2.400
2.940
2.180
3.170
2.660
3.020
3.530
3.700
3.520
3.460
4.050
3.590
3.300
2.800
3.340
3.350
2.180
2.130
2.180
3.390
3.950
3.640
3.200
2.690
2.900
3.360
3.040
3.520
1.900
2.120
2.590
2.620
2.790
2.950
3.860
4.980
4.310
3.150
2.270
3.050
3.440
3.720
4.810
5.330
5.260
6.130
3.830
2.680
1.450
2.250
2.560
3.670
3.230
3.010
2.980
3.430
3.020
1.870
2.320
1.230
1.270
1.960
2.280
2.550
3.450
3.370
3.010
3.070
4.300
5.370
4.330
3.060
3.700
2.690
2.650
2.830
2.790
3.610
4.910
6.010
5.430
5.780
2.690
2.250
2.480
3.300
3.680
3.560
3.640
3.150
