1.520
1.700
2.190
2.390
2.280
1.670
1.620
1.980
2.900
2.980
2.470
2.200
2.680
2.540
3.320
4.100
4.150
4.240
4.270
2.620
3.460
2.730
1.740
1.710
1.370
1.450
1.730
1.780
2.340
2.970
3.430
3.510
3.190
1.930
2.020
1.970
2.180
2.790
3.170
2.440
3.040
3.320
3.520
3.970
4.870
3.880
3.270
3.800
2.840
2.750
2.260
2.460
3.350
3.190
3.490
2.130
1.810
1.850
2.540
2.020
2.150
2.310
2.370
2.310
2.220
2.720
2.910
2.760
1.620
1.880
1.820
1.950
1.680
2.390
3.150
3.170
1.690
1.290
1.580
1.830
2.240
2.420
2.570
2.650
2.030
2.260
2.710
2.710
3.340
2.240
2.430
2.540
2.370
2.940
2.840
2.340
3.280
4.000
3.630
3.350
3.300
2.480
2.910
3.670
4.410
5.280
4.710
1.780
1.880
2.120
1.520
1.240
2.110
2.790
3.450
2.190
2.930
3.700
3.120
2.090
2.580
2.590
3.260
4.070
4.910
4.830
3.100
2.050
2.690
3.290
2.760
2.790
2.720
2.490
3.130
2.730
3.430
4.080
4.820
3.090
2.490
2.780
3.050
3.530
2.630
1.960
2.580
3.260
3.100
3.600
4.400
4.170
3.380
2.900
3.460
3.200
3.760
3.310
2.540
2.400
2.900
2.350
1.960
2.650
2.120
2.220
3.090
2.640
1.960
2.320
2.070
1.730
1.600
2.000
2.290
2.190
2.500
2.610
2.930
3.210
2.480
2.310
2.650
2.540
3.040
2.630
2.660
1.980
1.990
1.840
2.700
2.420
1.560
1.470
2.390
2.280
2.770
1.970
1.590
1.770
1.880
2.410
2.180
2.800
2.270
2.110
2.240
2.700
1.980
2.560
3.190
4.140
3.760
2.350
2.800
3.610
3.780
4.050
4.520
4.080
4.030
2.460
2.470
3.150
2.830
3.650
3.520
3.750
2.810
2.020
1.920
2.200
2.220
2.760
2.690
3.490
4.160
4.360
3.570
3.280
3.360
2.580
2.190
2.290
2.180
2.720
2.180
1.740
2.050
1.880
1.590
1.780
2.570
3.510
4.040
3.190
2.180
2.990
2.920
3.340
2.730
3.540
3.670
3.290
2.610
2.900
2.860
3.320
3.480
3.160
1.540
1.220
1.190
1.550
2.170
2.350
2.320
2.340
2.470
3.240
2.850
1.780
2.220
3.130
3.460
3.570
3.640
2.880
3.130
4.050
4.560
4.300
4.510
3.160
2.780
2.020
2.810
3.310
3.420
3.060
3.650
2.870
2.640
2.490
2.690
2.810
3.600
3.150
3.520
2.400
3.040
2.950
2.470
3.060
2.560
2.280
1.840
2.150
2.550
2.170
2.490
3.240
2.800
2.530
1.850
1.970
2.130
2.060
1.710
2.000
1.410
1.750
1.530
1.670
1.470
1.330
1.710
1.950
1.780
2.170
2.700
1.550
1.070
1.580
2.370
2.210
1.440
2.130
2.120
2.050
2.680
2.610
1.970
1.900
2.100
2.650
2.730
3.170
2.860
2.260
2.940
2.940
3.570
4.290
4.080
3.680
1.780
1.370
1.200
1.470
1.740
1.520
1.600
1.680
1.840
2.070
1.050
0.707
1.290
2.130
2.920
2.630
2.580
3.130
3.970
4.260
2.940
1.830
2.290
3.010
2.910
3.490
4.120
5.140
4.450
2.400
1.630
1.080
0.915
1.230
1.880
2.790
3.210
2.720
2.000
1.670
1.880
1.530
1.470
1.770
2.610
2.390
3.080
2.780
3.090
2.880
2.650
2.580
2.700
1.760
1.440
1.830
2.270
2.290
2.470
2.990
3.510
3.380
2.990
3.580
3.450
2.680
2.420
2.880
2.880
2.570
2.540
1.990
2.090
2.060
2.060
2.110
2.090
2.030
2.620
2.650
3.200
3.100
2.580
3.480
3.660
2.360
2.150
2.350
2.470
1.620
1.670
2.580
1.890
1.660
2.020
2.850
3.790
2.700
2.750
2.170
2.290
1.700
2.280
2.340
2.770
2.810
2.310
3.080
2.750
1.990
2.280
2.200
2.150
2.150
1.520
1.370
1.890
2.690
1.630
1.380
1.560
1.850
2.150
1.870
1.610
2.050
2.350
2.120
2.220
2.850
2.810
3.130
2.770
3.600
4.300
5.060
4.390
4.290
4.000
4.100
1.970
1.830
1.950
2.410
3.320
2.260
1.870
1.700
2.470
2.320
2.990
3.170
3.500
3.010
1.660
2.280
2.020
1.890
1.780
2.060
1.950
1.200
1.450
2.090
2.440
2.130
2.710
2.840
1.810
1.520
2.020
2.970
2.840
3.420
3.900
3.280
2.060
2.880
3.530
4.520
3.680
3.920
2.550
2.510
2.810
3.220
2.770
2.140
2.610
3.560
4.400
4.700
4.520
3.900
4.100
3.580
2.490
2.470
2.920
2.280
2.270
2.310
2.870
3.760
3.660
2.730
2.870
3.220
3.490
3.240
2.580
2.650
3.430
4.120
3.260
2.420
2.550
2.780
2.510
1.640
2.350
3.220
3.510
2.540
3.000
4.010
3.650
3.220
3.560
4.460
3.930
2.650
2.850
2.970
2.870
2.710
2.830
2.220
1.800
2.170
2.630
2.130
2.440
3.460
4.320
3.580
3.420
3.760
3.510
3.760
3.650
4.030
4.830
4.810
4.820
3.590
3.000
2.710
2.580
2.900
3.080
3.630
3.930
3.270
3.510
3.920
3.930
2.700
2.780
2.580
2.980
2.900
2.810
2.440
3.200
3.370
1.980
1.890
2.250
2.980
3.040
1.900
1.750
2.290
2.940
1.860
1.070
1.080
1.340
1.110
1.490
1.830
1.660
1.840
2.260
2.410
2.850
1.890
1.080
0.510
0.950
1.610
2.060
2.310
2.940
1.820
2.340
2.350
3.150
3.590
3.090
2.290
1.760
2.360
3.040
2.180
2.090
2.210
2.410
1.870
2.020
2.190
2.680
2.560
2.460
2.040
1.970
2.350
1.870
1.630
2.130
3.050
3.730
3.320
2.150
2.580
3.290
4.120
4.440
3.900
2.590
2.050
2.770
2.140
1.480
1.590
1.900
2.440
3.220
3.010
3.500
3.740
3.730
1.140
0.741
1.510
2.350
2.170
1.880
1.520
1.830
2.130
2.020
1.680
2.420
3.270
3.050
1.730
1.600
1.630
2.540
2.150
2.110
2.830
3.720
3.860
3.320
3.260
3.070
3.880
4.110
2.780
3.320
3.670
3.010
3.100
2.940
2.370
1.920
2.240
3.130
2.790
2.220
2.400
2.110
2.790
2.940
2.180
2.800
2.980
2.420
2.030
2.240
2.650
2.580
2.680
2.420
2.650
3.530
3.460
1.730
1.820
1.370
1.880
1.670
1.540
1.620
1.740
2.370
3.240
2.880
2.980
2.980
2.880
2.990
2.580
2.140
2.550
3.150
3.060
3.580
4.360
3.870
2.320
2.940
2.840
2.420
3.100
3.410
3.640
2.880
3.790
3.790
2.150
1.310
1.820
1.980
1.240
1.450
1.140
1.150
1.690
1.740
2.330
2.860
2.800
3.450
3.320
3.950
3.230
2.270
1.890
2.240
1.980
1.150
1.630
2.430
3.300
2.860
3.650
4.320
3.520
1.850
1.310
1.140
1.260
1.960
1.710
1.910
2.720
3.360
2.920
1.900
1.750
1.730
2.280
2.150
2.180
1.750
2.710
3.360
2.940
2.630
3.080
2.220
2.180
1.880
2.500
3.160
2.610
2.570
2.660
3.130
3.670
4.540
5.290
3.820
1.710
2.060
2.320
1.990
1.480
1.670
1.850
2.100
2.900
3.650
4.310
2.590
3.340
3.790
3.420
2.700
3.130
3.440
3.270
3.460
3.670
3.900
4.650
4.360
3.050
2.120
2.130
1.910
1.080
1.270
2.050
2.970
3.020
2.310
1.410
1.930
2.120
2.040
1.670
1.610
1.770
2.550
2.510
2.990
3.880
3.490
3.950
2.730
2.400
2.580
2.500
1.710
1.340
1.760
2.050
1.900
1.880
1.560
1.480
1.740
1.770
1.380
1.550
1.960
1.590
1.530
1.460
2.250
3.080
3.480
3.530
3.310
3.080
3.080
2.900
2.090
1.710
2.410
2.810
2.390
2.690
2.810
2.880
2.830
2.040
2.370
3.170
3.500
3.540
3.340
2.390
2.340
1.980
1.660
1.680
2.110
2.970
3.650
3.810
4.150
3.340
1.920
2.770
2.850
3.240
3.980
2.700
2.860
3.720
3.700
2.780
3.510
3.500
3.010
3.390
2.480
2.140
1.670
1.590
1.380
1.380
2.060
2.720
3.760
3.010
2.210
2.170
1.470
1.620
2.580
2.420
1.910
1.880
1.890
2.560
3.040
2.940
2.570
2.420
2.640
2.460
2.540
2.610
3.020
2.800
2.430
2.470
2.940
3.630
3.790
2.900
3.630
4.310
5.260
4.170
3.420
3.130
3.150
2.130
1.830
1.840
2.340
2.470
2.540
2.580
2.390
1.830
1.460
1.820
2.500
0.961
1.190
2.020
2.790
3.560
4.530
3.320
3.190
3.500
3.520
3.580
3.150
3.050
3.260
3.040
2.020
1.920
2.660
2.350
1.870
2.000
2.050
2.350
2.000
2.470
3.020
1.910
2.210
2.570
3.380
2.480
1.890
2.770
2.900
3.270
2.390
2.260
1.750
1.900
2.200
2.720
2.750
3.300
3.410
1.730
1.510
1.800
1.510
1.440
1.610
1.850
2.210
2.870
3.810
4.070
3.140
3.150
2.470
2.680
3.190
3.140
2.720
2.370
2.400
2.290
2.540
1.750
1.730
2.240
2.660
3.140
3.320
3.020
3.830
4.410
4.010
3.240
3.440
2.550
1.690
1.510
1.700
1.670
2.110
1.780
2.180
2.180
2.650
3.270
4.260
3.730
2.020
2.620
3.580
4.240
4.820
4.090
2.730
3.410
4.190
3.570
1.740
1.670
1.590
1.090
1.270
1.660
1.930
2.170
2.610
2.700
2.350
1.990
1.990
2.680
3.580
4.430
4.230
2.430
2.110
2.610
2.700
2.110
2.370
1.760
2.240
2.490
2.310
1.730
1.730
2.140
1.730
2.200
3.080
3.290
3.490
2.620
2.190
2.290
2.850
3.790
3.960
3.670
2.790
1.810
1.930
2.700
3.490
3.420
3.370
3.280
3.170
2.040
1.920
1.910
2.000
2.020
1.870
2.800
2.880
3.290
3.780
3.810
1.920
2.570
3.320
4.120
2.580
2.180
2.130
2.090
2.540
3.160
1.850
2.060
1.830
1.950
1.640
1.590
2.330
2.630
2.510
1.730
2.400
2.590
1.990
2.370
2.470
2.850
2.390
1.970
1.850
2.250
2.060
1.540
1.470
2.130
2.840
2.800
3.340
3.580
1.750
1.630
1.740
1.980
2.240
3.040
2.860
2.170
2.410
2.270
1.910
2.260
2.400
2.430
1.840
1.880
1.770
2.120
2.250
2.400
2.260
2.690
3.460
4.220
3.740
3.370
2.860
3.260
3.070
2.140
2.340
1.910
2.040
1.880
2.090
2.400
2.680
2.990
3.710
4.040
3.640
2.760
2.810
3.670
3.900
3.960
4.410
4.030
3.360
2.490
2.170
2.340
2.930
2.470
2.540
3.410
3.150
2.850
2.540
2.950
3.700
2.700
2.280
2.630
3.290
3.410
3.390
3.220
2.770
2.310
1.310
1.290
1.610
1.400
1.620
2.440
2.460
2.250
2.100
1.900
1.800
2.470
2.750
2.130
2.920
3.640
4.650
5.430
4.900
3.660
2.280
1.290
1.400
2.270
2.350
2.910
2.630
3.260
3.810
2.770
2.370
2.840
3.480
1.640
2.040
2.750
2.750
1.640
1.120
1.230
1.300
1.420
1.770
2.310
2.580
1.640
2.130
2.780
3.830
3.600
4.080
3.130
2.790
2.810
3.260
2.460
2.560
3.390
4.260
4.480
3.150
2.480
3.060
2.190
1.770
2.210
2.430
2.810
2.610
1.970
2.090
1.510
1.620
2.060
1.640
1.250
1.610
1.660
1.870
2.040
2.210
2.090
2.320
2.000
1.530
1.750
1.520
1.560
2.200
1.770
1.530
2.030
2.120
2.980
2.720
3.420
4.010
3.580
3.050
3.700
3.260
2.950
3.630
4.670
2.870
3.190
2.910
2.590
2.150
2.030
2.000
1.680
1.550
2.310
3.120
4.010
3.540
2.170
2.780
3.810
3.610
2.560
3.390
3.450
3.080
2.530
1.300
0.938
1.260
1.190
1.960
1.910
2.610
3.230
4.010
2.610
1.890
2.040
2.510
2.540
3.410
3.070
2.180
1.580
1.760
2.550
2.470
2.970
3.060
2.270
2.020
2.140
1.820
2.250
2.090
2.360
3.040
2.940
2.590
3.190
3.760
3.490
4.240
4.900
4.460
4.120
3.100
3.740
3.650
3.700
2.660
2.070
2.850
3.230
2.260
1.410
2.030
1.990
1.380
2.140
2.970
3.670
4.670
3.980
1.770
1.330
1.180
1.900
2.770
2.270
2.580
3.040
3.960
4.610
5.660
5.280
3.560
4.170
5.210
4.560
2.530
2.680
2.040
2.510
3.290
3.650
2.910
2.340
3.160
2.940
1.590
1.360
1.700
2.240
2.690
3.060
2.800
1.880
1.610
1.530
1.290
1.900
2.710
3.420
2.970
2.810
2.970
3.270
3.440
3.340
3.220
3.650
3.370
3.890
3.580
2.550
2.770
2.650
1.470
1.550
2.240
2.910
2.690
3.050
2.070
1.450
2.060
2.290
2.330
1.630
1.450
1.600
2.370
2.420
3.000
2.280
2.180
1.800
1.230
1.700
1.840
2.370
2.430
2.950
3.600
4.050
3.040
2.940
1.730
2.100
2.000
1.880
1.910
1.540
1.660
2.370
3.310
4.010
4.310
1.550
1.480
1.040
1.020
1.430
2.110
2.860
3.600
2.470
1.830
2.070
1.990
2.290
1.680
1.600
2.360
3.040
2.920
3.360
3.290
2.240
2.120
2.240
2.330
2.910
3.890
4.260
4.100
4.430
4.050
3.100
2.700
1.680
1.750
1.380
1.480
1.870
2.560
2.610
1.860
2.280
1.770
1.450
1.760
2.590
3.390
4.360
4.310
2.730
1.930
2.720
2.540
3.240
3.980
3.800
2.210
1.990
2.190
2.400
2.090
2.170
2.490
2.640
1.800
1.460
1.740
2.130
2.860
3.150
3.320
3.930
4.250
3.240
2.430
2.390
1.960
2.220
2.090
2.440
2.950
2.470
2.200
2.490
2.630
2.990
2.420
2.610
3.240
2.700
1.770
1.410
1.840
2.680
2.540
3.160
3.070
2.470
1.480
1.880
1.850
2.220
2.650
3.230
3.070
2.330
2.030
2.400
3.130
3.900
3.810
3.890
3.300
3.140
2.900
2.280
2.130
2.580
2.810
3.630
3.450
2.650
2.580
3.060
2.800
3.200
2.860
1.830
2.060
1.610
1.750
1.020
1.470
1.740
1.820
1.610
2.270
2.090
1.900
1.520
1.920
1.540
1.800
1.700
1.710
1.700
2.090
2.040
2.060
1.990
1.300
2.090
2.360
1.840
1.630
1.930
2.560
3.240
3.220
3.600
3.950
3.390
1.990
1.950
1.600
2.190
2.340
1.710
1.890
1.260
1.410
1.310
1.970
2.630
2.700
2.200
1.970
1.460
1.620
1.840
2.700
3.300
2.900
1.840
1.580
1.340
1.560
1.380
1.310
1.880
2.120
2.440
2.310
2.390
1.980
2.490
2.180
2.290
2.900
1.910
2.030
2.430
2.630
2.810
3.390
4.310
3.740
4.100
3.460
3.310
2.940
2.940
3.120
2.560
3.280
3.100
3.750
3.210
3.260
3.000
2.270
2.510
3.530
3.210
1.930
2.360
3.200
2.940
3.600
2.750
2.830
3.100
3.360
2.680
3.350
2.990
2.310
1.810
1.190
1.900
2.750
3.610
3.230
2.680
2.540
3.100
2.910
1.620
1.580
1.830
2.340
3.010
2.090
1.750
2.420
3.150
3.610
1.960
2.270
2.580
3.130
3.560
4.330
4.220
4.390
5.140
4.220
3.510
3.370
3.020
2.930
3.100
2.910
2.070
2.110
1.410
1.730
1.980
2.880
2.970
3.310
2.290
2.290
2.530
1.800
2.090
2.900
1.820
1.470
1.510
1.750
1.440
1.620
2.000
2.630
3.630
3.940
3.700
2.800
2.790
1.660
1.680
2.340
3.230
3.200
1.740
1.740
2.420
2.310
1.910
1.450
1.360
1.120
0.915
1.180
0.927
1.270
1.610
1.950
2.580
3.560
4.150
4.170
4.560
4.440
2.510
1.660
1.730
2.350
2.250
2.490
2.510
3.360
3.220
3.100
2.220
2.920
3.740
3.130
2.900
2.170
2.190
2.540
2.920
2.200
2.360
2.630
2.190
2.630
3.430
4.000
3.790
3.310
2.790
3.140
3.120
3.580
4.610
4.830
2.610
1.880
2.280
2.540
3.270
2.330
1.610
1.960
2.680
3.200
2.350
1.160
1.410
2.260
2.180
2.200
2.780
1.880
1.880
2.120
1.460
2.120
3.040
3.160
2.360
2.860
2.790
3.530
3.290
3.800
4.120
4.120
2.790
1.930
1.550
2.320
2.570
1.480
1.670
2.050
2.150
2.060
2.490
3.100
3.780
2.530
2.440
2.060
2.340
1.880
