3.290
2.530
1.140
1.260
1.230
2.100
2.860
3.020
3.150
4.000
4.460
4.190
3.560
4.240
4.750
4.270
2.510
2.350
3.080
4.020
4.690
4.890
3.580
4.000
3.520
4.410
4.610
4.520
3.220
3.150
3.870
4.040
3.240
2.400
3.320
4.090
4.820
5.630
6.680
7.410
7.730
5.950
4.810
3.740
2.750
2.560
2.850
3.480
4.440
5.100
5.930
4.970
6.080
6.300
5.240
2.800
3.560
4.290
3.920
4.450
5.190
4.050
3.540
4.300
3.780
2.950
3.660
3.410
4.090
4.630
4.330
4.270
3.940
4.690
4.240
3.390
4.240
4.970
3.790
2.850
2.880
2.660
3.480
4.240
4.840
4.470
3.460
2.360
2.540
2.210
3.070
3.440
3.510
3.060
3.480
3.350
3.900
4.620
5.550
4.990
3.130
2.310
3.000
3.710
4.030
4.360
3.640
3.860
4.890
4.340
5.120
4.290
4.540
3.660
3.080
2.910
3.010
3.130
3.630
3.500
3.490
3.720
4.390
4.650
4.610
4.370
2.990
3.720
4.000
2.870
3.600
4.310
5.210
4.310
5.430
5.710
6.580
5.070
4.440
5.020
6.050
5.190
5.990
4.920
3.130
2.970
3.730
2.700
3.040
3.360
3.090
2.900
2.870
3.340
4.190
3.800
3.270
3.700
4.740
5.050
3.460
2.130
2.610
3.260
3.300
2.650
3.440
4.230
5.130
3.970
2.540
2.990
2.970
2.340
2.800
2.150
2.840
3.200
3.350
3.900
4.650
5.370
4.930
4.810
4.650
2.920
2.650
2.950
3.780
3.340
4.150
4.690
5.180
3.070
2.460
2.400
3.290
2.610
1.690
2.220
2.470
2.860
2.920
3.380
4.100
4.900
5.170
3.310
2.690
2.810
3.200
4.050
4.330
2.540
2.710
3.140
3.870
3.580
3.850
3.360
4.170
4.360
4.830
5.000
5.760
6.390
6.930
4.190
3.870
2.760
3.350
3.100
3.700
3.430
3.460
3.380
4.170
4.750
4.760
5.020
4.670
3.280
4.120
4.780
5.570
3.930
3.930
3.150
3.260
3.740
4.450
5.290
3.790
2.840
1.880
2.220
2.870
3.790
4.390
3.190
3.370
3.600
3.700
3.340
2.610
3.510
3.220
3.460
3.600
4.100
3.600
4.290
4.740
5.640
6.560
6.380
6.260
5.780
4.400
4.910
4.330
4.290
4.220
4.930
5.710
5.870
5.820
5.840
4.410
3.740
3.510
3.220
3.030
2.220
2.950
3.280
3.410
4.010
3.060
2.990
3.360
3.390
3.380
3.740
4.240
5.140
5.910
6.890
6.680
5.110
3.870
4.030
3.340
2.030
1.810
2.100
2.790
3.760
3.240
4.010
4.530
4.580
3.360
3.390
2.690
2.430
2.840
3.340
3.310
3.700
3.450
2.980
3.700
3.630
3.430
3.510
3.710
2.790
3.220
4.170
3.720
3.790
3.650
4.550
4.640
4.780
4.450
4.140
4.160
4.910
5.470
3.390
2.680
3.460
3.780
3.660
3.450
3.190
3.510
2.720
2.020
2.150
2.320
2.990
3.100
2.630
2.680
2.700
1.980
2.100
2.880
2.800
3.380
4.100
4.900
3.800
2.460
2.270
2.000
2.060
2.460
2.440
3.100
4.030
4.240
4.490
4.690
4.120
3.890
3.830
2.870
2.430
2.830
3.580
4.430
5.240
6.090
6.720
4.850
3.360
2.940
1.710
1.910
2.290
2.340
2.250
2.540
3.170
4.100
4.810
5.690
6.410
7.150
6.020
7.220
4.010
4.690
5.360
6.320
6.940
7.730
6.490
5.410
5.440
5.140
4.580
3.450
3.370
3.270
2.570
1.910
2.720
3.490
3.410
3.870
4.430
5.140
5.760
3.580
2.770
2.180
3.060
3.800
4.260
4.100
4.780
4.050
4.920
3.800
3.240
4.000
4.980
4.360
5.140
5.500
5.190
5.680
5.390
5.370
6.020
6.130
5.000
3.920
2.840
3.190
2.500
2.620
3.130
3.090
3.580
3.430
3.670
3.440
3.960
3.100
2.950
3.790
4.600
5.260
6.140
6.390
5.340
4.950
3.200
2.340
2.440
2.830
2.930
2.920
3.360
3.600
4.480
3.980
3.360
2.680
3.630
4.120
3.580
2.990
2.480
1.690
1.980
2.420
2.330
2.980
3.870
2.220
2.040
2.810
3.760
4.410
4.400
3.780
3.970
3.740
4.230
4.630
4.230
2.700
1.930
2.660
3.430
2.920
2.510
2.430
2.970
2.270
2.610
2.970
3.010
3.720
4.600
4.520
4.740
4.030
4.430
3.940
4.410
3.880
4.780
5.100
4.710
5.310
5.100
5.170
4.360
4.710
5.190
3.850
3.630
3.170
2.320
3.010
3.670
4.530
4.220
4.850
4.740
3.220
3.650
3.730
3.930
4.780
5.500
4.810
4.010
4.220
4.290
4.830
4.260
4.670
2.900
2.350
2.840
2.970
2.410
3.220
3.890
2.970
2.880
3.700
4.120
2.850
2.410
2.930
3.050
3.360
3.100
3.560
3.460
3.610
3.210
3.080
3.310
2.510
2.750
3.530
3.720
3.340
3.460
4.330
3.460
3.130
3.460
3.500
4.290
2.920
3.010
3.430
3.710
3.270
3.630
3.500
3.900
3.280
1.980
1.840
2.750
2.730
2.530
2.840
3.710
3.530
4.110
3.350
3.230
3.650
4.630
4.540
4.510
3.760
3.740
3.370
3.490
3.970
3.420
2.650
2.930
3.660
4.360
5.310
5.610
5.260
5.930
6.450
6.410
6.900
6.610
4.680
2.980
2.980
2.560
2.130
2.900
3.860
3.350
2.720
3.510
3.880
3.920
4.560
4.390
3.350
1.980
2.250
2.560
2.560
2.990
3.170
3.380
3.570
4.000
4.360
4.380
3.850
3.150
2.080
2.030
1.910
2.610
2.980
3.130
3.350
3.310
3.320
3.450
4.190
3.870
4.540
4.930
5.710
6.530
6.610
6.260
5.570
3.650
3.580
3.970
3.720
4.460
5.170
5.130
5.360
4.470
4.600
4.190
4.510
3.870
3.680
4.120
4.010
4.700
4.600
4.540
5.060
4.240
4.930
5.600
5.690
5.000
4.360
5.310
5.530
4.490
3.170
2.900
3.360
4.100
3.700
3.750
3.310
2.360
3.130
3.270
3.600
3.940
3.970
4.460
5.070
4.920
3.530
4.080
5.060
4.870
4.990
4.040
3.270
3.140
3.700
4.390
4.450
4.820
3.200
2.250
2.870
3.740
4.450
4.870
4.560
5.500
5.530
3.720
3.810
3.150
2.790
3.730
4.560
3.730
3.520
4.150
4.120
3.700
3.710
3.760
3.880
3.630
2.750
3.290
3.310
3.980
4.510
5.570
3.810
3.630
4.290
5.210
5.980
7.010
7.430
8.800
7.050
6.740
5.270
3.230
1.610
1.830
2.650
2.490
3.130
3.430
3.750
3.430
3.810
4.120
4.630
3.880
3.220
2.880
2.700
2.780
3.170
3.930
4.840
5.730
4.620
5.330
4.490
5.340
3.940
2.660
3.150
2.240
1.750
2.650
2.940
3.030
2.810
3.560
4.100
5.190
5.940
6.920
6.970
3.720
3.410
2.730
2.980
3.230
3.170
3.760
4.490
5.350
4.040
3.810
3.530
3.880
3.510
3.880
3.260
3.090
3.820
4.380
4.120
4.780
3.290
2.310
3.040
3.930
4.600
5.640
4.190
3.790
3.490
4.080
4.290
4.100
3.810
4.010
4.780
4.460
4.880
5.570
4.440
3.540
3.360
3.080
3.220
3.570
3.570
3.100
3.670
4.690
4.480
3.890
2.710
3.510
3.390
3.830
4.380
5.190
4.510
4.830
4.370
4.540
4.600
5.070
5.420
5.030
5.210
4.580
5.310
6.350
7.140
5.900
6.750
7.610
7.890
7.050
6.300
4.380
2.530
2.910
2.990
3.090
2.530
2.510
2.790
3.130
3.580
3.880
2.640
2.500
2.870
2.930
3.650
4.510
4.710
4.900
2.920
3.340
4.050
3.890
4.310
4.990
5.600
4.960
5.800
6.210
6.710
6.420
4.360
4.050
4.310
2.970
3.200
4.030
4.880
5.550
6.580
3.260
2.180
2.930
3.150
3.370
3.960
4.150
4.360
4.810
5.570
4.880
4.120
4.710
5.620
3.790
2.790
3.210
2.930
2.940
3.600
4.580
3.790
4.470
2.660
3.270
4.100
4.240
3.940
3.650
3.500
2.930
2.530
3.230
2.900
3.040
2.800
3.810
4.090
3.320
3.170
4.150
4.780
4.600
3.100
3.200
4.010
4.050
4.260
4.810
5.100
3.630
3.970
4.740
5.500
6.500
7.410
8.000
9.480
7.520
6.080
5.030
4.670
4.630
4.990
4.540
4.800
5.250
6.120
6.610
7.340
4.880
3.170
2.370
2.270
2.860
3.750
4.400
4.510
4.600
4.710
4.400
5.070
3.440
2.580
2.800
3.210
2.650
3.200
3.890
4.690
2.910
3.090
3.240
3.520
3.350
4.100
4.970
5.570
6.460
5.570
6.300
4.100
2.770
3.580
3.420
3.720
3.080
2.840
2.840
2.830
3.040
2.310
1.730
2.180
2.910
2.940
1.900
2.200
3.150
2.790
3.040
2.090
2.920
3.600
4.520
4.290
3.420
3.080
2.990
2.320
2.650
3.350
3.460
2.840
2.930
3.100
3.800
4.450
5.480
4.710
3.740
2.420
3.010
3.830
4.470
5.500
6.140
7.460
7.870
7.630
6.920
7.010
7.040
6.510
4.920
2.700
2.120
2.970
3.650
4.620
5.400
6.370
7.300
6.420
5.640
6.570
5.850
6.440
6.830
7.530
6.510
7.210
7.750
7.900
6.460
7.750
8.120
8.650
7.940
4.740
4.360
4.930
4.470
5.270
5.800
5.310
5.780
6.440
6.850
4.710
4.460
5.240
5.870
6.970
6.660
3.240
3.240
2.880
2.940
3.850
2.980
1.760
1.980
2.690
3.450
4.150
5.240
6.000
5.210
3.970
2.130
1.440
2.000
1.730
1.460
1.870
2.610
3.480
4.190
5.170
5.170
5.280
5.840
5.490
5.430
6.260
6.560
7.390
8.180
9.150
8.120
7.870
4.870
4.470
4.740
4.220
4.080
4.100
3.510
4.220
4.780
5.760
6.490
7.140
5.030
4.850
5.030
4.920
3.810
2.920
2.940
3.590
2.480
1.600
1.900
2.180
2.510
3.130
2.990
3.600
4.220
4.040
4.100
3.570
3.420
4.000
4.520
5.570
4.510
2.950
3.220
3.780
3.500
3.100
3.850
3.170
2.910
2.710
3.420
4.020
3.790
2.900
3.310
3.410
4.050
3.680
4.360
4.810
5.620
5.370
4.510
2.910
2.630
3.220
3.100
3.670
4.300
3.900
3.850
2.700
3.430
4.180
3.710
3.210
3.410
3.530
3.980
4.830
5.330
4.930
4.160
4.650
3.520
3.190
2.900
3.790
4.050
4.150
4.620
5.370
6.050
6.800
4.460
3.360
3.100
3.720
3.380
3.200
3.200
3.080
2.760
2.770
3.050
2.590
2.250
1.700
2.110
2.800
3.740
3.720
3.870
2.480
3.040
3.810
4.670
3.420
3.380
4.170
4.410
4.260
4.900
4.180
4.690
3.130
3.050
4.080
4.690
5.250
2.140
1.900
2.610
3.510
3.360
3.890
4.360
5.280
5.430
5.240
3.670
3.760
4.380
5.410
5.920
4.690
2.070
1.910
2.630
3.500
4.070
3.860
4.590
4.010
3.240
3.490
3.460
3.820
2.750
3.210
3.560
3.240
2.660
2.750
3.650
4.260
5.330
6.000
7.030
4.550
3.960
3.950
3.600
2.560
2.580
2.680
3.130
3.760
3.350
2.980
3.750
4.260
2.790
3.010
3.080
3.700
3.490
4.110
4.580
4.820
4.680
3.370
3.310
4.080
4.880
5.880
4.150
3.720
3.670
4.170
4.080
4.050
4.260
2.880
3.350
4.070
3.630
2.940
3.340
3.230
2.980
3.670
3.260
2.060
2.860
3.600
4.440
5.110
5.620
5.400
5.460
5.100
6.040
6.540
7.180
6.560
6.300
5.760
6.230
5.840
4.090
4.040
2.760
3.530
4.310
5.050
4.360
5.410
5.760
6.510
5.340
4.850
3.660
2.210
2.650
3.650
4.440
5.210
4.710
5.420
5.870
6.410
5.580
4.770
5.170
4.740
4.380
4.530
4.600
4.690
5.240
5.830
6.210
3.310
3.090
4.090
4.850
5.170
3.700
4.010
4.670
4.480
2.290
2.880
3.600
2.550
1.960
2.650
3.200
3.060
3.390
3.130
2.320
2.420
2.500
2.060
2.850
3.760
4.550
5.040
4.530
4.360
4.770
4.780
4.760
4.090
3.420
4.050
4.190
3.660
2.610
3.160
4.050
3.040
3.200
3.810
4.730
4.110
4.030
4.030
5.060
4.620
4.980
3.760
3.650
2.580
2.750
3.600
4.260
5.260
5.980
7.010
4.800
4.610
4.980
5.120
4.120
2.240
1.930
2.810
3.530
4.150
3.860
4.170
3.670
3.750
3.790
3.670
4.260
3.600
2.810
2.580
3.530
4.330
5.190
5.830
6.930
5.870
6.940
5.640
4.140
2.410
3.300
4.020
4.740
3.760
3.630
4.300
5.290
5.880
5.400
5.240
3.450
2.760
3.630
3.720
3.940
4.520
5.170
6.160
6.940
7.070
6.010
5.530
5.000
3.790
2.970
2.980
2.540
2.310
1.930
2.500
2.390
2.390
1.800
1.800
1.620
1.880
2.720
3.420
4.380
4.580
4.230
3.680
3.720
4.100
2.970
2.790
3.580
4.510
4.810
4.490
5.320
5.780
6.370
3.380
3.040
3.760
4.200
4.330
4.740
5.140
6.230
6.850
6.710
4.620
5.310
6.080
7.070
6.300
6.680
5.800
6.160
6.640
4.650
4.540
4.740
4.320
3.830
3.410
3.660
3.830
4.380
5.000
4.380
5.260
5.280
4.610
3.830
2.060
2.210
2.290
2.720
3.740
3.220
3.450
3.140
2.530
2.560
3.420
3.340
3.750
3.660
4.200
4.220
5.110
3.650
2.730
2.950
2.760
2.500
3.060
3.800
4.660
5.360
6.440
6.140
5.190
2.970
2.250
2.540
3.430
3.930
3.230
3.150
4.120
4.670
4.530
4.970
5.530
4.830
5.570
4.380
2.940
3.060
3.640
3.390
3.720
3.630
2.650
2.650
3.230
4.090
4.750
4.450
5.100
5.640
6.150
6.970
6.280
6.590
5.420
4.980
4.520
3.390
3.580
3.450
4.050
4.170
4.140
3.390
2.870
2.840
2.750
2.950
3.050
3.460
3.890
4.950
4.490
4.740
4.230
4.230
4.180
3.760
3.980
3.740
4.260
4.320
4.070
4.760
5.460
5.090
5.020
4.410
4.800
4.470
5.350
5.660
4.370
3.930
4.840
5.440
5.280
5.690
6.300
6.450
7.710
8.320
7.590
5.700
2.940
2.630
3.560
3.830
4.160
4.360
4.830
2.550
1.870
2.610
3.100
3.100
3.670
3.480
2.940
2.250
2.110
2.180
2.760
3.560
3.130
2.530
3.320
4.240
4.780
5.870
6.570
6.640
4.950
3.530
3.420
4.090
4.160
3.580
3.420
3.960
3.750
3.970
2.900
3.410
3.020
3.820
4.300
5.250
5.030
4.270
4.360
4.010
4.610
5.070
4.710
5.000
5.710
6.300
7.250
5.350
4.390
3.380
3.440
4.090
3.780
3.950
2.900
3.100
4.100
3.230
3.000
3.700
4.400
2.130
2.540
3.340
4.170
5.100
5.640
6.680
5.950
4.400
2.970
3.410
4.100
4.900
5.800
6.750
7.270
6.380
5.370
5.120
4.590
4.580
4.560
2.360
2.390
3.240
2.170
2.150
1.840
2.250
2.250
2.310
2.180
2.000
1.850
2.030
2.290
2.990
3.760
4.710
4.330
4.820
5.240
5.730
4.740
4.400
4.930
5.920
4.820
4.180
3.630
4.410
4.810
5.560
3.160
3.720
4.670
5.140
3.830
3.790
3.490
3.350
2.900
1.740
2.130
2.870
3.760
4.030
2.580
2.250
3.080
3.590
3.500
3.200
3.600
3.310
3.860
4.550
4.010
2.610
2.180
2.090
1.950
1.680
2.560
2.790
2.100
1.900
2.550
2.630
2.390
1.950
2.680
3.420
2.770
2.150
2.700
3.650
3.780
3.100
2.320
2.030
1.450
1.580
2.290
3.170
3.780
4.850
4.380
5.070
5.370
3.870
3.670
4.450
4.620
4.710
5.350
5.620
4.260
3.170
3.380
2.870
3.820
4.450
4.170
4.580
4.240
3.280
3.790
4.710
5.470
5.710
3.670
4.250
4.950
5.920
5.140
5.660
4.740
4.870
4.810
3.150
2.580
3.240
3.010
3.000
2.100
2.860
3.560
4.530
4.040
4.190
3.870
4.220
4.080
4.380
4.240
4.930
4.040
3.670
2.800
3.580
3.240
2.770
2.940
3.100
3.170
2.320
2.990
2.400
2.610
3.060
3.170
3.760
3.930
4.050
4.460
5.170
6.060
6.230
4.980
3.530
3.650
3.760
2.930
2.610
2.610
2.920
3.410
2.530
2.440
2.410
3.200
2.770
2.440
3.220
4.000
3.680
4.360
4.930
5.800
6.460
7.460
8.130
8.430
