3027.9497545813215	300.0	2000.0	188.95081214279108	0	0.0	3027.9497545813215	1	0	1	-1.3110975138536405
3200.0	300.0	2827.9497545813215	0.0	0	9.882160576111346	3027.949754581321	1	0	1	-0.1849280756185112
4200.0	300.0	2827.9497545813215	0.0	0	843.6106986236928	3027.949754581321	1	0	1	-0.1849280756185112
5200.0	300.0	2827.9497545813215	0.0	0	838.2406203570736	3027.949754581321	1	0	1	-0.1849280756185112
6200.0	500.0	2827.949754581322	0.0	0	837.3224717092007	3027.9497545813215	1	0	1	-0.1849280756185111
7200.0	500.0	2827.949754581321	0.0	0	724.5184937561426	3027.949754581321	1	0	1	0.3258975481474796
8200.0	500.0	2827.9497545813206	0.0	0	471.62039260964684	3027.949754581322	1	0	1	0.3258975481474795
9200.0	500.0	2827.9497545813197	0.0	0	556.2332517020022	3027.949754581323	1	0	1	0.32589754814747945
10200.0	1000.0	2827.9497545813197	0.0	0	31.88163175714908	3027.9497545813238	1	0	1	0.3258975481474792
11200.0	1000.0	2827.9497545813215	0.0	0	103.12171316476451	3027.9497545813256	1	0	1	1.0190447287074245
12200.0	1000.0	2827.9497545813215	0.0	0	204.38981531571335	3027.9497545813265	1	0	1	1.019044728707424
13200.0	1000.0	2827.9497545813215	0.0	0	84.28360021091976	3027.9497545813265	1	0	1	1.019044728707424
14200.0	1000.0	2827.9497545813224	0.0	0	327.0457832891334	3027.9497545813265	1	0	1	1.019044728707424
15200.0	1000.0	2827.949754581323	0.0	0	628.5799687013186	3027.9497545813265	1	0	1	1.019044728707424
16200.0	1000.0	2827.9497545813238	0.0	0	550.2508182850797	3027.9497545813265	1	0	1	1.019044728707424
17200.0	1000.0	2827.9497545813233	0.0	0	703.9554338145863	3027.9497545813265	1	0	1	1.019044728707424
18200.0	1000.0	2827.949754581323	0.0	0	737.4201496114074	3027.9497545813247	1	0	1	1.0190447287074242
19200.0	1000.0	2827.949754581324	0.0	0	549.4982259760254	3027.9497545813265	1	0	1	1.0190447287074245
20200.0	1000.0	2827.949754581324	0.0	0	373.94386860739905	3027.9497545813247	1	0	1	1.0190447287074245
21200.0	2000.0	2827.9497545813256	0.0	0	146.07996603562424	3027.9497545813247	1	0	1	1.0190447287074245
22200.0	2000.0	2827.9497545813256	0.0	0	536.3374931592516	3027.9497545813247	1	0	1	1.7121919092673696
23200.0	2000.0	2827.949754581323	0.0	0	345.0641447002381	3027.949754581321	1	0	1	1.71219190926737
24200.0	2000.0	2827.9497545813265	0.0	0	437.7395418139022	3027.949754581321	1	0	1	1.71219190926737
25411.668710651447	3000.0	2616.281043929877	0.0	0	0.0	3027.949754581321	1	0	1	1.7121919092673703
27070.200335501286	3000.0	1957.7494190800394	0.0	0	0.0	3027.949754581321	1	0	1	2.117657017375535
28587.452715912652	2000.0	1440.497038668674	0.0	0	0.0	3027.949754581321	1	0	1	1.3067268011592055
30867.782472462794	2000.0	200.0	39.83271788146658	0	0.0	3067.78247246279	1	0	1	1.4716923380634501
31942.630410060177	2000.0	519.1886945964997	394.0366321938861	0	0.0	3461.8191046566753	1	0	1	-0.7501074235250712
32387.38085933664	1000.0	1074.4382453200317	0.0	0	0.0	3461.8191046566717	1	0	1	0.2278180085183569
32885.68224900254	1000.0	1576.13685565414	0.0	0	0.0	3461.819104656679	1	0	1	0.9209651890783014
33281.78372893421	1000.0	2180.0353757224716	0.0	0	0.0	3461.8191046566935	1	0	1	0.9209651890782979
34125.43984714276	1000.0	2336.3792575139246	0.0	0	0.0	3461.8191046566935	1	0	1	0.9209651890782965
34773.50442015893	1000.0	2688.314684497762	0.0	0	0.0	3461.8191046567044	1	0	1	0.9209651890782944
35200.0	1000.0	3261.8191046566994	0.0	0	12.334317121625645	3461.819104656708	1	0	1	0.920965189078293
36200.0	1000.0	3261.8191046566976	0.0	0	317.98241280088405	3461.8191046567117	1	0	1	0.920965189078292
37200.0	1000.0	3261.8191046567053	0.0	0	148.77592578286567	3461.8191046567154	1	0	1	0.9209651890782901
38200.0	1000.0	3261.8191046566985	0.0	0	93.33385965212074	3461.8191046567154	1	0	1	0.9209651890782901
39200.0	1000.0	3261.8191046567035	0.0	0	407.7960465977085	3461.8191046567226	1	0	1	0.9209651890782882
40200.0	1000.0	3261.8191046567	0.0	0	410.8175180491817	3461.8191046567154	1	0	1	0.9209651890782901
41200.0	1000.0	3261.8191046567067	0.0	0	586.8441928152533	3461.8191046567154	1	0	1	0.9209651890782901
42200.0	1000.0	3261.819104656716	0.0	0	599.5762853124324	3461.8191046567226	1	0	1	0.9209651890782882
43200.0	1000.0	3261.8191046567094	0.0	0	643.5178165862817	3461.8191046567226	1	0	1	0.9209651890782882
44200.0	1000.0	3261.8191046567113	0.0	0	669.055775212044	3461.8191046567226	1	0	1	0.9209651890782882
45200.0	2000.0	3261.8191046567104	0.0	0	250.79242044540297	3461.8191046567226	1	0	1	0.920965189078288
46311.37516022261	2000.0	3150.443944434098	0.0	0	0.0	3461.8191046567154	1	0	1	1.6141123696382353
47898.210187395234	2000.0	2563.608917261469	0.0	0	0.0	3461.8191046567154	1	0	1	1.6141123696382353
48943.43824260076	2000.0	2518.3808620559503	0.0	0	0.0	3461.8191046567154	1	0	1	1.6141123696382353
49846.394957233104	2000.0	2615.424147423599	0.0	0	0.0	3461.8191046567154	1	0	1	1.6141123696382353
50815.644204474906	2000.0	2646.1749001818007	0.0	0	0.0	3461.8191046567154	1	0	1	1.6141123696382353
51776.11525771782	2000.0	2685.703846938891	0.0	0	0.0	3461.8191046567154	1	0	1	1.6141123696382353
52531.707759137156	2000.0	2930.111345519556	0.0	0	0.0	3461.8191046567226	1	0	1	1.6141123696382331
53457.64696079572	2000.0	3004.172143860998	0.0	0	0.0	3461.8191046567226	1	0	1	1.6141123696382331
54459.42106908948	2000.0	3002.3980355672297	0.0	0	0.0	3461.8191046567226	1	0	1	1.6141123696382331
55687.6666579678	2000.0	2774.1524466889105	0.0	0	0.0	3461.8191046567226	1	0	1	1.6141123696382331
56718.38342340646	2000.0	2743.435681250246	0.0	0	0.0	3461.8191046567226	1	0	1	1.6141123696382331
57943.234999270404	2000.0	2518.584105386296	0.0	0	0.0	3461.8191046567226	1	0	1	1.6141123696382331
59273.969721807975	2000.0	2187.8493828487253	0.0	0	0.0	3461.8191046567226	1	0	1	1.6141123696382331
60198.54484033794	2000.0	2263.2742643187567	0.0	0	0.0	3461.81910465673	1	0	1	1.6141123696382316
61093.94367840746	2000.0	2367.875426249246	0.0	0	0.0	3461.8191046567226	1	0	1	1.6141123696382331
62357.90985678834	2000.0	2103.9092478683706	0.0	0	0.0	3461.81910465673	1	0	1	1.6141123696382316
63451.13241496979	2000.0	2010.686689686916	0.0	0	0.0	3461.81910465673	1	0	1	1.6141123696382316
64490.04711607325	2000.0	1971.7719885834558	0.0	0	0.0	3461.81910465673	1	0	1	1.6141123696382316
65645.52242425477	2000.0	1816.2966804019297	0.0	0	0.0	3461.8191046567154	1	0	1	1.6141123696382336
66645.67139505045	2000.0	1816.147709606253	0.0	0	0.0	3461.8191046567154	1	0	1	1.6141123696382362
67655.21832440684	2000.0	1806.6007802498664	0.0	0	0.0	3461.8191046567154	1	0	1	1.6141123696382358
68894.58007597327	2000.0	1567.2390286834368	0.0	0	0.0	3461.819104656708	1	0	1	1.6141123696382376
69782.6468142242	2000.0	1679.1722904325027	0.0	0	0.0	3461.819104656708	1	0	1	1.6141123696382373
70634.65642251399	2000.0	1827.1626821426987	0.0	0	0.0	3461.819104656708	1	0	1	1.6141123696382373
71500.58486532014	2000.0	1961.2342393365445	0.0	0	0.0	3461.819104656708	1	0	1	1.6141123696382373
72490.0192480567	2000.0	1971.7998565999808	0.0	0	0.0	3461.8191046566935	1	0	1	1.6141123696382402
73317.16301737013	2000.0	2144.6560872865634	0.0	0	0.0	3461.819104656708	1	0	1	1.6141123696382373
74099.25249563104	2000.0	2362.5666090256536	0.0	0	0.0	3461.819104656708	1	0	1	1.6141123696382373
74899.94070705517	2000.0	2561.8783976015316	0.0	0	0.0	3461.819104656708	1	0	1	1.6141123696382373
76089.98257490926	2000.0	2371.836529747457	0.0	0	0.0	3461.819104656708	1	0	1	1.6141123696382373
77309.20847651293	2000.0	2152.610628143784	0.0	0	0.0	3461.819104656708	1	0	1	1.6141123696382373
78189.63840048804	2000.0	2272.180704168673	0.0	0	0.0	3461.819104656708	1	0	1	1.6141123696382373
79273.45997438123	2000.0	2188.359130275479	0.0	0	0.0	3461.819104656708	1	0	1	1.6141123696382373
80320.53659025324	2000.0	2141.282514403486	0.0	0	0.0	3461.819104656708	1	0	1	1.6141123696382373
81140.92649631428	2000.0	2320.892608342453	0.0	0	0.0	3461.819104656708	1	0	1	1.6141123696382373
82059.51280006202	2000.0	2402.3063045947056	0.0	0	0.0	3461.819104656708	1	0	1	1.6141123696382373
82985.78004405547	2000.0	2476.039060601263	0.0	0	0.0	3461.819104656708	1	0	1	1.6141123696382373
83920.38279228429	2000.0	2541.4363123724374	0.0	0	0.0	3461.819104656708	1	0	1	1.6141123696382373
84959.4463832908	2000.0	2502.372721365927	0.0	0	0.0	3461.819104656708	1	0	1	1.6141123696382373
86073.8038103205	2000.0	2388.015294336215	0.0	0	0.0	3461.819104656708	1	0	1	1.6141123696382373
87156.74773408705	2000.0	2305.0713705696576	0.0	0	0.0	3461.819104656708	1	0	1	1.6141123696382373
88054.80186099894	2000.0	2407.0172436577604	0.0	0	0.0	3461.819104656708	1	0	1	1.6141123696382373
89228.00110288966	2000.0	2233.8180017670556	0.0	0	0.0	3461.819104656708	1	0	1	1.6141123696382373
89977.32577319758	2000.0	2484.493331459136	0.0	0	0.0	3461.819104656708	1	0	1	1.6141123696382373
91159.75675890915	2000.0	2302.0623457475563	0.0	0	0.0	3461.819104656708	1	0	1	1.6141123696382373
92137.8460144082	2000.0	2323.973090248516	0.0	0	0.0	3461.8191046567226	1	0	1	1.6141123696382331
93242.74258678887	2000.0	2219.0765178678503	0.0	0	0.0	3461.819104656737	1	0	1	1.6141123696382293
94298.16551034944	2000.0	2163.6535943072836	0.0	0	0.0	3461.819104656737	1	0	1	1.6141123696382293
94938.7940481004	2000.0	2523.02505655632	0.0	0	0.0	3461.819104656737	1	0	1	1.6141123696382293
95993.12963558204	2000.0	2468.6894690746763	0.0	0	0.0	3461.819104656737	1	0	1	1.6141123696382293
96792.7402986447	2000.0	2669.0788060120235	0.0	0	0.0	3461.819104656737	1	0	1	1.6141123696382293
97926.60304404715	2000.0	2535.2160606095886	0.0	0	0.0	3461.819104656737	1	0	1	1.6141123696382293
98938.63184761995	2000.0	2523.187257036772	0.0	0	0.0	3461.819104656737	1	0	1	1.6141123696382293
99562.71458326578	2000.0	2899.1045213909442	0.0	0	0.0	3461.819104656737	1	0	1	1.6141123696382293
100522.24963035186	2000.0	2939.569474304884	0.0	0	0.0	3461.819104656737	1	0	1	1.6141123696382293
101200.0	2000.0	3261.8191046567267	0.0	0	43.51224412389274	3461.819104656737	1	0	1	1.6141123696382293
102200.0	2000.0	3261.8191046567295	0.0	0	11.76479326482513	3461.819104656737	1	0	1	1.6141123696382293
103276.3972906124	2000.0	3185.421814044328	0.0	0	0.0	3461.819104656737	1	0	1	1.6141123696382293
104200.0	2000.0	3261.8191046567363	0.0	0	103.18223890627269	3461.819104656737	1	0	1	1.6141123696382293
105283.94372415895	2000.0	3177.8753804977923	0.0	0	0.0	3461.819104656737	1	0	1	1.6141123696382293
106200.0	2000.0	3261.819104656737	0.0	0	97.68810744884831	3461.819104656737	1	0	1	1.6141123696382293
107292.17349390149	2000.0	3169.6456107552576	0.0	0	0.0	3461.819104656737	1	0	1	1.6141123696382293
108380.61580357139	2000.0	3081.2033010853534	0.0	0	0.0	3461.8191046567226	1	0	1	1.6141123696382331
109410.27975895637	2000.0	3051.539345700374	0.0	0	0.0	3461.8191046567226	1	0	1	1.6141123696382331
110227.19562954159	2000.0	3234.62347511515	0.0	0	0.0	3461.8191046567226	1	0	1	1.6141123696382331
111200.0	2000.0	3261.81910465672	0.0	0	295.57567269864376	3461.8191046567226	1	0	1	1.6141123696382331
112200.0	2000.0	3261.819104656718	0.0	0	314.0552932360006	3461.819104656737	1	0	1	1.6141123696382293
113200.0	2000.0	3261.8191046567254	0.0	0	374.99029898150184	3461.8191046567517	1	0	1	1.6141123696382254
114200.0	2000.0	3261.8191046567435	0.0	0	291.00646690733265	3461.8191046567517	1	0	1	1.6141123696382254
115200.0	2000.0	3261.8191046567486	0.0	0	332.36607920436654	3461.8191046567517	1	0	1	1.6141123696382254
116200.0	2000.0	3261.819104656768	0.0	0	79.94883312666207	3461.8191046567517	1	0	1	1.6141123696382254
117200.0	2000.0	3261.819104656775	0.0	0	209.6372173851414	3461.8191046567517	1	0	1	1.6141123696382254
118200.0	2000.0	3261.8191046567736	0.0	0	230.24685217341175	3461.819104656737	1	0	1	1.6141123696382293
119200.0	2000.0	3261.8191046567717	0.0	0	150.24101084649737	3461.8191046567226	1	0	1	1.6141123696382331
120367.86771123884	2000.0	3093.951393417947	0.0	0	0.0	3461.8191046567226	1	0	1	1.6141123696382331
121452.63139473584	2000.0	3009.187709920923	0.0	0	0.0	3461.8191046567226	1	0	1	1.6141123696382331
122402.31331569968	2000.0	3059.505788957089	0.0	0	0.0	3461.8191046567226	1	0	1	1.6141123696382331
123479.75755389471	2000.0	2982.0615507620387	0.0	0	0.0	3461.8191046567226	1	0	1	1.6141123696382331
124389.72622203342	2000.0	3072.0928826233394	0.0	0	0.0	3461.8191046567226	1	0	1	1.6141123696382331
125200.0	2000.0	3261.819104656776	0.0	0	142.5386514960992	3461.8191046567226	1	0	1	1.6141123696382331
126200.0	2000.0	3261.8191046567854	0.0	0	199.93366178021824	3461.8191046567226	1	0	1	1.6141123696382331
127200.0	2000.0	3261.819104656784	0.0	0	93.69281143610715	3461.8191046567226	1	0	1	1.6141123696382331
128200.0	2000.0	3261.8191046567754	0.0	0	9.84327350964304	3461.8191046567226	1	0	1	1.6141123696382331
129299.0507226727	2000.0	3162.768381984071	0.0	0	0.0	3461.819104656737	1	0	1	1.6141123696382293
130200.0	2000.0	3261.8191046567836	0.0	0	18.54303357824392	3461.819104656737	1	0	1	1.6141123696382293
131200.0	2000.0	3261.819104656779	0.0	0	48.78400116568082	3461.8191046567226	1	0	1	1.61411236963823
132200.0	2000.0	3261.8191046567727	0.0	0	72.06272370927036	3461.8191046567226	1	0	1	1.614112369638235
133200.0	2000.0	3261.819104656775	0.0	0	461.46324934018776	3461.8191046567226	1	0	1	1.614112369638231
134200.0	2000.0	3261.8191046568145	0.0	0	529.7472967735375	3461.8191046567517	1	0	1	1.6141123696382276
135200.0	2000.0	3261.819104656849	0.0	0	66.0581457700464	3461.819104656781	1	0	1	1.6141123696382176
136200.0	2000.0	3261.8191046568604	0.0	0	283.33368305832846	3461.81910465681	1	0	1	1.6141123696382096
137200.0	2000.0	3261.8191046568813	0.0	0	324.0739559926442	3461.81910465681	1	0	1	1.6141123696382096
138200.0	2000.0	3261.819104656887	0.0	0	341.786308658513	3461.81910465681	1	0	1	1.6141123696382096
139200.0	2000.0	3261.8191046568613	0.0	0	458.7635488936794	3461.81910465681	1	0	1	1.6141123696382096
140263.39829179546	3000.0	3198.42081286139	0.0	0	0.0	3461.81910465681	1	0	1	1.6141123696382098
141200.0	3000.0	3261.8191046568595	0.0	0	160.8164501147112	3461.819104656781	1	0	1	2.019577477746382
142228.8574460791	3000.0	3232.9616585777644	0.0	0	0.0	3461.819104656781	1	0	1	2.019577477746382
143349.61594187704	3000.0	3112.2031627798224	0.0	0	0.0	3461.819104656781	1	0	1	2.019577477746382
144538.25325071395	3000.0	2923.5658539429387	0.0	0	0.0	3461.819104656781	1	0	1	2.019577477746382
145429.73601432683	3000.0	3032.083090330068	0.0	0	0.0	3461.819104656781	1	0	1	2.019577477746382
146426.5081285335	3000.0	3035.31097612343	0.0	0	0.0	3461.8191046567517	1	0	1	2.01957747774639
147319.24921446363	3000.0	3142.569890193304	0.0	0	0.0	3461.8191046567517	1	0	1	2.01957747774639
148200.0	3000.0	3261.81910465693	0.0	0	187.7512611762504	3461.8191046567517	1	0	1	2.01957747774639
149254.0821556379	3000.0	3207.736949019008	0.0	0	0.0	3461.8191046567226	1	0	1	2.019577477746398
150200.0	3000.0	3261.819104656903	0.0	0	32.470852332771756	3461.8191046567226	1	0	1	2.019577477746398
151200.0	3000.0	3261.8191046569063	0.0	0	158.3530432205007	3461.8191046567517	1	0	1	2.01957747774639
152200.0	3000.0	3261.8191046568927	0.0	0	273.3695775270171	3461.8191046567517	1	0	1	2.01957747774639
153656.68097329186	3000.0	2805.138131365029	0.0	0	0.0	3461.8191046567517	1	0	1	2.01957747774639
155072.68938488467	3000.0	2389.1297197721983	0.0	0	0.0	3461.8191046567517	1	0	1	2.01957747774639
156688.2373250422	3000.0	1773.581779614669	0.0	0	0.0	3461.819104656781	1	0	1	2.0195774777463886
158935.90014743956	2000.0	525.9189572172836	0.0	0	0.0	3461.819104656781	1	0	1	1.208647261530053
160115.56418645268	2000.0	384.19955117663596	37.94463297248251	0	0.0	3499.763737629255	1	0	1	1.3759762044350057
162036.92839811626	2000.0	207.62024163962926	744.7849021265374	0	0.0	4244.5486397559	1	0	1	-3.1184105775524458
162756.7547348746	1000.0	671.7470393264571	183.95313444512345	0	0.0	4428.501774201024	1	0	1	-1.2710143409950834
163208.5396773909	1000.0	1219.962096810179	0.0	0	0.0	4428.501774201024	1	0	1	0.5258516462356028
163759.95108956628	1000.0	1613.409543417253	0.0	0	0.0	4373.360632983473	1	0	2	0.1500615899699115
164124.72687386192	1000.0	2212.156180692038	0.0	0	0.0	4336.8830545539095	1	0	2	0.3717196891035386
164575.62775284838	1000.0	2716.1652138069303	0.0	0	0.0	4291.792966655252	1	0	2	0.39408666405019876
164891.47126191127	1000.0	3368.737353837753	0.0	0	0.0	4260.208615748968	1	0	2	0.4130635516522453
165200.0	1000.0	4029.3557419401704	0.0	0	6.419461386074545	4229.355741940119	1	0	2	0.4282704851696171
166200.0	1000.0	3929.3557419401736	0.0	0	768.6393062171119	4129.35574194006	1	0	2	0.4610792647541005
167200.0	2000.0	3829.355741940211	0.0	0	308.60679383657407	4029.3557419400895	1	0	2	0.5080364375248467
168200.0	2000.0	3729.3557419401945	0.0	0	176.25042954451055	3929.3557419400895	1	0	2	1.2443984470632061
169326.01766225146	2000.0	3490.736313463561	0.0	0	0.0	3816.753975714906	1	0	2	1.292648673221906
170200.0	2000.0	3529.355741940204	0.0	0	167.60080623970134	3729.3557419400895	1	0	2	1.3229616724012856
171200.0	2000.0	3429.355741940179	0.0	0	507.59729850271833	3629.3557419400895	1	0	2	1.3527395604580863
172200.0	3000.0	3329.3557419401736	0.0	0	311.2687299042882	3529.3557419400313	1	0	2	1.3844942820228894
173200.0	3000.0	3229.3557419401454	0.0	0	264.14162414197926	3429.355741940002	1	0	2	1.8183881588251907
174371.55896538898	3000.0	2940.640880012242	0.0	0	0.0	3312.1998454010463	1	0	2	1.8473402737536566
176384.7248652455	3000.0	1726.1583901700908	0.0	0	0.0	3110.8832554153923	1	0	2	1.8889827008718134
177984.8066558781	2000.0	966.0684204741947	0.0	0	0.0	2950.875076352153	1	0	2	1.1125666130899365
179868.3045574792	2000.0	200.0	117.42948112690664	0	0.0	3068.304557479045	1	0	1	0.813029150904001
180950.50849868936	2000.0	517.7334807754249	399.93742198559727	0	0.0	3468.2419794646557	1	0	1	-0.7872604429140342
182004.09480214957	2000.0	475.3929626144951	11.245785299284591	0	0.0	3479.487764763937	1	0	1	1.5418051723459558
182386.52348487155	1000.0	1092.9642798925258	0.0	0	0.0	3479.487764763937	1	0	1	0.22298552302177632
183019.56660277193	1000.0	1459.9211619921643	0.0	0	0.0	3479.487764763937	1	0	1	0.9161327035817215
183944.26333037674	1000.0	1535.2244343873544	0.0	0	0.0	3479.4877647639078	1	0	1	0.9161327035817295
184489.85559441504	1000.0	1935.0729439452227	0.0	0	0.0	3424.928538360109	1	0	2	0.5270917431816157
185178.41873232098	1000.0	2177.653492248667	0.0	0	0.0	3356.0722245694487	1	0	2	0.7440522274002922
185813.59253653977	1000.0	2478.9623076079574	0.0	0	0.0	3292.554844147555	1	0	2	0.7585705291452105
186949.5816312625	1000.0	2229.37430341292	0.0	0	0.0	3178.9559346752358	1	0	2	0.7838691927850723
187665.11594688674	1000.0	2442.286556226267	0.0	0	0.0	3107.402503112826	1	0	2	0.8002464034905403
188200.0	1000.0	2853.9140978016794	0.0	0	58.83764867420541	3053.9140978015203	1	0	2	0.8110074280033238
189200.0	1000.0	2753.914097801672	0.0	0	396.87840435880935	2953.9140978015203	1	0	2	0.8256928093094502
190200.0	1000.0	2653.914097801645	0.0	0	632.5744640612975	2853.914097801491	1	0	2	0.8423756295241398
191200.0	1000.0	2553.9140978016444	0.0	0	700.2819421769818	2753.914097801462	1	0	2	0.8580587191928465
192200.0	1000.0	2453.9140978016358	0.0	0	637.204953166598	2653.914097801433	1	0	2	0.8723605892998221
193200.0	1000.0	2353.9140978016467	0.0	0	626.2346357564093	2553.914097801433	1	0	2	0.8853935435391165
194200.0	1000.0	2253.914097801638	0.0	0	670.8923734605487	2453.914097801404	1	0	2	0.8972624127143136
195200.0	2000.0	2153.9140978016417	0.0	0	239.70559448254062	2353.914097801433	1	0	2	0.9083840289567829
196210.67336857633	2000.0	2042.1733923677189	0.0	0	0.0	2252.8467609438812	1	0	2	1.6122724934512784
197499.46278446703	2000.0	1624.5050348879304	0.0	0	0.0	2123.967819354817	1	0	2	1.6230827224995004
198335.05694354087	2000.0	1705.351459906726	0.0	0	0.0	2040.4084034474508	1	0	2	1.6306704038076176
199272.16335965003	2000.0	1768.2450437975526	0.0	0	0.0	2040.4084034474508	1	0	1	1.632154444243443
200200.0	2000.0	1840.4084034475816	0.0	0	211.09736242194776	2040.40840344748	1	0	1	1.8321544442434414
201200.0	2000.0	1840.4084034475968	0.0	0	222.73095916054444	2040.408403447509	1	0	1	1.8321544442434388
202200.0	2000.0	1840.4084034475763	0.0	0	364.16520398369175	2040.4084034475381	1	0	1	1.8321544442434377
203255.24460526725	2000.0	1785.163798180301	0.0	0	0.0	2040.408403447509	1	0	1	1.8321544442434388
204200.0	2000.0	1840.4084034475388	0.0	0	207.5050258897536	2040.408403447509	1	0	1	1.8321544442434388
205272.8190191579	2000.0	1767.5893842896426	0.0	0	0.0	2040.408403447509	1	0	1	1.8321544442434388
206573.7349249781	2000.0	1466.673478469443	0.0	0	0.0	2040.40840344748	1	0	1	1.832154444243441
207645.72287736004	2000.0	1394.6855260875177	0.0	0	0.0	2040.408403447509	1	0	1	1.8321544442434388
208808.2274854768	2000.0	1232.1809179707639	0.0	0	0.0	2040.40840344748	1	0	1	1.832154444243441
209670.17914170976	2000.0	1370.2292617378098	0.0	0	0.0	2040.40840344748	1	0	1	1.832154444243441
210877.34537470955	2000.0	1163.0630287379986	0.0	0	0.0	2040.40840344748	1	0	1	1.832154444243441
211726.357886669	2000.0	1314.050516778593	0.0	0	0.0	2040.4084034475381	1	0	1	1.8321544442434383
212614.11331816463	2000.0	1426.2950852829586	0.0	0	0.0	2040.4084034475673	1	0	1	1.8321544442434345
213594.55898825466	2000.0	1445.8494151929026	0.0	0	0.0	2040.4084034475964	1	0	1	1.8321544442434323
214630.58141560355	2000.0	1409.826987844041	0.0	0	0.0	2040.4084034475964	1	0	1	1.8321544442434323
215437.71267833002	2000.0	1602.695725117547	0.0	0	0.0	2040.4084034475673	1	0	1	1.8321544442434345
216635.43904310564	2000.0	1404.9693603418925	0.0	0	0.0	2040.4084034475381	1	0	1	1.8321544442434368
217873.1288385911	2000.0	1167.2795648564543	0.0	0	0.0	2040.4084034475381	1	0	1	1.8321544442434368
219009.70093249102	2000.0	1030.70747095652	0.0	0	0.0	2040.408403447509	1	0	1	1.8321544442434388
220222.04532270195	2000.0	818.3630807456047	0.0	0	0.0	2040.4084034475381	1	0	1	1.8321544442434368
221313.93942691854	2000.0	726.4689765290254	0.0	0	0.0	2040.4084034475381	1	0	1	1.8321544442434368
222236.8142227293	2000.0	803.5941807182952	0.0	0	0.0	2040.4084034475673	1	0	1	1.8321544442434345
223349.51391706365	2000.0	690.8944863839306	0.0	0	0.0	2040.4084034475381	1	0	1	1.8321544442434368
224470.98198263743	2000.0	569.4264208101466	0.0	0	0.0	2040.408403447509	1	0	1	1.8321544442434388
225359.73065233196	2000.0	680.6777511156149	0.0	0	0.0	2040.408403447509	1	0	1	1.8321544442434388
226049.9231405737	2000.0	990.485262873908	0.0	0	0.0	2040.408403447509	1	0	1	1.8321544442434388
226848.58936059717	2000.0	1191.8190428504586	0.0	0	0.0	2040.408403447509	1	0	1	1.8321544442434388
227911.48981530187	2000.0	1128.918588145768	0.0	0	0.0	2040.4084034475673	1	0	1	1.8321544442434359
228873.01306324065	2000.0	1167.3953402069678	0.0	0	0.0	2040.4084034475381	1	0	1	1.8321544442434368
230019.81714583363	2000.0	1020.5912576139933	0.0	0	0.0	2040.408403447509	1	0	1	1.832154444243438
231120.80024790214	2000.0	919.608155545499	0.0	0	0.0	2040.408403447509	1	0	1	1.8321544442434388
231858.11608640163	2000.0	1182.2923170460067	0.0	0	0.0	2040.408403447509	1	0	1	1.8321544442434388
232956.43193295767	2000.0	1083.9764704899776	0.0	0	0.0	2040.40840344748	1	0	1	1.83215444424344
233814.1263375767	2000.0	1226.2820658709466	0.0	0	0.0	2040.40840344748	1	0	1	1.832154444243441
234798.86754062984	2000.0	1241.5408628177686	0.0	0	0.0	2040.40840344748	1	0	1	1.832154444243441
235730.25977262153	2000.0	1310.1486308260946	0.0	0	0.0	2040.40840344748	1	0	1	1.832154444243441
236487.89250189957	2000.0	1552.515901548075	0.0	0	0.0	2040.40840344748	1	0	1	1.832154444243441
237275.02205046036	2000.0	1765.386352987304	0.0	0	0.0	2040.4084034474508	1	0	1	1.8321544442434432
238200.0	2000.0	1840.4084034476537	0.0	0	42.51693429474835	2040.4084034474508	1	0	1	1.8321544442434432
239502.6655978235	2000.0	1537.742805624162	0.0	0	0.0	2040.4084034474217	1	0	1	1.8321544442434452
240756.3007325672	2000.0	1284.1076708804283	0.0	0	0.0	2040.4084034474508	1	0	1	1.8321544442434432
241830.10267644524	2000.0	1210.3057270023787	0.0	0	0.0	2040.4084034474508	1	0	1	1.8321544442434432
242567.27373970393	2000.0	1473.134663743693	0.0	0	0.0	2040.4084034474508	1	0	1	1.8321544442434432
243359.3584921168	2000.0	1681.04991133083	0.0	0	0.0	2040.4084034474508	1	0	1	1.8321544442434432
244278.05904259026	2000.0	1762.3493608573685	0.0	0	0.0	2040.4084034474508	1	0	1	1.8321544442434432
245200.0	2000.0	1840.4084034476396	0.0	0	208.14385023145587	2040.40840344748	1	0	1	1.832154444243441
246200.0	2000.0	1840.4084034476195	0.0	0	64.98661335365614	2040.40840344748	1	0	1	1.832154444243441
247200.0	2000.0	1840.4084034476266	0.0	0	279.88075196626596	2040.40840344748	1	0	1	1.832154444243441
248200.0	2000.0	1840.4084034476073	0.0	0	183.93372563330922	2040.40840344748	1	0	1	1.832154444243441
249200.0	2000.0	1840.4084034475939	0.0	0	352.32324362325016	2040.40840344748	1	0	1	1.832154444243441
250200.0	2000.0	1840.408403447585	0.0	0	290.1338308972481	2040.40840344748	1	0	1	1.832154444243441
251235.03087538327	2000.0	1805.3775280643035	0.0	0	0.0	2040.4084034474508	1	0	1	1.8321544442434432
252200.0	2000.0	1840.408403447529	0.0	0	177.8367125564837	2040.4084034474508	1	0	1	1.8321544442434432
253200.0	2000.0	1840.4084034475552	0.0	0	277.572756836802	2040.4084034474508	1	0	1	1.8321544442434432
254200.0	2000.0	1840.4084034475527	0.0	0	376.31193689483916	2040.40840344748	1	0	1	1.8321544442434419
255200.0	2000.0	1840.4084034475577	0.0	0	309.73943778529065	2040.40840344748	1	0	1	1.832154444243441
256326.11630073542	2000.0	1714.2921027121454	0.0	0	0.0	2040.40840344748	1	0	1	1.832154444243441
257234.64698809793	2000.0	1805.761415349667	0.0	0	0.0	2040.40840344748	1	0	1	1.832154444243441
258200.0	2000.0	1840.4084034475832	0.0	0	156.38487198977964	2040.40840344748	1	0	1	1.832154444243441
259200.0	2000.0	1840.4084034475748	0.0	0	68.72071697597858	2040.40840344748	1	0	1	1.832154444243441
260200.0	2000.0	1840.408403447555	0.0	0	71.58846494648606	2040.40840344748	1	0	1	1.832154444243441
261328.13904484257	2000.0	1712.2693586049577	0.0	0	0.0	2040.40840344748	1	0	1	1.832154444243441
262200.0	2000.0	1840.4084034474927	0.0	0	56.32049760816153	2040.40840344748	1	0	1	1.832154444243441
263200.0	2000.0	1840.4084034474392	0.0	0	199.46911794802872	2040.4084034473926	1	0	1	1.8321544442434452
264250.03313659487	2000.0	1790.3752668525951	0.0	0	0.0	2040.4084034474217	1	0	1	1.8321544442434452
265200.0	2000.0	1840.4084034474888	0.0	0	30.50131208426319	2040.4084034474217	1	0	1	1.8321544442434452
266231.0134768262	2000.0	1809.3949266213187	0.0	0	0.0	2040.4084034473635	1	0	1	1.8321544442434496
267200.0	2000.0	1840.4084034474236	0.0	0	56.73123797343578	2040.4084034473053	1	0	1	1.8321544442434528
268390.7925298634	2000.0	1649.6158735839767	0.0	0	0.0	2040.4084034473635	1	0	1	1.8321544442434496
269200.0	2000.0	1840.4084034474245	0.0	0	107.68447247211589	2040.4084034473635	1	0	1	1.8321544442434496
270344.72819959477	2000.0	1695.680203852643	0.0	0	0.0	2040.4084034473635	1	0	1	1.8321544442434496
271518.3635605201	2000.0	1522.0448429272446	0.0	0	0.0	2040.4084034473635	1	0	1	1.8321544442434496
272356.1443260844	2000.0	1684.2640773629375	0.0	0	0.0	2040.4084034473635	1	0	1	1.8321544442434496
273304.6130091706	2000.0	1735.7953942767263	0.0	0	0.0	2040.4084034473635	1	0	1	1.8321544442434496
274200.0	2000.0	1840.4084034473533	0.0	0	83.24509480863344	2040.4084034473635	1	0	1	1.8321544442434496
275330.22896332043	2000.0	1710.1794401269347	0.0	0	0.0	2040.4084034473053	1	0	1	1.8321544442434536
276285.511795999	2000.0	1754.896607448376	0.0	0	0.0	2040.4084034473053	1	0	1	1.8321544442434536
277200.0	2000.0	1840.408403447351	0.0	0	191.12753631873056	2040.4084034473053	1	0	1	1.8321544442434536
278200.0	2000.0	1840.4084034473979	0.0	0	93.00757991307182	2040.4084034473053	1	0	1	1.8321544442434536
279226.442230825	2000.0	1813.9661726223844	0.0	0	0.0	2040.4084034473053	1	0	1	1.8321544442434536
280206.55660885735	2000.0	1833.8517945901176	0.0	0	0.0	2040.4084034473635	1	0	1	1.8321544442434496
281200.0	2000.0	1840.4084034474924	0.0	0	105.0714000807493	2040.40840344748	1	0	1	1.8321544442434419
282200.0	2000.0	1840.4084034474993	0.0	0	206.38468475011177	2040.40840344748	1	0	1	1.832154444243441
283200.0	2000.0	1840.408403447417	0.0	0	301.12668166751973	2040.40840344748	1	0	1	1.832154444243441
284200.0	2000.0	1840.4084034474047	0.0	0	237.6292355642072	2040.40840344748	1	0	1	1.832154444243441
285200.0	2000.0	1840.4084034474001	0.0	0	342.31936194130685	2040.40840344748	1	0	1	1.832154444243441
286200.0	2000.0	1840.4084034473917	0.0	0	396.0279508942622	2040.40840344748	1	0	1	1.832154444243441
287200.0	2000.0	1840.4084034474163	0.0	0	519.6435990189202	2040.40840344748	1	0	1	1.832154444243441
288200.0	2000.0	1840.4084034473874	0.0	0	475.05376467260066	2040.4084034474217	1	0	1	1.8321544442434434
289200.0	2000.0	1840.408403447334	0.0	0	371.6775827197707	2040.4084034474217	1	0	1	1.8321544442434452
290282.75073322514	3000.0	1757.6576702221655	0.0	0	0.0	2040.4084034474217	1	0	1	1.8321544442434452
291468.7400244579	3000.0	1571.668378989336	0.0	0	0.0	2040.4084034473635	1	0	1	2.2376195523516142
292421.4054360062	3000.0	1619.0029674410282	0.0	0	0.0	2040.4084034473635	1	0	1	2.2376195523516142
293200.0	3000.0	1840.4084034471848	0.0	0	25.81044897378888	2040.4084034474217	1	0	1	2.23761955235161
294200.0	3000.0	1840.4084034471507	0.0	0	70.593749674852	2040.4084034474217	1	0	1	2.23761955235161
295219.65648333274	3000.0	1820.7519201144753	0.0	0	0.0	2040.4084034473635	1	0	1	2.2376195523516142
296200.0	3000.0	1840.4084034472442	0.0	0	209.79255634371657	2040.4084034473635	1	0	1	2.2376195523516142
297307.92198872054	3000.0	1732.486414726693	0.0	0	0.0	2040.4084034474217	1	0	1	2.23761955235161
298200.0	3000.0	1840.408403447204	0.0	0	10.615152020473033	2040.4084034474217	1	0	1	2.23761955235161
299200.0	3000.0	1840.408403447238	0.0	0	267.64287683711154	2040.4084034474217	1	0	1	2.23761955235161
300307.0131056109	3000.0	1733.3952978362747	0.0	0	0.0	2040.4084034473635	1	0	1	2.2376195523516142
2.5031063829787237	2.5751063829787233	3.0191063829787232	2.2631063829787235	1.2671063829787235	1.0391063829787235	1.2911063829787235	1.3031063829787235	1.4111063829787236	0.9791063829787234	1.6511063829787234	2.371106382978723	3.1031063829787238	3.9191063829787236	4.651106382978723	3.0431063829787233	1.9631063829787234	2.5391063829787233	3.367106382978723	4.135106382978723	4.711106382978723	4.795106382978723	2.419106382978723	1.3991063829787236	1.3511063829787235	1.1471063829787236	1.0511063829787235	1.1471063829787236	1.3031063829787235	1.8311063829787233	2.155106382978724	1.3151063829787235	1.8191063829787233	2.1191063829787233	0.7991063829787235	1.3151063829787235	1.9871063829787234	2.7671063829787235	3.415106382978723	3.1871063829787234	3.5711063829787233	4.123106382978723	2.8151063829787235	1.8911063829787234	1.4951063829787232	1.8311063829787233	2.16753488372093	2.30153488372093	2.40953488372093	2.51153488372093	2.45953488372093	2.02153488372093	2.16953488372093	2.12753488372093	1.9695348837209299	1.98153488372093	2.04353488372093	2.14153488372093	2.14353488372093	2.18953488372093	2.3315348837209298	2.39353488372093	2.0575348837209297	2.06353488372093	2.04553488372093	2.09953488372093	2.20553488372093	2.28553488372093	2.21353488372093	2.0815348837209298	2.18753488372093	2.23153488372093	2.23353488372093	2.11953488372093	2.27553488372093	2.26953488372093	2.02353488372093	2.22953488372093	2.16153488372093	2.25353488372093	2.23953488372093	2.3275348837209298	2.17153488372093	2.05953488372093	2.14353488372093	2.19153488372093	2.21153488372093	2.06753488372093	2.11753488372093	2.2310909090909092	2.2750909090909093	2.413090909090909	2.4150909090909094	2.4750909090909095	2.449090909090909	2.5530909090909093	2.6490909090909094	2.5770909090909093	2.635090909090909	2.3910909090909094	2.4710909090909094	2.5890909090909093	2.4590909090909094	2.425090909090909	2.4030909090909094	2.297090909090909	2.445090909090909	2.313090909090909	2.3230909090909093	2.445090909090909	2.531090909090909	2.3390909090909093	2.2310909090909092	2.2950909090909093	2.1810909090909094	2.1410909090909094	2.241090909090909	2.2710909090909093	2.2990909090909093	2.333090909090909	2.4350909090909094	2.4110909090909094	2.1290909090909094	2.1810909090909094	2.2170909090909094	2.3310909090909093	2.4430909090909094	2.5650909090909093	2.703090909090909	3.1370909090909094	3.651090909090909	2.837090909090909	2.8310909090909093	3.467	3.599	3.511	3.205	3.565	3.407	3.5050000000000003	3.629	3.403	3.325	3.4370000000000003	3.555	3.6670000000000003	3.825	3.7150000000000003	3.565	2.155106382978724	2.5031063829787237	2.5751063829787233	3.0191063829787232	2.2631063829787235	1.2671063829787235	1.0391063829787235	1.2911063829787235	1.3031063829787235	1.4111063829787236	0.9791063829787234	1.6511063829787234	2.371106382978723	3.1031063829787238	3.9191063829787236	4.651106382978723	3.0431063829787233	1.9631063829787234	2.5391063829787233	3.367106382978723	4.135106382978723	4.711106382978723	4.795106382978723	2.419106382978723	1.3991063829787236	1.3511063829787235	1.1471063829787236	1.0511063829787235	1.1471063829787236	1.3031063829787235	1.8311063829787233	2.155106382978724	1.3151063829787235	1.8191063829787233	2.1191063829787233	0.7991063829787235	1.3151063829787235	1.9871063829787234	2.7671063829787235	3.415106382978723	3.1871063829787234	3.5711063829787233	4.123106382978723	2.8151063829787235	1.8911063829787234	1.4951063829787232	1.8311063829787233	2.16753488372093	2.30153488372093	2.40953488372093	2.51153488372093	2.45953488372093	2.02153488372093	2.16953488372093	2.12753488372093	1.9695348837209299	1.98153488372093	2.04353488372093	2.14153488372093	2.14353488372093	2.18953488372093	2.3315348837209298	2.39353488372093	2.0575348837209297	2.06353488372093	2.04553488372093	2.09953488372093	2.20553488372093	2.28553488372093	2.21353488372093	2.0815348837209298	2.18753488372093	2.23153488372093	2.23353488372093	2.11953488372093	2.27553488372093	2.26953488372093	2.02353488372093	2.22953488372093	2.16153488372093	2.25353488372093	2.23953488372093	2.3275348837209298	2.17153488372093	2.05953488372093	2.14353488372093	2.19153488372093	2.21153488372093	2.06753488372093	2.11753488372093	2.2310909090909092	2.2750909090909093	2.413090909090909	2.4150909090909094	2.4750909090909095	2.449090909090909	2.5530909090909093	2.6490909090909094	2.5770909090909093	2.635090909090909	2.3910909090909094	2.4710909090909094	2.5890909090909093	2.4590909090909094	2.425090909090909	2.4030909090909094	2.297090909090909	2.445090909090909	2.313090909090909	2.3230909090909093	2.445090909090909	2.531090909090909	2.3390909090909093	2.2310909090909092	2.2950909090909093	2.1810909090909094	2.1410909090909094	2.241090909090909	2.2710909090909093	2.2990909090909093	2.333090909090909	2.4350909090909094	2.4110909090909094	2.1290909090909094	2.1810909090909094	2.2170909090909094	2.3310909090909093	2.4430909090909094	2.5650909090909093	2.703090909090909	3.1370909090909094	3.651090909090909	2.837090909090909	2.8310909090909093	3.467	3.599	3.511	3.205	3.565	3.407	3.5050000000000003	3.629	3.403	3.325	3.4370000000000003	3.555	3.6670000000000003	3.825	3.7150000000000003	3.565	2.155106382978724	2.5031063829787237	2.5751063829787233
1.0	2.0	3.0	4.0	5.0	6.0	7.0	8.0	9.0	10.0	11.0	12.0	13.0	14.0	15.0	16.0	17.0	18.0	19.0	20.0	21.0	22.0	23.0	24.0	25.0	26.0	27.0	28.0	29.0	30.0	31.0	32.0	33.0	34.0	35.0	36.0	37.0	38.0	39.0	40.0	41.0	42.0	43.0	44.0	45.0	46.0	47.0	48.0	49.0	50.0	51.0	52.0	53.0	54.0	55.0	56.0	57.0	58.0	59.0	60.0	61.0	62.0	63.0	64.0	65.0	66.0	67.0	68.0	69.0	70.0	71.0	72.0	73.0	74.0	75.0	76.0	77.0	78.0	79.0	80.0	81.0	82.0	83.0	84.0	85.0	86.0	87.0	88.0	89.0	90.0	91.0	92.0	93.0	94.0	95.0	96.0	97.0	98.0	99.0	100.0	101.0	102.0	103.0	104.0	105.0	106.0	107.0	108.0	109.0	110.0	111.0	112.0	113.0	114.0	115.0	116.0	117.0	118.0	119.0	120.0	121.0	122.0	123.0	124.0	125.0	126.0	127.0	128.0	129.0	130.0	131.0	132.0	133.0	134.0	135.0	136.0	137.0	138.0	139.0	140.0	141.0	142.0	143.0	144.0	145.0	146.0	147.0	148.0	149.0	149.0	150.0	151.0	152.0	153.0	154.0	155.0	156.0	157.0	158.0	159.0	160.0	161.0	162.0	163.0	164.0	165.0	166.0	167.0	168.0	169.0	170.0	171.0	172.0	173.0	174.0	175.0	176.0	177.0	178.0	179.0	180.0	181.0	182.0	183.0	184.0	185.0	186.0	187.0	188.0	189.0	190.0	191.0	192.0	193.0	194.0	195.0	196.0	197.0	198.0	199.0	200.0	201.0	202.0	203.0	204.0	205.0	206.0	207.0	208.0	209.0	210.0	211.0	212.0	213.0	214.0	215.0	216.0	217.0	218.0	219.0	220.0	221.0	222.0	223.0	224.0	225.0	226.0	227.0	228.0	229.0	230.0	231.0	232.0	233.0	234.0	235.0	236.0	237.0	238.0	239.0	240.0	241.0	242.0	243.0	244.0	245.0	246.0	247.0	248.0	249.0	250.0	251.0	252.0	253.0	254.0	255.0	256.0	257.0	258.0	259.0	260.0	261.0	262.0	263.0	264.0	265.0	266.0	267.0	268.0	269.0	270.0	271.0	272.0	273.0	274.0	275.0	276.0	277.0	278.0	279.0	280.0	281.0	282.0	283.0	284.0	285.0	286.0	287.0	288.0	289.0	290.0	291.0	292.0	293.0	294.0	295.0	296.0	297.0	298.0	298.0	299.0	300.0
2660.864564949323
