2680.0015530279893	300.0	2000.0	142.76225908570404	0	0.0	2680.0015530279893	1	0	1	-0.982468708003333
3200.0	300.0	2480.0015530279893	0.0	0	403.4675930089311	2680.001553027989	1	0	1	-0.12967535068720581
4200.0	300.0	2480.0015530279893	0.0	0	866.3295150687395	2680.001553027989	1	0	1	-0.12967535068720581
5200.0	300.0	2480.0015530279893	0.0	0	902.9485373259358	2680.0015530279884	1	0	1	-0.1296753506872058
6200.0	500.0	2480.0015530279884	0.0	0	808.3613774978903	2680.0015530279875	1	0	1	-0.12967535068720554
7200.0	500.0	2480.00155302799	0.0	0	846.1032991766715	2680.001553027989	1	0	1	0.381150273078785
8200.0	500.0	2480.0015530279907	0.0	0	819.1194659876182	2680.001553027989	1	0	1	0.38115027307878496
9200.0	1000.0	2480.0015530279916	0.0	0	687.1372274887253	2680.0015530279898	1	0	1	0.38115027307878485
10200.0	1000.0	2480.001553027992	0.0	0	652.1350122376116	2680.0015530279898	1	0	1	1.0742974536387302
11200.0	3000.0	2480.0015530279934	0.0	0	86.64699236324304	2680.001553027989	1	0	1	1.0742974536387304
12200.0	3000.0	2480.0015530279916	0.0	0	216.14955201490193	2680.001553027989	1	0	1	2.17290974230684
13200.0	3000.0	2480.001553027991	0.0	0	172.39430263158647	2680.001553027989	1	0	1	2.17290974230684
14328.259471724781	3000.0	2351.742081303209	0.0	0	0.0	2680.001553027989	1	0	1	2.17290974230684
15211.286396056688	3000.0	2468.715156971303	0.0	0	0.0	2680.0015530279907	1	0	1	2.1729097423068398
16200.0	3000.0	2480.001553027988	0.0	0	201.5033005823425	2680.0015530279907	1	0	1	2.1729097423068398
17440.3563710475	3000.0	2239.6451819804893	0.0	0	0.0	2680.0015530279907	1	0	1	2.1729097423068398
18480.758945200127	3000.0	2199.2426078278604	0.0	0	0.0	2680.0015530279925	1	0	1	2.1729097423068398
19388.612132157996	3000.0	2291.389420869987	0.0	0	0.0	2680.001553027989	1	0	1	2.17290974230684
20200.0	3000.0	2480.001553027986	0.0	0	116.20232224617575	2680.001553027989	1	0	1	2.17290974230684
21200.0	3000.0	2480.0015530279857	0.0	0	294.2535575226211	2680.001553027989	1	0	1	2.17290974230684
22200.0	3000.0	2480.0015530279898	0.0	0	376.64956038771925	2680.0015530279925	1	0	1	2.1729097423068398
23200.0	3000.0	2480.0015530279907	0.0	0	44.076349530183506	2680.0015530279925	1	0	1	2.1729097423068398
24200.0	3000.0	2480.0015530279893	0.0	0	128.0375607453716	2680.0015530279925	1	0	1	2.1729097423068398
25200.0	3000.0	2480.001553027988	0.0	0	185.9116222118646	2680.0015530279925	1	0	1	2.1729097423068398
26377.037156027327	3000.0	2302.964397000658	0.0	0	0.0	2680.001553027989	1	0	1	2.17290974230684
27465.503893147827	3000.0	2214.4976598801563	0.0	0	0.0	2680.001553027989	1	0	1	2.17290974230684
28250.09231333915	3000.0	2429.909239688832	0.0	0	0.0	2680.001553027989	1	0	1	2.17290974230684
29200.0	3000.0	2480.001553027982	0.0	0	149.74779508013307	2680.001553027989	1	0	1	2.17290974230684
30200.0	3000.0	2480.0015530279807	0.0	0	323.10107782529303	2680.001553027989	1	0	1	2.17290974230684
31200.0	3000.0	2480.00155302798	0.0	0	227.18057713669987	2680.001553027989	1	0	1	2.17290974230684
32200.0	3000.0	2480.0015530279807	0.0	0	277.42890319696744	2680.001553027989	1	0	1	2.17290974230684
33459.24247077779	3000.0	2220.7590822501897	0.0	0	0.0	2680.001553027985	1	0	1	2.1729097423068406
34200.0	3000.0	2480.0015530279793	0.0	0	98.2814502348192	2680.001553027985	1	0	1	2.172909742306841
35200.0	3000.0	2480.0015530279766	0.0	0	201.20729048919748	2680.001553027985	1	0	1	2.17290974230684
36200.0	3000.0	2480.0015530279707	0.0	0	155.86382653721375	2680.001553027985	1	0	1	2.1729097423068406
37200.0	3000.0	2480.0015530279693	0.0	0	386.4876992830614	2680.001553027978	1	0	1	2.172909742306842
38200.0	3000.0	2480.0015530279743	0.0	0	180.30181418554275	2680.001553027978	1	0	1	2.172909742306842
39210.218067992755	3000.0	2469.783485035223	0.0	0	0.0	2680.001553027978	1	0	1	2.172909742306842
40200.0	3000.0	2480.001553027981	0.0	0	220.86417103117128	2680.001553027985	1	0	1	2.1729097423068406
41200.0	3000.0	2480.001553027985	0.0	0	458.9461032969921	2680.001553027985	1	0	1	2.1729097423068406
42463.45977538526	3000.0	2216.5417776427316	0.0	0	0.0	2680.001553027985	1	0	1	2.1729097423068406
43311.20824864311	3000.0	2368.793304384883	0.0	0	0.0	2680.001553027985	1	0	1	2.1729097423068406
44200.0	3000.0	2480.001553027994	0.0	0	252.32676639438432	2680.0015530279925	1	0	1	2.1729097423068398
45200.0	3000.0	2480.001553028	0.0	0	268.4356156397844	2680.0015530279925	1	0	1	2.1729097423068398
46200.0	3000.0	2480.0015530280034	0.0	0	276.2031165322187	2680.0015530279925	1	0	1	2.1729097423068398
47201.82198233165	3000.0	2478.1795706963576	0.0	0	0.0	2680.0015530279925	1	0	1	2.1729097423068398
48200.0	3000.0	2480.0015530280048	0.0	0	101.6583512361176	2680.0015530279925	1	0	1	2.1729097423068398
49200.0	3000.0	2480.001553028008	0.0	0	327.1227345991283	2680.0015530279925	1	0	1	2.1729097423068398
50200.0	3000.0	2480.001553028014	0.0	0	175.01695949182613	2680.0015530279925	1	0	1	2.1729097423068398
51200.0	3000.0	2480.0015530280016	0.0	0	173.03272707521683	2680.0015530279925	1	0	1	2.1729097423068398
52412.189867747315	3000.0	2267.811685280687	0.0	0	0.0	2680.0015530279925	1	0	1	2.1729097423068398
53667.9983174058	3000.0	2012.003235622201	0.0	0	0.0	2680.0015530279925	1	0	1	2.1729097423068398
54478.2758605203	3000.0	2201.7256925077077	0.0	0	0.0	2680.0015530279925	1	0	1	2.1729097423068398
55200.0	3000.0	2480.001553028008	0.0	0	57.144483837721054	2680.0015530279925	1	0	1	2.1729097423068398
56233.59635247787	3000.0	2446.405200550139	0.0	0	0.0	2680.0015530279925	1	0	1	2.1729097423068398
57600.28916847845	3000.0	2079.7123845495607	0.0	0	0.0	2680.0015530279925	1	0	1	2.1729097423068398
58710.375891937394	3000.0	1969.6256610906205	0.0	0	0.0	2680.0015530279925	1	0	1	2.1729097423068398
59480.5463928589	3000.0	2199.4551601691137	0.0	0	0.0	2680.0015530279925	1	0	1	2.1729097423068398
60241.39765929808	3000.0	2438.60389372994	0.0	0	0.0	2680.0015530279998	1	0	1	2.172909742306839
61200.0	3000.0	2480.0015530280316	0.0	0	162.8340492708885	2680.001553028007	1	0	1	2.172909742306838
62200.0	3000.0	2480.0015530280302	0.0	0	310.6108450291795	2680.001553028007	1	0	1	2.172909742306838
63200.0	3000.0	2480.0015530280375	0.0	0	48.24938574128464	2680.001553028007	1	0	1	2.172909742306838
64464.422774760715	3000.0	2215.5787782673265	0.0	0	0.0	2680.0015530280143	1	0	1	2.172909742306837
65200.0	3000.0	2480.001553028036	0.0	0	197.4607230526526	2680.0015530280143	1	0	1	2.172909742306837
66249.10339930344	3000.0	2430.8981537246154	0.0	0	0.0	2680.001553028029	1	0	1	2.1729097423068358
67537.3831328521	3000.0	2142.6184201759597	0.0	0	0.0	2680.0015530280434	1	0	1	2.172909742306834
68658.7691307361	3000.0	2021.2324222919601	0.0	0	0.0	2680.001553028036	1	0	1	2.172909742306834
69560.82165547385	3000.0	2119.1798975542038	0.0	0	0.0	2680.001553028036	1	0	1	2.172909742306834
70693.51783730125	3000.0	1986.483715726803	0.0	0	0.0	2680.001553028036	1	0	1	2.172909742306834
71825.31016900952	3000.0	1854.6913840185368	0.0	0	0.0	2680.001553028036	1	0	1	2.172909742306834
72718.60793384138	3000.0	1961.3936191866799	0.0	0	0.0	2680.001553028036	1	0	1	2.172909742306834
73541.84410945766	3000.0	2138.1574435704115	0.0	0	0.0	2680.0015530280507	1	0	1	2.1729097423068318
74244.69112155543	3000.0	2435.3104314726224	0.0	0	0.0	2680.0015530280507	1	0	1	2.1729097423068318
75200.0	3000.0	2480.001553028044	0.0	0	304.5452531113988	2680.0015530280507	1	0	1	2.1729097423068318
76200.0	3000.0	2480.0015530280575	0.0	0	254.9894511923194	2680.0015530280507	1	0	1	2.1729097423068318
77305.28117832016	3000.0	2374.720374707894	0.0	0	0.0	2680.0015530280507	1	0	1	2.1729097423068318
78289.0812348939	3000.0	2390.920318134143	0.0	0	0.0	2680.0015530280507	1	0	1	2.1729097423068318
79200.0	3000.0	2480.001553028042	0.0	0	198.00086869909137	2680.001553028036	1	0	1	2.172909742306834
80200.0	3000.0	2480.0015530280266	0.0	0	150.9197124197526	2680.0015530280216	1	0	1	2.1729097423068358
81200.0	3000.0	2480.0015530280157	0.0	0	288.2579626558436	2680.0015530280216	1	0	1	2.1729097423068358
82200.0	3000.0	2480.0015530280184	0.0	0	36.444469914233196	2680.0015530280216	1	0	1	2.1729097423068358
83200.0	3000.0	2480.0015530280107	0.0	0	148.3429697448737	2680.0015530280216	1	0	1	2.1729097423068358
84200.0	3000.0	2480.0015530280166	0.0	0	334.45186159957666	2680.0015530280216	1	0	1	2.1729097423068358
85200.0	3000.0	2480.0015530280116	0.0	0	132.52851700715837	2680.0015530280216	1	0	1	2.1729097423068358
86200.0	3000.0	2480.001553028013	0.0	0	18.685312064466416	2680.0015530280216	1	0	1	2.1729097423068358
87200.0	3000.0	2480.0015530279984	0.0	0	334.5820920557162	2680.0015530280216	1	0	1	2.1729097423068358
88403.97326640027	3000.0	2276.0282866277303	0.0	0	0.0	2680.0015530280216	1	0	1	2.1729097423068358
89258.35123632605	3000.0	2421.650316701935	0.0	0	0.0	2680.0015530280216	1	0	1	2.1729097423068358
90200.0	3000.0	2480.001553027982	0.0	0	352.7135826148442	2680.0015530280216	1	0	1	2.1729097423068358
91321.0701508799	3000.0	2358.931402148079	0.0	0	0.0	2680.0015530280216	1	0	1	2.1729097423068358
92200.0	3000.0	2480.001553027968	0.0	0	279.70640811994963	2680.001553028007	1	0	1	2.172909742306838
93200.0	3000.0	2480.0015530279743	0.0	0	343.8263294666249	2680.001553028007	1	0	1	2.172909742306838
94200.0	3000.0	2480.0015530279734	0.0	0	155.6719685074204	2680.001553028007	1	0	1	2.172909742306838
95200.0	3000.0	2480.001553027966	0.0	0	262.92238166948664	2680.001553028007	1	0	1	2.172909742306838
96200.0	3000.0	2480.0015530279716	0.0	0	499.8937406245095	2680.001553028007	1	0	1	2.172909742306838
97200.0	3000.0	2480.001553027984	0.0	0	234.12096710923652	2680.0015530280216	1	0	1	2.1729097423068358
98273.86034583981	3000.0	2406.141207188152	0.0	0	0.0	2680.0015530280216	1	0	1	2.1729097423068358
99606.05389022018	3000.0	2073.947662807785	0.0	0	0.0	2680.0015530280216	1	0	1	2.1729097423068358
100433.2695386662	3000.0	2246.7320143617612	0.0	0	0.0	2680.0015530280216	1	0	1	2.1729097423068358
101312.06882108223	3000.0	2367.932731945732	0.0	0	0.0	2680.0015530280216	1	0	1	2.1729097423068358
102341.9456712752	3000.0	2338.0558817527726	0.0	0	0.0	2680.001553028007	1	0	1	2.172909742306838
103200.0	3000.0	2480.001553027971	0.0	0	323.1741312256345	2680.001553028007	1	0	1	2.172909742306838
104200.0	3000.0	2480.0015530279866	0.0	0	412.1841221010254	2680.001553028007	1	0	1	2.172909742306838
105200.0	3000.0	2480.0015530279757	0.0	0	258.7437697366404	2680.0015530279925	1	0	1	2.1729097423068398
106321.21447944471	3000.0	2358.7870735832544	0.0	0	0.0	2680.0015530279925	1	0	1	2.1729097423068398
107289.4701383079	3000.0	2390.5314147200897	0.0	0	0.0	2680.0015530279925	1	0	1	2.1729097423068398
108490.43674287389	3000.0	2189.564810154101	0.0	0	0.0	2680.0015530279925	1	0	1	2.1729097423068398
109456.54150956389	3000.0	2223.4600434641034	0.0	0	0.0	2680.0015530279925	1	0	1	2.1729097423068398
110413.51381637897	3000.0	2266.487736649014	0.0	0	0.0	2680.0015530279925	1	0	1	2.1729097423068398
111429.45514437322	3000.0	2250.546408654757	0.0	0	0.0	2680.0015530279925	1	0	1	2.1729097423068398
112301.09661180308	3000.0	2378.904941224898	0.0	0	0.0	2680.0015530279925	1	0	1	2.1729097423068398
113302.11930375607	3000.0	2377.8822492719	0.0	0	0.0	2680.0015530279925	1	0	1	2.1729097423068398
114200.0	3000.0	2480.001553027979	0.0	0	31.05121212072845	2680.0015530279925	1	0	1	2.1729097423068398
115200.0	3000.0	2480.0015530279707	0.0	0	125.11308789148461	2680.001553027978	1	0	1	2.172909742306842
116200.0	3000.0	2480.0015530279584	0.0	0	146.19550399694708	2680.001553027978	1	0	1	2.172909742306842
117200.0	3000.0	2480.0015530279447	0.0	0	136.75871398378513	2680.001553027978	1	0	1	2.172909742306842
118200.0	3000.0	2480.0015530279616	0.0	0	44.616155283816624	2680.001553027978	1	0	1	2.172909742306842
119200.0	3000.0	2480.001553027957	0.0	0	98.65567983330402	2680.001553027978	1	0	1	2.172909742306842
120200.0	3000.0	2480.0015530279516	0.0	0	236.34913704065548	2680.001553027978	1	0	1	2.172909742306842
121200.0	3000.0	2480.0015530279497	0.0	0	214.86212774348678	2680.0015530279634	1	0	1	2.1729097423068438
122200.0	3000.0	2480.0015530279493	0.0	0	151.95055319718085	2680.0015530279634	1	0	1	2.1729097423068438
123288.82544731273	3000.0	2391.1761057152157	0.0	0	0.0	2680.001553027949	1	0	1	2.172909742306846
124200.0	3000.0	2480.0015530279634	0.0	0	65.11816341742815	2680.0015530279634	1	0	1	2.1729097423068438
125200.0	3000.0	2480.0015530279657	0.0	0	145.60534891596762	2680.001553027949	1	0	1	2.172909742306846
126200.0	3000.0	2480.0015530279834	0.0	0	188.59685430132959	2680.0015530279634	1	0	1	2.1729097423068438
127405.11748775515	3000.0	2274.8840652728322	0.0	0	0.0	2680.001553027978	1	0	1	2.172909742306842
128201.25076814461	3000.0	2478.750784883366	0.0	0	0.0	2680.001553027978	1	0	1	2.172909742306842
129276.13456938106	3000.0	2403.8669836469317	0.0	0	0.0	2680.001553027978	1	0	1	2.172909742306842
130518.75747709998	3000.0	2161.2440759280153	0.0	0	0.0	2680.001553027978	1	0	1	2.172909742306842
131309.35780636445	3000.0	2370.6437466635566	0.0	0	0.0	2680.0015530279925	1	0	1	2.1729097423068415
132200.0	3000.0	2480.0015530280157	0.0	0	1.48590348471771	2680.0015530279925	1	0	1	2.1729097423068415
133200.0	3000.0	2480.0015530280098	0.0	0	437.0495743575739	2680.001553027978	1	0	1	2.172909742306842
134200.0	3000.0	2480.001553028007	0.0	0	167.51862258973415	2680.001553027978	1	0	1	2.1729097423068415
135226.3875858255	3000.0	2453.613967202507	0.0	0	0.0	2680.001553027949	1	0	1	2.172909742306846
136200.0	3000.0	2480.001553028034	0.0	0	180.3392794194515	2680.001553027949	1	0	1	2.172909742306846
137200.0	3000.0	2480.0015530280384	0.0	0	199.57740620413097	2680.001553027949	1	0	1	2.172909742306846
138200.0	3000.0	2480.0015530280275	0.0	0	320.7141729071154	2680.0015530279197	1	0	1	2.1729097423068495
139200.0	3000.0	2480.0015530280625	0.0	0	374.0152961536951	2680.0015530279197	1	0	1	2.1729097423068495
140200.0	3000.0	2480.001553028049	0.0	0	21.60985505382996	2680.0015530279197	1	0	1	2.1729097423068495
141200.0	3000.0	2480.0015530280484	0.0	0	98.79895058157854	2680.0015530278906	1	0	1	2.1729097423068535
142200.0	3000.0	2480.001553028055	0.0	0	273.8365037723852	2680.0015530278906	1	0	1	2.1729097423068535
143200.0	3000.0	2480.0015530280803	0.0	0	143.6951081502193	2680.0015530278906	1	0	1	2.1729097423068535
144200.0	3000.0	2480.0015530280793	0.0	0	226.81535558772157	2680.0015530278615	1	0	1	2.1729097423068575
145566.25301023116	3000.0	2113.7485427969323	0.0	0	0.0	2680.0015530278906	1	0	1	2.1729097423068535
146559.92981675235	3000.0	2120.0717362757377	0.0	0	0.0	2680.0015530278906	1	0	1	2.1729097423068535
147549.2669393328	3000.0	2130.7346136953042	0.0	0	0.0	2680.0015530278906	1	0	1	2.1729097423068535
148505.1870854666	3000.0	2174.814467561494	0.0	0	0.0	2680.0015530278906	1	0	1	2.1729097423068535
149447.17647880816	3000.0	2232.8250742199334	0.0	0	0.0	2680.0015530278906	1	0	1	2.1729097423068535
150435.3591419296	3000.0	2244.6424110985154	0.0	0	0.0	2680.0015530278906	1	0	1	2.1729097423068535
151499.850535465	3000.0	2180.1510175631347	0.0	0	0.0	2680.0015530278906	1	0	1	2.1729097423068535
152239.4065140015	2000.0	2440.5950390266535	0.0	0	0.0	2680.0015530278906	1	0	1	1.3619795260905243
153200.0	2000.0	2480.0015530280994	0.0	0	484.6615154244937	2680.0015530278906	1	0	1	1.767444634198689
154200.0	2000.0	2480.0015530281316	0.0	0	400.4560413835861	2680.0015530278906	1	0	1	1.767444634198689
155200.0	3000.0	2480.001553028131	0.0	0	121.03333535438287	2680.0015530278615	1	0	1	1.767444634198693
156296.9695032873	3000.0	2383.032049740847	0.0	0	0.0	2680.0015530278615	1	0	1	2.1729097423068575
157200.0	3000.0	2480.001553028164	0.0	0	245.41531648265664	2680.0015530278615	1	0	1	2.1729097423068575
158377.77725708514	3000.0	2302.2242959430478	0.0	0	0.0	2680.0015530278906	1	0	1	2.1729097423068535
159387.63352560907	3000.0	2292.368027419105	0.0	0	0.0	2680.0015530278906	1	0	1	2.1729097423068535
160200.0	3000.0	2480.0015530281885	0.0	0	223.7277298719564	2680.0015530279197	1	0	1	2.1729097423068495
161200.0	3000.0	2480.0015530281767	0.0	0	199.42355335669708	2680.0015530278906	1	0	1	2.1729097423068535
162200.0	3000.0	2480.001553028142	0.0	0	100.36652050932753	2680.0015530278906	1	0	1	2.1729097423068535
163314.53607667657	3000.0	2365.465476351568	0.0	0	0.0	2680.0015530278906	1	0	1	2.1729097423068535
164200.0	3000.0	2480.001553028124	0.0	0	78.71772353482083	2680.0015530278615	1	0	1	2.1729097423068575
165204.82750657055	3000.0	2475.1740464576123	0.0	0	0.0	2680.0015530278324	1	0	1	2.1729097423068615
166374.59836919873	3000.0	2305.4031838294213	0.0	0	0.0	2680.0015530278324	1	0	1	2.1729097423068615
167365.5476854588	3000.0	2314.453867569337	0.0	0	0.0	2680.0015530278033	1	0	1	2.172909742306865
168282.5012769421	3000.0	2397.5002760860784	0.0	0	0.0	2680.0015530278033	1	0	1	2.172909742306865
169200.0	3000.0	2480.0015530281607	0.0	0	3.271131796645932	2680.0015530278033	1	0	1	2.172909742306865
170200.0	3000.0	2480.0015530281603	0.0	0	514.1419174288749	2680.0015530278033	1	0	1	2.172909742306865
171200.0	3000.0	2480.0015530281526	0.0	0	46.288681966252625	2680.0015530278033	1	0	1	2.172909742306865
172200.0	3000.0	2480.001553028162	0.0	0	17.573615521832835	2680.0015530278324	1	0	1	2.1729097423068615
173200.0	3000.0	2480.0015530281917	0.0	0	353.6916070174775	2680.0015530278615	1	0	1	2.1729097423068575
174200.0	3000.0	2480.0015530282135	0.0	0	143.9096135397849	2680.0015530278324	1	0	1	2.1729097423068615
175346.08200249664	3000.0	2333.919550531553	0.0	0	0.0	2680.0015530278615	1	0	1	2.1729097423068575
176200.0	3000.0	2480.0015530281776	0.0	0	99.47686788346618	2680.0015530278615	1	0	1	2.1729097423068575
177200.0	3000.0	2480.0015530281607	0.0	0	301.0275074427482	2680.0015530278615	1	0	1	2.1729097423068575
178200.0	3000.0	2480.0015530281644	0.0	0	369.50807812044513	2680.0015530278324	1	0	1	2.1729097423068615
179200.0	3000.0	2480.001553028146	0.0	0	393.3395975534513	2680.0015530278324	1	0	1	2.1729097423068615
180200.0	3000.0	2480.0015530281253	0.0	0	371.4828766803839	2680.0015530278324	1	0	1	2.1729097423068615
181200.0	3000.0	2480.001553028109	0.0	0	240.15533707570285	2680.0015530278324	1	0	1	2.1729097423068615
182200.0	3000.0	2480.001553028105	0.0	0	57.770183044078294	2680.0015530278033	1	0	1	2.172909742306865
183200.0	3000.0	2480.0015530281357	0.0	0	92.65856468689162	2680.0015530278324	1	0	1	2.1729097423068615
184200.0	3000.0	2480.001553028122	0.0	0	106.01569733873475	2680.0015530278324	1	0	1	2.1729097423068615
185251.87323259437	3000.0	2428.1283204337315	0.0	0	0.0	2680.0015530278324	1	0	1	2.1729097423068615
186200.0	3000.0	2480.0015530280866	0.0	0	283.1285145775182	2680.0015530278324	1	0	1	2.1729097423068615
187200.0	3000.0	2480.001553028059	0.0	0	284.2656538900046	2680.0015530278324	1	0	1	2.1729097423068615
188248.57552674666	3000.0	2431.4260262813928	0.0	0	0.0	2680.0015530278324	1	0	1	2.1729097423068615
189200.0	3000.0	2480.0015530280252	0.0	0	252.1586085005256	2680.0015530278324	1	0	1	2.1729097423068615
190200.0	3000.0	2480.001553028033	0.0	0	317.8374553825124	2680.0015530278324	1	0	1	2.1729097423068615
191413.03318056618	3000.0	2266.9683724618376	0.0	0	0.0	2680.0015530278033	1	0	1	2.172909742306865
192371.58995034374	3000.0	2308.41160268427	0.0	0	0.0	2680.0015530278033	1	0	1	2.172909742306865
193235.85226461536	3000.0	2444.149288412659	0.0	0	0.0	2680.0015530278033	1	0	1	2.172909742306865
194200.0	3000.0	2480.001553028025	0.0	0	198.96082484631916	2680.0015530278033	1	0	1	2.172909742306865
195200.0	3000.0	2480.001553028044	0.0	0	73.02929648477584	2680.0015530278033	1	0	1	2.172909742306865
196200.0	3000.0	2480.0015530280366	0.0	0	154.02835001045605	2680.001553027774	1	0	1	2.1729097423068695
197200.0	3000.0	2480.001553028015	0.0	0	231.18375701273908	2680.001553027774	1	0	1	2.1729097423068695
198200.0	3000.0	2480.0015530280607	0.0	0	410.1488978891284	2680.001553027774	1	0	1	2.1729097423068695
199200.0	3000.0	2480.0015530280557	0.0	0	287.6363586030493	2680.001553027745	1	0	1	2.1729097423068735
200200.0	3000.0	2480.001553028063	0.0	0	26.848821070743725	2680.001553027774	1	0	1	2.1729097423068695
201461.83725247005	3000.0	2218.1643005580445	0.0	0	0.0	2680.0015530278033	1	0	1	2.1729097423068686
202381.58565568243	3000.0	2298.4158973456706	0.0	0	0.0	2680.0015530278033	1	0	1	2.172909742306865
203404.91927321535	3000.0	2275.082279812764	0.0	0	0.0	2680.001553027774	1	0	1	2.1729097423068695
204200.0	3000.0	2480.001553028106	0.0	0	271.8681656807312	2680.001553027774	1	0	1	2.1729097423068695
205200.0	3000.0	2480.0015530281166	0.0	0	408.7708970125532	2680.001553027774	1	0	1	2.1729097423068695
206437.9294768752	3000.0	2242.0720761529624	0.0	0	0.0	2680.0015530278033	1	0	1	2.172909742306865
207271.25699400963	3000.0	2408.744559018549	0.0	0	0.0	2680.0015530278324	1	0	1	2.1729097423068615
208200.0	3000.0	2480.001553028188	0.0	0	0.6323985793860629	2680.0015530278324	1	0	1	2.1729097423068615
209200.0	3000.0	2480.0015530282094	0.0	0	174.91291183471913	2680.0015530278615	1	0	1	2.1729097423068575
210252.41596207375	3000.0	2427.585590954447	0.0	0	0.0	2680.0015530278615	1	0	1	2.1729097423068575
211200.0	3000.0	2480.001553028178	0.0	0	95.46339557354804	2680.0015530278906	1	0	1	2.1729097423068535
212200.0	3000.0	2480.001553028205	0.0	0	81.85843073987053	2680.0015530278906	1	0	1	2.1729097423068535
213200.0	3000.0	2480.0015530282026	0.0	0	165.00852214510087	2680.0015530278906	1	0	1	2.1729097423068535
214200.0	3000.0	2480.001553028234	0.0	0	119.68854265182745	2680.0015530279197	1	0	1	2.1729097423068495
215200.0	3000.0	2480.0015530282267	0.0	0	225.74755384377204	2680.0015530279197	1	0	1	2.1729097423068495
216200.0	3000.0	2480.001553028202	0.0	0	103.3458977198461	2680.0015530279197	1	0	1	2.1729097423068495
217200.0	3000.0	2480.0015530281703	0.0	0	33.45303764278651	2680.0015530278906	1	0	1	2.1729097423068535
218200.0	3000.0	2480.001553028149	0.0	0	281.48888458218426	2680.0015530278615	1	0	1	2.1729097423068575
219200.0	3000.0	2480.0015530281303	0.0	0	358.354836642131	2680.0015530278324	1	0	1	2.1729097423068615
220286.14799134695	3000.0	2393.853561681214	0.0	0	0.0	2680.0015530278615	1	0	1	2.1729097423068575
221200.0	3000.0	2480.001553028183	0.0	0	115.43904501621728	2680.0015530278324	1	0	1	2.1729097423068615
222318.80652453515	3000.0	2361.1950284930235	0.0	0	0.0	2680.0015530278033	1	0	1	2.172909742306865
223449.29533203016	3000.0	2230.7062209979895	0.0	0	0.0	2680.0015530278033	1	0	1	2.172909742306865
224363.41251335948	3000.0	2316.5890396687223	0.0	0	0.0	2680.0015530278324	1	0	1	2.1729097423068615
225200.0	3000.0	2480.0015530282085	0.0	0	171.05533330634353	2680.0015530278324	1	0	1	2.1729097423068615
226210.8954747202	3000.0	2469.106078307999	0.0	0	0.0	2680.0015530278033	1	0	1	2.172909742306865
227327.70114575262	3000.0	2352.30040727559	0.0	0	0.0	2680.0015530278033	1	0	1	2.172909742306865
228200.0	3000.0	2480.0015530281958	0.0	0	61.92553125991253	2680.0015530278033	1	0	1	2.172909742306865
229222.1312747747	3000.0	2457.8702782535074	0.0	0	0.0	2680.0015530278033	1	0	1	2.172909742306865
230200.0	3000.0	2480.001553028219	0.0	0	378.6766453697346	2680.0015530278324	1	0	1	2.1729097423068615
231269.41252391454	3000.0	2410.5890291136966	0.0	0	0.0	2680.0015530278324	1	0	1	2.1729097423068615
232200.0	3000.0	2480.001553028248	0.0	0	281.78202533887816	2680.0015530278324	1	0	1	2.1729097423068615
233200.0	3000.0	2480.0015530282376	0.0	0	181.7646277748281	2680.0015530278033	1	0	1	2.172909742306865
234200.0	3000.0	2480.001553028223	0.0	0	191.68195673412993	2680.0015530278033	1	0	1	2.172909742306865
235294.11473410917	3000.0	2385.8868189190503	0.0	0	0.0	2680.0015530278324	1	0	1	2.1729097423068615
236200.0	3000.0	2480.0015530282026	0.0	0	269.33372347295517	2680.0015530278324	1	0	1	2.1729097423068615
237370.24952122231	3000.0	2309.7520318058955	0.0	0	0.0	2680.0015530278324	1	0	1	2.1729097423068615
238200.0	3000.0	2480.0015530282067	0.0	0	125.61078229884151	2680.0015530278324	1	0	1	2.1729097423068615
239200.0	3000.0	2480.0015530281903	0.0	0	42.8620275016292	2680.0015530278324	1	0	1	2.1729097423068615
240200.0	3000.0	2480.001553028162	0.0	0	26.19133422433515	2680.0015530278615	1	0	1	2.1729097423068575
241200.0	3000.0	2480.001553028142	0.0	0	339.5336170044611	2680.0015530278906	1	0	1	2.1729097423068535
242200.0	3000.0	2480.00155302814	0.0	0	491.02921577589586	2680.0015530278906	1	0	1	2.1729097423068535
243200.0	3000.0	2480.001553028174	0.0	0	353.41692135864287	2680.0015530278906	1	0	1	2.1729097423068535
244200.0	3000.0	2480.001553028136	0.0	0	421.7227139370807	2680.0015530278906	1	0	1	2.1729097423068535
245200.0	3000.0	2480.00155302815	0.0	0	464.2242458931869	2680.0015530279197	1	0	1	2.1729097423068495
246200.0	3000.0	2480.001553028188	0.0	0	256.5476299893344	2680.0015530278906	1	0	1	2.1729097423068535
247290.12032771143	3000.0	2389.881225316759	0.0	0	0.0	2680.0015530278615	1	0	1	2.1729097423068575
248398.0337972797	3000.0	2281.967755748472	0.0	0	0.0	2680.0015530278615	1	0	1	2.1729097423068575
249200.0	3000.0	2480.0015530281803	0.0	0	60.115470456541516	2680.0015530278615	1	0	1	2.1729097423068575
250200.0	3000.0	2480.0015530282017	0.0	0	247.8308608608204	2680.0015530278906	1	0	1	2.1729097423068535
251200.0	3000.0	2480.0015530281657	0.0	0	65.9012994611403	2680.0015530278906	1	0	1	2.1729097423068535
252200.0	3000.0	2480.0015530282067	0.0	0	381.5376770327857	2680.0015530278906	1	0	1	2.1729097423068535
253200.0	3000.0	2480.001553028199	0.0	0	146.6036706448067	2680.0015530278906	1	0	1	2.1729097423068535
254308.14632130144	3000.0	2371.8552317267904	0.0	0	0.0	2680.0015530278906	1	0	1	2.1729097423068535
255313.32127961924	3000.0	2366.6802734090015	0.0	0	0.0	2680.0015530278615	1	0	1	2.1729097423068575
256200.0	3000.0	2480.0015530282417	0.0	0	34.09185991776758	2680.0015530278906	1	0	1	2.1729097423068535
257361.81799561926	3000.0	2318.183557409009	0.0	0	0.0	2680.0015530278615	1	0	1	2.1729097423068575
258212.34480560044	3000.0	2467.6567474278304	0.0	0	0.0	2680.0015530278615	1	0	1	2.1729097423068575
259200.0	3000.0	2480.0015530282694	0.0	0	324.6840600098076	2680.0015530278906	1	0	1	2.1729097423068535
260268.6253462812	3000.0	2411.3762067470634	0.0	0	0.0	2680.0015530278906	1	0	1	2.1729097423068535
261200.0	3000.0	2480.0015530282208	0.0	0	1.02952139932313	2680.0015530278615	1	0	1	2.1729097423068575
262323.3648434678	3000.0	2356.6367095604314	0.0	0	0.0	2680.0015530278324	1	0	1	2.1729097423068584
263200.0	3000.0	2480.001553028195	0.0	0	7.427977797226049	2680.0015530278324	1	0	1	2.1729097423068593
264200.0	3000.0	2480.0015530281694	0.0	0	363.2297666305094	2680.001553027774	1	0	1	2.1729097423068686
265200.0	3000.0	2480.0015530280893	0.0	0	363.5205571304541	2680.001553027716	1	0	1	2.172909742306877
266200.0	3000.0	2480.0015530280475	0.0	0	42.23833008832298	2680.001553027716	1	0	1	2.172909742306877
267200.0	3000.0	2480.0015530279825	0.0	0	294.58328218455426	2680.001553027658	1	0	1	2.172909742306885
268200.0	3000.0	2480.0015530279693	0.0	0	231.58656887843972	2680.001553027716	1	0	1	2.172909742306877
269200.0	3000.0	2480.001553027916	0.0	0	249.34518907254096	2680.001553027716	1	0	1	2.172909742306877
270200.0	3000.0	2480.0015530279197	0.0	0	385.73913513013395	2680.001553027716	1	0	1	2.172909742306877
271200.0	3000.0	2480.0015530279743	0.0	0	279.800148109789	2680.001553027716	1	0	1	2.172909742306877
272266.8771185714	3000.0	2413.124434456567	0.0	0	0.0	2680.001553027774	1	0	1	2.1729097423068695
273200.0	3000.0	2480.001553027973	0.0	0	238.3019866248942	2680.001553027774	1	0	1	2.1729097423068695
274200.0	3000.0	2480.001553027955	0.0	0	88.12250652513467	2680.001553027774	1	0	1	2.1729097423068695
275200.0	3000.0	2480.001553027947	0.0	0	320.1102195477579	2680.0015530278324	1	0	1	2.1729097423068615
276200.0	3000.0	2480.0015530279243	0.0	0	194.83720106410328	2680.0015530278324	1	0	1	2.1729097423068615
277200.0	3000.0	2480.001553027949	0.0	0	215.6101159985992	2680.0015530278324	1	0	1	2.1729097423068615
278200.0	3000.0	2480.0015530279366	0.0	0	364.0427183518186	2680.001553027774	1	0	1	2.1729097423068695
279200.0	3000.0	2480.0015530279293	0.0	0	99.1032489662175	2680.001553027774	1	0	1	2.1729097423068695
280320.3963494041	3000.0	2359.6052036238298	0.0	0	0.0	2680.001553027774	1	0	1	2.1729097423068695
281458.4042455099	3000.0	2221.59730751806	0.0	0	0.0	2680.001553027774	1	0	1	2.172909742306863
282200.0	3000.0	2480.0015530279206	0.0	0	0.2392490350175649	2680.001553027774	1	0	1	2.1729097423068695
283200.0	3000.0	2480.001553027909	0.0	0	236.52562509005656	2680.0015530278324	1	0	1	2.1729097423068615
284200.0	3000.0	2480.001553027933	0.0	0	17.516321674454957	2680.0015530278324	1	0	1	2.1729097423068615
285200.0	3000.0	2480.0015530279497	0.0	0	221.20004541665548	2680.0015530278324	1	0	1	2.1729097423068615
286200.0	3000.0	2480.0015530279093	0.0	0	186.43867378332652	2680.0015530278324	1	0	1	2.1729097423068615
287200.0	3000.0	2480.0015530279165	0.0	0	424.2322529623634	2680.0015530278324	1	0	1	2.1729097423068615
288200.0	3000.0	2480.001553027904	0.0	0	260.5297365280567	2680.0015530278324	1	0	1	2.1729097423068615
289200.0	3000.0	2480.001553027966	0.0	0	75.04309270140948	2680.0015530278906	1	0	1	2.1729097423068535
290200.0	3000.0	2480.001553027988	0.0	0	86.09806106000906	2680.001553027949	1	0	1	2.172909742306846
291200.0	3000.0	2480.001553027951	0.0	0	338.27763881743886	2680.001553027949	1	0	1	2.172909742306846
292200.0	3000.0	2480.00155302797	0.0	0	376.1065122273285	2680.001553027949	1	0	1	2.172909742306846
293456.5433966855	3000.0	2223.4581563424754	0.0	0	0.0	2680.001553027949	1	0	1	2.1729097423068393
294949.6459392661	3000.0	1730.3556137618782	0.0	0	0.0	2680.001553027949	1	0	1	2.172909742306846
295868.33368872677	3000.0	1811.6678643011742	0.0	0	0.0	2680.001553027949	1	0	1	2.172909742306846
297358.90481900296	3000.0	1321.096734025	0.0	0	0.0	2680.001553027949	1	0	1	2.172909742306846
298692.59843375365	3000.0	987.4031192743093	0.0	0	0.0	2680.0015530278906	1	0	1	2.1729097423068504
299679.2277334893	3000.0	1000.7738195386821	0.0	0	0.0	2680.0015530278906	1	0	1	2.1729097423068535
300554.29790226294	3000.0	1125.70365076504	0.0	0	0.0	2680.0015530278324	1	0	1	2.1729097423068566
301474.7582208416	3000.0	1205.2433321863373	0.0	0	0.0	2680.001553027774	1	0	1	2.172909742306863
3.8029047619047622	3.934904761904762	4.150904761904761	3.3229047619047622	3.2869047619047618	3.814904761904762	2.4469047619047624	2.6389047619047616	4.522904761904762	4.726904761904762	3.1429047619047616	3.562904761904762	3.694904761904762	4.174904761904762	3.154904761904762	3.526904761904762	3.8509047619047623	4.510904761904762	4.858904761904762	3.8269047619047623	4.006904761904762	4.4389047619047615	3.454904761904762	3.3229047619047622	3.682904761904762	4.318904761904762	5.170904761904762	4.4869047619047615	3.610904761904762	5.098904761904762	2.926904761904762	4.006904761904762	2.6389047619047616	3.178904761904762	5.098904761904762	3.586904761904762	3.7429047619047617	4.234904761904762	4.342904761904761	1.9549047619047621	3.934904761904762	4.53	5.25	4.09	3.57	4.8	4.43	4.55	4.26	2.47	3.25	3.42	4.53	3.66	1.98	3.16	3.78	3.58	3.79	3.38	2.87	3.32	4.31	2.62	3.14	3.36	3.8	3.51	3.56	3.03	3.7	3.46	3.57	3.56	2.13	3.81	3.79	3.81	4.02	3.15	4.32	3.8	3.89	3.66	3.46	3.43	3.7484545454545453	4.300454545454545	3.4484545454545454	4.288454545454545	4.840454545454545	3.9164545454545454	5.104454545454545	5.584454545454546	4.0124545454545455	2.8244545454545458	2.032454545454546	3.0404545454545455	3.424454545454546	3.5444545454545455	4.732454545454545	4.876454545454545	3.6764545454545456	3.3284545454545458	4.276454545454546	3.2924545454545453	4.084454545454546	3.4724545454545455	3.7124545454545457	3.0764545454545456	3.3044545454545458	4.420454545454546	4.0364545454545455	3.4724545454545455	3.3644545454545454	4.060454545454545	3.7124545454545457	4.444454545454545	5.4884545454545455	3.3884545454545454	3.4844545454545455	4.384454545454545	3.7964545454545453	3.3884545454545454	3.172454545454545	3.6044545454545456	3.7724545454545453	3.2564545454545457	3.352454545454546	3.4364545454545454	4.885789473684211	4.23778947368421	4.165789473684211	5.029789473684211	4.597789473684211	5.66578947368421	5.077789473684211	3.325789473684211	3.9977894736842106	3.9977894736842106	4.465789473684211	2.9057894736842105	2.425789473684211	2.4137894736842105	3.6977894736842107	2.3657894736842104	2.5577894736842106	3.6257894736842107	3.349789473684211	5.314904761904762	3.8029047619047622	3.934904761904762	4.150904761904761	3.3229047619047622	3.2869047619047618	3.814904761904762	2.4469047619047624	2.6389047619047616	4.522904761904762	4.726904761904762	3.1429047619047616	3.562904761904762	3.694904761904762	4.174904761904762	3.154904761904762	3.526904761904762	3.8509047619047623	4.510904761904762	4.858904761904762	3.8269047619047623	4.006904761904762	4.4389047619047615	3.454904761904762	3.3229047619047622	3.682904761904762	4.318904761904762	5.170904761904762	4.4869047619047615	3.610904761904762	5.098904761904762	2.926904761904762	4.006904761904762	2.6389047619047616	3.178904761904762	5.098904761904762	3.586904761904762	3.7429047619047617	4.234904761904762	4.342904761904761	1.9549047619047621	3.934904761904762	4.53	5.25	4.09	3.57	4.8	4.43	4.55	4.26	2.47	3.25	3.42	4.53	3.66	1.98	3.16	3.78	3.58	3.79	3.38	2.87	3.32	4.31	2.62	3.14	3.36	3.8	3.51	3.56	3.03	3.7	3.46	3.57	3.56	2.13	3.81	3.79	3.81	4.02	3.15	4.32	3.8	3.89	3.66	3.46	3.43	3.7484545454545453	4.300454545454545	3.4484545454545454	4.288454545454545	4.840454545454545	3.9164545454545454	5.104454545454545	5.584454545454546	4.0124545454545455	2.8244545454545458	2.032454545454546	3.0404545454545455	3.424454545454546	3.5444545454545455	4.732454545454545	4.876454545454545	3.6764545454545456	3.3284545454545458	4.276454545454546	3.2924545454545453	4.084454545454546	3.4724545454545455	3.7124545454545457	3.0764545454545456	3.3044545454545458	4.420454545454546	4.0364545454545455	3.4724545454545455	3.3644545454545454	4.060454545454545	3.7124545454545457	4.444454545454545	5.4884545454545455	3.3884545454545454	3.4844545454545455	4.384454545454545	3.7964545454545453	3.3884545454545454	3.172454545454545	3.6044545454545456	3.7724545454545453	3.2564545454545457	3.352454545454546	3.4364545454545454	4.885789473684211	4.23778947368421	4.165789473684211	5.029789473684211	4.597789473684211	5.66578947368421	5.077789473684211	3.325789473684211	3.9977894736842106	3.9977894736842106	4.465789473684211	2.9057894736842105	2.425789473684211	2.4137894736842105	3.6977894736842107	2.3657894736842104	2.5577894736842106	3.6257894736842107	3.349789473684211	5.314904761904762	3.8029047619047622	3.934904761904762	4.150904761904761
1.0	2.0	3.0	4.0	5.0	6.0	7.0	8.0	9.0	10.0	11.0	12.0	13.0	14.0	15.0	16.0	17.0	18.0	19.0	20.0	21.0	22.0	23.0	24.0	25.0	26.0	27.0	28.0	29.0	30.0	31.0	32.0	33.0	34.0	35.0	36.0	37.0	38.0	39.0	40.0	41.0	42.0	43.0	44.0	45.0	46.0	47.0	48.0	49.0	50.0	51.0	52.0	53.0	54.0	55.0	56.0	57.0	58.0	59.0	60.0	61.0	62.0	63.0	64.0	65.0	66.0	67.0	68.0	69.0	70.0	71.0	72.0	73.0	74.0	75.0	76.0	77.0	78.0	79.0	80.0	81.0	82.0	83.0	84.0	85.0	86.0	87.0	88.0	89.0	90.0	91.0	92.0	93.0	94.0	95.0	96.0	97.0	98.0	99.0	100.0	101.0	102.0	103.0	104.0	105.0	106.0	107.0	108.0	109.0	110.0	111.0	112.0	113.0	114.0	115.0	116.0	117.0	118.0	119.0	120.0	121.0	122.0	123.0	124.0	125.0	126.0	127.0	128.0	129.0	130.0	131.0	132.0	133.0	134.0	135.0	136.0	137.0	138.0	139.0	140.0	141.0	142.0	143.0	144.0	145.0	146.0	147.0	148.0	149.0	149.0	150.0	151.0	152.0	153.0	154.0	155.0	156.0	157.0	158.0	159.0	160.0	161.0	162.0	163.0	164.0	165.0	166.0	167.0	168.0	169.0	170.0	171.0	172.0	173.0	174.0	175.0	176.0	177.0	178.0	179.0	180.0	181.0	182.0	183.0	184.0	185.0	186.0	187.0	188.0	189.0	190.0	191.0	192.0	193.0	194.0	195.0	196.0	197.0	198.0	199.0	200.0	201.0	202.0	203.0	204.0	205.0	206.0	207.0	208.0	209.0	210.0	211.0	212.0	213.0	214.0	215.0	216.0	217.0	218.0	219.0	220.0	221.0	222.0	223.0	224.0	225.0	226.0	227.0	228.0	229.0	230.0	231.0	232.0	233.0	234.0	235.0	236.0	237.0	238.0	239.0	240.0	241.0	242.0	243.0	244.0	245.0	246.0	247.0	248.0	249.0	250.0	251.0	252.0	253.0	254.0	255.0	256.0	257.0	258.0	259.0	260.0	261.0	262.0	263.0	264.0	265.0	266.0	267.0	268.0	269.0	270.0	271.0	272.0	273.0	274.0	275.0	276.0	277.0	278.0	279.0	280.0	281.0	282.0	283.0	284.0	285.0	286.0	287.0	288.0	289.0	290.0	291.0	292.0	293.0	294.0	295.0	296.0	297.0	298.0	298.0	299.0	300.0	301.0
2400.5186975556535
