3161.6024092213183	300.0	2000.0	65.12584651076482	0	0.0	3161.6024092213183	1	0	1	-0.6001592156166972
3230.071870815178	300.0	2931.5305384061403	0.0	0	0.0	3161.602409221318	1	0	1	-0.2112461814676494
4200.0	300.0	2961.6024092213183	0.0	0	899.0657057533354	3161.6024092213183	1	0	1	-0.21124618146764942
5200.0	500.0	2961.6024092213174	0.0	0	888.9937811892032	3161.602409221318	1	0	1	-0.21124618146764934
6200.0	500.0	2961.602409221318	0.0	0	865.7101656175491	3161.6024092213183	1	0	1	0.2995794422983414
7200.0	500.0	2961.602409221319	0.0	0	887.5910544845901	3161.6024092213192	1	0	1	0.29957944229834127
8200.0	500.0	2961.6024092213197	0.0	0	920.7380589000359	3161.6024092213192	1	0	1	0.29957944229834116
9200.0	1000.0	2961.6024092213206	0.0	0	896.2902122667456	3161.60240922132	1	0	1	0.29957944229834105
10200.0	2000.0	2961.6024092213192	0.0	0	586.6804758649942	3161.6024092213192	1	0	1	0.9927266228582864
11200.0	6000.0	2961.602409221321	0.0	0	105.1355803472361	3161.602409221321	1	0	1	1.6858738034182317
12200.0	6000.0	2961.6024092213224	0.0	0	344.03330183203616	3161.602409221323	1	0	1	2.7844860920863406
13200.0	6000.0	2961.6024092213215	0.0	0	451.4404921443238	3161.602409221323	1	0	1	2.7844860920863406
14200.0	6000.0	2961.6024092213206	0.0	0	533.2552445494384	3161.602409221323	1	0	1	2.7844860920863406
15200.0	6000.0	2961.6024092213197	0.0	0	454.71632595359915	3161.602409221323	1	0	1	2.7844860920863406
16200.0	6000.0	2961.6024092213192	0.0	0	287.58910334678694	3161.602409221323	1	0	1	2.7844860920863406
17200.0	6000.0	2961.60240922132	0.0	0	419.54626145261136	3161.602409221323	1	0	1	2.78448609208634
18200.0	6000.0	2961.602409221321	0.0	0	405.2979474960521	3161.602409221323	1	0	1	2.7844860920863406
19200.0	6000.0	2961.602409221323	0.0	0	0.3144518826084095	3161.6024092213247	1	0	1	2.7844860920863406
20200.0	6000.0	2961.602409221326	0.0	0	342.36010431043906	3161.602409221323	1	0	1	2.78448609208634
21200.0	6000.0	2961.6024092213256	0.0	0	122.41442778998316	3161.602409221323	1	0	1	2.7844860920863406
22200.0	6000.0	2961.602409221326	0.0	0	380.4413266536394	3161.602409221323	1	0	1	2.7844860920863406
23200.0	6000.0	2961.6024092213283	0.0	0	311.80980950126104	3161.602409221323	1	0	1	2.7844860920863406
24285.516064292326	6000.0	2876.086344929	0.0	0	0.0	3161.6024092213265	1	0	1	2.78448609208634
25200.0	6000.0	2961.6024092213243	0.0	0	45.7801409755084	3161.6024092213265	1	0	1	2.78448609208634
26200.0	6000.0	2961.602409221323	0.0	0	539.9682223215459	3161.60240922133	1	0	1	2.784486092086339
27200.0	6000.0	2961.602409221322	0.0	0	264.1835992292363	3161.602409221334	1	0	1	2.7844860920863383
28200.0	6000.0	2961.6024092213243	0.0	0	142.04544468053427	3161.60240922133	1	0	1	2.784486092086339
29200.0	6000.0	2961.602409221323	0.0	0	125.07658277556766	3161.60240922133	1	0	1	2.784486092086339
30200.0	6000.0	2961.602409221324	0.0	0	256.95145593934285	3161.602409221334	1	0	1	2.7844860920863383
31200.0	6000.0	2961.6024092213243	0.0	0	342.53179288434694	3161.602409221334	1	0	1	2.7844860920863383
32200.0	6000.0	2961.602409221326	0.0	0	129.9790824486263	3161.6024092213374	1	0	1	2.7844860920863375
33200.0	6000.0	2961.6024092213206	0.0	0	166.46754947833688	3161.602409221334	1	0	1	2.784486092086338
34338.55758883498	6000.0	2823.0448203863434	0.0	0	0.0	3161.60240922133	1	0	1	2.784486092086339
35232.39225468112	6000.0	2929.2101545401924	0.0	0	0.0	3161.602409221323	1	0	1	2.78448609208634
36200.0	6000.0	2961.602409221313	0.0	0	234.37421216318035	3161.602409221312	1	0	1	2.7844860920863423
37200.0	6000.0	2961.602409221307	0.0	0	73.02589792634535	3161.6024092213047	1	0	1	2.7844860920863446
38463.71072355349	6000.0	2697.8916856678247	0.0	0	0.0	3161.6024092213047	1	0	1	2.7844860920863446
39315.962588005845	6000.0	2845.639821215477	0.0	0	0.0	3161.6024092213047	1	0	1	2.7844860920863446
40200.0	6000.0	2961.6024092213197	0.0	0	321.51761565012566	3161.6024092213047	1	0	1	2.7844860920863446
41200.0	6000.0	2961.6024092213183	0.0	0	250.69215533923125	3161.6024092213047	1	0	1	2.7844860920863446
42200.0	6000.0	2961.602409221309	0.0	0	261.1958310374248	3161.6024092213047	1	0	1	2.7844860920863446
43200.0	6000.0	2961.602409221305	0.0	0	259.3976583081967	3161.6024092213047	1	0	1	2.7844860920863446
44200.0	6000.0	2961.602409221311	0.0	0	320.28741333726794	3161.6024092213047	1	0	1	2.7844860920863446
45200.0	6000.0	2961.60240922131	0.0	0	228.5892226953656	3161.6024092213047	1	0	1	2.7844860920863446
46200.0	6000.0	2961.6024092213056	0.0	0	429.6650724963765	3161.602409221312	1	0	1	2.784486092086343
47200.0	6000.0	2961.6024092213065	0.0	0	373.0866444623389	3161.602409221312	1	0	1	2.784486092086343
48200.0	6000.0	2961.6024092213042	0.0	0	413.0179457252161	3161.602409221312	1	0	1	2.784486092086343
49200.0	6000.0	2961.6024092213047	0.0	0	430.9274807308175	3161.602409221312	1	0	1	2.784486092086343
50200.0	6000.0	2961.6024092213015	0.0	0	120.6502273188089	3161.602409221312	1	0	1	2.784486092086343
51200.0	6000.0	2961.6024092212992	0.0	0	282.78962158734066	3161.602409221312	1	0	1	2.784486092086343
52200.0	6000.0	2961.602409221297	0.0	0	354.21844434493687	3161.6024092213047	1	0	1	2.7844860920863446
53259.49377019248	6000.0	2902.1086390288124	0.0	0	0.0	3161.6024092213047	1	0	1	2.7844860920863446
54200.0	6000.0	2961.6024092212883	0.0	0	239.11200505206216	3161.6024092213047	1	0	1	2.7844860920863446
55200.0	6000.0	2961.6024092212897	0.0	0	379.23665031146083	3161.6024092213047	1	0	1	2.7844860920863446
56200.0	6000.0	2961.60240922129	0.0	0	451.0730887826139	3161.6024092212974	1	0	1	2.784486092086346
57200.0	6000.0	2961.6024092212956	0.0	0	344.06648835171654	3161.6024092212974	1	0	1	2.784486092086346
58200.0	6000.0	2961.6024092212974	0.0	0	40.388288624475535	3161.6024092212974	1	0	1	2.784486092086346
59200.0	6000.0	2961.6024092213	0.0	0	115.47525932429562	3161.6024092212974	1	0	1	2.784486092086346
60328.59918837245	6000.0	2833.003220848856	0.0	0	0.0	3161.6024092212974	1	0	1	2.784486092086346
61200.0	6000.0	2961.6024092213047	0.0	0	136.03570272215438	3161.6024092213047	1	0	1	2.7844860920863446
62200.0	6000.0	2961.6024092213092	0.0	0	389.11244682485267	3161.6024092213047	1	0	1	2.7844860920863446
63200.0	6000.0	2961.602409221304	0.0	0	141.61922542654065	3161.602409221312	1	0	1	2.784486092086343
64200.0	6000.0	2961.602409221309	0.0	0	315.23887671188277	3161.602409221312	1	0	1	2.784486092086343
65200.0	6000.0	2961.602409221314	0.0	0	152.46902626747033	3161.6024092213192	1	0	1	2.7844860920863415
66345.68295485913	6000.0	2815.919454362192	0.0	0	0.0	3161.6024092213265	1	0	1	2.784486092086341
67200.0	6000.0	2961.602409221335	0.0	0	110.76314387044113	3161.602409221334	1	0	1	2.7844860920863375
68200.0	6000.0	2961.602409221327	0.0	0	202.0686839092814	3161.6024092213265	1	0	1	2.7844860920863406
69200.0	6000.0	2961.6024092213224	0.0	0	328.78824607473507	3161.6024092213192	1	0	1	2.7844860920863415
70200.0	6000.0	2961.602409221323	0.0	0	78.57784021932457	3161.6024092213192	1	0	1	2.7844860920863415
71200.0	6000.0	2961.602409221336	0.0	0	205.88156835339032	3161.6024092213192	1	0	1	2.7844860920863415
72200.0	6000.0	2961.6024092213415	0.0	0	304.26089761042385	3161.6024092213192	1	0	1	2.7844860920863415
73200.0	6000.0	2961.602409221356	0.0	0	468.72186140441045	3161.6024092213192	1	0	1	2.7844860920863415
74200.0	6000.0	2961.602409221349	0.0	0	156.5904735467484	3161.6024092213047	1	0	1	2.7844860920863446
75200.0	6000.0	2961.6024092213506	0.0	0	106.2211378212669	3161.6024092213047	1	0	1	2.7844860920863446
76200.0	6000.0	2961.6024092213497	0.0	0	453.3551229717559	3161.6024092213047	1	0	1	2.7844860920863446
77200.0	6000.0	2961.6024092213647	0.0	0	305.2040926698246	3161.6024092213047	1	0	1	2.7844860920863446
78454.90971821523	6000.0	2706.6926910061493	0.0	0	0.0	3161.6024092213047	1	0	1	2.7844860920863446
79578.00594779222	6000.0	2583.596461429157	0.0	0	0.0	3161.60240922129	1	0	1	2.7844860920863472
80644.78588126329	6000.0	2516.816527958098	0.0	0	0.0	3161.60240922129	1	0	1	2.7844860920863472
81288.63747624193	6000.0	2872.964932979455	0.0	0	0.0	3161.60240922129	1	0	1	2.7844860920863472
82200.0	6000.0	2961.6024092213815	0.0	0	376.7067854501365	3161.6024092213047	1	0	1	2.7844860920863446
83200.0	6000.0	2961.6024092213684	0.0	0	536.8766385405324	3161.60240922129	1	0	1	2.7844860920863472
84200.0	6000.0	2961.60240922137	0.0	0	299.5539681685477	3161.60240922129	1	0	1	2.7844860920863472
85200.0	6000.0	2961.6024092213793	0.0	0	455.3195525996707	3161.60240922129	1	0	1	2.7844860920863472
86200.0	6000.0	2961.602409221388	0.0	0	281.06120772327995	3161.6024092213047	1	0	1	2.7844860920863446
87200.0	6000.0	2961.6024092213793	0.0	0	440.6157600308943	3161.6024092213047	1	0	1	2.7844860920863446
88200.0	6000.0	2961.6024092213597	0.0	0	139.47967152445926	3161.6024092213047	1	0	1	2.7844860920863446
89200.0	6000.0	2961.602409221367	0.0	0	292.8468850092031	3161.6024092213047	1	0	1	2.7844860920863446
90200.0	6000.0	2961.6024092213665	0.0	0	509.4445015328092	3161.6024092213192	1	0	1	2.7844860920863415
91200.0	6000.0	2961.602409221356	0.0	0	401.1377519414091	3161.6024092213192	1	0	1	2.7844860920863415
92200.0	6000.0	2961.602409221359	0.0	0	63.09362859609246	3161.6024092213047	1	0	1	2.7844860920863446
93461.51798855554	6000.0	2700.084420665819	0.0	0	0.0	3161.6024092213047	1	0	1	2.7844860920863446
94246.59896012311	6000.0	2915.003449098241	0.0	0	0.0	3161.60240922129	1	0	1	2.7844860920863472
95200.0	6000.0	2961.6024092213593	0.0	0	315.28521175851347	3161.60240922129	1	0	1	2.7844860920863472
96200.0	6000.0	2961.6024092213515	0.0	0	188.37674613588024	3161.60240922129	1	0	1	2.7844860920863472
97200.0	6000.0	2961.6024092213593	0.0	0	439.930453619716	3161.60240922129	1	0	1	2.7844860920863472
98200.0	6000.0	2961.6024092213493	0.0	0	328.6500389606081	3161.60240922129	1	0	1	2.7844860920863472
99356.67054646375	6000.0	2804.9318627576035	0.0	0	0.0	3161.60240922129	1	0	1	2.7844860920863472
100200.0	6000.0	2961.6024092213543	0.0	0	94.78545859621954	3161.60240922129	1	0	1	2.7844860920863472
101200.0	6000.0	2961.602409221355	0.0	0	438.52585916331736	3161.60240922129	1	0	1	2.7844860920863472
102200.0	6000.0	2961.6024092213643	0.0	0	432.5092789147311	3161.60240922129	1	0	1	2.7844860920863472
103200.0	6000.0	2961.6024092213725	0.0	0	145.98997387812415	3161.60240922129	1	0	1	2.7844860920863472
104200.0	6000.0	2961.6024092213624	0.0	0	125.77394353371346	3161.60240922129	1	0	1	2.7844860920863472
105200.0	6000.0	2961.6024092213725	0.0	0	258.8792810535524	3161.60240922129	1	0	1	2.7844860920863472
106200.0	6000.0	2961.6024092213897	0.0	0	310.59293091214204	3161.60240922129	1	0	1	2.7844860920863472
107200.0	6000.0	2961.602409221376	0.0	0	331.88833685686404	3161.60240922129	1	0	1	2.7844860920863472
108346.54117439322	6000.0	2815.0612348281593	0.0	0	0.0	3161.60240922129	1	0	1	2.7844860920863472
109235.10339693469	6000.0	2926.4990122866734	0.0	0	0.0	3161.6024092212756	1	0	1	2.784486092086351
110304.42808078008	6000.0	2857.1743284412805	0.0	0	0.0	3161.60240922129	1	0	1	2.7844860920863472
111398.4927091486	6000.0	2763.109700072755	0.0	0	0.0	3161.60240922129	1	0	1	2.7844860920863472
112200.0	6000.0	2961.6024092213643	0.0	0	72.11788033596531	3161.60240922129	1	0	1	2.7844860920863472
113200.0	6000.0	2961.6024092213643	0.0	0	403.23761743397336	3161.60240922129	1	0	1	2.7844860920863472
114200.0	6000.0	2961.6024092213656	0.0	0	249.7971302250371	3161.60240922129	1	0	1	2.7844860920863472
115200.0	6000.0	2961.6024092213506	0.0	0	318.6358792021492	3161.60240922129	1	0	1	2.7844860920863472
116200.0	6000.0	2961.6024092213406	0.0	0	643.9734819098812	3161.6024092212756	1	0	1	2.784486092086351
117200.0	6000.0	2961.6024092213597	0.0	0	142.2149969197053	3161.602409221261	1	0	1	2.7844860920863534
118235.10227049791	6000.0	2926.500138723444	0.0	0	0.0	3161.602409221261	1	0	1	2.7844860920863534
119357.5181384691	6000.0	2804.0842707522734	0.0	0	0.0	3161.602409221261	1	0	1	2.7844860920863534
120413.21461829779	6000.0	2748.387790923578	0.0	0	0.0	3161.602409221261	1	0	1	2.7844860920863534
121518.1566993335	6000.0	2643.4457098878656	0.0	0	0.0	3161.602409221261	1	0	1	2.7844860920863534
122200.0	6000.0	2961.6024092213593	0.0	0	66.67781947010371	3161.602409221261	1	0	1	2.7844860920863534
123200.0	6000.0	2961.6024092213534	0.0	0	43.95308978499088	3161.6024092212465	1	0	1	2.7844860920863566
124200.0	6000.0	2961.6024092213584	0.0	0	446.5698436788807	3161.6024092212465	1	0	1	2.7844860920863566
125200.0	6000.0	2961.6024092213675	0.0	0	371.95267729206535	3161.6024092212465	1	0	1	2.7844860920863566
126200.0	6000.0	2961.6024092213656	0.0	0	268.84168452261656	3161.602409221261	1	0	1	2.7844860920863534
127200.0	6000.0	2961.6024092213415	0.0	0	437.9744813985599	3161.602409221261	1	0	1	2.7844860920863534
128200.0	6000.0	2961.602409221347	0.0	0	241.9496116417722	3161.602409221261	1	0	1	2.7844860920863534
129256.64114975184	6000.0	2904.961259469505	0.0	0	0.0	3161.602409221261	1	0	1	2.7844860920863534
130200.0	6000.0	2961.602409221358	0.0	0	119.82788824541785	3161.602409221261	1	0	1	2.7844860920863534
131200.0	6000.0	2961.602409221376	0.0	0	156.83516712585697	3161.6024092212756	1	0	1	2.784486092086353
132200.0	6000.0	2961.6024092213534	0.0	0	211.85179474344477	3161.6024092212465	1	0	1	2.7844860920863557
133239.50775921866	6000.0	2922.094650002719	0.0	0	0.0	3161.6024092212756	1	0	1	2.7844860920863517
134395.3247046275	6000.0	2766.277704593864	0.0	0	0.0	3161.602409221261	1	0	1	2.7844860920863517
135265.68221814706	6000.0	2895.920191074309	0.0	0	0.0	3161.602409221261	1	0	1	2.7844860920863534
136200.0	6000.0	2961.6024092213934	0.0	0	302.42705812936765	3161.602409221261	1	0	1	2.7844860920863534
137200.0	6000.0	2961.602409221371	0.0	0	445.00970053768833	3161.602409221261	1	0	1	2.7844860920863534
138255.93182135106	6000.0	2905.670587870335	0.0	0	0.0	3161.602409221261	1	0	1	2.7844860920863534
139200.0	6000.0	2961.602409221368	0.0	0	3.540447826468153	3161.60240922129	1	0	1	2.7844860920863472
140232.46051644592	6000.0	2929.141892775438	0.0	0	0.0	3161.60240922129	1	0	1	2.7844860920863472
141200.0	6000.0	2961.6024092213647	0.0	0	320.7836915552907	3161.60240922129	1	0	1	2.7844860920863472
142200.0	6000.0	2961.6024092214075	0.0	0	263.8494863578235	3161.60240922129	1	0	1	2.7844860920863472
143200.0	6000.0	2961.6024092214125	0.0	0	205.78631015410065	3161.60240922129	1	0	1	2.7844860920863472
144200.0	6000.0	2961.6024092214047	0.0	0	13.369612744718324	3161.60240922129	1	0	1	2.7844860920863472
145200.0	6000.0	2961.6024092213993	0.0	0	410.04388958230265	3161.60240922129	1	0	1	2.7844860920863472
146200.0	6000.0	2961.6024092214084	0.0	0	242.46375602047192	3161.60240922129	1	0	1	2.7844860920863472
147200.0	6000.0	2961.6024092214257	0.0	0	303.9838720751286	3161.60240922129	1	0	1	2.7844860920863472
148200.0	6000.0	2961.6024092214184	0.0	0	111.1984179999854	3161.60240922129	1	0	1	2.7844860920863472
149200.0	6000.0	2961.6024092213966	0.0	0	253.14342303722515	3161.602409221261	1	0	1	2.7844860920863534
150200.0	6000.0	2961.602409221416	0.0	0	118.70710173246334	3161.602409221261	1	0	1	2.7844860920863534
151200.0	6000.0	2961.602409221435	0.0	0	297.47372148378054	3161.602409221261	1	0	1	2.7844860920863534
152200.0	6000.0	2961.602409221413	0.0	0	42.28400105799665	3161.602409221232	1	0	1	2.7844860920863597
153200.0	6000.0	2961.6024092214093	0.0	0	322.13966073055053	3161.602409221232	1	0	1	2.7844860920863597
154200.0	6000.0	2961.6024092214343	0.0	0	320.6862439176184	3161.602409221232	1	0	1	2.7844860920863646
155213.74123790138	6000.0	2947.861171320042	0.0	0	0.0	3161.602409221232	1	0	1	2.7844860920863597
156200.0	6000.0	2961.6024092213916	0.0	0	23.157926757936366	3161.602409221203	1	0	1	2.7844860920863654
157200.0	6000.0	2961.602409221423	0.0	0	248.73671993042808	3161.602409221203	1	0	1	2.7844860920863654
158200.0	6000.0	2961.6024092214634	0.0	0	184.18039216040052	3161.602409221261	1	0	1	2.7844860920863583
159200.0	6000.0	2961.60240922145	0.0	0	60.42716552421916	3161.602409221232	1	0	1	2.784486092086355
160215.78825332178	6000.0	2945.8141558996713	0.0	0	0.0	3161.602409221232	1	0	1	2.7844860920863597
161200.0	6000.0	2961.6024092214543	0.0	0	566.4773975780408	3161.602409221203	1	0	1	2.7844860920863654
162200.0	6000.0	2961.60240922146	0.0	0	404.0228595927765	3161.602409221232	1	0	1	2.7844860920863597
163200.0	6000.0	2961.6024092214557	0.0	0	547.1631431945134	3161.602409221203	1	0	1	2.784486092086361
164200.0	6000.0	2961.6024092215093	0.0	0	425.5199739159143	3161.602409221203	1	0	1	2.7844860920863654
165200.0	6000.0	2961.602409221481	0.0	0	431.1146453329711	3161.6024092211446	1	0	1	2.784486092086373
166200.0	6000.0	2961.6024092214693	0.0	0	409.26419843934127	3161.6024092211446	1	0	1	2.784486092086378
167200.0	6000.0	2961.6024092214475	0.0	0	309.0016855893773	3161.6024092211446	1	0	1	2.784486092086378
168229.10241293674	6000.0	2932.499996284684	0.0	0	0.0	3161.6024092211737	1	0	1	2.784486092086375
169200.0	6000.0	2961.602409221427	0.0	0	201.09686273132684	3161.6024092211737	1	0	1	2.7844860920863717
170200.0	6000.0	2961.602409221419	0.0	0	255.25344586384017	3161.6024092211737	1	0	1	2.7844860920863717
171200.0	6000.0	2961.6024092214097	0.0	0	153.98408010179992	3161.6024092211737	1	0	1	2.7844860920863717
172200.0	6000.0	2961.6024092214193	0.0	0	422.4938026905875	3161.6024092211446	1	0	1	2.784486092086373
173360.45711906647	6000.0	2801.145290154955	0.0	0	0.0	3161.6024092211155	1	0	1	2.784486092086382
174274.16140486542	6000.0	2887.441004356034	0.0	0	0.0	3161.6024092211155	1	0	1	2.784486092086384
175200.0	6000.0	2961.6024092214543	0.0	0	340.1103770209884	3161.6024092211446	1	0	1	2.7844860920863828
176334.95984712988	6000.0	2826.6425620915807	0.0	0	0.0	3161.6024092211446	1	0	1	2.784486092086378
177200.0	6000.0	2961.6024092214775	0.0	0	169.02402166399406	3161.602409221203	1	0	1	2.7844860920863708
178200.0	6000.0	2961.6024092214625	0.0	0	249.56358745571924	3161.602409221203	1	0	1	2.7844860920863708
179248.4379176399	6000.0	2913.1644915815887	0.0	0	0.0	3161.602409221232	1	0	1	2.784486092086363
180200.0	6000.0	2961.6024092214966	0.0	0	101.44576225953642	3161.602409221203	1	0	1	2.7844860920863654
181200.0	6000.0	2961.602409221503	0.0	0	134.35825635312358	3161.602409221203	1	0	1	2.7844860920863654
182200.0	6000.0	2961.602409221514	0.0	0	309.88816590356873	3161.602409221203	1	0	1	2.7844860920863654
183200.0	6000.0	2961.60240922156	0.0	0	13.408055026171496	3161.602409221203	1	0	1	2.7844860920863654
184243.83784927428	6000.0	2917.764559947268	0.0	0	0.0	3161.6024092211737	1	0	1	2.7844860920863717
185200.0	6000.0	2961.6024092215503	0.0	0	257.8796804611047	3161.602409221203	1	0	1	2.7844860920863654
186327.82066586736	6000.0	2833.7817433541672	0.0	0	0.0	3161.6024092211737	1	0	1	2.784486092086368
187462.2261668599	6000.0	2699.3762423616304	0.0	0	0.0	3161.6024092211737	1	0	1	2.7844860920863717
188200.0	6000.0	2961.6024092215466	0.0	0	64.07093212098698	3161.6024092211446	1	0	1	2.7844860920863743
189200.0	6000.0	2961.6024092215525	0.0	0	523.9473777657258	3161.6024092211446	1	0	1	2.784486092086378
190200.0	6000.0	2961.6024092215603	0.0	0	78.19836548782769	3161.6024092211737	1	0	1	2.7844860920863765
191200.0	6000.0	2961.6024092215866	0.0	0	298.01013688900275	3161.602409221203	1	0	1	2.7844860920863708
192200.0	6000.0	2961.6024092215694	0.0	0	465.47985414159484	3161.602409221203	1	0	1	2.7844860920863654
193200.0	6000.0	2961.6024092215785	0.0	0	286.6728450546507	3161.602409221203	1	0	1	2.7844860920863654
194200.0	6000.0	2961.602409221606	0.0	0	141.4734262333077	3161.602409221203	1	0	1	2.7844860920863654
195200.0	6000.0	2961.602409221601	0.0	0	309.0585331330949	3161.602409221203	1	0	1	2.7844860920863654
196200.0	6000.0	2961.6024092215875	0.0	0	350.70807853748556	3161.602409221203	1	0	1	2.7844860920863654
197200.0	6000.0	2961.6024092216016	0.0	0	539.9418657880451	3161.602409221203	1	0	1	2.7844860920863654
198200.0	6000.0	2961.6024092215735	0.0	0	550.6941044257255	3161.602409221203	1	0	1	2.7844860920863654
199200.0	6000.0	2961.6024092216016	0.0	0	105.13939119951101	3161.602409221203	1	0	1	2.7844860920863654
200200.0	6000.0	2961.6024092215566	0.0	0	210.5276641972887	3161.602409221203	1	0	1	2.7844860920863654
201200.0	6000.0	2961.6024092215393	0.0	0	243.27762609758065	3161.602409221203	1	0	1	2.7844860920863708
202200.0	6000.0	2961.6024092215293	0.0	0	54.47794350134791	3161.602409221232	1	0	1	2.784486092086363
203200.0	6000.0	2961.602409221536	0.0	0	498.55632798414445	3161.602409221232	1	0	1	2.7844860920863597
204200.0	6000.0	2961.602409221531	0.0	0	460.58915973696276	3161.602409221232	1	0	1	2.7844860920863597
205200.0	6000.0	2961.6024092215375	0.0	0	304.7408027314523	3161.602409221232	1	0	1	2.7844860920863597
206200.0	6000.0	2961.6024092215107	0.0	0	401.02036743829376	3161.602409221203	1	0	1	2.784486092086361
207200.0	6000.0	2961.602409221536	0.0	0	191.71085412078537	3161.602409221203	1	0	1	2.7844860920863654
208200.0	6000.0	2961.6024092215503	0.0	0	305.26878634345485	3161.6024092211737	1	0	1	2.7844860920863668
209304.61961055282	6000.0	2856.9827986687214	0.0	0	0.0	3161.6024092211737	1	0	1	2.7844860920863717
210200.0	6000.0	2961.602409221563	0.0	0	76.24909790745005	3161.6024092211446	1	0	1	2.7844860920863743
211200.0	6000.0	2961.6024092215735	0.0	0	116.41874044190627	3161.6024092211446	1	0	1	2.784486092086373
212200.0	6000.0	2961.6024092216103	0.0	0	233.10001215996454	3161.6024092211737	1	0	1	2.7844860920863717
213200.0	6000.0	2961.602409221632	0.0	0	317.58842121521593	3161.602409221203	1	0	1	2.7844860920863654
214200.0	6000.0	2961.602409221636	0.0	0	220.10751748256735	3161.6024092211737	1	0	1	2.7844860920863717
215200.0	6000.0	2961.602409221604	0.0	0	83.9336317864072	3161.6024092211446	1	0	1	2.784486092086378
216200.0	6000.0	2961.6024092216053	0.0	0	215.58865568687906	3161.6024092211446	1	0	1	2.784486092086378
217200.0	6000.0	2961.6024092215835	0.0	0	194.35007735402905	3161.6024092211446	1	0	1	2.784486092086373
218200.0	6000.0	2961.6024092215853	0.0	0	469.7342113049817	3161.6024092211446	1	0	1	2.784486092086378
219200.0	6000.0	2961.6024092215803	0.0	0	40.225861566723324	3161.6024092211446	1	0	1	2.784486092086378
220200.0	6000.0	2961.602409221602	0.0	0	450.89487409059075	3161.6024092211737	1	0	1	2.7844860920863717
221200.0	6000.0	2961.6024092215807	0.0	0	343.6146186457772	3161.6024092211737	1	0	1	2.7844860920863717
222200.0	6000.0	2961.602409221603	0.0	0	197.96038838723325	3161.6024092211737	1	0	1	2.7844860920863717
223200.0	6000.0	2961.6024092215794	0.0	0	370.4589425154554	3161.6024092211446	1	0	1	2.784486092086373
224200.0	6000.0	2961.6024092216003	0.0	0	84.22661239936133	3161.6024092211737	1	0	1	2.7844860920863717
225200.0	6000.0	2961.6024092215957	0.0	0	200.6304233080882	3161.6024092211737	1	0	1	2.7844860920863717
226200.0	6000.0	2961.6024092215785	0.0	0	88.67995774460724	3161.6024092211737	1	0	1	2.7844860920863717
227388.79508290184	6000.0	2772.807326319723	0.0	0	0.0	3161.6024092211155	1	0	1	2.784486092086382
228393.9815937693	6000.0	2767.620815452262	0.0	0	0.0	3161.6024092211446	1	0	1	2.784486092086378
229321.28316450905	6000.0	2840.3192447125234	0.0	0	0.0	3161.6024092211446	1	0	1	2.784486092086378
230200.0	6000.0	2961.6024092215594	0.0	0	214.45412494504126	3161.6024092211446	1	0	1	2.784486092086378
231200.0	6000.0	2961.6024092215666	0.0	0	206.5352150958206	3161.6024092211446	1	0	1	2.784486092086378
232200.0	6000.0	2961.602409221548	0.0	0	235.9902008692443	3161.6024092211446	1	0	1	2.784486092086378
233200.0	6000.0	2961.6024092215116	0.0	0	431.4290592255129	3161.6024092211155	1	0	1	2.784486092086384
234200.0	6000.0	2961.6024092214966	0.0	0	526.4117588142108	3161.6024092211155	1	0	1	2.784486092086389
235200.0	6000.0	2961.602409221519	0.0	0	399.15127864308306	3161.6024092211446	1	0	1	2.7844860920863828
236200.0	6000.0	2961.602409221522	0.0	0	483.4156099326501	3161.6024092211446	1	0	1	2.784486092086378
237200.0	6000.0	2961.602409221526	0.0	0	376.0076240696653	3161.6024092211446	1	0	1	2.784486092086378
238200.0	6000.0	2961.6024092215175	0.0	0	197.93611737905303	3161.6024092211446	1	0	1	2.784486092086378
239200.0	6000.0	2961.602409221537	0.0	0	395.0807008812262	3161.6024092211737	1	0	1	2.7844860920863717
240200.0	6000.0	2961.6024092215657	0.0	0	463.64110813330626	3161.602409221203	1	0	1	2.7844860920863654
241200.0	6000.0	2961.6024092215516	0.0	0	7.22541870441637	3161.602409221261	1	0	1	2.7844860920863583
242332.35098879616	6000.0	2829.2514204253985	0.0	0	0.0	3161.60240922129	1	0	1	2.7844860920863472
243200.0	6000.0	2961.6024092215325	0.0	0	281.0769723111298	3161.60240922129	1	0	1	2.7844860920863472
244200.0	6000.0	2961.602409221516	0.0	0	438.78970847823075	3161.60240922129	1	0	1	2.7844860920863472
245200.0	6000.0	2961.6024092214934	0.0	0	395.9588313380955	3161.602409221261	1	0	1	2.7844860920863486
246200.0	6000.0	2961.6024092215434	0.0	0	514.1027158538636	3161.602409221261	1	0	1	2.7844860920863534
247200.0	6000.0	2961.6024092215694	0.0	0	391.13235062910826	3161.602409221261	1	0	1	2.7844860920863534
248202.0755552889	6000.0	2959.5268539326576	0.0	0	0.0	3161.602409221261	1	0	1	2.7844860920863534
249200.0	6000.0	2961.602409221554	0.0	0	119.17892673384631	3161.602409221203	1	0	1	2.784486092086361
250200.0	6000.0	2961.6024092215416	0.0	0	242.22586283818237	3161.602409221203	1	0	1	2.7844860920863654
251200.0	6000.0	2961.602409221515	0.0	0	574.4609671270009	3161.602409221203	1	0	1	2.7844860920863654
252200.0	6000.0	2961.602409221532	0.0	0	415.77725640835706	3161.602409221203	1	0	1	2.7844860920863654
253200.0	6000.0	2961.6024092215457	0.0	0	346.74074693978764	3161.6024092211737	1	0	1	2.7844860920863668
254200.0	6000.0	2961.6024092215157	0.0	0	541.9076589472825	3161.6024092211737	1	0	1	2.7844860920863765
255200.0	6000.0	2961.602409221467	0.0	0	427.5206824381021	3161.6024092211737	1	0	1	2.7844860920863717
256200.0	6000.0	2961.6024092214802	0.0	0	369.68114606806193	3161.6024092211737	1	0	1	2.7844860920863717
257378.38606774915	6000.0	2783.2163414723527	0.0	0	0.0	3161.6024092211737	1	0	1	2.7844860920863717
258276.0768880141	6000.0	2885.5255212074226	0.0	0	0.0	3161.602409221203	1	0	1	2.784486092086368
259359.3874202741	6000.0	2802.214988947414	0.0	0	0.0	3161.602409221203	1	0	1	2.7844860920863654
260200.0	6000.0	2961.6024092215307	0.0	0	128.1238158729975	3161.602409221203	1	0	1	2.7844860920863654
261200.0	6000.0	2961.602409221534	0.0	0	500.5711009906663	3161.6024092211737	1	0	1	2.7844860920863717
262200.0	6000.0	2961.602409221558	0.0	0	395.50403344412916	3161.6024092211737	1	0	1	2.7844860920863717
263200.0	6000.0	2961.602409221541	0.0	0	284.689867864945	3161.6024092211737	1	0	1	2.784486092086373
264200.0	6000.0	2961.602409221532	0.0	0	260.2345613896032	3161.6024092211737	1	0	1	2.7844860920863703
265200.0	6000.0	2961.602409221467	0.0	0	407.70934139791643	3161.6024092210864	1	0	1	2.7844860920863868
266200.0	6000.0	2961.6024092214398	0.0	0	8.104986787948292	3161.6024092211155	1	0	1	2.7844860920863916
267200.0	6000.0	2961.602409221462	0.0	0	253.19766127801267	3161.6024092210573	1	0	1	2.784486092086396
268291.7664957286	6000.0	2869.835913492825	0.0	0	0.0	3161.6024092210573	1	0	1	2.784486092086396
269575.7803212452	6000.0	2585.822087976202	0.0	0	0.0	3161.6024092210573	1	0	1	2.784486092086396
270303.11033778655	6000.0	2858.4920714347822	0.0	0	0.0	3161.6024092210573	1	0	1	2.784486092086396
271200.0	6000.0	2961.602409221278	0.0	0	221.7492576407967	3161.6024092210573	1	0	1	2.784486092086396
272201.7321558956	6000.0	2959.870253325638	0.0	0	0.0	3161.6024092210573	1	0	1	2.784486092086396
273200.0	6000.0	2961.602409221256	0.0	0	480.0453853835352	3161.602409220999	1	0	1	2.7844860920863987
274200.0	6000.0	2961.602409221259	0.0	0	332.1898565061856	3161.602409220941	1	0	1	2.7844860920864107
275200.0	6000.0	2961.6024092212597	0.0	0	72.16849845275283	3161.602409220941	1	0	1	2.7844860920864205
276200.0	6000.0	2961.60240922125	0.0	0	477.74991196987685	3161.602409220941	1	0	1	2.78448609208643
277200.0	6000.0	2961.6024092212856	0.0	0	492.92235167406034	3161.602409220941	1	0	1	2.7844860920864205
278434.8614656654	6000.0	2726.7409435558175	0.0	0	0.0	3161.6024092208827	1	0	1	2.7844860920864276
279200.0	6000.0	2961.602409221201	0.0	0	95.21409461303847	3161.6024092208245	1	0	1	2.7844860920864374
280200.0	6000.0	2961.6024092211205	0.0	0	395.077954538865	3161.6024092207663	1	0	1	2.784486092086447
281237.7688199658	6000.0	2923.833589255318	0.0	0	0.0	3161.602409220708	1	0	1	2.784486092086469
282439.66936005256	6000.0	2721.9330491685755	0.0	0	0.0	3161.6024092207663	1	0	1	2.7844860920864596
283825.418753425	6000.0	2336.183655796161	0.0	0	0.0	3161.6024092207663	1	0	1	2.784486092086457
284719.2998097699	6000.0	2442.302599451272	0.0	0	0.0	3161.6024092208245	1	0	1	2.7844860920864445
285230.60360860074	6000.0	2930.9988006204353	0.0	0	0.0	3161.6024092208245	1	0	1	2.7844860920864445
286200.0	6000.0	2961.6024092211223	0.0	0	465.1284464727505	3161.6024092207663	1	0	1	2.784486092086447
287200.0	6000.0	2961.602409221144	0.0	0	330.30736850126414	3161.6024092208245	1	0	1	2.7844860920864543
288237.7319564989	6000.0	2923.870452722273	0.0	0	0.0	3161.6024092208245	1	0	1	2.7844860920864445
289439.0326762167	6000.0	2722.569733004369	0.0	0	0.0	3161.6024092207663	1	0	1	2.7844860920864543
290200.0	6000.0	2961.6024092210287	0.0	0	119.77057949110167	3161.6024092207663	1	0	1	2.784486092086457
291200.0	6000.0	2961.602409221007	0.0	0	288.6623805385316	3161.6024092207663	1	0	1	2.784486092086457
292200.0	6000.0	2961.6024092210146	0.0	0	343.55380222859094	3161.6024092207663	1	0	1	2.784486092086457
293200.0	6000.0	2961.6024092209404	0.0	0	286.47045863984386	3161.6024092207663	1	0	1	2.784486092086457
294200.0	6000.0	2961.6024092209586	0.0	0	260.9636211922043	3161.602409220708	1	0	1	2.784486092086459
295200.0	6000.0	2961.602409220981	0.0	0	192.40428135468392	3161.602409220708	1	0	1	2.784486092086469
296200.0	6000.0	2961.6024092210564	0.0	0	249.16554457094753	3161.602409220708	1	0	1	2.784486092086469
297200.0	6000.0	2961.6024092210955	0.0	0	83.59264941699803	3161.602409220708	1	0	1	2.784486092086469
298200.0	6000.0	2961.6024092210655	0.0	0	220.82829396490706	3161.602409220708	1	0	1	2.784486092086469
299200.0	6000.0	2961.6024092210787	0.0	0	414.8862003297545	3161.602409220708	1	0	1	2.784486092086469
300200.0	6000.0	2961.6024092210655	0.0	0	160.72481520939618	3161.6024092208245	1	0	1	2.7844860920864543
9.28	7.75	5.75	6.96	8.91	10.7	7.2	5.42	11.1	12.0	11.6	11.3	11.0	12.2	10.3	6.15	8.98	8.88	9.33	8.75	6.45	7.29	13.1	6.12	10.0	7.61	6.07	7.17	8.75	11.3	5.78	7.39	8.22	5.55	4.0	9.01	11.3	8.06	8.64	8.86	8.72	8.34	11.7	10.7	14.2	11.3	6.65	10.7	8.22	7.25	9.73	10.9	11.3	9.16	8.82	7.94	6.26	8.2	8.97	8.65	7.38	8.34	6.09	8.24	8.88	10.3	6.65	9.5	9.81	8.56	9.01	5.07	8.95	7.45	5.49	7.81	5.97	8.48	8.69	9.86	9.53	11.6	11.1	9.29	8.13	9.09	11.8	14.4	7.16	4.9	8.62	8.6	7.98	10.501744680851063	10.381744680851064	6.397744680851064	7.129744680851063	11.221744680851064	11.461744680851064	10.033744680851065	8.149744680851065	10.381744680851064	11.461744680851064	10.741744680851063	6.5297446808510635	6.925744680851063	7.549744680851064	6.421744680851064	9.673744680851064	9.133744680851065	8.125744680851065	8.509744680851062	15.181744680851065	8.209744680851063	8.293744680851063	4.033744680851064	6.157744680851064	6.169744680851064	8.785744680851064	7.057744680851064	13.021744680851064	9.745744680851065	8.785744680851064	11.821744680851065	11.941744680851064	6.109744680851064	7.405744680851064	9.157744680851064	8.629744680851065	4.837744680851065	8.209744680851063	4.285744680851064	9.325744680851065	10.861744680851064	6.733744680851063	7.813744680851064	6.229744680851064	8.293744680851063	9.553744680851064	11.101744680851063	7.153111111111111	8.35311111111111	6.253111111111111	10.64511111111111	7.957111111111111	9.013111111111112	8.473111111111113	8.245111111111111	5.677111111111111	7.01	9.28	7.75	5.75	6.96	8.91	10.7	7.2	5.42	11.1	12.0	11.6	11.3	11.0	12.2	10.3	6.15	8.98	8.88	9.33	8.75	6.45	7.29	13.1	6.12	10.0	7.61	6.07	7.17	8.75	11.3	5.78	7.39	8.22	5.55	4.0	9.01	11.3	8.06	8.64	8.86	8.72	8.34	11.7	10.7	14.2	11.3	6.65	10.7	8.22	7.25	9.73	10.9	11.3	9.16	8.82	7.94	6.26	8.2	8.97	8.65	7.38	8.34	6.09	8.24	8.88	10.3	6.65	9.5	9.81	8.56	9.01	5.07	8.95	7.45	5.49	7.81	5.97	8.48	8.69	9.86	9.53	11.6	11.1	9.29	8.13	9.09	11.8	14.4	7.16	4.9	8.62	8.6	7.98	10.501744680851063	10.381744680851064	6.397744680851064	7.129744680851063	11.221744680851064	11.461744680851064	10.033744680851065	8.149744680851065	10.381744680851064	11.461744680851064	10.741744680851063	6.5297446808510635	6.925744680851063	7.549744680851064	6.421744680851064	9.673744680851064	9.133744680851065	8.125744680851065	8.509744680851062	15.181744680851065	8.209744680851063	8.293744680851063	4.033744680851064	6.157744680851064	6.169744680851064	8.785744680851064	7.057744680851064	13.021744680851064	9.745744680851065	8.785744680851064	11.821744680851065	11.941744680851064	6.109744680851064	7.405744680851064	9.157744680851064	8.629744680851065	4.837744680851065	8.209744680851063	4.285744680851064	9.325744680851065	10.861744680851064	6.733744680851063	7.813744680851064	6.229744680851064	8.293744680851063	9.553744680851064	11.101744680851063	7.153111111111111	8.35311111111111	6.253111111111111	10.64511111111111	7.957111111111111	9.013111111111112	8.473111111111113	8.245111111111111	5.677111111111111	7.01	9.28	7.75	5.75
1.0	2.0	3.0	4.0	5.0	6.0	7.0	8.0	9.0	10.0	11.0	12.0	13.0	14.0	15.0	16.0	17.0	18.0	19.0	20.0	21.0	22.0	23.0	24.0	25.0	26.0	27.0	28.0	29.0	30.0	31.0	32.0	33.0	34.0	35.0	36.0	37.0	38.0	39.0	40.0	41.0	42.0	43.0	44.0	45.0	46.0	47.0	48.0	49.0	50.0	51.0	52.0	53.0	54.0	55.0	56.0	57.0	58.0	59.0	60.0	61.0	62.0	63.0	64.0	65.0	66.0	67.0	68.0	69.0	70.0	71.0	72.0	73.0	74.0	75.0	76.0	77.0	78.0	79.0	80.0	81.0	82.0	83.0	84.0	85.0	86.0	87.0	88.0	89.0	90.0	91.0	92.0	93.0	94.0	95.0	96.0	97.0	98.0	99.0	100.0	101.0	102.0	103.0	104.0	105.0	106.0	107.0	108.0	109.0	110.0	111.0	112.0	113.0	114.0	115.0	116.0	117.0	118.0	119.0	120.0	121.0	122.0	123.0	124.0	125.0	126.0	127.0	128.0	129.0	130.0	131.0	132.0	133.0	134.0	135.0	136.0	137.0	138.0	139.0	140.0	141.0	142.0	143.0	144.0	145.0	146.0	147.0	148.0	149.0	149.0	150.0	151.0	152.0	153.0	154.0	155.0	156.0	157.0	158.0	159.0	160.0	161.0	162.0	163.0	164.0	165.0	166.0	167.0	168.0	169.0	170.0	171.0	172.0	173.0	174.0	175.0	176.0	177.0	178.0	179.0	180.0	181.0	182.0	183.0	184.0	185.0	186.0	187.0	188.0	189.0	190.0	191.0	192.0	193.0	194.0	195.0	196.0	197.0	198.0	199.0	200.0	201.0	202.0	203.0	204.0	205.0	206.0	207.0	208.0	209.0	210.0	211.0	212.0	213.0	214.0	215.0	216.0	217.0	218.0	219.0	220.0	221.0	222.0	223.0	224.0	225.0	226.0	227.0	228.0	229.0	230.0	231.0	232.0	233.0	234.0	235.0	236.0	237.0	238.0	239.0	240.0	241.0	242.0	243.0	244.0	245.0	246.0	247.0	248.0	249.0	250.0	251.0	252.0	253.0	254.0	255.0	256.0	257.0	258.0	259.0	260.0	261.0	262.0	263.0	264.0	265.0	266.0	267.0	268.0	269.0	270.0	271.0	272.0	273.0	274.0	275.0	276.0	277.0	278.0	279.0	280.0	281.0	282.0	283.0	284.0	285.0	286.0	287.0	288.0	289.0	290.0	291.0	292.0	293.0	294.0	295.0	296.0	297.0	298.0	298.0	299.0	300.0	301.0
3023.9095682465063
