5679.7396455513	300.0	2000.0	122.07319459933827	0	0.0	5679.7396455513	1	0	1	-2.383130425413463
5837.917087171909	500.0	2826.00481421733	0.0	0	0.0	5663.921901389238	1	0	2	-2.0603763836589546
6050.6838512168115	500.0	3591.961373767937	0.0	0	0.0	5642.645224984748	1	0	2	-1.330084619120619
6197.288468595877	500.0	4430.696294650965	0.0	0	0.0	5627.984763246842	1	0	2	-1.3143904680358227
6352.194478525604	500.0	5260.299683728264	0.0	0	0.0	5612.494162253868	1	0	2	-1.2997585288773825
7200.0	500.0	5327.713610106429	0.0	0	697.1981497804454	5527.713610106428	1	0	2	-1.252822262424286
8200.0	500.0	5227.713610106429	0.0	0	883.2539470044758	5427.713610106426	1	0	2	-1.1593159715894852
9200.0	1000.0	5127.713610106428	0.0	0	827.1771065509274	5327.713610106426	1	0	2	-1.0673639524061318
10200.0	1000.0	5027.713610106427	0.0	0	733.3439383640653	5227.713610106425	1	0	2	-0.28503246763891094
11200.0	3000.0	4927.713610106423	0.0	0	432.13537421812	5127.713610106422	1	0	2	-0.19705066855964984
12200.0	3000.0	4827.713610106423	0.0	0	456.4259246636393	5027.713610106422	1	0	2	0.9839000740520286
13200.0	3000.0	4727.7136101064225	0.0	0	584.9193076466127	4927.713610106421	1	0	2	1.0622182779857512
14200.0	3000.0	4627.713610106422	0.0	0	580.2871433330547	4827.713610106417	1	0	2	1.1373668386971758
15200.0	3000.0	4527.713610106422	0.0	0	456.3677907470883	4727.713610106419	1	0	2	1.2105030199202966
16200.0	3000.0	4427.713610106422	0.0	0	398.41455438930825	4627.713610106421	1	0	2	1.2786092195234298
17200.0	3000.0	4327.713610106421	0.0	0	535.0561693832024	4527.713610106419	1	0	2	1.341351865382581
18200.0	3000.0	4227.713610106416	0.0	0	628.3855184264976	4427.713610106412	1	0	2	1.4016872777244362
19200.0	3000.0	4127.713610106419	0.0	0	349.8293514256766	4327.713610106415	1	0	2	1.4584019064462583
20200.0	3000.0	4027.71361010642	0.0	0	314.08734746031405	4227.713610106417	1	0	2	1.5127427349157965
21200.0	3000.0	3927.7136101064184	0.0	0	265.84148909359646	4127.713610106417	1	0	2	1.5624518696782923
22200.0	3000.0	3827.713610106418	0.0	0	156.34689045593768	4027.713610106417	1	0	2	1.609628151684469
23200.0	3000.0	3727.7136101064184	0.0	0	130.6138131565167	3927.713610106417	1	0	2	1.65308243529811
24200.0	3000.0	3627.7136101064134	0.0	0	279.1529678723018	3827.7136101064098	1	0	2	1.6891525824803342
25701.46776611398	3000.0	2976.0990673810356	0.0	0	0.0	3677.5668334950133	1	0	2	1.7434519517127611
27028.73556383302	3000.0	2516.1044898900877	0.0	0	0.0	3544.8400537231064	1	0	2	1.787649749567174
28169.849290867885	3000.0	2260.879390151736	0.0	0	0.0	3430.7286810196238	1	0	2	1.8192373627678426
28875.943247233845	3000.0	2484.1760381491767	0.0	0	0.0	3360.1192853830216	1	0	2	1.8417126961433508
29634.098384383597	3000.0	2650.205387284447	0.0	0	0.0	3284.3037716680483	1	0	2	1.8598620556450276
30686.736287632426	3000.0	2492.3036937107317	0.0	0	0.0	3179.039981343165	1	0	2	1.882834302405996
31609.445373786766	3000.0	2477.3236989409543	0.0	0	0.0	3086.769072727726	1	0	2	1.9014850222180895
32552.02943593286	3000.0	2440.4812305802493	0.0	0	0.0	2992.510666513117	1	0	2	1.9200660334136816
33386.497497038356	3000.0	2522.566363364201	0.0	0	0.0	2909.063860402559	1	0	2	1.935072931975545
34200.0	3000.0	2627.713610106394	0.0	0	199.25399076008762	2827.713610106395	1	0	2	1.9468363006356364
35200.0	3000.0	2527.7136101063948	0.0	0	277.02494946359366	2727.713610106395	1	0	2	1.9610275235762562
36200.0	3000.0	2427.713610106401	0.0	0	49.81890309460141	2627.713610106395	1	0	2	1.976303749654877
37200.0	3000.0	2327.7136101064066	0.0	0	283.7623833095058	2527.7136101064025	1	0	2	1.9875768355846737
38200.0	3000.0	2227.7136101064116	0.0	0	229.73699795141874	2427.7136101064098	1	0	2	1.9993507868136076
39200.0	3000.0	2127.713610106413	0.0	0	418.29962561019784	2327.713610106417	1	0	2	2.009623541445475
40200.0	3000.0	2027.7136101064143	0.0	0	553.6098556470824	2227.713610106417	1	0	2	2.019007735127391
41200.0	3000.0	1927.7136101064098	0.0	0	453.359634839886	2127.7136101064098	1	0	2	2.027726972988391
42200.0	3000.0	1827.7136101064054	0.0	0	391.89766535304807	2027.713610106388	1	0	2	2.035643629982922
43200.0	3000.0	1727.7136101064132	0.0	0	271.48745289244107	1927.7136101063952	1	0	2	2.043003416014039
44200.0	3000.0	1627.7136101064139	0.0	0	228.04661865215894	1827.713610106388	1	0	2	2.049652766065162
45200.0	3000.0	1527.713610106423	0.0	0	324.2187572795374	1727.7136101064025	1	0	2	2.0554137176452034
46200.0	3000.0	1427.713610106417	0.0	0	107.38339135653223	1627.7136101064025	1	0	2	2.0609941962340343
47468.89699452149	3000.0	1031.9269161327766	0.0	0	0.0	1500.823910654246	1	0	2	2.0670171910699624
48216.509372004606	3000.0	1284.3145386496665	0.0	0	0.0	1500.823910654246	1	0	1	2.068491989456219
49200.0	3000.0	1300.8239106542687	0.0	0	285.93508780129196	1500.823910654246	1	0	1	2.268491989456219
50221.76633392707	3000.0	1279.0575767272012	0.0	0	0.0	1500.823910654246	1	0	1	2.268491989456219
51200.0	3000.0	1300.823910654276	0.0	0	7.837612898998486	1500.823910654246	1	0	1	2.268491989456219
52328.099242160635	3000.0	1172.7246684936415	0.0	0	0.0	1500.8239106542533	1	0	1	2.268491989456219
53200.0	3000.0	1300.8239106542744	0.0	0	77.41750840710301	1500.8239106542533	1	0	1	2.268491989456219
54200.0	3000.0	1300.823910654273	0.0	0	396.5847690645023	1500.8239106542533	1	0	1	2.268491989456219
55200.0	3000.0	1300.8239106542762	0.0	0	421.41351767136075	1500.8239106542533	1	0	1	2.268491989456219
56200.0	3000.0	1300.8239106542765	0.0	0	483.33086491531867	1500.8239106542533	1	0	1	2.268491989456219
57200.0	3000.0	1300.8239106542815	0.0	0	546.2559660364059	1500.8239106542533	1	0	1	2.268491989456219
58200.0	3000.0	1300.8239106542849	0.0	0	311.13025361572363	1500.8239106542533	1	0	1	2.268491989456219
59200.0	3000.0	1300.8239106542885	0.0	0	158.06415502216987	1500.8239106542533	1	0	1	2.268491989456219
60200.0	3000.0	1300.8239106542912	0.0	0	449.8146983506231	1500.8239106542533	1	0	1	2.268491989456219
61200.0	3000.0	1300.8239106542876	0.0	0	359.5539785151923	1500.823910654246	1	0	1	2.268491989456219
62200.0	3000.0	1300.8239106542921	0.0	0	560.1944779558253	1500.8239106542533	1	0	1	2.268491989456219
63200.0	3000.0	1300.8239106542956	0.0	0	424.05601734216907	1500.8239106542533	1	0	1	2.268491989456219
64200.0	3000.0	1300.8239106542885	0.0	0	169.10372473060124	1500.823910654246	1	0	1	2.268491989456219
65315.44550983962	3000.0	1185.3784008146658	0.0	0	0.0	1500.823910654246	1	0	1	2.268491989456219
66200.0	3000.0	1300.8239106543078	0.0	0	268.49128887749976	1500.823910654275	1	0	1	2.2684919894562188
67200.0	3000.0	1300.8239106543062	0.0	0	221.45751641277457	1500.823910654275	1	0	1	2.2684919894562183
68200.0	3000.0	1300.82391065431	0.0	0	216.0825269437628	1500.823910654275	1	0	1	2.2684919894562183
69200.0	3000.0	1300.823910654301	0.0	0	359.60340063183685	1500.823910654275	1	0	1	2.2684919894562183
70200.0	3000.0	1300.8239106542885	0.0	0	263.00484645976394	1500.8239106542896	1	0	1	2.268491989456218
71200.0	3000.0	1300.8239106542803	0.0	0	97.61676248189178	1500.8239106543042	1	0	1	2.268491989456217
72200.0	3000.0	1300.823910654294	0.0	0	418.7623087176762	1500.8239106543042	1	0	1	2.268491989456217
73200.0	3000.0	1300.82391065431	0.0	0	443.21843053479097	1500.8239106543042	1	0	1	2.268491989456217
74200.0	3000.0	1300.8239106543078	0.0	0	293.7716192309308	1500.8239106543188	1	0	1	2.2684919894562166
75200.0	3000.0	1300.8239106543133	0.0	0	103.18464613656397	1500.8239106543188	1	0	1	2.2684919894562166
76200.0	3000.0	1300.8239106543087	0.0	0	277.95381658863334	1500.8239106543188	1	0	1	2.2684919894562166
77200.0	3000.0	1300.8239106543033	0.0	0	365.60501002377714	1500.8239106543188	1	0	1	2.2684919894562166
78200.0	3000.0	1300.8239106542885	0.0	0	192.21211612329353	1500.8239106543188	1	0	1	2.2684919894562166
79437.91816484033	3000.0	1062.9057458139578	0.0	0	0.0	1500.8239106543188	1	0	1	2.2684919894562166
80207.48234929821	3000.0	1293.3415613560774	0.0	0	0.0	1500.8239106543333	1	0	1	2.2684919894562157
81200.0	3000.0	1300.82391065429	0.0	0	52.56449903677276	1500.8239106543333	1	0	1	2.2684919894562157
82200.0	3000.0	1300.8239106542842	0.0	0	425.0481975898292	1500.8239106543188	1	0	1	2.2684919894562166
83200.0	3000.0	1300.8239106542972	0.0	0	416.6424698581541	1500.8239106543333	1	0	1	2.2684919894562157
84200.0	3000.0	1300.8239106542994	0.0	0	621.3652152721043	1500.8239106543333	1	0	1	2.2684919894562157
85200.0	3000.0	1300.823910654291	0.0	0	533.7341212085594	1500.8239106543188	1	0	1	2.2684919894562166
86200.0	3000.0	1300.8239106542928	0.0	0	567.632923716621	1500.8239106543188	1	0	1	2.2684919894562166
87200.0	3000.0	1300.8239106542826	0.0	0	611.065591688166	1500.8239106543188	1	0	1	2.2684919894562166
88200.0	3000.0	1300.823910654283	0.0	0	467.2103483469982	1500.8239106543188	1	0	1	2.2684919894562166
89200.0	3000.0	1300.8239106542953	0.0	0	441.2504276486434	1500.8239106543188	1	0	1	2.2684919894562166
90200.0	3000.0	1300.8239106543008	0.0	0	378.81504043652967	1500.8239106543188	1	0	1	2.2684919894562166
91200.0	3000.0	1300.8239106543072	0.0	0	419.20090047523263	1500.8239106543188	1	0	1	2.2684919894562166
92342.83669871381	3000.0	1157.9872119404915	0.0	0	0.0	1500.8239106543188	1	0	1	2.2684919894562166
93228.89350048262	3000.0	1271.9304101716828	0.0	0	0.0	1500.8239106543042	1	0	1	2.268491989456217
94200.0	3000.0	1300.823910654312	0.0	0	331.36511622017133	1500.8239106543042	1	0	1	2.268491989456217
95200.0	3000.0	1300.8239106543126	0.0	0	386.09876141743734	1500.8239106543042	1	0	1	2.268491989456217
96200.0	3000.0	1300.8239106543188	0.0	0	339.1362036547216	1500.8239106543188	1	0	1	2.2684919894562166
97200.0	3000.0	1300.8239106543206	0.0	0	377.82002033267054	1500.8239106543188	1	0	1	2.2684919894562166
98200.0	3000.0	1300.8239106543294	0.0	0	7.267926877262653	1500.8239106543188	1	0	1	2.2684919894562166
99384.3573300303	3000.0	1116.4665806240268	0.0	0	0.0	1500.8239106543188	1	0	1	2.2684919894562166
100287.86603299987	3000.0	1212.9578776544613	0.0	0	0.0	1500.8239106543188	1	0	1	2.2684919894562166
101200.0	3000.0	1300.8239106543408	0.0	0	353.0589527661941	1500.8239106543188	1	0	1	2.2684919894562166
102200.0	3000.0	1300.8239106543535	0.0	0	443.1256969021779	1500.8239106543188	1	0	1	2.2684919894562166
103200.0	3000.0	1300.8239106543451	0.0	0	295.54716547898715	1500.8239106543188	1	0	1	2.2684919894562166
104200.0	3000.0	1300.823910654334	0.0	0	135.80865624113358	1500.8239106543333	1	0	1	2.2684919894562157
105200.0	3000.0	1300.8239106543465	0.0	0	208.41458552760014	1500.8239106543333	1	0	1	2.2684919894562157
106200.0	3000.0	1300.8239106543404	0.0	0	352.1435208775365	1500.8239106543333	1	0	1	2.2684919894562157
107200.0	3000.0	1300.8239106543326	0.0	0	599.6981689660897	1500.8239106543188	1	0	1	2.2684919894562166
108200.0	3000.0	1300.8239106543426	0.0	0	547.1435563199047	1500.8239106543188	1	0	1	2.2684919894562166
109200.0	3000.0	1300.823910654338	0.0	0	267.9238217406237	1500.8239106543333	1	0	1	2.2684919894562157
110706.20552494677	3000.0	794.6183857075704	0.0	0	0.0	1500.8239106543333	1	0	1	2.2684919894562157
111758.94302306755	3000.0	741.8808875867948	0.0	0	0.0	1500.8239106543333	1	0	1	2.2684919894562157
112570.87935313466	3000.0	929.9445575196912	0.0	0	0.0	1500.8239106543479	1	0	1	2.2684919894562148
113200.0	3000.0	1300.823910654351	0.0	0	60.76076968455163	1500.8239106543479	1	0	1	2.2684919894562148
114200.0	3000.0	1300.823910654359	0.0	0	535.5182665253524	1500.8239106543479	1	0	1	2.2684919894562148
115200.0	3000.0	1300.8239106543444	0.0	0	423.5317375635932	1500.8239106543333	1	0	1	2.2684919894562157
116200.0	3000.0	1300.823910654338	0.0	0	551.4639338213456	1500.8239106543333	1	0	1	2.2684919894562157
117200.0	3000.0	1300.823910654353	0.0	0	640.9017819773726	1500.8239106543479	1	0	1	2.2684919894562148
118200.0	3000.0	1300.8239106543474	0.0	0	513.6485936606914	1500.8239106543624	1	0	1	2.2684919894562143
119280.1617997004	3000.0	1220.6621109539392	0.0	0	0.0	1500.8239106543624	1	0	1	2.2684919894562143
120200.0	3000.0	1300.8239106543456	0.0	0	118.77897268395463	1500.8239106543624	1	0	1	2.2684919894562143
121200.0	3000.0	1300.8239106543376	0.0	0	270.95150516249123	1500.8239106543624	1	0	1	2.2684919894562143
122310.59299220136	3000.0	1190.230918452974	0.0	0	0.0	1500.8239106543624	1	0	1	2.2684919894562143
123457.30529901087	3000.0	1043.518611643448	0.0	0	0.0	1500.8239106543624	1	0	1	2.2684919894562143
124493.14731596403	3000.0	1007.6765946902801	0.0	0	0.0	1500.8239106543624	1	0	1	2.2684919894562143
125200.0	3000.0	1300.8239106543026	0.0	0	1.449951470902306	1500.8239106543624	1	0	1	2.2684919894562143
126200.0	3000.0	1300.8239106543	0.0	0	301.87754295938066	1500.8239106543624	1	0	1	2.2684919894562143
127200.0	3000.0	1300.8239106542965	0.0	0	202.43813976256934	1500.8239106543479	1	0	1	2.2684919894562148
128200.0	3000.0	1300.8239106542958	0.0	0	198.31272726455063	1500.8239106543624	1	0	1	2.2684919894562143
129201.58641819576	3000.0	1299.237492458521	0.0	0	0.0	1500.8239106543624	1	0	1	2.2684919894562143
130200.0	3000.0	1300.8239106542746	0.0	0	138.60641614290944	1500.823910654377	1	0	1	2.268491989456214
131200.0	3000.0	1300.8239106542935	0.0	0	565.407518177497	1500.823910654377	1	0	1	2.268491989456214
132200.0	3000.0	1300.8239106542676	0.0	0	552.2049781182723	1500.8239106543479	1	0	1	2.2684919894562148
133200.0	3000.0	1300.8239106542962	0.0	0	158.3966224809119	1500.823910654377	1	0	1	2.268491989456214
134200.0	3000.0	1300.823910654302	0.0	0	56.167181405820884	1500.823910654377	1	0	1	2.268491989456214
135200.0	3000.0	1300.823910654297	0.0	0	409.6765461092582	1500.823910654377	1	0	1	2.268491989456214
136200.0	3000.0	1300.8239106543247	0.0	0	227.75845235970337	1500.823910654377	1	0	1	2.268491989456214
137200.0	3000.0	1300.8239106543283	0.0	0	425.25418209523195	1500.823910654377	1	0	1	2.268491989456214
138200.0	3000.0	1300.823910654298	0.0	0	515.8139945047151	1500.823910654377	1	0	1	2.268491989456214
139200.0	3000.0	1300.8239106542924	0.0	0	373.7789225583838	1500.8239106543479	1	0	1	2.2684919894562148
140200.0	3000.0	1300.8239106542976	0.0	0	305.1661734764348	1500.8239106543479	1	0	1	2.2684919894562148
141200.0	3000.0	1300.8239106542926	0.0	0	429.0414121390786	1500.8239106543479	1	0	1	2.2684919894562148
142200.0	3000.0	1300.8239106542667	0.0	0	210.6521760786709	1500.8239106543188	1	0	1	2.2684919894562166
143200.0	3000.0	1300.8239106542685	0.0	0	322.06539347884245	1500.8239106543188	1	0	1	2.2684919894562166
144200.0	3000.0	1300.8239106542553	0.0	0	200.5496074029943	1500.8239106543188	1	0	1	2.2684919894562166
145200.0	3000.0	1300.8239106542248	0.0	0	56.013692850101506	1500.8239106543188	1	0	1	2.2684919894562166
146200.0	3000.0	1300.8239106542428	0.0	0	347.7563139537233	1500.8239106543188	1	0	1	2.2684919894562166
147200.0	3000.0	1300.823910654247	0.0	0	289.731280499429	1500.8239106543188	1	0	1	2.2684919894562166
148200.0	3000.0	1300.8239106542233	0.0	0	138.09119798138272	1500.8239106543188	1	0	1	2.2684919894562166
149200.0	3000.0	1300.823910654216	0.0	0	294.2150314281462	1500.8239106543188	1	0	1	2.2684919894562166
150200.0	3000.0	1300.8239106542223	0.0	0	227.12357952274033	1500.8239106543188	1	0	1	2.2684919894562166
151200.0	3000.0	1300.8239106542487	0.0	0	263.2044040856417	1500.8239106543188	1	0	1	2.2684919894562166
152200.0	3000.0	1300.8239106542433	0.0	0	349.95030686922837	1500.8239106543188	1	0	1	2.2684919894562166
153200.0	3000.0	1300.8239106542674	0.0	0	258.03495742345694	1500.8239106543188	1	0	1	2.2684919894562166
154200.0	3000.0	1300.8239106542683	0.0	0	166.10697799010086	1500.8239106543188	1	0	1	2.2684919894562166
155200.0	3000.0	1300.8239106543026	0.0	0	103.97223161178408	1500.8239106543188	1	0	1	2.2684919894562166
156200.0	3000.0	1300.823910654341	0.0	0	370.6342246788263	1500.8239106543188	1	0	1	2.2684919894562166
157200.0	3000.0	1300.82391065434	0.0	0	538.7056751773343	1500.8239106543188	1	0	1	2.2684919894562166
158200.0	3000.0	1300.8239106543413	0.0	0	342.92425701598404	1500.8239106542896	1	0	1	2.268491989456218
159200.0	3000.0	1300.8239106543688	0.0	0	151.41623061260907	1500.8239106542896	1	0	1	2.268491989456218
160200.0	3000.0	1300.8239106543424	0.0	0	270.998822635127	1500.8239106542896	1	0	1	2.268491989456218
161200.0	3000.0	1300.8239106543103	0.0	0	438.30452745305956	1500.8239106542896	1	0	1	2.268491989456218
162200.0	3000.0	1300.8239106543185	0.0	0	494.71981019806117	1500.8239106542896	1	0	1	2.268491989456218
163200.0	3000.0	1300.8239106543338	0.0	0	307.46629953043885	1500.8239106542896	1	0	1	2.268491989456218
164200.0	3000.0	1300.8239106543588	0.0	0	493.4360217018111	1500.8239106542896	1	0	1	2.268491989456218
165200.0	3000.0	1300.8239106543308	0.0	0	609.8681117276428	1500.8239106542896	1	0	1	2.268491989456218
166200.0	3000.0	1300.823910654319	0.0	0	618.2253737609426	1500.8239106542605	1	0	1	2.2684919894562188
167200.0	3000.0	1300.823910654362	0.0	0	536.1727812510508	1500.8239106542896	1	0	1	2.268491989456218
168200.0	3000.0	1300.823910654362	0.0	0	310.4825996468717	1500.8239106542896	1	0	1	2.268491989456218
169200.0	3000.0	1300.8239106543606	0.0	0	309.90811440729885	1500.8239106542896	1	0	1	2.268491989456218
170200.0	3000.0	1300.8239106543567	0.0	0	256.0962199635687	1500.8239106542896	1	0	1	2.268491989456218
171200.0	3000.0	1300.823910654351	0.0	0	304.74468939649523	1500.8239106542896	1	0	1	2.268491989456218
172200.0	3000.0	1300.8239106543306	0.0	0	230.2127551222511	1500.8239106542605	1	0	1	2.2684919894562188
173200.0	3000.0	1300.8239106543488	0.0	0	14.543790426192572	1500.8239106542605	1	0	1	2.2684919894562188
174859.70869604062	3000.0	641.115214613728	0.0	0	0.0	1500.8239106542605	1	0	1	2.2684919894562188
176105.0218241193	3000.0	461.6390839564227	65.83699742138236	0	0.0	1566.6609080756025	1	0	1	1.8705119329468904
177168.83837704986	3000.0	448.20218457258846	50.37965354672977	0	0.0	1617.0405616223288	1	0	1	1.960860423285978
178001.6340948414	3000.0	615.4064667810743	0.0	0	0.0	1617.040561622358	1	0	1	2.2631383445663555
178916.65121518858	3000.0	700.3893464339118	0.0	0	0.0	1617.040561622358	1	0	1	2.2631383445663555
179900.38214556448	3000.0	716.6584160580218	0.0	0	0.0	1617.040561622387	1	0	1	2.2631383445663538
180585.39321462027	3000.0	1031.6473470022283	0.0	0	0.0	1617.040561622387	1	0	1	2.2631383445663538
181601.12932944583	3000.0	1015.9112321766855	0.0	0	0.0	1617.0405616224161	1	0	1	2.2631383445663533
182264.36881650225	3000.0	1352.6717451202808	0.0	0	0.0	1617.0405616224161	1	0	1	2.2631383445663524
183222.52400300693	3000.0	1394.516558615597	0.0	0	0.0	1617.0405616224161	1	0	1	2.2631383445663524
184200.0	3000.0	1417.040561622528	0.0	0	228.0335178183741	1617.0405616224452	1	0	1	2.263138344566351
185200.0	3000.0	1417.0405616225282	0.0	0	150.2340280257922	1617.0405616224743	1	0	1	2.2631383445663498
186201.94374739952	3000.0	1415.0968142230172	0.0	0	0.0	1617.0405616224743	1	0	1	2.2631383445663498
187200.0	3000.0	1417.0405616225464	0.0	0	176.90888605010696	1617.0405616224743	1	0	1	2.2631383445663498
188200.0	3000.0	1417.0405616225546	0.0	0	433.5226554716355	1617.0405616225034	1	0	1	2.2631383445663484
189200.0	3000.0	1417.0405616225519	0.0	0	459.8000048886461	1617.0405616224743	1	0	1	2.2631383445663498
190200.0	3000.0	1417.040561622549	0.0	0	258.77393909401144	1617.0405616224743	1	0	1	2.2631383445663498
191203.7906232585	3000.0	1413.2499383640331	0.0	0	0.0	1617.0405616224743	1	0	1	2.2631383445663498
192200.0	3000.0	1417.0405616225605	0.0	0	266.18889057746856	1617.0405616225034	1	0	1	2.2631383445663484
193200.0	3000.0	1417.0405616225455	0.0	0	259.3441231723409	1617.0405616224743	1	0	1	2.2631383445663498
194200.0	3000.0	1417.0405616225169	0.0	0	261.5190523879428	1617.0405616224743	1	0	1	2.2631383445663498
195200.86149941658	3000.0	1416.1790622059284	0.0	0	0.0	1617.0405616224743	1	0	1	2.2631383445663498
196683.2402858111	3000.0	933.8002758113917	0.0	0	0.0	1617.0405616224743	1	0	1	2.263138344566349
197410.3440583794	3000.0	1206.6965032430712	0.0	0	0.0	1617.0405616224743	1	0	1	2.2631383445663498
198200.0	3000.0	1417.0405616225062	0.0	0	114.40401429994381	1617.0405616225034	1	0	1	2.2631383445663484
199200.0	3000.0	1417.0405616224946	0.0	0	349.7488435700361	1617.0405616224743	1	0	1	2.2631383445663498
200200.0	3000.0	1417.0405616224523	0.0	0	299.1067718970007	1617.0405616224743	1	0	1	2.2631383445663498
201373.07703392603	3000.0	1243.9635276963959	0.0	0	0.0	1617.0405616224743	1	0	1	2.2631383445663498
202200.0	3000.0	1417.0405616224373	0.0	0	178.97373776166933	1617.0405616224743	1	0	1	2.2631383445663498
203200.0	3000.0	1417.0405616224525	0.0	0	394.5841375606542	1617.0405616225034	1	0	1	2.2631383445663484
204200.0	3000.0	1417.0405616224452	0.0	0	537.5491358544677	1617.0405616225034	1	0	1	2.2631383445663484
205200.0	3000.0	1417.0405616224346	0.0	0	615.728252150846	1617.0405616225034	1	0	1	2.2631383445663484
206200.0	3000.0	1417.0405616224589	0.0	0	505.96232019382296	1617.0405616225034	1	0	1	2.2631383445663484
207200.0	3000.0	1417.0405616224573	0.0	0	267.01324846432544	1617.0405616225034	1	0	1	2.2631383445663484
208200.0	3000.0	1417.0405616224846	0.0	0	375.57179348691716	1617.0405616225326	1	0	1	2.263138344566347
209200.0	3000.0	1417.04056162249	0.0	0	143.11734659285867	1617.0405616225617	1	0	1	2.2631383445663458
210200.0	3000.0	1417.0405616224689	0.0	0	170.70722283812938	1617.0405616225617	1	0	1	2.2631383445663458
211200.0	3000.0	1417.0405616224673	0.0	0	545.9655904286483	1617.0405616225617	1	0	1	2.2631383445663458
212200.0	3000.0	1417.0405616224602	0.0	0	313.0394742631761	1617.0405616225326	1	0	1	2.263138344566347
213200.0	3000.0	1417.0405616224473	0.0	0	286.3922914311697	1617.0405616225326	1	0	1	2.263138344566347
214391.34668493256	3000.0	1225.6938766898747	0.0	0	0.0	1617.0405616225617	1	0	1	2.2631383445663458
215200.0	3000.0	1417.0405616224402	0.0	0	260.3439359286858	1617.0405616225617	1	0	1	2.2631383445663458
216348.01445031533	3000.0	1269.026111307139	0.0	0	0.0	1617.0405616225908	1	0	1	2.263138344566344
217200.0	3000.0	1417.0405616224346	0.0	0	30.95120349165518	1617.0405616225908	1	0	1	2.263138344566344
218200.0	3000.0	1417.0405616224332	0.0	0	548.4543612431444	1617.0405616225908	1	0	1	2.263138344566344
219200.0	3000.0	1417.040561622417	0.0	0	464.20220382141997	1617.0405616225908	1	0	1	2.263138344566344
220200.0	3000.0	1417.0405616224389	0.0	0	406.63293242713553	1617.0405616225617	1	0	1	2.2631383445663458
221200.0	3000.0	1417.0405616224298	0.0	0	176.66387756934273	1617.0405616225908	1	0	1	2.263138344566344
222200.0	3000.0	1417.040561622432	0.0	0	192.89969891752116	1617.0405616226199	1	0	1	2.2631383445663427
223200.0	3000.0	1417.0405616224439	0.0	0	458.9501256583317	1617.0405616226199	1	0	1	2.2631383445663427
224200.0	3000.0	1417.040561622452	0.0	0	37.30185046870611	1617.040561622649	1	0	1	2.2631383445663413
225200.0	3000.0	1417.0405616224182	0.0	0	209.83450349292252	1617.040561622678	1	0	1	2.2631383445663396
226200.0	3000.0	1417.0405616224184	0.0	0	382.3486234986631	1617.0405616227072	1	0	1	2.2631383445663382
227200.0	3000.0	1417.0405616224164	0.0	0	72.46087878243998	1617.0405616227072	1	0	1	2.2631383445663382
228378.58129361304	3000.0	1238.459268009379	0.0	0	0.0	1617.0405616227363	1	0	1	2.263138344566337
229331.02094958135	3000.0	1286.0196120410417	0.0	0	0.0	1617.0405616227072	1	0	1	2.2631383445663382
230200.0	3000.0	1417.0405616223677	0.0	0	7.309498317568796	1617.0405616227072	1	0	1	2.2631383445663382
231200.0	3000.0	1417.0405616223586	0.0	0	332.0655247795512	1617.0405616227072	1	0	1	2.2631383445663382
232200.0	3000.0	1417.0405616223861	0.0	0	323.4762277873233	1617.0405616227072	1	0	1	2.2631383445663382
233200.0	3000.0	1417.040561622403	0.0	0	621.812100642419	1617.0405616227072	1	0	1	2.2631383445663382
234200.0	3000.0	1417.0405616224034	0.0	0	571.1611338286602	1617.0405616227072	1	0	1	2.2631383445663382
235200.0	3000.0	1417.0405616224352	0.0	0	680.9610428497836	1617.040561622678	1	0	1	2.2631383445663396
236200.0	3000.0	1417.0405616224618	0.0	0	343.82248746423284	1617.040561622678	1	0	1	2.2631383445663396
237200.0	3000.0	1417.0405616224878	0.0	0	544.2982618598908	1617.040561622678	1	0	1	2.2631383445663396
238200.0	3000.0	1417.0405616224568	0.0	0	340.4318038155034	1617.0405616227072	1	0	1	2.2631383445663382
239200.0	3000.0	1417.040561622436	0.0	0	307.8141728991759	1617.0405616227363	1	0	1	2.263138344566337
240200.0	3000.0	1417.0405616224766	0.0	0	249.77115987081197	1617.0405616227363	1	0	1	2.263138344566337
241296.8652182867	3000.0	1320.1753433357992	0.0	0	0.0	1617.0405616227363	1	0	1	2.263138344566337
242200.0	3000.0	1417.0405616224698	0.0	0	257.38316532445606	1617.0405616227363	1	0	1	2.263138344566337
243200.0	3000.0	1417.040561622492	0.0	0	214.33352330641355	1617.0405616227363	1	0	1	2.263138344566337
244200.0	3000.0	1417.0405616224969	0.0	0	170.60605534014758	1617.0405616227363	1	0	1	2.263138344566337
245200.0	3000.0	1417.0405616225232	0.0	0	501.16196163962013	1617.0405616227363	1	0	1	2.263138344566337
246200.0	3000.0	1417.04056162254	0.0	0	353.4491108726943	1617.0405616227654	1	0	1	2.2631383445663356
247200.0	3000.0	1417.0405616225596	0.0	0	175.02625883347355	1617.0405616227654	1	0	1	2.2631383445663356
248245.79003205468	3000.0	1371.2505295678632	0.0	0	0.0	1617.0405616227654	1	0	1	2.2631383445663356
249200.0	3000.0	1417.0405616225398	0.0	0	238.84203201081255	1617.0405616227654	1	0	1	2.2631383445663356
250200.0	3000.0	1417.040561622546	0.0	0	165.67240891768597	1617.0405616227654	1	0	1	2.2631383445663356
251200.0	3000.0	1417.0405616225169	0.0	0	359.9361314000271	1617.0405616227654	1	0	1	2.2631383445663356
252200.0	3000.0	1417.0405616224987	0.0	0	251.8880722137692	1617.0405616227654	1	0	1	2.2631383445663356
253200.0	3000.0	1417.0405616224857	0.0	0	526.3228356387408	1617.0405616227654	1	0	1	2.2631383445663356
254200.0	3000.0	1417.0405616224823	0.0	0	300.91350010741735	1617.0405616227363	1	0	1	2.263138344566337
255200.0	3000.0	1417.0405616224834	0.0	0	265.82861894596135	1617.0405616227363	1	0	1	2.263138344566337
256200.0	3000.0	1417.0405616224375	0.0	0	605.6074842686066	1617.0405616227072	1	0	1	2.2631383445663382
257200.0	3000.0	1417.0405616224173	0.0	0	432.84810602938524	1617.0405616227072	1	0	1	2.2631383445663382
258200.0	3000.0	1417.0405616223934	0.0	0	63.738698008994106	1617.0405616227072	1	0	1	2.2631383445663382
259835.2234788461	3000.0	781.8170827762937	0.0	0	0.0	1617.040561622678	1	0	1	2.263138344566339
260593.7096949839	3000.0	1023.3308666384837	0.0	0	0.0	1617.040561622678	1	0	1	2.2631383445663396
261420.55796433118	3000.0	1196.4825972911622	0.0	0	0.0	1617.040561622678	1	0	1	2.2631383445663396
262200.0	3000.0	1417.0405616223659	0.0	0	354.8309528941463	1617.040561622678	1	0	1	2.2631383445663396
263200.0	3000.0	1417.0405616223904	0.0	0	236.1845522171352	1617.0405616227072	1	0	1	2.263138344566339
264200.0	3000.0	1417.040561622318	0.0	0	576.3366349811549	1617.0405616227072	1	0	1	2.2631383445663382
265200.0	3000.0	1417.0405616223547	0.0	0	632.4169122619205	1617.0405616227654	1	0	1	2.263138344566336
266200.0	3000.0	1417.0405616223466	0.0	0	744.0805978933931	1617.0405616227654	1	0	1	2.2631383445663356
267200.0	3000.0	1417.0405616223184	0.0	0	440.0852421466843	1617.0405616227654	1	0	1	2.263138344566335
268200.0	3000.0	1417.0405616223684	0.0	0	345.5985786547535	1617.0405616228236	1	0	1	2.263138344566333
269200.0	3000.0	1417.0405616223966	0.0	0	393.72103401937056	1617.0405616228236	1	0	1	2.263138344566333
270200.0	3000.0	1417.040561622371	0.0	0	387.09782017586986	1617.0405616228236	1	0	1	2.263138344566333
271261.70475849096	3000.0	1355.3358031314172	0.0	0	0.0	1617.0405616228236	1	0	1	2.263138344566333
272456.1487948741	3000.0	1160.8917667482551	0.0	0	0.0	1617.0405616228236	1	0	1	2.2631383445663307
273608.16788169125	3000.0	1008.8726799310796	0.0	0	0.0	1617.0405616228236	1	0	1	2.263138344566333
274499.8555430003	3000.0	1117.1850186220045	0.0	0	0.0	1617.0405616227654	1	0	1	2.2631383445663356
275358.36508366757	3000.0	1258.6754779547393	0.0	0	0.0	1617.0405616227654	1	0	1	2.2631383445663356
276200.0	3000.0	1417.0405616222997	0.0	0	147.1166211181553	1617.0405616227654	1	0	1	2.2631383445663356
277223.4173298985	3000.0	1393.6232317237582	0.0	0	0.0	1617.0405616227654	1	0	1	2.2631383445663356
278200.0	3000.0	1417.0405616222658	0.0	0	232.7532186518656	1617.0405616228236	1	0	1	2.263138344566333
279200.0	3000.0	1417.0405616222554	0.0	0	115.43713636050234	1617.0405616227654	1	0	1	2.2631383445663356
280200.0	3000.0	1417.0405616222704	0.0	0	615.0219687495846	1617.0405616227654	1	0	1	2.2631383445663356
281200.0	3000.0	1417.0405616222874	0.0	0	424.19923495611874	1617.0405616227654	1	0	1	2.2631383445663356
282200.0	3000.0	1417.0405616222592	0.0	0	119.13896432775073	1617.0405616227654	1	0	1	2.2631383445663356
283200.0	3000.0	1417.0405616222488	0.0	0	281.35672726057237	1617.0405616227654	1	0	1	2.2631383445663356
284200.0	3000.0	1417.0405616222638	0.0	0	240.6738414647989	1617.0405616228236	1	0	1	2.263138344566333
285200.0	3000.0	1417.0405616222492	0.0	0	475.14078233385226	1617.0405616228236	1	0	1	2.263138344566333
286200.0	3000.0	1417.0405616222438	0.0	0	283.7518843949074	1617.0405616228236	1	0	1	2.263138344566333
287200.0	3000.0	1417.0405616222658	0.0	0	476.63588080211775	1617.0405616228236	1	0	1	2.263138344566333
288200.0	3000.0	1417.0405616222465	0.0	0	425.3089528364944	1617.0405616228236	1	0	1	2.263138344566333
289200.0	3000.0	1417.0405616222256	0.0	0	544.9614027704229	1617.0405616228818	1	0	1	2.26313834456633
290200.0	3000.0	1417.0405616222556	0.0	0	423.07623896742007	1617.0405616228818	1	0	1	2.26313834456633
291200.0	3000.0	1417.0405616223197	0.0	0	373.83380862144986	1617.0405616228818	1	0	1	2.26313834456633
292200.0	3000.0	1417.0405616223907	0.0	0	345.2877664149855	1617.0405616228818	1	0	1	2.26313834456633
293200.0	3000.0	1417.0405616224043	0.0	0	450.21017754269997	1617.04056162294	1	0	1	2.263138344566327
294200.0	3000.0	1417.0405616223802	0.0	0	53.31303714442765	1617.04056162294	1	0	1	2.263138344566327
295200.0	3000.0	1417.0405616223882	0.0	0	381.0034377829288	1617.04056162294	1	0	1	2.263138344566327
296200.0	3000.0	1417.0405616224173	0.0	0	270.3306910567335	1617.0405616229982	1	0	1	2.263138344566324
297200.0	3000.0	1417.0405616223832	0.0	0	415.0985440398217	1617.0405616229982	1	0	1	2.263138344566324
298200.0	3000.0	1417.0405616224152	0.0	0	145.9043673745473	1617.0405616229982	1	0	1	2.263138344566324
299200.0	3000.0	1417.0405616223854	0.0	0	195.87129083334003	1617.0405616229982	1	0	1	2.263138344566324
300200.0	3000.0	1417.040561622452	0.0	0	506.9147872803733	1617.04056162294	1	0	1	2.263138344566327
3.57	5.71	8.21	4.76	4.62	6.09	6.37	8.32	5.03	5.71	7.48	6.14	7.21	3.58	3.65	3.34	3.59	4.44	2.92	1.38	2.28	3.43	3.34	3.87	3.61	4.47	3.71	4.9	3.99	3.42	4.41	4.16	3.64	6.04	6.41	5.28	3.7	4.25	4.81	4.51	3.46	2.25	3.92	5.29	3.45	4.18	3.32	4.3	5.83	7.98	8.03	7.66	4.15	4.34	4.33	4.97	6.01	4.46	2.95	3.36	4.19	3.23	4.83	5.75	5.62	4.18	3.85	4.97	6.39	3.25	3.93	3.82	3.94	2.58	3.38	4.07	4.12	6.45	8.86	8.07	8.04	5.21	5.43	5.75	4.12	4.34	3.23	3.92	4.38	5.09	6.56	4.51	3.44	3.47	4.21	4.34	4.78	5.87	4.55	5.46	5.76	7.21	6.5	2.39	2.31	2.86	4.47	6.55	5.24	6.73	9.23	10.5	4.69	3.19	5.24	5.87	2.92	2.97	3.41	4.03	3.95	3.26	3.97	3.61	5.06	7.41	6.33	2.46	3.66	5.75	4.22	4.66	6.52	4.8645	5.0805	4.9945	4.5145	4.6825	4.3745	4.2045	4.5965	4.4985	4.6005	4.7005	5.0225	5.0365	4.6825	4.7085	4.6885	5.04	3.57	5.71	8.21	4.76	4.62	6.09	6.37	8.32	5.03	5.71	7.48	6.14	7.21	3.58	3.65	3.34	3.59	4.44	2.92	1.38	2.28	3.43	3.34	3.87	3.61	4.47	3.71	4.9	3.99	3.42	4.41	4.16	3.64	6.04	6.41	5.28	3.7	4.25	4.81	4.51	3.46	2.25	3.92	5.29	3.45	4.18	3.32	4.3	5.83	7.98	8.03	7.66	4.15	4.34	4.33	4.97	6.01	4.46	2.95	3.36	4.19	3.23	4.83	5.75	5.62	4.18	3.85	4.97	6.39	3.25	3.93	3.82	3.94	2.58	3.38	4.07	4.12	6.45	8.86	8.07	8.04	5.21	5.43	5.75	4.12	4.34	3.23	3.92	4.38	5.09	6.56	4.51	3.44	3.47	4.21	4.34	4.78	5.87	4.55	5.46	5.76	7.21	6.5	2.39	2.31	2.86	4.47	6.55	5.24	6.73	9.23	10.5	4.69	3.19	5.24	5.87	2.92	2.97	3.41	4.03	3.95	3.26	3.97	3.61	5.06	7.41	6.33	2.46	3.66	5.75	4.22	4.66	6.52	4.8645	5.0805	4.9945	4.5145	4.6825	4.3745	4.2045	4.5965	4.4985	4.6005	4.7005	5.0225	5.0365	4.6825	4.7085
1.0	2.0	3.0	4.0	5.0	6.0	7.0	8.0	9.0	10.0	11.0	12.0	13.0	14.0	15.0	16.0	17.0	18.0	19.0	20.0	21.0	22.0	23.0	24.0	25.0	26.0	27.0	28.0	29.0	30.0	31.0	32.0	33.0	34.0	35.0	36.0	37.0	38.0	39.0	40.0	41.0	42.0	43.0	44.0	45.0	46.0	47.0	48.0	49.0	50.0	51.0	52.0	53.0	54.0	55.0	56.0	57.0	58.0	59.0	60.0	61.0	62.0	63.0	64.0	65.0	66.0	67.0	68.0	69.0	70.0	71.0	72.0	73.0	74.0	75.0	76.0	77.0	78.0	79.0	80.0	81.0	82.0	83.0	84.0	85.0	86.0	87.0	88.0	89.0	90.0	91.0	92.0	93.0	94.0	95.0	96.0	97.0	98.0	99.0	100.0	101.0	102.0	103.0	104.0	105.0	106.0	107.0	108.0	109.0	110.0	111.0	112.0	113.0	114.0	115.0	116.0	117.0	118.0	119.0	120.0	121.0	122.0	123.0	124.0	125.0	126.0	127.0	128.0	129.0	130.0	131.0	132.0	133.0	134.0	135.0	136.0	137.0	138.0	139.0	140.0	141.0	142.0	143.0	144.0	145.0	146.0	147.0	148.0	149.0	149.0	150.0	151.0	152.0	153.0	154.0	155.0	156.0	157.0	158.0	159.0	160.0	161.0	162.0	163.0	164.0	165.0	166.0	167.0	168.0	169.0	170.0	171.0	172.0	173.0	174.0	175.0	176.0	177.0	178.0	179.0	180.0	181.0	182.0	183.0	184.0	185.0	186.0	187.0	188.0	189.0	190.0	191.0	192.0	193.0	194.0	195.0	196.0	197.0	198.0	199.0	200.0	201.0	202.0	203.0	204.0	205.0	206.0	207.0	208.0	209.0	210.0	211.0	212.0	213.0	214.0	215.0	216.0	217.0	218.0	219.0	220.0	221.0	222.0	223.0	224.0	225.0	226.0	227.0	228.0	229.0	230.0	231.0	232.0	233.0	234.0	235.0	236.0	237.0	238.0	239.0	240.0	241.0	242.0	243.0	244.0	245.0	246.0	247.0	248.0	249.0	250.0	251.0	252.0	253.0	254.0	255.0	256.0	257.0	258.0	259.0	260.0	261.0	262.0	263.0	264.0	265.0	266.0	267.0	268.0	269.0	270.0	271.0	272.0	273.0	274.0	275.0	276.0	277.0	278.0	279.0	280.0	281.0	282.0	283.0	284.0	285.0	286.0	287.0	288.0	289.0	290.0	291.0	292.0	293.0	294.0	295.0	296.0	297.0
5412.42330092069
