5532.862442688692	300.0	2000.0	123.52247052470727	0	0.0	5532.862442688692	1	0	1	-2.250201989215718
5926.854625595095	1000.0	2566.6085988029567	0.0	0	0.0	5493.463224398052	1	0	2	-1.9025857584723727
6120.744044074511	500.0	3353.330238475597	0.0	0	0.0	5474.074282550109	1	0	2	-1.8621981950515543
6400.254060418033	500.0	4045.8692204977224	0.0	0	0.0	5446.123280915756	1	0	2	-1.1451148111970948
6704.706136112844	500.0	4710.971937233432	0.0	0	0.0	5415.6780733462765	1	0	2	-1.117319062444381
7200.0	500.0	5166.148686957563	0.0	0	241.37638460768903	5366.148686957563	1	0	2	-1.0875965143325825
8200.0	500.0	5066.148686957565	0.0	0	840.7908928481193	5266.148686957562	1	0	2	-1.0121099744021163
9200.0	1000.0	4966.148686957563	0.0	0	351.482000700822	5166.14868695756	1	0	2	-0.922954708260929
10200.0	1000.0	4866.148686957567	0.0	0	508.3335183985582	5066.148686957566	1	0	2	-0.14665291422474686
11200.0	2000.0	4766.1486869575665	0.0	0	102.5763576316167	4966.148686957565	1	0	2	-0.05898949963667774
12200.0	2000.0	4666.148686957564	0.0	0	127.54108362426814	4866.148686957562	1	0	2	0.7095498474098058
13200.0	2000.0	4566.148686957566	0.0	0	201.86286595501406	4766.148686957562	1	0	2	0.7809038504977281
14466.401768207492	2000.0	4173.106741929325	0.0	0	0.0	4639.508510136811	1	0	2	0.8691787726545817
15514.165827727786	2000.0	4020.566276457001	0.0	0	0.0	4534.732104184779	1	0	2	0.9419391492960121
16593.437504212998	2000.0	3833.3674323232704	0.0	0	0.0	4426.80493653626	1	0	2	1.0043474045576837
17262.275976919784	2000.0	4097.645112345806	0.0	0	0.0	4359.921089265583	1	0	2	1.0485107449656903
18555.38768126965	2000.0	3675.222237560954	0.0	0	0.0	4230.609918830594	1	0	2	1.107968404808159
19546.94131921201	2000.0	3584.5132358243586	0.0	0	0.0	4131.454555036356	1	0	2	1.1612674094759907
20330.954567449364	2000.0	3722.0986627632683	0.0	0	0.0	4053.053230212621	1	0	2	1.1984299408591224
21231.370646660253	2000.0	3731.6409756312887	0.0	0	0.0	3963.0116222915312	1	0	2	1.236005329128806
22335.149103240918	2000.0	3517.484673392557	0.0	0	0.0	3852.6337766334655	1	0	2	1.2780394235650894
23369.534700763932	2000.0	3379.6605161172397	0.0	0	0.0	3749.195216881162	1	0	2	1.31582274106907
25005.280551134194	2000.0	2580.3400807099533	0.0	0	0.0	3585.62063184414	1	0	2	1.3597494685925229
26097.366293418287	2000.0	2379.045764197448	0.0	0	0.0	3476.4120576157256	1	0	2	1.40328801032041
26870.303483331787	2000.0	2528.814855292595	0.0	0	0.0	3399.1183386243683	1	0	2	1.4254652606147151
28225.473630412853	2000.0	2038.127693503422	0.0	0	0.0	3263.6013239162603	1	0	2	1.4539185248756767
28688.81795774912	1000.0	2528.4489334335262	0.0	0	0.0	3217.266891182633	1	0	2	0.08526017986525461
29200.0	1000.0	2966.148686957558	0.0	0	67.18629333201898	3166.1486869575456	1	0	2	0.7883783628711261
30200.0	1000.0	2866.148686957561	0.0	0	381.3739603017384	3066.1486869575456	1	0	2	0.8043394335349576
31200.0	1000.0	2766.14868695756	0.0	0	400.52185261249906	2966.148686957542	1	0	2	0.8234021009291241
32200.0	1000.0	2666.148686957561	0.0	0	487.1523778937735	2866.148686957542	1	0	2	0.8405367233471027
33200.0	1000.0	2566.1486869575556	0.0	0	428.48978694200196	2766.1486869575383	1	0	2	0.8564323130394809
34200.0	1000.0	2466.1486869575588	0.0	0	354.77283392943355	2666.1486869575383	1	0	2	0.8710218269147723
35200.0	1000.0	2366.148686957565	0.0	0	368.6178791630082	2566.1486869575383	1	0	2	0.8841289709847764
36200.0	1000.0	2266.1486869575633	0.0	0	460.2968019409964	2466.148686957531	1	0	2	0.8960823522258028
37200.0	1000.0	2166.1486869575597	0.0	0	519.2456543867665	2366.148686957531	1	0	2	0.9069001747644542
38200.0	1000.0	2066.1486869575656	0.0	0	518.1706847847527	2266.1486869575383	1	0	2	0.9168003230877012
39200.0	1000.0	1966.1486869575692	0.0	0	668.1673391666482	2166.1486869575383	1	0	2	0.9257773421020841
40200.0	1000.0	1866.1486869575792	0.0	0	575.9097200445467	2066.148686957553	1	0	2	0.9340035023683202
41200.0	1000.0	1766.148686957586	0.0	0	631.8076785137455	1966.1486869575601	1	0	2	0.9414553554293917
42200.0	1000.0	1666.1486869575845	0.0	0	634.1885406330694	1866.1486869575529	1	0	2	0.9482366650343569
43200.0	1000.0	1566.1486869575726	0.0	0	591.1006527048594	1766.148686957531	1	0	2	0.9543951846279284
44200.0	1000.0	1466.1486869575706	0.0	0	390.13329724656796	1666.1486869575238	1	0	2	0.960063499974538
45251.85427939595	2000.0	1309.1089796220267	0.0	0	0.0	1560.9632590179244	1	0	2	0.9659494371617465
46573.20623138801	2000.0	855.6218324307636	0.0	0	0.0	1428.8280638187207	1	0	2	1.6646206591155381
47444.79657838891	2000.0	896.8724507297696	0.0	0	0.0	1341.6690291186242	1	0	2	1.6686562247338304
48279.67115225948	2000.0	1061.9978768591982	0.0	0	0.0	1341.669029118617	1	0	1	1.669437651810668
49314.084717791986	2000.0	1027.5843113266874	0.0	0	0.0	1341.669029118617	1	0	1	1.8694376518106681
50200.0	2000.0	1141.6690291186717	0.0	0	213.88953334361577	1341.6690291186242	1	0	1	1.869437651810668
51406.59835451934	2000.0	935.0706745993319	0.0	0	0.0	1341.6690291186242	1	0	1	1.869437651810668
52328.447116167175	2000.0	1013.2219129514943	0.0	0	0.0	1341.6690291186242	1	0	1	1.869437651810668
53313.98671209291	2000.0	1027.6823170257537	0.0	0	0.0	1341.6690291186242	1	0	1	1.869437651810668
54200.0	1000.0	1141.6690291186694	0.0	0	347.3685169716264	1341.6690291186242	1	0	1	0.48314329069077755
55200.0	2000.0	1141.6690291186694	0.0	0	274.14877781792893	1341.6690291186242	1	0	1	1.1762904712507227
56338.81250626943	2000.0	1002.856522849235	0.0	0	0.0	1341.6690291186242	1	0	1	1.869437651810668
57200.0	2000.0	1141.6690291186696	0.0	0	38.35990768850024	1341.6690291186242	1	0	1	1.869437651810668
58391.115521432876	2000.0	950.5535076857942	0.0	0	0.0	1341.6690291186242	1	0	1	1.869437651810668
59260.00488634603	1000.0	1081.6641427726418	0.0	0	0.0	1341.6690291186242	1	0	1	0.48314329069077755
60200.0	1000.0	1141.6690291186765	0.0	0	327.2822498063688	1341.6690291186242	1	0	1	1.1762904712507227
61200.0	1000.0	1141.669029118677	0.0	0	562.4082979647355	1341.6690291186314	1	0	1	1.1762904712507225
62200.0	1000.0	1141.669029118681	0.0	0	268.26695398584707	1341.6690291186314	1	0	1	1.1762904712507225
63200.0	1000.0	1141.6690291186844	0.0	0	490.03991547402984	1341.6690291186314	1	0	1	1.1762904712507225
64200.0	1000.0	1141.6690291186826	0.0	0	214.32450705709198	1341.6690291186314	1	0	1	1.1762904712507225
65200.0	1000.0	1141.669029118681	0.0	0	402.5360651641604	1341.6690291186314	1	0	1	1.1762904712507225
66200.0	1000.0	1141.6690291186756	0.0	0	386.73357972162194	1341.6690291186314	1	0	1	1.1762904712507225
67315.75321912378	1000.0	1025.9158099949072	0.0	0	0.0	1341.6690291186387	1	0	1	1.1762904712507223
68200.0	1000.0	1141.6690291186815	0.0	0	433.56066990699037	1341.6690291186242	1	0	1	1.1762904712507227
69200.0	1000.0	1141.6690291186947	0.0	0	587.6181279787706	1341.6690291186387	1	0	1	1.1762904712507223
70200.0	1000.0	1141.6690291186862	0.0	0	622.0832006321143	1341.6690291186387	1	0	1	1.1762904712507223
71200.0	1000.0	1141.6690291186899	0.0	0	490.30912943369185	1341.6690291186387	1	0	1	1.1762904712507223
72200.0	1000.0	1141.6690291186912	0.0	0	665.0547867741116	1341.6690291186387	1	0	1	1.1762904712507223
73200.0	1000.0	1141.6690291186833	0.0	0	651.6034162936994	1341.6690291186387	1	0	1	1.1762904712507223
74200.0	1000.0	1141.669029118676	0.0	0	246.39808005897794	1341.6690291186387	1	0	1	1.1762904712507223
75200.0	1000.0	1141.6690291186742	0.0	0	214.4672219400818	1341.6690291186387	1	0	1	1.1762904712507223
76200.0	1000.0	1141.6690291186615	0.0	0	447.0477594680997	1341.6690291186387	1	0	1	1.1762904712507223
77200.0	1000.0	1141.6690291186458	0.0	0	379.3552075251064	1341.6690291186387	1	0	1	1.1762904712507223
78200.0	2000.0	1141.6690291186437	0.0	0	54.902495421338244	1341.6690291186387	1	0	1	1.176290471250722
79200.0	2000.0	1141.6690291186346	0.0	0	358.1148983293824	1341.6690291186387	1	0	1	1.8694376518106672
80200.0	2000.0	1141.6690291186328	0.0	0	40.14632349979365	1341.6690291186387	1	0	1	1.8694376518106672
81200.0	1000.0	1141.6690291186321	0.0	0	508.0883030598052	1341.6690291186387	1	0	1	0.483143290690777
82200.0	1000.0	1141.669029118637	0.0	0	605.4491883671144	1341.6690291186387	1	0	1	1.1762904712507223
83200.0	1000.0	1141.6690291186535	0.0	0	468.66523994973977	1341.6690291186387	1	0	1	1.1762904712507223
84200.0	1000.0	1141.6690291186462	0.0	0	640.3494769389508	1341.6690291186387	1	0	1	1.1762904712507223
85200.0	1000.0	1141.6690291186424	0.0	0	470.6329811116593	1341.6690291186387	1	0	1	1.1762904712507223
86200.0	2000.0	1141.669029118639	0.0	0	175.5093582085101	1341.6690291186387	1	0	1	1.176290471250722
87200.0	2000.0	1141.669029118644	0.0	0	151.88536138122436	1341.6690291186387	1	0	1	1.8694376518106672
88413.4435903428	2000.0	928.2254387758629	0.0	0	0.0	1341.6690291186387	1	0	1	1.8694376518106672
89674.7560212878	2000.0	666.9130078308679	0.0	0	0.0	1341.6690291186387	1	0	1	1.8694376518106672
90450.64669658015	2000.0	891.0223325385155	0.0	0	0.0	1341.6690291186242	1	0	1	1.869437651810668
91200.0	2000.0	1141.669029118683	0.0	0	80.98613641831616	1341.6690291186242	1	0	1	1.869437651810668
92200.0	2000.0	1141.6690291186967	0.0	0	349.32862167668645	1341.6690291186242	1	0	1	1.869437651810668
93368.03469148712	2000.0	973.6343376315648	0.0	0	0.0	1341.6690291186242	1	0	1	1.869437651810668
94332.32984545316	2000.0	1009.3391836655112	0.0	0	0.0	1341.6690291186242	1	0	1	1.869437651810668
95245.90920853791	2000.0	1095.7598205807644	0.0	0	0.0	1341.6690291186242	1	0	1	1.869437651810668
97288.60747829525	2000.0	200.0	146.93844917656185	0	0.0	1488.6074782952492	1	0	1	0.9861610359224251
99078.99303126297	2000.0	200.0	790.3855529677153	0	0.0	2278.993031262973	1	0	1	-2.9147516838487615
99718.22587316528	1000.0	732.4790791528164	171.71192105513148	0	0.0	2450.704952318105	1	0	1	-0.6213222683624489
100300.60824111657	1000.0	1150.0967112015296	0.0	0	0.0	2450.704952318105	1	0	1	1.1020964385282852
100668.95734275383	1000.0	1781.7476095642803	0.0	0	0.0	2450.704952318105	1	0	1	1.1020964385282852
101236.3432797844	2000.0	2214.3616725337097	0.0	0	0.0	2450.7049523180904	1	0	1	1.1020964385282865
102395.8693158897	2000.0	2054.835636428427	0.0	0	0.0	2450.7049523180904	1	0	1	1.7952436190882317
103200.0	1000.0	2250.7049523181217	0.0	0	302.7068145233934	2450.7049523180904	1	0	1	0.4089492579683415
104200.0	1000.0	2250.7049523181217	0.0	0	447.7943170682265	2450.7049523180904	1	0	1	1.1020964385282865
105200.0	1000.0	2250.7049523181367	0.0	0	514.2705066929921	2450.7049523180904	1	0	1	1.1020964385282865
106200.0	1000.0	2250.704952318136	0.0	0	534.2420859652921	2450.7049523180904	1	0	1	1.1020964385282865
107200.0	1000.0	2250.7049523181427	0.0	0	465.59400448236556	2450.704952318076	1	0	1	1.1020964385282883
108200.0	2000.0	2250.7049523181404	0.0	0	239.19900737388525	2450.704952318076	1	0	1	1.1020964385282883
109200.0	2000.0	2250.7049523181245	0.0	0	615.982631937135	2450.704952318076	1	0	1	1.7952436190882335
110200.0	2000.0	2250.7049523181186	0.0	0	461.37375405983767	2450.704952318076	1	0	1	1.7952436190882335
111200.0	2000.0	2250.7049523181295	0.0	0	195.54854340810562	2450.704952318076	1	0	1	1.7952436190882335
112200.0	2000.0	2250.70495231814	0.0	0	442.8629324190115	2450.7049523180904	1	0	1	1.7952436190882317
113200.0	2000.0	2250.7049523181436	0.0	0	45.01522491496871	2450.704952318076	1	0	1	1.7952436190882335
114200.0	2000.0	2250.704952318148	0.0	0	270.91068088880274	2450.7049523180904	1	0	1	1.7952436190882317
115200.0	2000.0	2250.7049523181568	0.0	0	371.4278838658356	2450.7049523180904	1	0	1	1.7952436190882317
116200.0	2000.0	2250.704952318164	0.0	0	134.97758065446396	2450.7049523180904	1	0	1	1.7952436190882317
117200.0	2000.0	2250.7049523181427	0.0	0	143.95506231917534	2450.7049523180904	1	0	1	1.7952436190882317
118435.79867552574	2000.0	2014.906276792397	0.0	0	0.0	2450.7049523180904	1	0	1	1.7952436190882317
119210.65655199	2000.0	2240.0484003281417	0.0	0	0.0	2450.7049523180904	1	0	1	1.7952436190882317
120200.0	2000.0	2250.704952318131	0.0	0	231.98970311073936	2450.7049523180904	1	0	1	1.7952436190882317
121200.0	2000.0	2250.7049523181304	0.0	0	353.5369408258557	2450.704952318105	1	0	1	1.7952436190882302
122200.0	2000.0	2250.704952318133	0.0	0	561.9241885819793	2450.7049523181195	1	0	1	1.7952436190882288
123200.0	2000.0	2250.704952318129	0.0	0	693.3023731267022	2450.7049523181195	1	0	1	1.7952436190882288
124596.66316144598	2000.0	1854.0417908721479	0.0	0	0.0	2450.7049523181195	1	0	1	1.7952436190882288
125200.0	2000.0	2250.704952318143	0.0	0	30.710579749196768	2450.7049523181195	1	0	1	1.7952436190882288
126200.0	2000.0	2250.704952318136	0.0	0	336.83868970962067	2450.704952318105	1	0	1	1.7952436190882302
127200.0	2000.0	2250.7049523181195	0.0	0	192.65837910484697	2450.704952318105	1	0	1	1.7952436190882302
128200.0	2000.0	2250.7049523181363	0.0	0	1.169936730308109	2450.7049523181195	1	0	1	1.7952436190882288
129200.0	2000.0	2250.704952318129	0.0	0	176.37029987318965	2450.704952318105	1	0	1	1.7952436190882302
130200.0	2000.0	2250.7049523181317	0.0	0	175.342955759319	2450.7049523180904	1	0	1	1.7952436190882317
131434.64685453387	2000.0	2016.0580977842687	0.0	0	0.0	2450.704952318105	1	0	1	1.7952436190882304
132405.7343405437	2000.0	2044.970611774399	0.0	0	0.0	2450.704952318076	1	0	1	1.7952436190882328
133298.0665393535	2000.0	2152.6384129646394	0.0	0	0.0	2450.704952318105	1	0	1	1.7952436190882315
134420.32556351402	2000.0	2030.3793888041278	0.0	0	0.0	2450.704952318163	1	0	1	1.7952436190882264
135461.05401788122	2000.0	1989.6509344368844	0.0	0	0.0	2450.704952318163	1	0	1	1.795243619088224
136200.0	2000.0	2250.704952318113	0.0	0	146.63960987859173	2450.704952318163	1	0	1	1.795243619088224
137200.0	2000.0	2250.7049523181145	0.0	0	148.8894818224071	2450.704952318163	1	0	1	1.795243619088224
138412.8840782444	2000.0	2037.8208740737575	0.0	0	0.0	2450.704952318163	1	0	1	1.795243619088224
139252.73736916715	2000.0	2197.967583150977	0.0	0	0.0	2450.704952318163	1	0	1	1.795243619088224
140250.30517711758	2000.0	2200.3997752005653	0.0	0	0.0	2450.704952318192	1	0	1	1.7952436190882206
141200.0	2000.0	2250.704952318155	0.0	0	26.290664860600373	2450.704952318192	1	0	1	1.7952436190882206
142272.9816238134	2000.0	2177.72332850473	0.0	0	0.0	2450.704952318192	1	0	1	1.7952436190882206
143475.23477044998	2000.0	1975.4701818681472	0.0	0	0.0	2450.704952318192	1	0	1	1.7952436190882206
144395.24461901092	2000.0	2055.4603333072246	0.0	0	0.0	2450.704952318192	1	0	1	1.7952436190882206
145200.0	2000.0	2250.704952318123	0.0	0	127.52914120061905	2450.704952318163	1	0	1	1.795243619088224
146214.45507560374	2000.0	2236.2498767143975	0.0	0	0.0	2450.704952318163	1	0	1	1.795243619088224
147200.0	2000.0	2250.704952318129	0.0	0	9.08845185226528	2450.704952318163	1	0	1	1.795243619088224
148200.0	2000.0	2250.7049523181336	0.0	0	77.08586910823942	2450.704952318163	1	0	1	1.795243619088224
149480.7596697358	2000.0	1969.945282582342	0.0	0	0.0	2450.704952318192	1	0	1	1.7952436190882206
150464.73585358792	2000.0	1985.9690987302292	0.0	0	0.0	2450.704952318192	1	0	1	1.7952436190882206
151200.0	2000.0	2250.704952318171	0.0	0	23.1318758118432	2450.7049523182213	1	0	1	1.7952436190882177
152200.0	2000.0	2250.704952318177	0.0	0	171.39369231447927	2450.7049523182213	1	0	1	1.7952436190882177
153214.9454469633	2000.0	2235.7595053548675	0.0	0	0.0	2450.7049523182213	1	0	1	1.7952436190882177
154200.0	2000.0	2250.704952318193	0.0	0	146.10597640508786	2450.7049523182213	1	0	1	1.7952436190882177
155200.0	2000.0	2250.704952318185	0.0	0	150.3712951199268	2450.704952318192	1	0	1	1.7952436190882206
156200.0	2000.0	2250.704952318154	0.0	0	290.9464749995095	2450.704952318163	1	0	1	1.795243619088224
157200.0	2000.0	2250.7049523181745	0.0	0	236.04119279637234	2450.704952318192	1	0	1	1.7952436190882206
158407.6275908026	2000.0	2043.0773615155829	0.0	0	0.0	2450.704952318192	1	0	1	1.7952436190882206
159408.91262547893	2000.0	2041.7923268392417	0.0	0	0.0	2450.704952318192	1	0	1	1.7952436190882206
160258.14119378923	2000.0	2192.5637585289496	0.0	0	0.0	2450.704952318192	1	0	1	1.7952436190882206
161200.0	2000.0	2250.7049523181367	0.0	0	59.96415432920912	2450.704952318163	1	0	1	1.795243619088224
162200.0	2000.0	2250.704952318128	0.0	0	43.462987912411336	2450.704952318134	1	0	1	1.795243619088227
163614.1664143503	2000.0	1836.5385379678269	0.0	0	0.0	2450.704952318134	1	0	1	1.795243619088227
164462.2436615806	2000.0	1988.461290737515	0.0	0	0.0	2450.704952318163	1	0	1	1.795243619088224
165200.0	2000.0	2250.7049523181336	0.0	0	57.83381629025098	2450.704952318163	1	0	1	1.795243619088224
166231.4072390696	2000.0	2219.2977132485103	0.0	0	0.0	2450.704952318163	1	0	1	1.795243619088224
167222.04504050288	2000.0	2228.659911815207	0.0	0	0.0	2450.704952318163	1	0	1	1.795243619088224
168200.0	2000.0	2250.7049523181086	0.0	0	145.92921213043155	2450.704952318163	1	0	1	1.795243619088224
169200.0	2000.0	2250.704952318105	0.0	0	260.195281320659	2450.704952318134	1	0	1	1.795243619088227
170200.0	2000.0	2250.7049523180885	0.0	0	1.8906938754371367	2450.704952318134	1	0	1	1.795243619088227
171630.43061453354	2000.0	1820.274337784555	0.0	0	0.0	2450.704952318134	1	0	1	1.795243619088227
172440.06834893939	2000.0	2010.6366033787492	0.0	0	0.0	2450.704952318134	1	0	1	1.795243619088227
173200.0	2000.0	2250.7049523181317	0.0	0	36.190579981106566	2450.704952318134	1	0	1	1.795243619088227
174814.3153448172	2000.0	1636.3896075009166	0.0	0	0.0	2450.704952318163	1	0	1	1.795243619088224
175990.14342536626	2000.0	1460.5615269518744	0.0	0	0.0	2450.704952318134	1	0	1	1.795243619088227
177040.22297286443	2000.0	1410.4819794537218	0.0	0	0.0	2450.704952318163	1	0	1	1.795243619088224
177688.94664189935	1000.0	1761.7583104188284	0.0	0	0.0	2450.704952318192	1	0	1	0.40894925796833037
178200.0	1000.0	2250.704952318163	0.0	0	42.32416347047547	2450.704952318192	1	0	1	1.1020964385282754
179200.0	1000.0	2250.704952318178	0.0	0	379.9763326141983	2450.704952318192	1	0	1	1.1020964385282754
180200.0	1000.0	2250.704952318167	0.0	0	571.0756693040021	2450.704952318192	1	0	1	1.1020964385282754
181200.0	1000.0	2250.7049523181818	0.0	0	335.93640935703297	2450.704952318192	1	0	1	1.1020964385282754
182200.0	1000.0	2250.7049523181786	0.0	0	132.94999780895887	2450.704952318192	1	0	1	1.1020964385282754
183200.0	1000.0	2250.704952318169	0.0	0	306.61116393411066	2450.704952318192	1	0	1	1.1020964385282754
184200.0	1000.0	2250.7049523181727	0.0	0	305.25719555237447	2450.704952318192	1	0	1	1.1020964385282754
185200.0	1000.0	2250.704952318162	0.0	0	354.73985277549946	2450.704952318192	1	0	1	1.1020964385282754
186200.0	1000.0	2250.704952318169	0.0	0	502.3747107096133	2450.704952318192	1	0	1	1.1020964385282754
187200.0	1000.0	2250.7049523181954	0.0	0	439.72415012842976	2450.704952318192	1	0	1	1.1020964385282754
188200.0	1000.0	2250.7049523182204	0.0	0	593.2896018297761	2450.7049523182213	1	0	1	1.1020964385282725
189200.0	1000.0	2250.704952318243	0.0	0	577.2464116775955	2450.7049523182213	1	0	1	1.1020964385282725
190200.0	1000.0	2250.704952318272	0.0	0	668.2324141951976	2450.7049523182213	1	0	1	1.1020964385282725
191200.0	1000.0	2250.704952318266	0.0	0	741.7027125151071	2450.7049523182213	1	0	1	1.1020964385282725
192200.0	1000.0	2250.7049523182586	0.0	0	639.3319837455638	2450.704952318192	1	0	1	1.1020964385282754
193302.94585260816	2000.0	2147.759099710077	0.0	0	0.0	2450.7049523182213	1	0	1	1.1020964385282723
194263.70403888685	2000.0	2187.000913431416	0.0	0	0.0	2450.7049523182504	1	0	1	1.7952436190882142
195743.818188159	2000.0	1706.8867641592644	0.0	0	0.0	2450.7049523182213	1	0	1	1.7952436190882164
196795.44929622856	2000.0	1655.2556560897337	0.0	0	0.0	2450.7049523182504	1	0	1	1.7952436190882142
197739.41868624892	2000.0	1711.286266069381	0.0	0	0.0	2450.7049523182504	1	0	1	1.7952436190882142
198831.82523701413	2000.0	1618.8797153041744	0.0	0	0.0	2450.7049523182795	1	0	1	1.7952436190882113
199558.729234666	2000.0	1891.9757176523199	0.0	0	0.0	2450.7049523183086	1	0	1	1.7952436190882093
200934.96885798944	2000.0	1515.7360943288804	0.0	0	0.0	2450.7049523183377	1	0	1	1.7952436190882048
202276.59361214394	2000.0	1174.1113401743926	0.0	0	0.0	2450.7049523183377	1	0	1	1.7952436190882048
203174.39234239017	2000.0	1276.312609928198	0.0	0	0.0	2450.7049523183377	1	0	1	1.7952436190882048
203961.21217107674	2000.0	1489.492781241628	0.0	0	0.0	2450.7049523183377	1	0	1	1.7952436190882048
204672.88681996032	2000.0	1777.8181323580784	0.0	0	0.0	2450.704952318367	1	0	1	1.7952436190882017
206056.57993062687	2000.0	1394.1250216915184	0.0	0	0.0	2450.704952318367	1	0	1	1.7952436190882017
207108.46873327796	2000.0	1342.2362190404097	0.0	0	0.0	2450.704952318367	1	0	1	1.7952436190882017
208550.64954426733	2000.0	900.0554080510664	0.0	0	0.0	2450.7049523183377	1	0	1	1.7952436190882048
209541.19579280977	2000.0	909.5091595086083	0.0	0	0.0	2450.7049523183377	1	0	1	1.7952436190882048
210166.13797316427	1000.0	1284.5669791541372	0.0	0	0.0	2450.7049523183377	1	0	1	0.40894925796831455
210799.61141975527	1000.0	1651.0935325631322	0.0	0	0.0	2450.7049523183377	1	0	1	1.1020964385282597
211497.38456362375	1000.0	1953.3203886946299	0.0	0	0.0	2450.7049523183377	1	0	1	1.1020964385282597
212200.0	1000.0	2250.704952318377	0.0	0	152.41611289521097	2450.7049523183377	1	0	1	1.1020964385282597
213200.0	1000.0	2250.7049523183723	0.0	0	108.25297491101082	2450.7049523183377	1	0	1	1.1020964385282597
214200.0	1000.0	2250.7049523183505	0.0	0	411.41817052595434	2450.7049523183377	1	0	1	1.1020964385282597
215200.0	1000.0	2250.704952318328	0.0	0	290.44180062317173	2450.7049523183377	1	0	1	1.1020964385282597
216200.0	1000.0	2250.704952318303	0.0	0	18.34181644176715	2450.7049523183377	1	0	1	1.1020964385282597
217200.0	1000.0	2250.704952318298	0.0	0	590.0722722094506	2450.7049523183377	1	0	1	1.1020964385282597
218200.0	1000.0	2250.704952318267	0.0	0	592.3099130280316	2450.7049523183086	1	0	1	1.102096438528263
219200.0	1000.0	2250.704952318287	0.0	0	652.2397799917962	2450.7049523183377	1	0	1	1.1020964385282597
220200.0	1000.0	2250.7049523182727	0.0	0	700.517891801428	2450.7049523183377	1	0	1	1.1020964385282597
221200.0	1000.0	2250.70495231828	0.0	0	569.3530052176793	2450.7049523183086	1	0	1	1.102096438528263
222200.0	1000.0	2250.7049523182764	0.0	0	585.4998428780818	2450.7049523183086	1	0	1	1.102096438528263
223200.0	1000.0	2250.704952318286	0.0	0	383.6497766795219	2450.7049523183086	1	0	1	1.102096438528263
224200.0	1000.0	2250.70495231827	0.0	0	173.85334851033986	2450.7049523182795	1	0	1	1.102096438528266
225200.0	1000.0	2250.7049523182695	0.0	0	189.3038518637768	2450.7049523182795	1	0	1	1.102096438528266
226200.0	1000.0	2250.7049523183005	0.0	0	480.5662925442739	2450.7049523182504	1	0	1	1.1020964385282692
227200.0	2000.0	2250.70495231831	0.0	0	72.50040525503573	2450.7049523182504	1	0	1	1.1020964385282692
228200.0	2000.0	2250.7049523183114	0.0	0	62.32902357890271	2450.7049523182213	1	0	1	1.7952436190882177
229200.0	2000.0	2250.70495231832	0.0	0	194.23015647620196	2450.7049523182504	1	0	1	1.7952436190882142
230200.0	1000.0	2250.704952318293	0.0	0	485.2202925145393	2450.7049523182504	1	0	1	0.40894925796832404
231200.0	1000.0	2250.7049523182714	0.0	0	393.78870539710624	2450.7049523182213	1	0	1	1.1020964385282725
232200.0	1000.0	2250.7049523183136	0.0	0	458.0477002990665	2450.7049523182213	1	0	1	1.1020964385282725
233200.0	1000.0	2250.7049523183036	0.0	0	432.8477450038772	2450.7049523182213	1	0	1	1.1020964385282725
234200.0	2000.0	2250.704952318272	0.0	0	89.00727498548804	2450.704952318192	1	0	1	1.1020964385282754
235200.0	2000.0	2250.7049523182664	0.0	0	130.79832261169213	2450.704952318192	1	0	1	1.7952436190882206
236200.0	2000.0	2250.7049523183005	0.0	0	272.81618134852033	2450.704952318192	1	0	1	1.7952436190882206
237200.0	2000.0	2250.7049523182873	0.0	0	280.12506041061715	2450.704952318163	1	0	1	1.795243619088224
238200.0	2000.0	2250.70495231831	0.0	0	88.8600732468185	2450.704952318163	1	0	1	1.795243619088224
239243.77431067333	2000.0	2206.9306416449963	0.0	0	0.0	2450.704952318134	1	0	1	1.795243619088227
240200.0	2000.0	2250.7049523182977	0.0	0	213.00793130867532	2450.704952318134	1	0	1	1.795243619088227
241200.0	2000.0	2250.7049523183177	0.0	0	331.53511922078906	2450.704952318134	1	0	1	1.795243619088227
242200.0	2000.0	2250.7049523182945	0.0	0	30.433053974818904	2450.704952318163	1	0	1	1.795243619088224
243495.33462581315	2000.0	1955.3703265051552	0.0	0	0.0	2450.704952318163	1	0	1	1.795243619088224
244210.68659307732	2000.0	2240.018359240982	0.0	0	0.0	2450.704952318134	1	0	1	1.795243619088227
246328.27157636033	2000.0	1122.4333759579772	0.0	0	0.0	2450.704952318163	1	0	1	1.7952436190882264
247592.90282082843	2000.0	857.8021314898915	0.0	0	0.0	2450.704952318163	1	0	1	1.795243619088224
248281.93137890386	1000.0	1168.7735734144817	0.0	0	0.0	2450.704952318163	1	0	1	0.4089492579683336
248791.6381021959	1000.0	1659.066850122454	0.0	0	0.0	2450.704952318163	1	0	1	1.1020964385282788
249238.77142669918	1000.0	2211.9335256191534	0.0	0	0.0	2450.704952318163	1	0	1	1.1020964385282788
250200.0	1000.0	2250.7049523183146	0.0	0	563.9957381822751	2450.704952318163	1	0	1	1.1020964385282788
251200.0	1000.0	2250.7049523183214	0.0	0	348.757031937188	2450.704952318163	1	0	1	1.1020964385282788
252200.0	1000.0	2250.7049523182877	0.0	0	527.1805179986113	2450.704952318163	1	0	1	1.1020964385282788
253200.0	1000.0	2250.70495231829	0.0	0	220.8983553754515	2450.704952318134	1	0	1	1.1020964385282819
254200.0	1000.0	2250.70495231829	0.0	0	536.3990881522768	2450.704952318134	1	0	1	1.1020964385282819
255200.0	1000.0	2250.704952318271	0.0	0	469.8865205941256	2450.704952318134	1	0	1	1.1020964385282819
256200.0	1000.0	2250.704952318264	0.0	0	611.5311911743484	2450.704952318134	1	0	1	1.1020964385282819
257200.0	1000.0	2250.704952318262	0.0	0	590.0157029458205	2450.704952318134	1	0	1	1.1020964385282819
258200.0	2000.0	2250.704952318247	0.0	0	452.63183496543206	2450.704952318134	1	0	1	1.1020964385282819
259200.0	2000.0	2250.704952318221	0.0	0	370.0659628362919	2450.704952318105	1	0	1	1.7952436190882302
260200.0	2000.0	2250.704952318205	0.0	0	371.7620840968739	2450.704952318105	1	0	1	1.7952436190882302
261200.0	2000.0	2250.7049523182013	0.0	0	245.25921788380947	2450.704952318105	1	0	1	1.7952436190882302
262341.96569740254	2000.0	2108.739254915653	0.0	0	0.0	2450.704952318076	1	0	1	1.7952436190882328
263200.0	2000.0	2250.704952318134	0.0	0	44.96299265639391	2450.7049523180176	1	0	1	1.7952436190882377
264200.0	2000.0	2250.7049523180926	0.0	0	258.4805032857694	2450.7049523179885	1	0	1	1.7952436190882435
265200.0	2000.0	2250.7049523180567	0.0	0	294.17752271262	2450.7049523179885	1	0	1	1.7952436190882421
266200.0	2000.0	2250.7049523181045	0.0	0	431.3664686155389	2450.7049523179885	1	0	1	1.7952436190882428
267200.0	2000.0	2250.704952318174	0.0	0	183.04218752955785	2450.7049523179885	1	0	1	1.7952436190882428
268200.0	2000.0	2250.704952318151	0.0	0	68.45107349852333	2450.7049523179885	1	0	1	1.7952436190882428
269308.4804031821	2000.0	2142.2245491360964	0.0	0	0.0	2450.7049523180467	1	0	1	1.7952436190882364
270200.0	2000.0	2250.7049523182322	0.0	0	418.54436582530616	2450.7049523180467	1	0	1	1.7952436190882364
271200.0	2000.0	2250.704952318258	0.0	0	629.4628844485269	2450.7049523179885	1	0	1	1.7952436190882428
272200.0	2000.0	2250.7049523182254	0.0	0	548.2645211679046	2450.7049523179885	1	0	1	1.7952436190882428
273515.7165555416	2000.0	1934.9883967766295	0.0	0	0.0	2450.7049523179885	1	0	1	1.7952436190882428
274200.0	2000.0	2250.7049523182604	0.0	0	115.03016250749351	2450.7049523180467	1	0	1	1.7952436190882364
275200.0	2000.0	2250.704952318256	0.0	0	259.66551884642104	2450.704952318105	1	0	1	1.7952436190882302
276200.0	2000.0	2250.7049523182027	0.0	0	234.14523847366218	2450.704952318105	1	0	1	1.7952436190882302
277308.75837813615	2000.0	2141.946574182114	0.0	0	0.0	2450.704952318105	1	0	1	1.7952436190882302
278200.0	2000.0	2250.7049523182573	0.0	0	75.28806900221389	2450.704952318105	1	0	1	1.7952436190882302
279323.65005927987	2000.0	2127.054893038421	0.0	0	0.0	2450.704952318105	1	0	1	1.7952436190882302
280228.9836907227	2000.0	2221.7212615955705	0.0	0	0.0	2450.704952318105	1	0	1	1.7952436190882302
281200.0	2000.0	2250.704952318299	0.0	0	195.2785450295778	2450.704952318163	1	0	1	1.795243619088224
282200.0	2000.0	2250.7049523183637	0.0	0	12.307989139168058	2450.704952318163	1	0	1	1.795243619088224
283200.0	2000.0	2250.7049523183146	0.0	0	252.3083423616481	2450.704952318163	1	0	1	1.795243619088224
284200.0	2000.0	2250.7049523182964	0.0	0	14.897098629095126	2450.704952318105	1	0	1	1.7952436190882302
285200.0	2000.0	2250.704952318249	0.0	0	53.54739539179718	2450.7049523180467	1	0	1	1.7952436190882364
286333.61824003636	2000.0	2117.08671228188	0.0	0	0.0	2450.7049523180467	1	0	1	1.7952436190882364
287471.6504690802	2000.0	1979.0544832381	0.0	0	0.0	2450.704952318105	1	0	1	1.7952436190882342
288509.8690617436	2000.0	1940.8358905747232	0.0	0	0.0	2450.704952318105	1	0	1	1.7952436190882302
289510.4755961287	2000.0	1940.229356189614	0.0	0	0.0	2450.7049523180467	1	0	1	1.7952436190882364
290388.8982605724	2000.0	2061.8066917458355	0.0	0	0.0	2450.7049523179885	1	0	1	1.7952436190882428
291361.8230422037	2000.0	2088.881910114548	0.0	0	0.0	2450.704952318105	1	0	1	1.7952436190882353
292200.0	2000.0	2250.70495231827	0.0	0	22.74761138908798	2450.704952318105	1	0	1	1.7952436190882302
293200.0	2000.0	2250.7049523182027	0.0	0	55.07351547817234	2450.704952318105	1	0	1	1.7952436190882302
294200.0	2000.0	2250.7049523182645	0.0	0	141.8614193086396	2450.704952318105	1	0	1	1.7952436190882302
295200.0	2000.0	2250.7049523182322	0.0	0	268.2914147054544	2450.704952318105	1	0	1	1.7952436190882302
296260.09424796625	2000.0	2190.6107043519087	0.0	0	0.0	2450.704952318163	1	0	1	1.795243619088224
297293.6017004498	2000.0	2157.1032518683787	0.0	0	0.0	2450.704952318163	1	0	1	1.795243619088224
298470.2135603265	2000.0	1980.4913919917442	0.0	0	0.0	2450.704952318105	1	0	1	1.7952436190882266
299313.9133965861	2000.0	2136.7915557321658	0.0	0	0.0	2450.704952318105	1	0	1	1.7952436190882302
300200.0	2000.0	2250.7049523182545	0.0	0	16.7333963951678	2450.704952318163	1	0	1	1.795243619088224
2.75	2.4	2.91	1.54	2.41	2.59	2.63	2.15	1.63	2.15	2.63	2.54	1.71	1.8	2.5	2.43	1.84	2.21	2.17	0.8999999999999999	2.25	2.2	1.58	1.8	1.81	2.28	1.53	1.54	1.61	1.84	1.62	1.66	1.77	2.66	2.31	2.87	3.65	2.92	1.84	2.46	1.67	1.95	2.41	1.85	2.73	1.63	2.22	1.68	2.49	2.73	2.0	1.88	1.84	1.49	1.66	2.11	1.54	2.44	1.2	1.55	1.75	0.96	2.33	2.65	3.88	2.79	2.56	2.54	1.6	1.37	1.49	2.2	2.65	2.88	2.12	2.22	2.36	2.24	2.41	1.92	2.47	2.68	2.15	2.09	1.9523255813953488	2.912325581395349	3.8723255813953488	2.2283255813953486	1.664325581395349	2.576325581395349	1.2443255813953489	1.1483255813953488	1.676325581395349	1.1363255813953488	2.3483255813953487	3.2363255813953486	1.700325581395349	1.8563255813953488	1.5203255813953487	2.432325581395349	2.120325581395349	2.468325581395349	3.428325581395349	4.748325581395348	3.176325581395349	2.912325581395349	2.984325581395349	1.8563255813953488	2.7923255813953487	3.596325581395349	3.008325581395349	2.744325581395349	1.9283255813953488	2.0363255813953485	2.2163255813953486	3.596325581395349	5.252325581395349	5.5283255813953485	1.388325581395349	3.428325581395349	3.008325581395349	2.432325581395349	2.444325581395349	2.5643255813953485	2.3603255813953488	2.1083255813953485	2.096325581395349	1.88	2.43	2.37	2.86	1.97	2.18	2.28	1.84	2.57	1.81	1.87	1.99	2.88	2.05	1.89	2.06	1.97	2.59	2.95	2.19	2.33	2.49	1.89	2.75	2.4	2.91	1.54	2.41	2.59	2.63	2.15	1.63	2.15	2.63	2.54	1.71	1.8	2.5	2.43	1.84	2.21	2.17	0.8999999999999999	2.25	2.2	1.58	1.8	1.81	2.28	1.53	1.54	1.61	1.84	1.62	1.66	1.77	2.66	2.31	2.87	3.65	2.92	1.84	2.46	1.67	1.95	2.41	1.85	2.73	1.63	2.22	1.68	2.49	2.73	2.0	1.88	1.84	1.49	1.66	2.11	1.54	2.44	1.2	1.55	1.75	0.96	2.33	2.65	3.88	2.79	2.56	2.54	1.6	1.37	1.49	2.2	2.65	2.88	2.12	2.22	2.36	2.24	2.41	1.92	2.47	2.68	2.15	2.09	1.9523255813953488	2.912325581395349	3.8723255813953488	2.2283255813953486	1.664325581395349	2.576325581395349	1.2443255813953489	1.1483255813953488	1.676325581395349	1.1363255813953488	2.3483255813953487	3.2363255813953486	1.700325581395349	1.8563255813953488	1.5203255813953487	2.432325581395349	2.120325581395349	2.468325581395349	3.428325581395349	4.748325581395348	3.176325581395349	2.912325581395349	2.984325581395349	1.8563255813953488	2.7923255813953487	3.596325581395349	3.008325581395349	2.744325581395349	1.9283255813953488	2.0363255813953485	2.2163255813953486	3.596325581395349	5.252325581395349	5.5283255813953485	1.388325581395349	3.428325581395349	3.008325581395349	2.432325581395349	2.444325581395349	2.5643255813953485	2.3603255813953488	2.1083255813953485	2.096325581395349	1.88	2.43	2.37	2.86	1.97	2.18	2.28	1.84	2.57	1.81	1.87	1.99	2.88	2.05	1.89	2.06	1.97	2.59	2.95	2.19	2.33	2.49	1.89
1.0	2.0	3.0	4.0	5.0	6.0	7.0	8.0	9.0	10.0	11.0	12.0	13.0	14.0	15.0	16.0	17.0	18.0	19.0	20.0	21.0	22.0	23.0	24.0	25.0	26.0	27.0	28.0	29.0	30.0	31.0	32.0	33.0	34.0	35.0	36.0	37.0	38.0	39.0	40.0	41.0	42.0	43.0	44.0	45.0	46.0	47.0	48.0	49.0	50.0	51.0	52.0	53.0	54.0	55.0	56.0	57.0	58.0	59.0	60.0	61.0	62.0	63.0	64.0	65.0	66.0	67.0	68.0	69.0	70.0	71.0	72.0	73.0	74.0	75.0	76.0	77.0	78.0	79.0	80.0	81.0	82.0	83.0	84.0	85.0	86.0	87.0	88.0	89.0	90.0	91.0	92.0	93.0	94.0	95.0	96.0	97.0	98.0	99.0	100.0	101.0	102.0	103.0	104.0	105.0	106.0	107.0	108.0	109.0	110.0	111.0	112.0	113.0	114.0	115.0	116.0	117.0	118.0	119.0	120.0	121.0	122.0	123.0	124.0	125.0	126.0	127.0	128.0	129.0	130.0	131.0	132.0	133.0	134.0	135.0	136.0	137.0	138.0	139.0	140.0	141.0	142.0	143.0	144.0	145.0	146.0	147.0	148.0	149.0	149.0	150.0	151.0	152.0	153.0	154.0	155.0	156.0	157.0	158.0	159.0	160.0	161.0	162.0	163.0	164.0	165.0	166.0	167.0	168.0	169.0	170.0	171.0	172.0	173.0	174.0	175.0	176.0	177.0	178.0	179.0	180.0	181.0	182.0	183.0	184.0	185.0	186.0	187.0	188.0	189.0	190.0	191.0	192.0	193.0	194.0	195.0	196.0	197.0	198.0	199.0	200.0	201.0	202.0	203.0	204.0	205.0	206.0	207.0	208.0	209.0	210.0	211.0	212.0	213.0	214.0	215.0	216.0	217.0	218.0	219.0	220.0	221.0	222.0	223.0	224.0	225.0	226.0	227.0	228.0	229.0	230.0	231.0	232.0	233.0	234.0	235.0	236.0	237.0	238.0	239.0	240.0	241.0	242.0	243.0	244.0	245.0	246.0	247.0	248.0	249.0	250.0	251.0	252.0	253.0	254.0	255.0	256.0	257.0	258.0	259.0	260.0	261.0	262.0	263.0	264.0	265.0	266.0	267.0	268.0	269.0	270.0	271.0	272.0	273.0	274.0	275.0	276.0	277.0	278.0	279.0	280.0	281.0	282.0	283.0	284.0	285.0	286.0	287.0	288.0	289.0	290.0	291.0	292.0	293.0	294.0	295.0	296.0	297.0	298.0	298.0
5274.048139478332
