5692.183152278315	500.0	2000.0	568.3281005439084	0	0.0	5692.183152278315	1	0	tensor(3)	-3.7103862360082447
6703.826438586025	1000.0	1988.3567136922911	0.0	0	0.0	5692.183152278317	1	0	tensor(3)	0.5435937107011273
7643.263626961721	1000.0	2048.919525316594	0.0	0	0.0	5692.183152278315	1	0	tensor(3)	1.2367408912610727
8469.636315731865	1000.0	2222.5468365464512	0.0	0	0.0	5692.183152278316	1	0	tensor(3)	1.2367408912610727
9444.487284946912	1000.0	2247.6958673314016	0.0	0	0.0	5692.183152278314	1	0	tensor(3)	1.2367408912610727
10661.051987494948	1000.0	2031.1311647833645	0.0	0	0.0	5692.183152278313	1	0	tensor(3)	1.2367408912610727
11720.485302934183	1000.0	1971.697849344131	0.0	0	0.0	5692.183152278315	1	0	tensor(3)	1.2367408912610727
12951.948413963917	1000.0	1740.2347383143979	0.0	0	0.0	5692.183152278316	1	0	tensor(3)	1.2367408912610727
13890.383861646727	1000.0	1801.7992906315874	0.0	0	0.0	5692.183152278316	1	0	tensor(3)	1.2367408912610727
14754.763727152456	1000.0	1937.4194251258577	0.0	0	0.0	5692.183152278316	1	0	tensor(3)	1.2367408912610727
16087.465397520198	1000.0	1604.7177547581177	0.0	0	0.0	5692.183152278318	1	0	tensor(3)	1.2367408912610727
16962.82824330757	1000.0	1729.3549089707446	0.0	0	0.0	5692.183152278316	1	0	tensor(3)	1.2367408912610725
17946.944674259823	1000.0	1745.238478018486	0.0	0	0.0	5692.183152278309	1	0	tensor(3)	1.2367408912610731
18757.857110396195	1000.0	1934.3260418821176	0.0	0	0.0	5692.18315227831	1	0	tensor(3)	1.2367408912610733
19822.01869080943	1000.0	1870.1644614688857	0.0	0	0.0	5692.183152278314	1	0	tensor(3)	1.236740891261073
20967.222588591936	1000.0	1724.9605636863791	0.0	0	0.0	5692.183152278312	1	0	tensor(3)	1.2367408912610731
22388.17843846961	1000.0	1304.0047138087057	0.0	0	0.0	5692.183152278314	1	0	tensor(3)	1.236740891261073
24094.57032601528	1000.0	597.6128262630325	0.0	0	0.0	5692.183152278314	1	0	tensor(3)	1.2367408912610727
25268.508305032417	1000.0	488.5930157570989	64.91816851120586	0	0.0	5757.101320789519	1	0	tensor(3)	0.8407400633427171
26269.507194275193	1000.0	518.5998093172086	31.005682802886895	0	0.0	5788.107003592406	1	0	tensor(3)	1.0411144093123423
27193.73115750288	1000.0	594.3758460895252	0.0	0	0.0	5788.107003592406	1	0	tensor(3)	1.2271485061296636
27996.301312159834	1000.0	791.8056914325683	0.0	0	0.0	5788.107003592406	1	0	tensor(3)	1.2271485061296636
29740.59581693901	1000.0	200.0	152.48881334660587	0	0.0	5940.595816939014	1	0	tensor(3)	0.30603609832354295
30656.244583296066	500.0	538.1066020758291	253.75536843288697	0	0.0	6194.351185371903	1	0	tensor(3)	-2.068876074045471
31278.296942451205	500.0	916.05424292069	0.0	0	0.0	6194.351185371899	1	0	tensor(3)	0.1468033171117962
32132.294197356587	1000.0	1062.0569880153116	0.0	0	0.0	6194.351185371899	1	0	tensor(3)	0.49337690739176887
32877.00039562151	1000.0	1317.3507897503816	0.0	0	0.0	6194.351185371888	1	0	tensor(3)	1.1865240879517147
33398.81383229134	1000.0	1795.5373530805527	0.0	0	0.0	6194.351185371885	1	0	tensor(3)	1.1865240879517156
34278.03103945567	1000.0	1916.320145916207	0.0	0	0.0	6194.35118537187	1	0	tensor(3)	1.1865240879517167
35121.03394755986	1000.0	2073.317237812017	0.0	0	0.0	6194.351185371866	1	0	tensor(3)	1.1865240879517174
36494.20142338088	1000.0	1700.1497619910006	0.0	0	0.0	6194.35118537187	1	0	tensor(3)	1.1865240879517174
38071.71675898323	1000.0	1122.634426388658	0.0	0	0.0	6194.351185371877	1	0	tensor(3)	1.1865240879517167
39033.33326741483	1000.0	1161.0179179570546	0.0	0	0.0	6194.351185371881	1	0	tensor(3)	1.1865240879517165
39751.1077288587	1000.0	1443.2434565131955	0.0	0	0.0	6194.351185371881	1	0	tensor(3)	1.186524087951716
40803.21276432291	1000.0	1391.138421048987	0.0	0	0.0	6194.351185371881	1	0	tensor(3)	1.186524087951716
42096.93560465365	1000.0	1097.4155807182524	0.0	0	0.0	6194.351185371881	1	0	tensor(3)	1.186524087951716
43072.47198216238	1000.0	1121.8792032095266	0.0	0	0.0	6194.351185371881	1	0	tensor(3)	1.186524087951716
44365.54987709959	1000.0	828.8013082723118	0.0	0	0.0	6194.351185371874	1	0	tensor(3)	1.186524087951717
45323.61532100808	1000.0	870.7358643638214	0.0	0	0.0	6194.351185371874	1	0	tensor(3)	1.186524087951717
46527.40063948857	1000.0	666.9505458833282	0.0	0	0.0	6194.351185371874	1	0	tensor(3)	1.186524087951717
48063.53425705485	1000.0	241.08059585555236	110.26366753850655	0	0.0	6304.614852910403	1	0	tensor(3)	0.5151876511451425
49564.26562336964	1000.0	235.83562786392017	495.4863983231537	0	0.0	6800.101251233558	1	0	tensor(3)	-1.846860884611062
50292.83326870846	500.0	618.1855093078921	110.91752678279443	0	0.0	6911.018778016354	1	0	tensor(3)	-1.2835157834093613
50858.223329116496	500.0	1052.7954488998676	0.0	0	0.0	6911.018778016354	1	0	tensor(3)	0.07513655784735077
52509.98269095422	1000.0	401.036087062148	0.0	0	0.0	6911.0187780163615	1	0	tensor(3)	0.42171014812732266
53050.77866657717	500.0	860.240111439192	0.0	0	0.0	6911.018778016369	1	0	tensor(3)	-0.6180106227125961
54566.74780109895	1000.0	344.27097691740386	0.0	0	0.0	6911.018778016369	1	0	tensor(3)	0.42171014812732194
55087.845766705505	500.0	823.1730113108457	0.0	0	0.0	6911.018778016369	1	0	tensor(3)	-0.6180106227125961
56479.28764841211	1000.0	431.73112960423845	0.0	0	0.0	6911.0187780163615	1	0	tensor(3)	0.42171014812732266
57645.139783416314	500.0	473.9264776838471	208.04748308380852	0	0.0	7119.066261100168	1	0	tensor(3)	-1.8871002695238277
58196.0126502418	500.0	923.0536108583656	0.0	0	0.0	7119.066261100168	1	0	tensor(3)	0.054331809538969295
59193.19624524681	1000.0	925.8700158533443	0.0	0	0.0	7119.066261100168	1	0	tensor(3)	0.400905399818942
60058.00505459656	1000.0	1061.0612065035984	0.0	0	0.0	7119.066261100175	1	0	tensor(3)	1.0940525803788868
61391.54253900955	1000.0	727.5237220906054	0.0	0	0.0	7119.066261100175	1	0	tensor(3)	1.0940525803788868
62240.003264585306	1000.0	879.0629965148471	0.0	0	0.0	7119.066261100175	1	0	tensor(3)	1.0940525803788868
62914.78755565494	1000.0	1204.2787054452087	0.0	0	0.0	7119.066261100175	1	0	tensor(3)	1.0940525803788868
63370.64373767344	1000.0	1748.4225234267192	0.0	0	0.0	7119.066261100183	1	0	tensor(3)	1.094052580378886
63812.933928204126	1000.0	2306.132332896034	0.0	0	0.0	7119.066261100183	1	0	tensor(3)	1.094052580378886
64311.10319310432	1000.0	2807.963067995837	0.0	0	0.0	7119.066261100183	1	0	tensor(3)	1.094052580378886
65342.45330237458	1000.0	2776.6129587255773	0.0	0	0.0	7119.066261100175	1	0	tensor(3)	1.0940525803788868
66441.36255169337	1000.0	2677.7037094067805	0.0	0	0.0	7119.0662611001535	1	0	tensor(3)	1.0940525803788879
67765.11224646817	1000.0	2353.954014631996	0.0	0	0.0	7119.066261100168	1	0	tensor(3)	1.094052580378888
68579.00319358858	1000.0	2540.0630675115967	0.0	0	0.0	7119.066261100175	1	0	tensor(3)	1.0940525803788863
69268.56359388381	1000.0	2850.5026672163567	0.0	0	0.0	7119.066261100168	1	0	tensor(3)	1.0940525803788872
70012.7914671937	1000.0	3106.274793906462	0.0	0	0.0	7119.066261100168	1	0	tensor(3)	1.094052580378888
71094.01291339757	1000.0	3025.0533477025874	0.0	0	0.0	7119.066261100168	1	0	tensor(3)	1.0940525803788872
72654.29856672883	1000.0	2464.76769437135	0.0	0	0.0	7119.06626110019	1	0	tensor(3)	1.0940525803788863
74427.85473149442	1000.0	1691.2115296057545	0.0	0	0.0	7119.06626110019	1	0	tensor(3)	1.0940525803788854
76039.49324919275	1000.0	1079.5730119074096	0.0	0	0.0	7119.06626110019	1	0	tensor(3)	1.0940525803788854
77498.46215218063	1000.0	620.6041089195207	0.0	0	0.0	7119.06626110019	1	0	tensor(3)	1.0940525803788854
78158.50426421821	500.0	960.5619968819307	0.0	0	0.0	7119.06626110019	1	0	tensor(3)	-0.6388153710209783
79398.78477808347	1000.0	720.2814830166741	0.0	0	0.0	7119.06626110019	1	0	tensor(3)	0.4009053998189399
80573.29853657272	1000.0	545.7677245274208	0.0	0	0.0	7119.06626110019	1	0	tensor(3)	1.0940525803788854
81159.73742637684	1000.0	959.3288347232884	0.0	0	0.0	7119.06626110019	1	0	tensor(3)	1.0940525803788854
81760.95115540616	1000.0	1358.1151056939736	0.0	0	0.0	7119.066261100175	1	0	tensor(3)	1.0940525803788868
82698.02918023341	1000.0	1421.0370808667126	0.0	0	0.0	7119.066261100175	1	0	tensor(3)	1.0940525803788868
84151.37703870675	1000.0	967.6892223933689	0.0	0	0.0	7119.066261100175	1	0	tensor(3)	1.0940525803788868
85256.30413324582	1000.0	862.7621278542777	0.0	0	0.0	7119.066261100161	1	0	tensor(3)	1.094052580378888
85869.23637987852	1000.0	1249.8298812215749	0.0	0	0.0	7119.066261100161	1	0	tensor(3)	1.094052580378888
86847.57426106768	1000.0	1271.4920000323978	0.0	0	0.0	7119.066261100161	1	0	tensor(3)	1.094052580378888
88030.62451801854	1000.0	1088.4417430815533	0.0	0	0.0	7119.066261100161	1	0	tensor(3)	1.094052580378888
88963.91963782028	1000.0	1155.1466232798148	0.0	0	0.0	7119.066261100161	1	0	tensor(3)	1.094052580378888
89620.64074536553	1000.0	1498.4255157345658	0.0	0	0.0	7119.066261100175	1	0	tensor(3)	1.0940525803788868
90208.8319837492	1000.0	1910.2342773508894	0.0	0	0.0	7119.066261100175	1	0	tensor(3)	1.0940525803788868
90985.73120483081	1000.0	2133.3350562692767	0.0	0	0.0	7119.066261100175	1	0	tensor(3)	1.0940525803788868
91505.5656345865	1000.0	2613.5006265135785	0.0	0	0.0	7119.066261100161	1	0	tensor(3)	1.094052580378888
92222.34171882516	1000.0	2896.724542274924	0.0	0	0.0	7119.066261100161	1	0	tensor(3)	1.094052580378888
92980.80197298343	1000.0	3138.2642881166507	0.0	0	0.0	7119.066261100161	1	0	tensor(3)	1.094052580378888
93713.01216850136	1000.0	3406.0540925987348	0.0	0	0.0	7119.066261100161	1	0	tensor(3)	1.094052580378888
94564.49656446588	1000.0	3554.5696966342225	0.0	0	0.0	7119.066261100161	1	0	tensor(3)	1.094052580378888
95804.9145627937	1000.0	3314.151698306416	0.0	0	0.0	7119.066261100161	1	0	tensor(3)	1.094052580378888
96482.81639359378	1000.0	3636.2498675063193	0.0	0	0.0	7119.066261100146	1	0	tensor(3)	1.0940525803788896
97191.35920804914	1000.0	3927.707053050961	0.0	0	0.0	7119.066261100161	1	0	tensor(3)	1.094052580378888
97855.87386194657	1000.0	4263.192399153533	0.0	0	0.0	7119.066261100161	1	0	tensor(3)	1.094052580378888
99038.67721283232	1000.0	4080.3890482677602	0.0	0	0.0	7119.066261100146	1	0	tensor(3)	1.0940525803788896
100191.57135613186	1000.0	3927.4949049682177	0.0	0	0.0	7119.066261100146	1	0	tensor(3)	1.0940525803788896
102444.42137511057	2000.0	2674.6448859895013	0.0	0	0.0	7119.066261100132	1	0	tensor(3)	1.440626170658864
103032.47336254605	1000.0	3086.59289855403	0.0	0	0.0	7119.066261100132	1	0	tensor(3)	0.4009053998189458
103554.97376418611	1000.0	3564.0924969139774	0.0	0	0.0	7119.066261100132	1	0	tensor(3)	1.094052580378891
105628.63618282504	2000.0	2490.4300782750433	0.0	0	0.0	7119.066261100132	1	0	tensor(3)	1.440626170658864
106939.5901297408	1000.0	2179.4761313592853	0.0	0	0.0	7119.066261100132	1	0	tensor(3)	0.4009053998189458
108033.53784819499	1000.0	2085.528412905089	0.0	0	0.0	7119.066261100132	1	0	tensor(3)	1.094052580378891
109227.88658974224	1000.0	1891.1796713578492	0.0	0	0.0	7119.066261100132	1	0	tensor(3)	1.094052580378891
110099.39090452896	1000.0	2019.6753565711301	0.0	0	0.0	7119.066261100132	1	0	tensor(3)	1.094052580378891
111686.9702902105	1000.0	1432.0959708895844	0.0	0	0.0	7119.066261100132	1	0	tensor(3)	1.094052580378891
112458.3656541181	1000.0	1660.7006069819852	0.0	0	0.0	7119.066261100132	1	0	tensor(3)	1.094052580378891
113334.00999552802	1000.0	1785.0562655720785	0.0	0	0.0	7119.066261100132	1	0	tensor(3)	1.094052580378891
114421.51970021108	1000.0	1697.546560889005	0.0	0	0.0	7119.066261100132	1	0	tensor(3)	1.094052580378891
115072.51458608644	1000.0	2046.5516750136408	0.0	0	0.0	7119.066261100132	1	0	tensor(3)	1.094052580378891
115939.04485276887	1000.0	2180.021408331221	0.0	0	0.0	7119.066261100132	1	0	tensor(3)	1.094052580378891
117145.2179840466	1000.0	1973.8482770534938	0.0	0	0.0	7119.066261100132	1	0	tensor(3)	1.094052580378891
117796.9239658313	1000.0	2322.142295268791	0.0	0	0.0	7119.066261100132	1	0	tensor(3)	1.094052580378891
118782.02537525025	1000.0	2337.040885849838	0.0	0	0.0	7119.066261100146	1	0	tensor(3)	1.0940525803788896
119558.61844297618	1000.0	2560.447818123919	0.0	0	0.0	7119.066261100146	1	0	tensor(3)	1.0940525803788896
120398.04692174146	1000.0	2721.0193393586364	0.0	0	0.0	7119.066261100161	1	0	tensor(3)	1.094052580378888
121855.97170993783	1000.0	2263.0945511622717	0.0	0	0.0	7119.066261100161	1	0	tensor(3)	1.094052580378888
122913.81758272424	1000.0	2205.2486783758595	0.0	0	0.0	7119.066261100161	1	0	tensor(3)	1.094052580378888
123982.64641243772	1000.0	2136.419848662372	0.0	0	0.0	7119.066261100161	1	0	tensor(3)	1.094052580378888
124727.49241250174	1000.0	2391.57384859834	0.0	0	0.0	7119.066261100161	1	0	tensor(3)	1.094052580378888
125352.9329799412	1000.0	2766.133281158898	0.0	0	0.0	7119.066261100175	1	0	tensor(3)	1.0940525803788868
126310.24384473819	1000.0	2808.8224163619093	0.0	0	0.0	7119.066261100175	1	0	tensor(3)	1.0940525803788868
127254.88296758209	1000.0	2864.1832935180114	0.0	0	0.0	7119.06626110019	1	0	tensor(3)	1.0940525803788854
128062.32816880773	1000.0	3056.738092292372	0.0	0	0.0	7119.06626110019	1	0	tensor(3)	1.0940525803788854
129057.63556855745	1000.0	3061.430692542645	0.0	0	0.0	7119.06626110019	1	0	tensor(3)	1.0940525803788854
129791.21886914263	1000.0	3327.8473919574567	0.0	0	0.0	7119.06626110019	1	0	tensor(3)	1.0940525803788854
130885.36941244995	1000.0	3233.696848650131	0.0	0	0.0	7119.06626110019	1	0	tensor(3)	1.0940525803788854
131939.55771871045	1000.0	3179.5085423896244	0.0	0	0.0	7119.066261100175	1	0	tensor(3)	1.0940525803788856
133104.87498347266	1000.0	3014.191277627401	0.0	0	0.0	7119.066261100161	1	0	tensor(3)	1.094052580378886
134222.92234155853	1000.0	2896.143919541556	0.0	0	0.0	7119.06626110019	1	0	tensor(3)	1.0940525803788872
135419.57789518597	1000.0	2699.4883659140924	0.0	0	0.0	7119.066261100161	1	0	tensor(3)	1.0940525803788872
136366.5952739436	1000.0	2752.470987156429	0.0	0	0.0	7119.066261100103	1	0	tensor(3)	1.094052580378891
137925.24789701117	1000.0	2193.8183640888424	0.0	0	0.0	7119.066261100103	1	0	tensor(3)	1.094052580378893
139527.89500345287	1000.0	1591.1712576471334	0.0	0	0.0	7119.066261100088	1	0	tensor(3)	1.0940525803788954
141006.76230340273	1000.0	1112.303957697267	0.0	0	0.0	7119.066261100088	1	0	tensor(3)	1.0940525803788954
142061.01887844005	1000.0	1058.0473826599723	0.0	0	0.0	7119.066261100088	1	0	tensor(3)	1.0940525803788954
143107.23726966383	1000.0	1011.8289914361867	0.0	0	0.0	7119.066261100059	1	0	tensor(3)	1.0940525803788983
144467.00222045105	1000.0	652.0640406489491	0.0	0	0.0	7119.066261100059	1	0	tensor(3)	1.0940525803788983
145199.46570636678	1000.0	919.6005547332152	0.0	0	0.0	7119.066261100088	1	0	tensor(3)	1.0940525803788954
146395.26348492503	1000.0	723.8027761749561	0.0	0	0.0	7119.066261100088	1	0	tensor(3)	1.0940525803788954
148056.3380966174	1000.0	200.0	137.27183551738926	0	0.0	7256.338096617517	1	0	tensor(3)	0.26518899503684457
148907.26676486788	500.0	573.6835435615649	224.6122118120117	0	0.0	5480.950308429543	1	0	tensor(6)	-7.822677046625984
150318.46854783283	1000.0	378.34210024739866	215.86033965081467	0	0.0	5696.810648080253	1	0	tensor(3)	-0.7516681535359706
151807.37955255163	1000.0	200.0	310.56890447139364	0	0.0	6007.3795525516325	1	0	tensor(3)	-0.6475910787700596
152843.8648757846	500.0	437.8363302457441	274.3216534787255	0	0.0	6281.701206030353	1	0	tensor(3)	-2.201008786386347
153800.79958841237	500.0	541.7639267839884	60.862309165975375	0	0.0	6342.5635151963215	1	0	tensor(3)	-0.23319177086649828
154284.4447181876	500.0	1058.118797008763	0.0	0	0.0	6342.5635151963215	1	0	tensor(3)	0.13198208412935397
155460.80489456843	1000.0	881.7586206279359	0.0	0	0.0	6342.563515196351	1	0	tensor(3)	0.4785556744093238
156637.1632446097	1000.0	705.4002705866895	0.0	0	0.0	6342.56351519638	1	0	tensor(3)	1.1717028549692663
157557.80030641737	1000.0	784.7632087790189	0.0	0	0.0	6342.563515196351	1	0	tensor(3)	1.1717028549692692
158436.30030684982	1000.0	906.2632083465492	0.0	0	0.0	6342.5635151963215	1	0	tensor(3)	1.171702854969272
159477.28446412826	1000.0	865.2790510681034	0.0	0	0.0	6342.563515196351	1	0	tensor(3)	1.1717028549692692
160534.48146143887	1000.0	808.0820537575228	0.0	0	0.0	6342.5635151963215	1	0	tensor(3)	1.171702854969272
162151.19901774533	1000.0	314.3311898020279	122.9666923509485	0	0.0	6465.530207547243	1	0	tensor(3)	0.4254431552421032
162934.764156485	1000.0	583.7593985734865	52.993347511142474	0	0.0	6518.523555058375	1	0	tensor(3)	0.8361467659162121
163548.38955148513	1000.0	970.1340035733534	0.0	0	0.0	6518.523555058375	1	0	tensor(3)	1.1541068509830668
164281.29855498107	1000.0	1237.2250000774186	0.0	0	0.0	6518.523555058375	1	0	tensor(3)	1.1541068509830668
165199.91290046385	1000.0	1318.6106545946232	0.0	0	0.0	6518.523555058346	1	0	tensor(3)	1.1541068509830696
166410.25345385223	1000.0	1108.2701012062303	0.0	0	0.0	6518.523555058346	1	0	tensor(3)	1.1541068509830696
167361.55674170633	1000.0	1156.9668133521316	0.0	0	0.0	6518.523555058346	1	0	tensor(3)	1.1541068509830696
168267.65710532077	1000.0	1250.8664497376644	0.0	0	0.0	6518.523555058346	1	0	tensor(3)	1.1541068509830696
169133.56196639914	1000.0	1384.9615886592958	0.0	0	0.0	6518.523555058346	1	0	tensor(3)	1.1541068509830696
170564.35259042092	1000.0	954.1709646375156	0.0	0	0.0	6518.523555058346	1	0	tensor(3)	1.1541068509830696
171924.83326262078	1000.0	593.6902924376529	0.0	0	0.0	6518.523555058317	1	0	tensor(3)	1.1541068509830725
173588.75693082841	1000.0	200.0	270.2333757699725	0	0.0	6788.756930828298	1	0	tensor(3)	-0.4922262990164932
174161.74470194112	500.0	761.6486457447495	134.636416857465	0	0.0	6923.393347685866	1	0	tensor(3)	-1.4270665808243364
174829.89125594834	1000.0	1093.5020917375095	0.0	0	0.0	6923.393347685866	1	0	tensor(3)	0.4204726911603722
175776.8914648189	1000.0	1146.501882866925	0.0	0	0.0	6923.393347685866	1	0	tensor(3)	1.1136198717203176
176812.08306613142	1000.0	1111.3102815544335	0.0	0	0.0	6923.3933476858365	1	0	tensor(3)	1.1136198717203205
178167.9145827176	1000.0	755.4787649682243	0.0	0	0.0	6923.3933476858365	1	0	tensor(3)	1.1136198717203205
178815.89302902727	500.0	1107.50031865856	0.0	0	0.0	6923.3933476858365	1	0	tensor(3)	-0.619248079679543
180310.92093120868	1000.0	612.4724164771592	0.0	0	0.0	6923.3933476858365	1	0	tensor(3)	0.4204726911603751
181308.58304855996	1000.0	614.8102991259159	0.0	0	0.0	6923.3933476858365	1	0	tensor(3)	1.1136198717203205
181866.89738244316	1000.0	1056.4959652427287	0.0	0	0.0	6923.393347685866	1	0	tensor(3)	1.1136198717203176
182419.5310281657	1000.0	1503.8623195201876	0.0	0	0.0	6923.3933476858365	1	0	tensor(3)	1.1136198717203205
183615.27586637757	1000.0	1308.117481308295	0.0	0	0.0	6923.3933476858365	1	0	tensor(3)	1.1136198717203205
184373.17369783757	1000.0	1550.21964984829	0.0	0	0.0	6923.393347685807	1	0	tensor(3)	1.1136198717203236
185882.2628606837	1000.0	1041.1304870021702	0.0	0	0.0	6923.393347685807	1	0	tensor(3)	1.1136198717203236
187017.51616949533	1000.0	905.8771781905292	0.0	0	0.0	6923.393347685807	1	0	tensor(3)	1.1136198717203236
188022.81014335642	1000.0	900.5832043294402	0.0	0	0.0	6923.393347685807	1	0	tensor(3)	1.1136198717203236
188785.96406575217	1000.0	1137.4292819336442	0.0	0	0.0	6923.393347685807	1	0	tensor(3)	1.1136198717203236
189677.9817376701	1000.0	1245.4116100157012	0.0	0	0.0	6923.393347685778	1	0	tensor(3)	1.1136198717203265
191401.50531360888	1000.0	521.8880340769188	0.0	0	0.0	6923.393347685807	1	0	tensor(3)	1.1136198717203236
192118.86339375185	500.0	804.5299539339517	0.0	0	0.0	6923.393347685778	1	0	tensor(3)	-0.619248079679537
192926.24079238382	1000.0	997.1525553019927	0.0	0	0.0	6923.393347685778	1	0	tensor(3)	0.4204726911603811
193579.35844204103	1000.0	1344.0349056447271	0.0	0	0.0	6923.393347685778	1	0	tensor(3)	1.1136198717203265
194218.97864107823	1000.0	1704.4147066075302	0.0	0	0.0	6923.393347685749	1	0	tensor(3)	1.1136198717203292
194876.16126122413	1000.0	2047.2320864616229	0.0	0	0.0	6923.393347685749	1	0	tensor(3)	1.1136198717203292
196344.15246355848	1000.0	1579.2408841272877	0.0	0	0.0	6923.39334768572	1	0	tensor(3)	1.1136198717203323
198016.21451020477	1000.0	907.1788374809805	0.0	0	0.0	6923.39334768572	1	0	tensor(3)	1.1136198717203323
198852.45729402042	1000.0	1070.936053665312	0.0	0	0.0	6923.39334768572	1	0	tensor(3)	1.1136198717203323
200012.80000804577	1000.0	910.5933396399696	0.0	0	0.0	6923.39334768572	1	0	tensor(3)	1.1136198717203323
201245.65396431542	1000.0	677.7393833703093	0.0	0	0.0	6923.39334768572	1	0	tensor(3)	1.1136198717203323
202013.6138237645	500.0	909.7795239212579	0.0	0	0.0	6923.39334768572	1	0	tensor(3)	-0.6192480796795314
203739.86632862964	1000.0	200.0	16.472980943875683	0	0.0	6939.866328629607	1	0	tensor(3)	0.32130534587825266
204355.54735647465	500.0	705.9268199619894	121.60784780699964	0	0.0	7061.4741764366045	1	0	tensor(3)	-1.3627032493966174
206159.27517591906	1000.0	200.0	297.8009994824222	0	0.0	7359.275175919058	1	0	tensor(3)	-1.3952346762922285
206915.15167374743	500.0	625.5411062089865	181.41760403734156	0	0.0	7540.6927799563855	1	0	tensor(3)	-1.769483647130647
207429.948248818	500.0	1110.7445311384395	0.0	0	0.0	7540.6927799563855	1	0	tensor(3)	0.012169157653347529
208585.04288259018	1000.0	955.6498973662517	0.0	0	0.0	7540.6927799563855	1	0	tensor(3)	0.3587427479333202
209535.2273278131	1000.0	1005.4654521433336	0.0	0	0.0	7540.692779956415	1	0	tensor(3)	1.0518899284932628
210535.02385606276	1000.0	1005.6689238936906	0.0	0	0.0	5540.692779956415	1	0	tensor(6)	-4.748110071506736
211500.93305186197	1000.0	1039.7597280944822	0.0	0	0.0	5540.692779956415	1	0	tensor(3)	1.2518899284932627
212228.80782148396	1000.0	1311.8849584725044	0.0	0	0.0	5540.6927799563855	1	0	tensor(3)	1.2518899284932656
212622.40435931133	1000.0	1918.288420645156	0.0	0	0.0	5540.692779956415	1	0	tensor(3)	1.2518899284932627
213148.90632272334	1000.0	2391.7864572331832	0.0	0	0.0	5540.692779956444	1	0	tensor(3)	1.2518899284932599
213625.44853560295	1000.0	2915.244244353541	0.0	0	0.0	5540.692779956444	1	0	tensor(3)	1.2518899284932599
215505.12351177106	2000.0	2035.569268185424	0.0	0	0.0	5540.692779956415	1	0	tensor(3)	1.5984635187732354
216844.83857818248	1000.0	1695.8542017739792	0.0	0	0.0	5540.692779956415	1	0	tensor(3)	0.5587427479333176
217787.4448623192	1000.0	1753.2479176372865	0.0	0	0.0	5540.692779956444	1	0	tensor(3)	1.2518899284932599
218530.76487753677	1000.0	2009.9279024197008	0.0	0	0.0	5540.692779956444	1	0	tensor(3)	1.2518899284932599
219181.73587648614	1000.0	2358.956903470366	0.0	0	0.0	5540.692779956444	1	0	tensor(3)	1.2518899284932599
219972.9265565541	1000.0	2567.7662234023983	0.0	0	0.0	5540.692779956473	1	0	tensor(3)	1.251889928493257
222108.9469326141	1000.0	1431.745847342371	0.0	0	0.0	5540.692779956444	1	0	tensor(3)	1.2518899284932576
224033.29467022687	1000.0	507.39810972962033	0.0	0	0.0	5540.692779956444	1	0	tensor(3)	1.2518899284932576
225070.29495408328	500.0	548.0656070621264	77.66778118891148	0	0.0	5618.360561145382	1	0	tensor(3)	-0.9547514881589665
225943.93048807236	1000.0	674.4300730730338	0.0	0	0.0	5618.360561145382	1	0	tensor(3)	0.5509759698144207
227264.3466216466	1000.0	354.0139394988132	0.0	0	0.0	5618.360561145411	1	0	tensor(3)	1.2441231503743644
228234.1897824529	1000.0	465.1391670855372	80.96838839298806	0	0.0	5699.328949538409	1	0	tensor(3)	0.750215981177135
229224.1412455521	1000.0	583.243271003324	108.055567016976	0	0.0	5807.3845165554085	1	0	tensor(3)	0.5768873527315075
230199.71202681644	1000.0	607.6724897389677	0.0	0	0.0	5807.3845165554085	1	0	tensor(3)	1.2252207548333636
230867.8644126436	1000.0	939.520103911828	0.0	0	0.0	5807.3845165554085	1	0	tensor(3)	1.2252207548333636
231903.6280992116	1000.0	903.7564173437814	0.0	0	0.0	5807.384516555379	1	0	tensor(3)	1.225220754833364
233096.545665817	1000.0	710.8388507384004	0.0	0	0.0	5807.3845165554085	1	0	tensor(3)	1.2252207548333636
234157.9608040196	1000.0	649.4237125358118	0.0	0	0.0	5807.3845165554085	1	0	tensor(3)	1.2252207548333625
234782.90363101015	1000.0	1024.4808855452773	0.0	0	0.0	5807.3845165554085	1	0	tensor(3)	1.2252207548333636
235616.8058864394	1000.0	1190.5786301160422	0.0	0	0.0	5807.384516555379	1	0	tensor(3)	1.2252207548333662
236601.316769275	1000.0	1206.0677472804377	0.0	0	0.0	5807.384516555379	1	0	tensor(3)	1.2252207548333662
237360.15340642963	1000.0	1447.23111012581	0.0	0	0.0	5807.3845165554085	1	0	tensor(3)	1.2252207548333636
238236.10886684034	1000.0	1571.275649715125	0.0	0	0.0	5807.3845165554085	1	0	tensor(3)	1.2252207548333636
238848.66776975335	1000.0	1958.716746802114	0.0	0	0.0	5807.3845165554085	1	0	tensor(3)	1.2252207548333636
239435.9193241543	1000.0	2371.4651924011496	0.0	0	0.0	5807.384516555379	1	0	tensor(3)	1.2252207548333662
240194.78868284944	1000.0	2612.5958337060174	0.0	0	0.0	5807.3845165554085	1	0	tensor(3)	1.2252207548333636
240668.9719861453	1000.0	3138.4125304101535	0.0	0	0.0	5807.3845165554085	1	0	tensor(3)	1.2252207548333636
241465.15139756948	1000.0	3342.2331189859588	0.0	0	0.0	5807.3845165554085	1	0	tensor(3)	1.2252207548333636
242015.41206845944	1000.0	3791.9724480960076	0.0	0	0.0	5807.384516555438	1	0	tensor(3)	1.2252207548333622
242720.3354620927	1000.0	4087.049054462755	0.0	0	0.0	5807.384516555438	1	0	tensor(3)	1.2252207548333605
244997.06229663917	2000.0	2810.322219916309	0.0	0	0.0	5807.384516555438	1	0	tensor(3)	1.5717943451133338
245709.17849703378	1000.0	3098.206019521693	0.0	0	0.0	5807.384516555438	1	0	tensor(3)	0.5320735742734153
246333.24176997482	1000.0	3474.14274658064	0.0	0	0.0	5807.3845165554085	1	0	tensor(3)	1.2252207548333636
247244.15093002634	1000.0	3563.2335865290875	0.0	0	0.0	5807.3845165554085	1	0	tensor(3)	1.2252207548333636
248095.38150633784	1000.0	3712.0030102175965	0.0	0	0.0	5807.3845165554085	1	0	tensor(3)	1.2252207548333636
249044.19885959403	1000.0	3763.1856569613733	0.0	0	0.0	5807.3845165554085	1	0	tensor(3)	1.2252207548333636
249711.86019418464	1000.0	4095.524322370783	0.0	0	0.0	5807.3845165554085	1	0	tensor(3)	1.2252207548333636
250661.3365198193	1000.0	4146.047996736099	0.0	0	0.0	5807.384516555438	1	0	tensor(3)	1.2252207548333605
251717.28371558528	1000.0	4090.1008009701345	0.0	0	0.0	5807.384516555438	1	0	tensor(3)	1.2252207548333605
252317.96971464984	1000.0	4489.414801905564	0.0	0	0.0	5807.384516555438	1	0	tensor(3)	1.2252207548333605
253741.7731495876	2000.0	4065.6113669677948	0.0	0	0.0	5807.3845165554085	1	0	tensor(3)	1.5717943451133363
254605.68814412298	1000.0	4201.696372432401	0.0	0	0.0	5807.384516555438	1	0	tensor(3)	0.5320735742734153
256264.21948033504	1000.0	3543.1650362203204	0.0	0	0.0	5807.384516555467	1	0	tensor(3)	1.2252207548333587
257372.60773603886	1000.0	3434.7767805164817	0.0	0	0.0	5807.384516555467	1	0	tensor(3)	1.2252207548333576
258229.0251311091	1000.0	3578.359385446224	0.0	0	0.0	5807.384516555467	1	0	tensor(3)	1.2252207548333576
259604.9408502773	1000.0	3202.4436662780695	0.0	0	0.0	5807.384516555467	1	0	tensor(3)	1.2252207548333576
260793.75843101452	1000.0	3013.6260855408723	0.0	0	0.0	5807.384516555438	1	0	tensor(3)	1.2252207548333605
261819.22568789052	1000.0	2988.158828664891	0.0	0	0.0	5807.384516555467	1	0	tensor(3)	1.2252207548333576
262564.5158777824	1000.0	3242.8686387729445	0.0	0	0.0	5807.384516555438	1	0	tensor(3)	1.2252207548333576
263388.4476885517	1000.0	3418.9368280037547	0.0	0	0.0	5807.384516555525	1	0	tensor(3)	1.2252207548333565
264164.96132687037	1000.0	3642.4231896850297	0.0	0	0.0	5807.384516555496	1	0	tensor(3)	1.225220754833353
265626.89808393264	2000.0	3180.486432622738	0.0	0	0.0	5807.384516555438	1	0	tensor(3)	1.5717943451133296
266346.13949168345	1000.0	3461.2450248718897	0.0	0	0.0	5807.3845165554085	1	0	tensor(3)	0.5320735742734195
267168.2870917103	1000.0	3639.097424845032	0.0	0	0.0	5807.3845165554085	1	0	tensor(3)	1.225220754833363
267899.3570931788	1000.0	3908.0274233765695	0.0	0	0.0	5807.384516555438	1	0	tensor(3)	1.22522075483336
268987.67983928067	1000.0	3819.704677274696	0.0	0	0.0	5807.384516555467	1	0	tensor(3)	1.2252207548333576
272014.9728510282	2000.0	1792.411665527227	0.0	0	0.0	5807.384516555467	1	0	tensor(3)	1.57179434511333
272757.6074933172	1000.0	2049.777023238211	0.0	0	0.0	5807.384516555467	1	0	tensor(3)	0.5320735742734124
273534.94270735356	1000.0	2272.441809201877	0.0	0	0.0	5807.3845165554085	1	0	tensor(3)	1.2252207548333636
274367.5257028523	1000.0	2439.858813703192	0.0	0	0.0	5807.384516555467	1	0	tensor(3)	1.2252207548333576
275318.09197907604	1000.0	2489.2925374794036	0.0	0	0.0	5807.384516555467	1	0	tensor(3)	1.2252207548333576
275967.20305364823	1000.0	2840.1814629072423	0.0	0	0.0	5807.384516555525	1	0	tensor(3)	1.2252207548333518
277007.62177326897	1000.0	2799.7627432865174	0.0	0	0.0	5807.384516555525	1	0	tensor(3)	1.2252207548333518
277803.0491468833	1000.0	3004.3353696721174	0.0	0	0.0	5807.384516555467	1	0	tensor(3)	1.2252207548333576
278729.7825850398	1000.0	3077.6019315156204	0.0	0	0.0	5807.3845165554085	1	0	tensor(3)	1.2252207548333636
279934.9620990852	1000.0	2872.4224174702663	0.0	0	0.0	5807.384516555525	1	0	tensor(3)	1.2252207548333565
280980.85191326233	1000.0	2826.5326032931603	0.0	0	0.0	5807.384516555525	1	0	tensor(3)	1.2252207548333518
281758.5025680329	1000.0	3048.8819485226722	0.0	0	0.0	5807.384516555525	1	0	tensor(3)	1.2252207548333518
282667.76108644775	1000.0	3139.6234301077943	0.0	0	0.0	5807.384516555525	1	0	tensor(3)	1.2252207548333518
283680.6594197665	1000.0	3126.7250967890664	0.0	0	0.0	5807.384516555583	1	0	tensor(3)	1.225220754833346
284399.96315881313	1000.0	3407.421357742416	0.0	0	0.0	5807.384516555583	1	0	tensor(3)	1.225220754833346
285659.53115841205	1000.0	3147.853358143533	0.0	0	0.0	5807.384516555583	1	0	tensor(3)	1.225220754833346
287573.55378094857	1000.0	2233.8307356069636	0.0	0	0.0	5807.384516555525	1	0	tensor(3)	1.2252207548333494
288561.1785253301	1000.0	2246.205991225501	0.0	0	0.0	5807.384516555525	1	0	tensor(3)	1.2252207548333518
289758.76012150967	1000.0	2048.6243950458975	0.0	0	0.0	5807.384516555525	1	0	tensor(3)	1.2252207548333518
290684.35631298367	1000.0	2123.0282035718774	0.0	0	0.0	5807.384516555467	1	0	tensor(3)	1.2252207548333576
291698.1061782454	1000.0	2109.2783383100973	0.0	0	0.0	5807.3845165554085	1	0	tensor(3)	1.2252207548333636
293273.3795122037	1000.0	1534.0050043517635	0.0	0	0.0	5807.38451655535	1	0	tensor(3)	1.2252207548333691
294135.60049465316	1000.0	1671.7840219022864	0.0	0	0.0	5807.3845165554085	1	0	tensor(3)	1.2252207548333636
295172.51457354316	1000.0	1634.8699430122126	0.0	0	0.0	5807.384516555292	1	0	tensor(3)	1.2252207548333716
296547.32387176313	1000.0	1260.0606447923144	0.0	0	0.0	5807.384516555292	1	0	tensor(3)	1.2252207548333751
297958.2679359569	1000.0	849.1165805985769	0.0	0	0.0	5807.38451655535	1	0	tensor(3)	1.2252207548333691
299169.7400261159	1000.0	637.6444904395794	0.0	0	0.0	5807.38451655535	1	0	tensor(3)	1.2252207548333691
300385.00308001536	1000.0	422.38143654013453	0.0	0	0.0	5807.384516555292	1	0	tensor(3)	1.2252207548333751
301921.81931666285	1000.0	200.0	314.43480010731776	0	0.0	6121.819316662848	1	0	tensor(3)	-0.6869717862349638
302535.78573160514	500.0	696.5220253673501	110.48844030964429	0	0.0	6232.307756972499	1	0	tensor(3)	-1.2130701624660751
303824.26692862075	1000.0	447.2005918979999	39.159763546313116	0	0.0	6271.4675205188105	1	0	tensor(3)	0.2507066925991992
305160.1352518154	1000.0	306.25488601618054	194.92261731283594	0	0.0	6466.390137831622	1	0	tensor(3)	-0.010215511171273672
306098.5990792573	1000.0	546.753054357245	178.9619957829322	0	0.0	6645.352133614593	1	0	tensor(3)	0.06765201842985175
306968.4501161828	1000.0	676.9020174317438	0.0	0	0.0	6645.35213361471	1	0	tensor(3)	1.141423993127438
307633.268768655	1000.0	1012.0833649595347	0.0	0	0.0	6645.352133614768	1	0	tensor(3)	1.1414239931274275
308756.0105698741	1000.0	889.3415637404403	0.0	0	0.0	6645.35213361471	1	0	tensor(3)	1.1414239931274333
310012.5849236996	1000.0	632.767209914846	0.0	0	0.0	6645.352133614593	1	0	tensor(3)	1.1414239931274401
1.14	0.95	0.89	1.22	1.45	0.79	1.09	0.61	1.17	1.42	0.81	1.0	1.24	1.22	1.01	0.92	0.9	0.71	0.73	0.74	1.15	1.16	1.04	0.89	0.68	0.73	0.95	1.78	1.52	0.94	1.14	0.75	0.65	1.18	1.26	0.86	0.81	0.75	0.95	1.18	1.4	0.73	0.63	0.83	0.98	0.89	0.75	0.7	0.75	0.74	1.0	0.38	0.6	0.98	1.24	0.73	0.81	1.39	2.05	1.68	0.82	1.02	0.96	1.31	1.82	1.37	0.65	0.64	0.46	0.57	0.44	0.94	0.94	1.11	0.91	1.31	1.4	0.96	0.73	0.85	1.3	0.89	1.12	1.29	1.51	1.46	1.67	1.4	1.15	0.97	0.81	1.36	1.49	0.94	0.88	1.22	0.83	1.24	1.58	1.56	0.78	0.72	0.9	1.0	1.07	0.83	0.82	1.1	1.14	1.17	1.6	1.07	1.16	1.37	1.29	1.19	0.57	0.83	1.16	1.47	1.4	1.46	1.11	1.34	1.08	0.86	1.22	1.12	0.97	0.97	1.12	0.89	0.59	0.74	0.86	0.8	0.98	0.93	0.7	1.03	1.19	0.95	0.61	0.66	0.76	1.15	0.59	0.46	0.67	1.05	1.14	0.95	0.89	1.22	1.45	0.79	1.09	0.61	1.17	1.42	0.81	1.0	1.24	1.22	1.01	0.92	0.9	0.71	0.73	0.74	1.15	1.16	1.04	0.89	0.68	0.73	0.95	1.78	1.52	0.94	1.14	0.75	0.65	1.18	1.26	0.86	0.81	0.75	0.95	1.18	1.4	0.73	0.63	0.83	0.98	0.89	0.75	0.7	0.75	0.74	1.0	0.38	0.6	0.98	1.24	0.73	0.81	1.39	2.05	1.68	0.82	1.02	0.96	1.31	1.82	1.37	0.65	0.64	0.46	0.57	0.44	0.94	0.94	1.11	0.91	1.31	1.4	0.96	0.73	0.85	1.3	0.89	1.12	1.29	1.51	1.46	1.67	1.4	1.15	0.97	0.81	1.36	1.49	0.94	0.88	1.22	0.83	1.24	1.58	1.56	0.78	0.72	0.9	1.0	1.07	0.83	0.82	1.1	1.14	1.17	1.6	1.07	1.16	1.37	1.29	1.19	0.57	0.83	1.16	1.47	1.4	1.46	1.11	1.34	1.08	0.86	1.22	1.12	0.97	0.97	1.12	0.89	0.59	0.74	0.86	0.8	0.98	0.93	0.7	1.03	1.19	0.95	0.61	0.66	0.76	1.15	0.59	0.46	0.67	1.05	1.14	0.95	0.89	1.22	1.45	0.79	1.09	0.61
1.0	2.0	3.0	4.0	5.0	6.0	7.0	8.0	9.0	10.0	11.0	12.0	13.0	14.0	15.0	16.0	17.0	18.0	19.0	20.0	21.0	22.0	23.0	24.0	25.0	26.0	27.0	28.0	29.0	30.0	31.0	32.0	33.0	34.0	35.0	36.0	37.0	38.0	39.0	40.0	41.0	42.0	43.0	44.0	45.0	46.0	47.0	48.0	49.0	50.0	51.0	52.0	53.0	54.0	55.0	56.0	57.0	58.0	59.0	60.0	61.0	62.0	63.0	64.0	65.0	66.0	67.0	68.0	69.0	70.0	71.0	72.0	73.0	74.0	75.0	76.0	77.0	78.0	79.0	80.0	81.0	82.0	83.0	84.0	85.0	86.0	87.0	88.0	89.0	90.0	91.0	92.0	93.0	94.0	95.0	96.0	97.0	98.0	99.0	100.0	101.0	102.0	103.0	104.0	105.0	106.0	107.0	108.0	109.0	110.0	111.0	112.0	113.0	114.0	115.0	116.0	117.0	118.0	119.0	120.0	121.0	122.0	123.0	124.0	125.0	126.0	127.0	128.0	129.0	130.0	131.0	132.0	133.0	134.0	135.0	136.0	137.0	138.0	139.0	140.0	141.0	142.0	143.0	144.0	145.0	146.0	147.0	148.0	149.0	149.0	150.0	151.0	152.0	153.0	154.0	155.0	156.0	157.0	158.0	159.0	160.0	161.0	162.0	163.0	164.0	165.0	166.0	167.0	168.0	169.0	170.0	171.0	172.0	173.0	174.0	175.0	176.0	177.0	178.0	179.0	180.0	181.0	182.0	183.0	184.0	185.0	186.0	187.0	188.0	189.0	190.0	191.0	192.0	193.0	194.0	195.0	196.0	197.0	198.0	199.0	200.0	201.0	202.0	203.0	204.0	205.0	206.0	207.0	208.0	209.0	210.0	211.0	212.0	213.0	214.0	215.0	216.0	217.0	218.0	219.0	220.0	221.0	222.0	223.0	224.0	225.0	226.0	227.0	228.0	229.0	230.0	231.0	232.0	233.0	234.0	235.0	236.0	237.0	238.0	239.0	240.0	241.0	242.0	243.0	244.0	245.0	246.0	247.0	248.0	249.0	250.0	251.0	252.0	253.0	254.0	255.0	256.0	257.0	258.0	259.0	260.0	261.0	262.0	263.0	264.0	265.0	266.0	267.0	268.0	269.0	270.0	271.0	272.0	273.0	274.0	275.0	276.0	277.0	278.0	279.0	280.0	281.0	282.0	283.0	284.0	285.0	286.0	287.0	288.0	289.0	290.0	291.0	292.0	293.0	294.0	295.0	296.0	297.0	298.0	298.0	299.0	300.0	301.0	302.0	303.0	304.0	305.0	306.0
4894.318414768691
