4592.083578005073	1000.0	2000.0	315.9981639243216	0	0.0	4592.083578005073	1	0	tensor(3)	-1.745709157488117
5120.658014036585	2000.0	2471.4255639684884	0.0	0	0.0	4592.083578005073	1	0	tensor(3)	1.6933244389683697
6157.883531277957	2000.0	2434.2000467271164	0.0	0	0.0	4592.083578005073	1	0	tensor(3)	2.3864716195283147
6641.379035693398	2000.0	2950.7045423116765	0.0	0	0.0	4592.083578005073	1	0	tensor(3)	2.3864716195283147
7117.694014935224	3000.0	3474.3895630698516	0.0	0	0.0	4592.083578005075	1	0	tensor(3)	2.589204173582397
9024.447059246275	6000.0	2567.6365187588	0.0	0	0.0	4592.083578005074	1	0	tensor(3)	3.3412428719705343
9713.083261195343	3000.0	2879.000316809734	0.0	0	0.0	4592.083578005077	1	0	tensor(3)	2.3015221011306166
10389.42749515486	3000.0	3202.6560828502174	0.0	0	0.0	4592.0835780050775	1	0	tensor(3)	2.994669281690561
11314.00134399394	3000.0	3278.0822340111367	0.0	0	0.0	4592.083578005077	1	0	tensor(3)	2.994669281690561
12430.431318529683	3000.0	3161.6522594753915	0.0	0	0.0	4592.083578005077	1	0	tensor(3)	2.994669281690561
13190.356270611088	3000.0	3401.7273073939864	0.0	0	0.0	4592.083578005077	1	0	tensor(3)	2.994669281690561
14005.426412091143	3000.0	3586.6571659139327	0.0	0	0.0	4592.083578005077	1	0	tensor(3)	2.994669281690561
15118.701919336372	3000.0	3473.3816586687044	0.0	0	0.0	4592.083578005077	1	0	tensor(3)	2.994669281690561
15747.301758368278	3000.0	3844.7818196367984	0.0	0	0.0	4592.083578005077	1	0	tensor(3)	2.994669281690561
17320.149119018646	6000.0	3271.934458986433	0.0	0	0.0	4592.083578005078	1	0	tensor(3)	3.341242871970534
18202.116723066116	3000.0	3389.9668549389617	0.0	0	0.0	4592.083578005077	1	0	tensor(3)	2.301522101130616
19560.78942127632	6000.0	3031.2941567287567	0.0	0	0.0	4592.083578005077	1	0	tensor(3)	3.341242871970534
20513.506902216264	3000.0	3078.5766757888114	0.0	0	0.0	4592.083578005075	1	0	tensor(3)	2.3015221011306166
21468.817658288106	3000.0	3123.265919716969	0.0	0	0.0	4592.083578005073	1	0	tensor(3)	2.9946692816905616
22351.509328487886	3000.0	3240.5742495171853	0.0	0	0.0	4592.083578005073	1	0	tensor(3)	2.9946692816905616
22994.980311742667	2000.0	3597.1032662624093	0.0	0	0.0	4592.083578005073	1	0	tensor(3)	1.98100651142015
23541.727895993634	2000.0	4050.3556820114454	0.0	0	0.0	4592.083578005073	1	0	tensor(3)	2.3864716195283147
24535.803222399005	3000.0	4056.280355606076	0.0	0	0.0	4592.083578005073	1	0	tensor(3)	2.589204173582397
25562.931629098945	3000.0	4029.151948906136	0.0	0	0.0	4592.083578005073	1	0	tensor(3)	2.9946692816905616
26639.48796463402	3000.0	3952.5956133710642	0.0	0	0.0	4592.083578005073	1	0	tensor(3)	2.9946692816905616
27759.505922619595	3000.0	3832.5776553854907	0.0	0	0.0	4592.083578005073	1	0	tensor(3)	2.9946692816905616
28532.229960990106	3000.0	4059.853617014979	0.0	0	0.0	4592.083578005073	1	0	tensor(3)	2.9946692816905616
29457.604782695467	3000.0	4134.478795309618	0.0	0	0.0	4592.083578005073	1	0	tensor(3)	2.9946692816905616
30370.53506256166	3000.0	4221.548515443425	0.0	0	0.0	4592.083578005073	1	0	tensor(3)	2.9946692816905616
31200.0	3000.0	4392.08357800508	0.0	0	261.4849641615947	4592.083578005073	1	0	tensor(3)	2.9946692816905616
32387.246680803935	3000.0	4204.836897201142	0.0	0	0.0	4592.083578005073	1	0	tensor(3)	2.9946692816905616
34279.71150721003	6000.0	3312.3720707950442	0.0	0	0.0	4592.083578005066	1	0	tensor(3)	3.3412428719705343
35317.569892353604	3000.0	3274.5136856514755	0.0	0	0.0	4592.083578005073	1	0	tensor(3)	2.301522101130617
36155.99153584784	3000.0	3436.0920421572396	0.0	0	0.0	4592.083578005073	1	0	tensor(3)	2.9946692816905616
37251.15662899082	3000.0	3340.9269490142656	0.0	0	0.0	4592.083578005084	1	0	tensor(3)	2.994669281690561
38376.24737626479	3000.0	3215.8362017402956	0.0	0	0.0	4592.083578005084	1	0	tensor(3)	2.9946692816905607
38968.981740521194	3000.0	3623.1018374838936	0.0	0	0.0	4592.083578005084	1	0	tensor(3)	2.9946692816905607
40062.71463634831	3000.0	3529.3689416567686	0.0	0	0.0	4592.083578005084	1	0	tensor(3)	2.9946692816905607
40726.80466651172	3000.0	3865.27891149336	0.0	0	0.0	4592.083578005084	1	0	tensor(3)	2.9946692816905607
41525.74659162355	3000.0	4066.336986381521	0.0	0	0.0	4592.083578005084	1	0	tensor(3)	2.9946692816905607
42491.7084174542	3000.0	4100.375160550871	0.0	0	0.0	4592.083578005084	1	0	tensor(3)	2.9946692816905607
43200.0	3000.0	4392.083578005069	0.0	0	42.83365407889505	4592.083578005077	1	0	tensor(3)	2.994669281690561
44256.88495507584	3000.0	4335.198622929229	0.0	0	0.0	4592.083578005069	1	0	tensor(3)	2.9946692816905625
45396.68823191547	3000.0	4195.395346089598	0.0	0	0.0	4592.083578005069	1	0	tensor(3)	2.9946692816905625
46249.901653731584	3000.0	4342.1819242734855	0.0	0	0.0	4592.083578005062	1	0	tensor(3)	2.994669281690563
47200.0	3000.0	4392.083578005067	0.0	0	248.41850629721012	4592.083578005055	1	0	tensor(3)	2.994669281690563
48400.27338869416	3000.0	4191.81018931091	0.0	0	0.0	4592.083578005055	1	0	tensor(3)	2.9946692816905633
49437.137517676405	3000.0	4154.946060328661	0.0	0	0.0	4592.083578005055	1	0	tensor(3)	2.9946692816905633
50269.15986726352	3000.0	4322.923710741539	0.0	0	0.0	4592.083578005055	1	0	tensor(3)	2.9946692816905633
51200.0	3000.0	4392.083578005065	0.0	0	201.54460907744942	4592.083578005055	1	0	tensor(3)	2.9946692816905633
52200.0	3000.0	4392.083578005064	0.0	0	70.48210502210713	4592.083578005055	1	0	tensor(3)	2.9946692816905633
53229.818391517554	3000.0	4362.265186487502	0.0	0	0.0	4592.083578005055	1	0	tensor(3)	2.9946692816905633
54200.0	3000.0	4392.083578005067	0.0	0	50.34589606788359	4592.083578005055	1	0	tensor(3)	2.9946692816905633
55315.08746043832	3000.0	4276.996117566739	0.0	0	0.0	4592.083578005055	1	0	tensor(3)	2.9946692816905633
56427.67577828774	3000.0	4164.407799717319	0.0	0	0.0	4592.083578005055	1	0	tensor(3)	2.9946692816905633
57482.60912208531	3000.0	4109.474455919748	0.0	0	0.0	4592.083578005055	1	0	tensor(3)	2.9946692816905633
58481.64361503745	3000.0	4110.439962967615	0.0	0	0.0	4592.083578005062	1	0	tensor(3)	2.994669281690563
59588.62651502476	3000.0	4003.457062980312	0.0	0	0.0	4592.083578005062	1	0	tensor(3)	2.994669281690563
60232.12432359293	3000.0	4359.959254412144	0.0	0	0.0	4592.083578005062	1	0	tensor(3)	2.994669281690563
61435.03308468057	3000.0	4157.050493324505	0.0	0	0.0	4592.083578005062	1	0	tensor(3)	2.994669281690563
62200.0	3000.0	4392.083578005061	0.0	0	6.7346430909092305	4592.083578005055	1	0	tensor(3)	2.9946692816905633
63200.0	3000.0	4392.083578005056	0.0	0	407.6183617333227	4592.083578005055	1	0	tensor(3)	2.9946692816905633
65171.73624868449	6000.0	3420.3473293205666	0.0	0	0.0	4592.083578005055	1	0	tensor(3)	3.341242871970536
65762.46632813007	3000.0	3829.617249874992	0.0	0	0.0	4592.083578005069	1	0	tensor(3)	2.301522101130618
67756.78210184674	6000.0	2835.30147615833	0.0	0	0.0	4592.083578005077	1	0	tensor(3)	3.3412428719705343
69021.42863600257	3000.0	2570.6549420024876	0.0	0	0.0	4592.083578005077	1	0	tensor(3)	2.301522101130616
69702.6883602723	2000.0	2889.3952177327506	0.0	0	0.0	4592.083578005062	1	0	tensor(3)	1.981006511420151
70404.21353528328	3000.0	3187.87004272176	0.0	0	0.0	4592.083578005069	1	0	tensor(3)	2.589204173582398
71045.25050843827	3000.0	3546.8330695667682	0.0	0	0.0	4592.083578005069	1	0	tensor(3)	2.9946692816905625
71975.40624150563	3000.0	3616.677336499419	0.0	0	0.0	4592.083578005069	1	0	tensor(3)	2.9946692816905625
72868.99193009434	3000.0	3723.0916479107063	0.0	0	0.0	4592.083578005069	1	0	tensor(3)	2.9946692816905625
73719.03793900782	3000.0	3873.045638997243	0.0	0	0.0	4592.083578005069	1	0	tensor(3)	2.9946692816905625
74906.11558795272	3000.0	3685.967990052334	0.0	0	0.0	4592.083578005069	1	0	tensor(3)	2.9946692816905625
76034.7887025518	3000.0	3557.2948754532526	0.0	0	0.0	4592.083578005069	1	0	tensor(3)	2.9946692816905625
76723.8583487262	3000.0	3868.2252292788626	0.0	0	0.0	4592.083578005069	1	0	tensor(3)	2.9946692816905625
77299.61295495718	3000.0	4292.470623047873	0.0	0	0.0	4592.083578005069	1	0	tensor(3)	2.9946692816905625
78200.0	3000.0	4392.083578005042	0.0	0	88.37393278120726	4592.083578005055	1	0	tensor(3)	2.9946692816905633
79200.0	3000.0	4392.0835780050475	0.0	0	133.68091424509475	4592.083578005055	1	0	tensor(3)	2.9946692816905633
80200.0	3000.0	4392.083578005057	0.0	0	340.4454326140403	4592.083578005069	1	0	tensor(3)	2.9946692816905625
81200.0	6000.0	4392.0835780050575	0.0	0	2.0879723763791844	4592.083578005055	1	0	tensor(3)	3.341242871970536
82364.40830728455	6000.0	4227.675270720507	0.0	0	0.0	4592.083578005055	1	0	tensor(3)	4.034390052530481
83726.1778706998	6000.0	3865.9057073052654	0.0	0	0.0	4592.083578005069	1	0	tensor(3)	4.03439005253048
85591.55628769047	6000.0	3000.527290314585	0.0	0	0.0	4592.083578005069	1	0	tensor(3)	4.03439005253048
86504.08304641536	3000.0	3088.000531589701	0.0	0	0.0	4592.083578005084	1	0	tensor(3)	2.3015221011306157
87402.37875051591	3000.0	3189.704827489143	0.0	0	0.0	4592.083578005084	1	0	tensor(3)	2.9946692816905607
87908.50430541758	3000.0	3683.579272587473	0.0	0	0.0	4592.083578005084	1	0	tensor(3)	2.9946692816905607
88732.76173093585	3000.0	3859.32184706921	0.0	0	0.0	4592.083578005084	1	0	tensor(3)	2.9946692816905607
89634.8514178957	3000.0	3957.232160109359	0.0	0	0.0	4592.083578005084	1	0	tensor(3)	2.9946692816905607
90309.7337860666	3000.0	4282.349791938459	0.0	0	0.0	4592.083578005084	1	0	tensor(3)	2.9946692816905607
92045.56201008013	6000.0	3546.5215679249177	0.0	0	0.0	4592.083578005084	1	0	tensor(3)	3.3412428719705334
92756.49086135063	3000.0	3835.592716654419	0.0	0	0.0	4592.083578005084	1	0	tensor(3)	2.3015221011306157
93952.6514652914	6000.0	3639.432112713641	0.0	0	0.0	4592.083578005069	1	0	tensor(3)	3.341242871970535
96080.4327597648	6000.0	2511.6508182402463	0.0	0	0.0	4592.083578005069	1	0	tensor(3)	4.03439005253048
96802.4550654834	3000.0	2789.628512521647	0.0	0	0.0	4592.083578005069	1	0	tensor(3)	2.3015221011306175
97684.76320121354	3000.0	2907.3203767915	0.0	0	0.0	4592.083578005069	1	0	tensor(3)	2.9946692816905625
98489.84378382094	3000.0	3102.239794184098	0.0	0	0.0	4592.083578005069	1	0	tensor(3)	2.9946692816905625
99076.86306135064	3000.0	3515.2205166543818	0.0	0	0.0	4592.083578005069	1	0	tensor(3)	2.9946692816905625
99903.12184627933	3000.0	3688.9617317256784	0.0	0	0.0	4592.083578005069	1	0	tensor(3)	2.9946692816905625
100982.39684801489	3000.0	3609.686729990126	0.0	0	0.0	4592.083578005069	1	0	tensor(3)	2.9946692816905625
101804.97206397475	3000.0	3787.111514030265	0.0	0	0.0	4592.083578005069	1	0	tensor(3)	2.9946692816905625
102688.47686692036	3000.0	3903.606711084661	0.0	0	0.0	4592.083578005084	1	0	tensor(3)	2.9946692816905607
103756.36956164413	3000.0	3835.714016360902	0.0	0	0.0	4592.083578005084	1	0	tensor(3)	2.9946692816905607
104387.04381636216	3000.0	4205.039761642864	0.0	0	0.0	4592.083578005098	1	0	tensor(3)	2.994669281690559
105200.0	3000.0	4392.083578005028	0.0	0	40.34934914630139	4592.083578005098	1	0	tensor(3)	2.994669281690559
106200.0	3000.0	4392.083578005024	0.0	0	363.20778479459113	4592.083578005084	1	0	tensor(3)	2.9946692816905607
107200.0	3000.0	4392.083578005017	0.0	0	191.30702294800722	4592.083578005098	1	0	tensor(3)	2.994669281690559
108225.8623420596	3000.0	4366.2212359454315	0.0	0	0.0	4592.083578005098	1	0	tensor(3)	2.994669281690559
109200.0	3000.0	4392.083578005025	0.0	0	186.86137884983327	4592.083578005098	1	0	tensor(3)	2.994669281690559
110251.5885330518	3000.0	4340.495044953225	0.0	0	0.0	4592.083578005113	1	0	tensor(3)	2.994669281690558
111429.12583256292	3000.0	4162.9577454421105	0.0	0	0.0	4592.083578005113	1	0	tensor(3)	2.994669281690558
112535.78713240875	3000.0	4056.2964455962733	0.0	0	0.0	4592.083578005113	1	0	tensor(3)	2.994669281690558
113672.54214317254	3000.0	3919.5414348324853	0.0	0	0.0	4592.083578005113	1	0	tensor(3)	2.994669281690558
114320.81120427891	3000.0	4271.272373726115	0.0	0	0.0	4592.083578005113	1	0	tensor(3)	2.994669281690558
115200.0	3000.0	4392.083578005031	0.0	0	120.11953911506862	4592.083578005113	1	0	tensor(3)	2.994669281690558
116206.75083802095	3000.0	4385.332739984076	0.0	0	0.0	4592.083578005098	1	0	tensor(3)	2.994669281690559
117200.0	3000.0	4392.08357800502	0.0	0	284.1917893491336	4592.083578005084	1	0	tensor(3)	2.9946692816905607
118505.72147660957	6000.0	4086.362101395431	0.0	0	0.0	4592.083578005084	1	0	tensor(3)	3.3412428719705334
120233.40823420152	6000.0	3358.675343803497	0.0	0	0.0	4592.083578005084	1	0	tensor(3)	4.034390052530478
120948.49988050148	3000.0	3643.5836975035295	0.0	0	0.0	4592.083578005084	1	0	tensor(3)	2.3015221011306157
122487.61904554589	6000.0	3104.464532459108	0.0	0	0.0	4592.083578005084	1	0	tensor(3)	3.3412428719705334
124709.18330191197	6000.0	1882.9002760930198	0.0	0	0.0	4592.083578005069	1	0	tensor(3)	4.03439005253048
125465.50949626582	3000.0	2126.574081739179	0.0	0	0.0	4592.083578005069	1	0	tensor(3)	2.3015221011306175
126270.76772172377	3000.0	2321.3158562812296	0.0	0	0.0	4592.083578005055	1	0	tensor(3)	2.9946692816905633
126951.23352737747	3000.0	2640.8500506275304	0.0	0	0.0	4592.083578005055	1	0	tensor(3)	2.9946692816905633
127487.40385475488	3000.0	3104.6797232501235	0.0	0	0.0	4592.083578005055	1	0	tensor(3)	2.9946692816905633
128826.44506855698	6000.0	2765.638509448035	0.0	0	0.0	4592.08357800504	1	0	tensor(3)	3.341242871970538
129781.57577522832	3000.0	2810.5078027766826	0.0	0	0.0	4592.08357800504	1	0	tensor(3)	2.30152210113062
130407.51173200269	3000.0	3184.5718460023018	0.0	0	0.0	4592.08357800504	1	0	tensor(3)	2.994669281690565
131035.09504826546	3000.0	3556.988529739534	0.0	0	0.0	4592.08357800504	1	0	tensor(3)	2.994669281690565
131774.3010610557	3000.0	3817.78251694929	0.0	0	0.0	4592.08357800504	1	0	tensor(3)	2.994669281690565
132739.322020932	6000.0	3852.7615570729886	0.0	0	0.0	4592.083578005055	1	0	tensor(3)	3.3412428719705365
134391.09824095046	6000.0	3200.9853370545266	0.0	0	0.0	4592.083578005055	1	0	tensor(3)	4.034390052530481
135693.91969772693	6000.0	2898.1638802780826	0.0	0	0.0	4592.083578005084	1	0	tensor(3)	4.03439005253048
137671.46885135348	6000.0	1920.614726651566	0.0	0	0.0	4592.083578005084	1	0	tensor(3)	4.034390052530478
138522.74810896954	3000.0	2069.3354690354663	0.0	0	0.0	4592.083578005084	1	0	tensor(3)	2.3015221011306157
139560.25055932492	3000.0	2031.8330186800915	0.0	0	0.0	4592.083578005113	1	0	tensor(3)	2.994669281690558
140507.86058955383	3000.0	2084.2229884511707	0.0	0	0.0	4592.083578005084	1	0	tensor(3)	2.9946692816905607
141319.2991888901	2000.0	2272.784389114919	0.0	0	0.0	4592.083578005055	1	0	tensor(3)	1.9810065114201518
142032.37538096771	3000.0	2559.708197037268	0.0	0	0.0	4592.083578005055	1	0	tensor(3)	2.5892041735823987
143130.51590480065	3000.0	2461.567673204349	0.0	0	0.0	4592.083578005055	1	0	tensor(3)	2.9946692816905633
143649.26990463753	2000.0	2942.813673367439	0.0	0	0.0	4592.083578005055	1	0	tensor(3)	1.9810065114201518
144671.703641059	3000.0	2920.379936945986	0.0	0	0.0	4592.083578005026	1	0	tensor(3)	2.5892041735824014
146053.37033284598	3000.0	2538.713245158998	0.0	0	0.0	4592.083578005026	1	0	tensor(3)	2.994669281690566
146758.11880900766	2000.0	2833.9647689973017	0.0	0	0.0	4592.083578005026	1	0	tensor(3)	1.981006511420155
147990.1393440439	3000.0	2601.9442339610778	0.0	0	0.0	4592.083578005055	1	0	tensor(3)	2.5892041735823987
148529.34858953385	2000.0	3062.7349884711166	0.0	0	0.0	4592.083578005055	1	0	tensor(3)	1.9810065114201518
149191.0493887143	3000.0	3401.0341892906854	0.0	0	0.0	4592.083578005055	1	0	tensor(3)	2.5892041735823987
150007.82324253162	3000.0	3584.260335473378	0.0	0	0.0	4592.083578005055	1	0	tensor(3)	2.9946692816905633
151060.24861710443	3000.0	3531.834960900529	0.0	0	0.0	4592.083578005026	1	0	tensor(3)	2.994669281690566
152019.87378706541	3000.0	3572.209790939544	0.0	0	0.0	4592.083578005026	1	0	tensor(3)	2.994669281690566
152921.21818600807	3000.0	3670.8653919968833	0.0	0	0.0	4592.083578005026	1	0	tensor(3)	2.994669281690566
153533.58102522363	3000.0	4058.502552781278	0.0	0	0.0	4592.0835780049965	1	0	tensor(3)	2.9946692816905696
154764.3659512834	3000.0	3827.7176267215214	0.0	0	0.0	4592.0835780049965	1	0	tensor(3)	2.9946692816905696
155770.73086209138	3000.0	3821.352715913537	0.0	0	0.0	4592.083578005026	1	0	tensor(3)	2.994669281690566
157398.88282272403	6000.0	3193.20075528088	0.0	0	0.0	4592.083578005055	1	0	tensor(3)	3.341242871970536
158252.07240203363	3000.0	3340.011175971278	0.0	0	0.0	4592.083578005055	1	0	tensor(3)	2.3015221011306184
159313.8851143042	3000.0	3278.1984637006985	0.0	0	0.0	4592.083578005055	1	0	tensor(3)	2.9946692816905633
159993.22024505035	3000.0	3598.8633329545746	0.0	0	0.0	4592.083578005055	1	0	tensor(3)	2.9946692816905633
161325.9741023151	3000.0	3266.1094756898183	0.0	0	0.0	4592.083578005055	1	0	tensor(3)	2.9946692816905633
162036.06169242202	3000.0	3556.0218855828534	0.0	0	0.0	4592.083578005055	1	0	tensor(3)	2.9946692816905633
162748.0916848514	3000.0	3843.991893153533	0.0	0	0.0	4592.083578005055	1	0	tensor(3)	2.9946692816905633
163386.265138123	3000.0	4205.818439881912	0.0	0	0.0	4592.083578005026	1	0	tensor(3)	2.994669281690565
164207.59287238974	3000.0	4384.490705615157	0.0	0	0.0	4592.083578005026	1	0	tensor(3)	2.994669281690566
165869.77787037907	6000.0	3722.3057076257896	0.0	0	0.0	4592.0835780049965	1	0	tensor(3)	3.3412428719705423
166697.54147531735	3000.0	3894.542102687492	0.0	0	0.0	4592.083578004967	1	0	tensor(3)	2.3015221011306273
167622.78697746186	3000.0	3969.2966005430117	0.0	0	0.0	4592.083578004967	1	0	tensor(3)	2.9946692816905722
169109.4290070131	6000.0	3482.6545709917787	0.0	0	0.0	4592.083578004967	1	0	tensor(3)	3.341242871970545
170207.82068720358	3000.0	3384.2628908013116	0.0	0	0.0	4592.083578004967	1	0	tensor(3)	2.3015221011306273
171182.60920863625	3000.0	3409.4743693686487	0.0	0	0.0	4592.083578004938	1	0	tensor(3)	2.994669281690575
171893.09743158377	3000.0	3698.9861464211176	0.0	0	0.0	4592.083578004938	1	0	tensor(3)	2.994669281690575
172334.94712527277	2000.0	4257.136452732127	0.0	0	0.0	4592.083578004909	1	0	tensor(3)	1.9810065114201665
173200.0	3000.0	4392.083578004901	0.0	0	220.2391999240499	4592.083578004909	1	0	tensor(3)	2.589204173582414
174200.0	3000.0	4392.08357800488	0.0	0	33.3606062620529	4592.083578004909	1	0	tensor(3)	2.9946692816905784
175433.4064069902	3000.0	4158.677171014716	0.0	0	0.0	4592.083578004909	1	0	tensor(3)	2.9946692816905784
176456.98644074527	3000.0	4135.097137259632	0.0	0	0.0	4592.08357800488	1	0	tensor(3)	2.9946692816905798
177543.60644164716	3000.0	4048.477136357735	0.0	0	0.0	4592.08357800488	1	0	tensor(3)	2.994669281690581
178250.66469415562	3000.0	4341.4188838492955	0.0	0	0.0	4592.08357800488	1	0	tensor(3)	2.994669281690581
179200.0	3000.0	4392.083578004886	0.0	0	258.27509211181314	4592.083578004851	1	0	tensor(3)	2.9946692816905838
180200.0	3000.0	4392.083578004898	0.0	0	112.81653414550237	4592.083578004851	1	0	tensor(3)	2.9946692816905838
181264.47331409957	3000.0	4327.610263905353	0.0	0	0.0	4592.083578004851	1	0	tensor(3)	2.9946692816905838
182200.0	3000.0	4392.083578004928	0.0	0	151.1242087718565	4592.083578004851	1	0	tensor(3)	2.9946692816905838
183405.92929945778	3000.0	4186.154278547182	0.0	0	0.0	4592.083578004851	1	0	tensor(3)	2.9946692816905838
184525.20240444102	3000.0	4066.8811735639392	0.0	0	0.0	4592.083578004851	1	0	tensor(3)	2.9946692816905838
185288.96443780934	3000.0	4303.119140195645	0.0	0	0.0	4592.083578004851	1	0	tensor(3)	2.9946692816905838
186560.92405204367	3000.0	4031.159525961332	0.0	0	0.0	4592.083578004822	1	0	tensor(3)	2.994669281690587
187564.11279521088	3000.0	4027.970782794128	0.0	0	0.0	4592.083578004822	1	0	tensor(3)	2.994669281690587
188554.28900218598	3000.0	4037.794575818993	0.0	0	0.0	4592.083578004822	1	0	tensor(3)	2.994669281690587
189273.38244413803	3000.0	4318.701133866951	0.0	0	0.0	4592.083578004822	1	0	tensor(3)	2.994669281690587
190200.0	3000.0	4392.083578005015	0.0	0	153.32351314486004	4592.083578004822	1	0	tensor(3)	2.994669281690587
191200.0	3000.0	4392.083578005025	0.0	0	288.5993815328402	4592.083578004822	1	0	tensor(3)	2.994669281690587
192200.0	3000.0	4392.083578005018	0.0	0	428.8700890163891	4592.083578004822	1	0	tensor(3)	2.994669281690587
193236.39729715872	3000.0	4355.686280846335	0.0	0	0.0	4592.083578004822	1	0	tensor(3)	2.994669281690587
194200.0	3000.0	4392.083578005051	0.0	0	52.33511147464742	4592.083578004822	1	0	tensor(3)	2.994669281690587
195200.0	3000.0	4392.083578005051	0.0	0	36.91874232637929	4592.083578004793	1	0	tensor(3)	2.9946692816905873
196200.0	3000.0	4392.083578005054	0.0	0	0.36468287245952524	4592.083578004793	1	0	tensor(3)	2.9946692816905895
197200.0	3000.0	4392.083578005033	0.0	0	81.95254153560381	4592.083578004822	1	0	tensor(3)	2.994669281690587
198220.72952492625	3000.0	4371.3540530788205	0.0	0	0.0	4592.08357800488	1	0	tensor(3)	2.9946692816905833
199200.0	3000.0	4392.083578005076	0.0	0	73.85628300177632	4592.083578004909	1	0	tensor(3)	2.9946692816905784
200200.0	3000.0	4392.083578005085	0.0	0	49.78811018232955	4592.083578004938	1	0	tensor(3)	2.9946692816905776
201342.32672708953	3000.0	4249.756850915543	0.0	0	0.0	4592.083578004938	1	0	tensor(3)	2.9946692816905767
202200.0	3000.0	4392.083578005044	0.0	0	191.746713511704	4592.083578004938	1	0	tensor(3)	2.994669281690575
203445.5884189626	3000.0	4146.495159042445	0.0	0	0.0	4592.083578004909	1	0	tensor(3)	2.994669281690577
204548.85961156752	3000.0	4043.2239664375297	0.0	0	0.0	4592.083578004938	1	0	tensor(3)	2.9946692816905767
205840.0774005778	3000.0	3752.0061774272303	0.0	0	0.0	4592.083578004909	1	0	tensor(3)	2.9946692816905784
206589.94060499	3000.0	4002.142973015055	0.0	0	0.0	4592.083578004938	1	0	tensor(3)	2.994669281690575
207220.7781173501	3000.0	4371.305460654943	0.0	0	0.0	4592.083578004938	1	0	tensor(3)	2.994669281690575
208200.0	3000.0	4392.083578005013	0.0	0	153.05274618967087	4592.083578004909	1	0	tensor(3)	2.9946692816905784
209200.0	3000.0	4392.083578005008	0.0	0	406.3647526446148	4592.083578004909	1	0	tensor(3)	2.9946692816905784
210200.0	3000.0	4392.083578005028	0.0	0	21.659424316429067	4592.083578004909	1	0	tensor(3)	2.9946692816905784
211200.0	3000.0	4392.083578005046	0.0	0	316.99749395725667	4592.083578004909	1	0	tensor(3)	2.9946692816905784
212200.0	3000.0	4392.0835780050165	0.0	0	340.45257087866776	4592.083578004909	1	0	tensor(3)	2.9946692816905784
213325.23508471437	6000.0	4266.84849329065	0.0	0	0.0	4592.083578004909	1	0	tensor(3)	3.3412428719705503
215140.71375446758	6000.0	3451.3698235374445	0.0	0	0.0	4592.083578004909	1	0	tensor(3)	4.034390052530496
217070.4461643432	6000.0	2521.6374136618133	0.0	0	0.0	4592.083578004909	1	0	tensor(3)	4.034390052530496
218319.0264417715	3000.0	2273.057136233509	0.0	0	0.0	4592.083578004938	1	0	tensor(3)	2.3015221011306304
219297.4787631206	3000.0	2294.604814884408	0.0	0	0.0	4592.083578004967	1	0	tensor(3)	2.994669281690574
219986.7456660131	3000.0	2605.3379119919164	0.0	0	0.0	4592.0835780049965	1	0	tensor(3)	2.9946692816905696
221187.87894812427	3000.0	2404.204629880728	0.0	0	0.0	4592.0835780049965	1	0	tensor(3)	2.9946692816905696
222335.73135855046	3000.0	2256.352219454543	0.0	0	0.0	4592.0835780049965	1	0	tensor(3)	2.9946692816905696
223170.54544482633	3000.0	2421.538133178691	0.0	0	0.0	4592.0835780049965	1	0	tensor(3)	2.9946692816905696
223997.91908060183	2000.0	2594.1644974031806	0.0	0	0.0	4592.0835780049965	1	0	tensor(3)	1.981006511420158
224554.7200653575	2000.0	3037.363512647514	0.0	0	0.0	4592.083578004967	1	0	tensor(3)	2.3864716195283253
225158.37067168698	2000.0	3433.7129063180437	0.0	0	0.0	4592.083578004967	1	0	tensor(3)	2.3864716195283253
225725.95369363518	2000.0	3866.1298843698273	0.0	0	0.0	4592.083578004967	1	0	tensor(3)	2.3864716195283253
226200.0	2000.0	4392.08357800502	0.0	0	122.71305799265974	4592.0835780049965	1	0	tensor(3)	2.3864716195283227
227248.432280438	3000.0	4343.651297567032	0.0	0	0.0	4592.0835780049965	1	0	tensor(3)	2.589204173582405
228200.0	3000.0	4392.083578005011	0.0	0	218.43663785303943	4592.083578004967	1	0	tensor(3)	2.9946692816905722
229200.0	3000.0	4392.083578005034	0.0	0	283.2274240703846	4592.0835780049965	1	0	tensor(3)	2.9946692816905696
230200.0	6000.0	4392.083578005005	0.0	0	79.35235800492228	4592.083578004967	1	0	tensor(3)	3.341242871970545
231384.6578399062	6000.0	4207.425738098759	0.0	0	0.0	4592.083578004967	1	0	tensor(3)	4.03439005253049
232834.65632757713	6000.0	3757.4272504278215	0.0	0	0.0	4592.083578004967	1	0	tensor(3)	4.03439005253049
234963.03844589368	6000.0	2629.0451321112782	0.0	0	0.0	4592.083578004967	1	0	tensor(3)	4.03439005253049
235762.76085484258	3000.0	2829.3227231623623	0.0	0	0.0	4592.083578004967	1	0	tensor(3)	2.3015221011306273
236584.1622482485	3000.0	3007.9213297564256	0.0	0	0.0	4592.083578004967	1	0	tensor(3)	2.9946692816905722
237499.30046193537	3000.0	3092.7831160695287	0.0	0	0.0	4592.083578004967	1	0	tensor(3)	2.9946692816905722
238154.34561396975	3000.0	3437.737964035165	0.0	0	0.0	4592.083578004967	1	0	tensor(3)	2.9946692816905722
239193.51512316067	3000.0	3398.568454844242	0.0	0	0.0	4592.083578004967	1	0	tensor(3)	2.9946692816905722
239787.24676696825	3000.0	3804.836811036666	0.0	0	0.0	4592.0835780049965	1	0	tensor(3)	2.9946692816905696
240669.4776894643	3000.0	3922.6058885406583	0.0	0	0.0	4592.0835780049965	1	0	tensor(3)	2.9946692816905696
242077.94010978338	6000.0	3514.1434682216036	0.0	0	0.0	4592.0835780049965	1	0	tensor(3)	3.3412428719705423
243163.9803622899	6000.0	3428.1032157150657	0.0	0	0.0	4592.0835780049965	1	0	tensor(3)	4.034390052530487
244947.10025310426	6000.0	2644.9833249007584	0.0	0	0.0	4592.0835780049965	1	0	tensor(3)	4.034390052530487
245697.82470035518	3000.0	2894.2588776498324	0.0	0	0.0	4592.0835780049965	1	0	tensor(3)	2.3015221011306246
246322.71647916504	3000.0	3269.367098839995	0.0	0	0.0	4592.083578004967	1	0	tensor(3)	2.9946692816905722
247043.10141219504	3000.0	3548.9821658100104	0.0	0	0.0	4592.0835780049965	1	0	tensor(3)	2.9946692816905696
247644.2858000853	3000.0	3947.7977779197668	0.0	0	0.0	4592.0835780049965	1	0	tensor(3)	2.9946692816905696
248234.7155146558	3000.0	4357.368063349224	0.0	0	0.0	4592.0835780049965	1	0	tensor(3)	2.9946692816905696
249200.0	3000.0	4392.083578005015	0.0	0	240.34393898313283	4592.0835780049965	1	0	tensor(3)	2.9946692816905696
250500.9931622625	6000.0	4091.0904157424975	0.0	0	0.0	4592.0835780049965	1	0	tensor(3)	3.3412428719705423
251300.42265073725	3000.0	4291.660927267736	0.0	0	0.0	4592.0835780049965	1	0	tensor(3)	2.3015221011306246
252200.0	3000.0	4392.083578004994	0.0	0	186.26891265806626	4592.0835780049965	1	0	tensor(3)	2.9946692816905696
253200.0	3000.0	4392.083578005	0.0	0	112.45170365905506	4592.0835780049965	1	0	tensor(3)	2.9946692816905696
254200.0	3000.0	4392.0835780049765	0.0	0	254.80384609254543	4592.0835780049965	1	0	tensor(3)	2.9946692816905696
255200.0	3000.0	4392.083578005001	0.0	0	219.64403913210845	4592.083578005026	1	0	tensor(3)	2.994669281690566
256200.0	3000.0	4392.083578005009	0.0	0	86.53606195608154	4592.083578005026	1	0	tensor(3)	2.994669281690566
257229.018411122	3000.0	4363.06516688301	0.0	0	0.0	4592.0835780049965	1	0	tensor(3)	2.9946692816905696
258200.0	3000.0	4392.08357800503	0.0	0	222.95180480816634	4592.0835780049965	1	0	tensor(3)	2.9946692816905696
259200.0	3000.0	4392.083578005055	0.0	0	301.0966258425906	4592.0835780049965	1	0	tensor(3)	2.9946692816905696
260253.0338076203	3000.0	4339.049770384769	0.0	0	0.0	4592.083578004967	1	0	tensor(3)	2.9946692816905722
261200.0	3000.0	4392.083578005038	0.0	0	54.35167550732149	4592.083578004938	1	0	tensor(3)	2.994669281690573
262200.0	3000.0	4392.083578005064	0.0	0	73.92183631382068	4592.083578004938	1	0	tensor(3)	2.994669281690575
263200.0	3000.0	4392.0835780050265	0.0	0	118.73458658304298	4592.08357800488	1	0	tensor(3)	2.994669281690579
264200.0	3000.0	4392.083578005028	0.0	0	178.83819758647587	4592.083578004851	1	0	tensor(3)	2.994669281690583
265200.0	3000.0	4392.083578005081	0.0	0	401.29054382338654	4592.083578004909	1	0	tensor(3)	2.9946692816905816
266200.0	3000.0	4392.083578004983	0.0	0	500.733415848983	4592.083578004822	1	0	tensor(3)	2.9946692816905838
267999.85762199055	6000.0	3592.2259560144093	0.0	0	0.0	4592.083578004793	1	0	tensor(3)	3.3412428719705614
269349.26805073686	6000.0	3242.815527268161	0.0	0	0.0	4592.083578004735	1	0	tensor(3)	4.034390052530513
270368.4139735344	6000.0	3223.669604470613	0.0	0	0.0	4592.083578004735	1	0	tensor(3)	4.034390052530513
272107.51816799655	6000.0	2484.5654100084853	0.0	0	0.0	4592.083578004735	1	0	tensor(3)	4.034390052530513
273156.2556172717	3000.0	2435.827960733312	0.0	0	0.0	4592.083578004735	1	0	tensor(3)	2.301522101130651
274290.08443214896	3000.0	2301.9991458560644	0.0	0	0.0	4592.083578004735	1	0	tensor(3)	2.9946692816905958
275155.61660161964	3000.0	2436.466976385401	0.0	0	0.0	4592.083578004735	1	0	tensor(3)	2.9946692816905958
275614.3074666668	2000.0	2977.776111338258	0.0	0	0.0	4592.083578004793	1	0	tensor(3)	1.9810065114201783
276291.8975590015	3000.0	3300.186019003534	0.0	0	0.0	4592.083578004735	1	0	tensor(3)	2.5892041735824276
277269.0502013132	6000.0	3323.0333766917993	0.0	0	0.0	4592.083578004735	1	0	tensor(3)	3.341242871970568
278263.3617283407	3000.0	3328.721849664406	0.0	0	0.0	4592.083578004735	1	0	tensor(3)	2.301522101130651
279121.1417436313	3000.0	3470.9418343737793	0.0	0	0.0	4592.083578004676	1	0	tensor(3)	2.994669281690601
279724.5345381793	3000.0	3867.5490398257707	0.0	0	0.0	4592.083578004676	1	0	tensor(3)	2.994669281690601
280369.88774339005	3000.0	4222.19583461509	0.0	0	0.0	4592.083578004735	1	0	tensor(3)	2.994669281690597
281785.645564123	6000.0	3806.438013882176	0.0	0	0.0	4592.083578004735	1	0	tensor(3)	3.341242871970568
283351.260998616	6000.0	3240.8225793891856	0.0	0	0.0	4592.083578004676	1	0	tensor(3)	4.034390052530519
284735.65344841324	6000.0	2856.430129591862	0.0	0	0.0	4592.083578004676	1	0	tensor(3)	4.034390052530519
286808.49767614354	6000.0	1783.585901861595	0.0	0	0.0	4592.083578004676	1	0	tensor(3)	4.034390052530519
287490.2596309062	3000.0	2101.823947098967	0.0	0	0.0	4592.083578004676	1	0	tensor(3)	2.301522101130656
288410.8784281115	3000.0	2181.20514989367	0.0	0	0.0	4592.083578004676	1	0	tensor(3)	2.994669281690601
289335.7803947125	3000.0	2256.303183292637	0.0	0	0.0	4592.083578004676	1	0	tensor(3)	2.994669281690601
290104.5499786809	3000.0	2487.5335993241915	0.0	0	0.0	4592.083578004676	1	0	tensor(3)	2.994669281690601
291033.39629657567	3000.0	2558.687281429432	0.0	0	0.0	4592.083578004676	1	0	tensor(3)	2.994669281690601
291691.10953611165	3000.0	2900.974041893419	0.0	0	0.0	4592.083578004676	1	0	tensor(3)	2.994669281690601
292811.11598800344	3000.0	2780.967590001608	0.0	0	0.0	4592.083578004676	1	0	tensor(3)	2.994669281690601
293840.8205281896	3000.0	2751.263049815455	0.0	0	0.0	4592.083578004676	1	0	tensor(3)	2.994669281690601
294664.9047605807	3000.0	2927.1788174243343	0.0	0	0.0	4592.083578004676	1	0	tensor(3)	2.994669281690601
295772.2301532484	3000.0	2819.8534247565644	0.0	0	0.0	4592.083578004676	1	0	tensor(3)	2.994669281690601
296967.58784444514	3000.0	2624.4957335597733	0.0	0	0.0	4592.083578004676	1	0	tensor(3)	2.994669281690601
297520.1391402105	2000.0	3071.9444377943983	0.0	0	0.0	4592.083578004676	1	0	tensor(3)	1.9810065114201898
298088.7450788542	3000.0	3503.3384991507946	0.0	0	0.0	4592.083578004676	1	0	tensor(3)	2.5892041735824365
299514.52094523166	6000.0	3077.562632773361	0.0	0	0.0	4592.083578004676	1	0	tensor(3)	3.341242871970574
300528.6610768194	3000.0	3063.4225011855638	0.0	0	0.0	4592.083578004618	1	0	tensor(3)	2.301522101130661
301088.54552882037	3000.0	3503.5380491846304	0.0	0	0.0	4592.083578004676	1	0	tensor(3)	2.994669281690601
3.86	2.51	5.04	3.3	4.49	3.53	4.03	2.71	3.98	4.75	3.05	5.24	4.08	4.15	4.2	3.7	2.1	2.84	4.25	3.88	3.53	3.06	3.89	3.61	3.66	4.02	4.17	3.29	4.14	3.09	3.64	3.2	3.08	2.76	4.67	3.3	3.79	3.82	4.43	3.57	3.21	3.78	3.8	3.5	3.27	3.03	4.33	3.45	3.98	2.99	3.43	2.8	2.79	4.47	3.24	4.53	2.76	3.68	5.98	5.15	2.53	4.25	3.93	3.0	2.39	3.68	5.37	2.78	3.35	3.44	3.16	2.7	4.73	3.23	3.45	5.15	5.02	4.47	3.09	4.31	3.59	2.83	4.32	4.83	3.94	3.75	4.65	4.34	5.95	4.44	3.3	4.05	4.26	4.47	3.96	4.6	3.36	3.98	3.63	3.36	3.94	4.01	3.74	3.65	3.97	4.05	2.83	3.86	2.97	3.65	3.73	3.89	4.87	4.17	4.53	3.42	5.04	4.63	4.55	3.32	3.1	4.24	4.68	5.07	3.32	4.01	4.81	5.47	5.2	4.32	4.71	4.63	3.36	3.76	3.63	4.18	3.32	3.54	3.46	3.52	3.89	2.5	3.21	3.1	5.24	2.97	3.43	4.15	4.18	3.9	3.86	2.51	5.04	3.3	4.49	3.53	4.03	2.71	3.98	4.75	3.05	5.24	4.08	4.15	4.2	3.7	2.1	2.84	4.25	3.88	3.53	3.06	3.89	3.61	3.66	4.02	4.17	3.29	4.14	3.09	3.64	3.2	3.08	2.76	4.67	3.3	3.79	3.82	4.43	3.57	3.21	3.78	3.8	3.5	3.27	3.03	4.33	3.45	3.98	2.99	3.43	2.8	2.79	4.47	3.24	4.53	2.76	3.68	5.98	5.15	2.53	4.25	3.93	3.0	2.39	3.68	5.37	2.78	3.35	3.44	3.16	2.7	4.73	3.23	3.45	5.15	5.02	4.47	3.09	4.31	3.59	2.83	4.32	4.83	3.94	3.75	4.65	4.34	5.95	4.44	3.3	4.05	4.26	4.47	3.96	4.6	3.36	3.98	3.63	3.36	3.94	4.01	3.74	3.65	3.97	4.05	2.83	3.86	2.97	3.65	3.73	3.89	4.87	4.17	4.53	3.42	5.04	4.63	4.55	3.32	3.1	4.24	4.68	5.07	3.32	4.01	4.81	5.47	5.2	4.32	4.71	4.63	3.36	3.76	3.63	4.18	3.32	3.54	3.46	3.52	3.89	2.5	3.21	3.1	5.24	2.97	3.43	4.15	4.18	3.9	3.86	2.51	5.04
1.0	2.0	3.0	4.0	5.0	6.0	7.0	8.0	9.0	10.0	11.0	12.0	13.0	14.0	15.0	16.0	17.0	18.0	19.0	20.0	21.0	22.0	23.0	24.0	25.0	26.0	27.0	28.0	29.0	30.0	31.0	32.0	33.0	34.0	35.0	36.0	37.0	38.0	39.0	40.0	41.0	42.0	43.0	44.0	45.0	46.0	47.0	48.0	49.0	50.0	51.0	52.0	53.0	54.0	55.0	56.0	57.0	58.0	59.0	60.0	61.0	62.0	63.0	64.0	65.0	66.0	67.0	68.0	69.0	70.0	71.0	72.0	73.0	74.0	75.0	76.0	77.0	78.0	79.0	80.0	81.0	82.0	83.0	84.0	85.0	86.0	87.0	88.0	89.0	90.0	91.0	92.0	93.0	94.0	95.0	96.0	97.0	98.0	99.0	100.0	101.0	102.0	103.0	104.0	105.0	106.0	107.0	108.0	109.0	110.0	111.0	112.0	113.0	114.0	115.0	116.0	117.0	118.0	119.0	120.0	121.0	122.0	123.0	124.0	125.0	126.0	127.0	128.0	129.0	130.0	131.0	132.0	133.0	134.0	135.0	136.0	137.0	138.0	139.0	140.0	141.0	142.0	143.0	144.0	145.0	146.0	147.0	148.0	149.0	149.0	150.0	151.0	152.0	153.0	154.0	155.0	156.0	157.0	158.0	159.0	160.0	161.0	162.0	163.0	164.0	165.0	166.0	167.0	168.0	169.0	170.0	171.0	172.0	173.0	174.0	175.0	176.0	177.0	178.0	179.0	180.0	181.0	182.0	183.0	184.0	185.0	186.0	187.0	188.0	189.0	190.0	191.0	192.0	193.0	194.0	195.0	196.0	197.0	198.0	199.0	200.0	201.0	202.0	203.0	204.0	205.0	206.0	207.0	208.0	209.0	210.0	211.0	212.0	213.0	214.0	215.0	216.0	217.0	218.0	219.0	220.0	221.0	222.0	223.0	224.0	225.0	226.0	227.0	228.0	229.0	230.0	231.0	232.0	233.0	234.0	235.0	236.0	237.0	238.0	239.0	240.0	241.0	242.0	243.0	244.0	245.0	246.0	247.0	248.0	249.0	250.0	251.0	252.0	253.0	254.0	255.0	256.0	257.0	258.0	259.0	260.0	261.0	262.0	263.0	264.0	265.0	266.0	267.0	268.0	269.0	270.0	271.0	272.0	273.0	274.0	275.0	276.0	277.0	278.0	279.0	280.0	281.0	282.0	283.0	284.0	285.0	286.0	287.0	288.0	289.0	290.0	291.0	292.0	293.0	294.0	295.0	296.0	297.0	298.0	298.0	299.0	300.0	301.0
4141.808634151009
