4356.276409204822	1000.0	2000.0	291.9722815920014	0	0.0	4356.276409204822	1	0	tensor(3)	-1.5787473961484373
4820.317055480153	2000.0	2535.9593537246697	0.0	0	0.0	4356.276409204823	1	0	tensor(3)	1.7169051558483948
5311.024139340391	2000.0	3045.25226986443	0.0	0	0.0	4356.276409204822	1	0	tensor(3)	2.4100523364083397
6350.6032859799025	3000.0	3005.673123224919	0.0	0	0.0	4356.276409204823	1	0	tensor(3)	2.6127848904624225
7093.371671681049	3000.0	3262.9047375237724	0.0	0	0.0	4356.276409204822	1	0	tensor(3)	3.018249998570587
7656.081430455752	3000.0	3700.1949787490694	0.0	0	0.0	4356.276409204822	1	0	tensor(3)	3.018249998570587
10064.605280541307	6000.0	2291.671128663515	0.0	0	0.0	4356.276409204824	1	0	tensor(3)	3.3648235888505593
10901.157343044637	3000.0	2455.119066160187	0.0	0	0.0	4356.276409204826	1	0	tensor(3)	2.3251028180106412
12041.449914303355	3000.0	2314.8264949014665	0.0	0	0.0	4356.276409204825	1	0	tensor(3)	3.018249998570587
12943.750150259626	3000.0	2412.526258945195	0.0	0	0.0	4356.276409204824	1	0	tensor(3)	3.018249998570587
13717.606705229033	3000.0	2638.669703975787	0.0	0	0.0	4356.276409204824	1	0	tensor(3)	3.018249998570587
15237.576047317165	3000.0	2118.700361887656	0.0	0	0.0	4356.276409204824	1	0	tensor(3)	3.018249998570587
15665.35868620388	2000.0	2690.917723000944	0.0	0	0.0	4356.2764092048255	1	0	tensor(3)	2.004587228300175
16344.443943958413	2000.0	3011.832465246411	0.0	0	0.0	4356.276409204827	1	0	tensor(3)	2.4100523364083393
17257.538855128136	3000.0	3098.737554076688	0.0	0	0.0	4356.276409204827	1	0	tensor(3)	2.6127848904624216
18366.06355075241	3000.0	2990.212858452411	0.0	0	0.0	4356.276409204824	1	0	tensor(3)	3.018249998570587
19227.346487937506	3000.0	3128.9299212673186	0.0	0	0.0	4356.276409204829	1	0	tensor(3)	3.018249998570586
19961.66423304724	3000.0	3394.612176157589	0.0	0	0.0	4356.276409204833	1	0	tensor(3)	3.0182499985705857
21083.790464333986	3000.0	3272.4859448708376	0.0	0	0.0	4356.276409204831	1	0	tensor(3)	3.0182499985705857
21790.710472009814	2000.0	3565.565937195007	0.0	0	0.0	4356.276409204831	1	0	tensor(3)	2.004587228300174
23128.306564562878	3000.0	3227.9698446419434	0.0	0	0.0	4356.276409204827	1	0	tensor(3)	2.6127848904624216
23712.00992206746	2000.0	3644.2664871373618	0.0	0	0.0	4356.276409204827	1	0	tensor(3)	2.0045872283001747
24440.50313017294	2000.0	3915.7732790318864	0.0	0	0.0	4356.276409204827	1	0	tensor(3)	2.4100523364083393
25200.0	3000.0	4156.2764092048255	0.0	0	29.704240183669754	4356.276409204827	1	0	tensor(3)	2.6127848904624216
26463.629472206667	6000.0	3892.6469369981564	0.0	0	0.0	4356.276409204827	1	0	tensor(3)	3.364823588850559
27430.600269168237	3000.0	3925.6761400365854	0.0	0	0.0	4356.276409204827	1	0	tensor(3)	2.3251028180106412
28250.607857279792	3000.0	4105.6685519250295	0.0	0	0.0	4356.276409204827	1	0	tensor(3)	3.018249998570586
29200.0	3000.0	4156.276409204822	0.0	0	50.01117263578999	4356.276409204824	1	0	tensor(3)	3.018249998570587
30304.564154020652	3000.0	4051.7122551841653	0.0	0	0.0	4356.276409204824	1	0	tensor(3)	3.018249998570587
31200.0	3000.0	4156.27640920482	0.0	0	19.156588426314556	4356.276409204824	1	0	tensor(3)	3.018249998570587
32200.0	3000.0	4156.2764092048255	0.0	0	313.6098242918306	4356.276409204824	1	0	tensor(3)	3.018249998570587
33221.60157758876	3000.0	4134.674831616059	0.0	0	0.0	4356.276409204813	1	0	tensor(3)	3.0182499985705875
34200.0	3000.0	4156.276409204821	0.0	0	262.5386154534499	4356.27640920482	1	0	tensor(3)	3.018249998570587
35200.0	3000.0	4156.276409204828	0.0	0	73.32998803916416	4356.276409204831	1	0	tensor(3)	3.018249998570586
36200.0	3000.0	4156.276409204829	0.0	0	281.02572077402874	4356.276409204827	1	0	tensor(3)	3.0182499985705857
37200.0	3000.0	4156.276409204831	0.0	0	65.75717714631173	4356.276409204831	1	0	tensor(3)	3.0182499985705866
38387.53409278159	3000.0	3968.7423164232414	0.0	0	0.0	4356.276409204831	1	0	tensor(3)	3.0182499985705857
39572.37475175008	3000.0	3783.9016574547554	0.0	0	0.0	4356.276409204831	1	0	tensor(3)	3.0182499985705857
40409.58811096786	3000.0	3946.6882982369757	0.0	0	0.0	4356.276409204831	1	0	tensor(3)	3.0182499985705857
41448.996239258915	3000.0	3907.280169945919	0.0	0	0.0	4356.276409204831	1	0	tensor(3)	3.0182499985705857
42200.0	3000.0	4156.276409204838	0.0	0	105.57395001383702	4356.276409204838	1	0	tensor(3)	3.0182499985705853
43200.0	3000.0	4156.276409204842	0.0	0	158.63488247281202	4356.276409204831	1	0	tensor(3)	3.0182499985705857
44380.0148907369	3000.0	3976.261518467946	0.0	0	0.0	4356.276409204831	1	0	tensor(3)	3.0182499985705857
45200.0	3000.0	4156.276409204847	0.0	0	37.65877081194776	4356.276409204831	1	0	tensor(3)	3.0182499985705857
46432.59040098986	3000.0	3923.686008214994	0.0	0	0.0	4356.276409204831	1	0	tensor(3)	3.0182499985705857
47367.409031900585	3000.0	3988.8673773042674	0.0	0	0.0	4356.276409204831	1	0	tensor(3)	3.0182499985705857
48203.395769901515	3000.0	4152.88063930333	0.0	0	0.0	4356.276409204831	1	0	tensor(3)	3.0182499985705857
49200.0	3000.0	4156.27640920485	0.0	0	141.40304956613545	4356.276409204831	1	0	tensor(3)	3.0182499985705857
50593.40845433656	3000.0	3762.867954868297	0.0	0	0.0	4356.276409204831	1	0	tensor(3)	3.0182499985705857
51327.747062760136	3000.0	4028.5293464447163	0.0	0	0.0	4356.276409204831	1	0	tensor(3)	3.0182499985705857
52200.0	3000.0	4156.276409204855	0.0	0	156.93837395973242	4356.276409204831	1	0	tensor(3)	3.0182499985705857
53221.99078058422	3000.0	4134.285628620636	0.0	0	0.0	4356.276409204831	1	0	tensor(3)	3.0182499985705857
54200.0	3000.0	4156.276409204854	0.0	0	197.50682944987057	4356.276409204831	1	0	tensor(3)	3.0182499985705857
55482.331078844676	3000.0	3873.9453303601767	0.0	0	0.0	4356.276409204831	1	0	tensor(3)	3.0182499985705857
56526.81230754861	3000.0	3829.464101656256	0.0	0	0.0	4356.276409204831	1	0	tensor(3)	3.0182499985705857
57345.085633973744	3000.0	4011.190775231119	0.0	0	0.0	4356.276409204831	1	0	tensor(3)	3.0182499985705857
58200.0	3000.0	4156.276409204868	0.0	0	176.6896123448969	4356.276409204838	1	0	tensor(3)	3.0182499985705853
59248.862379378064	3000.0	4107.414029826805	0.0	0	0.0	4356.276409204838	1	0	tensor(3)	3.0182499985705853
60299.53763606829	3000.0	4056.738773136578	0.0	0	0.0	4356.276409204838	1	0	tensor(3)	3.0182499985705853
61230.95322237881	3000.0	4125.323186826052	0.0	0	0.0	4356.276409204838	1	0	tensor(3)	3.0182499985705853
62536.63311806628	6000.0	3819.6432911385814	0.0	0	0.0	4356.276409204846	1	0	tensor(3)	3.364823588850557
63371.927303535274	3000.0	3984.349105669585	0.0	0	0.0	4356.276409204846	1	0	tensor(3)	2.32510281801064
65895.48000514314	6000.0	2460.79640406172	0.0	0	0.0	4356.276409204853	1	0	tensor(3)	3.3648235888505567
66492.85466485561	3000.0	2863.4217443492385	0.0	0	0.0	4356.276409204846	1	0	tensor(3)	2.325102818010639
67170.19487006273	3000.0	3186.0815391421243	0.0	0	0.0	4356.276409204846	1	0	tensor(3)	3.0182499985705844
67804.20268384482	3000.0	3552.0737253600255	0.0	0	0.0	4356.276409204846	1	0	tensor(3)	3.0182499985705844
69778.38725649843	6000.0	2577.8891527064175	0.0	0	0.0	4356.276409204853	1	0	tensor(3)	3.364823588850557
70627.929387621	3000.0	2728.3470215838483	0.0	0	0.0	4356.276409204846	1	0	tensor(3)	2.32510281801064
71509.49910699693	3000.0	2846.7773022079186	0.0	0	0.0	4356.276409204846	1	0	tensor(3)	3.0182499985705844
72330.17306774187	3000.0	3026.1033414629774	0.0	0	0.0	4356.276409204846	1	0	tensor(3)	3.0182499985705844
73098.78931757284	3000.0	3257.4870916320224	0.0	0	0.0	4356.276409204846	1	0	tensor(3)	3.0182499985705844
73890.57564197113	3000.0	3465.700767233733	0.0	0	0.0	4356.276409204846	1	0	tensor(3)	3.0182499985705844
74679.05734863094	3000.0	3677.219060573926	0.0	0	0.0	4356.27640920486	1	0	tensor(3)	3.018249998570583
75328.34839343264	3000.0	4027.928015772224	0.0	0	0.0	4356.276409204846	1	0	tensor(3)	3.0182499985705844
76200.0	3000.0	4156.276409204869	0.0	0	68.30171526661434	4356.27640920486	1	0	tensor(3)	3.018249998570583
77488.7491829159	6000.0	3867.527226288967	0.0	0	0.0	4356.276409204875	1	0	tensor(3)	3.3648235888505544
78300.16642310732	3000.0	4056.1099860975387	0.0	0	0.0	4356.27640920486	1	0	tensor(3)	2.325102818010638
79937.94633088254	6000.0	3418.3300783223126	0.0	0	0.0	4356.276409204846	1	0	tensor(3)	3.364823588850557
82111.23464919414	6000.0	2245.04176001071	0.0	0	0.0	4356.276409204846	1	0	tensor(3)	4.0579707694105025
82792.6512694654	3000.0	2563.6251397394617	0.0	0	0.0	4356.276409204846	1	0	tensor(3)	2.32510281801064
83565.88430664876	3000.0	2790.392102556087	0.0	0	0.0	4356.276409204846	1	0	tensor(3)	3.0182499985705844
84574.67752222513	3000.0	2781.5988869797297	0.0	0	0.0	4356.27640920486	1	0	tensor(3)	3.018249998570583
85330.12814280132	2000.0	3026.148266403553	0.0	0	0.0	4356.27640920486	1	0	tensor(3)	2.0045872283001716
85952.25780372178	2000.0	3404.018605483082	0.0	0	0.0	4356.27640920486	1	0	tensor(3)	2.410052336408336
86708.2278897755	2000.0	3648.048519429357	0.0	0	0.0	4356.27640920486	1	0	tensor(3)	2.410052336408336
87421.49893373229	2000.0	3934.7774754725697	0.0	0	0.0	4356.276409204846	1	0	tensor(3)	2.4100523364083375
88490.72589794625	3000.0	3865.5505112586147	0.0	0	0.0	4356.276409204846	1	0	tensor(3)	2.61278489046242
89382.03216329278	3000.0	3974.244245912068	0.0	0	0.0	4356.276409204831	1	0	tensor(3)	3.0182499985705857
90662.05336720485	3000.0	3694.2230419999946	0.0	0	0.0	4356.276409204831	1	0	tensor(3)	3.0182499985705857
91539.05458274255	3000.0	3817.2218264622834	0.0	0	0.0	4356.276409204831	1	0	tensor(3)	3.0182499985705857
92511.76653125459	3000.0	3844.509877950272	0.0	0	0.0	4356.276409204831	1	0	tensor(3)	3.0182499985705857
93334.07819090094	3000.0	4022.1982183039186	0.0	0	0.0	4356.276409204846	1	0	tensor(3)	3.0182499985705844
94200.0	3000.0	4156.2764092048565	0.0	0	177.59007070983353	4356.276409204846	1	0	tensor(3)	3.0182499985705844
95252.05221445851	6000.0	4104.224194746366	0.0	0	0.0	4356.276409204846	1	0	tensor(3)	3.364823588850557
96653.46291534975	6000.0	3702.8134938551266	0.0	0	0.0	4356.27640920486	1	0	tensor(3)	4.057970769410501
97412.34872524593	3000.0	3943.927683958934	0.0	0	0.0	4356.27640920486	1	0	tensor(3)	2.325102818010638
98200.0	3000.0	4156.276409204873	0.0	0	120.41733133560047	4356.27640920486	1	0	tensor(3)	3.018249998570583
99200.0	3000.0	4156.276409204873	0.0	0	262.2682871866418	4356.27640920486	1	0	tensor(3)	3.018249998570583
100352.40057692787	3000.0	4003.875832277014	0.0	0	0.0	4356.27640920486	1	0	tensor(3)	3.018249998570583
101209.43792948747	3000.0	4146.838479717402	0.0	0	0.0	4356.27640920486	1	0	tensor(3)	3.018249998570583
102353.83161141467	3000.0	4002.4447977901978	0.0	0	0.0	4356.27640920486	1	0	tensor(3)	3.018249998570583
103493.70844415632	3000.0	3862.567965048542	0.0	0	0.0	4356.27640920486	1	0	tensor(3)	3.018249998570583
104304.7445723747	3000.0	4051.5318368301687	0.0	0	0.0	4356.27640920486	1	0	tensor(3)	3.018249998570583
105382.58367973474	3000.0	3973.692729470117	0.0	0	0.0	4356.276409204875	1	0	tensor(3)	3.0182499985705817
106422.26680626711	3000.0	3934.009602937724	0.0	0	0.0	4356.276409204875	1	0	tensor(3)	3.0182499985705817
107493.31528384166	3000.0	3862.9611253631665	0.0	0	0.0	4356.27640920486	1	0	tensor(3)	3.018249998570583
108200.0	2000.0	4156.276409204822	0.0	0	14.366125367596396	4356.27640920486	1	0	tensor(3)	2.0045872283001716
109287.74108232379	3000.0	4068.535326881059	0.0	0	0.0	4356.27640920486	1	0	tensor(3)	2.6127848904624185
110200.0	2000.0	4156.276409204853	0.0	0	177.40408372317324	4356.27640920486	1	0	tensor(3)	2.0045872283001716
111327.27856621565	3000.0	4028.9978429892003	0.0	0	0.0	4356.27640920486	1	0	tensor(3)	2.6127848904624185
112411.75079516736	3000.0	3944.525614037474	0.0	0	0.0	4356.27640920486	1	0	tensor(3)	3.018249998570583
113200.0	3000.0	4156.276409204831	0.0	0	58.48723750682257	4356.27640920486	1	0	tensor(3)	3.018249998570583
114200.0	3000.0	4156.27640920484	0.0	0	123.05879000137793	4356.276409204875	1	0	tensor(3)	3.0182499985705817
115200.0	3000.0	4156.276409204837	0.0	0	39.13198654727603	4356.27640920486	1	0	tensor(3)	3.018249998570583
116200.0	3000.0	4156.276409204833	0.0	0	29.589716690272326	4356.27640920486	1	0	tensor(3)	3.018249998570583
117295.73484533245	3000.0	4060.541563872386	0.0	0	0.0	4356.27640920486	1	0	tensor(3)	3.018249998570583
118631.45819048618	3000.0	3724.8182187186335	0.0	0	0.0	4356.27640920486	1	0	tensor(3)	3.018249998570583
119556.2268074908	3000.0	3800.049601714013	0.0	0	0.0	4356.27640920486	1	0	tensor(3)	3.018249998570583
120441.02680136044	3000.0	3915.249607844371	0.0	0	0.0	4356.27640920486	1	0	tensor(3)	3.018249998570583
121384.25249070948	3000.0	3972.0239184953307	0.0	0	0.0	4356.27640920486	1	0	tensor(3)	3.018249998570583
122351.32206469058	3000.0	4004.954344514238	0.0	0	0.0	4356.27640920486	1	0	tensor(3)	3.018249998570583
123498.26985581538	3000.0	3858.0065533894444	0.0	0	0.0	4356.27640920486	1	0	tensor(3)	3.018249998570583
125072.1403897312	3000.0	3284.1360194736435	0.0	0	0.0	4356.27640920486	1	0	tensor(3)	3.018249998570583
126088.86500710835	3000.0	3267.411402096506	0.0	0	0.0	4356.276409204875	1	0	tensor(3)	3.0182499985705817
126769.57732312017	3000.0	3586.6990860846745	0.0	0	0.0	4356.276409204875	1	0	tensor(3)	3.0182499985705817
127408.81539658963	3000.0	3947.461012615231	0.0	0	0.0	4356.276409204875	1	0	tensor(3)	3.0182499985705817
128200.0	3000.0	4156.276409204873	0.0	0	219.47445796293323	4356.276409204875	1	0	tensor(3)	3.0182499985705817
130222.51517936046	6000.0	3133.7612298444237	0.0	0	0.0	4356.276409204875	1	0	tensor(3)	3.3648235888505544
130917.96489838084	3000.0	3438.3115108240354	0.0	0	0.0	4356.276409204875	1	0	tensor(3)	2.325102818010637
132201.74184441872	6000.0	3154.534564786137	0.0	0	0.0	4356.276409204846	1	0	tensor(3)	3.3648235888505553
132944.5299393192	3000.0	3411.74646988562	0.0	0	0.0	4356.276409204802	1	0	tensor(3)	2.325102818010643
133561.4219798773	3000.0	3794.8544293275245	0.0	0	0.0	4356.276409204816	1	0	tensor(3)	3.0182499985705875
134374.7214597234	3000.0	3981.554949481426	0.0	0	0.0	4356.276409204787	1	0	tensor(3)	3.0182499985705897
135896.53874454496	6000.0	3459.737664659864	0.0	0	0.0	4356.276409204787	1	0	tensor(3)	3.3648235888505633
136657.71513512445	3000.0	3698.561274080392	0.0	0	0.0	4356.276409204787	1	0	tensor(3)	2.3251028180106452
139237.9343402427	6000.0	2118.342068962136	0.0	0	0.0	4356.276409204787	1	0	tensor(3)	3.364823588850563
140079.94978898484	3000.0	2276.3266202199875	0.0	0	0.0	4356.276409204787	1	0	tensor(3)	2.3251028180106452
140585.5501449272	2000.0	2770.726264277596	0.0	0	0.0	4356.276409204787	1	0	tensor(3)	2.0045872283001787
141820.8323764478	3000.0	2535.4440327569832	0.0	0	0.0	4356.276409204787	1	0	tensor(3)	2.6127848904624256
143052.4368451363	3000.0	2303.8395640684557	0.0	0	0.0	4356.276409204758	1	0	tensor(3)	3.0182499985705933
143579.0593607642	2000.0	2777.217048440567	0.0	0	0.0	4356.276409204758	1	0	tensor(3)	2.0045872283001818
144194.09262118387	3000.0	3162.1837880209023	0.0	0	0.0	4356.276409204758	1	0	tensor(3)	2.6127848904624287
144967.36528880525	3000.0	3388.9111203995385	0.0	0	0.0	4356.276409204758	1	0	tensor(3)	3.0182499985705933
146059.68957495946	3000.0	3296.5868342453346	0.0	0	0.0	4356.276409204758	1	0	tensor(3)	3.0182499985705933
146925.23611078187	3000.0	3431.0402984229117	0.0	0	0.0	4356.276409204758	1	0	tensor(3)	3.0182499985705933
148182.2314236661	3000.0	3174.0449855386787	0.0	0	0.0	4356.276409204729	1	0	tensor(3)	3.0182499985705964
149335.26965484215	3000.0	3021.006754362628	0.0	0	0.0	4356.276409204729	1	0	tensor(3)	3.0182499985705964
150038.51513561187	2000.0	3317.7612735928838	0.0	0	0.0	4356.276409204729	1	0	tensor(3)	2.004587228300185
150894.87071620292	3000.0	3461.405693001804	0.0	0	0.0	4356.2764092047	1	0	tensor(3)	2.6127848904624345
151726.98588560603	3000.0	3629.290523598699	0.0	0	0.0	4356.2764092047	1	0	tensor(3)	3.018249998570599
152564.85015655335	3000.0	3791.4262526513817	0.0	0	0.0	4356.276409204671	1	0	tensor(3)	3.0182499985706017
153453.71685664754	3000.0	3902.5595525572276	0.0	0	0.0	4356.276409204671	1	0	tensor(3)	3.0182499985706017
154432.9022786824	3000.0	3923.3741305223657	0.0	0	0.0	4356.2764092047	1	0	tensor(3)	3.018249998570599
155200.0	3000.0	4156.276409204782	0.0	0	109.48980940986075	4356.2764092047	1	0	tensor(3)	3.018249998570599
156200.0	3000.0	4156.276409204804	0.0	0	404.75147853195085	4356.2764092047	1	0	tensor(3)	3.018249998570599
157535.12870536977	6000.0	3821.1477038350527	0.0	0	0.0	4356.2764092047	1	0	tensor(3)	3.3648235888505718
158846.32451822952	3000.0	3509.951890975346	0.0	0	0.0	4356.2764092047	1	0	tensor(3)	2.325102818010654
159725.22158465057	3000.0	3631.0548245542823	0.0	0	0.0	4356.2764092047	1	0	tensor(3)	3.018249998570599
160588.23975929836	3000.0	3768.0366499065394	0.0	0	0.0	4356.2764092047	1	0	tensor(3)	3.018249998570599
161547.9019177348	3000.0	3808.37449147011	0.0	0	0.0	4356.276409204729	1	0	tensor(3)	3.0182499985705964
162360.54008691158	3000.0	3995.736322293279	0.0	0	0.0	4356.276409204729	1	0	tensor(3)	3.0182499985705964
163777.77415558824	3000.0	3578.5022536165834	0.0	0	0.0	4356.2764092047	1	0	tensor(3)	3.018249998570598
164573.01366573418	3000.0	3783.262743470613	0.0	0	0.0	4356.276409204671	1	0	tensor(3)	3.0182499985706017
165754.12867667773	3000.0	3602.14773252709	0.0	0	0.0	4356.276409204671	1	0	tensor(3)	3.0182499985706017
166619.3323511332	3000.0	3736.944058071621	0.0	0	0.0	4356.276409204671	1	0	tensor(3)	3.0182499985706017
167532.08313152872	3000.0	3824.193277676101	0.0	0	0.0	4356.276409204671	1	0	tensor(3)	3.0182499985706017
168235.03384067243	3000.0	4121.242568532385	0.0	0	0.0	4356.276409204671	1	0	tensor(3)	3.0182499985706017
169200.0	3000.0	4156.27640920482	0.0	0	36.72248878364917	4356.276409204671	1	0	tensor(3)	3.0182499985706017
170649.94638965194	3000.0	3706.330019552855	0.0	0	0.0	4356.2764092047	1	0	tensor(3)	3.0182499985705995
171759.8445365128	3000.0	3596.431872692007	0.0	0	0.0	4356.2764092047	1	0	tensor(3)	3.018249998570599
172459.50148592645	3000.0	3896.774923278345	0.0	0	0.0	4356.2764092047	1	0	tensor(3)	3.018249998570599
173200.0	3000.0	4156.276409204832	0.0	0	94.39646326116053	4356.276409204758	1	0	tensor(3)	3.018249998570595
174200.0	3000.0	4156.27640920483	0.0	0	259.79279499093536	4356.276409204758	1	0	tensor(3)	3.0182499985705933
175543.1720249764	6000.0	3813.1043842284193	0.0	0	0.0	4356.276409204758	1	0	tensor(3)	3.364823588850566
176200.0	3000.0	4156.276409204798	0.0	0	0.10121101784170605	4356.276409204758	1	0	tensor(3)	2.3251028180106488
177200.0	3000.0	4156.276409204793	0.0	0	250.71713740643463	4356.276409204758	1	0	tensor(3)	3.0182499985705933
178200.0	3000.0	4156.276409204817	0.0	0	263.59349444220425	4356.276409204758	1	0	tensor(3)	3.0182499985705933
179200.0	3000.0	4156.276409204816	0.0	0	138.82970281742746	4356.276409204758	1	0	tensor(3)	3.0182499985705933
180241.44956477388	3000.0	4114.82684443094	0.0	0	0.0	4356.276409204729	1	0	tensor(3)	3.0182499985705955
181200.0	3000.0	4156.276409204785	0.0	0	315.21729584762943	4356.276409204729	1	0	tensor(3)	3.0182499985705964
182200.0	3000.0	4156.276409204755	0.0	0	263.3375161300646	4356.276409204729	1	0	tensor(3)	3.0182499985705964
183200.0	3000.0	4156.276409204787	0.0	0	206.0069006413105	4356.276409204729	1	0	tensor(3)	3.0182499985705964
184200.0	3000.0	4156.276409204785	0.0	0	228.32057206338504	4356.276409204729	1	0	tensor(3)	3.0182499985705964
185200.0	3000.0	4156.27640920481	0.0	0	301.9858530610509	4356.276409204729	1	0	tensor(3)	3.0182499985705964
186200.0	3000.0	4156.27640920478	0.0	0	273.4168672009837	4356.276409204729	1	0	tensor(3)	3.0182499985705964
187208.14787611284	3000.0	4148.128533091966	0.0	0	0.0	4356.276409204758	1	0	tensor(3)	3.018249998570594
188331.32875041995	3000.0	4024.9476587848526	0.0	0	0.0	4356.276409204787	1	0	tensor(3)	3.01824999857059
189256.70220925446	3000.0	4099.574199950324	0.0	0	0.0	4356.276409204758	1	0	tensor(3)	3.0182499985705924
190229.32957234915	3000.0	4126.94683685565	0.0	0	0.0	4356.276409204758	1	0	tensor(3)	3.0182499985705933
191200.0	3000.0	4156.276409204793	0.0	0	394.2648835092841	4356.276409204729	1	0	tensor(3)	3.0182499985705964
192234.3700968201	3000.0	4121.906312384699	0.0	0	0.0	4356.276409204729	1	0	tensor(3)	3.0182499985705964
193338.2775686479	3000.0	4017.998840556862	0.0	0	0.0	4356.276409204729	1	0	tensor(3)	3.0182499985705964
194200.0	3000.0	4156.276409204727	0.0	0	236.1438557250658	4356.276409204729	1	0	tensor(3)	3.0182499985705964
195261.56330709253	3000.0	4094.713102112195	0.0	0	0.0	4356.276409204729	1	0	tensor(3)	3.0182499985705964
196221.60930344637	3000.0	4134.667105758353	0.0	0	0.0	4356.276409204729	1	0	tensor(3)	3.0182499985705964
197346.42411195798	3000.0	4009.852297246712	0.0	0	0.0	4356.2764092047	1	0	tensor(3)	3.018249998570598
198726.47914689343	3000.0	3629.797262311248	0.0	0	0.0	4356.276409204671	1	0	tensor(3)	3.0182499985706017
199919.81706642677	3000.0	3436.4593427778873	0.0	0	0.0	4356.276409204671	1	0	tensor(3)	3.0182499985706017
200609.74390864876	3000.0	3746.5325005558966	0.0	0	0.0	4356.276409204671	1	0	tensor(3)	3.0182499985706017
201530.35340748227	3000.0	3825.923001722417	0.0	0	0.0	4356.276409204671	1	0	tensor(3)	3.0182499985706017
202319.13599515232	3000.0	4037.1404140523287	0.0	0	0.0	4356.276409204671	1	0	tensor(3)	3.0182499985706017
203200.0	3000.0	4156.276409204649	0.0	0	61.67308871180285	4356.276409204671	1	0	tensor(3)	3.0182499985706017
204263.49494688693	3000.0	4092.781462317708	0.0	0	0.0	4356.276409204642	1	0	tensor(3)	3.018249998570604
205200.0	3000.0	4156.276409204624	0.0	0	222.70898845008924	4356.276409204642	1	0	tensor(3)	3.018249998570605
206200.0	3000.0	4156.276409204643	0.0	0	392.1409293029574	4356.276409204671	1	0	tensor(3)	3.0182499985706017
207207.7202244887	3000.0	4148.5561847159415	0.0	0	0.0	4356.276409204642	1	0	tensor(3)	3.018249998570604
208208.33544559393	3000.0	4147.940963610709	0.0	0	0.0	4356.276409204671	1	0	tensor(3)	3.0182499985706035
209209.19827236893	3000.0	4147.0781368357	0.0	0	0.0	4356.276409204642	1	0	tensor(3)	3.018249998570603
210200.0	3000.0	4156.276409204599	0.0	0	406.1972556602559	4356.276409204642	1	0	tensor(3)	3.018249998570605
211212.89232820945	6000.0	4143.384080995119	0.0	0	0.0	4356.276409204642	1	0	tensor(3)	3.3648235888505775
213177.98104262564	6000.0	3178.2953665789155	0.0	0	0.0	4356.276409204642	1	0	tensor(3)	4.057970769410523
214602.6141250374	3000.0	2753.6622841671847	0.0	0	0.0	4356.276409204642	1	0	tensor(3)	2.3251028180106594
215279.0492259735	3000.0	3077.2271832311126	0.0	0	0.0	4356.276409204642	1	0	tensor(3)	3.018249998570605
216217.9331292241	3000.0	3138.34327998049	0.0	0	0.0	4356.276409204613	1	0	tensor(3)	3.0182499985706066
216814.3409612436	3000.0	3541.9354479609883	0.0	0	0.0	4356.276409204613	1	0	tensor(3)	3.018249998570608
217711.17763061816	3000.0	3645.0987785864463	0.0	0	0.0	4356.276409204613	1	0	tensor(3)	3.018249998570608
218333.82510606758	3000.0	4022.4513031370234	0.0	0	0.0	4356.276409204613	1	0	tensor(3)	3.018249998570608
219200.0	3000.0	4156.276409204611	0.0	0	138.2237146346306	4356.276409204613	1	0	tensor(3)	3.018249998570608
220404.52343907382	3000.0	3951.75297013078	0.0	0	0.0	4356.276409204613	1	0	tensor(3)	3.018249998570608
221200.0	3000.0	4156.27640920458	0.0	0	55.502034306002315	4356.276409204584	1	0	tensor(3)	3.0182499985706106
222220.58667759795	3000.0	4135.689731606621	0.0	0	0.0	4356.2764092045545	1	0	tensor(3)	3.0182499985706137
223200.0	3000.0	4156.276409204562	0.0	0	96.12604732558248	4356.2764092045545	1	0	tensor(3)	3.0182499985706137
224200.0	3000.0	4156.276409204563	0.0	0	149.49222135046148	4356.2764092045545	1	0	tensor(3)	3.0182499985706137
225200.0	3000.0	4156.276409204547	0.0	0	101.67037183488719	4356.2764092045545	1	0	tensor(3)	3.0182499985706137
226855.74426639848	6000.0	3500.532142806048	0.0	0	0.0	4356.2764092045545	1	0	tensor(3)	3.3648235888505855
227604.9152465955	3000.0	3751.361162609006	0.0	0	0.0	4356.2764092045545	1	0	tensor(3)	2.3251028180106683
229153.38684416245	6000.0	3202.8895650420695	0.0	0	0.0	4356.276409204584	1	0	tensor(3)	3.3648235888505855
230581.59135347017	6000.0	2774.685055734357	0.0	0	0.0	4356.276409204584	1	0	tensor(3)	4.057970769410528
231277.19613385282	3000.0	3079.0802753516946	0.0	0	0.0	4356.276409204584	1	0	tensor(3)	2.325102818010665
231924.77914894948	3000.0	3431.497260255038	0.0	0	0.0	4356.276409204584	1	0	tensor(3)	3.0182499985706106
232952.3885974787	3000.0	3403.8878117257827	0.0	0	0.0	4356.276409204584	1	0	tensor(3)	3.0182499985706106
234184.037712951	3000.0	3172.238696253501	0.0	0	0.0	4356.276409204613	1	0	tensor(3)	3.018249998570608
235071.93165079053	3000.0	3284.3447584139744	0.0	0	0.0	4356.276409204613	1	0	tensor(3)	3.018249998570608
235863.20361731018	2000.0	3493.0727918943167	0.0	0	0.0	4356.276409204584	1	0	tensor(3)	2.004587228300199
236357.3321084818	2000.0	3998.9443007226982	0.0	0	0.0	4356.276409204584	1	0	tensor(3)	2.4100523364083637
237200.0	3000.0	4156.2764092044945	0.0	0	111.81729214129155	4356.276409204584	1	0	tensor(3)	2.612784890462446
238579.52979227933	3000.0	3776.7466169251843	0.0	0	0.0	4356.276409204584	1	0	tensor(3)	3.0182499985706106
239441.967896836	3000.0	3914.308512368535	0.0	0	0.0	4356.2764092045545	1	0	tensor(3)	3.0182499985706137
240598.6270340855	3000.0	3757.6493751190233	0.0	0	0.0	4356.2764092045545	1	0	tensor(3)	3.0182499985706137
241509.23158058978	3000.0	3847.044828614753	0.0	0	0.0	4356.2764092045545	1	0	tensor(3)	3.0182499985706137
242424.03665973264	3000.0	3932.2397494718934	0.0	0	0.0	4356.2764092045545	1	0	tensor(3)	3.0182499985706137
243200.0	3000.0	4156.2764092045145	0.0	0	63.9123898857797	4356.276409204525	1	0	tensor(3)	3.018249998570617
244750.78110459802	6000.0	3605.4953046064884	0.0	0	0.0	4356.276409204525	1	0	tensor(3)	3.364823588850589
246748.6268891797	6000.0	2607.649520024842	0.0	0	0.0	4356.276409204525	1	0	tensor(3)	4.057970769410534
247550.26773507558	3000.0	2806.008674128936	0.0	0	0.0	4356.276409204525	1	0	tensor(3)	2.325102818010672
248717.3995558466	3000.0	2638.876853357904	0.0	0	0.0	4356.276409204525	1	0	tensor(3)	3.018249998570617
249477.5608437232	3000.0	2878.715565481316	0.0	0	0.0	4356.2764092045545	1	0	tensor(3)	3.0182499985706137
250283.30295381756	3000.0	3072.973455386965	0.0	0	0.0	4356.2764092045545	1	0	tensor(3)	3.0182499985706137
251318.12551707806	3000.0	3038.150892126444	0.0	0	0.0	4356.276409204525	1	0	tensor(3)	3.018249998570617
252257.7101220311	3000.0	3098.5662871734257	0.0	0	0.0	4356.2764092045545	1	0	tensor(3)	3.0182499985706146
253007.23474149872	3000.0	3349.041667705819	0.0	0	0.0	4356.276409204584	1	0	tensor(3)	3.0182499985706106
253965.5672597066	2000.0	3390.7091494979427	0.0	0	0.0	4356.276409204584	1	0	tensor(3)	2.004587228300199
255413.99553472118	3000.0	2942.2808744833355	0.0	0	0.0	4356.276409204584	1	0	tensor(3)	2.612784890462446
256019.7188657181	2000.0	3336.557543486396	0.0	0	0.0	4356.276409204584	1	0	tensor(3)	2.004587228300199
257155.55494813444	2000.0	3200.72146107007	0.0	0	0.0	4356.276409204584	1	0	tensor(3)	2.4100523364083637
257642.80579448756	2000.0	3713.4706147169422	0.0	0	0.0	4356.276409204584	1	0	tensor(3)	2.4100523364083637
258340.5364371582	2000.0	4015.739972046308	0.0	0	0.0	4356.276409204613	1	0	tensor(3)	2.410052336408361
259200.0	2000.0	4156.276409204522	0.0	0	266.7432357397338	4356.276409204613	1	0	tensor(3)	2.410052336408361
260312.99136373968	3000.0	4043.2850454648437	0.0	0	0.0	4356.276409204613	1	0	tensor(3)	2.6127848904624433
261322.1594380053	3000.0	4034.116971199248	0.0	0	0.0	4356.276409204613	1	0	tensor(3)	3.018249998570608
262200.0	3000.0	4156.276409204527	0.0	0	164.7600863490661	4356.276409204613	1	0	tensor(3)	3.018249998570608
263200.0	3000.0	4156.2764092044945	0.0	0	150.4176758271642	4356.276409204613	1	0	tensor(3)	3.018249998570608
264200.0	3000.0	4156.276409204546	0.0	0	333.84422874986194	4356.276409204671	1	0	tensor(3)	3.018249998570604
265200.0	3000.0	4156.276409204499	0.0	0	94.57941355579533	4356.276409204642	1	0	tensor(3)	3.018249998570602
266200.0	3000.0	4156.276409204497	0.0	0	332.23657517373795	4356.276409204642	1	0	tensor(3)	3.018249998570602
267200.0	3000.0	4156.276409204498	0.0	0	192.3490932470886	4356.276409204642	1	0	tensor(3)	3.018249998570605
268212.77079438505	3000.0	4143.505614819468	0.0	0	0.0	4356.276409204584	1	0	tensor(3)	3.018249998570608
269200.0	3000.0	4156.276409204418	0.0	0	178.1585447929683	4356.276409204584	1	0	tensor(3)	3.0182499985706106
270200.0	3000.0	4156.276409204396	0.0	0	245.68363500991836	4356.276409204584	1	0	tensor(3)	3.0182499985706106
271200.0	3000.0	4156.276409204371	0.0	0	428.3757531097508	4356.276409204525	1	0	tensor(3)	3.018249998570617
272210.1261318178	3000.0	4146.150277386596	0.0	0	0.0	4356.276409204584	1	0	tensor(3)	3.0182499985706106
273200.0	3000.0	4156.276409204434	0.0	0	9.874839606054593	4356.276409204584	1	0	tensor(3)	3.0182499985706106
274200.0	3000.0	4156.276409204507	0.0	0	7.03642823046539	4356.276409204584	1	0	tensor(3)	3.0182499985706106
275200.0	3000.0	4156.276409204504	0.0	0	141.56009984726552	4356.276409204584	1	0	tensor(3)	3.0182499985706106
276200.0	3000.0	4156.276409204443	0.0	0	52.04226875765016	4356.276409204525	1	0	tensor(3)	3.018249998570617
277200.0	3000.0	4156.276409204378	0.0	0	57.774251150898635	4356.276409204525	1	0	tensor(3)	3.018249998570617
278540.65577022516	6000.0	3815.620638979249	0.0	0	0.0	4356.276409204525	1	0	tensor(3)	3.364823588850589
279558.59943219414	3000.0	3797.6769770102474	0.0	0	0.0	4356.276409204467	1	0	tensor(3)	2.325102818010677
280708.7684511616	6000.0	3647.5079580427764	0.0	0	0.0	4356.276409204467	1	0	tensor(3)	3.364823588850595
281497.6183206317	3000.0	3858.6580885727662	0.0	0	0.0	4356.276409204525	1	0	tensor(3)	2.325102818010672
283307.8028363977	6000.0	3048.4735728067308	0.0	0	0.0	4356.276409204584	1	0	tensor(3)	3.3648235888505833
285448.0207561566	6000.0	1908.2556530478919	0.0	0	0.0	4356.2764092047	1	0	tensor(3)	4.05797076941052
286511.3467651499	3000.0	1844.9296440545913	0.0	0	0.0	4356.276409204642	1	0	tensor(3)	2.3251028180106594
287454.32788813347	2000.0	1901.9485210711039	0.0	0	0.0	4356.2764092047	1	0	tensor(3)	2.0045872283001875
288059.4962411947	2000.0	2296.7801680098487	0.0	0	0.0	4356.2764092047	1	0	tensor(3)	2.410052336408352
288458.47011247097	2000.0	2897.806296733561	0.0	0	0.0	4356.276409204758	1	0	tensor(3)	2.4100523364083464
289559.82034801174	3000.0	2796.4560611928578	0.0	0	0.0	4356.276409204816	1	0	tensor(3)	2.6127848904624242
290666.3431280373	3000.0	2689.9332811672825	0.0	0	0.0	4356.276409204816	1	0	tensor(3)	3.0182499985705875
291856.7951320343	3000.0	2499.4812771703737	0.0	0	0.0	4356.276409204816	1	0	tensor(3)	3.0182499985705875
292234.70361548814	2000.0	3121.57279371656	0.0	0	0.0	4356.276409204816	1	0	tensor(3)	2.004587228300176
292929.43963833497	3000.0	3426.8367708697906	0.0	0	0.0	4356.276409204816	1	0	tensor(3)	2.612784890462423
293709.9888828232	3000.0	3646.2875263815513	0.0	0	0.0	4356.276409204816	1	0	tensor(3)	3.0182499985705875
295043.6127904532	3000.0	3312.663618751543	0.0	0	0.0	4356.276409204758	1	0	tensor(3)	3.0182499985705933
295812.66572095256	3000.0	3543.6106882521403	0.0	0	0.0	4356.276409204758	1	0	tensor(3)	3.0182499985705933
297033.02218957327	3000.0	3323.254219631484	0.0	0	0.0	4356.276409204758	1	0	tensor(3)	3.0182499985705933
297768.5385769088	3000.0	3587.7378322958953	0.0	0	0.0	4356.276409204758	1	0	tensor(3)	3.0182499985705933
299327.3821527612	3000.0	3028.894256443533	0.0	0	0.0	4356.276409204758	1	0	tensor(3)	3.0182499985705933
300352.37111147057	3000.0	3003.9052977342517	0.0	0	0.0	4356.276409204816	1	0	tensor(3)	3.01824999857059
301105.00453086296	2000.0	3251.2718783418195	0.0	0	0.0	4356.276409204816	1	0	tensor(3)	2.004587228300176
3.75	3.75	4.25	5.54	3.32	2.92	4.24	3.06	3.96	3.83	1.82	3.81	3.12	3.54	3.74	3.28	2.54	2.17	2.73	4.48	3.52	4.85	3.48	3.73	3.72	3.73	3.76	4.1	3.76	3.43	3.75	4.67	3.44	3.02	3.38	3.1	3.39	4.37	3.46	3.09	3.87	3.61	2.99	3.41	3.22	2.44	3.6	4.41	3.29	3.31	2.39	3.19	4.05	3.45	3.9	3.73	3.86	5.8	3.6	3.3	1.81	3.61	4.1	4.63	4.01	4.08	3.7	2.9	3.93	3.41	4.54	3.82	4.55	3.79	5.54	4.29	4.47	3.09	3.64	3.63	2.2	2.83	3.13	3.83	2.5	3.19	3.01	3.38	3.67	4.52	4.71	4.3	3.65	3.87	3.3	3.39	3.75	4.17	1.96	3.89	2.7	2.97	2.68	1.76	3.29	3.66	3.35	3.17	3.72	3.96	3.43	4.27	3.49	3.59	2.48	3.14	3.96	4.05	3.52	3.26	2.17	3.57	4.01	3.98	4.85	2.99	4.63	3.73	3.97	3.74	5.17	3.06	3.81	2.15	3.44	4.1	3.21	3.49	2.69	4.73	3.41	2.9	3.46	2.87	3.43	2.15	3.51	3.3	3.86	2.42	3.75	3.75	4.25	5.54	3.32	2.92	4.24	3.06	3.96	3.83	1.82	3.81	3.12	3.54	3.74	3.28	2.54	2.17	2.73	4.48	3.52	4.85	3.48	3.73	3.72	3.73	3.76	4.1	3.76	3.43	3.75	4.67	3.44	3.02	3.38	3.1	3.39	4.37	3.46	3.09	3.87	3.61	2.99	3.41	3.22	2.44	3.6	4.41	3.29	3.31	2.39	3.19	4.05	3.45	3.9	3.73	3.86	5.8	3.6	3.3	1.81	3.61	4.1	4.63	4.01	4.08	3.7	2.9	3.93	3.41	4.54	3.82	4.55	3.79	5.54	4.29	4.47	3.09	3.64	3.63	2.2	2.83	3.13	3.83	2.5	3.19	3.01	3.38	3.67	4.52	4.71	4.3	3.65	3.87	3.3	3.39	3.75	4.17	1.96	3.89	2.7	2.97	2.68	1.76	3.29	3.66	3.35	3.17	3.72	3.96	3.43	4.27	3.49	3.59	2.48	3.14	3.96	4.05	3.52	3.26	2.17	3.57	4.01	3.98	4.85	2.99	4.63	3.73	3.97	3.74	5.17	3.06	3.81	2.15	3.44	4.1	3.21	3.49	2.69	4.73	3.41	2.9	3.46	2.87	3.43	2.15	3.51	3.3	3.86	2.42	3.75	3.75	4.25
1.0	2.0	3.0	4.0	5.0	6.0	7.0	8.0	9.0	10.0	11.0	12.0	13.0	14.0	15.0	16.0	17.0	18.0	19.0	20.0	21.0	22.0	23.0	24.0	25.0	26.0	27.0	28.0	29.0	30.0	31.0	32.0	33.0	34.0	35.0	36.0	37.0	38.0	39.0	40.0	41.0	42.0	43.0	44.0	45.0	46.0	47.0	48.0	49.0	50.0	51.0	52.0	53.0	54.0	55.0	56.0	57.0	58.0	59.0	60.0	61.0	62.0	63.0	64.0	65.0	66.0	67.0	68.0	69.0	70.0	71.0	72.0	73.0	74.0	75.0	76.0	77.0	78.0	79.0	80.0	81.0	82.0	83.0	84.0	85.0	86.0	87.0	88.0	89.0	90.0	91.0	92.0	93.0	94.0	95.0	96.0	97.0	98.0	99.0	100.0	101.0	102.0	103.0	104.0	105.0	106.0	107.0	108.0	109.0	110.0	111.0	112.0	113.0	114.0	115.0	116.0	117.0	118.0	119.0	120.0	121.0	122.0	123.0	124.0	125.0	126.0	127.0	128.0	129.0	130.0	131.0	132.0	133.0	134.0	135.0	136.0	137.0	138.0	139.0	140.0	141.0	142.0	143.0	144.0	145.0	146.0	147.0	148.0	149.0	149.0	150.0	151.0	152.0	153.0	154.0	155.0	156.0	157.0	158.0	159.0	160.0	161.0	162.0	163.0	164.0	165.0	166.0	167.0	168.0	169.0	170.0	171.0	172.0	173.0	174.0	175.0	176.0	177.0	178.0	179.0	180.0	181.0	182.0	183.0	184.0	185.0	186.0	187.0	188.0	189.0	190.0	191.0	192.0	193.0	194.0	195.0	196.0	197.0	198.0	199.0	200.0	201.0	202.0	203.0	204.0	205.0	206.0	207.0	208.0	209.0	210.0	211.0	212.0	213.0	214.0	215.0	216.0	217.0	218.0	219.0	220.0	221.0	222.0	223.0	224.0	225.0	226.0	227.0	228.0	229.0	230.0	231.0	232.0	233.0	234.0	235.0	236.0	237.0	238.0	239.0	240.0	241.0	242.0	243.0	244.0	245.0	246.0	247.0	248.0	249.0	250.0	251.0	252.0	253.0	254.0	255.0	256.0	257.0	258.0	259.0	260.0	261.0	262.0	263.0	264.0	265.0	266.0	267.0	268.0	269.0	270.0	271.0	272.0	273.0	274.0	275.0	276.0	277.0	278.0	279.0	280.0	281.0	282.0	283.0	284.0	285.0	286.0	287.0	288.0	289.0	290.0	291.0	292.0	293.0	294.0	295.0	296.0	297.0	298.0	298.0	299.0	300.0	301.0
3963.878701331548
