5639.596723480577	1000.0	2000.0	153.98334430083102	0	0.0	5639.596723480577	1	0	tensor(3)	-1.4439883161549778
5828.309361693555	1000.0	2811.2873617870205	0.0	0	0.0	5639.596723480576	1	0	tensor(3)	0.6780398617927889
7025.59447276261	6000.0	2614.002250717965	0.0	0	0.0	5639.596723480576	1	0	tensor(3)	1.5739195964068164
7878.8805312097265	6000.0	2760.7161922708497	0.0	0	0.0	5639.596723480576	1	0	tensor(3)	3.365679065634871
8839.359062643449	6000.0	2800.2376608371283	0.0	0	0.0	5639.596723480578	1	0	tensor(3)	3.365679065634871
10211.12706676293	6000.0	2428.469656717647	0.0	0	0.0	5639.596723480578	1	0	tensor(3)	3.365679065634871
10961.655110169715	6000.0	2677.941613310865	0.0	0	0.0	5639.596723480579	1	0	tensor(3)	3.3656790656348705
11678.193451718547	6000.0	2961.4032717620316	0.0	0	0.0	5639.596723480579	1	0	tensor(3)	3.3656790656348705
12734.761421642832	6000.0	2904.8353018377443	0.0	0	0.0	5639.596723480578	1	0	tensor(3)	3.365679065634871
13728.777247120293	6000.0	2910.819476360282	0.0	0	0.0	5639.596723480577	1	0	tensor(3)	3.365679065634871
14439.78701730651	6000.0	3199.8097061740664	0.0	0	0.0	5639.596723480578	1	0	tensor(3)	3.365679065634871
15241.479310134046	6000.0	3398.117413346528	0.0	0	0.0	5639.596723480576	1	0	tensor(3)	3.365679065634871
16400.809202945926	6000.0	3238.7875205346472	0.0	0	0.0	5639.596723480576	1	0	tensor(3)	3.365679065634871
17735.393774228134	6000.0	2904.2029492524366	0.0	0	0.0	5639.596723480574	1	0	tensor(3)	3.365679065634872
18819.226638808846	6000.0	2820.370084671726	0.0	0	0.0	5639.596723480578	1	0	tensor(3)	3.365679065634871
19663.66848725007	6000.0	2975.928236230505	0.0	0	0.0	5639.596723480579	1	0	tensor(3)	3.365679065634871
20838.47495443289	6000.0	2801.121769047678	0.0	0	0.0	5639.596723480574	1	0	tensor(3)	3.3656790656348714
21765.974305453758	6000.0	2873.6224180268123	0.0	0	0.0	5639.596723480572	1	0	tensor(3)	3.3656790656348723
22480.684214626854	6000.0	3158.9125088537185	0.0	0	0.0	5639.596723480572	1	0	tensor(3)	3.3656790656348723
23338.100525540907	6000.0	3301.496197939668	0.0	0	0.0	5639.596723480576	1	0	tensor(3)	3.365679065634871
24441.78783658158	6000.0	3197.8088868989917	0.0	0	0.0	5639.596723480576	1	0	tensor(3)	3.365679065634871
25096.4565014693	6000.0	3543.1402220112727	0.0	0	0.0	5639.596723480572	1	0	tensor(3)	3.3656790656348723
26091.53684318344	6000.0	3548.059880297134	0.0	0	0.0	5639.596723480572	1	0	tensor(3)	3.3656790656348723
27060.722620647837	6000.0	3578.8741028327336	0.0	0	0.0	5639.596723480572	1	0	tensor(3)	3.3656790656348723
27778.276972451145	6000.0	3861.319751029426	0.0	0	0.0	5639.596723480572	1	0	tensor(3)	3.3656790656348723
28864.45111458847	6000.0	3775.145608892097	0.0	0	0.0	5639.596723480572	1	0	tensor(3)	3.3656790656348723
30385.64876229643	6000.0	3253.9479611841366	0.0	0	0.0	5639.5967234805685	1	0	tensor(3)	3.3656790656348727
31150.914327034203	6000.0	3488.682396446361	0.0	0	0.0	5639.596723480572	1	0	tensor(3)	3.3656790656348727
32155.683375843266	6000.0	3483.913347637304	0.0	0	0.0	5639.596723480572	1	0	tensor(3)	3.3656790656348723
32893.406603808995	6000.0	3746.1901196715708	0.0	0	0.0	5639.596723480572	1	0	tensor(3)	3.3656790656348723
33822.46544764423	6000.0	3817.131275836332	0.0	0	0.0	5639.596723480565	1	0	tensor(3)	3.365679065634872
35059.4298614034	6000.0	3580.166862077164	0.0	0	0.0	5639.596723480561	1	0	tensor(3)	3.3656790656348745
35943.49514775058	6000.0	3696.101575729984	0.0	0	0.0	5639.596723480565	1	0	tensor(3)	3.3656790656348745
36830.64749080487	6000.0	3808.9492326756927	0.0	0	0.0	5639.596723480561	1	0	tensor(3)	3.3656790656348736
37753.96189378435	6000.0	3885.6348296962146	0.0	0	0.0	5639.596723480561	1	0	tensor(3)	3.3656790656348745
38831.9083753957	6000.0	3807.6883480848555	0.0	0	0.0	5639.596723480558	1	0	tensor(3)	3.365679065634875
40197.700032229586	6000.0	3441.8966912509713	0.0	0	0.0	5639.596723480558	1	0	tensor(3)	3.365679065634875
41408.58141997584	6000.0	3231.0153035047074	0.0	0	0.0	5639.59672348055	1	0	tensor(3)	3.3656790656348767
42409.45260981717	6000.0	3230.144113663381	0.0	0	0.0	5639.59672348055	1	0	tensor(3)	3.3656790656348767
43845.90471197377	6000.0	2793.6920115067846	0.0	0	0.0	5639.596723480558	1	0	tensor(3)	3.365679065634875
44910.8693819153	6000.0	2728.727341565259	0.0	0	0.0	5639.59672348055	1	0	tensor(3)	3.3656790656348767
46149.50972833665	6000.0	2490.0869951439045	0.0	0	0.0	5639.59672348055	1	0	tensor(3)	3.3656790656348767
47165.16611951236	6000.0	2474.4306039681856	0.0	0	0.0	5639.59672348055	1	0	tensor(3)	3.3656790656348767
48139.82344076526	6000.0	2499.773282715287	0.0	0	0.0	5639.59672348055	1	0	tensor(3)	3.3656790656348767
49139.9103992474	6000.0	2499.686324233163	0.0	0	0.0	5639.59672348055	1	0	tensor(3)	3.3656790656348767
49884.119061367586	6000.0	2755.4776621129677	0.0	0	0.0	5639.596723480558	1	0	tensor(3)	3.365679065634875
51183.835129550826	6000.0	2455.7615939297393	0.0	0	0.0	5639.596723480558	1	0	tensor(3)	3.365679065634875
52152.69687688798	6000.0	2486.8998465925774	0.0	0	0.0	5639.596723480558	1	0	tensor(3)	3.365679065634875
52875.66953559507	6000.0	2763.9271878854834	0.0	0	0.0	5639.596723480565	1	0	tensor(3)	3.3656790656348736
53568.02915027045	6000.0	3071.56757321011	0.0	0	0.0	5639.596723480565	1	0	tensor(3)	3.3656790656348736
54235.14921005713	6000.0	3404.447513423431	0.0	0	0.0	5639.596723480565	1	0	tensor(3)	3.3656790656348736
55471.87808344867	6000.0	3167.71864003189	0.0	0	0.0	5639.596723480558	1	0	tensor(3)	3.365679065634875
56519.4213608562	6000.0	3120.1753626243562	0.0	0	0.0	5639.596723480565	1	0	tensor(3)	3.3656790656348736
57446.13971301757	6000.0	3193.4570104629856	0.0	0	0.0	5639.596723480565	1	0	tensor(3)	3.3656790656348736
58236.99082218698	6000.0	3402.6059012935807	0.0	0	0.0	5639.596723480565	1	0	tensor(3)	3.3656790656348736
58936.01787202123	6000.0	3703.5788514593387	0.0	0	0.0	5639.596723480565	1	0	tensor(3)	3.3656790656348736
59866.707493408554	6000.0	3772.889230072009	0.0	0	0.0	5639.596723480565	1	0	tensor(3)	3.3656790656348736
60422.205030259975	6000.0	4217.391693220585	0.0	0	0.0	5639.596723480565	1	0	tensor(3)	3.3656790656348736
61174.023705169784	6000.0	4465.57301831078	0.0	0	0.0	5639.596723480565	1	0	tensor(3)	3.3656790656348736
62412.90270120353	6000.0	4226.6940222770245	0.0	0	0.0	5639.596723480565	1	0	tensor(3)	3.3656790656348736
63084.4040099755	6000.0	4555.192713505048	0.0	0	0.0	5639.596723480565	1	0	tensor(3)	3.3656790656348736
63792.36873740245	6000.0	4847.227986078096	0.0	0	0.0	5639.596723480565	1	0	tensor(3)	3.3656790656348736
64811.528625128834	6000.0	4828.06809835171	0.0	0	0.0	5639.596723480565	1	0	tensor(3)	3.3656790656348736
65919.68599287294	6000.0	4719.910730607606	0.0	0	0.0	5639.596723480565	1	0	tensor(3)	3.3656790656348727
66821.09339471675	6000.0	4818.50332876379	0.0	0	0.0	5639.596723480565	1	0	tensor(3)	3.3656790656348745
68013.06347515814	6000.0	4626.533248322393	0.0	0	0.0	5639.59672348055	1	0	tensor(3)	3.3656790656348745
68928.01700311333	6000.0	4711.579720367195	0.0	0	0.0	5639.596723480543	1	0	tensor(3)	3.365679065634877
69922.54543412215	6000.0	4717.051289358372	0.0	0	0.0	5639.596723480536	1	0	tensor(3)	3.365679065634878
70722.03513482907	6000.0	4917.56158865145	0.0	0	0.0	5639.596723480528	1	0	tensor(3)	3.36567906563488
71915.50961913235	6000.0	4724.087104348184	0.0	0	0.0	5639.596723480528	1	0	tensor(3)	3.3656790656348807
73121.28330106148	6000.0	4518.313422419052	0.0	0	0.0	5639.596723480528	1	0	tensor(3)	3.3656790656348807
74006.95688612704	6000.0	4632.639837353496	0.0	0	0.0	5639.596723480514	1	0	tensor(3)	3.365679065634884
75480.9789204605	6000.0	4158.617803020035	0.0	0	0.0	5639.596723480514	1	0	tensor(3)	3.365679065634884
76482.02995034243	6000.0	4157.566773138111	0.0	0	0.0	5639.596723480514	1	0	tensor(3)	3.365679065634884
77628.90690829833	6000.0	4010.6898151821993	0.0	0	0.0	5639.596723480514	1	0	tensor(3)	3.365679065634884
79028.95160486235	6000.0	3610.6451186181794	0.0	0	0.0	5639.596723480499	1	0	tensor(3)	3.365679065634887
80119.3702033706	6000.0	3520.2265201099253	0.0	0	0.0	5639.596723480499	1	0	tensor(3)	3.365679065634887
80987.80709145952	6000.0	3651.789632021014	0.0	0	0.0	5639.596723480499	1	0	tensor(3)	3.365679065634887
82028.1727673599	6000.0	3611.4239561206296	0.0	0	0.0	5639.596723480499	1	0	tensor(3)	3.365679065634887
82763.0279079399	6000.0	3876.5688155406124	0.0	0	0.0	5639.596723480499	1	0	tensor(3)	3.365679065634887
83765.71020272515	6000.0	3873.886520755378	0.0	0	0.0	5639.596723480499	1	0	tensor(3)	3.365679065634887
84582.27252924621	6000.0	4057.3241942343366	0.0	0	0.0	5639.596723480499	1	0	tensor(3)	3.365679065634887
85893.5477446753	6000.0	3746.048978805254	0.0	0	0.0	5639.596723480499	1	0	tensor(3)	3.365679065634887
86782.54964884555	6000.0	3857.0470746350024	0.0	0	0.0	5639.596723480499	1	0	tensor(3)	3.365679065634887
87494.12759931308	6000.0	4145.4691241674645	0.0	0	0.0	5639.596723480485	1	0	tensor(3)	3.3656790656348896
88162.06640533556	6000.0	4477.530318145001	0.0	0	0.0	5639.596723480485	1	0	tensor(3)	3.3656790656348896
88998.59435082188	6000.0	4641.002372658668	0.0	0	0.0	5639.596723480485	1	0	tensor(3)	3.3656790656348896
90002.78631540512	6000.0	4636.810408075441	0.0	0	0.0	5639.596723480485	1	0	tensor(3)	3.3656790656348896
91124.16339390486	6000.0	4515.433329575692	0.0	0	0.0	5639.596723480485	1	0	tensor(3)	3.3656790656348896
92283.71478772118	6000.0	4355.881935759358	0.0	0	0.0	5639.596723480485	1	0	tensor(3)	3.3656790656348896
93167.29766330471	6000.0	4472.299060175834	0.0	0	0.0	5639.596723480485	1	0	tensor(3)	3.3656790656348896
94561.95133622641	6000.0	4077.6453872541206	0.0	0	0.0	5639.596723480485	1	0	tensor(3)	3.3656790656348896
95913.82751087351	6000.0	3725.769212607028	0.0	0	0.0	5639.596723480485	1	0	tensor(3)	3.3656790656348896
97180.51811603738	6000.0	3459.078607443161	0.0	0	0.0	5639.596723480485	1	0	tensor(3)	3.3656790656348896
98276.50165823264	6000.0	3363.095065247902	0.0	0	0.0	5639.59672348047	1	0	tensor(3)	3.3656790656348923
99455.71832224345	6000.0	3183.8784012370897	0.0	0	0.0	5639.596723480485	1	0	tensor(3)	3.3656790656348896
100406.07062476534	6000.0	3233.5260987152074	0.0	0	0.0	5639.59672348047	1	0	tensor(3)	3.3656790656348923
101142.26671991531	6000.0	3497.3300035652373	0.0	0	0.0	5639.59672348047	1	0	tensor(3)	3.3656790656348923
102318.78556686135	6000.0	3320.81115661918	0.0	0	0.0	5639.59672348047	1	0	tensor(3)	3.3656790656348923
103733.54196750505	6000.0	2906.0547559754714	0.0	0	0.0	5639.59672348047	1	0	tensor(3)	3.3656790656348923
104477.77467080089	6000.0	3161.8220526796204	0.0	0	0.0	5639.59672348047	1	0	tensor(3)	3.3656790656348923
105181.26069485456	6000.0	3458.336028625963	0.0	0	0.0	5639.59672348047	1	0	tensor(3)	3.3656790656348923
106147.42792968352	6000.0	3492.168793796986	0.0	0	0.0	5639.59672348047	1	0	tensor(3)	3.3656790656348923
106715.01995056837	6000.0	3924.576772912144	0.0	0	0.0	5639.596723480485	1	0	tensor(3)	3.3656790656348896
107571.47844694887	6000.0	4068.118276531663	0.0	0	0.0	5639.596723480499	1	0	tensor(3)	3.365679065634887
108511.08272823665	6000.0	4128.513995243869	0.0	0	0.0	5639.596723480499	1	0	tensor(3)	3.365679065634887
109960.37110028033	6000.0	3679.225623200182	0.0	0	0.0	5639.596723480499	1	0	tensor(3)	3.365679065634887
111082.58478850976	6000.0	3557.0119349707493	0.0	0	0.0	5639.596723480485	1	0	tensor(3)	3.3656790656348896
112196.07128720514	6000.0	3443.5254362753817	0.0	0	0.0	5639.596723480485	1	0	tensor(3)	3.3656790656348896
113649.14750493594	6000.0	2990.449218544585	0.0	0	0.0	5639.596723480499	1	0	tensor(3)	3.365679065634887
114882.6260298866	6000.0	2756.9706935939193	0.0	0	0.0	5639.596723480499	1	0	tensor(3)	3.365679065634887
116126.41530763854	6000.0	2513.181415841969	0.0	0	0.0	5639.596723480499	1	0	tensor(3)	3.365679065634887
117195.58326854144	6000.0	2444.0134549390823	0.0	0	0.0	5639.596723480485	1	0	tensor(3)	3.3656790656348896
118586.47442967261	6000.0	2053.1222938079054	0.0	0	0.0	5639.596723480485	1	0	tensor(3)	3.3656790656348896
120121.99358692356	6000.0	1517.6031365569606	0.0	0	0.0	5639.59672348047	1	0	tensor(3)	3.3656790656348923
121493.35640225203	6000.0	1146.2403212284948	0.0	0	0.0	5639.59672348047	1	0	tensor(3)	3.3656790656348923
122414.09106081376	6000.0	1225.505662666759	0.0	0	0.0	5639.59672348047	1	0	tensor(3)	3.3656790656348923
123127.34429711466	6000.0	1512.2524263658659	0.0	0	0.0	5639.59672348047	1	0	tensor(3)	3.3656790656348923
123802.88268411483	6000.0	1836.7140393656953	0.0	0	0.0	5639.59672348047	1	0	tensor(3)	3.3656790656348923
124699.32761191532	6000.0	1940.269111565197	0.0	0	0.0	5639.59672348047	1	0	tensor(3)	3.3656790656348923
125507.62229498643	6000.0	2131.974428494108	0.0	0	0.0	5639.596723480485	1	0	tensor(3)	3.3656790656348896
126492.05888767402	6000.0	2147.5378358065036	0.0	0	0.0	5639.596723480499	1	0	tensor(3)	3.365679065634887
127610.261213247	6000.0	2029.3355102335254	0.0	0	0.0	5639.596723480499	1	0	tensor(3)	3.365679065634887
128791.33689180482	6000.0	1848.2598316757035	0.0	0	0.0	5639.596723480499	1	0	tensor(3)	3.365679065634887
129787.63708228579	6000.0	1851.959641194739	0.0	0	0.0	5639.596723480499	1	0	tensor(3)	3.365679065634887
130861.94494187321	6000.0	1777.6517816073115	0.0	0	0.0	5639.596723480499	1	0	tensor(3)	3.365679065634887
131774.9447363733	6000.0	1864.651987107248	0.0	0	0.0	5639.596723480528	1	0	tensor(3)	3.365679065634882
132575.67190711727	6000.0	2063.924816363261	0.0	0	0.0	5639.596723480528	1	0	tensor(3)	3.365679065634882
133482.38468569212	6000.0	2157.2120377884135	0.0	0	0.0	5639.596723480514	1	0	tensor(3)	3.365679065634882
134444.52926323298	6000.0	2195.067460247581	0.0	0	0.0	5639.596723480543	1	0	tensor(3)	3.3656790656348807
135046.71180434673	6000.0	2592.884919133846	0.0	0	0.0	5639.596723480558	1	0	tensor(3)	3.365679065634877
135695.94579474576	6000.0	2943.6509287348345	0.0	0	0.0	5639.596723480572	1	0	tensor(3)	3.365679065634874
137152.81018259947	6000.0	2486.7865408810953	0.0	0	0.0	5639.596723480558	1	0	tensor(3)	3.365679065634874
138067.6113290107	6000.0	2571.9853944698707	0.0	0	0.0	5639.596723480558	1	0	tensor(3)	3.365679065634875
138791.41342244405	6000.0	2848.183301036522	0.0	0	0.0	5639.596723480587	1	0	tensor(3)	3.365679065634869
139938.56728985062	6000.0	2701.029433629985	0.0	0	0.0	5639.596723480558	1	0	tensor(3)	3.365679065634875
141113.29237069614	6000.0	2526.304352784452	0.0	0	0.0	5639.596723480558	1	0	tensor(3)	3.365679065634875
141915.38949053944	6000.0	2724.2072329411317	0.0	0	0.0	5639.596723480558	1	0	tensor(3)	3.365679065634875
142815.17780908625	6000.0	2824.418914394354	0.0	0	0.0	5639.596723480587	1	0	tensor(3)	3.365679065634869
143893.5248163951	6000.0	2746.0719070854916	0.0	0	0.0	5639.596723480587	1	0	tensor(3)	3.365679065634869
144901.38971166743	6000.0	2738.2070118131396	0.0	0	0.0	5639.596723480587	1	0	tensor(3)	3.365679065634869
145909.8255541772	6000.0	2729.7711693033775	0.0	0	0.0	5639.596723480587	1	0	tensor(3)	3.365679065634869
146886.4133624134	6000.0	2753.1833610671715	0.0	0	0.0	5639.596723480587	1	0	tensor(3)	3.365679065634869
147711.10292317014	6000.0	2928.493800310436	0.0	0	0.0	5639.596723480587	1	0	tensor(3)	3.365679065634869
148625.05052970818	6000.0	3014.5461937723862	0.0	0	0.0	5639.596723480587	1	0	tensor(3)	3.365679065634869
149509.29867775872	6000.0	3130.2980457218237	0.0	0	0.0	5639.596723480558	1	0	tensor(3)	3.365679065634875
150714.95658684152	6000.0	2924.6401366390505	0.0	0	0.0	5639.596723480587	1	0	tensor(3)	3.365679065634869
152183.13435870587	6000.0	2456.462364774694	0.0	0	0.0	5639.596723480616	1	0	tensor(3)	3.3656790656348634
153020.10157804305	6000.0	2619.495145437503	0.0	0	0.0	5639.596723480616	1	0	tensor(3)	3.3656790656348634
153997.29748833991	6000.0	2642.2992351406106	0.0	0	0.0	5639.596723480616	1	0	tensor(3)	3.3656790656348634
155168.9518168185	6000.0	2470.6449066620025	0.0	0	0.0	5639.596723480616	1	0	tensor(3)	3.3656790656348634
156078.69828511143	6000.0	2560.8984383690276	0.0	0	0.0	5639.596723480587	1	0	tensor(3)	3.365679065634869
157312.1819785905	6000.0	2327.4147448899644	0.0	0	0.0	5639.596723480587	1	0	tensor(3)	3.365679065634869
158704.47420276003	6000.0	1935.122520720424	0.0	0	0.0	5639.596723480558	1	0	tensor(3)	3.365679065634871
159647.55534649626	6000.0	1992.0413769842005	0.0	0	0.0	5639.596723480558	1	0	tensor(3)	3.365679065634875
160508.64720685146	6000.0	2130.949516629006	0.0	0	0.0	5639.596723480587	1	0	tensor(3)	3.365679065634869
161243.83209674206	6000.0	2395.7646267384016	0.0	0	0.0	5639.596723480616	1	0	tensor(3)	3.3656790656348634
162437.73922977314	6000.0	2201.857493707323	0.0	0	0.0	5639.596723480587	1	0	tensor(3)	3.3656790656348647
163001.47286060746	6000.0	2638.123862873005	0.0	0	0.0	5639.596723480587	1	0	tensor(3)	3.365679065634869
163592.5620087754	6000.0	3047.034714705039	0.0	0	0.0	5639.596723480587	1	0	tensor(3)	3.365679065634869
164349.1140267715	6000.0	3290.4826967089266	0.0	0	0.0	5639.596723480616	1	0	tensor(3)	3.3656790656348634
165519.67723481628	6000.0	3119.91948866417	0.0	0	0.0	5639.596723480645	1	0	tensor(3)	3.365679065634857
166928.3449608641	6000.0	2711.2517626163412	0.0	0	0.0	5639.596723480674	1	0	tensor(3)	3.365679065634853
167694.50550800856	6000.0	2945.0912154718935	0.0	0	0.0	5639.596723480674	1	0	tensor(3)	3.365679065634852
168733.38937315825	6000.0	2906.207350322212	0.0	0	0.0	5639.596723480674	1	0	tensor(3)	3.365679065634852
169709.67262904975	6000.0	2929.924094430733	0.0	0	0.0	5639.596723480674	1	0	tensor(3)	3.365679065634852
170718.1236716772	6000.0	2921.473051803259	0.0	0	0.0	5639.596723480674	1	0	tensor(3)	3.365679065634852
171792.44977010766	6000.0	2847.146953372793	0.0	0	0.0	5639.596723480674	1	0	tensor(3)	3.365679065634852
172867.5872645445	6000.0	2772.0094589359574	0.0	0	0.0	5639.596723480674	1	0	tensor(3)	3.365679065634852
173833.26305455028	6000.0	2806.333668930212	0.0	0	0.0	5639.596723480703	1	0	tensor(3)	3.3656790656348456
174724.60927505183	6000.0	2914.9874484286456	0.0	0	0.0	5639.596723480703	1	0	tensor(3)	3.3656790656348456
175282.008699784	6000.0	3357.588023696478	0.0	0	0.0	5639.596723480732	1	0	tensor(3)	3.36567906563484
175898.05712488908	6000.0	3741.5395985913988	0.0	0	0.0	5639.596723480732	1	0	tensor(3)	3.36567906563484
176706.4290676483	6000.0	3933.167655832208	0.0	0	0.0	5639.596723480761	1	0	tensor(3)	3.365679065634834
177898.6173882759	6000.0	3740.979335204627	0.0	0	0.0	5639.5967234808195	1	0	tensor(3)	3.365679065634823
179242.18586539006	6000.0	3397.4108580904626	0.0	0	0.0	5639.59672348079	1	0	tensor(3)	3.3656790656348283
180144.06574404973	6000.0	3495.530979430779	0.0	0	0.0	5639.59672348079	1	0	tensor(3)	3.3656790656348283
181322.54331100604	6000.0	3317.053412474455	0.0	0	0.0	5639.59672348079	1	0	tensor(3)	3.3656790656348283
181987.02341618447	6000.0	3652.5733072959965	0.0	0	0.0	5639.596723480761	1	0	tensor(3)	3.365679065634834
182572.68696105963	6000.0	4066.909762420832	0.0	0	0.0	5639.59672348079	1	0	tensor(3)	3.3656790656348283
183659.45933491716	6000.0	3980.137388563312	0.0	0	0.0	5639.5967234808195	1	0	tensor(3)	3.3656790656348257
184751.37777220106	6000.0	3888.218951279411	0.0	0	0.0	5639.59672348079	1	0	tensor(3)	3.365679065634827
185640.9318026996	6000.0	3998.664920780845	0.0	0	0.0	5639.59672348079	1	0	tensor(3)	3.3656790656348283
186264.67299718963	6000.0	4374.923726290827	0.0	0	0.0	5639.59672348079	1	0	tensor(3)	3.3656790656348283
187132.87127428167	6000.0	4506.725449198777	0.0	0	0.0	5639.596723480761	1	0	tensor(3)	3.365679065634834
188290.8861394445	6000.0	4348.710584035953	0.0	0	0.0	5639.59672348079	1	0	tensor(3)	3.3656790656348283
189185.41885868518	6000.0	4454.1778647952815	0.0	0	0.0	5639.59672348079	1	0	tensor(3)	3.3656790656348283
190433.0683395085	6000.0	4206.528383971989	0.0	0	0.0	5639.59672348079	1	0	tensor(3)	3.3656790656348283
191702.41043855232	6000.0	3937.1862849281692	0.0	0	0.0	5639.59672348079	1	0	tensor(3)	3.3656790656348283
193033.70375916027	6000.0	3605.892964320242	0.0	0	0.0	5639.5967234808195	1	0	tensor(3)	3.365679065634822
193981.93762120363	6000.0	3657.659102276877	0.0	0	0.0	5639.5967234808195	1	0	tensor(3)	3.365679065634822
194777.4554347184	6000.0	3862.141288762107	0.0	0	0.0	5639.59672348079	1	0	tensor(3)	3.3656790656348283
195586.90559296243	6000.0	4052.6911305180565	0.0	0	0.0	5639.59672348079	1	0	tensor(3)	3.3656790656348283
196528.18010271512	6000.0	4111.416620765369	0.0	0	0.0	5639.59672348079	1	0	tensor(3)	3.3656790656348283
197490.3631221523	6000.0	4149.2336013281765	0.0	0	0.0	5639.59672348079	1	0	tensor(3)	3.3656790656348283
198068.35987188932	6000.0	4571.236851591186	0.0	0	0.0	5639.596723480761	1	0	tensor(3)	3.365679065634834
198726.60957053135	6000.0	4912.987152949157	0.0	0	0.0	5639.596723480761	1	0	tensor(3)	3.365679065634834
199656.66481174884	6000.0	4982.931911731695	0.0	0	0.0	5639.59672348079	1	0	tensor(3)	3.3656790656348283
201135.53299762445	6000.0	4504.063725856088	0.0	0	0.0	5639.596723480761	1	0	tensor(3)	3.365679065634834
202020.69976565108	6000.0	4618.896957829481	0.0	0	0.0	5639.596723480761	1	0	tensor(3)	3.365679065634834
202704.85522768306	6000.0	4934.74149579749	0.0	0	0.0	5639.596723480761	1	0	tensor(3)	3.365679065634834
203897.14325888993	6000.0	4742.453464590599	0.0	0	0.0	5639.596723480761	1	0	tensor(3)	3.365679065634834
205039.23195458658	6000.0	4600.3647688939545	0.0	0	0.0	5639.596723480761	1	0	tensor(3)	3.365679065634834
206177.23803574182	6000.0	4462.35868773872	0.0	0	0.0	5639.596723480761	1	0	tensor(3)	3.365679065634834
206827.2406917079	6000.0	4812.356031772635	0.0	0	0.0	5639.596723480761	1	0	tensor(3)	3.365679065634834
207829.09930749552	6000.0	4810.497415984975	0.0	0	0.0	5639.596723480732	1	0	tensor(3)	3.365679065634837
208658.9921240584	6000.0	4980.604599422104	0.0	0	0.0	5639.596723480732	1	0	tensor(3)	3.36567906563484
209547.22024751443	6000.0	5092.376475966046	0.0	0	0.0	5639.596723480732	1	0	tensor(3)	3.36567906563484
210740.09425000314	6000.0	4899.502473477336	0.0	0	0.0	5639.596723480732	1	0	tensor(3)	3.36567906563484
211486.92891034597	6000.0	5152.667813134524	0.0	0	0.0	5639.596723480732	1	0	tensor(3)	3.36567906563484
212200.0	6000.0	5439.596723480479	0.0	0	47.838572503911564	5639.596723480732	1	0	tensor(3)	3.36567906563484
213200.0	6000.0	5439.596723480491	0.0	0	49.265480233414564	5639.596723480761	1	0	tensor(3)	3.365679065634834
214414.49415636394	6000.0	5225.102567116539	0.0	0	0.0	5639.5967234808195	1	0	tensor(3)	3.3656790656348274
215628.6861681638	6000.0	5010.91055531667	0.0	0	0.0	5639.5967234808195	1	0	tensor(3)	3.365679065634822
216826.8506592291	6000.0	4812.746064251389	0.0	0	0.0	5639.5967234808195	1	0	tensor(3)	3.365679065634822
217912.91509575918	6000.0	4726.681627721324	0.0	0	0.0	5639.5967234808195	1	0	tensor(3)	3.365679065634822
218824.78160495413	6000.0	4814.815118526383	0.0	0	0.0	5639.59672348079	1	0	tensor(3)	3.3656790656348283
219751.90652420733	6000.0	4887.690199273151	0.0	0	0.0	5639.596723480761	1	0	tensor(3)	3.365679065634833
220885.96132073062	6000.0	4753.635402749868	0.0	0	0.0	5639.596723480732	1	0	tensor(3)	3.365679065634838
221679.16346858183	6000.0	4960.433254898674	0.0	0	0.0	5639.596723480732	1	0	tensor(3)	3.36567906563484
223233.88590929972	6000.0	4405.710814180778	0.0	0	0.0	5639.596723480732	1	0	tensor(3)	3.36567906563484
224400.25472969856	6000.0	4239.341993781937	0.0	0	0.0	5639.596723480732	1	0	tensor(3)	3.36567906563484
225711.3225386752	6000.0	3928.2741848053015	0.0	0	0.0	5639.596723480732	1	0	tensor(3)	3.36567906563484
226761.03804232297	6000.0	3878.558681157544	0.0	0	0.0	5639.596723480732	1	0	tensor(3)	3.36567906563484
227849.16607609688	6000.0	3790.4306473836227	0.0	0	0.0	5639.596723480703	1	0	tensor(3)	3.3656790656348443
228758.82293520874	6000.0	3880.7737882718	0.0	0	0.0	5639.596723480703	1	0	tensor(3)	3.3656790656348456
229936.49742383359	6000.0	3703.0992996469677	0.0	0	0.0	5639.596723480732	1	0	tensor(3)	3.36567906563484
230820.86426918587	6000.0	3818.732454294671	0.0	0	0.0	5639.596723480732	1	0	tensor(3)	3.36567906563484
231834.5682365408	6000.0	3805.028486939735	0.0	0	0.0	5639.596723480703	1	0	tensor(3)	3.3656790656348456
232984.84722733847	6000.0	3654.749496142056	0.0	0	0.0	5639.596723480703	1	0	tensor(3)	3.3656790656348456
234026.28023702867	6000.0	3613.3164864518662	0.0	0	0.0	5639.596723480674	1	0	tensor(3)	3.365679065634852
235261.87398547173	6000.0	3377.722738008789	0.0	0	0.0	5639.596723480674	1	0	tensor(3)	3.365679065634852
236296.81738205277	6000.0	3342.7793414277407	0.0	0	0.0	5639.596723480674	1	0	tensor(3)	3.365679065634852
237222.11536747156	6000.0	3417.481356008931	0.0	0	0.0	5639.596723480645	1	0	tensor(3)	3.365679065634857
237988.91314723523	6000.0	3650.6835762452615	0.0	0	0.0	5639.596723480645	1	0	tensor(3)	3.365679065634857
238715.22984485005	6000.0	3924.36687863046	0.0	0	0.0	5639.596723480645	1	0	tensor(3)	3.365679065634857
239582.2134385516	6000.0	4057.3832849289142	0.0	0	0.0	5639.596723480645	1	0	tensor(3)	3.365679065634857
240746.52024075543	6000.0	3893.0764827250914	0.0	0	0.0	5639.596723480674	1	0	tensor(3)	3.365679065634852
241588.9219090585	6000.0	4050.674814422027	0.0	0	0.0	5639.596723480674	1	0	tensor(3)	3.365679065634852
243145.21807343385	6000.0	3494.378650046699	0.0	0	0.0	5639.596723480703	1	0	tensor(3)	3.3656790656348456
244271.93312436808	6000.0	3367.6635991124617	0.0	0	0.0	5639.596723480703	1	0	tensor(3)	3.3656790656348456
245428.1945516784	6000.0	3211.402171802131	0.0	0	0.0	5639.596723480674	1	0	tensor(3)	3.365679065634852
246868.03310482882	6000.0	2771.5636186517277	0.0	0	0.0	5639.596723480703	1	0	tensor(3)	3.365679065634848
248177.2285544605	6000.0	2462.3681690199874	0.0	0	0.0	5639.596723480703	1	0	tensor(3)	3.3656790656348456
249298.29075828087	6000.0	2341.305965199635	0.0	0	0.0	5639.596723480732	1	0	tensor(3)	3.36567906563484
250416.4379883621	6000.0	2223.1587351184244	0.0	0	0.0	5639.596723480761	1	0	tensor(3)	3.365679065634839
251415.4079836181	6000.0	2224.1887398624394	0.0	0	0.0	5639.596723480761	1	0	tensor(3)	3.365679065634834
252458.15506417275	6000.0	2181.4416593077576	0.0	0	0.0	5639.596723480732	1	0	tensor(3)	3.3656790656348354
253636.79750288225	6000.0	2002.7992205982396	0.0	0	0.0	5639.596723480703	1	0	tensor(3)	3.3656790656348456
254623.43809574106	6000.0	2016.158627739448	0.0	0	0.0	5639.596723480703	1	0	tensor(3)	3.3656790656348456
255695.2685812676	6000.0	1944.3281422128982	0.0	0	0.0	5639.596723480674	1	0	tensor(3)	3.3656790656348496
256330.5346456612	6000.0	2309.062077819296	0.0	0	0.0	5639.596723480674	1	0	tensor(3)	3.365679065634852
256987.64744212382	6000.0	2651.94928135666	0.0	0	0.0	5639.596723480645	1	0	tensor(3)	3.365679065634857
257770.34341614164	6000.0	2869.25330733882	0.0	0	0.0	5639.596723480645	1	0	tensor(3)	3.365679065634857
259064.2167273855	6000.0	2575.3799960949523	0.0	0	0.0	5639.596723480645	1	0	tensor(3)	3.365679065634857
260313.9439343993	6000.0	2325.6527890811412	0.0	0	0.0	5639.596723480616	1	0	tensor(3)	3.3656790656348634
261668.96568436068	6000.0	1970.631039119781	0.0	0	0.0	5639.596723480616	1	0	tensor(3)	3.3656790656348634
262593.56433127983	6000.0	2046.032392200618	0.0	0	0.0	5639.596723480616	1	0	tensor(3)	3.365679065634866
263319.3439823484	3000.0	2320.25274113205	0.0	0	0.0	5639.596723480616	1	0	tensor(3)	1.6328111142350008
264109.87960953836	3000.0	2529.717113942068	0.0	0	0.0	5639.596723480587	1	0	tensor(3)	2.3259582947949515
264934.211620154	3000.0	2705.3851033264323	0.0	0	0.0	5639.596723480528	1	0	tensor(3)	2.3259582947949586
265609.35995921795	3000.0	3030.2367642624545	0.0	0	0.0	5639.596723480558	1	0	tensor(3)	2.3259582947949573
266487.5611341079	6000.0	3152.035589372538	0.0	0	0.0	5639.596723480558	1	0	tensor(3)	2.672531885074928
267354.87660576275	6000.0	3284.720117717722	0.0	0	0.0	5639.596723480616	1	0	tensor(3)	3.3656790656348634
268673.032553047	6000.0	2966.5641704335044	0.0	0	0.0	5639.596723480616	1	0	tensor(3)	3.3656790656348634
269636.3492080516	6000.0	3003.2475154289345	0.0	0	0.0	5639.596723480616	1	0	tensor(3)	3.3656790656348634
270537.8059279138	6000.0	3101.790795566705	0.0	0	0.0	5639.596723480616	1	0	tensor(3)	3.3656790656348634
271659.5910675841	6000.0	2980.0056558964106	0.0	0	0.0	5639.596723480616	1	0	tensor(3)	3.3656790656348634
272395.37028393097	6000.0	3244.2264395495617	0.0	0	0.0	5639.596723480616	1	0	tensor(3)	3.3656790656348634
273108.60940688424	6000.0	3530.987316596307	0.0	0	0.0	5639.596723480616	1	0	tensor(3)	3.3656790656348634
273937.6813462872	6000.0	3701.915377193367	0.0	0	0.0	5639.596723480616	1	0	tensor(3)	3.3656790656348634
274790.316527103	6000.0	3849.280196377527	0.0	0	0.0	5639.596723480616	1	0	tensor(3)	3.3656790656348634
275849.388309164	6000.0	3790.2084143166107	0.0	0	0.0	5639.596723480674	1	0	tensor(3)	3.3656790656348545
276823.95878592174	6000.0	3815.637937558816	0.0	0	0.0	5639.596723480674	1	0	tensor(3)	3.365679065634852
277579.9446098639	6000.0	4059.652113616686	0.0	0	0.0	5639.596723480674	1	0	tensor(3)	3.365679065634852
278523.84815750667	6000.0	4115.7485659739705	0.0	0	0.0	5639.596723480674	1	0	tensor(3)	3.365679065634852
279326.271387595	6000.0	4313.325335885669	0.0	0	0.0	5639.596723480674	1	0	tensor(3)	3.365679065634852
280090.4740842353	6000.0	4549.122639245332	0.0	0	0.0	5639.596723480674	1	0	tensor(3)	3.365679065634852
280682.56650036445	6000.0	4957.030223116138	0.0	0	0.0	5639.596723480616	1	0	tensor(3)	3.3656790656348634
281570.79574167245	6000.0	5068.800981808057	0.0	0	0.0	5639.596723480558	1	0	tensor(3)	3.365679065634875
282319.2247571026	6000.0	5320.371966377899	0.0	0	0.0	5639.596723480558	1	0	tensor(3)	3.365679065634875
283344.2183225096	6000.0	5295.378400970839	0.0	0	0.0	5639.596723480499	1	0	tensor(3)	3.365679065634887
284200.0	6000.0	5439.596723480425	0.0	0	212.06011663691606	5639.596723480499	1	0	tensor(3)	3.365679065634887
285509.5217050507	6000.0	5130.075018429644	0.0	0	0.0	5639.596723480383	1	0	tensor(3)	3.3656790656349007
286718.54775952455	6000.0	4921.04896395584	0.0	0	0.0	5639.596723480383	1	0	tensor(3)	3.36567906563491
287395.0417362079	6000.0	5244.55498727251	0.0	0	0.0	5639.596723480383	1	0	tensor(3)	3.36567906563491
288200.0	6000.0	5439.596723480419	0.0	0	103.60595575283514	5639.596723480441	1	0	tensor(3)	3.3656790656348985
289200.0	6000.0	5439.596723480462	0.0	0	169.7287748757517	5639.596723480441	1	0	tensor(3)	3.3656790656348985
290297.9941309062	6000.0	5341.602592574304	0.0	0	0.0	5639.596723480499	1	0	tensor(3)	3.365679065634887
291200.0	6000.0	5439.596723480435	0.0	0	238.10521173197776	5639.596723480499	1	0	tensor(3)	3.365679065634887
292200.0	6000.0	5439.596723480419	0.0	0	130.3317940698471	5639.596723480499	1	0	tensor(3)	3.365679065634887
293200.0	6000.0	5439.596723480431	0.0	0	351.64461923378985	5639.596723480499	1	0	tensor(3)	3.365679065634887
294200.0	6000.0	5439.596723480366	0.0	0	244.11873223847942	5639.596723480499	1	0	tensor(3)	3.365679065634887
295760.22589316085	6000.0	4879.370830319563	0.0	0	0.0	5639.596723480616	1	0	tensor(3)	3.3656790656348705
296935.80798236775	6000.0	4703.78874111264	0.0	0	0.0	5639.596723480616	1	0	tensor(3)	3.3656790656348634
298063.93060250964	6000.0	4575.66612097069	0.0	0	0.0	5639.596723480616	1	0	tensor(3)	3.3656790656348634
298975.61700405984	6000.0	4663.97971942053	0.0	0	0.0	5639.596723480616	1	0	tensor(3)	3.3656790656348634
299933.3320131444	6000.0	4706.264710335898	0.0	0	0.0	5639.596723480558	1	0	tensor(3)	3.3656790656348723
301231.47472690884	6000.0	4408.121996571511	0.0	0	0.0	5639.596723480558	1	0	tensor(3)	3.365679065634875
6.44	7.0	6.31	5.99	5.44	7.56	6.6	6.15	8.64	9.72	4.09	5.37	6.36	7.81	6.9	6.92	6.82	7.54	6.22	7.21	8.32	8.24	5.18	5.84	4.97	6.87	6.14	8.91	7.12	4.65	7.43	8.61	6.67	6.75	5.2	6.39	5.63	5.17	6.29	6.58	5.76	8.19	4.98	8.36	7.66	4.93	5.99	6.74	7.4	4.33	6.02	6.89	7.41	6.85	9.07	6.73	6.28	9.17	7.27	5.69	6.19	6.99	3.63	5.8	5.85	6.79	6.28	5.06	5.46	5.54	6.16	6.65	4.67	7.1	7.01	6.54	8.48	7.15	6.48	5.62	6.65	7.34	7.63	9.01	7.46	4.39	7.89	6.16	3.08	6.36	5.6	4.44	4.68	5.07	6.37	7.38	5.66	5.72	6.27	7.16	6.72	9.1	7.88	5.44	4.97	4.93	5.61	5.15	4.03	4.37	5.42	7.63	5.46	5.03	4.75	5.38	6.59	8.21	9.05	7.6	6.46	7.1	5.48	7.85	5.97	6.8	8.79	7.87	7.3	9.13	6.02	4.89	8.02	7.69	6.1	7.05	8.04	5.72	7.51	7.18	4.58	5.83	6.33	6.7	6.16	4.54	5.66	6.51	7.63	5.66	6.44	7.0	6.31	5.99	5.44	7.56	6.6	6.15	8.64	9.72	4.09	5.37	6.36	7.81	6.9	6.92	6.82	7.54	6.22	7.21	8.32	8.24	5.18	5.84	4.97	6.87	6.14	8.91	7.12	4.65	7.43	8.61	6.67	6.75	5.2	6.39	5.63	5.17	6.29	6.58	5.76	8.19	4.98	8.36	7.66	4.93	5.99	6.74	7.4	4.33	6.02	6.89	7.41	6.85	9.07	6.73	6.28	9.17	7.27	5.69	6.19	6.99	3.63	5.8	5.85	6.79	6.28	5.06	5.46	5.54	6.16	6.65	4.67	7.1	7.01	6.54	8.48	7.15	6.48	5.62	6.65	7.34	7.63	9.01	7.46	4.39	7.89	6.16	3.08	6.36	5.6	4.44	4.68	5.07	6.37	7.38	5.66	5.72	6.27	7.16	6.72	9.1	7.88	5.44	4.97	4.93	5.61	5.15	4.03	4.37	5.42	7.63	5.46	5.03	4.75	5.38	6.59	8.21	9.05	7.6	6.46	7.1	5.48	7.85	5.97	6.8	8.79	7.87	7.3	9.13	6.02	4.89	8.02	7.69	6.1	7.05	8.04	5.72	7.51	7.18	4.58	5.83	6.33	6.7	6.16	4.54	5.66	6.51	7.63	5.66	6.44	7.0	6.31
1.0	2.0	3.0	4.0	5.0	6.0	7.0	8.0	9.0	10.0	11.0	12.0	13.0	14.0	15.0	16.0	17.0	18.0	19.0	20.0	21.0	22.0	23.0	24.0	25.0	26.0	27.0	28.0	29.0	30.0	31.0	32.0	33.0	34.0	35.0	36.0	37.0	38.0	39.0	40.0	41.0	42.0	43.0	44.0	45.0	46.0	47.0	48.0	49.0	50.0	51.0	52.0	53.0	54.0	55.0	56.0	57.0	58.0	59.0	60.0	61.0	62.0	63.0	64.0	65.0	66.0	67.0	68.0	69.0	70.0	71.0	72.0	73.0	74.0	75.0	76.0	77.0	78.0	79.0	80.0	81.0	82.0	83.0	84.0	85.0	86.0	87.0	88.0	89.0	90.0	91.0	92.0	93.0	94.0	95.0	96.0	97.0	98.0	99.0	100.0	101.0	102.0	103.0	104.0	105.0	106.0	107.0	108.0	109.0	110.0	111.0	112.0	113.0	114.0	115.0	116.0	117.0	118.0	119.0	120.0	121.0	122.0	123.0	124.0	125.0	126.0	127.0	128.0	129.0	130.0	131.0	132.0	133.0	134.0	135.0	136.0	137.0	138.0	139.0	140.0	141.0	142.0	143.0	144.0	145.0	146.0	147.0	148.0	149.0	149.0	150.0	151.0	152.0	153.0	154.0	155.0	156.0	157.0	158.0	159.0	160.0	161.0	162.0	163.0	164.0	165.0	166.0	167.0	168.0	169.0	170.0	171.0	172.0	173.0	174.0	175.0	176.0	177.0	178.0	179.0	180.0	181.0	182.0	183.0	184.0	185.0	186.0	187.0	188.0	189.0	190.0	191.0	192.0	193.0	194.0	195.0	196.0	197.0	198.0	199.0	200.0	201.0	202.0	203.0	204.0	205.0	206.0	207.0	208.0	209.0	210.0	211.0	212.0	213.0	214.0	215.0	216.0	217.0	218.0	219.0	220.0	221.0	222.0	223.0	224.0	225.0	226.0	227.0	228.0	229.0	230.0	231.0	232.0	233.0	234.0	235.0	236.0	237.0	238.0	239.0	240.0	241.0	242.0	243.0	244.0	245.0	246.0	247.0	248.0	249.0	250.0	251.0	252.0	253.0	254.0	255.0	256.0	257.0	258.0	259.0	260.0	261.0	262.0	263.0	264.0	265.0	266.0	267.0	268.0	269.0	270.0	271.0	272.0	273.0	274.0	275.0	276.0	277.0	278.0	279.0	280.0	281.0	282.0	283.0	284.0	285.0	286.0	287.0	288.0	289.0	290.0	291.0	292.0	293.0	294.0	295.0	296.0	297.0	298.0	298.0	299.0	300.0	301.0
5404.614283128649
