4751.288242584307	1000.0	2000.0	264.7243691935578	0	0.0	4751.288242584307	1	0	tensor(3)	-1.4552345014252104
5590.973012603182	3000.0	2160.3152299811254	0.0	0	0.0	4751.288242584307	1	0	tensor(3)	1.8801365265645287
6342.507576943792	3000.0	2408.780665640516	0.0	0	0.0	4751.288242584307	1	0	tensor(3)	2.9787488152326387
7576.062127119716	3000.0	2175.2261154645917	0.0	0	0.0	4751.288242584307	1	0	tensor(3)	2.9787488152326382
8374.135060634666	3000.0	2377.1531819496417	0.0	0	0.0	4751.288242584307	1	0	tensor(3)	2.9787488152326387
9080.391225564563	3000.0	2670.8970170197435	0.0	0	0.0	4751.288242584307	1	0	tensor(3)	2.9787488152326387
10169.206344756547	3000.0	2582.0818978277593	0.0	0	0.0	4751.288242584307	1	0	tensor(3)	2.9787488152326387
11418.36329555649	3000.0	2332.924947027817	0.0	0	0.0	4751.288242584308	1	0	tensor(3)	2.9787488152326382
12362.228901995059	3000.0	2389.059340589247	0.0	0	0.0	4751.288242584308	1	0	tensor(3)	2.9787488152326382
13454.400688756183	3000.0	2296.8875538281227	0.0	0	0.0	4751.288242584307	1	0	tensor(3)	2.9787488152326387
14621.297714935712	3000.0	2129.9905276485915	0.0	0	0.0	4751.288242584307	1	0	tensor(3)	2.9787488152326387
15992.404246736665	3000.0	1758.8839958476387	0.0	0	0.0	4751.288242584307	1	0	tensor(3)	2.9787488152326387
17269.504964874443	3000.0	1481.7832777098588	0.0	0	0.0	4751.288242584305	1	0	tensor(3)	2.9787488152326387
18006.612356236088	3000.0	1744.6758863482105	0.0	0	0.0	4751.2882425843	1	0	tensor(3)	2.978748815232639
18979.9813874314	3000.0	1771.3068551529009	0.0	0	0.0	4751.2882425843	1	0	tensor(3)	2.978748815232639
19868.546336074374	3000.0	1882.741906509927	0.0	0	0.0	4751.288242584304	1	0	tensor(3)	2.978748815232639
20904.6936385591	3000.0	1846.594604025204	0.0	0	0.0	4751.288242584305	1	0	tensor(3)	2.9787488152326387
22522.602921876103	3000.0	1228.6853207082015	0.0	0	0.0	4751.288242584305	1	0	tensor(3)	2.9787488152326387
23033.660473160275	3000.0	1717.6277694240325	0.0	0	0.0	4751.288242584309	1	0	tensor(3)	2.9787488152326382
23554.86973896645	3000.0	2196.4185036178624	0.0	0	0.0	4751.288242584309	1	0	tensor(3)	2.9787488152326382
24119.22377748527	3000.0	2632.0644650990416	0.0	0	0.0	4751.288242584309	1	0	tensor(3)	2.9787488152326382
25112.766774141626	3000.0	2638.5214684426865	0.0	0	0.0	4751.288242584309	1	0	tensor(3)	2.9787488152326382
26019.483714846847	3000.0	2731.804527737466	0.0	0	0.0	4751.288242584309	1	0	tensor(3)	2.9787488152326382
26906.59208833453	3000.0	2844.696154249784	0.0	0	0.0	4751.288242584309	1	0	tensor(3)	2.9787488152326382
27822.90576113751	3000.0	2928.382481446806	0.0	0	0.0	4751.288242584305	1	0	tensor(3)	2.9787488152326387
28542.652544764296	3000.0	3208.635697820021	0.0	0	0.0	4751.288242584305	1	0	tensor(3)	2.9787488152326387
29162.849976479458	3000.0	3588.4382661048594	0.0	0	0.0	4751.288242584309	1	0	tensor(3)	2.9787488152326382
29826.640833307825	3000.0	3924.647409276495	0.0	0	0.0	4751.288242584313	1	0	tensor(3)	2.9787488152326382
30892.941976869384	3000.0	3858.346265714937	0.0	0	0.0	4751.288242584313	1	0	tensor(3)	2.9787488152326382
31785.25036657673	3000.0	3966.0378760075887	0.0	0	0.0	4751.288242584313	1	0	tensor(3)	2.9787488152326382
33296.564972502296	3000.0	3454.723270082022	0.0	0	0.0	4751.288242584316	1	0	tensor(3)	2.9787488152326373
34174.3120820833	3000.0	3576.976160501016	0.0	0	0.0	4751.288242584313	1	0	tensor(3)	2.9787488152326373
35062.9229556287	3000.0	3688.365286955611	0.0	0	0.0	4751.288242584313	1	0	tensor(3)	2.9787488152326382
36070.9195523419	3000.0	3680.3686902424197	0.0	0	0.0	4751.288242584316	1	0	tensor(3)	2.9787488152326373
37048.64874636862	3000.0	3702.639496215696	0.0	0	0.0	4751.288242584316	1	0	tensor(3)	2.978748815232638
37706.75341740042	3000.0	4044.534825183895	0.0	0	0.0	4751.28824258432	1	0	tensor(3)	2.978748815232637
38706.059105824	3000.0	4045.2291367603148	0.0	0	0.0	4751.28824258432	1	0	tensor(3)	2.978748815232637
39434.88686874515	3000.0	4316.401373839168	0.0	0	0.0	4751.288242584327	1	0	tensor(3)	2.9787488152326365
40637.122054682164	3000.0	4114.166187902154	0.0	0	0.0	4751.28824258432	1	0	tensor(3)	2.978748815232637
41735.3123278881	3000.0	4015.975914696215	0.0	0	0.0	4751.288242584327	1	0	tensor(3)	2.9787488152326365
42518.25267968259	3000.0	4233.035562901725	0.0	0	0.0	4751.288242584327	1	0	tensor(3)	2.9787488152326365
43218.01706187759	3000.0	4533.271180706733	0.0	0	0.0	4751.2882425843345	1	0	tensor(3)	2.9787488152326356
44200.0	3000.0	4551.288242584318	0.0	0	385.68440893307707	4751.2882425843345	1	0	tensor(3)	2.9787488152326356
46166.13284668272	6000.0	3585.155395901598	0.0	0	0.0	4751.288242584327	1	0	tensor(3)	3.3253224055126083
46927.1074928158	3000.0	3824.1807497685286	0.0	0	0.0	4751.288242584327	1	0	tensor(3)	2.2856016346726915
47851.28902702198	3000.0	3899.999215562352	0.0	0	0.0	4751.288242584327	1	0	tensor(3)	2.9787488152326365
48851.32272732315	3000.0	3899.9655152611786	0.0	0	0.0	4751.288242584327	1	0	tensor(3)	2.9787488152326365
49785.36207910943	3000.0	3965.9261634749023	0.0	0	0.0	4751.288242584327	1	0	tensor(3)	2.9787488152326365
50591.032515598265	3000.0	4160.255726986074	0.0	0	0.0	4751.288242584327	1	0	tensor(3)	2.9787488152326365
51513.60795700766	3000.0	4237.680285576676	0.0	0	0.0	4751.2882425843345	1	0	tensor(3)	2.9787488152326356
52340.778861306484	3000.0	4410.509381277849	0.0	0	0.0	4751.2882425843345	1	0	tensor(3)	2.9787488152326356
53200.0	3000.0	4551.288242584337	0.0	0	180.82291112967505	4751.2882425843345	1	0	tensor(3)	2.9787488152326356
54200.0	3000.0	4551.2882425843345	0.0	0	226.22291875713563	4751.288242584327	1	0	tensor(3)	2.9787488152326365
55200.0	3000.0	4551.288242584328	0.0	0	120.17678726115264	4751.288242584327	1	0	tensor(3)	2.9787488152326365
56351.92953822127	3000.0	4399.358704363059	0.0	0	0.0	4751.288242584327	1	0	tensor(3)	2.9787488152326365
57793.661712575944	3000.0	3957.626530008386	0.0	0	0.0	4751.288242584327	1	0	tensor(3)	2.9787488152326365
58965.40167890545	3000.0	3785.886563678878	0.0	0	0.0	4751.288242584327	1	0	tensor(3)	2.9787488152326365
59863.224325486204	3000.0	3888.063917098124	0.0	0	0.0	4751.288242584327	1	0	tensor(3)	2.9787488152326365
60540.962898744074	3000.0	4210.325343840257	0.0	0	0.0	4751.2882425843345	1	0	tensor(3)	2.9787488152326356
61553.14682831524	3000.0	4198.141414269082	0.0	0	0.0	4751.2882425843345	1	0	tensor(3)	2.9787488152326356
62200.0	3000.0	4551.288242584332	0.0	0	18.88524111193692	4751.2882425843345	1	0	tensor(3)	2.9787488152326356
63512.575333764806	3000.0	4238.712908819527	0.0	0	0.0	4751.288242584342	1	0	tensor(3)	2.9787488152326347
64287.77170742394	3000.0	4463.516535160398	0.0	0	0.0	4751.288242584342	1	0	tensor(3)	2.9787488152326347
65276.1422332612	3000.0	4475.146009323141	0.0	0	0.0	4751.288242584349	1	0	tensor(3)	2.9787488152326342
66266.27211218495	3000.0	4485.016130399407	0.0	0	0.0	4751.288242584364	1	0	tensor(3)	2.9787488152326334
67200.0	3000.0	4551.288242584359	0.0	0	276.65170894694165	4751.288242584364	1	0	tensor(3)	2.9787488152326325
68200.0	3000.0	4551.288242584374	0.0	0	344.53624238564225	4751.288242584371	1	0	tensor(3)	2.9787488152326325
69200.0	3000.0	4551.2882425843845	0.0	0	326.21981064065767	4751.288242584393	1	0	tensor(3)	2.9787488152326307
71100.07816049295	6000.0	3651.2100820914357	0.0	0	0.0	4751.288242584385	1	0	tensor(3)	3.325322405512603
72418.40609142829	6000.0	3332.882151156102	0.0	0	0.0	4751.288242584385	1	0	tensor(3)	4.018469586072548
73515.06362859585	3000.0	3236.2246139885374	0.0	0	0.0	4751.288242584385	1	0	tensor(3)	2.2856016346726857
74484.92076324523	3000.0	3266.367479339146	0.0	0	0.0	4751.288242584385	1	0	tensor(3)	2.9787488152326307
75230.74274783523	3000.0	3520.5454947491603	0.0	0	0.0	4751.288242584385	1	0	tensor(3)	2.9787488152326307
75897.49015963932	3000.0	3853.798082945072	0.0	0	0.0	4751.288242584385	1	0	tensor(3)	2.9787488152326307
76623.643725249	3000.0	4127.644517335404	0.0	0	0.0	4751.288242584385	1	0	tensor(3)	2.9787488152326307
77740.30716639664	3000.0	4010.9810761877884	0.0	0	0.0	4751.288242584385	1	0	tensor(3)	2.9787488152326307
79033.89683268341	3000.0	3717.3914099010217	0.0	0	0.0	4751.288242584385	1	0	tensor(3)	2.9787488152326307
79769.19888004345	3000.0	3982.0893625410113	0.0	0	0.0	4751.2882425844	1	0	tensor(3)	2.9787488152326294
80824.66830653127	3000.0	3926.6199360531914	0.0	0	0.0	4751.2882425844	1	0	tensor(3)	2.9787488152326294
81564.79531349226	3000.0	4186.4929290922155	0.0	0	0.0	4751.288242584415	1	0	tensor(3)	2.9787488152326276
82396.15041451683	3000.0	4355.13782806765	0.0	0	0.0	4751.2882425844	1	0	tensor(3)	2.9787488152326294
83230.05386045705	3000.0	4521.234382127436	0.0	0	0.0	4751.2882425844	1	0	tensor(3)	2.9787488152326294
84250.83951907967	3000.0	4500.4487235048	0.0	0	0.0	4751.2882425844	1	0	tensor(3)	2.9787488152326294
85200.0	3000.0	4551.288242584467	0.0	0	105.99435744222137	4751.288242584415	1	0	tensor(3)	2.9787488152326276
86200.0	3000.0	4551.288242584458	0.0	0	342.77549868823553	4751.288242584415	1	0	tensor(3)	2.9787488152326276
87383.24886040058	3000.0	4368.0393821838825	0.0	0	0.0	4751.288242584415	1	0	tensor(3)	2.9787488152326276
88407.07154331774	3000.0	4344.216699266731	0.0	0	0.0	4751.288242584415	1	0	tensor(3)	2.9787488152326276
89299.98999838297	3000.0	4451.298244201492	0.0	0	0.0	4751.288242584415	1	0	tensor(3)	2.9787488152326276
90200.0	3000.0	4551.288242584464	0.0	0	205.8088688350981	4751.288242584415	1	0	tensor(3)	2.9787488152326276
91826.5653892889	6000.0	3924.722853295568	0.0	0	0.0	4751.288242584415	1	0	tensor(3)	3.3253224055126003
93434.91553376227	6000.0	3316.372708822192	0.0	0	0.0	4751.288242584415	1	0	tensor(3)	4.018469586072545
95558.37750690505	6000.0	2192.9107356794143	0.0	0	0.0	4751.288242584415	1	0	tensor(3)	4.018469586072545
97357.59049319233	6000.0	1393.6977493921336	0.0	0	0.0	4751.288242584415	1	0	tensor(3)	4.018469586072545
97943.96337072234	3000.0	1807.3248718621217	0.0	0	0.0	4751.288242584415	1	0	tensor(3)	2.2856016346726826
98762.27429995938	3000.0	1989.0139426251	0.0	0	0.0	4751.288242584415	1	0	tensor(3)	2.9787488152326276
99649.46823878161	3000.0	2101.82000380285	0.0	0	0.0	4751.288242584415	1	0	tensor(3)	2.9787488152326276
100593.71105955711	3000.0	2157.577183027338	0.0	0	0.0	4751.2882425844	1	0	tensor(3)	2.9787488152326294
101177.85596401282	3000.0	2573.432278571623	0.0	0	0.0	4751.2882425844	1	0	tensor(3)	2.9787488152326294
102330.97004192285	3000.0	2420.3182006616053	0.0	0	0.0	4751.2882425844	1	0	tensor(3)	2.9787488152326294
103159.07803888182	3000.0	2592.2102037026307	0.0	0	0.0	4751.2882425844	1	0	tensor(3)	2.9787488152326294
104374.8166539207	3000.0	2376.4715886637505	0.0	0	0.0	4751.288242584415	1	0	tensor(3)	2.9787488152326276
105192.42743937598	3000.0	2558.8608032084644	0.0	0	0.0	4751.288242584415	1	0	tensor(3)	2.9787488152326276
106049.31542002225	3000.0	2701.9728225622057	0.0	0	0.0	4751.288242584429	1	0	tensor(3)	2.9787488152326262
107178.72103793603	3000.0	2572.5672046484074	0.0	0	0.0	4751.288242584429	1	0	tensor(3)	2.9787488152326262
108246.08664891629	3000.0	2505.2015936681687	0.0	0	0.0	4751.288242584429	1	0	tensor(3)	2.9787488152326262
108995.9746525367	3000.0	2755.3135900477696	0.0	0	0.0	4751.288242584415	1	0	tensor(3)	2.9787488152326276
110065.40020358165	3000.0	2685.888039002824	0.0	0	0.0	4751.288242584415	1	0	tensor(3)	2.9787488152326276
111098.43183349763	3000.0	2652.8564090868604	0.0	0	0.0	4751.288242584415	1	0	tensor(3)	2.9787488152326276
111994.49756044516	3000.0	2756.790682139336	0.0	0	0.0	4751.288242584415	1	0	tensor(3)	2.9787488152326276
112708.4034054722	3000.0	3042.8848371122895	0.0	0	0.0	4751.2882425844	1	0	tensor(3)	2.9787488152326294
113512.51973716721	3000.0	3238.768505417281	0.0	0	0.0	4751.2882425844	1	0	tensor(3)	2.9787488152326294
114155.71876012978	3000.0	3595.569482454718	0.0	0	0.0	4751.2882425844	1	0	tensor(3)	2.9787488152326294
114722.38871621371	3000.0	4028.8995263707925	0.0	0	0.0	4751.2882425844	1	0	tensor(3)	2.9787488152326294
115646.12444335257	3000.0	4105.163799231941	0.0	0	0.0	4751.2882425844	1	0	tensor(3)	2.9787488152326294
116268.29801724065	3000.0	4482.99022534386	0.0	0	0.0	4751.2882425844	1	0	tensor(3)	2.9787488152326294
117426.80021324406	3000.0	4324.488029340456	0.0	0	0.0	4751.2882425844	1	0	tensor(3)	2.9787488152326294
118408.29977905682	3000.0	4342.988463527692	0.0	0	0.0	4751.288242584385	1	0	tensor(3)	2.9787488152326307
119602.99146708571	3000.0	4148.296775498809	0.0	0	0.0	4751.288242584385	1	0	tensor(3)	2.9787488152326307
120561.76633276444	3000.0	4189.52190982008	0.0	0	0.0	4751.2882425844	1	0	tensor(3)	2.9787488152326294
121330.43423396854	3000.0	4420.854008615978	0.0	0	0.0	4751.2882425844	1	0	tensor(3)	2.9787488152326294
122200.0	3000.0	4551.288242584508	0.0	0	186.75462419680844	4751.288242584385	1	0	tensor(3)	2.9787488152326307
123200.0	3000.0	4551.288242584514	0.0	0	258.77845611177327	4751.288242584385	1	0	tensor(3)	2.9787488152326307
124200.0	3000.0	4551.288242584522	0.0	0	223.39609619785915	4751.288242584385	1	0	tensor(3)	2.9787488152326307
125342.11055801265	3000.0	4409.177684571876	0.0	0	0.0	4751.288242584385	1	0	tensor(3)	2.9787488152326307
126305.40562290348	3000.0	4445.882619681044	0.0	0	0.0	4751.288242584385	1	0	tensor(3)	2.9787488152326307
127402.1087562701	3000.0	4349.17948631442	0.0	0	0.0	4751.288242584385	1	0	tensor(3)	2.9787488152326307
128200.0	3000.0	4551.288242584528	0.0	0	75.09327853993454	4751.288242584385	1	0	tensor(3)	2.9787488152326307
129424.78232665473	6000.0	4326.5059159297925	0.0	0	0.0	4751.288242584385	1	0	tensor(3)	3.3253224055126034
131530.4695164006	6000.0	3220.818726183933	0.0	0	0.0	4751.288242584385	1	0	tensor(3)	4.018469586072548
133827.04686366848	6000.0	1924.2413789160075	0.0	0	0.0	4751.288242584342	1	0	tensor(3)	4.018469586072551
134745.21239262426	3000.0	2006.0758499602516	0.0	0	0.0	4751.288242584371	1	0	tensor(3)	2.2856016346726884
135533.165334649	3000.0	2218.1229079355094	0.0	0	0.0	4751.288242584371	1	0	tensor(3)	2.978748815232633
136284.62451222824	3000.0	2466.6637303562707	0.0	0	0.0	4751.288242584356	1	0	tensor(3)	2.978748815232634
137201.590351422	3000.0	2549.6978911625047	0.0	0	0.0	4751.288242584327	1	0	tensor(3)	2.9787488152326365
138129.9995205463	3000.0	2621.288722038205	0.0	0	0.0	4751.288242584327	1	0	tensor(3)	2.9787488152326365
139176.58186323746	3000.0	2574.7063793470556	0.0	0	0.0	4751.288242584327	1	0	tensor(3)	2.9787488152326365
139985.67626041116	3000.0	2765.611982173355	0.0	0	0.0	4751.288242584327	1	0	tensor(3)	2.9787488152326365
140629.80276280895	3000.0	3121.4854797755784	0.0	0	0.0	4751.288242584327	1	0	tensor(3)	2.9787488152326365
141753.24284195993	3000.0	2998.0454006245836	0.0	0	0.0	4751.288242584298	1	0	tensor(3)	2.978748815232639
142329.58574663833	3000.0	3421.7024959462005	0.0	0	0.0	4751.288242584269	1	0	tensor(3)	2.9787488152326427
143408.94111169927	3000.0	3342.3471308852136	0.0	0	0.0	4751.288242584269	1	0	tensor(3)	2.9787488152326427
144376.56514048317	3000.0	3374.7231021013035	0.0	0	0.0	4751.288242584269	1	0	tensor(3)	2.9787488152326427
145557.3068834632	3000.0	3193.9813591212683	0.0	0	0.0	4751.288242584269	1	0	tensor(3)	2.9787488152326427
146444.59534140688	3000.0	3306.692901177629	0.0	0	0.0	4751.288242584269	1	0	tensor(3)	2.9787488152326427
147433.05892500884	3000.0	3318.229317575667	0.0	0	0.0	4751.288242584269	1	0	tensor(3)	2.9787488152326427
148339.56868024147	3000.0	3411.7195623430152	0.0	0	0.0	4751.288242584269	1	0	tensor(3)	2.9787488152326427
149090.01984665956	3000.0	3661.268395924962	0.0	0	0.0	4751.288242584269	1	0	tensor(3)	2.9787488152326427
150121.54553587644	3000.0	3629.742706708078	0.0	0	0.0	4751.288242584269	1	0	tensor(3)	2.9787488152326427
150664.57244244197	3000.0	4086.7158001426023	0.0	0	0.0	4751.288242584269	1	0	tensor(3)	2.9787488152326427
151395.24154018454	3000.0	4356.046702400051	0.0	0	0.0	4751.288242584269	1	0	tensor(3)	2.9787488152326427
152244.30133833725	3000.0	4506.986904247336	0.0	0	0.0	4751.28824258424	1	0	tensor(3)	2.9787488152326453
153414.12212411102	3000.0	4337.166118473561	0.0	0	0.0	4751.28824258424	1	0	tensor(3)	2.9787488152326453
154275.11137378844	3000.0	4476.176868796128	0.0	0	0.0	4751.28824258424	1	0	tensor(3)	2.9787488152326453
155200.0	3000.0	4551.288242584578	0.0	0	140.28123430840787	4751.28824258424	1	0	tensor(3)	2.9787488152326453
156439.05578621282	3000.0	4312.232456371766	0.0	0	0.0	4751.288242584269	1	0	tensor(3)	2.9787488152326427
157200.0	3000.0	4551.288242584566	0.0	0	14.529369787545875	4751.288242584269	1	0	tensor(3)	2.9787488152326427
158200.0	3000.0	4551.28824258458	0.0	0	151.5733346681809	4751.288242584269	1	0	tensor(3)	2.9787488152326427
159200.0	3000.0	4551.288242584581	0.0	0	168.30754740769044	4751.288242584269	1	0	tensor(3)	2.9787488152326427
160216.26724717938	3000.0	4535.020995405233	0.0	0	0.0	4751.288242584298	1	0	tensor(3)	2.978748815232639
161296.60778383884	3000.0	4454.6804587457655	0.0	0	0.0	4751.288242584298	1	0	tensor(3)	2.978748815232639
162296.44676213324	3000.0	4454.84148045137	0.0	0	0.0	4751.288242584269	1	0	tensor(3)	2.9787488152326427
163460.99595115468	3000.0	4290.292291429935	0.0	0	0.0	4751.288242584298	1	0	tensor(3)	2.978748815232639
164476.50135320553	3000.0	4274.7868893790655	0.0	0	0.0	4751.288242584327	1	0	tensor(3)	2.9787488152326387
165816.36287759105	3000.0	3934.9253649935954	0.0	0	0.0	4751.288242584327	1	0	tensor(3)	2.9787488152326365
167051.51636197945	3000.0	3699.771880605215	0.0	0	0.0	4751.288242584298	1	0	tensor(3)	2.978748815232639
167920.02094469508	3000.0	3831.2672978895853	0.0	0	0.0	4751.288242584298	1	0	tensor(3)	2.978748815232639
168840.34610774438	3000.0	3910.9421348403093	0.0	0	0.0	4751.288242584298	1	0	tensor(3)	2.978748815232639
169644.49052466237	3000.0	4106.797717922318	0.0	0	0.0	4751.288242584269	1	0	tensor(3)	2.978748815232641
170653.62710782865	3000.0	4097.661134756043	0.0	0	0.0	4751.288242584298	1	0	tensor(3)	2.978748815232639
171655.65404937248	3000.0	4095.634193212234	0.0	0	0.0	4751.288242584298	1	0	tensor(3)	2.978748815232639
172277.00530058876	3000.0	4474.28294199596	0.0	0	0.0	4751.288242584298	1	0	tensor(3)	2.978748815232639
173200.0	3000.0	4551.288242584717	0.0	0	82.21348192298319	4751.288242584269	1	0	tensor(3)	2.9787488152326427
174200.0	3000.0	4551.288242584697	0.0	0	147.73056036705384	4751.288242584269	1	0	tensor(3)	2.9787488152326427
175552.29147478758	6000.0	4198.996767797071	0.0	0	0.0	4751.288242584269	1	0	tensor(3)	3.3253224055126145
177004.68290046003	6000.0	3746.605342124646	0.0	0	0.0	4751.28824258424	1	0	tensor(3)	4.0184695860725625
177992.05908320734	3000.0	3759.229159377324	0.0	0	0.0	4751.28824258424	1	0	tensor(3)	2.2856016346727004
179059.23364285452	3000.0	3692.0545997301333	0.0	0	0.0	4751.28824258424	1	0	tensor(3)	2.9787488152326453
180153.4621796944	3000.0	3597.8260628902603	0.0	0	0.0	4751.288242584269	1	0	tensor(3)	2.9787488152326427
181140.11653324883	3000.0	3611.171709335832	0.0	0	0.0	4751.288242584269	1	0	tensor(3)	2.9787488152326427
182539.28850025835	3000.0	3211.999742326323	0.0	0	0.0	4751.288242584298	1	0	tensor(3)	2.978748815232639
183197.85672304977	3000.0	3553.431519534909	0.0	0	0.0	4751.288242584298	1	0	tensor(3)	2.978748815232639
184077.04272726589	3000.0	3674.245515318788	0.0	0	0.0	4751.288242584298	1	0	tensor(3)	2.978748815232639
185095.57331641894	3000.0	3655.714926165734	0.0	0	0.0	4751.288242584298	1	0	tensor(3)	2.978748815232639
185993.7295224565	3000.0	3757.558720128203	0.0	0	0.0	4751.288242584298	1	0	tensor(3)	2.978748815232639
186969.191041879	3000.0	3782.097200705657	0.0	0	0.0	4751.288242584298	1	0	tensor(3)	2.978748815232639
187839.62110112223	3000.0	3911.6671414623956	0.0	0	0.0	4751.288242584269	1	0	tensor(3)	2.978748815232642
189041.70055584642	3000.0	3709.5876867381994	0.0	0	0.0	4751.28824258424	1	0	tensor(3)	2.978748815232645
189957.4207713734	3000.0	3793.8674712111974	0.0	0	0.0	4751.28824258424	1	0	tensor(3)	2.9787488152326453
190807.54200379553	3000.0	3943.7462387890873	0.0	0	0.0	4751.288242584269	1	0	tensor(3)	2.9787488152326427
191528.4512723011	3000.0	4222.836970283488	0.0	0	0.0	4751.288242584269	1	0	tensor(3)	2.9787488152326427
192200.0	3000.0	4551.288242584601	0.0	0	50.40095585916424	4751.288242584269	1	0	tensor(3)	2.9787488152326427
193200.0	3000.0	4551.2882425846265	0.0	0	510.3336765419517	4751.288242584298	1	0	tensor(3)	2.978748815232639
194200.0	3000.0	4551.288242584602	0.0	0	239.0755151991034	4751.288242584298	1	0	tensor(3)	2.978748815232639
195200.0	3000.0	4551.288242584618	0.0	0	113.01999240525765	4751.288242584269	1	0	tensor(3)	2.9787488152326427
196200.0	3000.0	4551.288242584646	0.0	0	129.95079010963673	4751.288242584298	1	0	tensor(3)	2.978748815232639
197200.0	3000.0	4551.288242584679	0.0	0	316.53363844708656	4751.288242584298	1	0	tensor(3)	2.978748815232639
198409.03608814586	3000.0	4342.252154438845	0.0	0	0.0	4751.288242584327	1	0	tensor(3)	2.9787488152326387
199371.38168258278	3000.0	4379.906560001912	0.0	0	0.0	4751.288242584356	1	0	tensor(3)	2.978748815232634
200231.08971507303	3000.0	4520.1985275116685	0.0	0	0.0	4751.288242584356	1	0	tensor(3)	2.978748815232634
201200.0	3000.0	4551.288242584682	0.0	0	69.62631113827229	4751.288242584356	1	0	tensor(3)	2.978748815232634
202259.03888273108	3000.0	4492.249359853602	0.0	0	0.0	4751.288242584356	1	0	tensor(3)	2.978748815232634
203200.0	3000.0	4551.2882425847065	0.0	0	136.23711704363814	4751.288242584356	1	0	tensor(3)	2.978748815232634
204235.64210696248	3000.0	4515.646135622226	0.0	0	0.0	4751.288242584385	1	0	tensor(3)	2.9787488152326307
205417.3638954564	3000.0	4333.924347128323	0.0	0	0.0	4751.288242584415	1	0	tensor(3)	2.9787488152326302
206870.90932370612	3000.0	3880.378918878609	0.0	0	0.0	4751.288242584473	1	0	tensor(3)	2.9787488152326227
207835.25811785273	3000.0	3916.030124731967	0.0	0	0.0	4751.288242584473	1	0	tensor(3)	2.978748815232622
208588.90593237043	3000.0	4162.382310214278	0.0	0	0.0	4751.288242584502	1	0	tensor(3)	2.97874881523262
209451.58496500814	3000.0	4299.703277576559	0.0	0	0.0	4751.288242584502	1	0	tensor(3)	2.978748815232619
210567.41611858076	3000.0	4183.872124003929	0.0	0	0.0	4751.288242584502	1	0	tensor(3)	2.978748815232619
211774.46188244285	3000.0	3976.826360141857	0.0	0	0.0	4751.288242584502	1	0	tensor(3)	2.978748815232619
212608.76001546992	3000.0	4142.528227114788	0.0	0	0.0	4751.288242584473	1	0	tensor(3)	2.9787488152326205
213480.70932796865	3000.0	4270.5789146160805	0.0	0	0.0	4751.288242584473	1	0	tensor(3)	2.978748815232622
214376.24506470654	3000.0	4375.043177878186	0.0	0	0.0	4751.288242584473	1	0	tensor(3)	2.978748815232622
215468.7739278478	3000.0	4282.514314736927	0.0	0	0.0	4751.288242584502	1	0	tensor(3)	2.978748815232619
216271.91655542108	3000.0	4479.371687163671	0.0	0	0.0	4751.288242584502	1	0	tensor(3)	2.978748815232619
217408.8589639763	3000.0	4342.429278608466	0.0	0	0.0	4751.288242584502	1	0	tensor(3)	2.978748815232619
218449.8526839612	6000.0	4301.435558623593	0.0	0	0.0	4751.288242584502	1	0	tensor(3)	3.325322405512592
220483.5315483164	6000.0	3267.756694268368	0.0	0	0.0	4751.288242584531	1	0	tensor(3)	4.018469586072536
221398.37216286376	3000.0	3352.916079721008	0.0	0	0.0	4751.288242584502	1	0	tensor(3)	2.285601634672674
222183.1624834951	3000.0	3568.125759089664	0.0	0	0.0	4751.288242584502	1	0	tensor(3)	2.978748815232619
223054.7698745339	3000.0	3696.5183680508608	0.0	0	0.0	4751.288242584473	1	0	tensor(3)	2.978748815232622
224093.4625026466	3000.0	3657.825739938174	0.0	0	0.0	4751.288242584473	1	0	tensor(3)	2.978748815232622
224774.99883407587	3000.0	3976.28940850893	0.0	0	0.0	4751.288242584473	1	0	tensor(3)	2.978748815232622
225770.45317302848	3000.0	3980.835069556335	0.0	0	0.0	4751.288242584473	1	0	tensor(3)	2.978748815232622
226849.37933725864	3000.0	3901.908905326158	0.0	0	0.0	4751.288242584473	1	0	tensor(3)	2.978748815232622
227583.03260922263	3000.0	4168.255633362197	0.0	0	0.0	4751.288242584502	1	0	tensor(3)	2.978748815232621
228554.96450279915	3000.0	4196.32373978571	0.0	0	0.0	4751.288242584502	1	0	tensor(3)	2.978748815232619
229334.52450743195	3000.0	4416.763735152872	0.0	0	0.0	4751.288242584531	1	0	tensor(3)	2.978748815232616
230203.4753137884	3000.0	4547.812928796434	0.0	0	0.0	4751.288242584531	1	0	tensor(3)	2.978748815232616
231200.0	3000.0	4551.288242584809	0.0	0	289.5800312808133	4751.288242584531	1	0	tensor(3)	2.978748815232616
232200.0	3000.0	4551.288242584791	0.0	0	314.6419090942363	4751.28824258456	1	0	tensor(3)	2.978748815232613
233231.34711079212	3000.0	4519.941131792664	0.0	0	0.0	4751.28824258456	1	0	tensor(3)	2.978748815232613
234617.91719236842	6000.0	4133.371050216361	0.0	0	0.0	4751.288242584589	1	0	tensor(3)	3.325322405512583
236596.76856681763	6000.0	3154.51967576718	0.0	0	0.0	4751.288242584589	1	0	tensor(3)	4.018469586072528
237474.14330016356	3000.0	3277.144942421212	0.0	0	0.0	4751.28824258456	1	0	tensor(3)	2.285601634672666
238399.53111685897	3000.0	3351.7571257258196	0.0	0	0.0	4751.28824258456	1	0	tensor(3)	2.978748815232613
239097.4895092413	3000.0	3653.7987333434708	0.0	0	0.0	4751.28824258456	1	0	tensor(3)	2.978748815232613
240060.23987624334	3000.0	3691.0483663414343	0.0	0	0.0	4751.288242584589	1	0	tensor(3)	2.9787488152326103
241012.5997139819	3000.0	3738.688528602889	0.0	0	0.0	4751.288242584589	1	0	tensor(3)	2.9787488152326103
241646.87534606064	3000.0	4104.412896524182	0.0	0	0.0	4751.288242584618	1	0	tensor(3)	2.9787488152326085
242443.07246288744	3000.0	4308.215779697383	0.0	0	0.0	4751.288242584647	1	0	tensor(3)	2.9787488152326067
243534.4391605491	3000.0	4216.849082035702	0.0	0	0.0	4751.288242584647	1	0	tensor(3)	2.978748815232604
244550.53364896655	3000.0	4200.754593618242	0.0	0	0.0	4751.288242584647	1	0	tensor(3)	2.978748815232604
245200.0	3000.0	4551.288242584784	0.0	0	69.10192384151742	4751.288242584647	1	0	tensor(3)	2.978748815232604
246200.0	3000.0	4551.2882425847665	0.0	0	399.7884462750517	4751.288242584647	1	0	tensor(3)	2.978748815232604
247200.0	3000.0	4551.288242584747	0.0	0	54.95101969994721	4751.288242584647	1	0	tensor(3)	2.978748815232604
248200.0	3000.0	4551.288242584723	0.0	0	167.2054371086415	4751.288242584618	1	0	tensor(3)	2.9787488152326076
249200.0	3000.0	4551.288242584738	0.0	0	91.30041488620918	4751.288242584618	1	0	tensor(3)	2.9787488152326076
250200.0	3000.0	4551.288242584743	0.0	0	444.9627480036579	4751.288242584647	1	0	tensor(3)	2.978748815232604
251790.33268348817	6000.0	3960.9555590965847	0.0	0	0.0	4751.2882425846765	1	0	tensor(3)	3.325322405512574
254095.54074741734	6000.0	2655.7474951674417	0.0	0	0.0	4751.2882425846765	1	0	tensor(3)	4.018469586072519
255290.20274152444	6000.0	2461.0855010603223	0.0	0	0.0	4751.2882425846765	1	0	tensor(3)	4.018469586072519
256316.75871795768	3000.0	2434.529524627075	0.0	0	0.0	4751.2882425846765	1	0	tensor(3)	2.2856016346726564
257431.04509305497	3000.0	2320.2431495298024	0.0	0	0.0	4751.288242584706	1	0	tensor(3)	2.978748815232601
258548.22164360798	3000.0	2203.0665989768013	0.0	0	0.0	4751.288242584706	1	0	tensor(3)	2.9787488152325987
259245.6516442586	3000.0	2505.6365983261453	0.0	0	0.0	4751.288242584706	1	0	tensor(3)	2.9787488152325987
259913.56156059852	3000.0	2837.726681986216	0.0	0	0.0	4751.288242584706	1	0	tensor(3)	2.9787488152325987
260726.53529759176	3000.0	3024.752944992975	0.0	0	0.0	4751.288242584706	1	0	tensor(3)	2.9787488152325987
261471.1018952329	3000.0	3280.1863473518683	0.0	0	0.0	4751.2882425846765	1	0	tensor(3)	2.9787488152326014
261983.85062062318	3000.0	3767.437621961584	0.0	0	0.0	4751.288242584706	1	0	tensor(3)	2.9787488152325987
262705.72006764216	3000.0	4045.568174942647	0.0	0	0.0	4751.288242584735	1	0	tensor(3)	2.9787488152325974
263559.9807657638	3000.0	4191.307476821055	0.0	0	0.0	4751.288242584793	1	0	tensor(3)	2.978748815232594
264941.1714158876	6000.0	3810.1168266972527	0.0	0	0.0	4751.288242584793	1	0	tensor(3)	3.325322405512562
266866.69360748545	6000.0	2884.594635099372	0.0	0	0.0	4751.288242584793	1	0	tensor(3)	4.018469586072508
269036.5265532467	6000.0	1714.7616893380787	0.0	0	0.0	4751.288242584793	1	0	tensor(3)	4.0184695860725075
269649.38014847646	3000.0	2101.9080941083303	0.0	0	0.0	4751.288242584793	1	0	tensor(3)	2.285601634672646
270288.2113558849	3000.0	2463.0768866999206	0.0	0	0.0	4751.288242584735	1	0	tensor(3)	2.9787488152325956
270959.9373994769	3000.0	2791.3508431079595	0.0	0	0.0	4751.288242584793	1	0	tensor(3)	2.97874881523259
271589.9327000726	3000.0	3161.3555425122668	0.0	0	0.0	4751.288242584793	1	0	tensor(3)	2.97874881523259
272260.9949474387	3000.0	3490.2932951461416	0.0	0	0.0	4751.288242584793	1	0	tensor(3)	2.97874881523259
273251.5583597252	3000.0	3499.729882859671	0.0	0	0.0	4751.288242584735	1	0	tensor(3)	2.9787488152325956
274224.2452429802	3000.0	3527.0429996047064	0.0	0	0.0	4751.288242584735	1	0	tensor(3)	2.9787488152325956
275137.24898571847	3000.0	3614.0392568664897	0.0	0	0.0	4751.288242584793	1	0	tensor(3)	2.97874881523259
276206.1995940345	3000.0	3545.088648550511	0.0	0	0.0	4751.288242584735	1	0	tensor(3)	2.9787488152325956
276903.7390202691	3000.0	3847.5492223159663	0.0	0	0.0	4751.2882425846765	1	0	tensor(3)	2.9787488152326014
277765.5618838942	3000.0	3985.726358690895	0.0	0	0.0	4751.288242584618	1	0	tensor(3)	2.9787488152326076
278607.29117397335	3000.0	4143.997068611698	0.0	0	0.0	4751.288242584618	1	0	tensor(3)	2.9787488152326076
279483.6334849906	3000.0	4267.654757594411	0.0	0	0.0	4751.2882425846765	1	0	tensor(3)	2.9787488152326014
280200.0	3000.0	4551.288242585041	0.0	0	53.043729304976296	4751.2882425846765	1	0	tensor(3)	2.9787488152326014
281261.17213986965	3000.0	4490.116102715354	0.0	0	0.0	4751.2882425846765	1	0	tensor(3)	2.9787488152326014
282200.0	3000.0	4551.288242585018	0.0	0	227.45490312570473	4751.2882425846765	1	0	tensor(3)	2.9787488152326014
283200.0	3000.0	4551.288242584946	0.0	0	289.1554094471503	4751.2882425846765	1	0	tensor(3)	2.9787488152326014
284200.0	3000.0	4551.288242584938	0.0	0	77.1665487443679	4751.2882425846765	1	0	tensor(3)	2.9787488152326014
285200.0	3000.0	4551.28824258498	0.0	0	355.5672811376862	4751.288242584618	1	0	tensor(3)	2.9787488152326076
286613.7191765801	3000.0	4137.5690660049595	0.0	0	0.0	4751.288242584618	1	0	tensor(3)	2.9787488152326076
287851.2638063827	3000.0	3900.0244362023914	0.0	0	0.0	4751.288242584618	1	0	tensor(3)	2.9787488152326076
288758.4417787427	3000.0	3992.8464638423616	0.0	0	0.0	4751.288242584618	1	0	tensor(3)	2.9787488152326076
289428.096181006	3000.0	4323.192061579105	0.0	0	0.0	4751.288242584618	1	0	tensor(3)	2.9787488152326076
290364.1913285617	3000.0	4387.096914023345	0.0	0	0.0	4751.288242584618	1	0	tensor(3)	2.9787488152326076
291200.0	3000.0	4551.288242585065	0.0	0	77.18448754330166	4751.288242584618	1	0	tensor(3)	2.9787488152326076
292213.02479493595	3000.0	4538.263447649143	0.0	0	0.0	4751.2882425846765	1	0	tensor(3)	2.9787488152326014
293200.0	3000.0	4551.288242585075	0.0	0	148.88976354082115	4751.2882425846765	1	0	tensor(3)	2.9787488152326014
294200.0	3000.0	4551.288242584981	0.0	0	34.316093463799916	4751.2882425846765	1	0	tensor(3)	2.9787488152326014
295237.5117683253	3000.0	4513.776474259725	0.0	0	0.0	4751.2882425846765	1	0	tensor(3)	2.9787488152326014
296200.0	3000.0	4551.288242585006	0.0	0	279.8690818103496	4751.288242584618	1	0	tensor(3)	2.9787488152326076
297200.0	3000.0	4551.288242585001	0.0	0	370.37057443812955	4751.288242584618	1	0	tensor(3)	2.9787488152326076
299000.23178766144	6000.0	3751.056454923483	0.0	0	0.0	4751.28824258456	1	0	tensor(3)	3.3253224055125856
300836.24008551246	6000.0	2915.0481570725115	0.0	0	0.0	4751.28824258456	1	0	tensor(3)	4.018469586072531
301873.42859736003	3000.0	2877.859645224916	0.0	0	0.0	4751.28824258456	1	0	tensor(3)	2.285601634672668
4.26	3.08	2.2	3.83	3.74	2.97	3.02	3.5	3.17	3.26	2.84	2.63	2.99	3.39	2.72	2.87	2.88	1.46	4.49	4.4	3.89	4.24	3.5	3.64	4.38	3.5	3.01	2.21	2.59	4.84	3.32	3.45	3.13	4.18	3.5	2.8	3.17	3.8	4.17	4.94	3.85	3.15	3.86	3.76	3.26	3.83	4.12	3.72	3.53	3.1	3.79	3.14	2.77	2.64	4.01	4.14	3.14	3.79	2.71	3.95	3.42	3.27	4.6	3.41	5.27	3.65	4.01	3.32	3.44	2.91	4.36	3.89	3.79	3.44	2.27	3.88	3.46	3.7	4.7	3.72	3.13	4.69	3.46	2.95	3.98	4.59	3.94	3.96	4.03	3.27	3.08	4.25	4.63	3.89	3.89	3.92	4.69	2.91	4.34	2.27	4.6	3.57	2.46	3.68	3.58	3.3	4.12	3.31	5.29	4.6	4.3	4.52	3.06	3.76	3.29	3.59	4.2	3.54	4.27	3.97	3.3	3.75	3.63	4.75	4.22	4.0	3.7	3.5	3.46	3.58	4.26	3.73	2.58	2.68	3.29	4.44	2.99	4.41	3.73	3.3	3.35	3.96	4.08	4.37	3.21	3.56	4.78	3.72	2.43	4.07	4.26	3.08	2.2	3.83	3.74	2.97	3.02	3.5	3.17	3.26	2.84	2.63	2.99	3.39	2.72	2.87	2.88	1.46	4.49	4.4	3.89	4.24	3.5	3.64	4.38	3.5	3.01	2.21	2.59	4.84	3.32	3.45	3.13	4.18	3.5	2.8	3.17	3.8	4.17	4.94	3.85	3.15	3.86	3.76	3.26	3.83	4.12	3.72	3.53	3.1	3.79	3.14	2.77	2.64	4.01	4.14	3.14	3.79	2.71	3.95	3.42	3.27	4.6	3.41	5.27	3.65	4.01	3.32	3.44	2.91	4.36	3.89	3.79	3.44	2.27	3.88	3.46	3.7	4.7	3.72	3.13	4.69	3.46	2.95	3.98	4.59	3.94	3.96	4.03	3.27	3.08	4.25	4.63	3.89	3.89	3.92	4.69	2.91	4.34	2.27	4.6	3.57	2.46	3.68	3.58	3.3	4.12	3.31	5.29	4.6	4.3	4.52	3.06	3.76	3.29	3.59	4.2	3.54	4.27	3.97	3.3	3.75	3.63	4.75	4.22	4.0	3.7	3.5	3.46	3.58	4.26	3.73	2.58	2.68	3.29	4.44	2.99	4.41	3.73	3.3	3.35	3.96	4.08	4.37	3.21	3.56	4.78	3.72	2.43	4.07	4.26	3.08	2.2
1.0	2.0	3.0	4.0	5.0	6.0	7.0	8.0	9.0	10.0	11.0	12.0	13.0	14.0	15.0	16.0	17.0	18.0	19.0	20.0	21.0	22.0	23.0	24.0	25.0	26.0	27.0	28.0	29.0	30.0	31.0	32.0	33.0	34.0	35.0	36.0	37.0	38.0	39.0	40.0	41.0	42.0	43.0	44.0	45.0	46.0	47.0	48.0	49.0	50.0	51.0	52.0	53.0	54.0	55.0	56.0	57.0	58.0	59.0	60.0	61.0	62.0	63.0	64.0	65.0	66.0	67.0	68.0	69.0	70.0	71.0	72.0	73.0	74.0	75.0	76.0	77.0	78.0	79.0	80.0	81.0	82.0	83.0	84.0	85.0	86.0	87.0	88.0	89.0	90.0	91.0	92.0	93.0	94.0	95.0	96.0	97.0	98.0	99.0	100.0	101.0	102.0	103.0	104.0	105.0	106.0	107.0	108.0	109.0	110.0	111.0	112.0	113.0	114.0	115.0	116.0	117.0	118.0	119.0	120.0	121.0	122.0	123.0	124.0	125.0	126.0	127.0	128.0	129.0	130.0	131.0	132.0	133.0	134.0	135.0	136.0	137.0	138.0	139.0	140.0	141.0	142.0	143.0	144.0	145.0	146.0	147.0	148.0	149.0	149.0	150.0	151.0	152.0	153.0	154.0	155.0	156.0	157.0	158.0	159.0	160.0	161.0	162.0	163.0	164.0	165.0	166.0	167.0	168.0	169.0	170.0	171.0	172.0	173.0	174.0	175.0	176.0	177.0	178.0	179.0	180.0	181.0	182.0	183.0	184.0	185.0	186.0	187.0	188.0	189.0	190.0	191.0	192.0	193.0	194.0	195.0	196.0	197.0	198.0	199.0	200.0	201.0	202.0	203.0	204.0	205.0	206.0	207.0	208.0	209.0	210.0	211.0	212.0	213.0	214.0	215.0	216.0	217.0	218.0	219.0	220.0	221.0	222.0	223.0	224.0	225.0	226.0	227.0	228.0	229.0	230.0	231.0	232.0	233.0	234.0	235.0	236.0	237.0	238.0	239.0	240.0	241.0	242.0	243.0	244.0	245.0	246.0	247.0	248.0	249.0	250.0	251.0	252.0	253.0	254.0	255.0	256.0	257.0	258.0	259.0	260.0	261.0	262.0	263.0	264.0	265.0	266.0	267.0	268.0	269.0	270.0	271.0	272.0	273.0	274.0	275.0	276.0	277.0	278.0	279.0	280.0	281.0	282.0	283.0	284.0	285.0	286.0	287.0	288.0	289.0	290.0	291.0	292.0	293.0	294.0	295.0	296.0	297.0	298.0	298.0	299.0	300.0	301.0
4363.322379971042
