4008.1616606385546	300.0	2000.0	118.9902207264354	0	0.0	4008.1616606385546	1	0	tensor(3)	-1.1124793876173686
5041.438195134326	3000.0	1966.7234655042298	0.0	0	0.0	4008.161660638556	1	0	tensor(3)	0.7504763804331677
5945.49057018057	3000.0	2062.6710904579854	0.0	0	0.0	4008.161660638556	1	0	tensor(3)	3.0530614734272135
7662.120843245563	2000.0	1346.0502472124222	0.0	0	0.0	2008.1710904579868	1	0	tensor(6)	-3.7606022398251424
8425.58134805239	2000.0	1582.5897424055968	0.0	0	0.0	2008.1710904579886	1	0	tensor(3)	2.644862868283023
9945.174915867283	2000.0	1062.9961745907037	0.0	0	0.0	2008.1710904579877	1	0	tensor(3)	2.644862868283023
10829.587088076947	1000.0	1178.5840023810372	0.0	0	0.0	2008.1710904579868	1	0	tensor(3)	0.9119949168831606
11475.30459178168	1000.0	1532.8664986763047	0.0	0	0.0	2008.1710904579868	1	0	tensor(3)	1.6051420974431059
12200.0	1000.0	1808.1710904579859	0.0	0	10.060475191907244	2008.1710904579868	1	0	tensor(3)	1.6051420974431059
13200.0	1000.0	1808.1710904579888	0.0	0	184.23515112659152	2008.1710904579868	1	0	tensor(3)	1.6051420974431059
14200.0	1000.0	1808.1710904579884	0.0	0	96.22654211653571	2008.1710904579868	1	0	tensor(3)	1.6051420974431059
15368.482972758384	2000.0	1639.6881176996044	0.0	0	0.0	2008.1710904579868	1	0	tensor(3)	1.9517156877230781
16662.125946556633	2000.0	1346.045143901355	0.0	0	0.0	2008.1710904579868	1	0	tensor(3)	2.644862868283023
17280.945068594916	1000.0	1727.2260218630715	0.0	0	0.0	2008.171090457985	1	0	tensor(3)	0.9119949168831606
18494.659757105223	2000.0	1513.5113333527656	0.0	0	0.0	2008.171090457985	1	0	tensor(3)	1.9517156877230786
19551.968790355375	2000.0	1456.2023001026091	0.0	0	0.0	2008.1710904579813	1	0	tensor(3)	2.644862868283024
20904.277918401272	2000.0	1103.8931720567116	0.0	0	0.0	2008.1710904579777	1	0	tensor(3)	2.6448628682830244
22219.495011588122	2000.0	788.6760788698601	0.0	0	0.0	2008.1710904579777	1	0	tensor(3)	2.6448628682830244
23031.811675069133	2000.0	976.3594153888478	0.0	0	0.0	2008.1710904579777	1	0	tensor(3)	2.6448628682830244
24092.136429913262	2000.0	916.03466054472	0.0	0	0.0	2008.1710904579777	1	0	tensor(3)	2.6448628682830244
25046.31482689758	2000.0	961.8562635604021	0.0	0	0.0	2008.171090457974	1	0	tensor(3)	2.644862868283025
25741.45320145258	2000.0	1266.7178890054001	0.0	0	0.0	2008.171090457974	1	0	tensor(3)	2.644862868283025
27170.5931698445	3000.0	837.5779206134833	0.0	0	0.0	2008.171090457974	1	0	tensor(3)	2.8475954223371076
28688.893874821773	2000.0	319.27721563620946	0.0	0	0.0	2008.171090457974	1	0	tensor(3)	2.2393977601748603
29561.583378621395	1000.0	537.7224316558318	91.13471981924793	0	0.0	2099.305810277223	1	0	tensor(3)	0.3560731259857491
30205.265988092397	1000.0	894.0398221848292	0.0	0	0.0	2099.305810277223	1	0	tensor(3)	1.596028625461182
30815.60438546105	1000.0	1283.701424816172	0.0	0	0.0	2099.305810277223	1	0	tensor(3)	1.596028625461182
31388.37096084945	1000.0	1710.9348494277717	0.0	0	0.0	2099.305810277223	1	0	tensor(3)	1.596028625461182
32200.0	2000.0	1899.305810277221	0.0	0	112.25372013576998	2099.3058102772266	1	0	tensor(3)	1.9426022157411542
33704.90127228145	2000.0	1394.4045379957736	0.0	0	0.0	2099.30581027723	1	0	tensor(3)	2.635749396301099
34457.80239264492	1000.0	1641.5034176323147	0.0	0	0.0	2099.305810277241	1	0	tensor(3)	0.9028814449012355
35828.31738144966	2000.0	1270.9884288275653	0.0	0	0.0	2099.305810277241	1	0	tensor(3)	1.9426022157411529
37036.215399102366	2000.0	1063.0904111748641	0.0	0	0.0	2099.305810277241	1	0	tensor(3)	2.6357493963010983
37756.71000476728	2000.0	1342.5958055099502	0.0	0	0.0	2099.305810277241	1	0	tensor(3)	2.6357493963010983
38329.947753558445	2000.0	1769.358056718781	0.0	0	0.0	2099.305810277241	1	0	tensor(3)	2.6357493963010983
39200.0	3000.0	1899.305810277231	0.0	0	16.235515266620496	2099.305810277241	1	0	tensor(3)	2.8384819503551806
40204.09118958895	3000.0	1895.2146206882792	0.0	0	62.903730420228385	2099.305810277241	1	0	tensor(3)	3.243947058463345
41886.2150561517	2000.0	1213.09075412553	0.0	0	0.0	2099.3058102772484	1	0	tensor(3)	2.230284288192933
42780.37229600196	2000.0	1318.9335142752668	0.0	0	0.0	2099.3058102772484	1	0	tensor(3)	2.6357493963010974
43684.001317075315	2000.0	1415.304493201913	0.0	0	0.0	2099.3058102772484	1	0	tensor(3)	2.6357493963010974
44760.95069934262	3000.0	1338.3551109346083	0.0	0	0.0	2099.3058102772484	1	0	tensor(3)	2.83848195035518
46371.34155826962	3000.0	727.9642520076032	0.0	0	0.0	2099.3058102772484	1	0	tensor(3)	3.2439470584633447
47506.00012796947	2000.0	593.3056823077505	0.0	0	0.0	2099.3058102772557	1	0	tensor(3)	2.230284288192932
48932.47538963901	3000.0	200.57947259118163	33.749051952971925	0	0.0	2133.0548622302304	1	0	tensor(3)	2.6333583858308796
49762.49639066187	2000.0	556.143111678806	185.58464011049188	0	0.0	2318.6395023407167	1	0	tensor(3)	1.0948430783236343
51018.459182059676	2000.0	300.1803202810067	0.0	0	0.0	2318.6395023407167	1	0	tensor(3)	2.6138160270947504
52099.694559069016	2000.0	458.9298528911057	239.98490961943673	0	0.0	2558.6244119601615	1	0	tensor(3)	1.1499080784161861
52704.422108373445	2000.0	854.2023035866755	0.0	0	0.0	2558.624411960169	1	0	tensor(3)	2.5898175361328053
53972.32941526155	2000.0	586.2949966985755	0.0	0	0.0	2558.6244119601615	1	0	tensor(3)	2.5898175361328057
55367.261697537164	2000.0	219.7503524732776	28.387638050316923	0	0.0	2587.012050010482	1	0	tensor(3)	2.416652944025872
55861.77437914905	1000.0	759.0100525476885	33.7723816862966	0	0.0	2620.784431696782	1	0	tensor(3)	0.6480992926415013
56395.37488747449	1000.0	1225.4095442222465	0.0	0	0.0	2620.784431696782	1	0	tensor(3)	1.5438807633192262
57525.28432229807	2000.0	1095.5001093986705	0.0	0	0.0	2620.784431696782	1	0	tensor(3)	1.8904543535991989
58063.20864101376	1000.0	1557.5757906829774	0.0	0	0.0	2620.784431696782	1	0	tensor(3)	0.850733582759281
58987.75980685388	2000.0	1633.0246248428698	0.0	0	0.0	2620.7844316967894	1	0	tensor(3)	1.8904543535991982
61067.92384615438	3000.0	552.8605855423743	0.0	0	0.0	2620.7844316967894	1	0	tensor(3)	2.7863340882132257
61689.30333359644	1000.0	931.4810981003102	0.0	0	0.0	2620.7844316967967	1	0	tensor(3)	0.44526847465111485
62418.15290902385	2000.0	1202.6315226729073	0.0	0	0.0	2620.7844316967967	1	0	tensor(3)	1.8904543535991971
63416.22099584692	2000.0	1204.5634358498382	0.0	0	0.0	2620.7844316967967	1	0	tensor(3)	2.5836015341591425
64051.6648234751	1000.0	1569.1196082216559	0.0	0	0.0	2620.7844316967967	1	0	tensor(3)	0.8507335827592796
64927.1280882893	2000.0	1693.6563434074599	0.0	0	0.0	2620.784431696804	1	0	tensor(3)	1.8904543535991967
65870.53466442799	2000.0	1750.24976726877	0.0	0	0.0	2620.784431696804	1	0	tensor(3)	2.583601534159142
66632.24917395636	2000.0	1988.535257740408	0.0	0	0.0	2620.784431696811	1	0	tensor(3)	2.5836015341591416
67775.93345050178	3000.0	1844.8509811949925	0.0	0	0.0	2620.784431696811	1	0	tensor(3)	2.786334088213223
69470.00436826816	3000.0	1150.7800634286236	0.0	0	0.0	2620.784431696826	1	0	tensor(3)	3.191799196321387
70287.77227399383	2000.0	1333.0121577029424	0.0	0	0.0	2620.784431696826	1	0	tensor(3)	2.178136426050975
71862.55760702609	2000.0	758.2268246706855	0.0	0	0.0	2620.784431696826	1	0	tensor(3)	2.5836015341591394
72312.7820681689	1000.0	1308.0023635278571	0.0	0	0.0	2620.784431696826	1	0	tensor(3)	0.8507335827592766
73728.03839927072	2000.0	892.746032426035	0.0	0	0.0	2620.784431696826	1	0	tensor(3)	1.8904543535991944
74295.26793596329	1000.0	1325.5164957334757	0.0	0	0.0	2620.784431696826	1	0	tensor(3)	0.8507335827592766
75144.78359988364	2000.0	1476.0008318131277	0.0	0	0.0	2620.7844316968403	1	0	tensor(3)	1.8904543535991927
75891.41510613146	2000.0	1729.3693255653136	0.0	0	0.0	2620.7844316968403	1	0	tensor(3)	2.583601534159138
76997.12092529456	2000.0	1623.6635064022166	0.0	0	0.0	2620.784431696811	1	0	tensor(3)	2.5836015341591403
78317.264508545	2000.0	1303.5199231517563	0.0	0	0.0	2620.784431696811	1	0	tensor(3)	2.583601534159141
79411.939916395	2000.0	1208.8445153017615	0.0	0	0.0	2620.784431696811	1	0	tensor(3)	2.583601534159141
80327.64659443566	2000.0	1293.1378372610895	0.0	0	0.0	2620.784431696811	1	0	tensor(3)	2.583601534159141
81417.29444469284	2000.0	1203.489987003912	0.0	0	0.0	2620.784431696811	1	0	tensor(3)	2.583601534159141
82434.38267406054	2000.0	1186.4017576362153	0.0	0	0.0	2620.784431696811	1	0	tensor(3)	2.583601534159141
83280.9923887929	1000.0	1339.7920429038627	0.0	0	0.0	2620.784431696811	1	0	tensor(3)	0.8507335827592779
84371.3237438094	2000.0	1249.4606878873903	0.0	0	0.0	2620.784431696811	1	0	tensor(3)	1.890454353599196
85170.69747180036	1000.0	1450.0869598964446	0.0	0	0.0	2620.784431696826	1	0	tensor(3)	0.8507335827592766
85866.75318979382	1000.0	1754.031241902996	0.0	0	0.0	2620.784431696826	1	0	tensor(3)	1.5438807633192217
86513.29434672405	2000.0	2107.4900849727637	0.0	0	0.0	2620.784431696826	1	0	tensor(3)	1.8904543535991944
88165.74365947179	3000.0	1455.0407722250181	0.0	0	0.0	2620.784431696826	1	0	tensor(3)	2.7863340882132217
89176.60292016476	2000.0	1444.1815115320562	0.0	0	0.0	2620.784431696826	1	0	tensor(3)	2.178136426050975
90391.73015856797	2000.0	1229.0542731288483	0.0	0	0.0	2620.784431696826	1	0	tensor(3)	2.5836015341591394
91297.59637935959	2000.0	1323.1880523372222	0.0	0	0.0	2620.784431696811	1	0	tensor(3)	2.583601534159141
92068.78072173345	2000.0	1552.0037099633498	0.0	0	0.0	2620.784431696811	1	0	tensor(3)	2.583601534159141
92990.86132028542	3000.0	1629.9231114113893	0.0	0	0.0	2620.7844316967967	1	0	tensor(3)	2.786334088213225
93908.04136734459	3000.0	1712.743064352235	0.0	0	0.0	2620.784431696811	1	0	tensor(3)	3.191799196321388
95187.22297703716	3000.0	1433.5614546596569	0.0	0	0.0	2620.784431696811	1	0	tensor(3)	3.191799196321388
96440.61557564748	3000.0	1180.168856049334	0.0	0	0.0	2620.784431696811	1	0	tensor(3)	3.191799196321388
98061.45104049612	3000.0	559.3333912006862	0.0	0	0.0	2620.784431696811	1	0	tensor(3)	3.191799196321388
99012.18048326894	2000.0	608.6039484278738	0.0	0	0.0	2620.784431696811	1	0	tensor(3)	2.1781364260509766
100041.74422129098	2000.0	579.0402104058269	0.0	0	0.0	2620.784431696811	1	0	tensor(3)	2.583601534159141
100856.9514876389	2000.0	763.8329440579018	0.0	0	0.0	2620.7844316967967	1	0	tensor(3)	2.5836015341591425
101714.19319614832	2000.0	906.5912355484849	0.0	0	0.0	2620.7844316967967	1	0	tensor(3)	2.5836015341591425
102936.70994061587	2000.0	684.074491080932	0.0	0	0.0	2620.7844316967967	1	0	tensor(3)	2.5836015341591425
104484.4730876	2000.0	200.0	63.6886559032134	0	0.0	2684.473087599996	1	0	tensor(3)	2.196047779573465
105183.33047229322	1000.0	662.2371564635796	161.09454115681064	0	0.0	2845.567628756806	1	0	tensor(3)	-0.13831198388758537
106031.79385777513	1000.0	813.7737709816676	0.0	0	0.0	2845.567628756806	1	0	tensor(3)	1.5214024436132236
106592.25935591746	1000.0	1253.3082728393574	0.0	0	0.0	2845.567628756806	1	0	tensor(3)	1.5214024436132236
107515.1277600212	2000.0	1330.4398687356197	0.0	0	0.0	2845.567628756806	1	0	tensor(3)	1.8679760338931963
108991.24942597651	3000.0	854.3182027803222	0.0	0	0.0	2845.5676287568203	1	0	tensor(3)	2.7638557685072223
109815.91589504828	2000.0	1029.6517337085434	0.0	0	0.0	2845.5676287568203	1	0	tensor(3)	2.1556581063449753
111493.43663312428	3000.0	352.1309956325408	0.0	0	0.0	2845.5676287568203	1	0	tensor(3)	2.7638557685072223
112970.70363321112	2000.0	203.9248724840914	329.0608769383747	0	0.0	3174.628505695204	1	0	tensor(3)	0.14848262318624084
113408.94619635133	1000.0	784.7544071471319	19.072097803261016	0	0.0	3193.700603498466	1	0	tensor(3)	0.6790093787595464
114201.53716876074	2000.0	992.1634347377294	0.0	0	0.0	3193.700603498466	1	0	tensor(3)	1.8331627364190304
115210.40737547746	3000.0	983.2932280210143	0.0	0	0.0	3193.700603498466	1	0	tensor(3)	2.7290424710330576
116012.15440246777	3000.0	1181.5462010306937	0.0	0	0.0	3193.700603498466	1	0	tensor(3)	3.1345075791412222
117395.31038993626	3000.0	798.3902135621903	0.0	0	0.0	3193.700603498466	1	0	tensor(3)	3.1345075791412222
118176.98778824684	2000.0	1016.7128152516112	0.0	0	0.0	3193.700603498466	1	0	tensor(3)	2.1208448088708107
118855.08401216382	2000.0	1338.616591334641	0.0	0	0.0	3193.700603498466	1	0	tensor(3)	2.5263099169789753
119587.7059007349	2000.0	1605.9947027635644	0.0	0	0.0	3193.700603498466	1	0	tensor(3)	2.5263099169789753
120628.2749430465	2000.0	1565.425660451959	0.0	0	0.0	3193.700603498466	1	0	tensor(3)	2.5263099169789753
121398.09567484366	2000.0	1795.6049286548057	0.0	0	0.0	3193.700603498466	1	0	tensor(3)	2.5263099169789753
122447.58823045794	2000.0	1746.1123730405343	0.0	0	0.0	3193.700603498466	1	0	tensor(3)	2.5263099169789753
124029.26058205651	3000.0	1164.4400214419675	0.0	0	0.0	3193.7006034984806	1	0	tensor(3)	2.7290424710330567
124882.74096040419	2000.0	1310.9596430943025	0.0	0	0.0	3193.7006034984806	1	0	tensor(3)	2.1208448088708094
126355.21622221492	3000.0	838.4843812835724	0.0	0	0.0	3193.7006034984806	1	0	tensor(3)	2.7290424710330567
127879.43014560622	3000.0	314.2704578922753	0.0	0	0.0	3193.7006034984806	1	0	tensor(3)	3.1345075791412214
128919.27525016079	2000.0	444.59977971159606	170.1744263738857	0	0.0	3363.8750298723753	1	0	tensor(3)	1.0827808079901058
129879.80354435463	2000.0	486.9511334919561	2.8796479741970415	0	0.0	3366.7546778465767	1	0	tensor(3)	2.491726621698982
131530.38779168337	2000.0	200.0	363.6331138367983	0	0.0	3730.3877916833735	1	0	tensor(3)	0.3091100103973716
132222.10919128874	1000.0	810.0733852189443	301.7947848243279	0	0.0	2032.1825765076792	1	0	tensor(6)	-6.901174940667778
133095.9779878985	2000.0	936.2045886091671	0.0	0	0.0	2032.1825765076937	1	0	tensor(3)	1.949314539118109
134261.20057577617	2000.0	770.9820007315435	0.0	0	0.0	2032.1825765077083	1	0	tensor(3)	2.6424617196780513
135013.0741949026	1000.0	1019.1083816051505	0.0	0	0.0	2032.1825765077374	1	0	tensor(3)	0.9095937682781854
135535.91727245913	1000.0	1496.2653040486437	0.0	0	0.0	2032.1825765077374	1	0	tensor(3)	1.6027409488381306
136767.26725474276	2000.0	1264.9153217649728	0.0	0	0.0	2032.1825765077374	1	0	tensor(3)	1.9493145391181035
137694.59572638906	2000.0	1337.5868501187038	0.0	0	0.0	2032.1825765077374	1	0	tensor(3)	2.6424617196780487
138595.34870341016	2000.0	1436.8338730976027	0.0	0	0.0	2032.1825765077374	1	0	tensor(3)	2.6424617196780487
140052.77635183677	2000.0	979.4062246709757	0.0	0	0.0	2032.1825765077374	1	0	tensor(3)	2.6424617196780487
141063.38519626626	2000.0	968.7973802414946	0.0	0	0.0	2032.1825765077374	1	0	tensor(3)	2.6424617196780487
141680.79024991777	2000.0	1351.392326589989	0.0	0	0.0	2032.1825765077374	1	0	tensor(3)	2.6424617196780487
143055.68113874603	3000.0	976.5014377617199	0.0	0	0.0	2032.1825765077374	1	0	tensor(3)	2.8451942737321305
144949.23758563562	2000.0	200.0	117.05500912784913	0	0.0	2149.237585635623	1	0	tensor(3)	1.5319060148132342
145756.19871764584	1000.0	569.106348665895	176.0674806760685	0	0.0	2325.305066311703	1	0	tensor(3)	-0.17612336475862223
146402.47363413018	1000.0	922.8314321815544	0.0	0	0.0	2325.305066311703	1	0	tensor(3)	1.573428699857734
147147.86120290303	1000.0	1177.443863408685	0.0	0	0.0	2325.305066311703	1	0	tensor(3)	1.573428699857734
147960.79384382113	1000.0	1364.5112224906086	0.0	0	0.0	2325.305066311703	1	0	tensor(3)	1.573428699857734
148743.67449635736	1000.0	1581.6305699543811	0.0	0	0.0	2325.305066311703	1	0	tensor(3)	1.573428699857734
149415.51250286857	1000.0	1909.792563443187	0.0	0	0.0	2325.3050663116737	1	0	tensor(3)	1.573428699857737
150200.0	2000.0	2125.30506631176	0.0	0	29.0250049631577	2325.3050663116737	1	0	tensor(3)	1.9200022901377096
151476.4705748425	2000.0	1848.8344914692425	0.0	0	0.0	2325.3050663116737	1	0	tensor(3)	2.613149470697655
152903.178388263	2000.0	1422.1266780487347	0.0	0	0.0	2325.305066311703	1	0	tensor(3)	2.6131494706976515
153597.457048436	2000.0	1727.8480178757636	0.0	0	0.0	2325.305066311703	1	0	tensor(3)	2.6131494706976515
154608.7303065718	3000.0	1716.574759739955	0.0	0	0.0	2325.305066311703	1	0	tensor(3)	2.815882024751734
156164.31101621297	3000.0	1160.994050098765	0.0	0	0.0	2325.305066311703	1	0	tensor(3)	3.221347132859899
157219.51364320496	2000.0	1105.7914231067884	0.0	0	0.0	2325.305066311732	1	0	tensor(3)	2.207684362589484
157974.8787700644	2000.0	1350.42629624733	0.0	0	0.0	2325.305066311703	1	0	tensor(3)	2.6131494706976515
159225.36409236936	2000.0	1099.9409739423588	0.0	0	0.0	2325.305066311703	1	0	tensor(3)	2.6131494706976515
160018.86526550015	1000.0	1306.4398008115595	0.0	0	0.0	2325.305066311703	1	0	tensor(3)	0.8802815192977889
160876.1433375667	1000.0	1449.1617287450538	0.0	0	0.0	2325.305066311732	1	0	tensor(3)	1.5734286998577312
161975.7715683135	1000.0	1349.533497998253	0.0	0	0.0	2325.305066311732	1	0	tensor(3)	1.5734286998577312
162740.14656717825	1000.0	1585.1584991335183	0.0	0	0.0	2325.305066311732	1	0	tensor(3)	1.5734286998577312
163329.85023282052	1000.0	1995.45483349123	0.0	0	0.0	2325.305066311703	1	0	tensor(3)	1.573428699857734
164200.0	1000.0	2125.305066311733	0.0	0	299.21286015270744	2325.305066311703	1	0	tensor(3)	1.573428699857734
165311.26487144822	2000.0	2014.0401948635197	0.0	0	32.303898708254565	2325.305066311703	1	0	tensor(3)	1.9200022901377065
166254.4312742342	1000.0	2070.8737920775466	0.0	0	0.0	2325.305066311703	1	0	tensor(3)	0.8802815192977889
167200.0	2000.0	2125.3050663117688	0.0	0	138.58557015261613	2325.3050663116737	1	0	tensor(3)	1.9200022901377096
168564.15549578634	2000.0	1761.149570525412	0.0	0	0.0	2325.3050663116737	1	0	tensor(3)	2.613149470697655
169593.98500135416	2000.0	1731.320064957624	0.0	0	0.0	2325.3050663116737	1	0	tensor(3)	2.613149470697655
170604.4649898874	2000.0	1720.8400764243834	0.0	0	0.0	2325.3050663116446	1	0	tensor(3)	2.6131494706976577
171754.8088443263	2000.0	1570.4962219854997	0.0	0	0.0	2325.3050663116737	1	0	tensor(3)	2.613149470697655
172855.45471600821	2000.0	1469.8503503036181	0.0	0	0.0	2325.3050663116737	1	0	tensor(3)	2.613149470697655
173870.71602943118	2000.0	1454.5890368806693	0.0	0	0.0	2325.3050663116737	1	0	tensor(3)	2.613149470697655
174674.93603353636	2000.0	1650.3690327754855	0.0	0	0.0	2325.3050663116737	1	0	tensor(3)	2.613149470697655
175795.85393302666	3000.0	1529.451133285192	0.0	0	0.0	2325.305066311703	1	0	tensor(3)	2.815882024751734
177103.66273955425	2000.0	1221.6423267576024	0.0	0	0.0	2325.305066311732	1	0	tensor(3)	2.207684362589484
178424.24157350376	2000.0	901.0634928080608	0.0	0	0.0	2325.305066311732	1	0	tensor(3)	2.613149470697649
178941.69286154854	1000.0	1383.6122047632916	0.0	0	0.0	2325.305066311703	1	0	tensor(3)	0.8802815192977889
179538.13094788895	1000.0	1787.1741184228888	0.0	0	0.0	2325.305066311703	1	0	tensor(3)	1.573428699857734
180200.0	1000.0	2125.3050663118147	0.0	0	121.41176253661979	2325.305066311732	1	0	tensor(3)	1.573428699857733
181448.3605433279	2000.0	1876.9445229838864	0.0	0	0.0	2325.305066311732	1	0	tensor(3)	1.9200022901377036
182706.95704266187	2000.0	1618.3480236499336	0.0	0	0.0	2325.305066311703	1	0	tensor(3)	2.6131494706976515
183637.76453742557	2000.0	1687.540528886264	0.0	0	0.0	2325.305066311703	1	0	tensor(3)	2.6131494706976515
184578.9171350854	2000.0	1746.3879312264407	0.0	0	0.0	2325.305066311703	1	0	tensor(3)	2.6131494706976515
185461.68761770046	2000.0	1863.6174486113691	0.0	0	0.0	2325.305066311703	1	0	tensor(3)	2.6131494706976515
186392.7022357246	2000.0	1932.6028305872135	0.0	0	0.0	2325.305066311703	1	0	tensor(3)	2.6131494706976515
187200.0	2000.0	2125.30506631178	0.0	0	237.21088827887434	2325.3050663116737	1	0	tensor(3)	2.613149470697655
188634.78147034431	3000.0	1690.5235959674576	0.0	0	0.0	2325.3050663116446	1	0	tensor(3)	2.81588202475174
190004.0680251057	3000.0	1321.2370412060964	0.0	0	0.0	2325.3050663116737	1	0	tensor(3)	3.221347132859902
191260.0349201009	2000.0	1065.2701462108885	0.0	0	0.0	2325.3050663116446	1	0	tensor(3)	2.207684362589493
192251.71779201285	2000.0	1073.5872742989318	0.0	0	0.0	2325.3050663116155	1	0	tensor(3)	2.6131494706976603
193012.87420611922	3000.0	1312.4308601925572	0.0	0	0.0	2325.3050663116155	1	0	tensor(3)	2.815882024751743
194028.72564615103	3000.0	1296.5794201607107	0.0	0	0.0	2325.3050663116155	1	0	tensor(3)	3.2213471328599077
195325.6990024506	3000.0	999.6060638611089	0.0	0	0.0	2325.3050663116155	1	0	tensor(3)	3.2213471328599077
196373.07947842695	2000.0	952.2255878847438	0.0	0	0.0	2325.3050663116155	1	0	tensor(3)	2.2076843625894957
197884.51186835012	3000.0	440.7931979616152	0.0	0	0.0	2325.3050663116155	1	0	tensor(3)	2.815882024751743
198726.73649070444	2000.0	598.5685756072984	0.0	0	0.0	2325.3050663116155	1	0	tensor(3)	2.2076843625894957
199935.74106006164	2000.0	389.56400625007507	0.0	0	0.0	2325.3050663115864	1	0	tensor(3)	2.613149470697663
200623.2282966572	2000.0	702.076769654524	0.0	0	0.0	2325.3050663116155	1	0	tensor(3)	2.6131494706976603
201548.57821090316	2000.0	776.7268554085731	0.0	0	0.0	2325.3050663116155	1	0	tensor(3)	2.6131494706976603
202916.59517668592	2000.0	408.70988962581026	0.0	0	0.0	2325.3050663116155	1	0	tensor(3)	2.6131494706976603
203393.57140308726	1000.0	931.7336632244742	0.0	0	0.0	2325.3050663116446	1	0	tensor(3)	0.8802815192977946
204850.223009447	2000.0	475.0820568646924	0.0	0	0.0	2325.3050663116737	1	0	tensor(3)	1.9200022901377096
205321.11312259256	1000.0	1004.1919437191247	0.0	0	0.0	2325.3050663116737	1	0	tensor(3)	0.8802815192977916
206252.79127953073	2000.0	1072.5137867809692	0.0	0	0.0	2325.305066311703	1	0	tensor(3)	1.9200022901377065
206998.89107596537	1000.0	1326.4139903463174	0.0	0	0.0	2325.305066311703	1	0	tensor(3)	0.8802815192977889
207716.33429313175	2000.0	1608.9707731799524	0.0	0	0.0	2325.305066311703	1	0	tensor(3)	1.9200022901377065
208981.72095311052	2000.0	1343.5841132011567	0.0	0	0.0	2325.305066311703	1	0	tensor(3)	2.6131494706976515
210403.56392628097	2000.0	921.7411400307427	0.0	0	0.0	2325.305066311703	1	0	tensor(3)	2.6131494706976515
211357.22258086214	2000.0	968.0824854495577	0.0	0	0.0	2325.305066311703	1	0	tensor(3)	2.6131494706976515
212143.5984021239	2000.0	1181.7066641878298	0.0	0	0.0	2325.305066311703	1	0	tensor(3)	2.6131494706976497
212807.75503179515	1000.0	1517.5500345165638	0.0	0	0.0	2325.305066311703	1	0	tensor(3)	0.8802815192977889
213739.71564636767	2000.0	1585.589419944033	0.0	0	0.0	2325.305066311703	1	0	tensor(3)	1.9200022901377065
214460.62080672014	2000.0	1864.6842595915641	0.0	0	0.0	2325.305066311703	1	0	tensor(3)	2.6131494706976515
215200.0	2000.0	2125.305066311744	0.0	0	47.71974251631764	2325.305066311761	1	0	tensor(3)	2.613149470697649
216200.0	3000.0	2125.3050663117356	0.0	0	4.684894386999076	2325.305066311761	1	0	tensor(3)	2.8158820247517284
217253.7280644168	3000.0	2071.5770018949506	0.0	0	0.0	2325.305066311761	1	0	tensor(3)	3.2213471328598913
218902.68636107948	3000.0	1422.6187052322553	0.0	0	0.0	2325.305066311761	1	0	tensor(3)	3.221347132859893
221302.62108497502	3000.0	200.0	177.31601866332275	0	0.0	2502.6210849750205	1	0	tensor(3)	2.150120925254825
222232.73091512694	2000.0	501.52925643642806	231.63908658833333	0	0.0	2734.2601715633646	1	0	tensor(3)	0.7769543325343213
222914.7771421742	1000.0	819.4830293892046	0.0	0	0.0	2734.2601715633646	1	0	tensor(3)	0.8393860087726226
223424.59337649087	1000.0	1309.666795072546	0.0	0	0.0	2734.2601715633937	1	0	tensor(3)	1.532533189332565
224553.16871590223	2000.0	1181.0914556611926	0.0	0	0.0	2734.2601715633937	1	0	tensor(3)	1.8791067796125374
225641.6701799708	2000.0	1092.5899915925918	0.0	0	0.0	2734.2601715633937	1	0	tensor(3)	2.5722539601724828
226943.66114479187	2000.0	790.5990267715414	0.0	0	0.0	2734.2601715633937	1	0	tensor(3)	2.5722539601724828
227451.64586130326	1000.0	1282.614310260178	0.0	0	0.0	2734.260171563423	1	0	tensor(3)	0.8393860087726168
228265.78462278456	2000.0	1468.4755487788568	0.0	0	0.0	2734.260171563423	1	0	tensor(3)	1.8791067796125347
229634.8064180408	2000.0	1099.4537535225954	0.0	0	0.0	2734.2601715633937	1	0	tensor(3)	2.572253960172482
230545.42760376818	2000.0	1188.8325677951816	0.0	0	0.0	2734.260171563423	1	0	tensor(3)	2.5722539601724796
231541.05006747297	2000.0	1193.2101040903608	0.0	0	0.0	2734.260171563423	1	0	tensor(3)	2.5722539601724796
232468.22585728244	1000.0	1266.0343142808777	0.0	0	0.0	2734.260171563423	1	0	tensor(3)	0.8393860087726168
233143.4365869311	1000.0	1590.8235846322182	0.0	0	0.0	2734.260171563423	1	0	tensor(3)	1.532533189332562
233792.99794736376	1000.0	1941.2622241995468	0.0	0	0.0	2734.260171563423	1	0	tensor(3)	1.532533189332562
234490.51608638372	1000.0	2243.7440851795864	0.0	0	0.0	2734.260171563423	1	0	tensor(3)	1.532533189332562
235544.38491590787	2000.0	2189.875255655452	0.0	0	0.0	2734.260171563423	1	0	tensor(3)	1.8791067796125347
236502.92654123547	2000.0	2231.3336303278265	0.0	0	0.0	2734.260171563452	1	0	tensor(3)	2.5722539601724774
237904.11276653028	2000.0	1830.1474050330507	0.0	0	0.0	2734.260171563452	1	0	tensor(3)	2.572253960172477
239045.38896919054	2000.0	1688.871202372805	0.0	0	0.0	2734.260171563481	1	0	tensor(3)	2.5722539601724743
239857.25819127314	2000.0	1877.001980290169	0.0	0	0.0	2734.260171563452	1	0	tensor(3)	2.572253960172477
240552.9179508809	2000.0	2181.342220682434	0.0	0	0.0	2734.260171563452	1	0	tensor(3)	2.572253960172477
241417.84478002123	3000.0	2316.4153915420743	0.0	0	0.0	2734.260171563481	1	0	tensor(3)	2.7749865142265566
242324.1216082602	3000.0	2410.138563303097	0.0	0	0.0	2734.26017156351	1	0	tensor(3)	3.1804516223347177
243497.32695353028	3000.0	2236.933218033022	0.0	0	0.0	2734.26017156351	1	0	tensor(3)	3.180451622334717
244665.4940775522	3000.0	2068.76609401109	0.0	0	0.0	2734.260171563481	1	0	tensor(3)	3.1804516223347212
246465.48072300194	3000.0	1268.7794485613204	0.0	0	0.0	2734.260171563452	1	0	tensor(3)	3.180451622334724
247515.67038256413	2000.0	1218.5897889991202	0.0	0	0.0	2734.260171563452	1	0	tensor(3)	2.1667888520643124
248754.51371153755	2000.0	979.746460025701	0.0	0	0.0	2734.260171563481	1	0	tensor(3)	2.5722539601724743
249629.86271259765	2000.0	1104.3974589655936	0.0	0	0.0	2734.260171563452	1	0	tensor(3)	2.572253960172477
250505.88503713007	2000.0	1228.3751344331683	0.0	0	0.0	2734.260171563452	1	0	tensor(3)	2.572253960172477
251571.50098883442	2000.0	1162.7591827288336	0.0	0	0.0	2734.260171563452	1	0	tensor(3)	2.572253960172477
252845.26756071995	2000.0	888.992610843327	0.0	0	0.0	2734.260171563423	1	0	tensor(3)	2.5722539601724796
253356.19421930888	1000.0	1378.0659522544179	0.0	0	0.0	2734.2601715633937	1	0	tensor(3)	0.8393860087726198
254090.8014862515	1000.0	1643.4586853118028	0.0	0	0.0	2734.2601715633646	1	0	tensor(3)	1.532533189332566
254773.68679313603	1000.0	1960.5733784272775	0.0	0	0.0	2734.2601715633646	1	0	tensor(3)	1.5325331893325678
255258.81274875236	1000.0	2475.4474228109493	0.0	0	0.0	2734.2601715633646	1	0	tensor(3)	1.5325331893325678
256200.0	2000.0	2534.2601715632695	0.0	0	143.48721463530092	2734.2601715633646	1	0	tensor(3)	1.8791067796125407
257555.30032858043	3000.0	2178.9598429828534	0.0	0	0.0	2734.2601715633646	1	0	tensor(3)	2.774986514226568
259028.13116498425	3000.0	1706.1290065790197	0.0	0	0.0	2734.2601715633355	1	0	tensor(3)	3.1804516223347354
260645.3921455629	3000.0	1088.8680260003914	0.0	0	0.0	2734.2601715633355	1	0	tensor(3)	3.1804516223347363
261925.83955096654	3000.0	808.4206205967319	0.0	0	0.0	2734.2601715633355	1	0	tensor(3)	3.1804516223347354
262649.7598640293	2000.0	1084.5003075339778	0.0	0	0.0	2734.2601715633646	1	0	tensor(3)	2.1667888520643235
263386.3376794269	2000.0	1347.922492136376	0.0	0	0.0	2734.2601715633355	1	0	tensor(3)	2.5722539601724863
264236.0384059771	3000.0	1498.2217655862253	0.0	0	0.0	2734.2601715633355	1	0	tensor(3)	2.774986514226571
265357.2045259626	3000.0	1377.0556456006766	0.0	0	0.0	2734.2601715633064	1	0	tensor(3)	3.180451622334738
266578.22158446675	3000.0	1156.0385870964756	0.0	0	0.0	2734.2601715633064	1	0	tensor(3)	3.1804516223347385
267758.95389736415	2000.0	975.3062741991571	0.0	0	0.0	2734.2601715633064	1	0	tensor(3)	2.166788852064327
268898.18377034337	2000.0	836.0764012200069	0.0	0	0.0	2734.2601715633646	1	0	tensor(3)	2.572253960172486
270100.2151687093	2000.0	634.0450028541289	0.0	0	0.0	2734.2601715633646	1	0	tensor(3)	2.572253960172486
271205.3900363962	2000.0	528.8701351671994	0.0	0	0.0	2734.260171563423	1	0	tensor(3)	2.5722539601724796
271953.3245520872	2000.0	780.9356194762512	0.0	0	0.0	2734.260171563423	1	0	tensor(3)	2.5722539601724796
272905.4474785429	2000.0	828.8126930204578	0.0	0	0.0	2734.260171563423	1	0	tensor(3)	2.5722539601724796
273687.2837431097	2000.0	1046.976428453634	0.0	0	0.0	2734.260171563481	1	0	tensor(3)	2.5722539601724743
274712.2310950323	2000.0	1022.0290765310649	0.0	0	0.0	2734.260171563423	1	0	tensor(3)	2.5722539601724796
275479.1603606406	2000.0	1255.0998109227298	0.0	0	0.0	2734.260171563423	1	0	tensor(3)	2.5722539601724796
277079.31309818954	3000.0	654.9470733737869	0.0	0	0.0	2734.260171563423	1	0	tensor(3)	2.774986514226562
278022.6912663986	2000.0	711.5689051647066	0.0	0	0.0	2734.2601715633646	1	0	tensor(3)	2.1667888520643213
278991.7895864215	2000.0	742.4705851416825	0.0	0	0.0	2734.2601715633064	1	0	tensor(3)	2.572253960172487
279812.7312589544	2000.0	921.5289126088295	0.0	0	0.0	2734.2601715633646	1	0	tensor(3)	2.572253960172486
281107.20580719225	2000.0	627.0543643709566	0.0	0	0.0	2734.2601715633064	1	0	tensor(3)	2.5722539601724916
281909.4151248587	2000.0	824.8450467045845	0.0	0	0.0	2734.260171563248	1	0	tensor(3)	2.5722539601724974
283144.7295208646	2000.0	589.5306506986684	0.0	0	0.0	2734.2601715633064	1	0	tensor(3)	2.572253960172496
283899.26803432446	1000.0	834.9921372388252	0.0	0	0.0	2734.2601715633064	1	0	tensor(3)	0.8393860087726284
284413.7621167398	1000.0	1320.498054823502	0.0	0	0.0	2734.2601715633646	1	0	tensor(3)	1.5325331893325678
285572.79009238543	2000.0	1161.4700791778992	0.0	0	0.0	2734.2601715633646	1	0	tensor(3)	1.8791067796125407
286505.12209355924	2000.0	1229.138078004133	0.0	0	0.0	2734.260171563423	1	0	tensor(3)	2.5722539601724796
287648.36917689245	2000.0	1085.8909946709482	0.0	0	0.0	2734.260171563423	1	0	tensor(3)	2.5722539601724796
289298.0880796781	2000.0	436.1720918852635	0.0	0	0.0	2734.260171563481	1	0	tensor(3)	2.572253960172478
290335.02567332715	2000.0	571.0874043866127	171.8529061503682	0	0.0	2906.113077713875	1	0	tensor(3)	1.5239512326552256
291014.6943606967	2000.0	891.4187170170644	0.0	0	0.0	2906.113077713817	1	0	tensor(3)	2.555068669557436
293412.5233385562	3000.0	200.0	706.4102608423871	0	0.0	3612.5233385562315	1	0	tensor(3)	-1.5097463027344555
294349.31710617995	1000.0	577.9758701976577	314.76963782147413	0	0.0	3927.2929763777647	1	0	tensor(3)	-1.5740002067458256
295149.00357784005	1000.0	778.2893985375719	0.0	0	0.0	3927.2929763777647	1	0	tensor(3)	1.4132299088511278
295852.21488803974	1000.0	1075.0780883378611	0.0	0	0.0	3927.292976377823	1	0	tensor(3)	1.4132299088511218
296413.7568979904	1000.0	1513.5360783871963	0.0	0	0.0	3927.292976377823	1	0	tensor(3)	1.4132299088511218
297053.92311224504	1000.0	1873.3698641325252	0.0	0	0.0	3927.292976377823	1	0	tensor(3)	1.4132299088511218
297650.7202607287	1000.0	2276.5727156488824	0.0	0	0.0	3927.292976377823	1	0	tensor(3)	1.4132299088511218
298243.49952104554	1000.0	2683.7934553319988	0.0	0	0.0	3927.2929763777647	1	0	tensor(3)	1.4132299088511278
298959.7847504084	2000.0	2967.508225969158	0.0	0	0.0	3927.2929763777647	1	0	tensor(3)	1.7598034991311002
300132.9845918086	2000.0	2794.308384568918	0.0	0	0.0	3927.292976377823	1	0	tensor(3)	2.45295067969104
301715.8830810671	2000.0	2211.4098953103353	0.0	0	0.0	3927.292976377823	1	0	tensor(3)	2.45295067969104
302639.9202238066	2000.0	2287.372752570935	0.0	0	0.0	3927.292976377881	1	0	tensor(3)	2.4529506796910336
303749.6970848663	3000.0	2177.595891511274	0.0	0	0.0	3927.292976377823	1	0	tensor(3)	2.6556832337451226
305836.17704338214	3000.0	1091.1159329954494	0.0	0	0.0	3927.292976377823	1	0	tensor(3)	3.061148341853287
307014.41391738533	2000.0	912.8790589923065	0.0	0	0.0	3927.292976377881	1	0	tensor(3)	2.047485571582874
3.13	3.02	1.34	2.05	2.11	1.22	1.47	1.51	1.05	1.05	1.89	2.34	0.83	2.48	1.76	1.81	1.83	1.85	1.9	2.34	2.46	2.76	2.19	1.34	1.54	1.58	1.58	2.51	1.76	1.36	2.0	1.68	2.26	2.63	2.79	2.84	1.56	1.75	2.53	3.1	3.15	2.36	1.69	2.93	2.2	2.72	1.66	2.34	2.63	1.6	1.83	1.61	2.63	1.48	2.84	1.84	1.19	1.81	2.39	1.6	2.76	2.5	2.49	2.61	2.15	2.29	1.53	1.34	2.11	1.31	2.14	2.35	2.44	1.44	2.17	1.89	2.0	1.87	1.19	1.75	1.2	1.89	2.94	1.73	2.06	2.13	2.17	2.75	2.79	3.2	2.22	2.61	2.34	1.63	2.62	1.76	2.17	2.58	1.84	1.53	1.54	1.6	2.31	3.27	2.51	2.69	1.64	2.07	1.66	3.05	3.41	3.12	2.26	1.99	2.41	2.26	1.98	2.39	2.71	2.19	2.49	2.12	2.97	2.29	2.51	1.9	1.99	0.88	2.68	1.91	1.55	1.99	2.28	2.31	2.06	1.37	2.04	3.65	2.19	1.52	1.07	1.42	1.48	1.73	1.62	2.21	1.99	1.51	1.97	2.5	3.13	3.02	1.34	2.05	2.11	1.22	1.47	1.51	1.05	1.05	1.89	2.34	0.83	2.48	1.76	1.81	1.83	1.85	1.9	2.34	2.46	2.76	2.19	1.34	1.54	1.58	1.58	2.51	1.76	1.36	2.0	1.68	2.26	2.63	2.79	2.84	1.56	1.75	2.53	3.1	3.15	2.36	1.69	2.93	2.2	2.72	1.66	2.34	2.63	1.6	1.83	1.61	2.63	1.48	2.84	1.84	1.19	1.81	2.39	1.6	2.76	2.5	2.49	2.61	2.15	2.29	1.53	1.34	2.11	1.31	2.14	2.35	2.44	1.44	2.17	1.89	2.0	1.87	1.19	1.75	1.2	1.89	2.94	1.73	2.06	2.13	2.17	2.75	2.79	3.2	2.22	2.61	2.34	1.63	2.62	1.76	2.17	2.58	1.84	1.53	1.54	1.6	2.31	3.27	2.51	2.69	1.64	2.07	1.66	3.05	3.41	3.12	2.26	1.99	2.41	2.26	1.98	2.39	2.71	2.19	2.49	2.12	2.97	2.29	2.51	1.9	1.99	0.88	2.68	1.91	1.55	1.99	2.28	2.31	2.06	1.37	2.04	3.65	2.19	1.52	1.07	1.42	1.48	1.73	1.62	2.21	1.99	1.51	1.97	2.5	3.13	3.02	1.34	2.05	2.11	1.22	1.47
1.0	2.0	3.0	4.0	5.0	6.0	7.0	8.0	9.0	10.0	11.0	12.0	13.0	14.0	15.0	16.0	17.0	18.0	19.0	20.0	21.0	22.0	23.0	24.0	25.0	26.0	27.0	28.0	29.0	30.0	31.0	32.0	33.0	34.0	35.0	36.0	37.0	38.0	39.0	40.0	41.0	42.0	43.0	44.0	45.0	46.0	47.0	48.0	49.0	50.0	51.0	52.0	53.0	54.0	55.0	56.0	57.0	58.0	59.0	60.0	61.0	62.0	63.0	64.0	65.0	66.0	67.0	68.0	69.0	70.0	71.0	72.0	73.0	74.0	75.0	76.0	77.0	78.0	79.0	80.0	81.0	82.0	83.0	84.0	85.0	86.0	87.0	88.0	89.0	90.0	91.0	92.0	93.0	94.0	95.0	96.0	97.0	98.0	99.0	100.0	101.0	102.0	103.0	104.0	105.0	106.0	107.0	108.0	109.0	110.0	111.0	112.0	113.0	114.0	115.0	116.0	117.0	118.0	119.0	120.0	121.0	122.0	123.0	124.0	125.0	126.0	127.0	128.0	129.0	130.0	131.0	132.0	133.0	134.0	135.0	136.0	137.0	138.0	139.0	140.0	141.0	142.0	143.0	144.0	145.0	146.0	147.0	148.0	149.0	149.0	150.0	151.0	152.0	153.0	154.0	155.0	156.0	157.0	158.0	159.0	160.0	161.0	162.0	163.0	164.0	165.0	166.0	167.0	168.0	169.0	170.0	171.0	172.0	173.0	174.0	175.0	176.0	177.0	178.0	179.0	180.0	181.0	182.0	183.0	184.0	185.0	186.0	187.0	188.0	189.0	190.0	191.0	192.0	193.0	194.0	195.0	196.0	197.0	198.0	199.0	200.0	201.0	202.0	203.0	204.0	205.0	206.0	207.0	208.0	209.0	210.0	211.0	212.0	213.0	214.0	215.0	216.0	217.0	218.0	219.0	220.0	221.0	222.0	223.0	224.0	225.0	226.0	227.0	228.0	229.0	230.0	231.0	232.0	233.0	234.0	235.0	236.0	237.0	238.0	239.0	240.0	241.0	242.0	243.0	244.0	245.0	246.0	247.0	248.0	249.0	250.0	251.0	252.0	253.0	254.0	255.0	256.0	257.0	258.0	259.0	260.0	261.0	262.0	263.0	264.0	265.0	266.0	267.0	268.0	269.0	270.0	271.0	272.0	273.0	274.0	275.0	276.0	277.0	278.0	279.0	280.0	281.0	282.0	283.0	284.0	285.0	286.0	287.0	288.0	289.0	290.0	291.0	292.0	293.0	294.0	295.0	296.0	297.0	298.0	298.0	299.0	300.0	301.0	302.0	303.0	304.0	305.0
3734.007599093173
