3531.272924433272	1000.0	2000.0	234.57068954400233	0	0.0	3531.272924433272	1	0	tensor(3)	-1.1531151328313247
4212.790394087939	3000.0	2318.4825303453326	0.0	0	0.0	3531.2729244332713	1	0	tensor(3)	2.002138058379632
4695.048936818753	3000.0	2836.2239876145186	0.0	0	0.0	3531.2729244332713	1	0	tensor(3)	3.100750347047742
5491.901069502948	6000.0	3039.371854930322	0.0	0	0.0	3531.2729244332704	1	0	tensor(3)	3.447323937327715
6696.989499614786	6000.0	2834.283424818484	0.0	0	0.0	3531.27292443327	1	0	tensor(3)	4.140471117887659
8239.903750428448	6000.0	2291.3691740048225	0.0	0	0.0	3531.2729244332704	1	0	tensor(3)	4.140471117887659
9738.045743732237	6000.0	1793.2271807010336	0.0	0	0.0	3531.2729244332704	1	0	tensor(3)	4.140471117887659
10819.617125792714	6000.0	1711.6557986405546	0.0	0	0.0	3531.2729244332686	1	0	tensor(3)	4.140471117887659
12116.143671072126	6000.0	1415.129253361144	0.0	0	0.0	3531.2729244332713	1	0	tensor(3)	4.140471117887659
13300.514931216736	6000.0	1230.7579932165359	0.0	0	0.0	3531.2729244332713	1	0	tensor(3)	4.140471117887659
14323.278401320438	6000.0	1207.9945231128318	0.0	0	0.0	3531.2729244332695	1	0	tensor(3)	4.140471117887659
15500.63384785785	6000.0	1030.6390765754202	0.0	0	0.0	3531.2729244332695	1	0	tensor(3)	4.140471117887659
16744.107132517394	6000.0	787.1657919158754	0.0	0	0.0	3531.2729244332695	1	0	tensor(3)	4.140471117887659
17942.2475956103	6000.0	589.0253288229699	0.0	0	0.0	3531.2729244332695	1	0	tensor(3)	4.140471117887659
18544.269173086355	3000.0	987.0037513469204	0.0	0	0.0	3531.272924433273	1	0	tensor(3)	2.407603166487797
19067.038042207063	3000.0	1464.234882226219	0.0	0	0.0	3531.2729244332822	1	0	tensor(3)	3.100750347047741
19506.849767697906	3000.0	2024.4231567353718	0.0	0	0.0	3531.2729244332786	1	0	tensor(3)	3.100750347047741
19995.171120257586	3000.0	2536.1018041756943	0.0	0	0.0	3531.272924433277	1	0	tensor(3)	3.1007503470477413
20490.202859857352	3000.0	3041.070064575926	0.0	0	0.0	3531.272924433277	1	0	tensor(3)	3.1007503470477413
21471.901561285245	6000.0	3059.3713631480314	0.0	0	0.0	3531.272924433277	1	0	tensor(3)	3.447323937327714
22343.549336903132	6000.0	3187.723587530142	0.0	0	0.0	3531.272924433277	1	0	tensor(3)	4.140471117887659
23200.0	6000.0	3331.2729244332772	0.0	0	141.76655613327966	3531.272924433277	1	0	tensor(3)	4.140471117887659
24263.79598899088	6000.0	3267.476935442392	0.0	0	0.0	3531.272924433273	1	0	tensor(3)	4.140471117887659
25200.0	6000.0	3331.2729244332704	0.0	0	364.70461201312355	3531.2729244332695	1	0	tensor(3)	4.140471117887659
26200.0	6000.0	3331.2729244332672	0.0	0	268.39762463195075	3531.2729244332695	1	0	tensor(3)	4.140471117887659
27587.735277057916	6000.0	2943.5376473753504	0.0	0	0.0	3531.2729244332695	1	0	tensor(3)	4.140471117887659
29650.717257175096	6000.0	1880.555667258172	0.0	0	0.0	3531.2729244332695	1	0	tensor(3)	4.140471117887659
31543.610768482416	6000.0	987.6621559508484	0.0	0	0.0	3531.2729244332695	1	0	tensor(3)	4.140471117887659
32648.34759475513	6000.0	882.9253296781353	0.0	0	0.0	3531.2729244332695	1	0	tensor(3)	4.140471117887659
33591.529362508416	6000.0	939.7435619248529	0.0	0	0.0	3531.2729244332695	1	0	tensor(3)	4.140471117887659
35002.00974877464	6000.0	529.26317565863	0.0	0	0.0	3531.272924433273	1	0	tensor(3)	4.140471117887659
36160.5217535302	6000.0	414.0780757462429	43.32690484317044	0	0.0	3574.5998292764452	1	0	tensor(3)	3.8761769983443193
37393.46474792766	6000.0	358.1249908696417	176.98990952086535	0	0.0	3751.589738797309	1	0	tensor(3)	3.0564999793260634
38055.10640419597	3000.0	696.48333460133	0.0	0	0.0	3751.589738797309	1	0	tensor(3)	2.385571485051393
39037.07501989421	3000.0	714.5147189030876	0.0	0	0.0	3751.589738797309	1	0	tensor(3)	3.078718665611338
40737.113945270125	3000.0	226.08170708643078	211.60591355925345	0	0.0	3963.1956523565605	1	0	tensor(3)	1.7887410846999845
41389.09973206121	2000.0	726.5968695765113	152.5009492811739	0	0.0	2115.6966016377264	1	0	tensor(6)	-4.686360486630158
42187.68005630138	3000.0	928.01654533633	0.0	0	0.0	2115.6966016377264	1	0	tensor(3)	2.836842871219132
43197.31521926217	3000.0	918.3813823755447	0.0	0	0.0	2115.6966016377264	1	0	tensor(3)	3.2423079793272964
43803.583700505435	3000.0	1312.1129011322812	0.0	0	0.0	2115.6966016377264	1	0	tensor(3)	3.2423079793272964
44489.41429963174	3000.0	1626.282302005973	0.0	0	0.0	2115.6966016377264	1	0	tensor(3)	3.2423079793272964
45277.07674716074	6000.0	1838.6198544769716	0.0	0	0.0	2115.6966016377264	1	0	tensor(3)	3.5888815696072687
46200.0	6000.0	1915.696601637706	0.0	0	53.29328613988764	2115.6966016377264	1	0	tensor(3)	4.282028750167214
48096.62616969761	6000.0	1019.0704319400941	0.0	0	0.0	2115.6966016377264	1	0	tensor(3)	4.282028750167214
50249.66501120935	6000.0	200.0	333.96840957163545	0	0.0	2449.6650112093484	1	0	tensor(3)	2.259864866939836
50995.252701463105	3000.0	648.4114081269865	193.99909838074038	0	0.0	2643.6641095900923	1	0	tensor(3)	1.3323694576876726
51837.96226910198	3000.0	805.7018404881067	0.0	0	0.0	2643.6641095900923	1	0	tensor(3)	3.18951122853206
52511.370296970636	3000.0	1132.293812619453	0.0	0	0.0	2643.6641095900923	1	0	tensor(3)	3.18951122853206
53227.6055039737	3000.0	1416.0586056163936	0.0	0	0.0	2643.6641095900923	1	0	tensor(3)	3.18951122853206
53844.25850997318	3000.0	1799.4055996169159	0.0	0	0.0	2643.6641095900923	1	0	tensor(3)	3.18951122853206
54368.48673125476	3000.0	2275.1773783353433	0.0	0	0.0	2643.6641095900923	1	0	tensor(3)	3.18951122853206
55215.7061316639	3000.0	2427.9579779261967	0.0	0	0.0	2643.664109590085	1	0	tensor(3)	3.1895112285320604
56200.0	3000.0	2443.664109590096	0.0	0	85.20582709763403	2643.664109590085	1	0	tensor(3)	3.1895112285320604
57200.0	3000.0	2443.664109590099	0.0	0	356.8770409076242	2643.664109590085	1	0	tensor(3)	3.1895112285320604
58200.0	3000.0	2443.664109590095	0.0	0	166.78142520276742	2643.664109590085	1	0	tensor(3)	3.1895112285320604
59200.0	3000.0	2443.6641095901014	0.0	0	502.5371386874758	2643.664109590085	1	0	tensor(3)	3.1895112285320604
60471.27269460466	6000.0	2172.3914149854427	0.0	0	0.0	2643.664109590085	1	0	tensor(3)	3.5360848188120335
61488.185355104426	6000.0	2155.4787544856736	0.0	0	0.0	2643.6641095900777	1	0	tensor(3)	4.229231999371979
63142.15307961997	6000.0	1501.5110299701294	0.0	0	0.0	2643.6641095900777	1	0	tensor(3)	4.229231999371979
64143.497167240275	3000.0	1500.1669423498313	0.0	0	0.0	2643.6641095900777	1	0	tensor(3)	2.4963640479721168
65127.15236623679	3000.0	1516.5117433533164	0.0	0	0.0	2643.6641095900777	1	0	tensor(3)	3.1895112285320613
66166.80287757913	3000.0	1476.861232010972	0.0	0	0.0	2643.6641095900704	1	0	tensor(3)	3.1895112285320617
66781.0168569878	3000.0	1862.6472526022985	0.0	0	0.0	2643.664109590063	1	0	tensor(3)	3.1895112285320626
67497.32908935199	3000.0	2146.3350202381175	0.0	0	0.0	2643.664109590063	1	0	tensor(3)	3.189511228532063
68200.0	3000.0	2443.664109590108	0.0	0	107.35880238476966	2643.664109590056	1	0	tensor(3)	3.189511228532064
69200.0	3000.0	2443.664109590116	0.0	0	436.85229698961484	2643.664109590056	1	0	tensor(3)	3.189511228532064
70200.0	6000.0	2443.6641095901196	0.0	0	119.3293540742452	2643.664109590056	1	0	tensor(3)	3.536084818812036
71200.0	6000.0	2443.6641095901296	0.0	0	86.64100226348091	2643.664109590056	1	0	tensor(3)	4.229231999371981
72746.4101463625	6000.0	1897.2539632276257	0.0	0	0.0	2643.664109590056	1	0	tensor(3)	4.229231999371981
74178.66010161911	6000.0	1465.004007971006	0.0	0	0.0	2643.664109590056	1	0	tensor(3)	4.229231999371981
75161.27725344151	6000.0	1482.386856148599	0.0	0	0.0	2643.664109590056	1	0	tensor(3)	4.229231999371981
76039.67661495048	6000.0	1603.9874946396465	0.0	0	0.0	2643.664109590056	1	0	tensor(3)	4.229231999371981
78106.13587473055	6000.0	537.5282348595902	0.0	0	0.0	2643.6641095900704	1	0	tensor(3)	4.229231999371979
80307.57219765695	6000.0	200.0	863.9080880668025	0	0.0	3507.5721976569475	1	0	tensor(3)	-1.014285691059993
81050.28563140577	3000.0	618.5974076395823	161.31084138838563	0	0.0	3668.883039045337	1	0	tensor(3)	1.4259771066962765
81699.92806053071	3000.0	968.9549785146571	0.0	0	0.0	3668.8830390453513	1	0	tensor(3)	3.086989335586534
82103.88708165889	3000.0	1564.9959573864828	0.0	0	0.0	3668.883039045366	1	0	tensor(3)	3.0869893355865323
83910.00383361595	6000.0	758.8792054294369	0.0	0	0.0	3668.8830390453804	1	0	tensor(3)	3.4335629258665037
84553.92105696714	3000.0	1114.961982078235	0.0	0	0.0	3668.883039045395	1	0	tensor(3)	2.3938421550265847
85408.95894926197	3000.0	1259.9240897834093	0.0	0	0.0	3668.883039045395	1	0	tensor(3)	3.0869893355865297
86410.55647750886	3000.0	1258.3265615365258	0.0	0	0.0	3668.883039045395	1	0	tensor(3)	3.0869893355865297
87096.81573128984	3000.0	1572.0673077555487	0.0	0	0.0	3668.883039045395	1	0	tensor(3)	3.0869893355865297
87583.65947553137	3000.0	2085.223563514018	0.0	0	0.0	3668.883039045395	1	0	tensor(3)	3.0869893355865297
88902.69028098941	6000.0	1766.1927580559907	0.0	0	0.0	3668.8830390454095	1	0	tensor(3)	3.4335629258665006
90791.57402720896	6000.0	877.3090118364166	0.0	0	0.0	3668.883039045395	1	0	tensor(3)	4.126710106426447
91542.47667377758	3000.0	1126.4063652678083	0.0	0	0.0	3668.883039045395	1	0	tensor(3)	2.3938421550265847
92284.40615623734	3000.0	1384.4768828080494	0.0	0	0.0	3668.883039045395	1	0	tensor(3)	3.0869893355865297
93373.16487789647	3000.0	1295.7181611489068	0.0	0	0.0	3668.8830390453804	1	0	tensor(3)	3.086989335586531
93980.08229745398	3000.0	1688.800741591398	0.0	0	0.0	3668.8830390453804	1	0	tensor(3)	3.086989335586531
94598.02819683842	3000.0	2070.8548422069616	0.0	0	0.0	3668.8830390453804	1	0	tensor(3)	3.086989335586531
95150.9216523416	3000.0	2517.9613867037865	0.0	0	0.0	3668.8830390453804	1	0	tensor(3)	3.086989335586531
95591.05174168783	3000.0	3077.831297357567	0.0	0	0.0	3668.8830390453804	1	0	tensor(3)	3.086989335586531
96493.06264421593	6000.0	3175.8203948294636	0.0	0	0.0	3668.8830390453804	1	0	tensor(3)	3.4335629258665037
97599.17152577997	6000.0	3069.711513265433	0.0	0	0.0	3668.8830390453804	1	0	tensor(3)	4.126710106426449
98587.75620645212	6000.0	3081.1268325932874	0.0	0	0.0	3668.8830390453804	1	0	tensor(3)	4.126710106426449
99616.50753911767	6000.0	3052.3754999277353	0.0	0	0.0	3668.8830390453804	1	0	tensor(3)	4.126710106426449
101223.83218401912	6000.0	2445.0508550262643	0.0	0	0.0	3668.883039045366	1	0	tensor(3)	4.12671010642645
102161.4647959098	6000.0	2507.418243135592	0.0	0	0.0	3668.883039045366	1	0	tensor(3)	4.12671010642645
102795.9310673697	3000.0	2872.9519716756695	0.0	0	0.0	3668.8830390453513	1	0	tensor(3)	2.393842155026589
103362.5356327602	3000.0	3306.347406285169	0.0	0	0.0	3668.8830390453513	1	0	tensor(3)	3.086989335586534
104249.31270945413	3000.0	3419.57032959123	0.0	0	0.0	3668.8830390453513	1	0	tensor(3)	3.086989335586534
105200.0	3000.0	3468.8830390453613	0.0	0	246.48661035519035	3668.883039045366	1	0	tensor(3)	3.0869893355865323
106291.02255694766	3000.0	3377.860482097688	0.0	0	0.0	3668.883039045366	1	0	tensor(3)	3.0869893355865323
107204.86707887486	3000.0	3464.015960170496	0.0	0	0.0	3668.883039045366	1	0	tensor(3)	3.0869893355865323
108304.56935562823	3000.0	3364.3136834171246	0.0	0	0.0	3668.883039045366	1	0	tensor(3)	3.0869893355865323
109200.0	3000.0	3468.883039045348	0.0	0	15.716563918191241	3668.8830390453804	1	0	tensor(3)	3.086989335586531
110325.00898182207	3000.0	3343.8740572232873	0.0	0	0.0	3668.8830390453804	1	0	tensor(3)	3.086989335586531
111200.0	3000.0	3468.8830390453486	0.0	0	80.51570045572589	3668.8830390453804	1	0	tensor(3)	3.086989335586531
112200.0	3000.0	3468.8830390453254	0.0	0	439.57787522232684	3668.8830390453804	1	0	tensor(3)	3.086989335586531
113253.7986964942	3000.0	3415.0843425511184	0.0	0	0.0	3668.8830390453804	1	0	tensor(3)	3.086989335586531
114200.0	3000.0	3468.883039045307	0.0	0	302.4811311458616	3668.8830390453804	1	0	tensor(3)	3.086989335586531
116312.62204816722	6000.0	2356.260990878094	0.0	0	0.0	3668.8830390453804	1	0	tensor(3)	3.4335629258665037
117299.47271250708	3000.0	2369.4103265382473	0.0	0	0.0	3668.8830390453804	1	0	tensor(3)	2.3938421550265856
118345.8094085474	3000.0	2323.073630497911	0.0	0	0.0	3668.8830390453804	1	0	tensor(3)	3.086989335586531
119462.41050002156	3000.0	2206.4725390237363	0.0	0	0.0	3668.8830390453804	1	0	tensor(3)	3.086989335586531
120102.66446757788	3000.0	2566.2185714674356	0.0	0	0.0	3668.8830390453804	1	0	tensor(3)	3.086989335586531
120782.22946829881	3000.0	2886.6535707464927	0.0	0	0.0	3668.8830390453804	1	0	tensor(3)	3.086989335586531
121733.01485081318	3000.0	2935.868188232122	0.0	0	0.0	3668.8830390453804	1	0	tensor(3)	3.086989335586531
122628.03098474629	3000.0	3040.8520542990236	0.0	0	0.0	3668.8830390453804	1	0	tensor(3)	3.086989335586531
123415.08536504858	3000.0	3253.797673996725	0.0	0	0.0	3668.8830390453804	1	0	tensor(3)	3.086989335586531
124200.0	3000.0	3468.8830390453213	0.0	0	101.89530495407234	3668.883039045395	1	0	tensor(3)	3.0869893355865297
125877.16793302064	6000.0	2791.7151060246906	0.0	0	0.0	3668.883039045395	1	0	tensor(3)	3.4335629258665024
127187.999017789	6000.0	2480.884021256332	0.0	0	0.0	3668.883039045395	1	0	tensor(3)	4.126710106426447
127626.19765871706	3000.0	3042.6853803282756	0.0	0	0.0	3668.883039045395	1	0	tensor(3)	2.3938421550265847
128972.10332973943	6000.0	2696.779709305913	0.0	0	0.0	3668.883039045395	1	0	tensor(3)	3.4335629258665024
129946.6745256759	6000.0	2722.208513369451	0.0	0	0.0	3668.8830390454095	1	0	tensor(3)	4.1267101064264455
130761.9182407187	6000.0	2906.9647983266545	0.0	0	0.0	3668.8830390454095	1	0	tensor(3)	4.1267101064264455
131612.44331971367	6000.0	3056.4397193317145	0.0	0	0.0	3668.8830390454386	1	0	tensor(3)	4.126710106426445
132422.24749247273	6000.0	3246.6355465726615	0.0	0	0.0	3668.8830390454386	1	0	tensor(3)	4.126710106426443
133200.0	6000.0	3468.8830390454013	0.0	0	291.17844994869665	3668.883039045453	1	0	tensor(3)	4.126710106426442
134200.0	6000.0	3468.883039045402	0.0	0	176.121797622327	3668.8830390454386	1	0	tensor(3)	4.126710106426442
135200.0	6000.0	3468.88303904539	0.0	0	16.268983093235875	3668.8830390454386	1	0	tensor(3)	4.126710106426443
136639.2583132449	6000.0	3029.6247258004637	0.0	0	0.0	3668.8830390454386	1	0	tensor(3)	4.126710106426443
138275.98219465656	6000.0	2392.9008443888133	0.0	0	0.0	3668.8830390454386	1	0	tensor(3)	4.126710106426443
139810.47078710102	6000.0	1858.412251944336	0.0	0	0.0	3668.8830390454386	1	0	tensor(3)	4.126710106426443
140818.58761883574	6000.0	1850.2954202096073	0.0	0	0.0	3668.8830390454386	1	0	tensor(3)	4.126710106426443
141589.18523948904	6000.0	2079.6977995562956	0.0	0	0.0	3668.8830390454386	1	0	tensor(3)	4.126710106426443
142583.6126097188	6000.0	2085.270429326534	0.0	0	0.0	3668.8830390454386	1	0	tensor(3)	4.126710106426443
143905.2238747309	6000.0	1763.65916431444	0.0	0	0.0	3668.8830390454386	1	0	tensor(3)	4.126710106426443
145022.3674781442	6000.0	1646.515560901151	0.0	0	0.0	3668.8830390454386	1	0	tensor(3)	4.126710106426443
145887.01051726966	6000.0	1781.8725217757133	0.0	0	0.0	3668.8830390454386	1	0	tensor(3)	4.126710106426443
147278.91262584584	6000.0	1389.97041319955	0.0	0	0.0	3668.8830390454386	1	0	tensor(3)	4.126710106426443
148055.5876806087	3000.0	1613.2953584367083	0.0	0	0.0	3668.8830390454386	1	0	tensor(3)	2.3938421550265803
148737.0588799192	3000.0	1931.824159126182	0.0	0	0.0	3668.8830390454386	1	0	tensor(3)	3.086989335586525
149719.4774958428	3000.0	1949.4055432025837	0.0	0	0.0	3668.8830390454677	1	0	tensor(3)	3.0869893355865226
150691.8198164897	3000.0	1977.0632225556458	0.0	0	0.0	3668.8830390454677	1	0	tensor(3)	3.0869893355865226
151524.76236130518	3000.0	2144.1206777401785	0.0	0	0.0	3668.8830390454677	1	0	tensor(3)	3.0869893355865226
152246.43867981038	3000.0	2422.444359234977	0.0	0	0.0	3668.8830390454677	1	0	tensor(3)	3.0869893355865226
152815.60589710154	3000.0	2853.2771419438036	0.0	0	0.0	3668.8830390454677	1	0	tensor(3)	3.0869893355865226
153471.25669170913	3000.0	3197.6263473361764	0.0	0	0.0	3668.8830390454386	1	0	tensor(3)	3.086989335586525
154431.5307678089	6000.0	3237.3522712363892	0.0	0	0.0	3668.8830390454386	1	0	tensor(3)	3.433562925866498
155358.4477408825	6000.0	3310.435298162794	0.0	0	0.0	3668.8830390454386	1	0	tensor(3)	4.126710106426443
156648.13649278675	6000.0	3020.746546258519	0.0	0	0.0	3668.8830390454386	1	0	tensor(3)	4.126710106426443
158174.82741527	6000.0	2494.055623775284	0.0	0	0.0	3668.8830390454677	1	0	tensor(3)	4.12671010642644
159413.83523839127	6000.0	2255.047800654028	0.0	0	0.0	3668.8830390454677	1	0	tensor(3)	4.12671010642644
160513.4013204594	6000.0	2155.4817185858888	0.0	0	0.0	3668.8830390454677	1	0	tensor(3)	4.12671010642644
161379.2309343366	6000.0	2289.6521047086885	0.0	0	0.0	3668.8830390454386	1	0	tensor(3)	4.126710106426443
162678.35450809624	6000.0	1990.5285309490532	0.0	0	0.0	3668.8830390454095	1	0	tensor(3)	4.1267101064264455
163643.00108062406	6000.0	2025.8819584212206	0.0	0	0.0	3668.8830390454386	1	0	tensor(3)	4.126710106426444
164319.7797076933	3000.0	2349.1033313519793	0.0	0	0.0	3668.8830390454386	1	0	tensor(3)	2.3938421550265803
165777.23818739486	6000.0	1891.6448516504088	0.0	0	0.0	3668.8830390454386	1	0	tensor(3)	3.433562925866498
167352.62788289826	6000.0	1316.2551561470048	0.0	0	0.0	3668.8830390454386	1	0	tensor(3)	4.126710106426443
168224.0876030257	3000.0	1444.7954360195654	0.0	0	0.0	3668.8830390454386	1	0	tensor(3)	2.3938421550265803
168856.24020070393	3000.0	1812.6428383413408	0.0	0	0.0	3668.8830390454386	1	0	tensor(3)	3.086989335586525
169972.2462413243	6000.0	1696.6367977209693	0.0	0	0.0	3668.8830390454386	1	0	tensor(3)	3.433562925866498
171212.1537876676	6000.0	1456.729251377659	0.0	0	0.0	3668.8830390454386	1	0	tensor(3)	4.126710106426443
171958.0724017591	6000.0	1710.8106372861491	0.0	0	0.0	3668.8830390454386	1	0	tensor(3)	4.126710106426443
172676.80489742634	6000.0	1992.0781416189172	0.0	0	0.0	3668.8830390454386	1	0	tensor(3)	4.126710106426443
173400.25456180386	6000.0	2268.6284772413915	0.0	0	0.0	3668.8830390454386	1	0	tensor(3)	4.126710106426443
174228.54565438535	6000.0	2440.3373846599234	0.0	0	0.0	3668.8830390454386	1	0	tensor(3)	4.126710106426443
175154.7388410743	6000.0	2514.1441979710207	0.0	0	0.0	3668.8830390454386	1	0	tensor(3)	4.126710106426443
176779.0720629497	6000.0	1889.8109760955733	0.0	0	0.0	3668.8830390454095	1	0	tensor(3)	4.1267101064264455
178560.3217824671	6000.0	1108.561256578196	0.0	0	0.0	3668.8830390454095	1	0	tensor(3)	4.1267101064264455
179591.6545693709	3000.0	1077.2284696743873	0.0	0	0.0	3668.8830390454095	1	0	tensor(3)	2.393842155026583
180434.26390665543	3000.0	1234.6191323898754	0.0	0	0.0	3668.8830390454386	1	0	tensor(3)	3.086989335586526
181053.46153717293	3000.0	1615.4215018724092	0.0	0	0.0	3668.8830390454386	1	0	tensor(3)	3.086989335586525
181657.16449084037	6000.0	2011.718548204965	0.0	0	0.0	3668.8830390454677	1	0	tensor(3)	3.433562925866495
182557.783633985	6000.0	2111.099405060324	0.0	0	0.0	3668.8830390454677	1	0	tensor(3)	4.12671010642644
183611.66943447987	6000.0	2057.2136045654624	0.0	0	0.0	3668.883039045497	1	0	tensor(3)	4.126710106426438
184886.03148944693	6000.0	1782.8515495984057	0.0	0	0.0	3668.883039045526	1	0	tensor(3)	4.126710106426434
186216.42837032044	6000.0	1452.4546687248805	0.0	0	0.0	3668.883039045526	1	0	tensor(3)	4.126710106426434
187826.97658732012	6000.0	841.9064517251768	0.0	0	0.0	3668.883039045526	1	0	tensor(3)	4.126710106426434
189400.6376465908	3000.0	268.2453924544981	0.0	0	0.0	3668.883039045497	1	0	tensor(3)	2.393842155026575
190371.06745923497	3000.0	536.5279734870523	238.71239367670526	0	0.0	3907.5954327222134	1	0	tensor(3)	1.630843734158616
191242.23975639037	3000.0	665.3556763316387	0.0	0	0.0	3907.5954327221843	1	0	tensor(3)	3.0631180962188482
191831.24082526873	3000.0	1076.3546074532956	0.0	0	0.0	3907.5954327221843	1	0	tensor(3)	3.063118096218851
192379.54091838354	3000.0	1528.0545143384643	0.0	0	0.0	3907.5954327222134	1	0	tensor(3)	3.063118096218849
192905.02965865875	3000.0	2002.5657740632416	0.0	0	0.0	3907.5954327222134	1	0	tensor(3)	3.0631180962188473
193463.5074181142	3000.0	2444.0880146078325	0.0	0	0.0	3907.5954327222134	1	0	tensor(3)	3.0631180962188473
194439.15884744594	6000.0	2468.436585276094	0.0	0	0.0	3907.5954327221843	1	0	tensor(3)	3.4096916864988236
195148.1542899543	6000.0	2759.4411427677264	0.0	0	0.0	3907.5954327221843	1	0	tensor(3)	4.102838867058768
197134.6935157733	6000.0	1772.9019169487246	0.0	0	0.0	3907.5954327221843	1	0	tensor(3)	4.102838867058768
198626.3879051003	6000.0	1281.2075276217236	0.0	0	0.0	3907.5954327221843	1	0	tensor(3)	4.102838867058768
199458.69998931288	3000.0	1448.8954434091233	0.0	0	0.0	3907.5954327221843	1	0	tensor(3)	2.369970915658906
200467.06743499302	3000.0	1440.5279977290006	0.0	0	0.0	3907.5954327221552	1	0	tensor(3)	3.063118096218852
201418.48166876708	3000.0	1489.1137639549456	0.0	0	0.0	3907.5954327221552	1	0	tensor(3)	3.0631180962188536
202090.4788854959	3000.0	1817.116547226146	0.0	0	0.0	3907.5954327221552	1	0	tensor(3)	3.0631180962188536
202639.45710185583	3000.0	2268.138330866214	0.0	0	0.0	3907.5954327221552	1	0	tensor(3)	3.0631180962188536
203215.4624377623	3000.0	2692.1329949597402	0.0	0	0.0	3907.595432722126	1	0	tensor(3)	3.0631180962188562
204208.2946599205	3000.0	2699.3007728015536	0.0	0	0.0	3907.595432722126	1	0	tensor(3)	3.0631180962188562
205058.8379895956	3000.0	2848.7574431264547	0.0	0	0.0	3907.595432722097	1	0	tensor(3)	3.0631180962188593
205706.90003250682	3000.0	3200.695400215219	0.0	0	0.0	3907.595432722097	1	0	tensor(3)	3.0631180962188593
206515.05252680817	3000.0	3392.542905913849	0.0	0	0.0	3907.595432722068	1	0	tensor(3)	3.063118096218862
207200.0	3000.0	3707.5954327220047	0.0	0	127.87884383028722	3907.595432722068	1	0	tensor(3)	3.063118096218862
208200.0	3000.0	3707.595432722032	0.0	0	337.6534613351687	3907.595432722068	1	0	tensor(3)	3.063118096218862
209386.98004185126	6000.0	3520.6153908708043	0.0	0	0.0	3907.595432722068	1	0	tensor(3)	3.409691686498835
210966.78098790493	6000.0	2940.8144448171397	0.0	0	0.0	3907.595432722068	1	0	tensor(3)	4.1028388670587805
212624.38458251048	6000.0	2283.210850211581	0.0	0	0.0	3907.595432722068	1	0	tensor(3)	4.1028388670587805
214240.6697024497	6000.0	1666.9257302723436	0.0	0	0.0	3907.595432722068	1	0	tensor(3)	4.1028388670587805
215449.73868106835	3000.0	1457.8567516536739	0.0	0	0.0	3907.595432722068	1	0	tensor(3)	2.369970915658917
216360.28217099642	3000.0	1547.3132617256044	0.0	0	0.0	3907.5954327220097	1	0	tensor(3)	3.0631180962188664
216955.04973210773	3000.0	1952.545700614309	0.0	0	0.0	3907.5954327220097	1	0	tensor(3)	3.063118096218868
217642.9867199621	3000.0	2264.608712759941	0.0	0	0.0	3907.5954327219806	1	0	tensor(3)	3.063118096218871
218132.69274631303	3000.0	2774.9026864090033	0.0	0	0.0	3907.5954327219806	1	0	tensor(3)	3.063118096218871
218742.9838851132	3000.0	3164.611547608804	0.0	0	0.0	3907.5954327219515	1	0	tensor(3)	3.063118096218874
219802.403820826	6000.0	3105.191611896	0.0	0	0.0	3907.5954327219515	1	0	tensor(3)	3.4096916864988467
221541.51706597794	6000.0	2366.078366744066	0.0	0	0.0	3907.5954327219806	1	0	tensor(3)	4.1028388670587885
223226.802794842	6000.0	1680.792637879998	0.0	0	0.0	3907.5954327219515	1	0	tensor(3)	4.102838867058792
224278.94577596974	6000.0	1628.6496567522456	0.0	0	0.0	3907.5954327219515	1	0	tensor(3)	4.102838867058792
225178.84585610058	6000.0	1728.7495766213963	0.0	0	0.0	3907.5954327219224	1	0	tensor(3)	4.102838867058795
226805.9630607887	6000.0	1101.632371933264	0.0	0	0.0	3907.5954327219224	1	0	tensor(3)	4.102838867058795
228250.859355321	6000.0	656.7360774009378	0.0	0	0.0	3907.5954327219224	1	0	tensor(3)	4.102838867058795
229326.17459022297	3000.0	581.4208424989383	0.0	0	0.0	3907.5954327218933	1	0	tensor(3)	2.369970915658935
230142.39785345347	3000.0	765.1975792684182	0.0	0	0.0	3907.5954327218933	1	0	tensor(3)	3.0631180962188798
230721.3158296217	3000.0	1186.2796031002067	0.0	0	0.0	3907.5954327218933	1	0	tensor(3)	3.0631180962188798
231210.79787257887	3000.0	1696.7975601430128	0.0	0	0.0	3907.5954327218933	1	0	tensor(3)	3.0631180962188798
233094.835782118	6000.0	812.7596506039132	0.0	0	0.0	3907.5954327219224	1	0	tensor(3)	3.409691686498851
233770.49263597134	3000.0	1137.102796750562	0.0	0	0.0	3907.5954327219224	1	0	tensor(3)	2.369970915658932
234492.55025456016	3000.0	1415.0451781616978	0.0	0	0.0	3907.5954327218933	1	0	tensor(3)	3.063118096218879
235445.84702455642	3000.0	1461.7484081654618	0.0	0	0.0	3907.5954327219224	1	0	tensor(3)	3.0631180962188784
236020.46303137002	3000.0	1887.1324013518513	0.0	0	0.0	3907.5954327219224	1	0	tensor(3)	3.063118096218877
236456.1179295795	3000.0	2451.4775031423583	0.0	0	0.0	3907.5954327218933	1	0	tensor(3)	3.0631180962188798
237277.41269168645	6000.0	2630.182741035396	0.0	0	0.0	3907.595432721864	1	0	tensor(3)	3.409691686498855
238428.30989235104	6000.0	2479.2855403708	0.0	0	0.0	3907.595432721864	1	0	tensor(3)	4.1028388670588
239900.37866925946	6000.0	2007.2167634624293	0.0	0	0.0	3907.595432721864	1	0	tensor(3)	4.1028388670588
240694.44035845806	3000.0	2213.155074263849	0.0	0	0.0	3907.5954327218933	1	0	tensor(3)	2.369970915658935
241723.39782922485	3000.0	2184.197603497041	0.0	0	0.0	3907.595432721864	1	0	tensor(3)	3.0631180962188824
242648.1871709135	3000.0	2259.4082618083544	0.0	0	0.0	3907.595432721864	1	0	tensor(3)	3.0631180962188824
243487.0958672918	3000.0	2420.4995654300624	0.0	0	0.0	3907.595432721864	1	0	tensor(3)	3.0631180962188824
244095.67420695475	3000.0	2811.9212257671284	0.0	0	0.0	3907.595432721864	1	0	tensor(3)	3.0631180962188824
244696.0960217028	3000.0	3211.4994110190614	0.0	0	0.0	3907.595432721864	1	0	tensor(3)	3.0631180962188824
245857.76257607248	6000.0	3049.8328566493706	0.0	0	0.0	3907.595432721864	1	0	tensor(3)	3.409691686498855
246784.6085760954	6000.0	3122.9868566264568	0.0	0	0.0	3907.595432721864	1	0	tensor(3)	4.1028388670588
247854.4738746106	6000.0	3053.121558111237	0.0	0	0.0	3907.595432721835	1	0	tensor(3)	4.102838867058804
249191.542535476	6000.0	2716.0528972458237	0.0	0	0.0	3907.595432721864	1	0	tensor(3)	4.102838867058801
250999.7657226096	6000.0	1907.829710112267	0.0	0	0.0	3907.5954327218933	1	0	tensor(3)	4.102838867058798
252621.37375912146	6000.0	1286.221673600388	0.0	0	0.0	3907.5954327218933	1	0	tensor(3)	4.102838867058797
253369.00268727023	3000.0	1538.5927454516072	0.0	0	0.0	3907.595432721864	1	0	tensor(3)	2.3699709156589357
253914.13229252663	3000.0	1993.4631401952024	0.0	0	0.0	3907.5954327218933	1	0	tensor(3)	3.0631180962188798
254784.18984672308	3000.0	2123.405585998771	0.0	0	0.0	3907.5954327219224	1	0	tensor(3)	3.063118096218877
255691.82489549406	3000.0	2215.7705372277837	0.0	0	0.0	3907.5954327219515	1	0	tensor(3)	3.063118096218874
256285.64244764205	3000.0	2621.9529850798085	0.0	0	0.0	3907.5954327219515	1	0	tensor(3)	3.063118096218874
257454.65691269125	3000.0	2452.938520030615	0.0	0	0.0	3907.5954327219806	1	0	tensor(3)	3.063118096218871
258038.2324161818	3000.0	2869.3630165400987	0.0	0	0.0	3907.5954327219806	1	0	tensor(3)	3.063118096218871
258767.2736216422	3000.0	3140.32181107971	0.0	0	0.0	3907.5954327220097	1	0	tensor(3)	3.063118096218868
260002.73467174542	3000.0	2904.8607609765004	0.0	0	0.0	3907.5954327219806	1	0	tensor(3)	3.063118096218871
260875.28129019553	3000.0	3032.3141425263802	0.0	0	0.0	3907.5954327219806	1	0	tensor(3)	3.063118096218871
261916.88714230873	3000.0	2990.708290413202	0.0	0	0.0	3907.5954327219806	1	0	tensor(3)	3.063118096218871
262732.81346593087	3000.0	3174.7819667910726	0.0	0	0.0	3907.5954327220097	1	0	tensor(3)	3.06311809621887
263363.87598036625	3000.0	3543.719452355656	0.0	0	0.0	3907.5954327219806	1	0	tensor(3)	3.063118096218871
264200.0	3000.0	3707.5954327218597	0.0	0	181.9555402956321	3907.5954327218933	1	0	tensor(3)	3.063118096218876
265200.0	3000.0	3707.5954327218733	0.0	0	250.7447329107672	3907.5954327219224	1	0	tensor(3)	3.0631180962188793
266200.0	3000.0	3707.5954327218974	0.0	0	197.92392198578455	3907.5954327219515	1	0	tensor(3)	3.0631180962188784
267200.0	3000.0	3707.5954327219342	0.0	0	278.1123135146918	3907.5954327219515	1	0	tensor(3)	3.063118096218874
268240.01944793883	3000.0	3667.575984783105	0.0	0	0.0	3907.5954327218933	1	0	tensor(3)	3.0631180962188798
269200.0	3000.0	3707.595432721963	0.0	0	129.4107688035001	3907.5954327218933	1	0	tensor(3)	3.0631180962188798
270200.0	3000.0	3707.5954327219843	0.0	0	141.46159250219353	3907.5954327218933	1	0	tensor(3)	3.0631180962188798
271262.796300121	3000.0	3644.799132600989	0.0	0	0.0	3907.5954327218933	1	0	tensor(3)	3.0631180962188798
272200.0	3000.0	3707.5954327219965	0.0	0	371.24113916576607	3907.5954327218933	1	0	tensor(3)	3.0631180962188798
273200.0	3000.0	3707.5954327220775	0.0	0	574.6688782287529	3907.5954327219515	1	0	tensor(3)	3.063118096218874
274529.0925832402	6000.0	3378.5028494819403	0.0	0	0.0	3907.5954327220097	1	0	tensor(3)	3.4096916864988405
276401.67598666943	6000.0	2505.9194460526965	0.0	0	0.0	3907.5954327220097	1	0	tensor(3)	4.102838867058786
277184.92172054225	6000.0	2722.6737121799215	0.0	0	0.0	3907.595432722068	1	0	tensor(3)	4.1028388670587805
278472.06288747885	6000.0	2435.532545243313	0.0	0	0.0	3907.595432722068	1	0	tensor(3)	4.1028388670587805
279584.1616030167	6000.0	2323.433829705395	0.0	0	0.0	3907.595432722068	1	0	tensor(3)	4.1028388670587805
280218.24370013236	6000.0	2689.3517325897024	0.0	0	0.0	3907.595432722068	1	0	tensor(3)	4.1028388670587805
280949.6813837585	6000.0	2957.91404896356	0.0	0	0.0	3907.5954327220097	1	0	tensor(3)	4.102838867058786
281404.5604391904	6000.0	3503.0349935315917	0.0	0	0.0	3907.5954327220097	1	0	tensor(3)	4.102838867058786
282200.0	6000.0	3707.5954327219974	0.0	0	81.71124341856921	3907.5954327220097	1	0	tensor(3)	4.102838867058786
283200.0	6000.0	3707.5954327219465	0.0	0	185.09285081666894	3907.5954327220097	1	0	tensor(3)	4.102838867058786
284212.45714009146	6000.0	3695.138292630472	0.0	0	0.0	3907.5954327220097	1	0	tensor(3)	4.102838867058786
285200.0	6000.0	3707.595432721847	0.0	0	91.30908879754134	3907.5954327220097	1	0	tensor(3)	4.102838867058786
286200.0	6000.0	3707.5954327218556	0.0	0	220.90635026572272	3907.595432722068	1	0	tensor(3)	4.1028388670587805
287757.00402539864	6000.0	3150.5914073232634	0.0	0	0.0	3907.595432722068	1	0	tensor(3)	4.1028388670587805
288910.5810742045	6000.0	2997.014358517379	0.0	0	0.0	3907.595432722068	1	0	tensor(3)	4.1028388670587805
289754.05990337185	6000.0	3153.535529350041	0.0	0	0.0	3907.595432722068	1	0	tensor(3)	4.1028388670587805
290699.9203555466	6000.0	3207.67507717526	0.0	0	0.0	3907.595432722068	1	0	tensor(3)	4.1028388670587805
291899.5328260888	6000.0	3008.0626066331247	0.0	0	0.0	3907.595432722068	1	0	tensor(3)	4.1028388670587805
292768.1568442087	6000.0	3139.4385885131437	0.0	0	0.0	3907.595432722068	1	0	tensor(3)	4.1028388670587805
293836.26213016437	6000.0	3071.3333025574793	0.0	0	0.0	3907.595432722068	1	0	tensor(3)	4.1028388670587805
295147.7384384591	6000.0	2759.85699426268	0.0	0	0.0	3907.595432722068	1	0	tensor(3)	4.1028388670587805
296983.52448523656	6000.0	1924.0709474852974	0.0	0	0.0	3907.595432722068	1	0	tensor(3)	4.1028388670587805
297875.34214207256	3000.0	2032.253290649277	0.0	0	0.0	3907.595432722126	1	0	tensor(3)	2.3699709156589117
298938.03638239036	3000.0	1969.5590503314097	0.0	0	0.0	3907.595432722126	1	0	tensor(3)	3.0631180962188562
299852.00672275893	3000.0	2055.588709962849	0.0	0	0.0	3907.5954327221843	1	0	tensor(3)	3.063118096218851
300517.41380314174	3000.0	2390.1816295800495	0.0	0	0.0	3907.5954327221843	1	0	tensor(3)	3.063118096218851
301267.2074433285	3000.0	2640.3879893932894	0.0	0	0.0	3907.5954327221843	1	0	tensor(3)	3.063118096218851
301789.3563009803	3000.0	3118.2391317414895	0.0	0	0.0	3907.5954327221843	1	0	tensor(3)	3.063118096218851
302252.641238289	3000.0	3654.954194432777	0.0	0	0.0	3907.5954327221843	1	0	tensor(3)	3.063118096218851
4.92	6.35	8.26	4.09	5.24	5.09	5.5	7.8	5.47	5.43	6.37	3.68	4.56	6.37	4.66	4.39	5.58	6.22	5.62	6.6	6.66	8.72	7.7	4.29	5.53	3.09	2.92	4.37	6.06	8.39	7.39	3.75	5.87	5.0	3.54	2.66	1.89	2.39	4.34	4.15	5.12	6.89	6.53	4.24	3.56	3.49	3.6	3.86	3.72	3.71	5.04	4.18	3.74	4.66	4.87	6.26	4.74	6.64	3.66	3.66	3.7	3.48	3.26	4.1	4.56	5.29	5.56	5.32	4.33	4.76	4.99	6.61	7.7	3.72	3.49	3.82	2.5	4.33	6.64	4.23	2.73	4.67	3.89	4.9	6.99	4.62	4.97	2.76	4.7	3.07	4.38	5.55	6.19	6.39	8.09	7.25	2.4	3.95	5.06	5.2	3.93	4.38	3.39	4.07	2.95	4.2	3.65	3.07	4.56	3.44	4.91	3.97	3.17	3.35	3.86	3.15	4.01	4.24	3.31	4.85	5.66	4.95	4.74	3.54	5.83	4.62	6.09	8.47	10.8	9.99	6.96	5.51	5.49	6.09	3.81	3.93	6.09	8.62	5.92	4.91	6.34	4.81	5.72	4.14	3.86	3.29	3.53	4.87	4.04	5.34	4.92	6.35	8.26	4.09	5.24	5.09	5.5	7.8	5.47	5.43	6.37	3.68	4.56	6.37	4.66	4.39	5.58	6.22	5.62	6.6	6.66	8.72	7.7	4.29	5.53	3.09	2.92	4.37	6.06	8.39	7.39	3.75	5.87	5.0	3.54	2.66	1.89	2.39	4.34	4.15	5.12	6.89	6.53	4.24	3.56	3.49	3.6	3.86	3.72	3.71	5.04	4.18	3.74	4.66	4.87	6.26	4.74	6.64	3.66	3.66	3.7	3.48	3.26	4.1	4.56	5.29	5.56	5.32	4.33	4.76	4.99	6.61	7.7	3.72	3.49	3.82	2.5	4.33	6.64	4.23	2.73	4.67	3.89	4.9	6.99	4.62	4.97	2.76	4.7	3.07	4.38	5.55	6.19	6.39	8.09	7.25	2.4	3.95	5.06	5.2	3.93	4.38	3.39	4.07	2.95	4.2	3.65	3.07	4.56	3.44	4.91	3.97	3.17	3.35	3.86	3.15	4.01	4.24	3.31	4.85	5.66	4.95	4.74	3.54	5.83	4.62	6.09	8.47	10.8	9.99	6.96	5.51	5.49	6.09	3.81	3.93	6.09	8.62	5.92	4.91	6.34	4.81	5.72	4.14	3.86	3.29	3.53	4.87	4.04	5.34	4.92	6.35	8.26	4.09	5.24
1.0	2.0	3.0	4.0	5.0	6.0	7.0	8.0	9.0	10.0	11.0	12.0	13.0	14.0	15.0	16.0	17.0	18.0	19.0	20.0	21.0	22.0	23.0	24.0	25.0	26.0	27.0	28.0	29.0	30.0	31.0	32.0	33.0	34.0	35.0	36.0	37.0	38.0	39.0	40.0	41.0	42.0	43.0	44.0	45.0	46.0	47.0	48.0	49.0	50.0	51.0	52.0	53.0	54.0	55.0	56.0	57.0	58.0	59.0	60.0	61.0	62.0	63.0	64.0	65.0	66.0	67.0	68.0	69.0	70.0	71.0	72.0	73.0	74.0	75.0	76.0	77.0	78.0	79.0	80.0	81.0	82.0	83.0	84.0	85.0	86.0	87.0	88.0	89.0	90.0	91.0	92.0	93.0	94.0	95.0	96.0	97.0	98.0	99.0	100.0	101.0	102.0	103.0	104.0	105.0	106.0	107.0	108.0	109.0	110.0	111.0	112.0	113.0	114.0	115.0	116.0	117.0	118.0	119.0	120.0	121.0	122.0	123.0	124.0	125.0	126.0	127.0	128.0	129.0	130.0	131.0	132.0	133.0	134.0	135.0	136.0	137.0	138.0	139.0	140.0	141.0	142.0	143.0	144.0	145.0	146.0	147.0	148.0	149.0	149.0	150.0	151.0	152.0	153.0	154.0	155.0	156.0	157.0	158.0	159.0	160.0	161.0	162.0	163.0	164.0	165.0	166.0	167.0	168.0	169.0	170.0	171.0	172.0	173.0	174.0	175.0	176.0	177.0	178.0	179.0	180.0	181.0	182.0	183.0	184.0	185.0	186.0	187.0	188.0	189.0	190.0	191.0	192.0	193.0	194.0	195.0	196.0	197.0	198.0	199.0	200.0	201.0	202.0	203.0	204.0	205.0	206.0	207.0	208.0	209.0	210.0	211.0	212.0	213.0	214.0	215.0	216.0	217.0	218.0	219.0	220.0	221.0	222.0	223.0	224.0	225.0	226.0	227.0	228.0	229.0	230.0	231.0	232.0	233.0	234.0	235.0	236.0	237.0	238.0	239.0	240.0	241.0	242.0	243.0	244.0	245.0	246.0	247.0	248.0	249.0	250.0	251.0	252.0	253.0	254.0	255.0	256.0	257.0	258.0	259.0	260.0	261.0	262.0	263.0	264.0	265.0	266.0	267.0	268.0	269.0	270.0	271.0	272.0	273.0	274.0	275.0	276.0	277.0	278.0	279.0	280.0	281.0	282.0	283.0	284.0	285.0	286.0	287.0	288.0	289.0	290.0	291.0	292.0	293.0	294.0	295.0	296.0	297.0	298.0	298.0	299.0	300.0	301.0	302.0	303.0
3209.1570681916382
