3597.000599259805	500.0	2000.0	235.88236747917267	0	0.0	3597.000599259805	1	0	tensor(3)	-1.5136358727375365
4106.292984397	1000.0	2490.707614862805	0.0	0	0.0	3597.000599259805	1	0	tensor(3)	0.7531119660029784
4662.44670553779	2000.0	2934.553893722015	0.0	0	0.0	3597.0005992598053	1	0	tensor(3)	1.7928327368428965
5442.98881106138	2000.0	3154.011788198424	0.0	0	0.0	3597.0005992598053	1	0	tensor(3)	2.4859799174028416
6200.0	2000.0	3397.000599259805	0.0	0	118.4471758147065	3597.0005992598058	1	0	tensor(3)	2.4859799174028416
7200.0	3000.0	3397.0005992598053	0.0	0	195.89621445710873	3597.000599259806	1	0	tensor(3)	2.688712471456924
8273.190497750382	3000.0	3323.8101015094235	0.0	0	0.0	3597.000599259806	1	0	tensor(3)	3.0941775795650885
9676.39495439302	3000.0	2920.6056448667864	0.0	0	0.0	3597.000599259807	1	0	tensor(3)	3.0941775795650885
10451.35092701824	3000.0	3145.649672241566	0.0	0	0.0	3597.000599259806	1	0	tensor(3)	3.0941775795650885
11200.0	2000.0	3397.0005992598053	0.0	0	326.6051780144371	3597.0005992598053	1	0	tensor(3)	2.080514809294677
12200.0	3000.0	3397.000599259804	0.0	0	111.9287444991296	3597.0005992598053	1	0	tensor(3)	2.688712471456924
13200.0	3000.0	3397.0005992598053	0.0	0	36.83809023794129	3597.0005992598053	1	0	tensor(3)	3.0941775795650885
14200.0	3000.0	3397.000599259806	0.0	0	160.22330727488952	3597.0005992598053	1	0	tensor(3)	3.0941775795650885
15200.0	3000.0	3397.0005992598058	0.0	0	265.3358579991236	3597.000599259807	1	0	tensor(3)	3.0941775795650885
16274.371512510492	3000.0	3322.6290867493162	0.0	0	0.0	3597.000599259807	1	0	tensor(3)	3.0941775795650885
17395.822841401765	3000.0	3201.177757858045	0.0	0	0.0	3597.0005992598108	1	0	tensor(3)	3.0941775795650885
18667.629850423593	3000.0	2929.3707488362184	0.0	0	0.0	3597.0005992598126	1	0	tensor(3)	3.0941775795650877
20055.711143412656	3000.0	2541.289455847153	0.0	0	0.0	3597.000599259809	1	0	tensor(3)	3.0941775795650885
20865.022680886363	2000.0	2731.9779183734454	0.0	0	0.0	3597.0005992598053	1	0	tensor(3)	2.080514809294677
21539.862168405612	2000.0	3057.1384308541938	0.0	0	0.0	3597.0005992598053	1	0	tensor(3)	2.4859799174028416
22254.259419148184	3000.0	3342.741180111618	0.0	0	0.0	3597.0005992598053	1	0	tensor(3)	2.688712471456924
23200.0	3000.0	3397.0005992598058	0.0	0	361.9419899373097	3597.0005992598053	1	0	tensor(3)	3.0941775795650885
24620.674584178792	6000.0	2976.3260150810156	0.0	0	0.0	3597.0005992598053	1	0	tensor(3)	3.4407511698450612
26323.506216889215	6000.0	2273.4943823705958	0.0	0	0.0	3597.0005992598053	1	0	tensor(3)	4.133898350405007
27666.387435419794	6000.0	1930.6131638400163	0.0	0	0.0	3597.0005992598053	1	0	tensor(3)	4.133898350405007
28975.53178886332	6000.0	1621.4688103964877	0.0	0	0.0	3597.0005992598053	1	0	tensor(3)	4.133898350405007
31378.000798521633	6000.0	218.9998007381761	0.0	0	0.0	3597.000599259809	1	0	tensor(3)	4.133898350405006
31912.322582502653	2000.0	722.8575449630453	38.1795282058913	0	0.0	3635.1801274657046	1	0	tensor(3)	1.1544725066787942
32375.113117901117	2000.0	1260.0670095645821	0.0	0	0.0	3635.180127465708	1	0	tensor(3)	2.482161964582251
32876.641743326596	2000.0	1758.5383841390994	0.0	0	0.0	3635.1801274657046	1	0	tensor(3)	2.4821619645822515
33380.29628316289	2000.0	2254.8838443028053	0.0	0	0.0	3635.180127465708	1	0	tensor(3)	2.482161964582251
33853.79950693265	3000.0	2781.3806205330393	0.0	0	0.0	3635.180127465701	1	0	tensor(3)	2.684894518636334
34806.37015278635	6000.0	2828.8099746793305	0.0	0	0.0	3635.1801274656937	1	0	tensor(3)	3.4369332170244715
35623.447316463054	6000.0	3011.732811002623	0.0	0	0.0	3635.1801274656864	1	0	tensor(3)	4.130080397584418
37160.64325713421	6000.0	2474.536870331466	0.0	0	0.0	3635.18012746569	1	0	tensor(3)	4.130080397584417
38788.36813631535	6000.0	1846.8119911503209	0.0	0	0.0	3635.18012746569	1	0	tensor(3)	4.130080397584417
39506.47196357887	3000.0	2128.7081638868012	0.0	0	0.0	3635.18012746569	1	0	tensor(3)	2.3972124461845548
40426.69624708121	3000.0	2208.483880384463	0.0	0	0.0	3635.18012746569	1	0	tensor(3)	3.0903596267445
41054.70377174685	3000.0	2580.476355718818	0.0	0	0.0	3635.18012746569	1	0	tensor(3)	3.0903596267445
41594.7736290196	3000.0	3040.4064984460733	0.0	0	0.0	3635.18012746569	1	0	tensor(3)	3.0903596267445
42688.50228435852	6000.0	2946.677843107148	0.0	0	0.0	3635.1801274656827	1	0	tensor(3)	3.4369332170244737
43561.491815928224	6000.0	3073.68831153744	0.0	0	0.0	3635.1801274656827	1	0	tensor(3)	4.130080397584418
44950.52468875723	6000.0	2684.6554387084334	0.0	0	0.0	3635.1801274656827	1	0	tensor(3)	4.130080397584418
46411.01230141462	6000.0	2224.167826051043	0.0	0	0.0	3635.1801274656755	1	0	tensor(3)	4.130080397584419
47923.54483720082	3000.0	1711.6352902648403	0.0	0	0.0	3635.1801274656755	1	0	tensor(3)	2.3972124461845565
49319.00304264574	3000.0	1316.177084819915	0.0	0	0.0	3635.1801274656755	1	0	tensor(3)	3.0903596267445015
50050.44836612923	2000.0	1584.7317613364185	0.0	0	0.0	3635.180127465668	1	0	tensor(3)	2.0766968564740904
50917.49313967907	2000.0	1717.6869877865893	0.0	0	0.0	3635.180127465668	1	0	tensor(3)	2.482161964582255
51785.01433812089	2000.0	1850.1657893447657	0.0	0	0.0	3635.180127465668	1	0	tensor(3)	2.482161964582255
52766.05621214761	2000.0	1869.1239153180466	0.0	0	0.0	3635.180127465661	1	0	tensor(3)	2.482161964582256
53381.77873384124	2000.0	2253.40139362442	0.0	0	0.0	3635.180127465661	1	0	tensor(3)	2.482161964582256
54148.95688716982	2000.0	2486.2232402958302	0.0	0	0.0	3635.180127465661	1	0	tensor(3)	2.482161964582256
54683.657765413365	2000.0	2951.522362052292	0.0	0	0.0	3635.180127465661	1	0	tensor(3)	2.482161964582256
55590.24647981026	3000.0	3044.933647655393	0.0	0	0.0	3635.180127465661	1	0	tensor(3)	2.6848945186363387
56419.6865959761	3000.0	3215.493531489553	0.0	0	0.0	3635.180127465661	1	0	tensor(3)	3.0903596267445033
57200.0	3000.0	3435.180127465653	0.0	0	112.95543438049936	3635.180127465661	1	0	tensor(3)	3.0903596267445033
58200.0	3000.0	3435.180127465652	0.0	0	294.4032112515124	3635.180127465661	1	0	tensor(3)	3.0903596267445033
59953.36596247784	6000.0	2681.814164987812	0.0	0	0.0	3635.180127465661	1	0	tensor(3)	3.436933217024476
60974.22451897194	3000.0	2660.955608493712	0.0	0	0.0	3635.180127465661	1	0	tensor(3)	2.3972124461845583
61888.08240993617	3000.0	2747.097717529481	0.0	0	0.0	3635.1801274656536	1	0	tensor(3)	3.0903596267445037
63368.087282472174	3000.0	2267.0928449934786	0.0	0	0.0	3635.1801274656536	1	0	tensor(3)	3.0903596267445037
64050.54347700894	2000.0	2584.6366504567113	0.0	0	0.0	3635.1801274656536	1	0	tensor(3)	2.076696856474092
64897.693965628874	2000.0	2737.4861618367863	0.0	0	0.0	3635.180127465661	1	0	tensor(3)	2.482161964582256
65722.98417449869	2000.0	2912.1959529669616	0.0	0	0.0	3635.180127465661	1	0	tensor(3)	2.482161964582256
66262.50873900657	2000.0	3372.6713884590927	0.0	0	0.0	3635.1801274656827	1	0	tensor(3)	2.482161964582255
67598.96822288609	3000.0	3036.211904579575	0.0	0	0.0	3635.18012746569	1	0	tensor(3)	2.6848945186363355
68377.92796371682	2000.0	3257.25216374884	0.0	0	0.0	3635.1801274656827	1	0	tensor(3)	2.07669685647409
69200.0	2000.0	3435.180127465644	0.0	0	161.92941553548735	3635.180127465661	1	0	tensor(3)	2.4821619645822555
70200.0	3000.0	3435.1801274656564	0.0	0	223.06343629432376	3635.180127465661	1	0	tensor(3)	2.6848945186363387
71353.55731477616	3000.0	3281.622812689491	0.0	0	0.0	3635.1801274656464	1	0	tensor(3)	3.0903596267445046
72200.0	3000.0	3435.180127465658	0.0	0	75.3002215034794	3635.1801274656464	1	0	tensor(3)	3.0903596267445046
73200.0	3000.0	3435.1801274656764	0.0	0	214.40752775673172	3635.1801274656464	1	0	tensor(3)	3.0903596267445046
74200.0	3000.0	3435.1801274656937	0.0	0	293.7578170927882	3635.1801274656464	1	0	tensor(3)	3.0903596267445046
76444.97619531369	6000.0	2190.203932151994	0.0	0	0.0	3635.1801274656464	1	0	tensor(3)	3.436933217024477
77379.74777581301	3000.0	2255.432351652676	0.0	0	0.0	3635.1801274656464	1	0	tensor(3)	2.397212446184559
78794.7831265165	3000.0	1840.3970009491932	0.0	0	0.0	3635.180127465632	1	0	tensor(3)	3.090359626744506
79540.30125706615	2000.0	2094.878870399528	0.0	0	0.0	3635.180127465632	1	0	tensor(3)	2.0766968564740944
80283.35725821665	2000.0	2351.8228692490293	0.0	0	0.0	3635.180127465632	1	0	tensor(3)	2.482161964582259
81055.86712176239	2000.0	2579.3130057032954	0.0	0	0.0	3635.180127465632	1	0	tensor(3)	2.482161964582259
81523.53738036881	2000.0	3111.6427470968747	0.0	0	0.0	3635.180127465632	1	0	tensor(3)	2.482161964582259
82200.0	2000.0	3435.1801274657123	0.0	0	224.5078233701497	3635.1801274656464	1	0	tensor(3)	2.4821619645822572
83200.0	3000.0	3435.1801274657146	0.0	0	438.94854308018694	3635.1801274656464	1	0	tensor(3)	2.68489451863634
84216.3294094884	6000.0	3418.8507179773237	0.0	0	0.0	3635.1801274656464	1	0	tensor(3)	3.436933217024477
85369.48463789508	6000.0	3265.695489570644	0.0	0	0.0	3635.1801274656464	1	0	tensor(3)	4.130080397584422
87981.75760315981	6000.0	1653.422524305905	0.0	0	0.0	3635.180127465632	1	0	tensor(3)	4.130080397584424
89177.86615359355	3000.0	1457.3139738721434	0.0	0	0.0	3635.1801274656173	1	0	tensor(3)	2.3972124461845623
90678.52967801753	3000.0	956.6504494481921	0.0	0	0.0	3635.180127465632	1	0	tensor(3)	3.090359626744506
91218.0943601606	2000.0	1417.0857673051273	0.0	0	0.0	3635.180127465632	1	0	tensor(3)	2.0766968564740944
91775.99526771388	2000.0	1859.1848597518388	0.0	0	0.0	3635.180127465632	1	0	tensor(3)	2.482161964582259
92165.35434143092	2000.0	2469.825786034789	0.0	0	0.0	3635.180127465632	1	0	tensor(3)	2.482161964582259
93530.81746917444	3000.0	2104.36265829128	0.0	0	0.0	3635.1801274656173	1	0	tensor(3)	2.6848945186363427
94699.53746055516	2000.0	1935.6426669105404	0.0	0	0.0	3635.1801274656173	1	0	tensor(3)	2.0766968564740957
95996.32298223364	2000.0	1638.8571452320498	0.0	0	0.0	3635.1801274656173	1	0	tensor(3)	2.4821619645822603
97013.11507631227	2000.0	1622.0650511534077	0.0	0	0.0	3635.1801274656173	1	0	tensor(3)	2.4821619645822603
97530.08335407502	2000.0	2105.0967733906573	0.0	0	0.0	3635.1801274656173	1	0	tensor(3)	2.4821619645822603
98129.37728446981	2000.0	2505.802842995865	0.0	0	0.0	3635.1801274656173	1	0	tensor(3)	2.4821619645822603
98776.08775124769	2000.0	2859.0923762180005	0.0	0	0.0	3635.180127465632	1	0	tensor(3)	2.482161964582259
99328.78903680298	2000.0	3306.391090662727	0.0	0	0.0	3635.180127465632	1	0	tensor(3)	2.482161964582259
100200.0	3000.0	3435.1801274657078	0.0	0	129.9432359871571	3635.180127465632	1	0	tensor(3)	2.6848945186363413
101502.85718140415	3000.0	3132.3229460615594	0.0	0	0.0	3635.180127465632	1	0	tensor(3)	3.090359626744506
102492.29711232148	2000.0	3142.88301514423	0.0	0	0.0	3635.180127465632	1	0	tensor(3)	2.0766968564740944
103704.0983256508	2000.0	2931.0818018148984	0.0	0	0.0	3635.180127465632	1	0	tensor(3)	2.482161964582259
104420.16808213807	2000.0	3215.01204532762	0.0	0	0.0	3635.180127465632	1	0	tensor(3)	2.482161964582259
105200.0	2000.0	3435.180127465672	0.0	0	47.04025215630827	3635.180127465632	1	0	tensor(3)	2.482161964582259
106200.0	2000.0	3435.180127465653	0.0	0	567.2600227386138	3635.180127465632	1	0	tensor(3)	2.482161964582259
107200.0	3000.0	3435.1801274656527	0.0	0	290.9271820081631	3635.1801274656173	1	0	tensor(3)	2.6848945186363427
109169.0223321013	6000.0	2466.1577953643346	0.0	0	0.0	3635.1801274656027	1	0	tensor(3)	3.4369332170244813
110190.39938263416	3000.0	2444.7807448314766	0.0	0	0.0	3635.1801274656027	1	0	tensor(3)	2.3972124461845636
110680.79692579235	3000.0	2954.383201673282	0.0	0	0.0	3635.1801274656027	1	0	tensor(3)	3.090359626744509
111511.0331375725	3000.0	3124.146989893137	0.0	0	0.0	3635.1801274656027	1	0	tensor(3)	3.090359626744509
112819.72277557269	3000.0	2815.457351892949	0.0	0	0.0	3635.1801274656027	1	0	tensor(3)	3.090359626744509
113818.51156577335	3000.0	2816.6685616922787	0.0	0	0.0	3635.1801274656027	1	0	tensor(3)	3.090359626744509
114424.62628727223	3000.0	3210.553840193396	0.0	0	0.0	3635.1801274656027	1	0	tensor(3)	3.090359626744509
115250.70728732175	3000.0	3384.4728401438847	0.0	0	0.0	3635.1801274656027	1	0	tensor(3)	3.090359626744509
118151.741096755	6000.0	1483.439030710661	0.0	0	0.0	3635.1801274656027	1	0	tensor(3)	3.4369332170244813
119796.73593697292	3000.0	838.444190492726	0.0	0	0.0	3635.1801274656027	1	0	tensor(3)	2.3972124461845636
120641.86614542601	2000.0	993.3139820396161	0.0	0	0.0	3635.1801274656027	1	0	tensor(3)	2.076696856474097
121210.67748579568	2000.0	1424.5026416699602	0.0	0	0.0	3635.1801274656027	1	0	tensor(3)	2.4821619645822617
122309.0534972359	2000.0	1326.1266302297422	0.0	0	0.0	3635.1801274656173	1	0	tensor(3)	2.4821619645822603
123000.39646067798	2000.0	1634.783666787679	0.0	0	0.0	3635.1801274656173	1	0	tensor(3)	2.4821619645822603
124098.5259300837	2000.0	1536.6541973819426	0.0	0	0.0	3635.1801274656173	1	0	tensor(3)	2.4821619645822603
124851.83885913462	2000.0	1783.3412683310396	0.0	0	0.0	3635.1801274656173	1	0	tensor(3)	2.4821619645822603
125480.03713514746	2000.0	2155.1429923182113	0.0	0	0.0	3635.180127465632	1	0	tensor(3)	2.482161964582259
125969.3408929162	2000.0	2665.8392345494635	0.0	0	0.0	3635.180127465632	1	0	tensor(3)	2.482161964582259
126603.01792703982	2000.0	3032.1622004258275	0.0	0	0.0	3635.1801274656173	1	0	tensor(3)	2.4821619645822603
127442.00529961754	2000.0	3193.174827848101	0.0	0	0.0	3635.1801274656173	1	0	tensor(3)	2.4821619645822603
128397.28281944255	2000.0	3237.897308023086	0.0	0	0.0	3635.1801274656173	1	0	tensor(3)	2.4821619645822603
129449.15457232797	2000.0	3186.0255551376713	0.0	0	0.0	3635.1801274656173	1	0	tensor(3)	2.4821619645822603
130557.0616793573	2000.0	3078.1184481083455	0.0	0	0.0	3635.180127465632	1	0	tensor(3)	2.482161964582259
131406.30531891744	2000.0	3228.874808548219	0.0	0	0.0	3635.180127465632	1	0	tensor(3)	2.4821619645822595
132200.0	2000.0	3435.1801274656427	0.0	0	164.76337394770235	3635.1801274656173	1	0	tensor(3)	2.4821619645822595
133200.0	2000.0	3435.180127465656	0.0	0	642.7532175997621	3635.180127465632	1	0	tensor(3)	2.48216196458226
134200.0	3000.0	3435.180127465661	0.0	0	426.63683518310427	3635.180127465632	1	0	tensor(3)	2.68489451863634
135200.0	3000.0	3435.1801274656527	0.0	0	378.0444522652251	3635.180127465632	1	0	tensor(3)	3.090359626744506
136363.20132685985	6000.0	3271.9788006057847	0.0	0	0.0	3635.1801274656027	1	0	tensor(3)	3.4369332170244813
138221.34635343682	6000.0	2413.8337740288634	0.0	0	0.0	3635.180127465632	1	0	tensor(3)	4.130080397584424
139394.3453193008	3000.0	2240.83480816488	0.0	0	0.0	3635.180127465632	1	0	tensor(3)	2.397212446184561
140392.4693809514	3000.0	2242.7107465143226	0.0	0	0.0	3635.180127465632	1	0	tensor(3)	3.090359626744506
141195.8599678772	3000.0	2439.320159588518	0.0	0	0.0	3635.180127465632	1	0	tensor(3)	3.090359626744506
141809.1968506145	2000.0	2825.9832768512033	0.0	0	0.0	3635.180127465632	1	0	tensor(3)	2.0766968564740944
142738.98079561198	3000.0	2896.199331853724	0.0	0	0.0	3635.180127465632	1	0	tensor(3)	2.6848945186363413
143427.10329598928	3000.0	3208.0768314764227	0.0	0	0.0	3635.180127465632	1	0	tensor(3)	3.090359626744506
144691.28724034684	3000.0	2943.8928871188905	0.0	0	0.0	3635.180127465632	1	0	tensor(3)	3.090359626744506
145591.3726241823	3000.0	3043.8075032834363	0.0	0	0.0	3635.180127465632	1	0	tensor(3)	3.090359626744506
146731.15564945515	3000.0	2904.024478010566	0.0	0	0.0	3635.180127465632	1	0	tensor(3)	3.090359626744506
147478.54026434923	3000.0	3156.639863116483	0.0	0	0.0	3635.180127465632	1	0	tensor(3)	3.090359626744506
148226.30872048953	3000.0	3408.8714069762095	0.0	0	0.0	3635.180127465632	1	0	tensor(3)	3.090359626744506
149200.0	3000.0	3435.180127465734	0.0	0	278.2547553225304	3635.180127465661	1	0	tensor(3)	3.0903596267445033
150200.0	3000.0	3435.180127465721	0.0	0	254.04060467905947	3635.180127465632	1	0	tensor(3)	3.090359626744506
151200.0	3000.0	3435.180127465689	0.0	0	243.07029144337866	3635.180127465632	1	0	tensor(3)	3.090359626744506
154144.7902023399	6000.0	1490.3899251258251	0.0	0	0.0	3635.180127465661	1	0	tensor(3)	3.436933217024476
154991.28513023505	3000.0	1643.894997230648	0.0	0	0.0	3635.180127465661	1	0	tensor(3)	2.3972124461845583
155748.26202710852	3000.0	1886.9181003571832	0.0	0	0.0	3635.18012746569	1	0	tensor(3)	3.0903596267445
156688.7248204003	3000.0	1946.4553070654053	0.0	0	0.0	3635.180127465719	1	0	tensor(3)	3.0903596267444975
158230.1367532126	3000.0	1405.0433742530943	0.0	0	0.0	3635.180127465719	1	0	tensor(3)	3.090359626744497
159023.8151762953	2000.0	1611.3649511704054	0.0	0	0.0	3635.180127465719	1	0	tensor(3)	2.0766968564740855
159646.229285244	2000.0	1988.950842221719	0.0	0	0.0	3635.180127465719	1	0	tensor(3)	2.48216196458225
160090.73410359694	2000.0	2544.4460238687584	0.0	0	0.0	3635.180127465719	1	0	tensor(3)	2.48216196458225
161033.6780533633	3000.0	2601.502074102376	0.0	0	0.0	3635.180127465719	1	0	tensor(3)	2.6848945186363324
162163.8190333525	3000.0	2471.3610941131815	0.0	0	0.0	3635.180127465719	1	0	tensor(3)	3.090359626744497
162971.11118302756	2000.0	2664.0689444381355	0.0	0	0.0	3635.18012746569	1	0	tensor(3)	2.0766968564740886
163672.9113673641	3000.0	2962.2687601015655	0.0	0	0.0	3635.18012746569	1	0	tensor(3)	2.6848945186363355
164414.70549542626	3000.0	3220.4746320394515	0.0	0	0.0	3635.18012746569	1	0	tensor(3)	3.0903596267445
165464.09698180258	3000.0	3171.0831456631317	0.0	0	0.0	3635.180127465719	1	0	tensor(3)	3.090359626744497
166703.45738288105	3000.0	2931.7227445846397	0.0	0	0.0	3635.180127465719	1	0	tensor(3)	3.090359626744497
167933.62339223587	3000.0	2701.556735229825	0.0	0	0.0	3635.180127465719	1	0	tensor(3)	3.090359626744497
168658.2930011491	2000.0	2976.8871263165784	0.0	0	0.0	3635.180127465719	1	0	tensor(3)	2.0766968564740855
169531.96835558268	3000.0	3103.2117718829827	0.0	0	0.0	3635.180127465719	1	0	tensor(3)	2.6848945186363324
170507.8411025308	3000.0	3127.3390249348263	0.0	0	0.0	3635.180127465719	1	0	tensor(3)	3.090359626744497
171393.42438776873	3000.0	3241.7557396969105	0.0	0	0.0	3635.180127465719	1	0	tensor(3)	3.090359626744497
172680.08587209834	6000.0	2955.0942553673276	0.0	0	0.0	3635.1801274657482	1	0	tensor(3)	3.4369332170244675
174358.78178666998	6000.0	2276.398340795684	0.0	0	0.0	3635.1801274657482	1	0	tensor(3)	4.130080397584412
176321.930175239	6000.0	1313.24995222669	0.0	0	0.0	3635.1801274657482	1	0	tensor(3)	4.130080397584412
177870.8507629109	6000.0	764.3293645547648	0.0	0	0.0	3635.1801274657482	1	0	tensor(3)	4.130080397584411
179693.77325687974	6000.0	200.0	258.5931294140797	0	0.0	3893.7732568798237	1	0	tensor(3)	2.5658290804614285
180236.52441212203	2000.0	726.3068796775053	69.05803491982559	0	0.0	3962.8312917996373	1	0	tensor(3)	0.9364363499617954
180784.82163857718	2000.0	1178.0096532223306	0.0	0	0.0	3962.831291799608	1	0	tensor(3)	2.449396848148861
181415.68724907373	2000.0	1547.1440427257437	0.0	0	0.0	3962.831291799608	1	0	tensor(3)	2.449396848148861
181944.6573524717	2000.0	2018.1739393278096	0.0	0	0.0	3962.831291799608	1	0	tensor(3)	2.449396848148861
182303.5405571666	2000.0	2659.290734632913	0.0	0	0.0	3962.831291799608	1	0	tensor(3)	2.44939684814886
182706.10926515266	3000.0	3256.722026646864	0.0	0	0.0	3962.831291799608	1	0	tensor(3)	2.652129402202944
183700.04181475865	6000.0	3262.7894770408584	0.0	0	0.0	3962.831291799608	1	0	tensor(3)	3.404168100591081
184563.17799441784	6000.0	3399.653297381669	0.0	0	0.0	3962.831291799608	1	0	tensor(3)	4.097315281151026
186094.4931368579	6000.0	2868.338154941639	0.0	0	0.0	3962.831291799608	1	0	tensor(3)	4.097315281151026
188041.70521828422	6000.0	1921.1260735152894	0.0	0	0.0	3962.831291799579	1	0	tensor(3)	4.097315281151029
189116.92777680248	3000.0	1845.9035149970439	0.0	0	0.0	3962.831291799579	1	0	tensor(3)	2.364447329751166
190062.27709041358	3000.0	1900.5542013859335	0.0	0	0.0	3962.831291799579	1	0	tensor(3)	3.0575945103111115
190662.74700859067	3000.0	2300.084283208824	0.0	0	0.0	3962.831291799579	1	0	tensor(3)	3.0575945103111115
191184.1352674403	3000.0	2778.6960243592057	0.0	0	0.0	3962.831291799579	1	0	tensor(3)	3.0575945103111115
192173.5577214049	6000.0	2789.2735703946014	0.0	0	0.0	3962.831291799579	1	0	tensor(3)	3.4041681005910838
193171.24558537416	6000.0	2791.5857064253323	0.0	0	0.0	3962.83129179955	1	0	tensor(3)	4.097315281151031
194112.61653168284	6000.0	2850.2147601166134	0.0	0	0.0	3962.831291799521	1	0	tensor(3)	4.097315281151034
196171.2137166493	6000.0	1791.61757515018	0.0	0	0.0	3962.83129179955	1	0	tensor(3)	4.097315281151031
197247.16657555607	3000.0	1715.6647162433999	0.0	0	0.0	3962.83129179955	1	0	tensor(3)	2.3644473297511692
197955.05307816784	2000.0	2007.7782136316296	0.0	0	0.0	3962.831291799521	1	0	tensor(3)	2.0439317400407053
198580.21594892623	2000.0	2382.6153428732487	0.0	0	0.0	3962.831291799521	1	0	tensor(3)	2.44939684814887
199058.9489426112	2000.0	2903.8823491883036	0.0	0	0.0	3962.831291799521	1	0	tensor(3)	2.44939684814887
200132.67524440127	2000.0	2830.1560473982067	0.0	0	0.0	3962.8312917994917	1	0	tensor(3)	2.449396848148873
201074.13433940968	2000.0	2888.696952389757	0.0	0	0.0	3962.8312917994626	1	0	tensor(3)	2.4493968481488757
201848.67996522223	2000.0	3114.1513265771728	0.0	0	0.0	3962.8312917994335	1	0	tensor(3)	2.449396848148879
202420.2836287099	2000.0	3542.547663089507	0.0	0	0.0	3962.8312917994335	1	0	tensor(3)	2.4493968481488793
203200.0	2000.0	3762.8312917994194	0.0	0	39.999909895297606	3962.8312917994335	1	0	tensor(3)	2.449396848148879
204200.0	3000.0	3762.8312917994363	0.0	0	132.6877653132833	3962.8312917994335	1	0	tensor(3)	2.652129402202961
205200.0	3000.0	3762.8312917994467	0.0	0	371.9385876785673	3962.8312917994335	1	0	tensor(3)	3.0575945103111257
206200.0	3000.0	3762.831291799444	0.0	0	211.84955860918853	3962.8312917994044	1	0	tensor(3)	3.0575945103111284
208009.93218836104	6000.0	2952.8991034384376	0.0	0	0.0	3962.8312917994335	1	0	tensor(3)	3.4041681005910984
208700.84522520666	3000.0	3261.9860665928086	0.0	0	0.0	3962.8312917994626	1	0	tensor(3)	2.364447329751178
210624.8350651771	6000.0	2337.9962266224034	0.0	0	0.0	3962.8312917994917	1	0	tensor(3)	3.4041681005910926
211642.9964097189	3000.0	2319.834882080542	0.0	0	0.0	3962.8312917994917	1	0	tensor(3)	2.364447329751175
212446.78103403686	2000.0	2516.050257762581	0.0	0	0.0	3962.8312917994626	1	0	tensor(3)	2.043931740040711
213703.95870387452	3000.0	2258.8725879249414	0.0	0	0.0	3962.8312917994917	1	0	tensor(3)	2.6521294022029567
214538.7123357962	2000.0	2424.1189560032926	0.0	0	0.0	3962.831291799521	1	0	tensor(3)	2.0439317400407067
215198.64685954317	2000.0	2764.184432256341	0.0	0	0.0	3962.8312917994917	1	0	tensor(3)	2.449396848148873
216298.86819373094	2000.0	2663.9630980685624	0.0	0	0.0	3962.831291799521	1	0	tensor(3)	2.449396848148872
217079.61574378063	2000.0	2883.2155480188817	0.0	0	0.0	3962.8312917994917	1	0	tensor(3)	2.449396848148873
217824.6584183198	2000.0	3138.1728734797016	0.0	0	0.0	3962.8312917994917	1	0	tensor(3)	2.449396848148873
218343.45240340914	2000.0	3619.378888390371	0.0	0	0.0	3962.8312917994917	1	0	tensor(3)	2.449396848148873
219200.0	3000.0	3762.8312917995286	0.0	0	55.77527189467219	3962.8312917994917	1	0	tensor(3)	2.652129402202956
220306.44982586397	3000.0	3656.3814659355476	0.0	0	0.0	3962.8312917994917	1	0	tensor(3)	3.0575945103111204
221200.0	3000.0	3762.8312917995254	0.0	0	114.79859405572643	3962.8312917994917	1	0	tensor(3)	3.0575945103111204
222200.0	3000.0	3762.831291799531	0.0	0	453.7365505016933	3962.8312917994917	1	0	tensor(3)	3.0575945103111204
223200.0	3000.0	3762.8312917994976	0.0	0	416.51118574579596	3962.8312917994917	1	0	tensor(3)	3.0575945103111204
225977.16580349757	6000.0	1985.6654883019257	0.0	0	0.0	3962.8312917994626	1	0	tensor(3)	3.4041681005910958
227595.786973905	3000.0	1367.0443178944874	0.0	0	0.0	3962.8312917994626	1	0	tensor(3)	2.364447329751178
228449.7161010444	2000.0	1513.1151907550575	0.0	0	0.0	3962.8312917994917	1	0	tensor(3)	2.0439317400407084
229260.27390655325	2000.0	1702.557385246223	0.0	0	0.0	3962.8312917994917	1	0	tensor(3)	2.449396848148873
229944.90375600508	2000.0	2017.9275357943598	0.0	0	0.0	3962.8312917994917	1	0	tensor(3)	2.449396848148873
230421.90764391772	2000.0	2540.923647881729	0.0	0	0.0	3962.8312917994917	1	0	tensor(3)	2.449396848148873
230952.2582307126	2000.0	3010.573061086788	0.0	0	0.0	3962.8312917994626	1	0	tensor(3)	2.4493968481488757
231518.2553198065	3000.0	3444.5759719929174	0.0	0	0.0	3962.8312917994626	1	0	tensor(3)	2.6521294022029585
232508.59028092196	6000.0	3454.241010877436	0.0	0	0.0	3962.8312917994335	1	0	tensor(3)	3.4041681005910984
233229.5182762392	6000.0	3733.3130155602103	0.0	0	0.0	3962.8312917994626	1	0	tensor(3)	4.09731528115104
234332.0505147577	6000.0	3630.780777041694	0.0	0	0.0	3962.8312917994626	1	0	tensor(3)	4.09731528115104
237030.15081551136	6000.0	1932.6804762880363	0.0	0	0.0	3962.8312917994626	1	0	tensor(3)	4.097315281151041
237880.22806396044	3000.0	2082.603227838953	0.0	0	0.0	3962.8312917994626	1	0	tensor(3)	2.364447329751178
238828.33681265006	3000.0	2134.494479149305	0.0	0	0.0	3962.8312917994626	1	0	tensor(3)	3.057594510311123
239509.7274394223	2000.0	2453.103852377072	0.0	0	0.0	3962.8312917994917	1	0	tensor(3)	2.0439317400407084
240235.5284690112	2000.0	2727.302822788192	0.0	0	0.0	3962.8312917994626	1	0	tensor(3)	2.4493968481488735
240641.54954388327	2000.0	3321.2817479160904	0.0	0	0.0	3962.8312917994626	1	0	tensor(3)	2.4493968481488757
241235.2059681705	2000.0	3727.625323628837	0.0	0	0.0	3962.8312917994626	1	0	tensor(3)	2.4493968481488757
243022.40747174324	3000.0	2940.423820056083	0.0	0	0.0	3962.8312917994626	1	0	tensor(3)	2.6521294022029585
243932.46502375914	2000.0	3030.3662680401944	0.0	0	0.0	3962.8312917994626	1	0	tensor(3)	2.043931740040711
245388.00208177662	2000.0	2574.8292100226877	0.0	0	0.0	3962.8312917994626	1	0	tensor(3)	2.4493968481488757
246186.920760782	2000.0	2775.910531017313	0.0	0	0.0	3962.8312917994917	1	0	tensor(3)	2.449396848148873
246805.539649774	2000.0	3157.29164202531	0.0	0	0.0	3962.8312917994917	1	0	tensor(3)	2.449396848148873
247273.21249057018	2000.0	3689.61880122917	0.0	0	0.0	3962.8312917994917	1	0	tensor(3)	2.449396848148873
248200.0	3000.0	3762.8312917993653	0.0	0	203.4936719443649	3962.8312917994917	1	0	tensor(3)	2.652129402202956
249223.43603779547	3000.0	3739.395254003925	0.0	0	0.0	3962.831291799521	1	0	tensor(3)	3.057594510311117
250855.71879743336	3000.0	3107.112494366055	0.0	0	0.0	3962.83129179955	1	0	tensor(3)	3.0575945103111155
251864.6679765672	2000.0	3098.163315232217	0.0	0	0.0	3962.83129179955	1	0	tensor(3)	2.043931740040702
252573.95852332693	2000.0	3388.872768472489	0.0	0	0.0	3962.83129179955	1	0	tensor(3)	2.449396848148867
253501.01965331184	2000.0	3461.8116384875493	0.0	0	0.0	3962.83129179955	1	0	tensor(3)	2.449396848148867
254200.0	2000.0	3762.8312917994103	0.0	0	3.200915589404758	3962.83129179955	1	0	tensor(3)	2.449396848148867
255200.0	2000.0	3762.8312917993935	0.0	0	565.5768497338286	3962.83129179955	1	0	tensor(3)	2.449396848148867
256200.0	3000.0	3762.8312917994144	0.0	0	452.08991660171887	3962.83129179955	1	0	tensor(3)	2.6521294022029496
258311.45825009598	6000.0	2651.3730417034526	0.0	0	0.0	3962.83129179955	1	0	tensor(3)	3.404168100591087
259312.64676454107	3000.0	2650.184527258343	0.0	0	0.0	3962.83129179955	1	0	tensor(3)	2.3644473297511692
259836.20813864085	3000.0	3126.6231531585454	0.0	0	0.0	3962.83129179955	1	0	tensor(3)	3.057594510311114
260776.6912795522	3000.0	3186.140012247192	0.0	0	0.0	3962.831291799521	1	0	tensor(3)	3.057594510311117
261816.56779330905	3000.0	3146.2634984903652	0.0	0	0.0	3962.831291799521	1	0	tensor(3)	3.057594510311117
262693.73462375643	3000.0	3269.096668042949	0.0	0	0.0	3962.8312917994917	1	0	tensor(3)	3.0575945103111204
263330.7065530616	3000.0	3632.124738737806	0.0	0	0.0	3962.83129179955	1	0	tensor(3)	3.0575945103111173
264200.0	3000.0	3762.8312917994404	0.0	0	329.51387997035636	3962.831291799579	1	0	tensor(3)	3.0575945103111115
267234.4162104482	6000.0	1728.4150813512217	0.0	0	0.0	3962.83129179955	1	0	tensor(3)	3.404168100591085
268622.46988992766	3000.0	1340.3614018718308	0.0	0	0.0	3962.831291799608	1	0	tensor(3)	2.3644473297511643
269721.1668638942	3000.0	1241.6644279052448	0.0	0	0.0	3962.831291799608	1	0	tensor(3)	3.0575945103111084
270808.47162313346	2000.0	1154.3596686659262	0.0	0	0.0	3962.83129179955	1	0	tensor(3)	2.043931740040702
272033.63403358054	2000.0	929.1972582187932	0.0	0	0.0	3962.83129179955	1	0	tensor(3)	2.449396848148867
272915.7978511793	2000.0	1047.0334406200038	0.0	0	0.0	3962.83129179955	1	0	tensor(3)	2.449396848148867
273692.97587633156	2000.0	1269.855415467761	0.0	0	0.0	3962.831291799608	1	0	tensor(3)	2.449396848148861
274487.95663112064	2000.0	1474.8746606786437	0.0	0	0.0	3962.831291799608	1	0	tensor(3)	2.449396848148861
275391.6734388146	2000.0	1571.1578529847181	0.0	0	0.0	3962.831291799608	1	0	tensor(3)	2.449396848148861
276427.1459898009	2000.0	1535.6853019984046	0.0	0	0.0	3962.831291799608	1	0	tensor(3)	2.449396848148861
277618.4564871573	2000.0	1344.374804641998	0.0	0	0.0	3962.83129179955	1	0	tensor(3)	2.4493968481488646
278599.94530978444	2000.0	1362.8859820149137	0.0	0	0.0	3962.83129179955	1	0	tensor(3)	2.449396848148867
279706.9281527619	2000.0	1255.9031390374598	0.0	0	0.0	3962.83129179955	1	0	tensor(3)	2.449396848148867
280627.3926663361	2000.0	1335.4386254633193	0.0	0	0.0	3962.83129179955	1	0	tensor(3)	2.449396848148867
281205.98134280375	2000.0	1756.8499489956514	0.0	0	0.0	3962.8312917994917	1	0	tensor(3)	2.449396848148873
281674.0219053056	2000.0	2288.809386493755	0.0	0	0.0	3962.8312917994917	1	0	tensor(3)	2.449396848148873
282211.1584220574	2000.0	2751.6728697420212	0.0	0	0.0	3962.8312917994335	1	0	tensor(3)	2.449396848148879
282993.86021443584	3000.0	2968.9710773635275	0.0	0	0.0	3962.8312917993753	1	0	tensor(3)	2.6521294022029664
283720.3802127869	3000.0	3242.4510790124787	0.0	0	0.0	3962.8312917993753	1	0	tensor(3)	3.057594510311131
285134.51390713383	6000.0	2828.317384665561	0.0	0	0.0	3962.8312917993753	1	0	tensor(3)	3.4041681005911046
286137.84201035317	6000.0	2824.98928144626	0.0	0	0.0	3962.8312917993753	1	0	tensor(3)	4.097315281151049
288479.7109459752	6000.0	1483.1203458242587	0.0	0	0.0	3962.831291799317	1	0	tensor(3)	4.0973152811510545
289388.6965270698	2000.0	1574.134764729688	0.0	0	0.0	3962.831291799259	1	0	tensor(3)	1.3507845594807866
289902.5405366304	2000.0	2060.290755169106	0.0	0	0.0	3962.8312917992007	1	0	tensor(3)	2.449396848148902
290531.3508866397	2000.0	2431.4804051597853	0.0	0	0.0	3962.8312917991425	1	0	tensor(3)	2.4493968481489077
291024.7252384986	2000.0	2938.1060533008886	0.0	0	0.0	3962.8312917991425	1	0	tensor(3)	2.4493968481489077
291768.4260384384	3000.0	3194.405253360999	0.0	0	0.0	3962.8312917991425	1	0	tensor(3)	2.65212940220299
292720.37601825455	3000.0	3242.4552735448888	0.0	0	0.0	3962.8312917991425	1	0	tensor(3)	3.0575945103111546
293930.0139095211	3000.0	3032.8173822782564	0.0	0	0.0	3962.8312917991425	1	0	tensor(3)	3.0575945103111546
294825.6735474605	3000.0	3137.157744338832	0.0	0	0.0	3962.8312917991425	1	0	tensor(3)	3.0575945103111546
295884.5792403243	3000.0	3078.2520514750818	0.0	0	0.0	3962.8312917991425	1	0	tensor(3)	3.0575945103111546
297050.64210547187	3000.0	2912.18918632759	0.0	0	0.0	3962.8312917991425	1	0	tensor(3)	3.0575945103111546
297839.4238464528	3000.0	3123.407445346644	0.0	0	0.0	3962.8312917991425	1	0	tensor(3)	3.0575945103111546
298563.3058152022	3000.0	3399.5254765973423	0.0	0	0.0	3962.8312917992007	1	0	tensor(3)	3.057594510311149
299200.0	3000.0	3762.8312917995504	0.0	0	14.260135611344595	3962.831291799259	1	0	tensor(3)	3.0575945103111435
300200.0	3000.0	3762.8312917995286	0.0	0	461.67290382180363	3962.831291799259	1	0	tensor(3)	3.0575945103111435
2.7	3.15	4.0	3.82	3.27	2.02	3.29	3.82	3.02	3.51	3.35	3.5	2.91	3.07	3.29	2.3	3.29	3.43	4.46	5.71	6.44	4.26	3.57	4.26	4.99	5.53	2.75	3.07	3.32	4.69	5.9	6.93	6.01	3.42	2.65	3.92	3.68	4.39	5.05	4.81	5.85	5.46	2.84	2.75	2.68	2.61	3.46	1.95	2.58	2.88	3.3	3.43	3.74	4.78	4.84	3.5	4.03	3.8	3.29	2.31	3.12	3.15	2.97	2.25	3.15	3.66	3.63	2.44	3.8	4.91	5.47	2.93	2.76	2.91	2.51	1.74	2.55	3.23	4.39	5.27	6.72	6.44	2.29	2.76	2.25	3.29	2.27	3.26	4.49	2.61	1.81	2.06	1.67	2.46	3.41	3.51	3.3	2.71	2.17	1.96	2.35	3.24	4.9	5.64	2.86	2.44	3.67	4.84	3.37	2.78	3.96	5.2	4.95	1.54	1.53	1.92	3.06	2.92	2.06	2.32	2.49	2.54	3.17	2.66	1.98	1.51	2.2	2.35	3.35	4.62	4.41	4.91	5.14	4.7	3.15	2.97	2.27	3.54	4.12	4.71	3.16	3.2	3.07	3.17	3.68	3.58	4.63	4.65	0.98	1.73	2.7	3.15	4.0	3.82	3.27	2.02	3.29	3.82	3.02	3.51	3.35	3.5	2.91	3.07	3.29	2.3	3.29	3.43	4.46	5.71	6.44	4.26	3.57	4.26	4.99	5.53	2.75	3.07	3.32	4.69	5.9	6.93	6.01	3.42	2.65	3.92	3.68	4.39	5.05	4.81	5.85	5.46	2.84	2.75	2.68	2.61	3.46	1.95	2.58	2.88	3.3	3.43	3.74	4.78	4.84	3.5	4.03	3.8	3.29	2.31	3.12	3.15	2.97	2.25	3.15	3.66	3.63	2.44	3.8	4.91	5.47	2.93	2.76	2.91	2.51	1.74	2.55	3.23	4.39	5.27	6.72	6.44	2.29	2.76	2.25	3.29	2.27	3.26	4.49	2.61	1.81	2.06	1.67	2.46	3.41	3.51	3.3	2.71	2.17	1.96	2.35	3.24	4.9	5.64	2.86	2.44	3.67	4.84	3.37	2.78	3.96	5.2	4.95	1.54	1.53	1.92	3.06	2.92	2.06	2.32	2.49	2.54	3.17	2.66	1.98	1.51	2.2	2.35	3.35	4.62	4.41	4.91	5.14	4.7	3.15	2.97	2.27	3.54	4.12	4.71	3.16	3.2	3.07	3.17	3.68	3.58	4.63	4.65	0.98	1.73	2.7	3.15	4.0
1.0	2.0	3.0	4.0	5.0	6.0	7.0	8.0	9.0	10.0	11.0	12.0	13.0	14.0	15.0	16.0	17.0	18.0	19.0	20.0	21.0	22.0	23.0	24.0	25.0	26.0	27.0	28.0	29.0	30.0	31.0	32.0	33.0	34.0	35.0	36.0	37.0	38.0	39.0	40.0	41.0	42.0	43.0	44.0	45.0	46.0	47.0	48.0	49.0	50.0	51.0	52.0	53.0	54.0	55.0	56.0	57.0	58.0	59.0	60.0	61.0	62.0	63.0	64.0	65.0	66.0	67.0	68.0	69.0	70.0	71.0	72.0	73.0	74.0	75.0	76.0	77.0	78.0	79.0	80.0	81.0	82.0	83.0	84.0	85.0	86.0	87.0	88.0	89.0	90.0	91.0	92.0	93.0	94.0	95.0	96.0	97.0	98.0	99.0	100.0	101.0	102.0	103.0	104.0	105.0	106.0	107.0	108.0	109.0	110.0	111.0	112.0	113.0	114.0	115.0	116.0	117.0	118.0	119.0	120.0	121.0	122.0	123.0	124.0	125.0	126.0	127.0	128.0	129.0	130.0	131.0	132.0	133.0	134.0	135.0	136.0	137.0	138.0	139.0	140.0	141.0	142.0	143.0	144.0	145.0	146.0	147.0	148.0	149.0	149.0	150.0	151.0	152.0	153.0	154.0	155.0	156.0	157.0	158.0	159.0	160.0	161.0	162.0	163.0	164.0	165.0	166.0	167.0	168.0	169.0	170.0	171.0	172.0	173.0	174.0	175.0	176.0	177.0	178.0	179.0	180.0	181.0	182.0	183.0	184.0	185.0	186.0	187.0	188.0	189.0	190.0	191.0	192.0	193.0	194.0	195.0	196.0	197.0	198.0	199.0	200.0	201.0	202.0	203.0	204.0	205.0	206.0	207.0	208.0	209.0	210.0	211.0	212.0	213.0	214.0	215.0	216.0	217.0	218.0	219.0	220.0	221.0	222.0	223.0	224.0	225.0	226.0	227.0	228.0	229.0	230.0	231.0	232.0	233.0	234.0	235.0	236.0	237.0	238.0	239.0	240.0	241.0	242.0	243.0	244.0	245.0	246.0	247.0	248.0	249.0	250.0	251.0	252.0	253.0	254.0	255.0	256.0	257.0	258.0	259.0	260.0	261.0	262.0	263.0	264.0	265.0	266.0	267.0	268.0	269.0	270.0	271.0	272.0	273.0	274.0	275.0	276.0	277.0	278.0	279.0	280.0	281.0	282.0	283.0	284.0	285.0	286.0	287.0	288.0	289.0	290.0	291.0	292.0	293.0	294.0	295.0	296.0	297.0	298.0	298.0	299.0	300.0	301.0
3211.914513515345
