3654.490782659505	300.0	2000.0	216.7154828462138	0	0.0	3654.490782659505	1	0	tensor(3)	-1.6611162136696829
3853.938920719655	300.0	2800.55186193985	0.0	0	0.0	3654.4907826595054	1	0	tensor(3)	-0.3654490782659506
4809.952841681784	2000.0	2844.5379409777206	0.0	0	0.0	3654.4907826595054	1	0	tensor(3)	0.5831109141769903
6102.651283181291	2000.0	2551.8394994782125	0.0	0	0.0	3654.4907826595045	1	0	tensor(3)	2.4802308990628714
6779.318704770077	1000.0	2875.1720778894246	0.0	0	0.0	3654.490782659503	1	0	tensor(3)	0.7473629476630086
7916.751106618295	2000.0	2737.7396760412066	0.0	0	0.0	3654.4907826595036	1	0	tensor(3)	1.7870837185029267
9203.483728789717	2000.0	2451.007053869787	0.0	0	0.0	3654.4907826595054	1	0	tensor(3)	2.480230899062872
10115.255581769952	1000.0	2539.2352008895527	0.0	0	0.0	3654.490782659507	1	0	tensor(3)	0.7473629476630086
10749.543770534396	1000.0	2904.9470121251097	0.0	0	0.0	3654.490782659508	1	0	tensor(3)	1.4405101282229533
11951.319567607052	2000.0	2703.1712150524518	0.0	0	0.0	3654.4907826595063	1	0	tensor(3)	1.787083718502926
13155.505418553155	2000.0	2498.9853641063473	0.0	0	0.0	3654.4907826595063	1	0	tensor(3)	2.4802308990628714
14758.685402740357	2000.0	1895.8053799191457	0.0	0	0.0	3654.4907826595063	1	0	tensor(3)	2.4802308990628714
15859.033103613361	2000.0	1795.4576790461417	0.0	0	0.0	3654.490782659508	1	0	tensor(3)	2.4802308990628714
16583.560789242292	1000.0	2070.9299934172077	0.0	0	0.0	3654.4907826595045	1	0	tensor(3)	0.7473629476630086
18437.72169205237	2000.0	1216.7690906071293	0.0	0	0.0	3654.4907826595045	1	0	tensor(3)	1.7870837185029265
19103.51377276065	1000.0	1550.9770098988479	0.0	0	0.0	3654.490782659501	1	0	tensor(3)	0.7473629476630088
19485.29289225333	1000.0	2169.197890406169	0.0	0	0.0	3654.490782659501	1	0	tensor(3)	1.4405101282229542
20404.969022336445	2000.0	2249.521760323057	0.0	0	0.0	3654.490782659501	1	0	tensor(3)	1.7870837185029267
22325.130781634594	2000.0	1329.360001024907	0.0	0	0.0	3654.490782659497	1	0	tensor(3)	2.4802308990628723
23082.78151170999	1000.0	1571.7092709495157	0.0	0	0.0	3654.490782659497	1	0	tensor(3)	0.7473629476630095
23894.64832998791	1000.0	1759.8424526715978	0.0	0	0.0	3654.490782659497	1	0	tensor(3)	1.4405101282229547
25157.62337867291	1000.0	1496.867403986595	0.0	0	0.0	3654.4907826594936	1	0	tensor(3)	1.4405101282229547
25873.36445232429	1000.0	1781.1263303352164	0.0	0	0.0	3654.4907826594936	1	0	tensor(3)	1.4405101282229549
26710.601571024086	1000.0	1943.8892116354182	0.0	0	0.0	3654.49078265949	1	0	tensor(3)	1.4405101282229555
27604.867029247172	1000.0	2049.6237534123356	0.0	0	0.0	3654.49078265949	1	0	tensor(3)	1.4405101282229555
28298.158814824466	1000.0	2356.331967835042	0.0	0	0.0	3654.49078265949	1	0	tensor(3)	1.4405101282229555
29398.504328568706	1000.0	2255.986454090801	0.0	0	0.0	3654.4907826594863	1	0	tensor(3)	1.4405101282229558
30102.887607020275	1000.0	2551.6031756392345	0.0	0	0.0	3654.49078265949	1	0	tensor(3)	1.4405101282229555
30873.262630660443	1000.0	2781.2281519990674	0.0	0	0.0	3654.4907826594863	1	0	tensor(3)	1.4405101282229558
31328.03188144641	1000.0	3326.4589012131014	0.0	0	0.0	3654.4907826594863	1	0	tensor(3)	1.4405101282229558
32932.09948134709	2000.0	2722.3913013124234	0.0	0	0.0	3654.4907826594863	1	0	tensor(3)	1.7870837185029282
33757.25502010815	1000.0	2897.2357625513655	0.0	0	0.0	3654.4907826594826	1	0	tensor(3)	0.7473629476630106
34969.64900024277	1000.0	2684.841782416748	0.0	0	0.0	3654.4907826594863	1	0	tensor(3)	1.440510128222956
36091.658868618746	1000.0	2562.8319140407743	0.0	0	0.0	3654.4907826594936	1	0	tensor(3)	1.4405101282229553
37142.18563984702	1000.0	2512.3051428125027	0.0	0	0.0	3654.4907826594936	1	0	tensor(3)	1.4405101282229549
38073.66009500538	1000.0	2580.830687654133	0.0	0	0.0	3654.4907826594936	1	0	tensor(3)	1.4405101282229549
38953.38255428057	1000.0	2701.1082283789437	0.0	0	0.0	3654.4907826594936	1	0	tensor(3)	1.4405101282229549
39566.831972452004	1000.0	3087.658810207511	0.0	0	0.0	3654.4907826594936	1	0	tensor(3)	1.4405101282229549
41048.87638766648	2000.0	2605.614394993035	0.0	0	0.0	3654.4907826594936	1	0	tensor(3)	1.7870837185029276
43452.5293443977	2000.0	1201.9614382618208	0.0	0	0.0	3654.4907826594936	1	0	tensor(3)	2.4802308990628728
43935.42183886265	1000.0	1719.0689437968742	0.0	0	0.0	3654.4907826594936	1	0	tensor(3)	0.7473629476630097
44549.71086410083	1000.0	2104.7799185586855	0.0	0	0.0	3654.4907826594936	1	0	tensor(3)	1.4405101282229549
45456.50684910128	2000.0	2197.9839335582383	0.0	0	0.0	3654.4907826594936	1	0	tensor(3)	1.7870837185029276
46410.59207060863	2000.0	2243.8987120508805	0.0	0	0.0	3654.4907826594936	1	0	tensor(3)	2.4802308990628728
47790.77919799245	2000.0	1863.7115846670624	0.0	0	0.0	3654.490782659501	1	0	tensor(3)	2.480230899062872
48698.81208561677	1000.0	1955.6786970427383	0.0	0	0.0	3654.490782659501	1	0	tensor(3)	0.7473629476630091
49568.55290378941	1000.0	2085.937878870098	0.0	0	0.0	3654.490782659501	1	0	tensor(3)	1.4405101282229542
50471.30783004614	2000.0	2183.182952613355	0.0	0	0.0	3654.490782659501	1	0	tensor(3)	1.7870837185029267
51230.56711092778	1000.0	2423.923671731707	0.0	0	0.0	3654.4907826594936	1	0	tensor(3)	0.7473629476630097
52278.865668697326	1000.0	2375.6251139621577	0.0	0	0.0	3654.4907826594936	1	0	tensor(3)	1.4405101282229549
52836.39366103108	1000.0	2818.097121628401	0.0	0	0.0	3654.4907826594936	1	0	tensor(3)	1.4405101282229549
54880.336247886844	2000.0	1774.1545347726365	0.0	0	0.0	3654.4907826594936	1	0	tensor(3)	1.7870837185029276
55714.80480890504	1000.0	1939.6859737544355	0.0	0	0.0	3654.4907826594936	1	0	tensor(3)	0.7473629476630097
56261.07509627134	1000.0	2393.4156863881376	0.0	0	0.0	3654.4907826594936	1	0	tensor(3)	1.4405101282229549
57185.73476945063	1000.0	2468.7560132088493	0.0	0	0.0	3654.4907826594936	1	0	tensor(3)	1.4405101282229549
58024.346242430765	1000.0	2630.144540228708	0.0	0	0.0	3654.4907826594936	1	0	tensor(3)	1.4405101282229549
58741.55147878416	1000.0	2912.9393038753115	0.0	0	0.0	3654.4907826594936	1	0	tensor(3)	1.4405101282229549
59334.21029901051	1000.0	3320.280483648952	0.0	0	0.0	3654.4907826594936	1	0	tensor(3)	1.4405101282229549
61088.57794063117	2000.0	2565.9128420282977	0.0	0	0.0	3654.4907826594936	1	0	tensor(3)	1.7870837185029276
62437.88784932401	1000.0	2216.6029333354545	0.0	0	0.0	3654.4907826594936	1	0	tensor(3)	0.7473629476630097
63119.56891627547	1000.0	2534.9218663839943	0.0	0	0.0	3654.4907826594936	1	0	tensor(3)	1.4405101282229549
63677.952434467006	1000.0	2976.538348192462	0.0	0	0.0	3654.4907826594936	1	0	tensor(3)	1.4405101282229549
64503.739411943854	1000.0	3150.7513707156186	0.0	0	0.0	3654.4907826594863	1	0	tensor(3)	1.4405101282229558
65203.88955265763	1000.0	3450.601230001839	0.0	0	0.0	3654.4907826594863	1	0	tensor(3)	1.4405101282229558
66200.0	1000.0	3454.490782659478	0.0	0	444.53791501076194	3654.4907826594863	1	0	tensor(3)	1.4405101282229558
67397.6941643934	2000.0	3256.7966182660703	0.0	0	0.0	3654.4907826594717	1	0	tensor(3)	1.787083718502929
68997.61503732219	2000.0	2656.87574533727	0.0	0	0.0	3654.4907826594717	1	0	tensor(3)	2.4802308990628745
70144.95081825646	2000.0	2509.5399644029853	0.0	0	0.0	3654.490782659457	1	0	tensor(3)	2.4802308990628763
71576.29183844636	2000.0	2078.1989442130907	0.0	0	0.0	3654.4907826594717	1	0	tensor(3)	2.480230899062875
72834.93849281673	2000.0	1819.5522898427184	0.0	0	0.0	3654.4907826594717	1	0	tensor(3)	2.480230899062875
73391.9146108111	1000.0	2262.5761718483354	0.0	0	0.0	3654.4907826594717	1	0	tensor(3)	0.7473629476630119
74223.81573956566	1000.0	2430.6750430937755	0.0	0	0.0	3654.4907826594717	1	0	tensor(3)	1.440510128222957
74911.2926217176	1000.0	2743.1981609418417	0.0	0	0.0	3654.4907826594717	1	0	tensor(3)	1.440510128222957
75576.37454278319	1000.0	3078.1162398762576	0.0	0	0.0	3654.4907826594717	1	0	tensor(3)	1.440510128222957
76357.17891569171	1000.0	3297.3118669677315	0.0	0	0.0	3654.490782659457	1	0	tensor(3)	1.4405101282229584
77752.3556003181	2000.0	2902.1351823413456	0.0	0	0.0	3654.490782659457	1	0	tensor(3)	1.7870837185029311
78948.82226015213	2000.0	2705.6685225073065	0.0	0	0.0	3654.490782659457	1	0	tensor(3)	2.4802308990628763
79607.0798147792	1000.0	3047.4109678802324	0.0	0	0.0	3654.490782659457	1	0	tensor(3)	0.7473629476630133
81523.05732067348	2000.0	2131.4334619859587	0.0	0	0.0	3654.490782659457	1	0	tensor(3)	1.7870837185029311
82161.78746887107	1000.0	2492.7033137883777	0.0	0	0.0	3654.490782659457	1	0	tensor(3)	0.7473629476630133
82963.84545651791	1000.0	2690.645326141554	0.0	0	0.0	3654.490782659457	1	0	tensor(3)	1.4405101282229584
84205.37097459595	1000.0	2449.119808063504	0.0	0	0.0	3654.4907826594426	1	0	tensor(3)	1.44051012822296
84992.83429755908	1000.0	2661.6564851003586	0.0	0	0.0	3654.490782659428	1	0	tensor(3)	1.4405101282229615
85932.146383943	1000.0	2722.344398716437	0.0	0	0.0	3654.490782659428	1	0	tensor(3)	1.4405101282229615
86685.37225338249	1000.0	2969.1185292769474	0.0	0	0.0	3654.490782659428	1	0	tensor(3)	1.4405101282229615
87595.22335146171	1000.0	3059.2674311977303	0.0	0	0.0	3654.4907826594135	1	0	tensor(3)	1.4405101282229629
88419.52648569643	1000.0	3234.964296963004	0.0	0	0.0	3654.4907826594135	1	0	tensor(3)	1.4405101282229629
90160.29049539055	2000.0	2494.2002872688754	0.0	0	0.0	3654.490782659399	1	0	tensor(3)	1.787083718502937
90820.16360244287	1000.0	2834.3271802165455	0.0	0	0.0	3654.490782659399	1	0	tensor(3)	0.7473629476630191
91671.37710378203	2000.0	2983.113678877395	0.0	0	0.0	3654.490782659399	1	0	tensor(3)	1.787083718502937
92686.16818309613	2000.0	2968.3225995632874	0.0	0	0.0	3654.490782659399	1	0	tensor(3)	2.480230899062882
93684.39420469293	1000.0	2970.096577966495	0.0	0	0.0	3654.4907826593844	1	0	tensor(3)	0.7473629476630208
94820.6209586595	1000.0	2833.8698239999203	0.0	0	0.0	3654.4907826593844	1	0	tensor(3)	1.440510128222966
96023.69705826632	1000.0	2630.793724393102	0.0	0	0.0	3654.4907826593844	1	0	tensor(3)	1.440510128222966
96896.47715293855	1000.0	2758.0136297208705	0.0	0	0.0	3654.4907826593844	1	0	tensor(3)	1.440510128222966
97939.61160276819	1000.0	2714.879179891236	0.0	0	0.0	3654.4907826593844	1	0	tensor(3)	1.440510128222966
99262.4193116635	1000.0	2392.0714709959166	0.0	0	0.0	3654.4907826593844	1	0	tensor(3)	1.440510128222966
99973.26611579592	1000.0	2681.2246668634907	0.0	0	0.0	3654.4907826593844	1	0	tensor(3)	1.440510128222966
100460.07345378445	1000.0	3194.417328874957	0.0	0	0.0	3654.490782659399	1	0	tensor(3)	1.4405101282229644
101232.49543018737	2000.0	3421.9953524720413	0.0	0	0.0	3654.4907826593844	1	0	tensor(3)	1.7870837185029385
102200.0	2000.0	3454.4907826594185	0.0	0	21.986027591163293	3654.4907826593844	1	0	tensor(3)	2.4802308990628834
103932.57266068147	2000.0	2721.91812197794	0.0	0	0.0	3654.4907826593844	1	0	tensor(3)	2.4802308990628834
105135.71998160207	1000.0	2518.770801057357	0.0	0	0.0	3654.4907826593844	1	0	tensor(3)	0.7473629476630208
105850.23212855739	1000.0	2804.2586541020564	0.0	0	0.0	3654.4907826593844	1	0	tensor(3)	1.440510128222966
106358.348846043	1000.0	3296.141936616441	0.0	0	0.0	3654.4907826593844	1	0	tensor(3)	1.440510128222966
107200.0	2000.0	3454.490782659434	0.0	0	87.37296723743202	3654.4907826593844	1	0	tensor(3)	1.7870837185029385
108200.0	2000.0	3454.490782659443	0.0	0	312.3969200017309	3654.4907826593844	1	0	tensor(3)	2.4802308990628834
110703.78064559202	3000.0	1950.7101370674404	0.0	0	0.0	3654.4907826593844	1	0	tensor(3)	2.682963453116966
111929.6963274888	2000.0	1724.794455170673	0.0	0	0.0	3654.49078265937	1	0	tensor(3)	2.0747657909547206
113474.34871577162	2000.0	1180.1420668878418	0.0	0	0.0	3654.49078265937	1	0	tensor(3)	2.480230899062885
114188.18273436998	1000.0	1466.308048289476	0.0	0	0.0	3654.49078265937	1	0	tensor(3)	0.7473629476630221
114780.35715423986	1000.0	1874.1336284195993	0.0	0	0.0	3654.4907826593553	1	0	tensor(3)	1.4405101282229689
115493.57231414442	1000.0	2160.918468515042	0.0	0	0.0	3654.49078265937	1	0	tensor(3)	1.4405101282229673
116347.03781852637	1000.0	2307.452964133081	0.0	0	0.0	3654.49078265937	1	0	tensor(3)	1.4405101282229673
117263.82550954045	1000.0	2390.6652731190065	0.0	0	0.0	3654.4907826593844	1	0	tensor(3)	1.440510128222966
117859.7996070351	1000.0	2794.6911756243444	0.0	0	0.0	3654.4907826593844	1	0	tensor(3)	1.440510128222966
119046.43806559041	2000.0	2608.052717069016	0.0	0	0.0	3654.4907826593844	1	0	tensor(3)	1.7870837185029385
120755.7016761707	2000.0	1898.7891064887256	0.0	0	0.0	3654.4907826593844	1	0	tensor(3)	2.4802308990628834
121850.19318434566	1000.0	1804.2975983137817	0.0	0	0.0	3654.4907826593844	1	0	tensor(3)	0.7473629476630208
122939.00439161224	1000.0	1715.4863910472018	0.0	0	0.0	3654.490782659399	1	0	tensor(3)	1.4405101282229644
123589.8225286565	1000.0	2064.668254002934	0.0	0	0.0	3654.490782659399	1	0	tensor(3)	1.4405101282229644
124414.04231471848	1000.0	2240.4484679409625	0.0	0	0.0	3654.490782659399	1	0	tensor(3)	1.4405101282229644
125199.57724119638	1000.0	2454.913541463056	0.0	0	0.0	3654.4907826594135	1	0	tensor(3)	1.4405101282229629
126425.04435772671	1000.0	2229.446424932712	0.0	0	0.0	3654.4907826594135	1	0	tensor(3)	1.4405101282229629
126931.63494891346	1000.0	2722.855833745973	0.0	0	0.0	3654.490782659428	1	0	tensor(3)	1.4405101282229615
127581.52420383478	1000.0	3072.9665788246643	0.0	0	0.0	3654.490782659428	1	0	tensor(3)	1.4405101282229615
128256.8390748399	1000.0	3397.6517078195616	0.0	0	0.0	3654.4907826594426	1	0	tensor(3)	1.4405101282229604
129477.75524453043	2000.0	3176.7355381290354	0.0	0	0.0	3654.4907826594426	1	0	tensor(3)	1.7870837185029327
130789.5901463586	2000.0	2864.9006363008666	0.0	0	0.0	3654.4907826594426	1	0	tensor(3)	2.480230899062878
131682.72837600825	2000.0	2971.7624066512703	0.0	0	0.0	3654.490782659501	1	0	tensor(3)	2.480230899062875
132675.41773802915	2000.0	2979.0730446303432	0.0	0	0.0	3654.4907826594717	1	0	tensor(3)	2.4802308990628745
133541.24082509588	2000.0	3113.249957563647	0.0	0	0.0	3654.4907826595154	1	0	tensor(3)	2.480230899062873
134804.19523449073	2000.0	2850.295548168802	0.0	0	0.0	3654.490782659501	1	0	tensor(3)	2.480230899062871
135676.79913665503	2000.0	2977.6916460044818	0.0	0	0.0	3654.490782659501	1	0	tensor(3)	2.480230899062872
136386.22869724836	2000.0	3268.2620854111633	0.0	0	0.0	3654.4907826594717	1	0	tensor(3)	2.480230899062875
137331.42455022127	3000.0	3323.066232438253	0.0	0	0.0	3654.4907826594717	1	0	tensor(3)	2.6829634531169573
139680.0891212163	3000.0	1974.401661443244	0.0	0	0.0	3654.490782659501	1	0	tensor(3)	3.0884285612251188
140948.44133610668	2000.0	1706.0494465528507	0.0	0	0.0	3654.490782659501	1	0	tensor(3)	2.0747657909547073
141510.80516554735	1000.0	2143.685617112166	0.0	0	0.0	3654.490782659501	1	0	tensor(3)	0.7473629476630091
142284.28106102534	1000.0	2370.209721634212	0.0	0	0.0	3654.490782659501	1	0	tensor(3)	1.4405101282229542
142848.86654828693	1000.0	2805.624234372655	0.0	0	0.0	3654.490782659501	1	0	tensor(3)	1.4405101282229542
143995.43198014918	2000.0	2659.0588025103834	0.0	0	0.0	3654.4907826594717	1	0	tensor(3)	1.7870837185029298
144633.02614469625	1000.0	3021.46463796332	0.0	0	0.0	3654.4907826594717	1	0	tensor(3)	0.7473629476630119
146057.23092294444	2000.0	2597.2598597151127	0.0	0	0.0	3654.4907826594717	1	0	tensor(3)	1.7870837185029298
147064.8853231556	2000.0	2589.6054595039504	0.0	0	0.0	3654.4907826594717	1	0	tensor(3)	2.480230899062875
148629.29329947708	2000.0	2025.197483182488	0.0	0	0.0	3654.4907826594717	1	0	tensor(3)	2.480230899062875
149307.2013116568	1000.0	2347.289471002782	0.0	0	0.0	3654.490782659501	1	0	tensor(3)	0.7473629476630091
150004.02746373366	2000.0	2650.4633189259207	0.0	0	0.0	3654.490782659501	1	0	tensor(3)	1.7870837185029267
150890.50907785143	2000.0	2763.9817048081286	0.0	0	0.0	3654.4907826594717	1	0	tensor(3)	2.480230899062875
152067.88348950847	2000.0	2586.607293151087	0.0	0	0.0	3654.4907826594717	1	0	tensor(3)	2.480230899062875
153179.89151450776	2000.0	2474.5992681517873	0.0	0	0.0	3654.4907826594717	1	0	tensor(3)	2.480230899062875
153920.9189942795	2000.0	2733.571788380055	0.0	0	0.0	3654.4907826594426	1	0	tensor(3)	2.480230899062878
155098.0154130597	2000.0	2556.4753695998274	0.0	0	0.0	3654.4907826594135	1	0	tensor(3)	2.4802308990628807
156307.1028080759	2000.0	2347.38797458364	0.0	0	0.0	3654.4907826594135	1	0	tensor(3)	2.4802308990628807
158006.65844839226	2000.0	1647.8323342672702	0.0	0	0.0	3654.4907826594135	1	0	tensor(3)	2.4802308990628807
158739.91067925206	1000.0	1914.58010340744	0.0	0	0.0	3654.4907826594135	1	0	tensor(3)	0.7473629476630177
159536.5700374249	1000.0	2117.920745234591	0.0	0	0.0	3654.4907826593844	1	0	tensor(3)	1.4405101282229653
159953.31673998132	1000.0	2701.174042678206	0.0	0	0.0	3654.4907826593844	1	0	tensor(3)	1.440510128222966
160719.8227039174	2000.0	2934.668078742146	0.0	0	0.0	3654.4907826593553	1	0	tensor(3)	1.7870837185029413
161726.04142137643	2000.0	2928.449361283094	0.0	0	0.0	3654.4907826593553	1	0	tensor(3)	2.4802308990628865
162892.27837551318	2000.0	2762.2124071463354	0.0	0	0.0	3654.4907826593553	1	0	tensor(3)	2.4802308990628865
163910.51302782167	2000.0	2743.9777548378825	0.0	0	0.0	3654.4907826593844	1	0	tensor(3)	2.4802308990628834
165619.09494985623	2000.0	2035.3958328033357	0.0	0	0.0	3654.4907826593844	1	0	tensor(3)	2.4802308990628834
167164.2297648852	2000.0	1490.2610177743293	0.0	0	0.0	3654.4907826593844	1	0	tensor(3)	2.4802308990628834
167823.18500640057	1000.0	1831.3057762589583	0.0	0	0.0	3654.4907826593844	1	0	tensor(3)	0.7473629476630208
168278.8221928895	1000.0	2375.6685897700227	0.0	0	0.0	3654.4907826593844	1	0	tensor(3)	1.440510128222966
169006.87281847346	2000.0	2647.6179641860267	0.0	0	0.0	3654.4907826593844	1	0	tensor(3)	1.7870837185029385
169836.14723363146	2000.0	2818.3435490280126	0.0	0	0.0	3654.4907826594135	1	0	tensor(3)	2.4802308990628807
171499.8751172968	2000.0	2154.6156653626977	0.0	0	0.0	3654.4907826593844	1	0	tensor(3)	2.4802308990628834
173440.85397896863	2000.0	1213.6368036908152	0.0	0	0.0	3654.4907826593844	1	0	tensor(3)	2.4802308990628834
174344.84589714976	1000.0	1309.6448855096878	0.0	0	0.0	3654.4907826593844	1	0	tensor(3)	0.7473629476630208
175226.53222660295	1000.0	1427.9585560564765	0.0	0	0.0	3654.4907826593553	1	0	tensor(3)	1.4405101282229689
175858.69069694355	1000.0	1795.8000857158943	0.0	0	0.0	3654.4907826593553	1	0	tensor(3)	1.4405101282229689
176493.90009196562	1000.0	2160.5906906938276	0.0	0	0.0	3654.4907826593553	1	0	tensor(3)	1.4405101282229689
177289.68483540908	1000.0	2364.8059472503505	0.0	0	0.0	3654.490782659326	1	0	tensor(3)	1.4405101282229693
178444.95072481906	1000.0	2209.540057840368	0.0	0	0.0	3654.490782659326	1	0	tensor(3)	1.4405101282229715
179290.84218802807	1000.0	2363.6485946313774	0.0	0	0.0	3654.490782659326	1	0	tensor(3)	1.4405101282229715
180074.8291638989	1000.0	2579.661618760559	0.0	0	0.0	3654.490782659326	1	0	tensor(3)	1.4405101282229715
180804.79429756547	1000.0	2849.6964850939694	0.0	0	0.0	3654.490782659297	1	0	tensor(3)	1.4405101282229746
181831.35706146676	2000.0	2823.1337211926716	0.0	0	0.0	3654.490782659297	1	0	tensor(3)	1.7870837185029473
182856.94011546776	1000.0	2797.5506671916532	0.0	0	0.0	3654.490782659326	1	0	tensor(3)	0.7473629476630264
183878.058850799	1000.0	2776.4319318603993	0.0	0	0.0	3654.490782659326	1	0	tensor(3)	1.4405101282229715
185312.34122811514	1000.0	2342.1495545442585	0.0	0	0.0	3654.490782659326	1	0	tensor(3)	1.4405101282229715
185929.81124267558	1000.0	2724.679539983774	0.0	0	0.0	3654.490782659326	1	0	tensor(3)	1.4405101282229715
186551.75236468264	1000.0	3102.7384179767237	0.0	0	0.0	3654.490782659326	1	0	tensor(3)	1.4405101282229715
187219.92690345636	1000.0	3434.563879203023	0.0	0	0.0	3654.4907826593553	1	0	tensor(3)	1.4405101282229689
188200.0	1000.0	3454.490782659395	0.0	0	144.9148644717934	3654.4907826593553	1	0	tensor(3)	1.4405101282229689
189516.31182071537	2000.0	3138.178961944013	0.0	0	0.0	3654.4907826593844	1	0	tensor(3)	1.7870837185029385
191845.69635591953	2000.0	1808.7944267398389	0.0	0	0.0	3654.4907826593553	1	0	tensor(3)	2.4802308990628865
192761.23463645746	1000.0	1893.2561462018873	0.0	0	0.0	3654.4907826593553	1	0	tensor(3)	0.7473629476630236
193446.36908099827	1000.0	2208.1217016611135	0.0	0	0.0	3654.4907826593553	1	0	tensor(3)	1.4405101282229689
194494.79421358695	2000.0	2159.6965690724064	0.0	0	0.0	3654.490782659297	1	0	tensor(3)	1.7870837185029456
195370.8066241	2000.0	2283.6841585593843	0.0	0	0.0	3654.4907826593553	1	0	tensor(3)	2.4802308990628883
196303.9849228889	2000.0	2350.5058597704833	0.0	0	0.0	3654.4907826593553	1	0	tensor(3)	2.4802308990628865
197390.6257032497	2000.0	2263.8650794096807	0.0	0	0.0	3654.4907826593844	1	0	tensor(3)	2.4802308990628834
198329.8354788737	1000.0	2324.655303785697	0.0	0	0.0	3654.4907826593844	1	0	tensor(3)	0.7473629476630208
199565.74946550818	2000.0	2088.741317151209	0.0	0	0.0	3654.4907826594135	1	0	tensor(3)	1.7870837185029371
200305.45158378858	1000.0	2349.0391988708034	0.0	0	0.0	3654.4907826594135	1	0	tensor(3)	0.7473629476630177
201366.2365792498	1000.0	2288.25420340961	0.0	0	0.0	3654.4907826594135	1	0	tensor(3)	1.4405101282229646
202465.01719499682	2000.0	2189.473587662614	0.0	0	0.0	3654.4907826594135	1	0	tensor(3)	1.7870837185029356
203221.7977178268	1000.0	2432.6930648326756	0.0	0	0.0	3654.4907826594135	1	0	tensor(3)	0.7473629476630177
203882.2167287921	1000.0	2772.2740538673725	0.0	0	0.0	3654.4907826594135	1	0	tensor(3)	1.4405101282229629
204653.55995609277	1000.0	3000.930826566711	0.0	0	0.0	3654.4907826594135	1	0	tensor(3)	1.4405101282229629
206203.87436103442	2000.0	2450.6164216250677	0.0	0	0.0	3654.4907826594135	1	0	tensor(3)	1.7870837185029356
207133.48282365038	1000.0	2521.0079590091073	0.0	0	0.0	3654.4907826594426	1	0	tensor(3)	0.7473629476630147
207888.33321140395	1000.0	2766.1575712555205	0.0	0	0.0	3654.4907826594426	1	0	tensor(3)	1.44051012822296
208645.8593788581	1000.0	3008.631403801378	0.0	0	0.0	3654.4907826594717	1	0	tensor(3)	1.440510128222957
209689.21593870246	1000.0	2965.2748439570214	0.0	0	0.0	3654.490782659501	1	0	tensor(3)	1.4405101282229564
211326.19121437683	1000.0	2328.299568282676	0.0	0	0.0	3654.4907826594717	1	0	tensor(3)	1.440510128222957
212057.7157966524	1000.0	2596.774986007135	0.0	0	0.0	3654.490782659501	1	0	tensor(3)	1.4405101282229542
212855.8007680417	1000.0	2798.6900146178405	0.0	0	0.0	3654.49078265953	1	0	tensor(3)	1.4405101282229513
213619.75755720603	1000.0	3034.733225453489	0.0	0	0.0	3654.490782659501	1	0	tensor(3)	1.4405101282229538
214307.20030041854	1000.0	3347.2904822409705	0.0	0	0.0	3654.490782659501	1	0	tensor(3)	1.4405101282229564
215200.0	2000.0	3454.4907826594836	0.0	0	203.34144577453844	3654.4907826594717	1	0	tensor(3)	1.7870837185029298
216200.0	2000.0	3454.4907826594895	0.0	0	158.68169803969795	3654.4907826594717	1	0	tensor(3)	2.480230899062875
217200.0	2000.0	3454.490782659497	0.0	0	130.73585175024346	3654.490782659501	1	0	tensor(3)	2.480230899062872
218807.68205106293	2000.0	2846.808731596572	0.0	0	0.0	3654.490782659501	1	0	tensor(3)	2.480230899062872
219924.95615815424	2000.0	2729.534624505276	0.0	0	0.0	3654.490782659501	1	0	tensor(3)	2.480230899062872
221285.90915032072	2000.0	2368.5816323387908	0.0	0	0.0	3654.4907826594717	1	0	tensor(3)	2.480230899062875
222168.00233332397	2000.0	2486.488449335539	0.0	0	0.0	3654.4907826594717	1	0	tensor(3)	2.480230899062875
223555.03828613865	2000.0	2099.4524965208507	0.0	0	0.0	3654.4907826594426	1	0	tensor(3)	2.480230899062878
224421.68555112748	1000.0	2232.805231531994	0.0	0	0.0	3654.4907826594135	1	0	tensor(3)	0.7473629476630177
225242.0762415589	1000.0	2412.414541100547	0.0	0	0.0	3654.4907826594135	1	0	tensor(3)	1.4405101282229629
225805.3286298435	1000.0	2849.1621528159403	0.0	0	0.0	3654.4907826594426	1	0	tensor(3)	1.44051012822296
226539.22122328036	1000.0	3115.2695593790977	0.0	0	0.0	3654.4907826594426	1	0	tensor(3)	1.44051012822296
227656.0437075651	2000.0	2998.4470750943797	0.0	0	0.0	3654.4907826594426	1	0	tensor(3)	1.7870837185029327
228373.21555872064	1000.0	3281.275223938839	0.0	0	0.0	3654.4907826594717	1	0	tensor(3)	0.7473629476630136
229726.52428742047	2000.0	2927.966495239043	0.0	0	0.0	3654.4907826594717	1	0	tensor(3)	1.7870837185029298
230767.34417271253	1000.0	2887.1466099469676	0.0	0	0.0	3654.4907826594426	1	0	tensor(3)	0.7473629476630147
231726.7000366452	1000.0	2927.7907460143138	0.0	0	0.0	3654.4907826594426	1	0	tensor(3)	1.44051012822296
233037.4091215583	1000.0	2617.08166110124	0.0	0	0.0	3654.4907826594426	1	0	tensor(3)	1.44051012822296
233865.70698888172	1000.0	2788.783793777835	0.0	0	0.0	3654.4907826594426	1	0	tensor(3)	1.44051012822296
234572.84493540492	1000.0	3081.645847254618	0.0	0	0.0	3654.4907826594717	1	0	tensor(3)	1.440510128222957
235200.0	1000.0	3454.4907826595336	0.0	0	74.40327308644191	3654.4907826594717	1	0	tensor(3)	1.440510128222957
236200.0	1000.0	3454.490782659534	0.0	0	46.186792748689186	3654.4907826594426	1	0	tensor(3)	1.44051012822296
237461.29270775503	1000.0	3193.1980749045374	0.0	0	0.0	3654.490782659501	1	0	tensor(3)	1.440510128222956
238620.82965497772	2000.0	3033.6611276818403	0.0	0	0.0	3654.4907826594426	1	0	tensor(3)	1.7870837185029318
239837.5273667548	2000.0	2816.963415904741	0.0	0	0.0	3654.4907826594717	1	0	tensor(3)	2.480230899062875
240915.30836752863	2000.0	2739.18241513092	0.0	0	0.0	3654.4907826594717	1	0	tensor(3)	2.480230899062875
243019.35844557293	2000.0	1635.1323370866187	0.0	0	0.0	3654.49078265953	1	0	tensor(3)	2.4802308990628705
243950.64098813426	1000.0	1703.849794525301	0.0	0	0.0	3654.490782659559	1	0	tensor(3)	0.747362947663003
244998.7319464383	1000.0	1655.7588362212603	0.0	0	0.0	3654.49078265953	1	0	tensor(3)	1.4405101282229513
245818.85564942416	1000.0	1835.635133235405	0.0	0	0.0	3654.49078265953	1	0	tensor(3)	1.4405101282229513
246678.90997766796	1000.0	1975.580804991607	0.0	0	0.0	3654.49078265953	1	0	tensor(3)	1.4405101282229527
247749.1510231719	1000.0	1905.3397594876365	0.0	0	0.0	3654.49078265953	1	0	tensor(3)	1.4405101282229513
248594.24963166125	1000.0	2060.2411509982526	0.0	0	0.0	3654.49078265953	1	0	tensor(3)	1.4405101282229513
249394.6495430691	1000.0	2259.841239590409	0.0	0	0.0	3654.49078265953	1	0	tensor(3)	1.4405101282229513
250195.40169671664	2000.0	2459.089085942866	0.0	0	0.0	3654.49078265953	1	0	tensor(3)	1.7870837185029238
251044.30497705797	2000.0	2610.1858056015776	0.0	0	0.0	3654.490782659559	1	0	tensor(3)	2.4802308990628665
252451.86115307602	2000.0	2202.6296295835346	0.0	0	0.0	3654.49078265953	1	0	tensor(3)	2.4802308990628674
253712.2250446992	1000.0	1942.2657379603518	0.0	0	0.0	3654.490782659559	1	0	tensor(3)	0.7473629476630043
254493.69946633154	1000.0	2160.7913163280186	0.0	0	0.0	3654.490782659559	1	0	tensor(3)	1.4405101282229482
255263.95669135705	1000.0	2390.534091302483	0.0	0	0.0	3654.49078265953	1	0	tensor(3)	1.4405101282229489
255683.72824750294	1000.0	2970.762535156597	0.0	0	0.0	3654.49078265953	1	0	tensor(3)	1.4405101282229513
256439.25527641815	2000.0	3215.2355062414067	0.0	0	0.0	3654.49078265953	1	0	tensor(3)	1.7870837185029238
257219.23536844333	2000.0	3435.255414216211	0.0	0	0.0	3654.49078265953	1	0	tensor(3)	2.480230899062869
259275.79752136927	2000.0	2378.693261290293	0.0	0	0.0	3654.490782659588	1	0	tensor(3)	2.4802308990628656
259769.65240804577	1000.0	2884.838374613784	0.0	0	0.0	3654.490782659588	1	0	tensor(3)	0.7473629476630003
260854.34934856693	2000.0	2800.1414340926276	0.0	0	0.0	3654.490782659559	1	0	tensor(3)	1.7870837185029211
262125.40833163215	2000.0	2529.0824510273987	0.0	0	0.0	3654.490782659559	1	0	tensor(3)	2.4802308990628665
262767.9948334817	1000.0	2886.495949177902	0.0	0	0.0	3654.490782659588	1	0	tensor(3)	0.7473629476630037
263819.3346475635	2000.0	2835.156135095987	0.0	0	0.0	3654.49078265953	1	0	tensor(3)	1.7870837185029211
265262.2306525766	2000.0	2392.260130082919	0.0	0	0.0	3654.490782659559	1	0	tensor(3)	2.4802308990628648
265847.0075233634	1000.0	2807.4832592961147	0.0	0	0.0	3654.490782659501	1	0	tensor(3)	0.7473629476630048
266387.56760761683	1000.0	3266.9231750427152	0.0	0	0.0	3654.490782659559	1	0	tensor(3)	1.4405101282229507
267753.8939136908	2000.0	2900.596868968759	0.0	0	0.0	3654.490782659559	1	0	tensor(3)	1.7870837185029211
268882.3334219914	2000.0	2772.157360668232	0.0	0	0.0	3654.490782659559	1	0	tensor(3)	2.4802308990628665
270008.5715767275	2000.0	2645.919205932168	0.0	0	0.0	3654.490782659559	1	0	tensor(3)	2.4802308990628665
271177.4766548161	1000.0	2477.014127843563	0.0	0	0.0	3654.490782659559	1	0	tensor(3)	0.747362947663003
272333.6159375097	1000.0	2320.874845150005	0.0	0	0.0	3654.490782659559	1	0	tensor(3)	1.4405101282229482
273109.54562582326	1000.0	2544.9451568363943	0.0	0	0.0	3654.490782659559	1	0	tensor(3)	1.4405101282229482
273943.6816508489	1000.0	2710.8091318107795	0.0	0	0.0	3654.4907826596173	1	0	tensor(3)	1.4405101282229427
275141.3773265716	1000.0	2513.1134560881	0.0	0	0.0	3654.4907826596173	1	0	tensor(3)	1.4405101282229427
276043.36135800177	1000.0	2611.129424657894	0.0	0	0.0	3654.4907826596173	1	0	tensor(3)	1.4405101282229427
276585.69002427836	1000.0	3068.8007583812987	0.0	0	0.0	3654.490782659559	1	0	tensor(3)	1.4405101282229482
277714.72789444507	2000.0	2939.7628882145355	0.0	0	0.0	3654.490782659501	1	0	tensor(3)	1.7870837185029256
278751.2697631799	2000.0	2903.22101947969	0.0	0	0.0	3654.490782659501	1	0	tensor(3)	2.480230899062872
280003.972017384	2000.0	2650.5187652755008	0.0	0	0.0	3654.4907826594426	1	0	tensor(3)	2.480230899062878
281391.7211591622	2000.0	2262.769623497372	0.0	0	0.0	3654.490782659501	1	0	tensor(3)	2.480230899062872
282507.4682825446	2000.0	2147.02250011491	0.0	0	0.0	3654.490782659501	1	0	tensor(3)	2.480230899062872
283608.72318118176	2000.0	2045.7676014777278	0.0	0	0.0	3654.490782659559	1	0	tensor(3)	2.4802308990628665
284641.53864582756	2000.0	2012.9521368319308	0.0	0	0.0	3654.4907826596173	1	0	tensor(3)	2.4802308990628616
285595.1889430992	2000.0	2059.301839560285	0.0	0	0.0	3654.4907826596173	1	0	tensor(3)	2.480230899062858
286818.20988188003	2000.0	1836.2809007793678	0.0	0	0.0	3654.490782659559	1	0	tensor(3)	2.4802308990628665
288398.2974645154	2000.0	1256.193318143993	0.0	0	0.0	3654.490782659501	1	0	tensor(3)	2.480230899062872
289133.2251087242	1000.0	1521.2656739351442	0.0	0	0.0	3654.490782659501	1	0	tensor(3)	0.7473629476630091
289853.28253373195	1000.0	1801.2082489273228	0.0	0	0.0	3654.4907826594426	1	0	tensor(3)	1.44051012822296
290855.65275265794	1000.0	1798.838030001285	0.0	0	0.0	3654.4907826594426	1	0	tensor(3)	1.44051012822296
291624.3631176865	1000.0	2030.1276649727674	0.0	0	0.0	3654.4907826593844	1	0	tensor(3)	1.440510128222966
292738.8760844464	2000.0	1915.6146982128873	0.0	0	0.0	3654.4907826593844	1	0	tensor(3)	1.7870837185029385
293627.1583524443	1000.0	2027.332430214974	0.0	0	0.0	3654.4907826593844	1	0	tensor(3)	0.7473629476630208
294324.2358330164	1000.0	2330.2549496428915	0.0	0	0.0	3654.490782659326	1	0	tensor(3)	1.4405101282229715
295608.36610284634	2000.0	2046.124679812931	0.0	0	0.0	3654.490782659326	1	0	tensor(3)	1.787083718502942
297069.0157972961	2000.0	1585.4749853631683	0.0	0	0.0	3654.4907826593844	1	0	tensor(3)	2.4802308990628847
297793.9087957084	1000.0	1860.5819869508798	0.0	0	0.0	3654.4907826593844	1	0	tensor(3)	0.7473629476630208
298392.91647102707	1000.0	2261.57431163214	0.0	0	0.0	3654.4907826593844	1	0	tensor(3)	1.440510128222966
299113.4224752325	2000.0	2541.068307426745	0.0	0	0.0	3654.4907826593844	1	0	tensor(3)	1.7870837185029385
300606.5277587991	2000.0	2047.9630238601042	0.0	0	0.0	3654.490782659326	1	0	tensor(3)	2.4802308990628896
301391.61864666786	1000.0	2262.8721359913307	0.0	0	0.0	3654.4907826593844	1	0	tensor(3)	0.747362947663023
2.14	2.69	1.18	1.62	1.29	1.25	1.31	1.89	2.31	2.09	1.3	1.82	1.09	1.91	1.07	1.89	2.44	1.93	0.91	1.3	0.88	1.11	1.45	1.51	1.32	1.04	1.1	1.74	1.96	1.14	0.82	0.94	0.89	1.3	1.33	1.56	1.6	1.73	0.9	0.87	1.91	2.43	1.68	1.84	1.59	0.74	2.12	1.36	1.15	1.83	1.26	1.23	1.67	1.55	1.46	1.53	1.45	0.92	0.7	1.51	1.49	1.31	2.35	2.02	1.7	1.41	1.9	1.45	1.8	1.71	1.34	1.24	1.27	1.6	2.04	1.15	1.4	1.16	1.45	1.18	0.64	1.22	1.46	1.32	1.0	1.39	1.59	1.76	2.19	0.98	1.02	1.31	0.91	1.48	0.74	1.07	1.22	2.25	2.24	1.05	1.04	1.0	1.66	2.49	2.25	1.26	1.26	1.89	2.4	1.16	1.45	1.77	1.4	1.53	1.89	1.74	1.55	1.27	0.93	1.14	1.6	1.55	0.96	1.54	1.54	1.86	2.03	1.71	1.69	2.03	1.54	1.86	2.58	2.69	1.1	0.92	1.3	1.6	1.26	2.06	1.16	1.63	1.97	2.02	1.41	1.12	2.2	1.66	1.42	2.18	2.14	2.69	1.18	1.62	1.29	1.25	1.31	1.89	2.31	2.09	1.3	1.82	1.09	1.91	1.07	1.89	2.44	1.93	0.91	1.3	0.88	1.11	1.45	1.51	1.32	1.04	1.1	1.74	1.96	1.14	0.82	0.94	0.89	1.3	1.33	1.56	1.6	1.73	0.9	0.87	1.91	2.43	1.68	1.84	1.59	0.74	2.12	1.36	1.15	1.83	1.26	1.23	1.67	1.55	1.46	1.53	1.45	0.92	0.7	1.51	1.49	1.31	2.35	2.02	1.7	1.41	1.9	1.45	1.8	1.71	1.34	1.24	1.27	1.6	2.04	1.15	1.4	1.16	1.45	1.18	0.64	1.22	1.46	1.32	1.0	1.39	1.59	1.76	2.19	0.98	1.02	1.31	0.91	1.48	0.74	1.07	1.22	2.25	2.24	1.05	1.04	1.0	1.66	2.49	2.25	1.26	1.26	1.89	2.4	1.16	1.45	1.77	1.4	1.53	1.89	1.74	1.55	1.27	0.93	1.14	1.6	1.55	0.96	1.54	1.54	1.86	2.03	1.71	1.69	2.03	1.54	1.86	2.58	2.69	1.1	0.92	1.3	1.6	1.26	2.06	1.16	1.63	1.97	2.02	1.41	1.12	2.2	1.66	1.42	2.18	2.14	2.69	1.18
1.0	2.0	3.0	4.0	5.0	6.0	7.0	8.0	9.0	10.0	11.0	12.0	13.0	14.0	15.0	16.0	17.0	18.0	19.0	20.0	21.0	22.0	23.0	24.0	25.0	26.0	27.0	28.0	29.0	30.0	31.0	32.0	33.0	34.0	35.0	36.0	37.0	38.0	39.0	40.0	41.0	42.0	43.0	44.0	45.0	46.0	47.0	48.0	49.0	50.0	51.0	52.0	53.0	54.0	55.0	56.0	57.0	58.0	59.0	60.0	61.0	62.0	63.0	64.0	65.0	66.0	67.0	68.0	69.0	70.0	71.0	72.0	73.0	74.0	75.0	76.0	77.0	78.0	79.0	80.0	81.0	82.0	83.0	84.0	85.0	86.0	87.0	88.0	89.0	90.0	91.0	92.0	93.0	94.0	95.0	96.0	97.0	98.0	99.0	100.0	101.0	102.0	103.0	104.0	105.0	106.0	107.0	108.0	109.0	110.0	111.0	112.0	113.0	114.0	115.0	116.0	117.0	118.0	119.0	120.0	121.0	122.0	123.0	124.0	125.0	126.0	127.0	128.0	129.0	130.0	131.0	132.0	133.0	134.0	135.0	136.0	137.0	138.0	139.0	140.0	141.0	142.0	143.0	144.0	145.0	146.0	147.0	148.0	149.0	149.0	150.0	151.0	152.0	153.0	154.0	155.0	156.0	157.0	158.0	159.0	160.0	161.0	162.0	163.0	164.0	165.0	166.0	167.0	168.0	169.0	170.0	171.0	172.0	173.0	174.0	175.0	176.0	177.0	178.0	179.0	180.0	181.0	182.0	183.0	184.0	185.0	186.0	187.0	188.0	189.0	190.0	191.0	192.0	193.0	194.0	195.0	196.0	197.0	198.0	199.0	200.0	201.0	202.0	203.0	204.0	205.0	206.0	207.0	208.0	209.0	210.0	211.0	212.0	213.0	214.0	215.0	216.0	217.0	218.0	219.0	220.0	221.0	222.0	223.0	224.0	225.0	226.0	227.0	228.0	229.0	230.0	231.0	232.0	233.0	234.0	235.0	236.0	237.0	238.0	239.0	240.0	241.0	242.0	243.0	244.0	245.0	246.0	247.0	248.0	249.0	250.0	251.0	252.0	253.0	254.0	255.0	256.0	257.0	258.0	259.0	260.0	261.0	262.0	263.0	264.0	265.0	266.0	267.0	268.0	269.0	270.0	271.0	272.0	273.0	274.0	275.0	276.0	277.0	278.0	279.0	280.0	281.0	282.0	283.0	284.0	285.0	286.0	287.0	288.0	289.0	290.0	291.0	292.0	293.0	294.0	295.0	296.0	297.0	298.0	298.0	299.0	300.0	301.0
3252.377690635416
