4502.796899211453	500.0	2000.0	165.56054115482132	0	0.0	4502.796899211453	1	0	tensor(3)	-1.1847248204921037
5233.991039391358	2000.0	2268.8058598200955	0.0	0	0.0	4502.796899211453	1	0	tensor(3)	1.0091059262877864
6629.761886488081	3000.0	1873.0350127233723	0.0	0	0.0	4502.796899211453	1	0	tensor(3)	2.5981328414617595
7589.952259331172	2000.0	1912.8446398802814	0.0	0	0.0	2502.796899211453	1	0	tensor(6)	-3.8100648207004872
8898.505191961898	2000.0	1604.2917072495557	0.0	0	0.0	2502.796899211454	1	0	tensor(3)	2.595400287407677
9872.519463842764	2000.0	1630.2774353686898	0.0	0	0.0	2502.796899211454	1	0	tensor(3)	2.5954002874076765
10634.382063134863	2000.0	1868.4148360765903	0.0	0	0.0	2502.796899211453	1	0	tensor(3)	2.5954002874076765
11396.03723002357	3000.0	2106.7596691878816	0.0	0	0.0	2502.796899211451	1	0	tensor(3)	2.7981328414617597
12441.445149394298	3000.0	2061.3517498171545	0.0	0	0.0	2502.7968992114493	1	0	tensor(3)	3.2035979495699243
13820.740666783022	3000.0	1682.0562324284315	0.0	0	0.0	2502.7968992114493	1	0	tensor(3)	3.2035979495699243
14701.381700867645	3000.0	1801.4151983438094	0.0	0	0.0	2502.7968992114493	1	0	tensor(3)	3.2035979495699243
15845.08244779338	3000.0	1657.714451418074	0.0	0	0.0	2502.7968992114493	1	0	tensor(3)	3.2035979495699243
16940.565095941565	3000.0	1562.2318032698847	0.0	0	0.0	2502.796899211442	1	0	tensor(3)	3.2035979495699247
17621.36497275091	2000.0	1881.431926460544	0.0	0	0.0	2502.7968992114493	1	0	tensor(3)	2.1899351792995128
18458.8342052233	2000.0	2043.9626939881614	0.0	0	0.0	2502.796899211453	1	0	tensor(3)	2.595400287407677
19292.388015084493	3000.0	2210.408884126965	0.0	0	0.0	2502.796899211451	1	0	tensor(3)	2.7981328414617597
20200.0	3000.0	2302.796899211457	0.0	0	332.24696452582066	2502.796899211451	1	0	tensor(3)	3.2035979495699243
21200.0	3000.0	2302.796899211458	0.0	0	301.17803149940664	2502.796899211451	1	0	tensor(3)	3.2035979495699243
23633.24424209695	6000.0	869.5526571145083	0.0	0	0.0	2502.796899211451	1	0	tensor(3)	3.5501715398498965
24555.49410800097	3000.0	947.3027912104892	0.0	0	0.0	2502.796899211451	1	0	tensor(3)	2.510450769009979
25696.30333400966	3000.0	806.4935652018008	0.0	0	0.0	2502.796899211451	1	0	tensor(3)	3.2035979495699243
26538.76320731722	2000.0	964.03369189424	0.0	0	0.0	2502.796899211451	1	0	tensor(3)	2.1899351792995123
27204.00310254039	3000.0	1298.7937966710672	0.0	0	0.0	2502.796899211451	1	0	tensor(3)	2.7981328414617597
28101.844008201548	3000.0	1400.952891009912	0.0	0	0.0	2502.796899211451	1	0	tensor(3)	3.2035979495699243
29054.1923023515	3000.0	1448.6045968599597	0.0	0	0.0	2502.796899211451	1	0	tensor(3)	3.2035979495699243
30455.29736726265	3000.0	1047.4995319488114	0.0	0	0.0	2502.796899211451	1	0	tensor(3)	3.2035979495699243
31849.94829058987	3000.0	652.8486086215905	0.0	0	0.0	2502.796899211451	1	0	tensor(3)	3.2035979495699243
32633.64951204114	3000.0	869.1473871703204	0.0	0	0.0	2502.796899211451	1	0	tensor(3)	3.2035979495699243
33511.942897771536	3000.0	990.8540014399307	0.0	0	0.0	2502.796899211462	1	0	tensor(3)	3.2035979495699234
34569.15315186701	2000.0	933.643747344457	0.0	0	0.0	2502.7968992114656	1	0	tensor(3)	2.1899351792995105
35387.44573219531	2000.0	1115.3511670161574	0.0	0	0.0	2502.7968992114693	1	0	tensor(3)	2.595400287407675
35884.35517557237	2000.0	1618.4417236390987	0.0	0	0.0	2502.7968992114693	1	0	tensor(3)	2.595400287407675
37060.0923205351	3000.0	1442.7045786763672	0.0	0	0.0	2502.7968992114693	1	0	tensor(3)	2.798132841461758
38362.31613389043	3000.0	1140.4807653210287	0.0	0	0.0	2502.7968992114693	1	0	tensor(3)	3.2035979495699225
39029.17121472901	3000.0	1473.6256844824522	0.0	0	0.0	2502.7968992114693	1	0	tensor(3)	3.2035979495699225
39823.87631735626	3000.0	1678.9205818552025	0.0	0	0.0	2502.7968992114693	1	0	tensor(3)	3.2035979495699225
40554.74177841294	3000.0	1948.055120798523	0.0	0	0.0	2502.7968992114693	1	0	tensor(3)	3.2035979495699225
41257.5226704578	3000.0	2245.2742287536607	0.0	0	0.0	2502.7968992114693	1	0	tensor(3)	3.2035979495699225
42200.0	3000.0	2302.7968992114743	0.0	0	262.8824887143637	2502.7968992114766	1	0	tensor(3)	3.203597949569921
43474.88946640468	6000.0	2027.907432806796	0.0	0	0.0	2502.7968992114766	1	0	tensor(3)	3.550171539849894
44549.41577085936	6000.0	1953.3811283521159	0.0	0	0.0	2502.7968992114766	1	0	tensor(3)	4.243318720409839
47099.74691059284	6000.0	403.0499886186428	0.0	0	0.0	2502.7968992114693	1	0	tensor(3)	4.24331872040984
48187.99776131616	3000.0	458.4116871359163	143.61254924058892	0	0.0	2646.4094484520538	1	0	tensor(3)	1.6344142186423856
48884.95600560483	3000.0	761.4534428472498	0.0	0	0.0	2646.4094484520538	1	0	tensor(3)	3.1892366946458637
49588.05348529047	3000.0	1058.3559631616004	0.0	0	0.0	2646.4094484520538	1	0	tensor(3)	3.1892366946458637
50573.11532125842	3000.0	1073.2941271936522	0.0	0	0.0	2646.4094484520465	1	0	tensor(3)	3.1892366946458646
51459.626642511364	2000.0	1186.7828059407084	0.0	0	0.0	2646.4094484520465	1	0	tensor(3)	2.1755739243754526
52125.942393518126	3000.0	1520.4670549339432	0.0	0	0.0	2646.4094484520465	1	0	tensor(3)	2.7837715865377
52817.61890426457	3000.0	1828.7905441874889	0.0	0	0.0	2646.4094484520465	1	0	tensor(3)	3.1892366946458646
53478.29470977221	3000.0	2168.114738679843	0.0	0	0.0	2646.4094484520465	1	0	tensor(3)	3.1892366946458646
54477.63606220466	3000.0	2168.773386247396	0.0	0	0.0	2646.4094484520465	1	0	tensor(3)	3.1892366946458646
56032.28577128309	3000.0	1614.1236771689746	0.0	0	0.0	2646.4094484520465	1	0	tensor(3)	3.1892366946458646
57612.215604627054	3000.0	1034.1938438250004	0.0	0	0.0	2646.409448452039	1	0	tensor(3)	3.189236694645865
58340.78471780082	2000.0	1305.6247306512355	0.0	0	0.0	2646.409448452039	1	0	tensor(3)	2.1755739243754535
59365.9213066085	3000.0	1280.488141843559	0.0	0	0.0	2646.4094484520465	1	0	tensor(3)	2.7837715865377
60382.39907908007	3000.0	1264.0103693719927	0.0	0	0.0	2646.4094484520465	1	0	tensor(3)	3.1892366946458646
61451.21463225205	3000.0	1195.1948162000076	0.0	0	0.0	2646.4094484520465	1	0	tensor(3)	3.1892366946458646
62642.61239234378	3000.0	1003.7970561082811	0.0	0	0.0	2646.409448452039	1	0	tensor(3)	3.189236694645865
63528.96482147688	3000.0	1117.444626975173	0.0	0	0.0	2646.409448452039	1	0	tensor(3)	3.189236694645865
64181.84221514664	3000.0	1464.567233305427	0.0	0	0.0	2646.4094484520465	1	0	tensor(3)	3.1892366946458646
65785.08115518952	3000.0	861.3282932625348	0.0	0	0.0	2646.4094484520465	1	0	tensor(3)	3.1892366946458646
67048.69828738709	3000.0	597.7111610649688	0.0	0	0.0	2646.4094484520538	1	0	tensor(3)	3.1892366946458637
68555.79295379149	2000.0	331.9059796017633	241.2894849412079	0	0.0	2887.6989333932434	1	0	tensor(3)	0.7053891038363167
69382.82709008502	2000.0	601.4007691735534	96.5289258653275	0	0.0	2984.2278592585644	1	0	tensor(3)	1.9680836362109995
69894.65451166182	2000.0	1089.573347596738	0.0	0	0.0	2984.2278592585644	1	0	tensor(3)	2.5472571914029656
70538.90571186478	2000.0	1445.3221473937858	0.0	0	0.0	2984.2278592585644	1	0	tensor(3)	2.5472571914029656
71617.76457508212	3000.0	1366.4632841764503	0.0	0	0.0	2984.227859258579	1	0	tensor(3)	2.7499897454570466
73016.93142965835	3000.0	967.2964296002167	0.0	0	0.0	2984.227859258579	1	0	tensor(3)	3.155454853565211
74013.73472868631	2000.0	970.4931305722658	0.0	0	0.0	2984.227859258579	1	0	tensor(3)	2.141792083294799
74610.57025549239	2000.0	1373.6576037661857	0.0	0	0.0	2984.227859258579	1	0	tensor(3)	2.547257191402964
75288.19452041041	2000.0	1696.0333388481615	0.0	0	0.0	2984.227859258579	1	0	tensor(3)	2.547257191402964
76437.41426200753	3000.0	1546.8135972510388	0.0	0	0.0	2984.227859258579	1	0	tensor(3)	2.7499897454570466
77794.9627953125	3000.0	1189.2650639460503	0.0	0	0.0	2984.227859258579	1	0	tensor(3)	3.155454853565211
79034.89966410887	3000.0	949.3281951496865	0.0	0	0.0	2984.227859258579	1	0	tensor(3)	3.155454853565211
80011.05474118757	3000.0	973.1731180709708	0.0	0	0.0	2984.2278592585644	1	0	tensor(3)	3.155454853565213
80511.47841064306	3000.0	1472.749448615495	0.0	0	0.0	2984.227859258579	1	0	tensor(3)	3.155454853565211
81226.13792022673	3000.0	1758.0899390318248	0.0	0	0.0	2984.2278592585935	1	0	tensor(3)	3.15545485356521
81809.90278266702	3000.0	2174.3250765915363	0.0	0	0.0	2984.227859258608	1	0	tensor(3)	3.1554548535652085
82744.50651354315	6000.0	2239.7213457154094	0.0	0	0.0	2984.227859258608	1	0	tensor(3)	3.5020284438451807
84595.96699885096	6000.0	1388.2608604076236	0.0	0	0.0	2984.227859258608	1	0	tensor(3)	4.195175624405126
86141.23191965104	6000.0	842.9959396075539	0.0	0	0.0	2984.227859258608	1	0	tensor(3)	4.195175624405126
87170.9381031621	3000.0	813.2897560964957	0.0	0	0.0	2984.227859258608	1	0	tensor(3)	2.462307673005263
88350.17097216054	3000.0	634.0568870980559	0.0	0	0.0	2984.227859258608	1	0	tensor(3)	3.1554548535652085
89005.45472678532	3000.0	978.7731324732832	0.0	0	0.0	2984.2278592586226	1	0	tensor(3)	3.1554548535652067
90075.65459975408	3000.0	908.5732595045407	0.0	0	0.0	2984.2278592586226	1	0	tensor(3)	3.1554548535652067
91188.80094607193	3000.0	795.4269131866951	0.0	0	0.0	2984.227859258608	1	0	tensor(3)	3.1554548535652085
91813.75131130019	3000.0	1170.4765479584444	0.0	0	0.0	2984.227859258608	1	0	tensor(3)	3.1554548535652085
92802.27069542956	3000.0	1181.9571638290654	0.0	0	0.0	2984.2278592585935	1	0	tensor(3)	3.15545485356521
93748.23093590926	3000.0	1235.9969233493505	0.0	0	0.0	2984.2278592585935	1	0	tensor(3)	3.15545485356521
94727.34603086677	3000.0	1256.8818283918454	0.0	0	0.0	2984.2278592585935	1	0	tensor(3)	3.15545485356521
95340.76835958824	3000.0	1643.4594996703697	0.0	0	0.0	2984.2278592585935	1	0	tensor(3)	3.15545485356521
96020.57587811773	3000.0	1963.6519811409078	0.0	0	0.0	2984.227859258608	1	0	tensor(3)	3.1554548535652085
96642.0400537362	3000.0	2342.1878055224424	0.0	0	0.0	2984.227859258608	1	0	tensor(3)	3.1554548535652085
97212.19934654183	3000.0	2772.0285127168117	0.0	0	0.0	2984.227859258608	1	0	tensor(3)	3.1554548535652085
98613.76173429374	6000.0	2370.466124964906	0.0	0	0.0	2984.2278592586226	1	0	tensor(3)	3.5020284438451794
99480.18483192142	3000.0	2504.04302733723	0.0	0	0.0	2984.2278592586226	1	0	tensor(3)	2.4623076730052618
100320.7828322958	3000.0	2663.445026962863	0.0	0	0.0	2984.227859258637	1	0	tensor(3)	3.1554548535652054
101457.21638989658	3000.0	2527.0114693620826	0.0	0	0.0	2984.2278592586517	1	0	tensor(3)	3.155454853565204
102994.80220646357	3000.0	1989.4256527951004	0.0	0	0.0	2984.2278592586517	1	0	tensor(3)	3.155454853565204
104247.2563313745	3000.0	1736.9715278841802	0.0	0	0.0	2984.2278592586517	1	0	tensor(3)	3.155454853565204
105550.66185774718	2000.0	1433.5660015115059	0.0	0	0.0	2984.2278592586517	1	0	tensor(3)	2.141792083294792
106391.46568217721	2000.0	1592.762177081468	0.0	0	0.0	2984.2278592586517	1	0	tensor(3)	2.5472571914029567
106973.59461638398	2000.0	2010.6332428746903	0.0	0	0.0	2984.2278592586517	1	0	tensor(3)	2.5472571914029567
107738.42553500431	3000.0	2245.8023242543554	0.0	0	0.0	2984.2278592586517	1	0	tensor(3)	2.7499897454570394
108316.92369327796	3000.0	2667.3041659807154	0.0	0	0.0	2984.2278592586517	1	0	tensor(3)	3.155454853565204
109200.0	3000.0	2784.2278592586613	0.0	0	344.4571943726478	2984.2278592586517	1	0	tensor(3)	3.155454853565204
110827.75325752306	6000.0	2156.4746017355974	0.0	0	0.0	2984.2278592586517	1	0	tensor(3)	3.5020284438451763
111732.32252560391	3000.0	2251.905333654746	0.0	0	0.0	2984.2278592586517	1	0	tensor(3)	2.4623076730052587
112466.6674101608	3000.0	2517.5604490978567	0.0	0	0.0	2984.2278592586517	1	0	tensor(3)	3.155454853565204
113337.59876818907	3000.0	2646.629091069598	0.0	0	0.0	2984.2278592586517	1	0	tensor(3)	3.155454853565204
114322.96571795609	3000.0	2661.2621413025763	0.0	0	0.0	2984.2278592586517	1	0	tensor(3)	3.155454853565204
115371.95220727293	3000.0	2612.275651985738	0.0	0	0.0	2984.227859258637	1	0	tensor(3)	3.1554548535652054
116359.6675203996	3000.0	2624.5603388590603	0.0	0	0.0	2984.2278592586226	1	0	tensor(3)	3.1554548535652067
117200.0	3000.0	2784.22785925867	0.0	0	81.42831200829824	2984.2278592586226	1	0	tensor(3)	3.1554548535652067
118200.0	3000.0	2784.227859258669	0.0	0	74.2677278941992	2984.227859258637	1	0	tensor(3)	3.1554548535652054
119200.0	3000.0	2784.2278592586536	0.0	0	344.5978304884193	2984.227859258637	1	0	tensor(3)	3.1554548535652054
120985.09352445141	6000.0	1999.1343348072214	0.0	0	0.0	2984.2278592586226	1	0	tensor(3)	3.5020284438451794
121994.64544881538	3000.0	1989.5824104432627	0.0	0	0.0	2984.2278592586226	1	0	tensor(3)	2.4623076730052618
123342.56021072158	3000.0	1641.6676485370792	0.0	0	0.0	2984.227859258637	1	0	tensor(3)	3.1554548535652054
124258.56115894234	3000.0	1725.6667003163136	0.0	0	0.0	2984.227859258637	1	0	tensor(3)	3.1554548535652054
125288.99154219186	3000.0	1695.2363170667934	0.0	0	0.0	2984.227859258637	1	0	tensor(3)	3.1554548535652054
126309.83701928631	3000.0	1674.3908399723493	0.0	0	0.0	2984.227859258637	1	0	tensor(3)	3.1554548535652054
127433.78725554123	3000.0	1550.4406037174267	0.0	0	0.0	2984.2278592586226	1	0	tensor(3)	3.1554548535652067
129004.34797618525	3000.0	979.8798830734149	0.0	0	0.0	2984.2278592586226	1	0	tensor(3)	3.1554548535652067
130263.69332774542	2000.0	720.5345315132404	0.0	0	0.0	2984.227859258637	1	0	tensor(3)	2.141792083294794
130878.26986210517	2000.0	1105.9579971534956	0.0	0	0.0	2984.227859258637	1	0	tensor(3)	2.5472571914029585
131626.08008519048	2000.0	1358.147774068192	0.0	0	0.0	2984.2278592586517	1	0	tensor(3)	2.5472571914029563
132626.73650230202	3000.0	1357.4913569566556	0.0	0	0.0	2984.2278592586663	1	0	tensor(3)	2.7499897454570386
133972.85989980487	2000.0	1011.3679594538014	0.0	0	0.0	2984.2278592586663	1	0	tensor(3)	2.141792083294792
135219.22795842824	2000.0	764.9999008304719	0.0	0	0.0	2984.227859258681	1	0	tensor(3)	2.547257191402954
135518.86620004574	1000.0	1465.3616592129708	0.0	0	0.0	2984.227859258681	1	0	tensor(3)	0.814389240003091
136172.60032837078	2000.0	1811.6275308878894	0.0	0	0.0	2984.2278592586517	1	0	tensor(3)	1.8541100108430117
136738.13187307658	2000.0	2246.095986182061	0.0	0	0.0	2984.2278592586226	1	0	tensor(3)	2.5472571914029594
137423.36472869688	3000.0	2560.863130561778	0.0	0	0.0	2984.2278592586226	1	0	tensor(3)	2.749989745457042
138200.0	3000.0	2784.227859258666	0.0	0	5.407927320309682	2984.2278592585935	1	0	tensor(3)	3.15545485356521
140970.16435713152	6000.0	1014.0635021271376	0.0	0	0.0	2984.2278592585935	1	0	tensor(3)	3.5020284438451825
142668.7966393871	3000.0	315.43121987159316	0.0	0	0.0	2984.2278592585935	1	0	tensor(3)	2.462307673005265
143680.49275985232	2000.0	591.5430838477233	287.8079844413694	0	0.0	3272.035843700054	1	0	tensor(3)	0.38616337820243596
144421.17654872724	2000.0	850.8592949728044	0.0	0	0.0	3272.035843700054	1	0	tensor(3)	2.5184763929588168
145383.10736499698	3000.0	888.9284787030609	0.0	0	0.0	3272.035843700054	1	0	tensor(3)	2.721208947012899
146774.02721315454	3000.0	498.00863054553304	0.0	0	0.0	3272.035843700025	1	0	tensor(3)	3.1266740551210663
147480.33648399665	2000.0	791.6993597034259	0.0	0	0.0	3272.035843700054	1	0	tensor(3)	2.113011284850652
148080.57990818075	2000.0	1191.4559355193574	0.0	0	0.0	3272.035843700083	1	0	tensor(3)	2.5184763929588136
148715.73878167054	2000.0	1556.297062029555	0.0	0	0.0	3272.035843700083	1	0	tensor(3)	2.5184763929588136
149674.10681050902	3000.0	1597.9290331910645	0.0	0	0.0	3272.035843700083	1	0	tensor(3)	2.7212089470128964
150484.72054670734	3000.0	1787.3152969927569	0.0	0	0.0	3272.035843700083	1	0	tensor(3)	3.126674055121061
151009.446128202	3000.0	2262.589715498104	0.0	0	0.0	3272.035843700083	1	0	tensor(3)	3.126674055121061
152630.75521244708	6000.0	1641.2806312530274	0.0	0	0.0	3272.035843700083	1	0	tensor(3)	3.4732476454010337
153429.79458057447	3000.0	1842.2412631256489	0.0	0	0.0	3272.035843700083	1	0	tensor(3)	2.433526874561116
154567.90094282074	3000.0	1704.1349008793843	0.0	0	0.0	3272.035843700083	1	0	tensor(3)	3.126674055121061
155398.92171390323	3000.0	1873.1141297968807	0.0	0	0.0	3272.035843700054	1	0	tensor(3)	3.1266740551210614
157738.22191061798	3000.0	533.813933082136	0.0	0	0.0	3272.035843700054	1	0	tensor(3)	3.1266740551210637
158611.20455047858	2000.0	660.8312932215387	0.0	0	0.0	3272.035843700054	1	0	tensor(3)	2.113011284850652
159442.18549801808	2000.0	829.850345682025	0.0	0	0.0	3272.035843700025	1	0	tensor(3)	2.5184763929588185
160151.17373548125	3000.0	1120.8621082188442	0.0	0	0.0	3272.035843700054	1	0	tensor(3)	2.721208947012899
161080.39372918292	3000.0	1191.642114517159	0.0	0	0.0	3272.035843700054	1	0	tensor(3)	3.1266740551210637
162498.53290759772	3000.0	773.5029361023387	0.0	0	0.0	3272.035843700083	1	0	tensor(3)	3.1266740551210623
163308.1308441326	3000.0	963.904999567442	0.0	0	0.0	3272.035843700083	1	0	tensor(3)	3.126674055121061
164307.5699950961	3000.0	964.4658486039075	0.0	0	0.0	3272.035843700083	1	0	tensor(3)	3.126674055121061
165291.72707486406	2000.0	980.3087688359014	0.0	0	0.0	3272.035843700083	1	0	tensor(3)	2.113011284850649
166190.6491020379	2000.0	1081.3867416620851	0.0	0	0.0	3272.035843700083	1	0	tensor(3)	2.5184763929588136
166969.0346050534	2000.0	1303.0012386465894	0.0	0	0.0	3272.035843700083	1	0	tensor(3)	2.5184763929588136
167700.4841957299	2000.0	1571.5516479700966	0.0	0	0.0	3272.035843700054	1	0	tensor(3)	2.5184763929588168
168304.04408586954	3000.0	1967.9917578304646	0.0	0	0.0	3272.035843700054	1	0	tensor(3)	2.721208947012899
169117.13352959458	3000.0	2154.902314105433	0.0	0	0.0	3272.035843700083	1	0	tensor(3)	3.126674055121061
169679.42012266495	3000.0	2592.6157210350625	0.0	0	0.0	3272.0358437001123	1	0	tensor(3)	3.1266740551210583
170724.8278431749	3000.0	2547.208000525112	0.0	0	0.0	3272.0358437001123	1	0	tensor(3)	3.1266740551210583
172130.15324707355	3000.0	2141.88259662644	0.0	0	0.0	3272.0358437001123	1	0	tensor(3)	3.1266740551210583
173325.8604116584	3000.0	1946.175432041633	0.0	0	0.0	3272.0358437001123	1	0	tensor(3)	3.1266740551210583
174352.8108663802	3000.0	1919.2249773198037	0.0	0	0.0	3272.0358437001123	1	0	tensor(3)	3.1266740551210583
175386.09571733803	3000.0	1885.940126361998	0.0	0	0.0	3272.0358437001414	1	0	tensor(3)	3.1266740551210566
176235.01245183728	3000.0	2037.0233918627473	0.0	0	0.0	3272.0358437001414	1	0	tensor(3)	3.126674055121055
176770.32410603753	3000.0	2501.7117376624833	0.0	0	0.0	3272.0358437001414	1	0	tensor(3)	3.126674055121055
177825.2967315098	3000.0	2446.739112190179	0.0	0	0.0	3272.0358437001414	1	0	tensor(3)	3.126674055121055
179095.39551908578	3000.0	2176.640324614221	0.0	0	0.0	3272.0358437001414	1	0	tensor(3)	3.126674055121055
179976.21251445953	3000.0	2295.8233292404775	0.0	0	0.0	3272.0358437001414	1	0	tensor(3)	3.126674055121055
181170.00740594766	3000.0	2102.0284377523612	0.0	0	0.0	3272.0358437001414	1	0	tensor(3)	3.126674055121055
182010.95643486697	3000.0	2261.079408833066	0.0	0	0.0	3272.0358437001414	1	0	tensor(3)	3.126674055121055
183792.27731581967	3000.0	1479.7585278803654	0.0	0	0.0	3272.0358437001123	1	0	tensor(3)	3.1266740551210566
184589.0255054418	3000.0	1683.0103382582547	0.0	0	0.0	3272.0358437001123	1	0	tensor(3)	3.1266740551210583
185515.0177801835	3000.0	1757.0180635165898	0.0	0	0.0	3272.0358437001123	1	0	tensor(3)	3.1266740551210583
186381.97980368216	3000.0	1890.0560400179452	0.0	0	0.0	3272.0358437001123	1	0	tensor(3)	3.1266740551210583
187801.50826385614	3000.0	1470.5275798439748	0.0	0	0.0	3272.0358437001123	1	0	tensor(3)	3.1266740551210583
188510.4822240831	3000.0	1761.5536196170253	0.0	0	0.0	3272.035843700083	1	0	tensor(3)	3.126674055121061
189170.02785119697	3000.0	2102.0079925031405	0.0	0	0.0	3272.035843700083	1	0	tensor(3)	3.126674055121061
189745.51580117518	3000.0	2526.5200425249213	0.0	0	0.0	3272.0358437001123	1	0	tensor(3)	3.1266740551210583
190453.6215364577	3000.0	2818.4143072423863	0.0	0	0.0	3272.0358437001123	1	0	tensor(3)	3.1266740551210583
191200.0	3000.0	3072.035843700105	0.0	0	20.625231733516557	3272.0358437001414	1	0	tensor(3)	3.126674055121055
192200.0	6000.0	3072.0358437001078	0.0	0	128.9098235127458	3272.0358437001414	1	0	tensor(3)	3.4732476454010275
193200.0	6000.0	3072.0358437001464	0.0	0	24.967265552200843	3272.0358437001414	1	0	tensor(3)	4.166394825960972
195040.27789304132	6000.0	2231.7579506588195	0.0	0	0.0	3272.0358437001123	1	0	tensor(3)	4.166394825960975
196317.91342587667	3000.0	1954.1224178234806	0.0	0	0.0	3272.0358437001414	1	0	tensor(3)	2.4335268745611125
197412.23847499766	3000.0	1859.7973687024858	0.0	0	0.0	3272.0358437001414	1	0	tensor(3)	3.126674055121055
198189.96941277274	3000.0	2082.066430927372	0.0	0	0.0	3272.0358437001414	1	0	tensor(3)	3.126674055121055
199016.98281841082	3000.0	2255.0530252892313	0.0	0	0.0	3272.0358437001123	1	0	tensor(3)	3.1266740551210583
199927.24467756934	3000.0	2344.7911661307153	0.0	0	0.0	3272.0358437001123	1	0	tensor(3)	3.1266740551210583
200736.2492150192	3000.0	2535.78662868085	0.0	0	0.0	3272.035843700083	1	0	tensor(3)	3.126674055121061
201732.82408256817	3000.0	2539.21176113188	0.0	0	0.0	3272.035843700054	1	0	tensor(3)	3.1266740551210637
202927.41671550958	3000.0	2344.6191281904858	0.0	0	0.0	3272.035843700025	1	0	tensor(3)	3.1266740551210663
204063.4926201974	3000.0	2208.5432235026774	0.0	0	0.0	3272.035843700054	1	0	tensor(3)	3.1266740551210637
205218.22937017845	3000.0	2053.8064735216562	0.0	0	0.0	3272.035843700083	1	0	tensor(3)	3.126674055121061
206329.03439513606	3000.0	1943.0014485640436	0.0	0	0.0	3272.035843700054	1	0	tensor(3)	3.1266740551210614
207039.70403026987	2000.0	2232.33181343025	0.0	0	0.0	3272.035843700054	1	0	tensor(3)	2.113011284850652
207914.353412969	3000.0	2357.6824307311194	0.0	0	0.0	3272.035843700054	1	0	tensor(3)	2.721208947012899
208807.40549766136	3000.0	2464.6303460387558	0.0	0	0.0	3272.035843700054	1	0	tensor(3)	3.1266740551210637
209574.75817751454	3000.0	2697.277666185599	0.0	0	0.0	3272.035843700054	1	0	tensor(3)	3.1266740551210637
210783.45450252702	3000.0	2488.5813411731106	0.0	0	0.0	3272.035843700054	1	0	tensor(3)	3.1266740551210632
211923.96406922725	3000.0	2348.0717744729077	0.0	0	0.0	3272.035843700083	1	0	tensor(3)	3.126674055121061
212707.90971242287	3000.0	2564.12613127728	0.0	0	0.0	3272.035843700083	1	0	tensor(3)	3.126674055121061
213828.13526385467	3000.0	2443.9005798454705	0.0	0	0.0	3272.035843700083	1	0	tensor(3)	3.126674055121061
214864.9844167168	3000.0	2407.051426983338	0.0	0	0.0	3272.0358437001123	1	0	tensor(3)	3.1266740551210583
216112.14713587327	3000.0	2159.888707826868	0.0	0	0.0	3272.0358437001414	1	0	tensor(3)	3.126674055121055
218179.34095690513	3000.0	1092.694886794995	0.0	0	0.0	3272.0358437001414	1	0	tensor(3)	3.126674055121055
218961.40272060334	2000.0	1310.6331230967655	0.0	0	0.0	3272.0358437001705	1	0	tensor(3)	2.11301128485064
220033.31046747917	3000.0	1238.72537622096	0.0	0	0.0	3272.0358437001705	1	0	tensor(3)	2.7212089470128875
220890.20138141137	3000.0	1381.8344622887444	0.0	0	0.0	3272.0358437001705	1	0	tensor(3)	3.126674055121052
221984.50154333797	3000.0	1287.5343003621608	0.0	0	0.0	3272.0358437001705	1	0	tensor(3)	3.126674055121052
223160.98979276963	2000.0	1111.04605093054	0.0	0	0.0	3272.0358437001705	1	0	tensor(3)	2.11301128485064
224031.4842164304	2000.0	1240.5516272697694	0.0	0	0.0	3272.0358437001705	1	0	tensor(3)	2.5184763929588048
224743.58493365318	2000.0	1528.4509100470152	0.0	0	0.0	3272.0358437001414	1	0	tensor(3)	2.518476392958808
225751.51363885423	3000.0	1520.522204845995	0.0	0	0.0	3272.0358437001705	1	0	tensor(3)	2.7212089470128884
226702.86231637374	3000.0	1569.1735273265085	0.0	0	0.0	3272.0358437001705	1	0	tensor(3)	3.126674055121052
227500.57116927646	3000.0	1771.4646744237934	0.0	0	0.0	3272.0358437001705	1	0	tensor(3)	3.126674055121052
228585.18263017343	3000.0	1686.8532135268238	0.0	0	0.0	3272.0358437001705	1	0	tensor(3)	3.126674055121052
229223.2865177168	3000.0	2048.749325983442	0.0	0	0.0	3272.0358437001705	1	0	tensor(3)	3.126674055121052
229840.5210193321	3000.0	2431.5148243681665	0.0	0	0.0	3272.0358437001705	1	0	tensor(3)	3.126674055121052
230560.96490677944	3000.0	2711.070936920801	0.0	0	0.0	3272.0358437001414	1	0	tensor(3)	3.126674055121055
231732.64069098647	6000.0	2539.3951527137237	0.0	0	0.0	3272.0358437001414	1	0	tensor(3)	3.4732476454010275
233236.83443574072	6000.0	2035.2014079594899	0.0	0	0.0	3272.0358437001414	1	0	tensor(3)	4.166394825960972
235012.73795007486	6000.0	1259.2978936253662	0.0	0	0.0	3272.0358437001705	1	0	tensor(3)	4.16639482596097
236134.48488334616	3000.0	1137.5509603540488	0.0	0	0.0	3272.0358437001705	1	0	tensor(3)	2.433526874561107
237177.70213167084	3000.0	1094.333712029365	0.0	0	0.0	3272.0358437001705	1	0	tensor(3)	3.126674055121052
237962.97143826008	3000.0	1309.0644054401496	0.0	0	0.0	3272.0358437001705	1	0	tensor(3)	3.126674055121052
239014.60487541457	3000.0	1257.4309682856483	0.0	0	0.0	3272.0358437001705	1	0	tensor(3)	3.126674055121052
239972.22111880677	3000.0	1299.8147248934702	0.0	0	0.0	3272.0358437001705	1	0	tensor(3)	3.126674055121052
240907.92783542638	3000.0	1364.108008273856	0.0	0	0.0	3272.0358437001996	1	0	tensor(3)	3.1266740551210495
241741.39055764675	3000.0	1530.6452860534548	0.0	0	0.0	3272.0358437001996	1	0	tensor(3)	3.1266740551210495
242623.71576923653	3000.0	1648.3200744636938	0.0	0	0.0	3272.0358437001705	1	0	tensor(3)	3.126674055121052
243681.98291821466	3000.0	1590.0529254855517	0.0	0	0.0	3272.0358437001705	1	0	tensor(3)	3.126674055121052
244413.07047537208	3000.0	1858.9653683281713	0.0	0	0.0	3272.0358437001705	1	0	tensor(3)	3.126674055121052
244954.0036358796	3000.0	2318.032207820647	0.0	0	0.0	3272.0358437001705	1	0	tensor(3)	3.126674055121052
245658.65791396186	3000.0	2613.3779297383953	0.0	0	0.0	3272.0358437001705	1	0	tensor(3)	3.126674055121052
246364.09959677292	3000.0	2907.936246927295	0.0	0	0.0	3272.0358437001414	1	0	tensor(3)	3.126674055121053
247977.27583326361	6000.0	2294.760010436578	0.0	0	0.0	3272.0358437001705	1	0	tensor(3)	3.473247645401025
251048.4031342742	6000.0	223.6327094259757	0.0	0	0.0	3272.0358437001705	1	0	tensor(3)	4.166394825960968
252793.26320401556	3000.0	200.0	721.2273603153495	0	0.0	3993.2632040155004	1	0	tensor(3)	-1.9516719090582142
253900.96058698275	2000.0	378.2417841687871	285.9391671359688	0	0.0	2279.2023711515358	1	0	tensor(6)	-5.503340370710309
254525.24747456217	1000.0	769.5692343545353	15.614337765171136	0	0.0	2294.816708916682	1	0	tensor(3)	0.789644328446264
255417.89651136432	2000.0	876.9201975523779	0.0	0	0.0	2294.816708916711	1	0	tensor(3)	1.9230511258772076
256113.1802904697	2000.0	1181.6364184469908	0.0	0	0.0	2294.816708916682	1	0	tensor(3)	2.616198306437154
256639.98784108987	2000.0	1654.8288678268625	0.0	0	0.0	2294.816708916682	1	0	tensor(3)	2.616198306437154
257522.28619176766	3000.0	1772.5305171490827	0.0	0	0.0	2294.816708916682	1	0	tensor(3)	2.8189308604912364
258200.0	3000.0	2094.816708916727	0.0	0	97.88055554937455	2294.816708916682	1	0	tensor(3)	3.224395968599401
259738.2517995704	6000.0	1556.5649093463537	0.0	0	0.0	2294.816708916682	1	0	tensor(3)	3.5709695588793737
260502.68799449687	3000.0	1792.1287144198882	0.0	0	0.0	2294.8167089166236	1	0	tensor(3)	2.5312487880394614
261200.0	3000.0	2094.8167089167737	0.0	0	79.96373484635842	2294.8167089166527	1	0	tensor(3)	3.2243959685994037
262241.3549787391	3000.0	2053.4617301776316	0.0	0	0.0	2294.8167089166527	1	0	tensor(3)	3.224395968599402
263200.0	3000.0	2094.8167089167064	0.0	0	160.96050348004792	2294.8167089165945	1	0	tensor(3)	3.224395968599406
264200.0	3000.0	2094.816708916736	0.0	0	124.3290093553951	2294.8167089166527	1	0	tensor(3)	3.2243959685994064
265285.7116812017	3000.0	2009.1050277150655	0.0	0	0.0	2294.8167089166236	1	0	tensor(3)	3.224395968599407
266200.0	3000.0	2094.8167089167846	0.0	0	242.23885611648438	2294.8167089165654	1	0	tensor(3)	3.2243959685994126
267200.0	3000.0	2094.8167089168082	0.0	0	114.20346509007504	2294.8167089166236	1	0	tensor(3)	3.224395968599407
268200.0	3000.0	2094.816708916808	0.0	0	399.95011422858806	2294.8167089166236	1	0	tensor(3)	3.224395968599407
269571.8842249355	6000.0	1722.932483981292	0.0	0	0.0	2294.8167089165654	1	0	tensor(3)	3.5709695588793817
270352.17873458064	3000.0	1942.6379743361344	0.0	0	0.0	2294.8167089165654	1	0	tensor(3)	2.531248788039468
271300.60766880645	3000.0	1994.2090401102835	0.0	0	0.0	2294.816708916507	1	0	tensor(3)	3.2243959685994183
272409.48198817315	3000.0	1885.3347207435759	0.0	0	0.0	2294.816708916507	1	0	tensor(3)	3.2243959685994183
273200.0	3000.0	2094.816708916757	0.0	0	18.344952197687235	2294.816708916507	1	0	tensor(3)	3.2243959685994183
274200.0	3000.0	2094.8167089168446	0.0	0	418.46001296822214	2294.816708916507	1	0	tensor(3)	3.2243959685994183
275200.0	3000.0	2094.816708916827	0.0	0	189.23757640382973	2294.816708916449	1	0	tensor(3)	3.2243959685994223
276319.6684017208	3000.0	1975.1483071960693	0.0	0	0.0	2294.816708916449	1	0	tensor(3)	3.2243959685994246
277401.6282721778	3000.0	1893.1884367390755	0.0	0	0.0	2294.816708916507	1	0	tensor(3)	3.2243959685994183
278931.9419576283	3000.0	1362.8747512886616	0.0	0	0.0	2294.8167089165654	1	0	tensor(3)	3.2243959685994126
279597.0601379556	2000.0	1697.7565709613184	0.0	0	0.0	2294.816708916507	1	0	tensor(3)	2.210733198329007
280746.0246902288	3000.0	1548.7920186881138	0.0	0	0.0	2294.816708916449	1	0	tensor(3)	2.8189308604912586
281784.79702429817	3000.0	1510.0196846187694	0.0	0	0.0	2294.816708916449	1	0	tensor(3)	3.2243959685994246
282755.41382175597	2000.0	1539.4028871609723	0.0	0	0.0	2294.816708916449	1	0	tensor(3)	2.210733198329013
283971.160404892	2000.0	1323.6563040249566	0.0	0	0.0	2294.816708916449	1	0	tensor(3)	2.6161983064371777
284630.60123901337	2000.0	1664.2154699036057	0.0	0	0.0	2294.816708916391	1	0	tensor(3)	2.616198306437183
285276.47064378	2000.0	2018.3460651369603	0.0	0	0.0	2294.816708916391	1	0	tensor(3)	2.616198306437183
286200.0	3000.0	2094.816708916994	0.0	0	319.4514816441224	2294.816708916391	1	0	tensor(3)	2.8189308604912653
287200.0	3000.0	2094.8167089169956	0.0	0	215.19365587917855	2294.816708916449	1	0	tensor(3)	3.2243959685994246
288200.0	3000.0	2094.8167089169447	0.0	0	37.756429613684304	2294.816708916449	1	0	tensor(3)	3.2243959685994246
289429.36922320037	3000.0	1865.4474857165346	0.0	0	0.0	2294.816708916391	1	0	tensor(3)	3.2243959685994263
290863.71430118685	3000.0	1431.1024077301581	0.0	0	0.0	2294.816708916507	1	0	tensor(3)	3.224395968599421
292139.4150813743	2000.0	1155.4016275426716	0.0	0	0.0	2294.816708916507	1	0	tensor(3)	2.210733198329007
292820.10181669856	2000.0	1474.714892218391	0.0	0	0.0	2294.816708916507	1	0	tensor(3)	2.6161983064371714
293435.2348035564	2000.0	1859.581905360561	0.0	0	0.0	2294.816708916507	1	0	tensor(3)	2.6161983064371714
294200.0	3000.0	2094.816708917041	0.0	0	25.7693999086041	2294.816708916507	1	0	tensor(3)	2.8189308604912537
295472.15038544463	3000.0	1822.6663234724483	0.0	0	0.0	2294.816708916507	1	0	tensor(3)	3.2243959685994183
296570.79692298477	3000.0	1724.0197859323346	0.0	0	0.0	2294.816708916507	1	0	tensor(3)	3.2243959685994183
297393.3062208812	3000.0	1901.510488035905	0.0	0	0.0	2294.8167089165654	1	0	tensor(3)	3.224395968599416
298200.0	3000.0	2094.816708917065	0.0	0	117.4148466490442	2294.8167089165654	1	0	tensor(3)	3.2243959685994126
299200.0	3000.0	2094.8167089170447	0.0	0	280.68108304560883	2294.8167089166236	1	0	tensor(3)	3.224395968599407
300200.0	3000.0	2094.8167089169847	0.0	0	482.41172023961553	2294.8167089165654	1	0	tensor(3)	3.2243959685994126
301373.69254490954	6000.0	1921.124164007368	0.0	0	0.0	2294.816708916507	1	0	tensor(3)	3.570969558879391
302200.0	3000.0	2094.8167089168774	0.0	0	156.15187118737958	2294.8167089165654	1	0	tensor(3)	2.531248788039468
303200.0	3000.0	2094.816708916919	0.0	0	65.61963584431214	2294.8167089165654	1	0	tensor(3)	3.2243959685994126
304200.0	3000.0	2094.81670891696	0.0	0	304.6498441985459	2294.8167089165654	1	0	tensor(3)	3.2243959685994126
3.66	3.36	1.62	1.6	2.29	2.73	3.9	3.87	1.77	3.06	3.1	2.72	2.17	2.35	3.68	4.95	5.05	1.99	2.25	2.95	3.29	2.5	3.83	4.44	3.23	2.66	3.04	2.77	3.14	2.13	2.43	3.5	2.88	2.22	3.34	4.16	4.32	5.25	5.61	5.51	4.15	2.22	2.86	2.93	3.49	3.88	2.24	3.52	4.12	2.92	1.91	2.54	2.13	2.65	3.88	3.89	3.83	2.85	3.93	4.65	1.56	2.65	2.72	1.19	2.32	3.51	3.43	3.41	2.06	1.89	3.17	3.45	2.73	3.23	3.09	4.15	5.51	6.12	4.7	3.59	4.38	2.83	2.88	3.02	4.23	3.42	3.43	3.92	2.79	3.01	3.98	4.98	4.84	5.73	3.87	3.15	2.51	1.81	2.39	1.74	1.46	2.49	3.29	4.26	5.37	3.89	3.21	4.02	3.8	3.63	3.35	3.3	3.78	4.39	5.02	3.29	3.34	2.49	1.99	3.56	4.0	3.95	3.02	3.1	2.12	2.0	2.79	3.24	1.95	1.61	1.63	2.94	4.07	5.07	3.5	2.55	2.4	1.39	2.09	3.31	4.41	2.34	2.18	2.8	3.49	4.73	5.31	4.34	3.74	2.44	3.66	3.36	1.62	1.6	2.29	2.73	3.9	3.87	1.77	3.06	3.1	2.72	2.17	2.35	3.68	4.95	5.05	1.99	2.25	2.95	3.29	2.5	3.83	4.44	3.23	2.66	3.04	2.77	3.14	2.13	2.43	3.5	2.88	2.22	3.34	4.16	4.32	5.25	5.61	5.51	4.15	2.22	2.86	2.93	3.49	3.88	2.24	3.52	4.12	2.92	1.91	2.54	2.13	2.65	3.88	3.89	3.83	2.85	3.93	4.65	1.56	2.65	2.72	1.19	2.32	3.51	3.43	3.41	2.06	1.89	3.17	3.45	2.73	3.23	3.09	4.15	5.51	6.12	4.7	3.59	4.38	2.83	2.88	3.02	4.23	3.42	3.43	3.92	2.79	3.01	3.98	4.98	4.84	5.73	3.87	3.15	2.51	1.81	2.39	1.74	1.46	2.49	3.29	4.26	5.37	3.89	3.21	4.02	3.8	3.63	3.35	3.3	3.78	4.39	5.02	3.29	3.34	2.49	1.99	3.56	4.0	3.95	3.02	3.1	2.12	2.0	2.79	3.24	1.95	1.61	1.63	2.94	4.07	5.07	3.5	2.55	2.4	1.39	2.09	3.31	4.41	2.34	2.18	2.8	3.49	4.73	5.31	4.34	3.74	2.44	3.66	3.36	1.62	1.6	2.29
1.0	2.0	3.0	4.0	5.0	6.0	7.0	8.0	9.0	10.0	11.0	12.0	13.0	14.0	15.0	16.0	17.0	18.0	19.0	20.0	21.0	22.0	23.0	24.0	25.0	26.0	27.0	28.0	29.0	30.0	31.0	32.0	33.0	34.0	35.0	36.0	37.0	38.0	39.0	40.0	41.0	42.0	43.0	44.0	45.0	46.0	47.0	48.0	49.0	50.0	51.0	52.0	53.0	54.0	55.0	56.0	57.0	58.0	59.0	60.0	61.0	62.0	63.0	64.0	65.0	66.0	67.0	68.0	69.0	70.0	71.0	72.0	73.0	74.0	75.0	76.0	77.0	78.0	79.0	80.0	81.0	82.0	83.0	84.0	85.0	86.0	87.0	88.0	89.0	90.0	91.0	92.0	93.0	94.0	95.0	96.0	97.0	98.0	99.0	100.0	101.0	102.0	103.0	104.0	105.0	106.0	107.0	108.0	109.0	110.0	111.0	112.0	113.0	114.0	115.0	116.0	117.0	118.0	119.0	120.0	121.0	122.0	123.0	124.0	125.0	126.0	127.0	128.0	129.0	130.0	131.0	132.0	133.0	134.0	135.0	136.0	137.0	138.0	139.0	140.0	141.0	142.0	143.0	144.0	145.0	146.0	147.0	148.0	149.0	149.0	150.0	151.0	152.0	153.0	154.0	155.0	156.0	157.0	158.0	159.0	160.0	161.0	162.0	163.0	164.0	165.0	166.0	167.0	168.0	169.0	170.0	171.0	172.0	173.0	174.0	175.0	176.0	177.0	178.0	179.0	180.0	181.0	182.0	183.0	184.0	185.0	186.0	187.0	188.0	189.0	190.0	191.0	192.0	193.0	194.0	195.0	196.0	197.0	198.0	199.0	200.0	201.0	202.0	203.0	204.0	205.0	206.0	207.0	208.0	209.0	210.0	211.0	212.0	213.0	214.0	215.0	216.0	217.0	218.0	219.0	220.0	221.0	222.0	223.0	224.0	225.0	226.0	227.0	228.0	229.0	230.0	231.0	232.0	233.0	234.0	235.0	236.0	237.0	238.0	239.0	240.0	241.0	242.0	243.0	244.0	245.0	246.0	247.0	248.0	249.0	250.0	251.0	252.0	253.0	254.0	255.0	256.0	257.0	258.0	259.0	260.0	261.0	262.0	263.0	264.0	265.0	266.0	267.0	268.0	269.0	270.0	271.0	272.0	273.0	274.0	275.0	276.0	277.0	278.0	279.0	280.0	281.0	282.0	283.0	284.0	285.0	286.0	287.0	288.0	289.0	290.0	291.0	292.0	293.0	294.0	295.0	296.0	297.0	298.0	298.0	299.0	300.0	301.0	302.0	303.0
4239.912375479131
