6324.428671592772	500.0	2000.0	404.832343415094	0	0.0	6324.428671592772	1	0	tensor(3)	-2.796205654884553
7055.622859790605	1000.0	2268.805811802168	0.0	0	0.0	6324.428671592773	1	0	tensor(3)	0.48036915876968156
7998.639518845122	1000.0	2325.78915274765	0.0	0	0.0	6324.428671592774	1	0	tensor(3)	1.1735163393296268
8869.997685541925	1000.0	2454.430986050848	0.0	0	0.0	6324.428671592774	1	0	tensor(3)	1.1735163393296268
9675.745923393246	1000.0	2648.682748199529	0.0	0	0.0	6324.428671592776	1	0	tensor(3)	1.1735163393296268
10794.34039883749	1000.0	2530.0882727552844	0.0	0	0.0	6324.428671592776	1	0	tensor(3)	1.1735163393296266
11887.636401804604	1000.0	2436.792269788171	0.0	0	0.0	6324.428671592776	1	0	tensor(3)	1.1735163393296266
13279.150869586705	1000.0	2045.27780200607	0.0	0	0.0	6324.428671592775	1	0	tensor(3)	1.1735163393296266
14249.267046224608	1000.0	2075.1616253681677	0.0	0	0.0	6324.4286715927765	1	0	tensor(3)	1.1735163393296266
15330.327807354965	1000.0	1994.100864237812	0.0	0	0.0	6324.428671592777	1	0	tensor(3)	1.1735163393296264
16112.663222699413	1000.0	2211.7654488933645	0.0	0	0.0	6324.428671592777	1	0	tensor(3)	1.1735163393296264
16758.011106730628	1000.0	2566.417564862151	0.0	0	0.0	6324.428671592777	1	0	tensor(3)	1.1735163393296264
17295.04079183053	1000.0	3029.387879762248	0.0	0	0.0	6324.428671592777	1	0	tensor(3)	1.1735163393296264
18419.64162999964	1000.0	2904.787041593136	0.0	0	0.0	6324.428671592776	1	0	tensor(3)	1.1735163393296266
19849.186359239447	1000.0	2475.242312353328	0.0	0	0.0	6324.428671592776	1	0	tensor(3)	1.1735163393296264
21173.379177150568	1000.0	2151.049494442208	0.0	0	0.0	6324.428671592777	1	0	tensor(3)	1.1735163393296266
22566.30490325001	1000.0	1758.1237683427646	0.0	0	0.0	6324.428671592776	1	0	tensor(3)	1.1735163393296266
23653.179415956227	1000.0	1671.2492556365503	0.0	0	0.0	6324.428671592774	1	0	tensor(3)	1.1735163393296268
24734.313542885564	1000.0	1590.1151287072144	0.0	0	0.0	6324.428671592774	1	0	tensor(3)	1.1735163393296268
25936.62819039633	1000.0	1387.8004811964465	0.0	0	0.0	6324.42867159277	1	0	tensor(3)	1.1735163393296273
27090.901579594116	1000.0	1233.5270919986626	0.0	0	0.0	6324.42867159277	1	0	tensor(3)	1.1735163393296273
28394.074184008758	1000.0	930.3544875840219	0.0	0	0.0	6324.42867159277	1	0	tensor(3)	1.1735163393296273
29198.30702541358	1000.0	1126.1216461792028	0.0	0	0.0	6324.42867159277	1	0	tensor(3)	1.1735163393296273
30364.198989943987	1000.0	960.2296816487931	0.0	0	0.0	6324.42867159277	1	0	tensor(3)	1.1735163393296273
31214.467492150492	1000.0	1109.9611794422872	0.0	0	0.0	6324.42867159277	1	0	tensor(3)	1.1735163393296273
32534.16710344438	1000.0	790.2615681484001	0.0	0	0.0	6324.4286715927665	1	0	tensor(3)	1.1735163393296275
33287.94378385972	1000.0	1036.4848877330573	0.0	0	0.0	6324.42867159277	1	0	tensor(3)	1.1735163393296273
34241.45341292928	1000.0	1082.9752586634952	0.0	0	0.0	6324.42867159277	1	0	tensor(3)	1.1735163393296268
35373.018207419766	1000.0	951.4104641730097	0.0	0	0.0	6324.428671592774	1	0	tensor(3)	1.173516339329627
36182.78142515958	1000.0	1141.6472464331966	0.0	0	0.0	6324.42867159277	1	0	tensor(3)	1.173516339329627
36942.59136453437	1000.0	1381.8373070584003	0.0	0	0.0	6324.4286715927665	1	0	tensor(3)	1.1735163393296275
37490.907199806476	1000.0	1833.5214717862982	0.0	0	0.0	6324.42867159277	1	0	tensor(3)	1.1735163393296268
38122.95503642193	1000.0	2201.473635170841	0.0	0	0.0	6324.42867159277	1	0	tensor(3)	1.1735163393296273
38922.36410727256	1000.0	2402.064564320215	0.0	0	0.0	6324.4286715927665	1	0	tensor(3)	1.1735163393296273
39456.507432112114	1000.0	2867.9212394806614	0.0	0	0.0	6324.4286715927665	1	0	tensor(3)	1.1735163393296275
40988.72216095822	2000.0	2335.7065106345594	0.0	0	0.0	6324.4286715927665	1	0	tensor(3)	1.5200899296096
42219.93176164142	1000.0	2104.4969099513633	0.0	0	0.0	6324.4286715927665	1	0	tensor(3)	0.48036915876968245
42990.577254745134	1000.0	2333.8514168476563	0.0	0	0.0	6324.428671592774	1	0	tensor(3)	1.1735163393296268
43515.870176299846	1000.0	2808.5584952929357	0.0	0	0.0	6324.428671592774	1	0	tensor(3)	1.1735163393296268
44055.918419690846	1000.0	3268.51025190194	0.0	0	0.0	6324.428671592774	1	0	tensor(3)	1.1735163393296268
44933.60079537151	1000.0	3390.827876221271	0.0	0	0.0	6324.428671592774	1	0	tensor(3)	1.1735163393296268
45528.95783897203	1000.0	3795.4708326207574	0.0	0	0.0	6324.428671592774	1	0	tensor(3)	1.1735163393296268
46620.56864903306	2000.0	3703.860022559717	0.0	0	0.0	6324.4286715927665	1	0	tensor(3)	1.5200899296096
48211.94383267826	2000.0	3112.4848389145186	0.0	0	0.0	6324.4286715927665	1	0	tensor(3)	2.2132371101695454
48778.64813928198	1000.0	3545.780532310803	0.0	0	0.0	6324.4286715927665	1	0	tensor(3)	0.48036915876968245
50006.739509121246	2000.0	3317.68916247154	0.0	0	0.0	6324.428671592774	1	0	tensor(3)	1.5200899296095995
50799.71781884118	1000.0	3524.710852751601	0.0	0	0.0	6324.428671592774	1	0	tensor(3)	0.4803691587696817
52753.88812728969	2000.0	2570.540544303082	0.0	0	0.0	6324.428671592774	1	0	tensor(3)	1.5200899296095995
53211.00947276539	1000.0	3113.419198827384	0.0	0	0.0	6324.428671592774	1	0	tensor(3)	0.4803691587696817
53975.83670059473	2000.0	3348.591970998057	0.0	0	0.0	6324.428671592781	1	0	tensor(3)	1.520089929609599
55276.78647025034	2000.0	3047.642201342432	0.0	0	0.0	6324.428671592781	1	0	tensor(3)	2.213237110169544
56489.123677368865	2000.0	2835.30499422391	0.0	0	0.0	6324.428671592781	1	0	tensor(3)	2.213237110169544
58194.32211783197	2000.0	2130.1065537608074	0.0	0	0.0	6324.428671592781	1	0	tensor(3)	2.213237110169544
58858.101407058246	1000.0	2466.327264534531	0.0	0	0.0	6324.428671592781	1	0	tensor(3)	0.480369158769681
59715.66077184294	1000.0	2608.767899749844	0.0	0	0.0	6324.428671592781	1	0	tensor(3)	1.1735163393296262
60607.52689127856	1000.0	2716.9017803142215	0.0	0	0.0	6324.428671592781	1	0	tensor(3)	1.1735163393296262
61171.61592891167	1000.0	3152.8127426811143	0.0	0	0.0	6324.428671592788	1	0	tensor(3)	1.1735163393296253
62169.48516535105	1000.0	3154.9435062417388	0.0	0	0.0	6324.428671592796	1	0	tensor(3)	1.1735163393296246
63025.49989582568	1000.0	3298.928775767107	0.0	0	0.0	6324.428671592788	1	0	tensor(3)	1.1735163393296253
64191.718237674584	1000.0	3132.710433918199	0.0	0	0.0	6324.428671592788	1	0	tensor(3)	1.1735163393296253
64841.75156472382	1000.0	3482.677106868957	0.0	0	0.0	6324.428671592788	1	0	tensor(3)	1.1735163393296253
66122.05997789296	1000.0	3202.36869369982	0.0	0	0.0	6324.428671592796	1	0	tensor(3)	1.1735163393296253
66868.03357576247	1000.0	3456.395095830323	0.0	0	0.0	6324.42867159281	1	0	tensor(3)	1.1735163393296235
67685.36771425011	1000.0	3639.060957342689	0.0	0	0.0	6324.42867159281	1	0	tensor(3)	1.173516339329623
68323.29757057811	1000.0	4001.131101014699	0.0	0	0.0	6324.428671592825	1	0	tensor(3)	1.1735163393296226
69538.20984493052	1000.0	3786.218826662288	0.0	0	0.0	6324.428671592825	1	0	tensor(3)	1.1735163393296215
70683.98468827584	1000.0	3640.4439833169586	0.0	0	0.0	6324.428671592825	1	0	tensor(3)	1.1735163393296213
71456.824825478	1000.0	3867.6038461148028	0.0	0	0.0	6324.428671592832	1	0	tensor(3)	1.1735163393296206
72595.16500578221	2000.0	3729.263665810612	0.0	0	0.0	6324.428671592832	1	0	tensor(3)	1.5200899296095938
73934.42359577	2000.0	3390.0050758228363	0.0	0	0.0	6324.428671592832	1	0	tensor(3)	2.2132371101695387
75497.02853157838	2000.0	2827.4001400144425	0.0	0	0.0	6324.428671592832	1	0	tensor(3)	2.2132371101695387
76036.45515772398	1000.0	3287.9735138688466	0.0	0	0.0	6324.428671592832	1	0	tensor(3)	0.4803691587696759
77114.8612729869	2000.0	3209.5673986059264	0.0	0	0.0	6324.428671592832	1	0	tensor(3)	1.5200899296095938
77915.07918851628	1000.0	3409.3494830765567	0.0	0	0.0	6324.428671592832	1	0	tensor(3)	0.4803691587696759
78876.89767764248	1000.0	3447.5309939503427	0.0	0	0.0	6324.428671592832	1	0	tensor(3)	1.173516339329621
79846.43010063356	2000.0	3477.9985709592793	0.0	0	0.0	6324.428671592832	1	0	tensor(3)	1.5200899296095938
81214.22223952245	2000.0	3110.206432070381	0.0	0	0.0	6324.428671592832	1	0	tensor(3)	2.2132371101695387
81808.36370094086	1000.0	3516.0649706519785	0.0	0	0.0	6324.428671592832	1	0	tensor(3)	0.4803691587696759
83130.64964499889	2000.0	3193.7790265939448	0.0	0	0.0	6324.428671592832	1	0	tensor(3)	1.5200899296095938
84216.03533212461	2000.0	3108.3933394682244	0.0	0	0.0	6324.428671592832	1	0	tensor(3)	2.2132371101695387
85970.16752794129	2000.0	2354.261143651549	0.0	0	0.0	6324.428671592832	1	0	tensor(3)	2.2132371101695387
86740.395797387	1000.0	2584.032874205822	0.0	0	0.0	6324.428671592817	1	0	tensor(3)	0.4803691587696773
87330.595062436	1000.0	2993.8336091568203	0.0	0	0.0	6324.428671592817	1	0	tensor(3)	1.1735163393296224
88724.26008165217	1000.0	2600.1685899406357	0.0	0	0.0	6324.428671592817	1	0	tensor(3)	1.1735163393296224
90256.92278639172	1000.0	2067.5058852011034	0.0	0	0.0	6324.428671592817	1	0	tensor(3)	1.1735163393296224
91287.15670137618	1000.0	2037.2719702166542	0.0	0	0.0	6324.428671592817	1	0	tensor(3)	1.1735163393296224
92107.33785470697	1000.0	2217.0908168858614	0.0	0	0.0	6324.428671592817	1	0	tensor(3)	1.1735163393296224
92926.93046449703	1000.0	2397.49820709582	0.0	0	0.0	6324.428671592817	1	0	tensor(3)	1.1735163393296224
93383.76020401892	1000.0	2940.6684675739134	0.0	0	0.0	6324.428671592817	1	0	tensor(3)	1.1735163393296224
94044.44929821885	1000.0	3279.9793733739875	0.0	0	0.0	6324.428671592817	1	0	tensor(3)	1.1735163393296224
95109.50063106096	1000.0	3214.928040531893	0.0	0	0.0	6324.428671592817	1	0	tensor(3)	1.1735163393296224
95981.55027293283	1000.0	3342.8783986600192	0.0	0	0.0	6324.428671592803	1	0	tensor(3)	1.173516339329624
97109.6328129696	1000.0	3214.795858623254	0.0	0	0.0	6324.428671592803	1	0	tensor(3)	1.173516339329624
98430.48505588963	1000.0	2893.9436157032287	0.0	0	0.0	6324.428671592803	1	0	tensor(3)	1.173516339329624
99260.920838573	1000.0	3063.507833019854	0.0	0	0.0	6324.428671592803	1	0	tensor(3)	1.173516339329624
100028.00716335807	1000.0	3296.4215082347914	0.0	0	0.0	6324.428671592803	1	0	tensor(3)	1.173516339329624
100804.95483254598	1000.0	3519.473839046871	0.0	0	0.0	6324.428671592803	1	0	tensor(3)	1.173516339329624
101760.23399337022	1000.0	3564.194678222638	0.0	0	0.0	6324.428671592788	1	0	tensor(3)	1.1735163393296253
102349.49235263471	1000.0	3974.9363189581495	0.0	0	0.0	6324.428671592788	1	0	tensor(3)	1.1735163393296253
103662.08918789543	2000.0	3662.339483697429	0.0	0	0.0	6324.428671592803	1	0	tensor(3)	1.5200899296095969
104407.24485717696	1000.0	3917.183814415886	0.0	0	0.0	6324.428671592803	1	0	tensor(3)	0.4803691587696788
105572.18299109947	2000.0	3752.2456804933845	0.0	0	0.0	6324.428671592803	1	0	tensor(3)	1.5200899296095969
107108.75368954196	2000.0	3215.6749820508912	0.0	0	0.0	6324.428671592788	1	0	tensor(3)	2.213237110169543
108641.02354957469	2000.0	2683.405122018149	0.0	0	0.0	6324.428671592788	1	0	tensor(3)	2.213237110169543
110123.06402475003	1000.0	2201.3646468428096	0.0	0	0.0	6324.428671592774	1	0	tensor(3)	0.4803691587696817
111125.57968006017	1000.0	2198.848991532668	0.0	0	0.0	6324.428671592788	1	0	tensor(3)	1.1735163393296253
111739.93876200353	1000.0	2584.4899095893084	0.0	0	0.0	6324.428671592788	1	0	tensor(3)	1.1735163393296253
112459.1653054468	1000.0	2865.2633661460427	0.0	0	0.0	6324.428671592788	1	0	tensor(3)	1.1735163393296253
113230.71331537436	1000.0	3093.715356218489	0.0	0	0.0	6324.428671592788	1	0	tensor(3)	1.1735163393296253
113860.61946953315	1000.0	3463.809202059693	0.0	0	0.0	6324.428671592788	1	0	tensor(3)	1.1735163393296253
114844.06475406549	2000.0	3480.3639175273356	0.0	0	0.0	6324.428671592788	1	0	tensor(3)	1.5200899296095978
115473.87969630091	1000.0	3850.5489752919275	0.0	0	0.0	6324.428671592788	1	0	tensor(3)	0.4803691587696802
117850.596261911	2000.0	2473.8324096818296	0.0	0	0.0	6324.428671592788	1	0	tensor(3)	1.5200899296095978
118947.84891282678	1000.0	2376.579758766035	0.0	0	0.0	6324.428671592788	1	0	tensor(3)	0.4803691587696802
119955.65197472532	1000.0	2368.7766968675082	0.0	0	0.0	6324.428671592788	1	0	tensor(3)	1.1735163393296253
121237.0482200927	1000.0	2087.380451500103	0.0	0	0.0	6324.428671592774	1	0	tensor(3)	1.1735163393296268
122162.29680935804	1000.0	2162.131862234766	0.0	0	0.0	6324.428671592774	1	0	tensor(3)	1.1735163393296268
122915.9405045622	1000.0	2408.4881670306245	0.0	0	0.0	6324.428671592759	1	0	tensor(3)	1.1735163393296282
123581.2743247689	1000.0	2743.1543468238983	0.0	0	0.0	6324.428671592759	1	0	tensor(3)	1.1735163393296282
124507.08068137777	1000.0	2817.3479902150452	0.0	0	0.0	6324.428671592774	1	0	tensor(3)	1.1735163393296268
125824.912386228	1000.0	2499.5162853648103	0.0	0	0.0	6324.428671592774	1	0	tensor(3)	1.1735163393296268
127015.45781635745	1000.0	2308.9708552353654	0.0	0	0.0	6324.428671592774	1	0	tensor(3)	1.1735163393296268
127937.0507161928	1000.0	2387.377955400018	0.0	0	0.0	6324.428671592774	1	0	tensor(3)	1.1735163393296268
128817.10343139914	1000.0	2507.325240193681	0.0	0	0.0	6324.428671592774	1	0	tensor(3)	1.1735163393296268
129649.70221457827	1000.0	2674.726457014563	0.0	0	0.0	6324.428671592774	1	0	tensor(3)	1.1735163393296268
130688.04988549097	1000.0	2636.3787861018486	0.0	0	0.0	6324.428671592774	1	0	tensor(3)	1.1735163393296268
131380.1602575353	1000.0	2944.2684140575093	0.0	0	0.0	6324.428671592759	1	0	tensor(3)	1.1735163393296268
131995.8667202637	1000.0	3328.561951329141	0.0	0	0.0	6324.428671592803	1	0	tensor(3)	1.1735163393296266
132750.43322172313	1000.0	3573.995449869751	0.0	0	0.0	6324.4286715928465	1	0	tensor(3)	1.1735163393296206
133270.34046240002	1000.0	4054.088209192838	0.0	0	0.0	6324.428671592832	1	0	tensor(3)	1.1735163393296213
134586.64906929238	2000.0	3737.7796023005103	0.0	0	0.0	6324.428671592876	1	0	tensor(3)	1.5200899296095904
136497.96481233145	2000.0	2826.4638592614556	0.0	0	0.0	6324.428671592905	1	0	tensor(3)	2.2132371101695343
137428.3828876664	1000.0	2896.045783926482	0.0	0	0.0	6324.428671592876	1	0	tensor(3)	0.48036915876967
138593.33972391055	2000.0	2731.0889476823527	0.0	0	0.0	6324.428671592876	1	0	tensor(3)	1.5200899296095893
139630.64823775462	1000.0	2693.7804338382866	0.0	0	0.0	6324.428671592905	1	0	tensor(3)	0.48036915876966857
140344.53873870042	1000.0	2979.889932892497	0.0	0	0.0	6324.428671592905	1	0	tensor(3)	1.1735163393296137
141739.50095753718	1000.0	2584.9277140557488	0.0	0	0.0	6324.428671592934	1	0	tensor(3)	1.1735163393296109
142755.64374112338	1000.0	2568.7849304695687	0.0	0	0.0	6324.428671592934	1	0	tensor(3)	1.1735163393296109
143520.71545245973	1000.0	2803.7132191331943	0.0	0	0.0	6324.428671592934	1	0	tensor(3)	1.1735163393296109
144338.8237511097	1000.0	2985.6049204832143	0.0	0	0.0	6324.428671592934	1	0	tensor(3)	1.1735163393296109
145726.65675356032	1000.0	2597.771918032593	0.0	0	0.0	6324.428671592934	1	0	tensor(3)	1.1735163393296109
146793.63952260397	1000.0	2530.789148988916	0.0	0	0.0	6324.428671592934	1	0	tensor(3)	1.1735163393296109
147893.06031661623	1000.0	2431.3683549766624	0.0	0	0.0	6324.428671592934	1	0	tensor(3)	1.1735163393296109
148557.95209849693	1000.0	2766.4765730959407	0.0	0	0.0	6324.428671592934	1	0	tensor(3)	1.1735163393296109
149250.19913797424	1000.0	3074.229533618615	0.0	0	0.0	6324.428671592963	1	0	tensor(3)	1.173516339329608
150095.23428459745	1000.0	3229.194386995401	0.0	0	0.0	6324.428671592934	1	0	tensor(3)	1.1735163393296109
150615.6796857401	1000.0	3708.7489858527942	0.0	0	0.0	6324.428671592963	1	0	tensor(3)	1.173516339329608
151793.21680250467	2000.0	3531.2118690882066	0.0	0	0.0	6324.428671592963	1	0	tensor(3)	1.5200899296095807
153126.1978041601	2000.0	3198.2308674327824	0.0	0	0.0	6324.428671592963	1	0	tensor(3)	2.213237110169526
154002.7552503506	1000.0	3321.67342124229	0.0	0	0.0	6324.428671592963	1	0	tensor(3)	0.4803691587696627
155034.0226528946	1000.0	3290.406018698274	0.0	0	0.0	6324.428671592992	1	0	tensor(3)	1.173516339329605
156623.37865290378	2000.0	2701.0500186891204	0.0	0	0.0	6324.428671593021	1	0	tensor(3)	1.5200899296095747
157431.57403132398	1000.0	2892.854640268904	0.0	0	0.0	6324.428671593021	1	0	tensor(3)	0.4803691587696569
158145.25750337157	1000.0	3179.1711682213436	0.0	0	0.0	6324.428671593021	1	0	tensor(3)	1.173516339329602
158945.96544291606	1000.0	3378.4632286768638	0.0	0	0.0	6324.42867159305	1	0	tensor(3)	1.1735163393296002
159855.3107366556	1000.0	3469.1179349373165	0.0	0	0.0	6324.42867159305	1	0	tensor(3)	1.173516339329599
160537.11089451206	1000.0	3787.317777080838	0.0	0	0.0	6324.42867159305	1	0	tensor(3)	1.173516339329599
161773.47519690992	1000.0	3550.9534746830086	0.0	0	0.0	6324.428671593079	1	0	tensor(3)	1.1735163393295964
162672.3326568746	1000.0	3652.0960147183046	0.0	0	0.0	6324.428671593079	1	0	tensor(3)	1.1735163393295964
163511.88209607	1000.0	3812.5465755228947	0.0	0	0.0	6324.428671593079	1	0	tensor(3)	1.1735163393295964
164510.50816536997	1000.0	3813.920506222911	0.0	0	0.0	6324.428671593079	1	0	tensor(3)	1.1735163393295964
165227.0551804048	1000.0	4097.373491188084	0.0	0	0.0	6324.428671593079	1	0	tensor(3)	1.1735163393295964
165969.87447030458	1000.0	4354.554201288319	0.0	0	0.0	6324.428671593079	1	0	tensor(3)	1.1735163393295964
167944.7253645216	2000.0	3379.7033070712855	0.0	0	0.0	6324.42867159305	1	0	tensor(3)	1.5200899296095718
169515.37068568703	1000.0	2809.057985905867	0.0	0	0.0	6324.42867159305	1	0	tensor(3)	0.48036915876965397
170737.2634923396	1000.0	2587.165179253274	0.0	0	0.0	6324.42867159305	1	0	tensor(3)	1.173516339329599
171675.31454017444	1000.0	2649.114131418448	0.0	0	0.0	6324.428671593079	1	0	tensor(3)	1.1735163393295964
172749.89637844946	1000.0	2574.532293143455	0.0	0	0.0	6324.428671593108	1	0	tensor(3)	1.1735163393295958
173601.58273911645	1000.0	2722.8459324764935	0.0	0	0.0	6324.428671593138	1	0	tensor(3)	1.1735163393295904
174306.01082646823	1000.0	3018.417845124713	0.0	0	0.0	6324.428671593138	1	0	tensor(3)	1.1735163393295904
176007.13614969078	1000.0	2317.2925219021467	0.0	0	0.0	6324.428671593138	1	0	tensor(3)	1.1735163393295904
176853.94544534598	1000.0	2470.4832262469745	0.0	0	0.0	6324.428671593138	1	0	tensor(3)	1.1735163393295904
177664.1789924998	1000.0	2660.2496790931764	0.0	0	0.0	6324.428671593138	1	0	tensor(3)	1.1735163393295904
178466.90314669468	1000.0	2857.5255248982944	0.0	0	0.0	6324.428671593138	1	0	tensor(3)	1.1735163393295904
179201.5821176599	1000.0	3122.846553933085	0.0	0	0.0	6324.428671593138	1	0	tensor(3)	1.1735163393295904
180007.5562853009	1000.0	3316.872386292041	0.0	0	0.0	6324.428671593108	1	0	tensor(3)	1.1735163393295922
181124.63326654423	1000.0	3199.795405048704	0.0	0	0.0	6324.428671593079	1	0	tensor(3)	1.1735163393295964
182177.58059921965	1000.0	3146.848072373287	0.0	0	0.0	6324.428671593079	1	0	tensor(3)	1.1735163393295964
183216.57994182198	1000.0	3107.8487297709607	0.0	0	0.0	6324.428671593108	1	0	tensor(3)	1.173516339329594
184074.53794053535	1000.0	3249.8907310575696	0.0	0	0.0	6324.428671593108	1	0	tensor(3)	1.1735163393295933
185236.18378009682	1000.0	3088.244891496093	0.0	0	0.0	6324.428671593079	1	0	tensor(3)	1.1735163393295958
185873.10633549344	1000.0	3451.3223360995053	0.0	0	0.0	6324.428671593079	1	0	tensor(3)	1.1735163393295964
186614.27412911158	1000.0	3710.1545424813703	0.0	0	0.0	6324.428671593079	1	0	tensor(3)	1.1735163393295964
187864.03867513005	2000.0	3460.389996462899	0.0	0	0.0	6324.42867159305	1	0	tensor(3)	1.5200899296095718
188409.02453913097	1000.0	3915.4041324619934	0.0	0	0.0	6324.42867159305	1	0	tensor(3)	0.48036915876965397
190469.9121010938	2000.0	2854.5165704991555	0.0	0	0.0	6324.428671593021	1	0	tensor(3)	1.5200899296095747
191513.7837465446	1000.0	2810.6449250483724	0.0	0	0.0	6324.428671593021	1	0	tensor(3)	0.4803691587696569
192249.40089439737	1000.0	3075.0277771956103	0.0	0	0.0	6324.428671593021	1	0	tensor(3)	1.173516339329602
193848.64101924197	2000.0	2475.7876523510295	0.0	0	0.0	6324.428671593021	1	0	tensor(3)	1.5200899296095747
194702.40339919017	1000.0	2622.0252724028137	0.0	0	0.0	6324.428671593021	1	0	tensor(3)	0.4803691587696546
195349.3217118292	1000.0	2975.1069597638007	0.0	0	0.0	6324.428671593021	1	0	tensor(3)	1.173516339329602
195906.1561357226	1000.0	3418.272535870383	0.0	0	0.0	6324.428671592992	1	0	tensor(3)	1.173516339329605
196788.51845335946	1000.0	3535.9102182334937	0.0	0	0.0	6324.428671592992	1	0	tensor(3)	1.173516339329605
197473.24213498613	1000.0	3851.1865366068223	0.0	0	0.0	6324.428671592992	1	0	tensor(3)	1.173516339329605
198495.94329300968	1000.0	3828.4853785832443	0.0	0	0.0	6324.428671592992	1	0	tensor(3)	1.173516339329605
199509.21350032958	1000.0	3815.2151712633645	0.0	0	0.0	6324.428671592992	1	0	tensor(3)	1.173516339329605
200106.65648784372	1000.0	4217.772183749229	0.0	0	0.0	6324.428671592992	1	0	tensor(3)	1.173516339329605
201471.9053277724	2000.0	3852.5233438205473	0.0	0	0.0	6324.428671592992	1	0	tensor(3)	1.5200899296095776
202082.7454405356	1000.0	4241.683231057359	0.0	0	0.0	6324.428671592963	1	0	tensor(3)	0.4803691587696627
203076.08119655232	2000.0	4248.347475040631	0.0	0	0.0	6324.428671592934	1	0	tensor(3)	1.5200899296095827
204099.3540234049	2000.0	4225.074648188022	0.0	0	0.0	6324.428671592963	1	0	tensor(3)	2.213237110169527
206174.63332442712	2000.0	3149.795347165816	0.0	0	0.0	6324.428671592963	1	0	tensor(3)	2.213237110169526
208107.77044219294	2000.0	2216.6582294	0.0	0	0.0	6324.428671592963	1	0	tensor(3)	2.213237110169526
209431.50041841407	2000.0	1892.928253178888	0.0	0	0.0	6324.428671592992	1	0	tensor(3)	2.2132371101695227
210137.14616331365	1000.0	2187.2825082793333	0.0	0	0.0	6324.428671592992	1	0	tensor(3)	0.4803691587696598
210916.07777623803	1000.0	2408.3508953549817	0.0	0	0.0	6324.428671592992	1	0	tensor(3)	1.173516339329605
212127.1017799804	1000.0	2197.3268916125926	0.0	0	0.0	6324.428671592963	1	0	tensor(3)	1.1735163393296066
212890.8063504563	1000.0	2433.622321136679	0.0	0	0.0	6324.428671592963	1	0	tensor(3)	1.173516339329608
213600.52242591567	1000.0	2723.906245677302	0.0	0	0.0	6324.428671592992	1	0	tensor(3)	1.173516339329605
214428.9246243497	1000.0	2895.504047243277	0.0	0	0.0	6324.428671592992	1	0	tensor(3)	1.173516339329605
215440.16742491475	1000.0	2884.261246678226	0.0	0	0.0	6324.428671593021	1	0	tensor(3)	1.173516339329602
216193.91491062095	1000.0	3130.5137609720523	0.0	0	0.0	6324.428671593021	1	0	tensor(3)	1.173516339329602
217083.15934003328	1000.0	3241.2693315596975	0.0	0	0.0	6324.428671593021	1	0	tensor(3)	1.173516339329602
218120.535121286	1000.0	3203.893550306988	0.0	0	0.0	6324.42867159305	1	0	tensor(3)	1.1735163393296002
219145.62117378085	1000.0	3178.807497812139	0.0	0	0.0	6324.42867159305	1	0	tensor(3)	1.173516339329599
220034.62677253468	1000.0	3289.8018990583078	0.0	0	0.0	6324.42867159305	1	0	tensor(3)	1.173516339329599
221872.26280726184	2000.0	2452.165864331154	0.0	0	0.0	6324.428671593079	1	0	tensor(3)	1.520089929609569
222872.24580044826	1000.0	2452.182871144761	0.0	0	0.0	6324.428671593079	1	0	tensor(3)	0.4803691587696512
223806.95710655517	1000.0	2517.4715650378453	0.0	0	0.0	6324.428671593079	1	0	tensor(3)	1.1735163393295964
224460.7514733807	1000.0	2863.677198212334	0.0	0	0.0	6324.428671593079	1	0	tensor(3)	1.1735163393295964
225054.40933267906	1000.0	3270.019338913926	0.0	0	0.0	6324.42867159305	1	0	tensor(3)	1.173516339329599
226385.7745800568	2000.0	2938.6540915361843	0.0	0	0.0	6324.42867159305	1	0	tensor(3)	1.5200899296095718
227076.38245599164	1000.0	3248.046215601347	0.0	0	0.0	6324.42867159305	1	0	tensor(3)	0.48036915876965397
228368.197148834	2000.0	2956.2315227589997	0.0	0	0.0	6324.42867159305	1	0	tensor(3)	1.5200899296095718
229570.77198960865	2000.0	2753.656681984374	0.0	0	0.0	6324.42867159305	1	0	tensor(3)	2.213237110169517
231173.3576788158	2000.0	2151.0709927771945	0.0	0	0.0	6324.428671593079	1	0	tensor(3)	2.2132371101695156
231734.4448544363	1000.0	2589.9838171567058	0.0	0	0.0	6324.428671593079	1	0	tensor(3)	0.4803691587696512
232914.80547407045	2000.0	2409.623197522557	0.0	0	0.0	6324.428671593079	1	0	tensor(3)	1.520089929609569
233911.833839932	1000.0	2412.5948316610557	0.0	0	0.0	6324.428671593079	1	0	tensor(3)	0.4803691587696512
235039.45457474983	1000.0	2284.974096843224	0.0	0	0.0	6324.428671593108	1	0	tensor(3)	1.1735163393295944
235792.73951969505	1000.0	2531.689151897989	0.0	0	0.0	6324.428671593108	1	0	tensor(3)	1.1735163393295933
236458.58969705345	1000.0	2865.8389745395993	0.0	0	0.0	6324.428671593108	1	0	tensor(3)	1.1735163393295933
238084.66437662774	1000.0	2239.7642949653305	0.0	0	0.0	6324.428671593108	1	0	tensor(3)	1.1735163393295933
239898.90642786722	1000.0	1425.5222437258537	0.0	0	0.0	6324.428671593079	1	0	tensor(3)	1.1735163393295946
240839.03354155034	1000.0	1485.3951300427623	0.0	0	0.0	6324.428671593079	1	0	tensor(3)	1.1735163393295982
241525.60104877915	1000.0	1798.827622813937	0.0	0	0.0	6324.42867159305	1	0	tensor(3)	1.173516339329599
242059.64973100662	1000.0	2264.7789405864496	0.0	0	0.0	6324.42867159305	1	0	tensor(3)	1.173516339329599
242515.47259579145	1000.0	2808.956075801621	0.0	0	0.0	6324.42867159305	1	0	tensor(3)	1.173516339329599
243744.60936833557	1000.0	2579.819303257499	0.0	0	0.0	6324.42867159305	1	0	tensor(3)	1.173516339329599
245231.25868108103	1000.0	2093.169990512015	0.0	0	0.0	6324.428671593021	1	0	tensor(3)	1.173516339329602
246508.69093843168	1000.0	1815.7377331613436	0.0	0	0.0	6324.428671592992	1	0	tensor(3)	1.173516339329605
247765.2098259566	1000.0	1559.218845636394	0.0	0	0.0	6324.428671592963	1	0	tensor(3)	1.173516339329608
248543.09654684708	1000.0	1781.332124745926	0.0	0	0.0	6324.428671592963	1	0	tensor(3)	1.173516339329608
249547.91837986239	1000.0	1776.510291730663	0.0	0	0.0	6324.428671592963	1	0	tensor(3)	1.173516339329608
250494.73518481012	1000.0	1829.6934867829198	0.0	0	0.0	6324.428671592934	1	0	tensor(3)	1.1735163393296109
251308.54426818356	1000.0	2015.8844034094996	0.0	0	0.0	6324.428671592934	1	0	tensor(3)	1.1735163393296109
252268.057369035	1000.0	2056.3713025580723	0.0	0	0.0	6324.428671592963	1	0	tensor(3)	1.173516339329608
252982.5583889161	1000.0	2341.870282676958	0.0	0	0.0	6324.428671592934	1	0	tensor(3)	1.1735163393296109
253789.21881830168	1000.0	2535.209853291384	0.0	0	0.0	6324.428671592934	1	0	tensor(3)	1.1735163393296109
254732.2186340147	1000.0	2592.210037578376	0.0	0	0.0	6324.428671592963	1	0	tensor(3)	1.1735163393296104
255611.0209772467	1000.0	2713.407694346367	0.0	0	0.0	6324.428671592992	1	0	tensor(3)	1.173516339329605
256351.7838010052	1000.0	2972.644870587861	0.0	0	0.0	6324.428671592963	1	0	tensor(3)	1.173516339329608
257291.61522161128	1000.0	3032.8134499817797	0.0	0	0.0	6324.428671592963	1	0	tensor(3)	1.173516339329608
258537.45217295285	1000.0	2786.9764986402115	0.0	0	0.0	6324.428671592992	1	0	tensor(3)	1.173516339329605
259649.41476035505	1000.0	2675.013911237994	0.0	0	0.0	6324.428671592992	1	0	tensor(3)	1.173516339329605
260303.60488726842	1000.0	3020.823784324647	0.0	0	0.0	6324.428671592992	1	0	tensor(3)	1.173516339329605
261217.18973561274	1000.0	3107.238935980373	0.0	0	0.0	6324.428671593021	1	0	tensor(3)	1.173516339329602
261814.15138866968	1000.0	3510.277282923424	0.0	0	0.0	6324.42867159305	1	0	tensor(3)	1.173516339329599
263092.93593147636	2000.0	3231.492740116789	0.0	0	0.0	6324.428671593108	1	0	tensor(3)	1.5200899296095673
263557.8845989271	1000.0	3766.5440726660286	0.0	0	0.0	6324.42867159305	1	0	tensor(3)	0.4803691587696523
266359.28404600226	2000.0	1965.1446255908818	0.0	0	0.0	6324.428671593079	1	0	tensor(3)	1.5200899296095685
267364.3663671501	1000.0	1960.062304443015	0.0	0	0.0	6324.42867159305	1	0	tensor(3)	0.48036915876965397
268539.73826347804	1000.0	1784.6904081150335	0.0	0	0.0	6324.428671592963	1	0	tensor(3)	1.1735163393296062
269829.0837264679	1000.0	1495.3449451251788	0.0	0	0.0	6324.4286715928465	1	0	tensor(3)	1.173516339329616
270605.5134206183	1000.0	1718.9152509747935	0.0	0	0.0	6324.4286715928465	1	0	tensor(3)	1.1735163393296195
271674.4449011685	1000.0	1649.9837704245958	0.0	0	0.0	6324.4286715928465	1	0	tensor(3)	1.1735163393296195
272163.9117243118	1000.0	2160.5169472812295	0.0	0	0.0	6324.4286715928465	1	0	tensor(3)	1.1735163393296195
273161.03970592335	1000.0	2163.388965669731	0.0	0	0.0	6324.428671592905	1	0	tensor(3)	1.173516339329616
274733.25646299653	1000.0	1591.1722085965853	0.0	0	0.0	6324.428671592905	1	0	tensor(3)	1.1735163393296184
275877.71838493564	1000.0	1446.7102866574232	0.0	0	0.0	6324.4286715928465	1	0	tensor(3)	1.1735163393296195
277003.0933193751	1000.0	1321.3353522179443	0.0	0	0.0	6324.4286715928465	1	0	tensor(3)	1.1735163393296195
277767.5586563544	1000.0	1556.8700152386962	0.0	0	0.0	6324.4286715928465	1	0	tensor(3)	1.1735163393296195
278496.6151849419	1000.0	1827.8134866512205	0.0	0	0.0	6324.4286715928465	1	0	tensor(3)	1.1735163393296195
279766.19616608706	1000.0	1558.2325055060357	0.0	0	0.0	6324.428671592905	1	0	tensor(3)	1.1735163393296137
280724.12450405414	1000.0	1600.3041675389477	0.0	0	0.0	6324.428671592905	1	0	tensor(3)	1.1735163393296137
281537.5438322722	1000.0	1786.8848393208627	0.0	0	0.0	6324.4286715928465	1	0	tensor(3)	1.1735163393296195
282097.2589556705	1000.0	2227.1697159224905	0.0	0	0.0	6324.4286715928465	1	0	tensor(3)	1.1735163393296195
282710.5474514445	1000.0	2613.8812201484916	0.0	0	0.0	6324.4286715928465	1	0	tensor(3)	1.1735163393296195
283202.9801498012	1000.0	3121.4485217918555	0.0	0	0.0	6324.4286715928465	1	0	tensor(3)	1.1735163393296195
284486.3782836159	2000.0	2838.0503879771204	0.0	0	0.0	6324.4286715928465	1	0	tensor(3)	1.5200899296095924
285561.5796782816	1000.0	2762.8489933113724	0.0	0	0.0	6324.4286715928465	1	0	tensor(3)	0.48036915876967434
286564.9416415909	1000.0	2759.487030002062	0.0	0	0.0	6324.428671592788	1	0	tensor(3)	1.1735163393296253
287255.29461820377	1000.0	3069.1340533892267	0.0	0	0.0	6324.4286715928465	1	0	tensor(3)	1.1735163393296195
288171.2034702413	1000.0	3153.225201351714	0.0	0	0.0	6324.4286715928465	1	0	tensor(3)	1.1735163393296195
288785.38358068967	1000.0	3539.0450909033257	0.0	0	0.0	6324.4286715928465	1	0	tensor(3)	1.1735163393296195
289772.428687695	2000.0	3551.999983898003	0.0	0	0.0	6324.428671592905	1	0	tensor(3)	1.520089929609591
291046.7118286148	1000.0	3277.716842978177	0.0	0	0.0	6324.4286715928465	1	0	tensor(3)	0.48036915876967434
291770.2409898384	1000.0	3554.1876817546113	0.0	0	0.0	6324.4286715928465	1	0	tensor(3)	1.1735163393296195
293150.0167783648	2000.0	3174.411893228204	0.0	0	0.0	6324.428671592905	1	0	tensor(3)	1.5200899296095862
294041.6606559689	1000.0	3282.7680156240312	0.0	0	0.0	6324.428671592905	1	0	tensor(3)	0.48036915876966857
295423.34879289253	1000.0	2901.079878700371	0.0	0	0.0	6324.428671592905	1	0	tensor(3)	1.1735163393296137
296718.18823860335	1000.0	2606.240432989609	0.0	0	0.0	6324.428671592905	1	0	tensor(3)	1.1735163393296137
297725.8813083256	1000.0	2598.5473632673065	0.0	0	0.0	6324.428671592905	1	0	tensor(3)	1.1735163393296137
298515.46531973913	1000.0	2808.9633518537717	0.0	0	0.0	6324.428671592905	1	0	tensor(3)	1.1735163393296137
299126.8497842133	1000.0	3197.5788873795755	0.0	0	0.0	6324.428671592905	1	0	tensor(3)	1.1735163393296137
299825.90596519405	1000.0	3498.5227063987777	0.0	0	0.0	6324.4286715928465	1	0	tensor(3)	1.173516339329616
300632.35064203566	1000.0	3692.0780295571158	0.0	0	0.0	6324.4286715928465	1	0	tensor(3)	1.1735163393296195
301352.82395036827	1000.0	3971.604721224428	0.0	0	0.0	6324.4286715928465	1	0	tensor(3)	1.1735163393296195
302618.36404735094	2000.0	3706.0646242418006	0.0	0	0.0	6324.428671592905	1	0	tensor(3)	1.5200899296095862
1.64	1.36	1.51	1.16	1.1	1.25	0.74	1.14	1.03	1.05	1.31	1.69	0.98	0.81	0.9	1.04	0.93	1.11	0.9	1.14	0.6	0.79	1.24	1.09	1.23	0.92	0.94	1.29	1.14	1.11	1.27	1.52	1.82	1.67	1.03	1.14	0.66	1.74	1.32	1.37	1.49	1.22	1.41	1.34	1.11	1.37	1.05	1.81	2.33	1.64	1.05	0.97	1.16	1.36	1.34	1.54	0.96	1.04	1.25	1.04	1.05	1.25	1.59	0.96	0.7	1.45	1.58	1.11	1.32	1.55	1.83	1.46	1.3	1.49	2.14	1.68	1.68	1.62	1.25	1.11	1.18	1.4	0.61	0.66	0.79	0.98	1.41	1.71	0.81	0.89	1.03	0.87	0.82	1.27	1.33	1.05	1.49	1.27	1.51	1.2	1.45	1.73	1.23	0.89	0.68	1.66	1.41	1.64	1.74	1.25	0.53	0.97	1.29	0.87	0.81	1.12	1.26	1.63	0.94	0.78	0.63	0.98	1.31	1.1	0.88	1.14	1.54	1.99	1.72	1.1	0.71	1.33	1.39	1.16	1.71	0.5	1.12	1.53	1.27	0.71	0.88	1.0	1.3	1.47	1.49	1.34	1.59	1.26	1.04	1.59	1.64	1.36	1.51	1.16	1.1	1.25	0.74	1.14	1.03	1.05	1.31	1.69	0.98	0.81	0.9	1.04	0.93	1.11	0.9	1.14	0.6	0.79	1.24	1.09	1.23	0.92	0.94	1.29	1.14	1.11	1.27	1.52	1.82	1.67	1.03	1.14	0.66	1.74	1.32	1.37	1.49	1.22	1.41	1.34	1.11	1.37	1.05	1.81	2.33	1.64	1.05	0.97	1.16	1.36	1.34	1.54	0.96	1.04	1.25	1.04	1.05	1.25	1.59	0.96	0.7	1.45	1.58	1.11	1.32	1.55	1.83	1.46	1.3	1.49	2.14	1.68	1.68	1.62	1.25	1.11	1.18	1.4	0.61	0.66	0.79	0.98	1.41	1.71	0.81	0.89	1.03	0.87	0.82	1.27	1.33	1.05	1.49	1.27	1.51	1.2	1.45	1.73	1.23	0.89	0.68	1.66	1.41	1.64	1.74	1.25	0.53	0.97	1.29	0.87	0.81	1.12	1.26	1.63	0.94	0.78	0.63	0.98	1.31	1.1	0.88	1.14	1.54	1.99	1.72	1.1	0.71	1.33	1.39	1.16	1.71	0.5	1.12	1.53	1.27	0.71	0.88	1.0	1.3	1.47	1.49	1.34	1.59	1.26	1.04	1.59	1.64	1.36	1.51
1.0	2.0	3.0	4.0	5.0	6.0	7.0	8.0	9.0	10.0	11.0	12.0	13.0	14.0	15.0	16.0	17.0	18.0	19.0	20.0	21.0	22.0	23.0	24.0	25.0	26.0	27.0	28.0	29.0	30.0	31.0	32.0	33.0	34.0	35.0	36.0	37.0	38.0	39.0	40.0	41.0	42.0	43.0	44.0	45.0	46.0	47.0	48.0	49.0	50.0	51.0	52.0	53.0	54.0	55.0	56.0	57.0	58.0	59.0	60.0	61.0	62.0	63.0	64.0	65.0	66.0	67.0	68.0	69.0	70.0	71.0	72.0	73.0	74.0	75.0	76.0	77.0	78.0	79.0	80.0	81.0	82.0	83.0	84.0	85.0	86.0	87.0	88.0	89.0	90.0	91.0	92.0	93.0	94.0	95.0	96.0	97.0	98.0	99.0	100.0	101.0	102.0	103.0	104.0	105.0	106.0	107.0	108.0	109.0	110.0	111.0	112.0	113.0	114.0	115.0	116.0	117.0	118.0	119.0	120.0	121.0	122.0	123.0	124.0	125.0	126.0	127.0	128.0	129.0	130.0	131.0	132.0	133.0	134.0	135.0	136.0	137.0	138.0	139.0	140.0	141.0	142.0	143.0	144.0	145.0	146.0	147.0	148.0	149.0	149.0	150.0	151.0	152.0	153.0	154.0	155.0	156.0	157.0	158.0	159.0	160.0	161.0	162.0	163.0	164.0	165.0	166.0	167.0	168.0	169.0	170.0	171.0	172.0	173.0	174.0	175.0	176.0	177.0	178.0	179.0	180.0	181.0	182.0	183.0	184.0	185.0	186.0	187.0	188.0	189.0	190.0	191.0	192.0	193.0	194.0	195.0	196.0	197.0	198.0	199.0	200.0	201.0	202.0	203.0	204.0	205.0	206.0	207.0	208.0	209.0	210.0	211.0	212.0	213.0	214.0	215.0	216.0	217.0	218.0	219.0	220.0	221.0	222.0	223.0	224.0	225.0	226.0	227.0	228.0	229.0	230.0	231.0	232.0	233.0	234.0	235.0	236.0	237.0	238.0	239.0	240.0	241.0	242.0	243.0	244.0	245.0	246.0	247.0	248.0	249.0	250.0	251.0	252.0	253.0	254.0	255.0	256.0	257.0	258.0	259.0	260.0	261.0	262.0	263.0	264.0	265.0	266.0	267.0	268.0	269.0	270.0	271.0	272.0	273.0	274.0	275.0	276.0	277.0	278.0	279.0	280.0	281.0	282.0	283.0	284.0	285.0	286.0	287.0	288.0	289.0	290.0	291.0	292.0	293.0	294.0	295.0	296.0	297.0	298.0	298.0	299.0	300.0	301.0
5686.576005381441
