5561.272752419386	300.0	2000.0	136.53184621220856	0	0.0	5561.272752419386	1	0	1	-2.3521392256992395
5739.0670152212815	300.0	2822.2057371981045	0.0	0	0.0	5561.272752419386	1	0	1	-1.5582866370896657
6004.732051641181	500.0	3529.974197136215	0.0	0	0.0	5534.706248777396	1	0	2	-1.9386195629840224
6254.189921105318	500.0	4255.570540725665	0.0	0	0.0	5509.760461830982	1	0	2	-1.2037211200868483
6527.662864239403	500.0	4954.750303278171	0.0	0	0.0	5482.413167517572	1	0	2	-1.1792491637121596
7200.0	500.0	5215.179453941511	0.0	0	337.2717566813708	5415.179453941512	1	0	2	-1.1393068895417997
8200.0	500.0	5115.1794539415105	0.0	0	780.0947993856234	5315.179453941513	1	0	2	-1.056027075056917
9200.0	1000.0	5015.179453941511	0.0	0	457.52384736655404	5215.179453941514	1	0	2	-0.9662013612813009
10200.0	1000.0	4915.1794539415105	0.0	0	439.61666306577536	5115.179453941513	1	0	2	-0.18727602248999176
11200.0	2000.0	4815.179453941509	0.0	0	13.729793290367525	5015.179453941511	1	0	2	-0.09471546194885722
12200.0	2000.0	4715.17945394151	0.0	0	59.99788691232061	4915.179453941512	1	0	2	0.6737420787581416
13200.0	2000.0	4615.179453941511	0.0	0	4.250729947019863	4815.179453941513	1	0	2	0.7506791414939595
14200.0	2000.0	4515.179453941512	0.0	0	161.33019513265754	4715.179453941513	1	0	2	0.8175423842960774
15200.0	2000.0	4415.179453941513	0.0	0	4.634811403169806	4615.179453941511	1	0	2	0.8898978504486118
16200.0	2000.0	4315.179453941516	0.0	0	24.124680066010114	4515.179453941511	1	0	2	0.9503761153506183
17212.16443778886	2000.0	4201.798572373771	0.0	0	0.0	4413.963010162626	1	0	2	1.012394437554739
18200.0	2000.0	4115.179453941515	0.0	0	105.06791473962949	4315.17945394151	1	0	2	1.0646490851866215
19200.0	2000.0	4015.1794539415105	0.0	0	91.52633795661313	4215.179453941506	1	0	2	1.1167794097352863
20249.50755133763	2000.0	3860.721147470119	0.0	0	0.0	4110.228698807745	1	0	2	1.1691990720091299
21508.15573923114	2000.0	3476.2081407872543	0.0	0	0.0	3984.363880018391	1	0	2	1.2224906187236213
22795.88526959361	2000.0	3059.7056573885357	0.0	0	0.0	3855.5909269821386	1	0	2	1.2749854924460742
24046.744645478277	2000.0	2683.7603439154036	0.0	0	0.0	3730.5049893936703	1	0	2	1.3209785184659266
24992.560438046694	2000.0	2643.362972090142	0.0	0	0.0	3635.923410136824	1	0	2	1.35521584044735
26150.356384004725	2000.0	2369.7874315363074	0.0	0	0.0	3520.143815541018	1	0	2	1.3887127295330748
27227.675756978577	2000.0	2184.736121265066	0.0	0	0.0	3412.411878243627	1	0	2	1.4200252321376374
27920.685560854272	2000.0	2422.425337001805	0.0	0	0.0	3343.1108978560624	1	0	2	1.4405014303153207
29156.623607910395	2000.0	2062.8934852400716	0.0	0	0.0	3219.517093150451	1	0	2	1.4655843936850372
29947.458053068334	2000.0	2192.975595566338	0.0	0	0.0	3140.4336486346583	1	0	2	1.4860054375536533
30698.70370984502	2000.0	2366.605373111981	0.0	0	0.0	3065.3090829569883	1	0	2	1.501368688338474
31491.46274819219	2000.0	2494.5704309300954	0.0	0	0.0	2986.0331791222743	1	0	2	1.5160537883534204
32307.061058053223	2000.0	2597.412290082959	0.0	0	0.0	2904.4733481361654	1	0	2	1.5303340179753513
33200.0	2000.0	2615.1794539414996	0.0	0	71.83305538642162	2815.179453941484	1	0	2	1.5437142892619833
34200.0	2000.0	2515.1794539414977	0.0	0	21.853523683501408	2715.1794539414805	1	0	2	1.558707706756662
35454.235001239234	2000.0	2135.5209525783353	0.0	0	0.0	2589.7559538175483	1	0	2	1.5748513356085676
36428.286909957074	2000.0	2064.063852988712	0.0	0	0.0	2492.350762945767	1	0	2	1.5877185405585643
37200.0	2000.0	2215.1794539414923	0.0	0	22.193712818509084	2415.1794539414695	1	0	2	1.596951433317881
38200.0	2000.0	2115.179453941492	0.0	0	241.70953289015597	2315.179453941455	1	0	2	1.6055818369134278
39384.08289396994	2000.0	1812.688270574556	0.0	0	0.0	2196.7711645444724	1	0	2	1.6171558607457301
40703.407516901934	2000.0	1361.431185349366	0.0	0	0.0	2064.838702251276	1	0	2	1.6275068746684462
41599.823440503395	2000.0	1375.3736693877577	0.0	0	0.0	1975.1971098911235	1	0	2	1.6350763915320279
42714.69325825478	2000.0	1149.0168698612347	0.0	0	0.0	1863.7101281159776	1	0	2	1.642352552832489
43870.67802766719	2000.0	877.4336235075814	0.0	0	0.0	1748.1116511747387	1	0	2	1.6491438804476997
44830.87610269983	2000.0	821.2157409716746	0.0	0	0.0	1652.0918436714637	1	0	2	1.6546521634709548
45734.50377432016	2000.0	827.2253021893164	0.0	0	0.0	1561.729076509444	1	0	2	1.6592859670369953
46679.31217514989	2000.0	787.9360612766123	0.0	0	0.0	1467.2482364264724	1	0	2	1.6634584456636634
47504.29978499839	2000.0	880.449690443261	0.0	0	0.0	1384.7494754416184	1	0	2	1.6669977581675077
48206.04870167644	2000.0	1108.5258820973988	0.0	0	0.0	1314.5745837737995	1	0	2	1.6697479932010133
49200.0	2000.0	1015.179453941475	0.0	0	79.90444967629446	1215.179453941426	1	0	2	1.6728280123520392
50200.0	2000.0	915.179453941474	0.0	0	2.5324679829354864	1115.1794539414186	1	0	2	1.676217133792847
51317.2407545062	2000.0	686.214623984649	0.0	0	0.0	1003.4553784908057	1	0	2	1.679359562051215
52200.0	2000.0	715.1794539414586	0.0	0	98.09367084865517	915.1794539414113	1	0	2	1.6817322148800917
53281.714226177515	2000.0	525.2938051461986	0.0	0	0.0	807.0080313236613	1	0	2	1.6842538880289142
54605.35978139139	2000.0	200.0	118.83300508096752	0	0.0	805.3597813913366	1	0	2	0.9717893325581415
56036.772630207044	2000.0	361.2449857608632	592.6578345765199	0	0.0	1398.0176159679104	1	0	1	-1.8886656854203692
57022.61853050328	2000.0	452.56285445252996	77.16376898790253	0	0.0	1475.1813849558166	1	0	1	1.4011458428404246
58190.65366210368	2000.0	450.3523069268756	165.82458407474053	0	0.0	1641.005969030557	1	0	1	0.8615441764410832
58993.65373520908	2000.0	647.3522338214738	0.0	0	0.0	1641.005969030557	1	0	1	1.8564916808895262
59889.075787319525	2000.0	751.9301817110276	0.0	0	0.0	1641.005969030557	1	0	1	1.8564916808895262
61303.542979371756	2000.0	337.4629896587949	0.0	0	0.0	1641.005969030557	1	0	1	1.8564916808895262
62211.196631476574	2000.0	546.2689972972421	116.45965974326441	0	0.0	1757.4656287738253	1	0	1	1.1515824362807239
62696.72722344045	1000.0	1060.7384053333612	0.0	0	0.0	1757.4656287738326	1	0	1	0.46404603362041935
63200.0	1000.0	1557.465628773814	0.0	0	13.763071235960524	1757.4656287738326	1	0	1	1.1571932141803645
65215.88022898179	2000.0	541.5853997920244	0.0	0	0.0	1757.4656287738253	1	0	1	1.157193214180365
65769.8385837514	1000.0	987.6270450223968	0.0	0	0.0	1757.4656287738107	1	0	1	0.46404603362042013
66348.56820482382	1000.0	1408.8974239499835	0.0	0	0.0	1757.465628773818	1	0	1	1.1571932141803656
67200.0	1000.0	1557.4656287738242	0.0	0	45.72944958781591	1757.4656287738326	1	0	1	1.157193214180365
68719.90163486279	1000.0	1037.563993911031	0.0	0	0.0	1757.4656287738326	1	0	1	1.1571932141803645
69363.43825241514	1000.0	1394.027376358685	0.0	0	0.0	1757.4656287738326	1	0	1	1.1571932141803645
70200.0	1000.0	1557.4656287738283	0.0	0	216.84083854536584	1757.4656287738471	1	0	1	1.1571932141803638
71265.70270896029	1000.0	1491.762919813533	0.0	0	0.0	1757.4656287738471	1	0	1	1.1571932141803638
72200.0	1000.0	1557.4656287738362	0.0	0	94.38042371549818	1757.4656287738471	1	0	1	1.1571932141803638
73200.0	1000.0	1557.465628773837	0.0	0	461.1096881043195	1757.4656287738326	1	0	1	1.1571932141803645
74200.0	1000.0	1557.4656287738262	0.0	0	580.7501996714418	1757.465628773818	1	0	1	1.1571932141803654
75200.0	1000.0	1557.4656287738305	0.0	0	599.0503620818054	1757.465628773818	1	0	1	1.1571932141803654
76200.0	1000.0	1557.4656287738376	0.0	0	659.0062116857007	1757.4656287738326	1	0	1	1.1571932141803645
77200.0	1000.0	1557.4656287738374	0.0	0	584.8824646263383	1757.4656287738326	1	0	1	1.1571932141803645
78200.0	1000.0	1557.465628773834	0.0	0	591.1521665420878	1757.4656287738326	1	0	1	1.1571932141803645
79200.0	1000.0	1557.4656287738246	0.0	0	637.6370021926123	1757.4656287738326	1	0	1	1.1571932141803645
80200.0	1000.0	1557.4656287738353	0.0	0	575.8726070346747	1757.465628773818	1	0	1	1.1571932141803654
81200.0	1000.0	1557.4656287738321	0.0	0	120.37646456467337	1757.465628773818	1	0	1	1.1571932141803654
82200.0	1000.0	1557.4656287738326	0.0	0	391.39690581652394	1757.465628773818	1	0	1	1.1571932141803654
83200.0	1000.0	1557.4656287738333	0.0	0	398.9660793456569	1757.465628773818	1	0	1	1.1571932141803654
84200.0	1000.0	1557.465628773834	0.0	0	292.40253513885546	1757.465628773818	1	0	1	1.1571932141803654
85200.0	1000.0	1557.465628773843	0.0	0	90.02874543025973	1757.4656287738035	1	0	1	1.1571932141803662
86200.0	1000.0	1557.4656287738317	0.0	0	401.7830800336669	1757.4656287738035	1	0	1	1.1571932141803662
87200.0	1000.0	1557.4656287738294	0.0	0	337.2578255343542	1757.465628773789	1	0	1	1.1571932141803671
88200.0	1000.0	1557.4656287738264	0.0	0	358.42428801063215	1757.4656287738035	1	0	1	1.1571932141803662
89200.0	1000.0	1557.465628773847	0.0	0	440.24906295484107	1757.4656287738035	1	0	1	1.1571932141803662
90200.0	1000.0	1557.465628773837	0.0	0	621.2924234843667	1757.465628773789	1	0	1	1.1571932141803671
91200.0	1000.0	1557.4656287738492	0.0	0	314.90956449887017	1757.465628773789	1	0	1	1.1571932141803671
92741.21994213888	1000.0	1016.2456866349792	0.0	0	0.0	1757.465628773789	1	0	1	1.1571932141803671
93382.48456463212	1000.0	1374.9810641417482	0.0	0	0.0	1757.465628773789	1	0	1	1.1571932141803671
94200.0	1000.0	1557.4656287738649	0.0	0	185.7905182716786	1757.465628773789	1	0	1	1.1571932141803671
95200.0	1000.0	1557.4656287738658	0.0	0	460.832293899075	1757.465628773789	1	0	1	1.1571932141803671
96200.0	1000.0	1557.46562877386	0.0	0	627.3283816100738	1757.4656287737744	1	0	1	1.1571932141803678
97200.0	1000.0	1557.4656287738728	0.0	0	563.0125279355561	1757.4656287737598	1	0	1	1.1571932141803687
98200.0	1000.0	1557.4656287738667	0.0	0	544.0729803890135	1757.4656287737598	1	0	1	1.1571932141803687
99200.0	1000.0	1557.4656287738608	0.0	0	566.1002515516739	1757.4656287737598	1	0	1	1.1571932141803687
100200.0	1000.0	1557.4656287738371	0.0	0	612.8135688228649	1757.4656287737453	1	0	1	1.1571932141803694
101200.0	1000.0	1557.4656287738458	0.0	0	705.0354552201316	1757.4656287737453	1	0	1	1.1571932141803694
102200.0	2000.0	1557.465628773854	0.0	0	488.6976755702781	1757.4656287737453	1	0	1	1.1571932141803694
103214.37365630313	2000.0	1543.0919724707276	0.0	0	0.0	1757.4656287737453	1	0	1	1.8503403947403148
104624.61371106266	2000.0	1132.8519177111984	0.0	0	0.0	1757.4656287737598	1	0	1	1.8503403947403139
105658.89992775698	2000.0	1098.565701016883	0.0	0	0.0	1757.4656287737598	1	0	1	1.8503403947403139
106372.02848126052	2000.0	1385.4371475133532	0.0	0	0.0	1757.4656287737598	1	0	1	1.8503403947403139
107200.0	2000.0	1557.4656287738903	0.0	0	163.0663834705192	1757.4656287737598	1	0	1	1.8503403947403139
108200.0	2000.0	1557.4656287738867	0.0	0	517.7157035048731	1757.4656287737598	1	0	1	1.8503403947403139
109200.0	2000.0	1557.4656287738753	0.0	0	535.6431216120982	1757.4656287737598	1	0	1	1.8503403947403139
110200.0	2000.0	1557.4656287738626	0.0	0	475.2003876797244	1757.4656287737453	1	0	1	1.8503403947403148
112329.70014503755	2000.0	427.7654837363084	0.0	0	0.0	1757.4656287737453	1	0	1	1.8503403947403148
113542.05492783617	2000.0	459.2030812530548	243.7923803153795	0	0.0	2001.2580090891279	1	0	1	0.3722224224765167
114515.42510698765	2000.0	538.1226763841219	52.28977428255291	0	0.0	2053.547783371687	1	0	1	1.5174445148425795
115204.3226587048	2000.0	849.2251246669822	0.0	0	0.0	2053.547783371687	1	0	1	1.831183160537897
115801.59288765625	2000.0	1251.954895715545	0.0	0	0.0	2053.547783371687	1	0	1	1.831183160537897
116325.49369203227	2000.0	1728.054091339544	0.0	0	0.0	2053.547783371687	1	0	1	1.831183160537897
117200.0	2000.0	1853.547783371815	0.0	0	232.3786368726869	2053.547783371687	1	0	1	1.831183160537897
119259.70342512504	2000.0	793.8443582467736	0.0	0	0.0	2053.547783371687	1	0	1	1.831183160537897
119934.35013508062	2000.0	1119.1976482912125	0.0	0	0.0	2053.547783371687	1	0	1	1.831183160537897
120618.41318965769	2000.0	1435.1345937141493	0.0	0	0.0	2053.547783371687	1	0	1	1.831183160537897
121200.0	2000.0	1853.5477833718207	0.0	0	55.946936152424314	2053.547783371687	1	0	1	1.831183160537897
122833.99044207593	2000.0	1219.5573412958943	0.0	0	0.0	2053.5477833717014	1	0	1	1.8311831605378959
123948.87161983883	2000.0	1104.6761635329858	0.0	0	0.0	2053.5477833717014	1	0	1	1.8311831605378959
124755.34476788722	2000.0	1298.2030154845804	0.0	0	0.0	2053.5477833717014	1	0	1	1.8311831605378959
125290.48250530203	2000.0	1763.065278069767	0.0	0	0.0	2053.547783371687	1	0	1	1.831183160537897
126200.0	2000.0	1853.5477833717975	0.0	0	142.55275600304594	2053.547783371687	1	0	1	1.831183160537897
127400.56497716981	2000.0	1652.982806201999	0.0	0	0.0	2053.547783371687	1	0	1	1.831183160537897
129178.6173334393	2000.0	874.9304499325118	0.0	0	0.0	2053.5477833717014	1	0	1	1.8311831605378959
130169.20266017364	2000.0	884.3451231981652	0.0	0	0.0	2053.547783371716	1	0	1	1.8311831605378948
131076.17120712588	2000.0	977.3765762459424	0.0	0	0.0	2053.5477833717305	1	0	1	1.8311831605378937
131918.87249673085	2000.0	1134.6752866409856	0.0	0	0.0	2053.5477833717305	1	0	1	1.8311831605378934
132744.40818971556	2000.0	1309.1395936562674	0.0	0	0.0	2053.5477833717014	1	0	1	1.8311831605378954
133333.74721299246	2000.0	1719.800570379318	0.0	0	0.0	2053.5477833716723	1	0	1	1.8311831605378979
134200.0	2000.0	1853.54778337178	0.0	0	283.32538140384713	2053.5477833716723	1	0	1	1.8311831605378979
135200.0	2000.0	1853.547783371774	0.0	0	178.23186423862353	2053.5477833716723	1	0	1	1.8311831605378979
136492.00636178075	2000.0	1561.5414215910084	0.0	0	0.0	2053.5477833716723	1	0	1	1.8311831605378979
137542.3249232194	2000.0	1511.2228601523725	0.0	0	0.0	2053.5477833716723	1	0	1	1.8311831605378979
138896.52602734315	2000.0	1157.0217560285726	0.0	0	0.0	2053.5477833716723	1	0	1	1.8311831605378979
140101.72908993295	2000.0	951.81869343878	0.0	0	0.0	2053.5477833716723	1	0	1	1.8311831605378979
141555.84318679236	2000.0	497.70459657935015	0.0	0	0.0	2053.5477833716723	1	0	1	1.8311831605378979
142365.83196041998	2000.0	687.7158229517302	0.0	0	0.0	2053.547783371643	1	0	1	1.8311831605379
143329.34865208415	2000.0	724.1991312875493	0.0	0	0.0	2053.547783371643	1	0	1	1.8311831605379
144094.81178032656	2000.0	958.736003045156	0.0	0	0.0	2053.547783371643	1	0	1	1.8311831605379
144660.2324355934	2000.0	1393.315347778289	0.0	0	0.0	2053.547783371643	1	0	1	1.8311831605379
145200.0	2000.0	1853.5477833717005	0.0	0	47.567981314088684	2053.547783371643	1	0	1	1.8311831605379
146200.0	2000.0	1853.5477833716825	0.0	0	421.7490105057659	2053.547783371643	1	0	1	1.8311831605379
147200.0	2000.0	1853.5477833716875	0.0	0	70.94082421655185	2053.5477833716723	1	0	1	1.8311831605378979
148200.0	2000.0	1853.5477833716911	0.0	0	423.6648881553556	2053.5477833716723	1	0	1	1.8311831605378979
149200.0	2000.0	1853.547783371689	0.0	0	424.7811198720301	2053.5477833716723	1	0	1	1.8311831605378979
150200.0	3000.0	1853.5477833716877	0.0	0	351.0488235222292	2053.5477833716723	1	0	1	1.8311831605378979
151586.35836064772	3000.0	1467.1894227239957	0.0	0	0.0	2053.5477833716723	1	0	1	2.2366482686460625
153131.14245683118	3000.0	922.4053265405323	0.0	0	0.0	2053.5477833716723	1	0	1	2.2366482686460625
153989.12851511763	2000.0	1064.419268254123	0.0	0	0.0	2053.5477833716723	1	0	1	1.4257180524297333
154993.66565884583	2000.0	1059.882124525948	0.0	0	0.0	2053.5477833716723	1	0	1	1.8311831605378979
155751.83956766388	2000.0	1301.708215707883	0.0	0	0.0	2053.5477833716723	1	0	1	1.8311831605378979
156883.86135410465	2000.0	1169.6864292671232	0.0	0	0.0	2053.5477833717014	1	0	1	1.8311831605378959
157564.09840695348	2000.0	1489.4493764182882	0.0	0	0.0	2053.5477833717014	1	0	1	1.8311831605378959
158432.89784888385	2000.0	1620.6499344878744	0.0	0	0.0	2053.5477833717305	1	0	1	1.831183160537895
159568.46507044157	2000.0	1485.082712930162	0.0	0	0.0	2053.5477833717887	1	0	1	1.83118316053789
160414.94198818062	2000.0	1638.6057951910984	0.0	0	0.0	2053.5477833717887	1	0	1	1.8311831605378892
161316.59314319363	2000.0	1736.9546401780794	0.0	0	0.0	2053.5477833717887	1	0	1	1.8311831605378892
162466.55851248186	2000.0	1586.9892708898435	0.0	0	0.0	2053.5477833717887	1	0	1	1.8311831605378892
163200.0	2000.0	1853.5477833716675	0.0	0	70.63981944989064	2053.5477833717887	1	0	1	1.8311831605378892
164200.0	2000.0	1853.5477833716748	0.0	0	285.87762828340055	2053.547783371818	1	0	1	1.831183160537887
165200.0	2000.0	1853.5477833716852	0.0	0	106.29581316770054	2053.547783371818	1	0	1	1.831183160537887
166200.0	2000.0	1853.5477833716923	0.0	0	108.7579691282881	2053.547783371818	1	0	1	1.831183160537887
167200.0	2000.0	1853.547783371652	0.0	0	165.47932823732845	2053.547783371818	1	0	1	1.831183160537887
168361.36601008964	2000.0	1692.1817732820039	0.0	0	0.0	2053.547783371818	1	0	1	1.831183160537887
169200.0	2000.0	1853.5477833716584	0.0	0	171.8974053665006	2053.547783371818	1	0	1	1.831183160537887
170200.0	2000.0	1853.5477833716882	0.0	0	96.11376062376075	2053.547783371818	1	0	1	1.831183160537887
171379.86902926603	2000.0	1673.6787541056717	0.0	0	0.0	2053.547783371847	1	0	1	1.831183160537885
172574.29739750695	2000.0	1479.250385864745	0.0	0	0.0	2053.547783371847	1	0	1	1.831183160537885
173691.3499676605	2000.0	1362.1978157112078	0.0	0	0.0	2053.547783371847	1	0	1	1.831183160537885
174694.63827017244	2000.0	1358.909513199284	0.0	0	0.0	2053.547783371847	1	0	1	1.831183160537885
175462.01028631176	2000.0	1591.5374970599198	0.0	0	0.0	2053.547783371847	1	0	1	1.831183160537885
176206.29718880754	2000.0	1847.2505945640903	0.0	0	0.0	2053.547783371818	1	0	1	1.831183160537887
177241.59184568853	2000.0	1811.9559376831048	0.0	0	0.0	2053.547783371847	1	0	1	1.8311831605378865
178200.0	2000.0	1853.5477833716327	0.0	0	264.1224288600788	2053.547783371847	1	0	1	1.831183160537885
179200.0	2000.0	1853.5477833716573	0.0	0	122.44973929901607	2053.547783371847	1	0	1	1.831183160537885
180200.0	2000.0	1853.5477833716664	0.0	0	143.87108909807284	2053.547783371876	1	0	1	1.8311831605378828
181200.0	2000.0	1853.5477833716775	0.0	0	304.7737659996201	2053.547783371905	1	0	1	1.8311831605378805
182200.0	2000.0	1853.5477833717173	0.0	0	27.806772787036607	2053.547783371905	1	0	1	1.8311831605378805
183200.0	2000.0	1853.547783371713	0.0	0	258.2343717980548	2053.547783371905	1	0	1	1.8311831605378805
184294.8058280484	2000.0	1758.7419553233085	0.0	0	0.0	2053.547783371905	1	0	1	1.8311831605378805
185200.0	2000.0	1853.5477833716927	0.0	0	146.37550263493904	2053.547783371905	1	0	1	1.8311831605378805
186304.1438006412	2000.0	1749.4039827304987	0.0	0	0.0	2053.547783371905	1	0	1	1.8311831605378805
187546.10631127167	2000.0	1507.44147210003	0.0	0	0.0	2053.547783371905	1	0	1	1.8311831605378805
188581.8456415154	2000.0	1471.7021418562977	0.0	0	0.0	2053.547783371876	1	0	1	1.8311831605378819
189510.81959353524	2000.0	1542.7281898364602	0.0	0	0.0	2053.547783371905	1	0	1	1.8311831605378805
190514.45560806006	2000.0	1539.0921753116368	0.0	0	0.0	2053.547783371905	1	0	1	1.8311831605378805
191821.870937954	2000.0	1231.6768454176854	0.0	0	0.0	2053.547783371905	1	0	1	1.8311831605378805
193044.69612216955	2000.0	1008.8516612021386	0.0	0	0.0	2053.547783371934	1	0	1	1.8311831605378783
194076.14192821627	2000.0	977.405855155418	0.0	0	0.0	2053.547783371934	1	0	1	1.8311831605378783
194796.47270526894	2000.0	1257.075078102759	0.0	0	0.0	2053.547783371934	1	0	1	1.8311831605378783
195823.5459841464	2000.0	1230.0017992253172	0.0	0	0.0	2053.547783371934	1	0	1	1.8311831605378783
196717.0087543943	2000.0	1336.5390289773702	0.0	0	0.0	2053.547783371905	1	0	1	1.8311831605378805
197629.83765886378	2000.0	1423.710124507897	0.0	0	0.0	2053.547783371905	1	0	1	1.8311831605378805
198516.38634342814	2000.0	1537.1614399435261	0.0	0	0.0	2053.547783371876	1	0	1	1.8311831605378828
199245.80629238934	2000.0	1807.741490982299	0.0	0	0.0	2053.547783371818	1	0	1	1.8311831605378854
200312.51105061086	2000.0	1741.0367327607842	0.0	0	0.0	2053.5477833717887	1	0	1	1.8311831605378874
201415.51608259787	2000.0	1638.03170077377	0.0	0	0.0	2053.5477833717596	1	0	1	1.8311831605378914
202492.59096175537	2000.0	1560.9568216163013	0.0	0	0.0	2053.5477833717596	1	0	1	1.8311831605378914
203606.1199453905	2000.0	1447.4278379811449	0.0	0	0.0	2053.5477833717887	1	0	1	1.8311831605378892
204576.9261673896	2000.0	1476.6216159820244	0.0	0	0.0	2053.5477833717887	1	0	1	1.8311831605378892
205520.9502595776	2000.0	1532.5975237940415	0.0	0	0.0	2053.5477833717596	1	0	1	1.8311831605378905
206611.89384915816	2000.0	1441.6539342134945	0.0	0	0.0	2053.5477833717887	1	0	1	1.8311831605378892
207294.36433225466	2000.0	1759.183451117013	0.0	0	0.0	2053.5477833717887	1	0	1	1.8311831605378892
208200.0	2000.0	1853.5477833716361	0.0	0	308.8944543651014	2053.5477833717887	1	0	1	1.8311831605378892
209200.0	2000.0	1853.5477833716093	0.0	0	315.63147592393216	2053.5477833717596	1	0	1	1.8311831605378914
210700.61197900472	2000.0	1352.9358043668963	0.0	0	0.0	2053.5477833717596	1	0	1	1.8311831605378914
211432.0013437555	2000.0	1621.546439616163	0.0	0	0.0	2053.5477833717596	1	0	1	1.8311831605378914
212200.0	2000.0	1853.5477833716384	0.0	0	125.36754339121399	2053.5477833717887	1	0	1	1.8311831605378892
214169.48995863035	2000.0	884.0578247413068	0.0	0	0.0	2053.547783371818	1	0	1	1.8311831605378874
215595.7666942311	2000.0	457.7810891405719	0.0	0	0.0	2053.547783371818	1	0	1	1.831183160537887
217844.448247631	2000.0	268.7356091139322	1059.6360733732618	0	0.0	3113.1838567449304	1	0	1	-4.654978590487538
218573.79519158922	1000.0	635.0853845072417	95.6967193515423	0	0.0	3208.880576096475	1	0	1	-0.28468802493992273
219198.32127116682	1000.0	1010.5593049296415	0.0	0	0.0	3208.880576096475	1	0	1	0.9826394717292761
219969.4873589042	1000.0	1239.393217192278	0.0	0	0.0	3208.880576096475	1	0	1	0.9826394717292761
220824.8898136459	1000.0	1383.9907624506377	0.0	0	0.0	3208.880576096475	1	0	1	0.9826394717292761
221516.24260103	1000.0	1692.6379750665365	0.0	0	0.0	3208.8805760965042	1	0	1	0.982639471729271
222013.2733603046	1000.0	2195.607215791958	0.0	0	0.0	3208.880576096475	1	0	1	0.9826394717292761
222542.8862985786	1000.0	2665.9942775179766	0.0	0	0.0	3208.8805760965042	1	0	1	0.9826394717292698
223200.0	1000.0	3008.880576096586	0.0	0	52.97422076994553	3208.880576096475	1	0	1	0.9826394717292761
224200.0	1000.0	3008.880576096635	0.0	0	512.4680554878432	3208.880576096475	1	0	1	0.9826394717292761
225200.0	1000.0	3008.880576096622	0.0	0	563.572391713009	3208.880576096475	1	0	1	0.9826394717292761
226200.0	1000.0	3008.8805760966293	0.0	0	404.0988512253389	3208.880576096475	1	0	1	0.9826394717292761
227200.0	1000.0	3008.8805760966166	0.0	0	562.9163026853639	3208.880576096446	1	0	1	0.9826394717292825
228200.0	1000.0	3008.880576096615	0.0	0	551.714527479111	3208.880576096446	1	0	1	0.9826394717292825
229200.0	2000.0	3008.880576096587	0.0	0	222.66537246041116	3208.880576096446	1	0	1	0.9826394717292823
230483.41731924695	2000.0	2725.4632568496486	0.0	0	0.0	3208.880576096417	1	0	1	1.6757866522892315
231869.65597925198	2000.0	2339.2245968446096	0.0	0	0.0	3208.880576096446	1	0	1	1.6757866522892275
233721.6009931814	2000.0	1487.279582915176	0.0	0	0.0	3208.880576096417	1	0	1	1.675786652289234
235308.94787293396	2000.0	899.9327031626193	0.0	0	0.0	3208.880576096388	1	0	1	1.67578665228924
236110.72574441865	1000.0	1098.1548316779667	0.0	0	0.0	3208.880576096388	1	0	1	0.28949229116934994
236663.9179726638	1000.0	1544.962603432813	0.0	0	0.0	3208.880576096388	1	0	1	0.9826394717292951
237093.1801822468	1000.0	2115.700393849807	0.0	0	0.0	3208.880576096388	1	0	1	0.9826394717292951
237457.49513449176	1000.0	2751.3854416048407	0.0	0	0.0	3208.880576096388	1	0	1	0.9826394717292951
238200.0	1000.0	3008.8805760966034	0.0	0	278.57286175279296	3208.880576096388	1	0	1	0.9826394717292951
239200.0	1000.0	3008.8805760966056	0.0	0	615.4182843243761	3208.880576096388	1	0	1	0.9826394717292951
240200.0	1000.0	3008.8805760966293	0.0	0	398.6788954240619	3208.880576096388	1	0	1	0.9826394717292951
241698.85076239085	1000.0	2510.0298137057816	0.0	0	0.0	3208.880576096417	1	0	1	0.9826394717292887
242406.84203942845	1000.0	2802.03853666819	0.0	0	0.0	3208.880576096417	1	0	1	0.9826394717292887
243200.0	1000.0	3008.8805760966115	0.0	0	193.31430813501356	3208.880576096417	1	0	1	0.9826394717292887
244200.0	1000.0	3008.8805760966056	0.0	0	417.0014177497069	3208.880576096446	1	0	1	0.9826394717292825
245200.0	1000.0	3008.880576096592	0.0	0	436.04168301436584	3208.880576096417	1	0	1	0.9826394717292887
246200.0	1000.0	3008.8805760965697	0.0	0	538.7979586682341	3208.880576096417	1	0	1	0.9826394717292887
247200.0	1000.0	3008.880576096582	0.0	0	678.5920097802882	3208.880576096417	1	0	1	0.9826394717292887
248200.0	1000.0	3008.8805760965615	0.0	0	637.8251166446425	3208.880576096417	1	0	1	0.9826394717292887
249200.0	1000.0	3008.8805760965492	0.0	0	621.4079248022172	3208.880576096417	1	0	1	0.9826394717292887
250200.0	1000.0	3008.8805760965456	0.0	0	612.347356205777	3208.880576096417	1	0	1	0.9826394717292887
251200.0	2000.0	3008.8805760965547	0.0	0	261.82899286135216	3208.880576096417	1	0	1	0.9826394717292888
252200.0	2000.0	3008.8805760965806	0.0	0	334.0302433850593	3208.880576096417	1	0	1	1.675786652289234
253400.98026427577	2000.0	2807.9003118208243	0.0	0	0.0	3208.880576096417	1	0	1	1.675786652289234
254454.30017074072	2000.0	2754.580405355882	0.0	0	0.0	3208.880576096417	1	0	1	1.675786652289234
255200.0	2000.0	3008.8805760966416	0.0	0	89.43422822194407	3208.880576096417	1	0	1	1.675786652289234
256200.0	2000.0	3008.8805760966216	0.0	0	335.8194438840437	3208.880576096417	1	0	1	1.675786652289234
257200.0	2000.0	3008.880576096612	0.0	0	399.75229003070854	3208.880576096388	1	0	1	1.67578665228924
258200.0	2000.0	3008.8805760965797	0.0	0	393.771554867184	3208.880576096388	1	0	1	1.67578665228924
259200.0	2000.0	3008.8805760965556	0.0	0	250.76125878703897	3208.880576096388	1	0	1	1.67578665228924
261801.78874077284	2000.0	1407.0918353236907	0.0	0	0.0	3208.880576096388	1	0	1	1.67578665228924
262653.2642525065	2000.0	1555.616323590092	0.0	0	0.0	3208.880576096417	1	0	1	1.6757866522892364
263724.67638826394	2000.0	1484.2041878326581	0.0	0	0.0	3208.880576096417	1	0	1	1.6757866522892353
264612.08810720575	2000.0	1596.792468890825	0.0	0	0.0	3208.880576096388	1	0	1	1.675786652289235
265089.6962215716	2000.0	2119.184354524973	0.0	0	0.0	3208.8805760963587	1	0	1	1.675786652289245
265719.23952472216	2000.0	2489.641051374388	0.0	0	0.0	3208.8805760963587	1	0	1	1.6757866522892464
266452.6303102014	2000.0	2756.2502658951594	0.0	0	0.0	3208.8805760963005	1	0	1	1.6757866522892593
268486.3713488592	2000.0	1722.5092272373563	0.0	0	0.0	3208.8805760963587	1	0	1	1.6757866522892515
269168.0689045691	2000.0	2040.8116715275953	0.0	0	0.0	3208.8805760963587	1	0	1	1.6757866522892464
270025.8189110615	2000.0	2183.0616650351385	0.0	0	0.0	3208.8805760963005	1	0	1	1.6757866522892593
271175.02928904933	2000.0	2033.851287047322	0.0	0	0.0	3208.8805760963005	1	0	1	1.6757866522892593
272756.08061457996	2000.0	1452.7999615167348	0.0	0	0.0	3208.8805760963005	1	0	1	1.6757866522892593
273605.7878890313	2000.0	1603.092687065376	0.0	0	0.0	3208.8805760963005	1	0	1	1.6757866522892593
274453.4377818547	2000.0	1755.4427942419031	0.0	0	0.0	3208.8805760963005	1	0	1	1.6757866522892593
275093.4541170724	2000.0	2115.426459024263	0.0	0	0.0	3208.8805760963005	1	0	1	1.6757866522892593
276387.8316182365	2000.0	1821.0489578600823	0.0	0	0.0	3208.8805760963005	1	0	1	1.6757866522892593
277796.3117250092	2000.0	1412.5688510874195	0.0	0	0.0	3208.8805760963005	1	0	1	1.6757866522892593
278949.6008697093	2000.0	1259.2797063872688	0.0	0	0.0	3208.8805760962423	1	0	1	1.675786652289272
280125.7868176733	2000.0	1083.0937584233236	0.0	0	0.0	3208.8805760962423	1	0	1	1.675786652289272
281089.7936318009	2000.0	1119.0869442956996	0.0	0	0.0	3208.8805760962423	1	0	1	1.675786652289272
281966.6507414236	2000.0	1242.2298346729974	0.0	0	0.0	3208.8805760963005	1	0	1	1.6757866522892593
282501.0230818263	2000.0	1707.857494270367	0.0	0	0.0	3208.8805760963005	1	0	1	1.6757866522892593
283124.2813327816	2000.0	2084.5992433150973	0.0	0	0.0	3208.8805760963587	1	0	1	1.6757866522892464
283960.4329326121	2000.0	2248.44764348462	0.0	0	0.0	3208.8805760963587	1	0	1	1.6757866522892464
284820.73180011514	2000.0	2388.148775981572	0.0	0	0.0	3208.8805760963587	1	0	1	1.6757866522892464
285895.8307411391	2000.0	2313.049834957616	0.0	0	0.0	3208.8805760963587	1	0	1	1.6757866522892464
287531.76089739986	2000.0	1677.119678696891	0.0	0	0.0	3208.8805760963587	1	0	1	1.6757866522892464
289077.6766366292	2000.0	1131.2039394675098	0.0	0	0.0	3208.8805760963587	1	0	1	1.6757866522892464
290471.32210112095	2000.0	737.5584749758085	0.0	0	0.0	3208.8805760963005	1	0	1	1.6757866522892542
291226.44426393445	2000.0	982.4363121622912	0.0	0	0.0	3208.8805760963005	1	0	1	1.6757866522892593
292001.57894001144	2000.0	1207.3016360852707	0.0	0	0.0	3208.8805760962423	1	0	1	1.675786652289272
292669.2027080468	2000.0	1539.6778680498944	0.0	0	0.0	3208.8805760963005	1	0	1	1.6757866522892593
293315.38002246805	2000.0	1893.5005536286926	0.0	0	0.0	3208.8805760963005	1	0	1	1.6757866522892593
293742.29007084033	2000.0	2466.5905052563785	0.0	0	0.0	3208.8805760963005	1	0	1	1.6757866522892593
294200.0	2000.0	3008.880576096749	0.0	0	29.459038711327594	3208.8805760963005	1	0	1	1.6757866522892593
295200.0	2000.0	3008.8805760967757	0.0	0	131.59201533347368	3208.8805760963005	1	0	1	1.6757866522892593
296200.0	2000.0	3008.880576096724	0.0	0	367.3318526276853	3208.8805760963005	1	0	1	1.6757866522892593
297200.0	2000.0	3008.8805760967216	0.0	0	451.6176805147552	3208.8805760963005	1	0	1	1.6757866522892593
298200.0	3000.0	3008.8805760967743	0.0	0	272.8466876815655	3208.8805760963587	1	0	1	1.6757866522892466
299432.7966322923	3000.0	2776.0839438044195	0.0	0	0.0	3208.8805760963587	1	0	1	2.081251760397411
300799.78226703237	3000.0	2409.0983090643226	0.0	0	0.0	3208.8805760963587	1	0	1	2.081251760397411
2.2159591836734696	2.1499591836734693	2.2599591836734696	2.2419591836734694	2.2239591836734696	2.3559591836734692	2.2639591836734696	2.3299591836734694	2.4239591836734693	2.287959183673469	2.3599591836734692	2.2019591836734693	2.1399591836734695	2.2559591836734696	2.3259591836734694	2.1179591836734692	2.0899591836734692	2.1539591836734693	2.045959183673469	2.053959183673469	2.0979591836734692	2.0519591836734694	2.2579591836734694	2.1239591836734695	2.1419591836734693	2.2519591836734696	2.2639591836734696	2.4019591836734695	2.3299591836734694	2.2239591836734696	2.069959183673469	2.1099591836734692	2.2299591836734693	2.2399591836734696	2.1539591836734693	2.0239591836734694	1.9159591836734693	1.9899591836734694	2.0899591836734692	2.2159591836734696	2.3739591836734695	2.5559591836734694	2.5479591836734694	2.5519591836734694	2.5339591836734696	2.4439591836734693	2.327959183673469	2.1339591836734693	1.86675	1.21875	2.21475	1.99875	2.35875	2.68275	3.01875	0.7867500000000001	2.21475	2.35875	1.37475	1.13475	2.09475	1.0267499999999998	0.51075	1.51875	1.54275	1.0747499999999999	1.36275	1.8547500000000001	2.31075	2.58675	2.64675	2.21475	2.15475	2.80275	2.21475	0.9307500000000002	2.33475	1.60275	1.2907499999999998	1.2907499999999998	1.71075	1.38675	2.01075	2.43075	2.35875	1.37475	0.6907500000000002	1.15875	2.17875	2.01075	2.49075	2.70675	2.9827500000000002	2.83875	2.76675	3.72675	3.6342325581395354	2.4462325581395348	1.690232558139535	2.3022325581395346	2.4462325581395348	2.9142325581395347	3.8022325581395346	4.846232558139535	3.094232558139535	0.742232558139535	0.898232558139535	1.4862325581395348	2.3022325581395346	2.470232558139535	3.358232558139535	4.438232558139534	1.882232558139535	0.3102325581395351	2.758232558139535	3.2742325581395346	1.066232558139535	1.4262325581395352	2.122232558139535	2.962232558139535	3.454232558139535	2.098232558139535	1.030232558139535	1.7862325581395349	1.990232558139535	2.3022325581395346	2.614232558139535	3.214232558139535	4.462232558139535	3.046232558139535	1.882232558139535	1.9782325581395348	1.2222325581395348	1.2222325581395348	2.026232558139535	1.366232558139535	2.9142325581395347	2.710232558139535	3.5862325581395353	4.17	3.2	2.99	3.74	4.27	3.61	1.88	2.04	1.77	2.03	2.2359591836734696	2.2159591836734696	2.1499591836734693	2.2599591836734696	2.2419591836734694	2.2239591836734696	2.3559591836734692	2.2639591836734696	2.3299591836734694	2.4239591836734693	2.287959183673469	2.3599591836734692	2.2019591836734693	2.1399591836734695	2.2559591836734696	2.3259591836734694	2.1179591836734692	2.0899591836734692	2.1539591836734693	2.045959183673469	2.053959183673469	2.0979591836734692	2.0519591836734694	2.2579591836734694	2.1239591836734695	2.1419591836734693	2.2519591836734696	2.2639591836734696	2.4019591836734695	2.3299591836734694	2.2239591836734696	2.069959183673469	2.1099591836734692	2.2299591836734693	2.2399591836734696	2.1539591836734693	2.0239591836734694	1.9159591836734693	1.9899591836734694	2.0899591836734692	2.2159591836734696	2.3739591836734695	2.5559591836734694	2.5479591836734694	2.5519591836734694	2.5339591836734696	2.4439591836734693	2.327959183673469	2.1339591836734693	1.86675	1.21875	2.21475	1.99875	2.35875	2.68275	3.01875	0.7867500000000001	2.21475	2.35875	1.37475	1.13475	2.09475	1.0267499999999998	0.51075	1.51875	1.54275	1.0747499999999999	1.36275	1.8547500000000001	2.31075	2.58675	2.64675	2.21475	2.15475	2.80275	2.21475	0.9307500000000002	2.33475	1.60275	1.2907499999999998	1.2907499999999998	1.71075	1.38675	2.01075	2.43075	2.35875	1.37475	0.6907500000000002	1.15875	2.17875	2.01075	2.49075	2.70675	2.9827500000000002	2.83875	2.76675	3.72675	3.6342325581395354	2.4462325581395348	1.690232558139535	2.3022325581395346	2.4462325581395348	2.9142325581395347	3.8022325581395346	4.846232558139535	3.094232558139535	0.742232558139535	0.898232558139535	1.4862325581395348	2.3022325581395346	2.470232558139535	3.358232558139535	4.438232558139534	1.882232558139535	0.3102325581395351	2.758232558139535	3.2742325581395346	1.066232558139535	1.4262325581395352	2.122232558139535	2.962232558139535	3.454232558139535	2.098232558139535	1.030232558139535	1.7862325581395349	1.990232558139535	2.3022325581395346	2.614232558139535	3.214232558139535	4.462232558139535	3.046232558139535	1.882232558139535	1.9782325581395348	1.2222325581395348	1.2222325581395348	2.026232558139535	1.366232558139535	2.9142325581395347	2.710232558139535	3.5862325581395353	4.17	3.2	2.99	3.74	4.27	3.61	1.88	2.04	1.77	2.03	2.2359591836734696
1.0	2.0	3.0	4.0	5.0	6.0	7.0	8.0	9.0	10.0	11.0	12.0	13.0	14.0	15.0	16.0	17.0	18.0	19.0	20.0	21.0	22.0	23.0	24.0	25.0	26.0	27.0	28.0	29.0	30.0	31.0	32.0	33.0	34.0	35.0	36.0	37.0	38.0	39.0	40.0	41.0	42.0	43.0	44.0	45.0	46.0	47.0	48.0	49.0	50.0	51.0	52.0	53.0	54.0	55.0	56.0	57.0	58.0	59.0	60.0	61.0	62.0	63.0	64.0	65.0	66.0	67.0	68.0	69.0	70.0	71.0	72.0	73.0	74.0	75.0	76.0	77.0	78.0	79.0	80.0	81.0	82.0	83.0	84.0	85.0	86.0	87.0	88.0	89.0	90.0	91.0	92.0	93.0	94.0	95.0	96.0	97.0	98.0	99.0	100.0	101.0	102.0	103.0	104.0	105.0	106.0	107.0	108.0	109.0	110.0	111.0	112.0	113.0	114.0	115.0	116.0	117.0	118.0	119.0	120.0	121.0	122.0	123.0	124.0	125.0	126.0	127.0	128.0	129.0	130.0	131.0	132.0	133.0	134.0	135.0	136.0	137.0	138.0	139.0	140.0	141.0	142.0	143.0	144.0	145.0	146.0	147.0	148.0	149.0	149.0	150.0	151.0	152.0	153.0	154.0	155.0	156.0	157.0	158.0	159.0	160.0	161.0	162.0	163.0	164.0	165.0	166.0	167.0	168.0	169.0	170.0	171.0	172.0	173.0	174.0	175.0	176.0	177.0	178.0	179.0	180.0	181.0	182.0	183.0	184.0	185.0	186.0	187.0	188.0	189.0	190.0	191.0	192.0	193.0	194.0	195.0	196.0	197.0	198.0	199.0	200.0	201.0	202.0	203.0	204.0	205.0	206.0	207.0	208.0	209.0	210.0	211.0	212.0	213.0	214.0	215.0	216.0	217.0	218.0	219.0	220.0	221.0	222.0	223.0	224.0	225.0	226.0	227.0	228.0	229.0	230.0	231.0	232.0	233.0	234.0	235.0	236.0	237.0	238.0	239.0	240.0	241.0	242.0	243.0	244.0	245.0	246.0	247.0	248.0	249.0	250.0	251.0	252.0	253.0	254.0	255.0	256.0	257.0	258.0	259.0	260.0	261.0	262.0	263.0	264.0	265.0	266.0	267.0	268.0	269.0	270.0	271.0	272.0	273.0	274.0	275.0	276.0	277.0	278.0	279.0	280.0	281.0	282.0	283.0	284.0	285.0	286.0	287.0	288.0	289.0	290.0	291.0	292.0	293.0	294.0	295.0	296.0	297.0	298.0	298.0
5225.674262649537
