4601.110461569598	300.0	2000.0	127.83583262701787	0	0.0	4601.110461569598	1	0	1	-1.2247786471469242
5786.652968399852	3000.0	1695.90324248672	0.0	0	0.0	4482.556210886572	1	0	2	0.3000540817627304
6774.050018108442	3000.0	1609.7664878072733	0.0	0	0.0	4383.8165059157145	1	0	2	2.812340452027312
9432.196264310445	3000.0	200.0	467.4494391044845	0	0.0	4632.196264310445	1	0	2	0.009733125003606236
9667.506480238982	300.0	941.1587624786068	0.0	0	0.0	4608.665242717589	1	0	2	-2.9639956456774352
10348.769275716575	1000.0	1191.769687453256	0.0	0	0.0	4540.538963169832	1	0	2	-0.053783885034450585
10739.543497500394	1000.0	1761.9180434910545	0.0	0	0.0	4501.4615409914495	1	0	2	1.154917188831284
11442.388354413652	2000.0	1988.788700886474	0.0	0	0.0	4431.177055300127	1	0	2	1.507716956104003
12049.936179026276	2000.0	2320.4860938125885	0.0	0	0.0	4370.422272838866	1	0	2	2.2071516898504244
13108.805926668076	3000.0	2155.7293714066054	0.0	0	0.0	4264.535298074681	1	0	2	2.4190079741588386
14758.745737977733	3000.0	1340.7955789659852	0.0	0	0.0	4099.54131694372	1	0	2	2.8389624239424185
16915.022727505795	2000.0	200.0	210.0991904680748	0	0.0	4115.022727505797	1	0	2	0.5790744335864407
17218.374042822095	300.0	866.3135531520707	0.0	0	0.0	4084.6875959741665	1	0	2	-2.506308573778117
18033.210575700647	1000.0	969.9933669856636	0.0	0	0.0	4003.203942686312	1	0	2	-0.0003960088096383041
18552.683057193946	1000.0	1398.5736373430377	0.0	0	0.0	3951.2566945369854	1	0	2	1.2097881102665902
18909.355454578388	1000.0	2006.2340002201483	0.0	0	0.0	3915.589454798537	1	0	2	1.2135845674570476
19338.699023171444	1000.0	2533.956074767789	0.0	0	0.0	3872.655097939234	1	0	2	1.217700925891033
20105.448122010406	2000.0	2690.53206604493	0.0	0	0.0	3795.980188055337	1	0	2	1.5709944155512903
21316.503622442066	3000.0	2358.371015570104	0.0	0	0.0	3674.8746380121665	1	0	2	2.47781019827325
22050.94426020772	3000.0	2550.486314027885	0.0	0	0.0	3601.4305742356046	1	0	2	2.8917809821493408
22932.755347916747	3000.0	2580.494117547953	0.0	0	0.0	3513.249465464698	1	0	2	2.9002079901863587
23881.52702439142	3000.0	2536.845273425816	0.0	0	0.0	3418.37229781723	1	0	2	2.909428285765015
25267.457774207585	3000.0	2012.3214486280324	0.0	0	0.0	3279.7792228356084	1	0	2	2.921489825598235
27308.29717438085	3000.0	767.3981084374468	0.0	0	0.0	3075.695282818291	1	0	2	2.940773533951409
27896.941590301354	1000.0	1119.8892509248894	0.0	0	0.0	3016.8308412262377	1	0	2	0.20414613907214374
28648.036270125445	2000.0	1293.6851031183917	0.0	0	0.0	2941.721373243832	1	0	2	1.656399674053095
29940.810552827577	2000.0	871.6333921460446	0.0	0	0.0	2812.4439449736165	1	0	2	2.3610887472134374
30346.544421297378	1000.0	1425.3261368292606	0.0	0	0.0	2771.870558126633	1	0	2	0.6346837014702805
31288.882057756186	2000.0	1388.7547367245702	0.0	0	0.0	2677.63679448075	1	0	2	1.682488847426837
32011.512360772864	2000.0	1593.8614034062225	0.0	0	0.0	2605.3737641790794	1	0	2	2.3832408714174207
32574.16436374896	2000.0	1974.9442001325147	0.0	0	0.0	2549.108563881473	1	0	2	2.3894003465866245
33293.59543875459	3000.0	2183.570017626317	0.0	0	0.0	2477.1654563809097	1	0	2	2.598775522321879
34742.23015517812	3000.0	1590.0718295604447	0.0	0	0.0	2332.301984738566	1	0	2	3.016316102475864
36581.37730025962	3000.0	567.0099699707919	0.0	0	0.0	2148.3872702304143	1	0	2	3.034649305718286
36901.24370839903	1000.0	1215.15692101744	0.0	0	0.0	2116.4006294164647	1	0	2	0.29493592333466795
37667.28315164658	2000.0	1372.5135334451368	0.0	0	0.0	2039.7966850917219	1	0	2	1.7466862462213082
38363.88838697722	2000.0	1606.2477745814363	0.0	0	0.0	1970.1361615586648	1	0	2	2.44694942719873
39200.0	2000.0	1686.525000256364	0.0	0	94.92244413569279	1886.525000256377	1	0	2	2.4543383565354504
40200.0	3000.0	1586.5250002563628	0.0	0	246.02294942763547	1786.5250002563698	1	0	2	2.6663019385507387
41990.37738571147	3000.0	617.109875973744	0.0	0	0.0	1607.4872616852372	1	0	2	3.0881728786521196
42435.25578774161	1000.0	1172.2314739435983	0.0	0	0.0	1607.4872616852372	1	0	1	0.3465981916522706
43200.0	2000.0	1407.4872616852147	0.0	0	155.80159284894034	1607.48726168523	1	0	1	1.991784070600354
44200.0	2000.0	1407.4872616852192	0.0	0	287.7057877464831	1607.48726168523	1	0	1	2.684931251160299
45374.14578288507	2000.0	1233.3414788001483	0.0	0	0.0	1607.48726168523	1	0	1	2.684931251160299
46200.0	1000.0	1407.487261685222	0.0	0	85.46149485892965	1607.48726168523	1	0	1	0.9520632997604361
47200.0	2000.0	1407.4872616852267	0.0	0	40.10244804741524	1607.48726168523	1	0	1	1.991784070600354
48200.0	2000.0	1407.4872616852272	0.0	0	435.345495907437	1607.4872616852372	1	0	1	2.6849312511602985
49200.0	2000.0	1407.4872616852242	0.0	0	480.7759828939452	1607.4872616852372	1	0	1	2.6849312511602985
50200.0	2000.0	1407.4872616852242	0.0	0	377.66201483998884	1607.48726168523	1	0	1	2.684931251160299
51200.0	2000.0	1407.4872616852308	0.0	0	506.3492180371104	1607.48726168523	1	0	1	2.684931251160299
52604.9122413436	3000.0	1002.5750203416352	0.0	0	0.0	1607.48726168523	1	0	1	2.8876638052143813
53619.55314745604	2000.0	987.9341142291968	0.0	0	0.0	1607.4872616852372	1	0	1	2.279466143052134
54576.33983771559	2000.0	1031.1474239696458	0.0	0	0.0	1607.4872616852372	1	0	1	2.6849312511602985
55362.4022192887	2000.0	1245.085042396545	0.0	0	0.0	1607.4872616852372	1	0	1	2.6849312511602985
56200.0	2000.0	1407.487261685238	0.0	0	278.0835935954383	1607.4872616852372	1	0	1	2.6849312511602985
57200.0	2000.0	1407.487261685237	0.0	0	243.31174048500543	1607.4872616852372	1	0	1	2.6849312511602985
58200.0	2000.0	1407.487261685232	0.0	0	17.45013526103139	1607.4872616852372	1	0	1	2.6849312511602985
59200.0	2000.0	1407.4872616852367	0.0	0	212.12630218501727	1607.4872616852372	1	0	1	2.6849312511602985
60200.0	2000.0	1407.48726168524	0.0	0	253.50383632494777	1607.4872616852372	1	0	1	2.6849312511602985
61200.0	2000.0	1407.487261685239	0.0	0	210.42555752550834	1607.48726168523	1	0	1	2.684931251160299
62200.0	2000.0	1407.487261685238	0.0	0	295.2150827611258	1607.48726168523	1	0	1	2.684931251160299
63200.0	2000.0	1407.4872616852278	0.0	0	45.06199070310686	1607.48726168523	1	0	1	2.684931251160299
64200.0	2000.0	1407.487261685228	0.0	0	184.4678171453561	1607.48726168523	1	0	1	2.684931251160299
65200.0	2000.0	1407.487261685228	0.0	0	115.52548559576826	1607.48726168523	1	0	1	2.684931251160299
66233.3983213462	2000.0	1374.0889403390177	0.0	0	0.0	1607.48726168523	1	0	1	2.684931251160299
67200.0	2000.0	1407.4872616852344	0.0	0	235.76806455013866	1607.4872616852517	1	0	1	2.6849312511602985
68200.0	2000.0	1407.4872616852408	0.0	0	441.1603186691209	1607.4872616852517	1	0	1	2.6849312511602967
69200.0	2000.0	1407.487261685249	0.0	0	111.20784873056982	1607.4872616852517	1	0	1	2.6849312511602967
70200.0	2000.0	1407.4872616852504	0.0	0	190.96492753515486	1607.4872616852517	1	0	1	2.6849312511602967
71619.15758160948	2000.0	988.3296800757681	0.0	0	0.0	1607.4872616852517	1	0	1	2.6849312511602967
72200.0	1000.0	1407.4872616852458	0.0	0	81.24420779531647	1607.4872616852517	1	0	1	0.9520632997604339
73200.0	2000.0	1407.4872616852401	0.0	0	63.600249925017124	1607.4872616852517	1	0	1	1.9917840706003518
74200.0	1000.0	1407.4872616852363	0.0	0	630.5555666408618	1607.4872616852372	1	0	1	0.9520632997604355
75200.0	1000.0	1407.4872616852535	0.0	0	584.6078412254574	1607.4872616852372	1	0	1	1.6452104803203806
76200.0	2000.0	1407.4872616852429	0.0	0	572.5501440631633	1607.4872616852372	1	0	1	1.9917840706003533
77200.0	2000.0	1407.4872616852294	0.0	0	354.57798486239335	1607.4872616852372	1	0	1	2.6849312511602985
78340.47350591516	2000.0	1267.0137557700668	0.0	0	0.0	1607.4872616852226	1	0	1	2.6849312511602994
79456.22022598718	2000.0	1151.267035698043	0.0	0	0.0	1607.4872616852226	1	0	1	2.6849312511602994
80301.69564811498	2000.0	1305.7916135702492	0.0	0	0.0	1607.487261685208	1	0	1	2.684931251160301
81200.0	2000.0	1407.487261685231	0.0	0	32.589714950707275	1607.487261685208	1	0	1	2.684931251160301
82225.52797316934	2000.0	1381.9592885158972	0.0	0	0.0	1607.487261685208	1	0	1	2.684931251160301
83626.8271580094	2000.0	980.6601036758476	0.0	0	0.0	1607.487261685208	1	0	1	2.684931251160301
84443.80330268158	1000.0	1163.6839590036566	0.0	0	0.0	1607.4872616851935	1	0	1	0.9520632997604397
85200.0	1000.0	1407.4872616852426	0.0	0	152.49380419695808	1607.4872616851935	1	0	1	1.6452104803203849
86200.0	1000.0	1407.4872616852447	0.0	0	448.4686465593113	1607.4872616851935	1	0	1	1.6452104803203849
87200.0	1000.0	1407.4872616852379	0.0	0	538.1454566971952	1607.487261685208	1	0	1	1.6452104803203835
88200.0	1000.0	1407.4872616852335	0.0	0	575.1734941458417	1607.487261685208	1	0	1	1.6452104803203835
89200.0	2000.0	1407.4872616852404	0.0	0	363.0023432475864	1607.487261685208	1	0	1	1.9917840706003562
90200.0	2000.0	1407.4872616852247	0.0	0	504.4106930582202	1607.487261685208	1	0	1	2.684931251160301
91522.0557589231	2000.0	1085.431502762127	0.0	0	0.0	1607.487261685208	1	0	1	2.684931251160301
93230.56558320408	2000.0	376.9216784811417	0.0	0	0.0	1607.487261685208	1	0	1	2.684931251160301
93528.47834709901	500.0	1079.0089145862325	0.0	0	0.0	1607.487261685208	1	0	1	-0.7808046516394249
94200.0	1000.0	1407.4872616852315	0.0	0	226.866939646643	1607.487261685208	1	0	1	0.9520632997604381
95200.0	1000.0	1407.487261685216	0.0	0	394.73464355658507	1607.487261685208	1	0	1	1.6452104803203835
96200.0	1000.0	1407.4872616852115	0.0	0	584.1855188093905	1607.487261685208	1	0	1	1.6452104803203835
97200.0	2000.0	1407.48726168521	0.0	0	246.62158881725918	1607.487261685208	1	0	1	1.9917840706003562
98295.61102698799	2000.0	1311.8762346972023	0.0	0	0.0	1607.487261685208	1	0	1	2.684931251160301
99545.74781849545	2000.0	1061.7394431897314	0.0	0	0.0	1607.487261685208	1	0	1	2.684931251160301
100200.0	1000.0	1407.487261685175	0.0	0	7.598024936043657	1607.4872616851935	1	0	1	0.9520632997604397
101200.0	1000.0	1407.4872616851608	0.0	0	570.6465297393879	1607.4872616851935	1	0	1	1.6452104803203849
102200.0	1000.0	1407.4872616851458	0.0	0	460.37502421208774	1607.4872616851935	1	0	1	1.6452104803203849
103200.0	1000.0	1407.4872616851405	0.0	0	322.2630835549644	1607.4872616851935	1	0	1	1.6452104803203849
104200.0	1000.0	1407.4872616851396	0.0	0	215.70213701108878	1607.4872616851935	1	0	1	1.6452104803203849
105200.0	1000.0	1407.4872616851453	0.0	0	206.2240971534775	1607.4872616851935	1	0	1	1.6452104803203849
106200.0	1000.0	1407.4872616851396	0.0	0	514.6690070843324	1607.4872616851935	1	0	1	1.6452104803203849
107200.0	1000.0	1407.4872616851337	0.0	0	477.8824558822962	1607.487261685179	1	0	1	1.6452104803203866
108200.0	1000.0	1407.4872616851326	0.0	0	698.967673798179	1607.487261685179	1	0	1	1.6452104803203866
109200.0	1000.0	1407.4872616851205	0.0	0	429.82310283779225	1607.487261685179	1	0	1	1.6452104803203866
110488.10315700444	2000.0	1119.38410468068	0.0	0	0.0	1607.487261685179	1	0	1	1.991784070600359
111234.13618164294	2000.0	1373.3510800421911	0.0	0	0.0	1607.4872616851935	1	0	1	2.684931251160303
112200.0	2000.0	1407.4872616851458	0.0	0	68.92264484362386	1607.4872616851935	1	0	1	2.684931251160303
113200.0	2000.0	1407.4872616851403	0.0	0	58.5523565843323	1607.4872616851935	1	0	1	2.684931251160303
114407.44199562015	2000.0	1200.0452660649958	0.0	0	0.0	1607.4872616851935	1	0	1	2.684931251160303
115408.64335283292	2000.0	1198.84390885223	0.0	0	0.0	1607.4872616851935	1	0	1	2.684931251160303
116200.0	2000.0	1407.4872616851537	0.0	0	80.32289400399895	1607.4872616851935	1	0	1	2.684931251160303
117200.0	2000.0	1407.4872616851537	0.0	0	311.640841693923	1607.4872616851935	1	0	1	2.684931251160303
118200.0	2000.0	1407.4872616851585	0.0	0	25.48211403445748	1607.4872616851935	1	0	1	2.684931251160303
119547.84270977945	2000.0	1059.6445519057174	0.0	0	0.0	1607.487261685179	1	0	1	2.684931251160304
120568.2494241373	2000.0	1039.2378375478688	0.0	0	0.0	1607.487261685179	1	0	1	2.684931251160304
121376.21565422701	2000.0	1231.2716074581692	0.0	0	0.0	1607.487261685179	1	0	1	2.684931251160304
122546.55249558066	2000.0	1060.9347661045103	0.0	0	0.0	1607.4872616851644	1	0	1	2.6849312511603056
123200.0	1000.0	1407.4872616851633	0.0	0	104.54130665757111	1607.4872616851644	1	0	1	0.9520632997604428
124599.81549467055	2000.0	1007.6717670146115	0.0	0	0.0	1607.4872616851499	1	0	1	1.9917840706003622
125200.0	1000.0	1407.487261685165	0.0	0	121.26329461531714	1607.4872616851499	1	0	1	0.9520632997604441
126200.0	1000.0	1407.4872616851662	0.0	0	524.7931256707961	1607.4872616851499	1	0	1	1.6452104803203893
127200.0	1000.0	1407.4872616851674	0.0	0	625.6884444616444	1607.4872616851499	1	0	1	1.6452104803203893
128200.0	1000.0	1407.4872616851605	0.0	0	677.9106473206339	1607.4872616851499	1	0	1	1.6452104803203893
129200.0	2000.0	1407.4872616851642	0.0	0	180.044484688362	1607.4872616851644	1	0	1	1.9917840706003607
130598.67922930601	2000.0	1008.8080323791451	0.0	0	0.0	1607.4872616851644	1	0	1	2.6849312511603056
131628.24651384202	2000.0	979.2407478431518	0.0	0	0.0	1607.4872616851935	1	0	1	2.6849312511603034
132946.0487090765	2000.0	661.4385526086699	0.0	0	0.0	1607.4872616851935	1	0	1	2.684931251160304
133720.5792827441	1000.0	886.9079789411294	0.0	0	0.0	1607.4872616851935	1	0	1	0.9520632997604397
134635.1563514826	1000.0	972.3309102026066	0.0	0	0.0	1607.4872616852226	1	0	1	1.6452104803203822
135560.82426772482	1000.0	1046.662993960363	0.0	0	0.0	1607.4872616851935	1	0	1	1.6452104803203838
136200.0	1000.0	1407.4872616851962	0.0	0	110.7915891999146	1607.4872616851935	1	0	1	1.6452104803203849
137200.0	1000.0	1407.487261685181	0.0	0	382.5329810549156	1607.4872616851935	1	0	1	1.6452104803203849
138200.0	1000.0	1407.4872616852072	0.0	0	256.0378611824999	1607.4872616851644	1	0	1	1.645210480320388
139200.0	1000.0	1407.4872616852074	0.0	0	297.58287917647976	1607.4872616851644	1	0	1	1.645210480320388
140200.0	1000.0	1407.4872616852138	0.0	0	531.5499758951482	1607.4872616851935	1	0	1	1.6452104803203849
141200.0	2000.0	1407.4872616852156	0.0	0	327.6874290659034	1607.4872616852226	1	0	1	1.9917840706003545
142200.0	2000.0	1407.4872616851887	0.0	0	261.39911805265	1607.4872616852226	1	0	1	2.6849312511602994
143200.0	2000.0	1407.487261685178	0.0	0	31.617582657636376	1607.4872616852226	1	0	1	2.6849312511602994
144787.68294446377	2000.0	819.804317221395	0.0	0	0.0	1607.4872616851935	1	0	1	2.684931251160303
145627.24534257824	1000.0	980.2419191068948	0.0	0	0.0	1607.4872616852226	1	0	1	0.9520632997604369
146237.28281235564	1000.0	1370.2044493295132	0.0	0	0.0	1607.4872616852226	1	0	1	1.6452104803203822
147200.0	1000.0	1407.4872616851444	0.0	0	75.81832040115842	1607.4872616852226	1	0	1	1.6452104803203822
148200.0	1000.0	1407.4872616851285	0.0	0	509.22983260123874	1607.4872616852226	1	0	1	1.6452104803203822
149200.0	1000.0	1407.4872616851212	0.0	0	530.5691559451807	1607.4872616852226	1	0	1	1.6452104803203822
150200.0	1000.0	1407.487261685071	0.0	0	313.1649822688487	1607.4872616851935	1	0	1	1.6452104803203849
151200.0	1000.0	1407.4872616850791	0.0	0	568.3224770678498	1607.4872616851935	1	0	1	1.6452104803203849
152200.0	1000.0	1407.4872616850612	0.0	0	513.8703683738713	1607.4872616851644	1	0	1	1.645210480320388
153200.0	2000.0	1407.4872616850707	0.0	0	257.0269195851579	1607.4872616851644	1	0	1	1.9917840706003607
154200.0	2000.0	1407.4872616850416	0.0	0	421.4405135656707	1607.4872616851644	1	0	1	2.6849312511603056
155200.0	2000.0	1407.4872616850253	0.0	0	412.5413026989845	1607.4872616851644	1	0	1	2.6849312511603056
156700.54892203704	3000.0	906.9383396479848	0.0	0	0.0	1607.4872616851644	1	0	1	2.8876638052143884
158504.36380503778	2000.0	221.04277279428854	117.9193161470456	0	0.0	1725.406577832182	1	0	1	1.5639374691887316
158652.11679506407	300.0	1058.5144837653468	0.0	0	0.0	1710.6312788295618	1	0	2	-2.4685013360189405
159200.0	1000.0	1510.631278829416	0.0	0	123.8333036476688	1710.6312788295618	1	0	1	0.2309232742800118
160200.0	2000.0	1510.6312788294417	0.0	0	279.05519197537797	1710.6312788295618	1	0	1	1.981469668885921
161200.0	2000.0	1510.631278829403	0.0	0	432.9242996551038	1710.6312788295618	1	0	1	2.674616849445866
162200.0	2000.0	1510.6312788293596	0.0	0	189.06951101962477	1710.6312788295327	1	0	1	2.6746168494458686
163469.24562029497	2000.0	1241.3856585344226	0.0	0	0.0	1710.6312788295909	1	0	1	2.6746168494458655
164968.73861829878	2000.0	741.8926605305843	0.0	0	0.0	1710.6312788295909	1	0	1	2.6746168494458633
165944.72436531496	1000.0	765.9069135144168	0.0	0	0.0	1710.6312788295909	1	0	1	0.941748898046
166848.0021728663	1000.0	862.6291059630668	0.0	0	0.0	1710.6312788295909	1	0	1	1.6348960786059452
167495.63437144013	1000.0	1214.996907389236	0.0	0	0.0	1710.6312788295909	1	0	1	1.6348960786059452
168200.0	1000.0	1510.6312788293726	0.0	0	186.6080131160561	1710.6312788295909	1	0	1	1.6348960786059452
169200.0	1000.0	1510.6312788293926	0.0	0	613.4631609967037	1710.6312788295909	1	0	1	1.6348960786059452
170200.0	1000.0	1510.63127882936	0.0	0	572.8936484741571	1710.6312788295909	1	0	1	1.6348960786059452
171200.0	2000.0	1510.6312788293733	0.0	0	320.398545813543	1710.6312788295909	1	0	1	1.9814696688859181
172200.0	2000.0	1510.631278829388	0.0	0	185.92500786716118	1710.6312788295909	1	0	1	2.6746168494458633
173200.0	3000.0	1510.6312788293765	0.0	0	11.748258079023799	1710.6312788295618	1	0	1	2.8773494034999487
174627.02636140946	3000.0	1083.6049174199143	0.0	0	0.0	1710.6312788295327	1	0	1	3.282814511608114
175801.3071851377	2000.0	909.3240936916638	0.0	0	0.0	1710.6312788295327	1	0	1	2.269151741337704
176417.5469659897	1000.0	1293.084312839685	0.0	0	0.0	1710.6312788295618	1	0	1	0.9417488980460053
177339.31950329	2000.0	1371.3117755393914	0.0	0	0.0	1710.6312788295909	1	0	1	1.9814696688859181
178660.41395853573	2000.0	1050.2173202936312	0.0	0	0.0	1710.6312788295618	1	0	1	2.674616849445866
179200.0	1000.0	1510.6312788294006	0.0	0	126.38971818427672	1710.6312788295618	1	0	1	0.9417488980460028
180200.0	2000.0	1510.631278829404	0.0	0	40.67669581109658	1710.6312788295618	1	0	1	1.981469668885921
181200.0	2000.0	1510.631278829407	0.0	0	206.72945851183613	1710.6312788295618	1	0	1	2.674616849445866
182200.0	2000.0	1510.6312788294333	0.0	0	565.9892643870262	1710.6312788295618	1	0	1	2.674616849445866
183200.0	2000.0	1510.63127882945	0.0	0	139.42393342379364	1710.6312788295909	1	0	1	2.6746168494458633
184206.49030486486	2000.0	1504.1409739645915	0.0	0	0.0	1710.6312788295909	1	0	1	2.6746168494458633
185200.0	2000.0	1510.631278829454	0.0	0	152.35591875921818	1710.6312788295909	1	0	1	2.6746168494458633
186200.0	2000.0	1510.6312788294651	0.0	0	288.75700132889324	1710.6312788295909	1	0	1	2.6746168494458633
187200.0	2000.0	1510.6312788294342	0.0	0	292.140816392086	1710.6312788295909	1	0	1	2.6746168494458633
188200.0	2000.0	1510.6312788294515	0.0	0	244.36306292723748	1710.6312788295909	1	0	1	2.6746168494458633
189200.0	2000.0	1510.6312788294167	0.0	0	235.10569308698177	1710.6312788295909	1	0	1	2.6746168494458633
190200.0	2000.0	1510.631278829427	0.0	0	68.71360653606826	1710.6312788295909	1	0	1	2.6746168494458633
191200.0	2000.0	1510.6312788294217	0.0	0	91.62683523353189	1710.6312788295909	1	0	1	2.6746168494458633
192200.0	2000.0	1510.6312788294242	0.0	0	46.78576580088702	1710.6312788295909	1	0	1	2.6746168494458633
193302.898610408	2000.0	1407.7326684214195	0.0	0	0.0	1710.6312788295909	1	0	1	2.6746168494458633
194907.43815059628	2000.0	803.1931282331594	0.0	0	0.0	1710.6312788295618	1	0	1	2.674616849445865
195507.1251225252	1000.0	1203.506156304216	0.0	0	0.0	1710.6312788295618	1	0	1	0.9417488980460028
196538.196045877	2000.0	1172.4352329524254	0.0	0	0.0	1710.6312788295618	1	0	1	1.981469668885921
197393.91283211217	2000.0	1316.718446717275	0.0	0	0.0	1710.6312788295618	1	0	1	2.674616849445866
198200.0	2000.0	1510.631278829457	0.0	0	337.23564211907797	1710.6312788295618	1	0	1	2.674616849445866
199200.0	2000.0	1510.6312788294485	0.0	0	514.3158265881939	1710.6312788295618	1	0	1	2.674616849445866
200200.0	3000.0	1510.631278829469	0.0	0	195.6788045016001	1710.6312788295909	1	0	1	2.877349403499945
201200.0	3000.0	1510.6312788294654	0.0	0	27.651644010737073	1710.6312788295909	1	0	1	3.2828145116081098
202824.27062038952	3000.0	886.3606584399698	0.0	0	0.0	1710.63127882962	1	0	1	3.2828145116081084
203677.22984787665	2000.0	1033.4014309528425	0.0	0	0.0	1710.63127882962	1	0	1	2.269151741337695
204648.74660831207	2000.0	1061.8846705174224	0.0	0	0.0	1710.63127882962	1	0	1	2.6746168494458598
205267.56733803533	2000.0	1443.0639407941671	0.0	0	0.0	1710.63127882962	1	0	1	2.6746168494458598
206514.81941109052	2000.0	1195.8118677389696	0.0	0	0.0	1710.6312788295909	1	0	1	2.6746168494458606
207329.96235973484	2000.0	1380.6689190946386	0.0	0	0.0	1710.6312788295909	1	0	1	2.6746168494458633
208200.0	2000.0	1510.6312788294833	0.0	0	79.59877537758439	1710.6312788295909	1	0	1	2.6746168494458633
209200.0	2000.0	1510.6312788294829	0.0	0	269.2332278447575	1710.6312788295618	1	0	1	2.674616849445866
210200.0	2000.0	1510.6312788294852	0.0	0	235.519531803031	1710.6312788295327	1	0	1	2.6746168494458686
211200.0	2000.0	1510.6312788294654	0.0	0	412.75185150137986	1710.6312788295036	1	0	1	2.6746168494458717
212200.0	2000.0	1510.631278829479	0.0	0	390.06676911047543	1710.6312788295036	1	0	1	2.6746168494458717
213361.05087878453	3000.0	1349.5804000449361	0.0	0	0.0	1710.6312788294745	1	0	1	2.8773494034999576
214207.61003680987	2000.0	1503.0212420195974	0.0	0	0.0	1710.6312788294745	1	0	1	2.26915174133771
215200.0	2000.0	1510.6312788294917	0.0	0	113.82164569792803	1710.6312788294745	1	0	1	2.6746168494458744
216200.0	2000.0	1510.6312788295015	0.0	0	201.68941522832029	1710.6312788295036	1	0	1	2.6746168494458717
217200.0	2000.0	1510.6312788294729	0.0	0	382.1578500660835	1710.6312788295036	1	0	1	2.6746168494458717
218200.0	2000.0	1510.6312788294388	0.0	0	436.9004889506323	1710.6312788295036	1	0	1	2.6746168494458717
219335.34527327778	2000.0	1375.286005551678	0.0	0	0.0	1710.6312788295327	1	0	1	2.6746168494458686
221323.50569775508	2000.0	387.12558107437565	0.0	0	0.0	1710.6312788295327	1	0	1	2.6746168494458686
221629.15032007213	500.0	1081.4809587573095	0.0	0	0.0	1710.6312788295327	1	0	1	-0.7911190533538579
222200.0	1000.0	1510.6312788294204	0.0	0	137.96480240245	1710.6312788295327	1	0	1	0.9417488980460056
223200.0	2000.0	1510.6312788294313	0.0	0	30.12237246579025	1710.6312788295327	1	0	1	1.9814696688859237
224200.0	2000.0	1510.6312788294115	0.0	0	127.90311186239705	1710.6312788295618	1	0	1	2.674616849445866
225200.0	2000.0	1510.6312788294101	0.0	0	404.73372937575914	1710.6312788295327	1	0	1	2.6746168494458686
226200.0	2000.0	1510.6312788293924	0.0	0	93.82465200428851	1710.6312788295327	1	0	1	2.6746168494458686
227200.0	2000.0	1510.6312788293874	0.0	0	21.419907437782967	1710.6312788295327	1	0	1	2.6746168494458686
228200.0	2000.0	1510.6312788293997	0.0	0	173.70412444733665	1710.6312788295327	1	0	1	2.6746168494458686
229200.0	2000.0	1510.6312788294113	0.0	0	317.93715923980926	1710.6312788295618	1	0	1	2.674616849445866
230302.4074158681	2000.0	1408.2238629613084	0.0	0	0.0	1710.6312788295618	1	0	1	2.674616849445866
231617.0047886599	2000.0	1093.6264901695042	0.0	0	0.0	1710.6312788295618	1	0	1	2.674616849445866
232348.42659394417	1000.0	1362.204684885235	0.0	0	0.0	1710.6312788295618	1	0	1	0.9417488980460028
233200.0	1000.0	1510.6312788294058	0.0	0	95.27066329936497	1710.6312788295618	1	0	1	1.6348960786059479
234517.7033767368	2000.0	1192.927902092614	0.0	0	0.0	1710.6312788295909	1	0	1	1.9814696688859181
235200.0	1000.0	1510.631278829431	0.0	0	44.37866641941946	1710.6312788295909	1	0	1	0.941748898046
236200.0	1000.0	1510.6312788294545	0.0	0	523.7328627792303	1710.63127882962	1	0	1	1.6348960786059425
237200.0	2000.0	1510.6312788294356	0.0	0	303.15099249375635	1710.63127882962	1	0	1	1.9814696688859148
238200.0	2000.0	1510.6312788293974	0.0	0	337.5636604400934	1710.6312788295909	1	0	1	2.6746168494458633
239200.0	2000.0	1510.6312788294188	0.0	0	456.0613828031928	1710.6312788295909	1	0	1	2.6746168494458633
240679.65933002907	2000.0	1030.9719488003495	0.0	0	0.0	1710.6312788295909	1	0	1	2.6746168494458633
241987.23020317257	2000.0	723.4010756568784	0.0	0	0.0	1710.6312788295909	1	0	1	2.6746168494458633
242531.89982789112	1000.0	1178.731450938332	0.0	0	0.0	1710.6312788295909	1	0	1	0.941748898046
243200.0	1000.0	1510.6312788294413	0.0	0	244.85831534836325	1710.6312788295909	1	0	1	1.6348960786059452
244200.0	2000.0	1510.6312788294592	0.0	0	331.7951650839241	1710.6312788295909	1	0	1	1.9814696688859181
245200.0	1000.0	1510.6312788294608	0.0	0	680.637437415251	1710.63127882962	1	0	1	0.9417488980459973
246200.0	2000.0	1510.631278829462	0.0	0	338.4000529650657	1710.63127882962	1	0	1	1.9814696688859148
247475.4856537874	2000.0	1235.145625042091	0.0	0	0.0	1710.63127882962	1	0	1	2.6746168494458598
248242.7481246591	1000.0	1467.8831541703682	0.0	0	0.0	1710.6312788295909	1	0	1	0.941748898046
249359.83082204554	2000.0	1350.8004567839166	0.0	0	0.0	1710.6312788295909	1	0	1	1.9814696688859181
250200.0	1000.0	1510.6312788294283	0.0	0	275.6522325052647	1710.6312788295909	1	0	1	0.941748898046
251200.0	1000.0	1510.6312788294542	0.0	0	589.2449623188877	1710.6312788295909	1	0	1	1.6348960786059452
252200.0	1000.0	1510.6312788294374	0.0	0	556.4230854395428	1710.6312788295909	1	0	1	1.6348960786059452
253921.4135148692	2000.0	789.2177639602709	0.0	0	0.0	1710.63127882962	1	0	1	1.9814696688859148
254460.81688802564	1000.0	1249.8143908038387	0.0	0	0.0	1710.63127882962	1	0	1	0.9417488980459973
255200.0	1000.0	1510.6312788294713	0.0	0	215.7367299995385	1710.63127882962	1	0	1	1.6348960786059425
256200.0	1000.0	1510.6312788294802	0.0	0	561.1759872599214	1710.6312788295909	1	0	1	1.6348960786059452
257200.0	1000.0	1510.6312788294738	0.0	0	541.3039629586565	1710.6312788295909	1	0	1	1.6348960786059452
258200.0	2000.0	1510.6312788294636	0.0	0	83.57937938135001	1710.6312788295909	1	0	1	1.9814696688859181
259200.0	2000.0	1510.6312788294622	0.0	0	81.04160689222044	1710.6312788295618	1	0	1	2.674616849445866
260433.52766216322	2000.0	1277.103616666245	0.0	0	0.0	1710.6312788295618	1	0	1	2.674616849445866
261270.86760280852	2000.0	1439.7636760209357	0.0	0	0.0	1710.6312788295618	1	0	1	2.674616849445866
262200.0	2000.0	1510.6312788294315	0.0	0	291.4240589089168	1710.6312788295327	1	0	1	2.6746168494458686
263237.27108867787	2000.0	1473.3601901515935	0.0	0	0.0	1710.6312788295327	1	0	1	2.6746168494458686
264200.0	2000.0	1510.6312788294852	0.0	0	131.40805225726217	1710.6312788295909	1	0	1	2.674616849445866
265200.0	2000.0	1510.6312788295002	0.0	0	281.2906208782806	1710.6312788295909	1	0	1	2.6746168494458633
266200.0	2000.0	1510.631278829418	0.0	0	419.4875582222012	1710.6312788295909	1	0	1	2.6746168494458633
267200.0	2000.0	1510.6312788294085	0.0	0	273.0548848795006	1710.631278829649	1	0	1	2.674616849445857
268522.26619849855	2000.0	1188.365080330897	0.0	0	0.0	1710.631278829649	1	0	1	2.674616849445857
269705.44072141114	2000.0	1005.1905574183459	0.0	0	0.0	1710.6312788297073	1	0	1	2.6746168494458553
270879.1409995833	2000.0	831.4902792461952	0.0	0	0.0	1710.6312788297073	1	0	1	2.6746168494458518
271481.1265108402	1000.0	1229.5047679892912	0.0	0	0.0	1710.631278829649	1	0	1	0.9417488980459907
272211.6546135918	1000.0	1498.9766652377325	0.0	0	0.0	1710.631278829649	1	0	1	1.6348960786059394
273385.2121037171	2000.0	1325.4191751124636	0.0	0	0.0	1710.631278829649	1	0	1	1.981469668885917
274200.0	1000.0	1510.6312788296138	0.0	0	131.50461730372626	1710.631278829649	1	0	1	0.9417488980459943
275200.0	1000.0	1510.6312788296657	0.0	0	541.567727944639	1710.631278829649	1	0	1	1.6348960786059394
276200.0	1000.0	1510.631278829696	0.0	0	656.3560764737194	1710.631278829649	1	0	1	1.6348960786059394
277200.0	2000.0	1510.6312788297234	0.0	0	281.2367325220839	1710.631278829649	1	0	1	1.9814696688859121
278200.0	2000.0	1510.6312788297582	0.0	0	259.4200263780076	1710.6312788297073	1	0	1	2.6746168494458518
279200.0	2000.0	1510.6312788297773	0.0	0	105.79902929626405	1710.631278829649	1	0	1	2.674616849445857
280200.0	2000.0	1510.6312788297855	0.0	0	203.61279505194398	1710.631278829649	1	0	1	2.674616849445857
281240.181524313	2000.0	1470.449754516816	0.0	0	0.0	1710.631278829649	1	0	1	2.674616849445857
283121.51046647946	2000.0	589.1208123503692	0.0	0	0.0	1710.631278829649	1	0	1	2.674616849445857
283796.48334438016	1000.0	914.1479344496763	0.0	0	0.0	1710.6312788295909	1	0	1	0.941748898046
284560.35982307425	1000.0	1150.2714557555892	0.0	0	0.0	1710.6312788295909	1	0	1	1.6348960786059452
285200.0	1000.0	1510.6312788298683	0.0	0	66.49161833518883	1710.631278829649	1	0	1	1.6348960786059394
286200.0	1000.0	1510.6312788298612	0.0	0	461.718451564142	1710.6312788297073	1	0	1	1.6348960786059337
287200.0	1000.0	1510.631278829898	0.0	0	136.0546697488753	1710.6312788297073	1	0	1	1.6348960786059337
288200.0	1000.0	1510.6312788299315	0.0	0	373.1546585743199	1710.6312788297073	1	0	1	1.6348960786059337
289200.0	1000.0	1510.631278829889	0.0	0	589.0177671989077	1710.6312788297073	1	0	1	1.6348960786059337
290200.0	2000.0	1510.631278829881	0.0	0	179.94336164853303	1710.6312788297073	1	0	1	1.9814696688859064
291200.0	2000.0	1510.6312788298912	0.0	0	311.761051546433	1710.631278829649	1	0	1	2.674616849445857
292200.0	2000.0	1510.6312788298535	0.0	0	193.0260022827424	1710.631278829649	1	0	1	2.674616849445857
293234.34353849676	2000.0	1476.2877403330822	0.0	0	0.0	1710.6312788295909	1	0	1	2.6746168494458633
295002.52905522403	2000.0	708.1022236059038	0.0	0	0.0	1710.6312788297073	1	0	1	2.674616849445853
295809.00052671746	1000.0	901.6307521124768	0.0	0	0.0	1710.6312788297073	1	0	1	0.9417488980459884
296738.269880595	1000.0	972.3613982349556	0.0	0	0.0	1710.6312788297073	1	0	1	1.6348960786059337
297286.2972952244	1000.0	1424.3339836055611	0.0	0	0.0	1710.6312788297073	1	0	1	1.6348960786059337
298200.0	1000.0	1510.6312788299645	0.0	0	389.9207791569643	1710.6312788297073	1	0	1	1.6348960786059337
299200.0	1000.0	1510.6312788299665	0.0	0	317.5616608574055	1710.6312788297073	1	0	1	1.6348960786059337
300200.0	1000.0	1510.631278829938	0.0	0	526.2492506051785	1710.6312788297073	1	0	1	1.6348960786059337
3.37	3.42	1.99	1.3	1.48	1.97	2.56	3.29	3.13	1.09	1.49	1.32	1.1	1.74	2.41	2.94	2.93	3.29	3.3	3.32	2.05	1.81	1.63	2.11	1.96	1.95	2.71	3.36	3.88	2.65	1.67	2.22	2.77	3.01	2.88	3.3	1.83	2.11	2.62	2.37	1.38	1.8	2.51	3.01	3.6	4.29	3.95	2.09	2.35	2.17	2.41	2.77	1.88	2.0	2.49	3.32	3.72	3.13	2.36	2.46	2.03	2.54	2.48	3.13	3.01	1.82	1.09	1.6	2.09	2.81	3.32	3.86	2.22	1.59	2.0	2.36	2.56	1.59	1.59	1.63	1.95	2.02	2.75	2.93	2.97	3.29	1.74	1.31	1.63	1.89	2.34	2.9	2.63	1.24	1.55	1.76	2.41	2.66	1.41	0.97	1.61	2.14	2.77	2.77	2.21	2.1	2.22	2.83	2.48	2.02	2.59	3.15	3.93	2.24	1.61	2.22	2.04	2.09	1.78	1.56	1.62	2.35	2.63	3.45	3.28	1.7	2.54	2.56	1.25	1.38	1.27	1.92	2.14	1.53	1.99	2.61	3.2	3.2	2.73	1.56	1.23	1.47	1.24	1.69	1.73	1.88	2.4	2.95	3.37	2.97	3.37	3.42	1.99	1.3	1.48	1.97	2.56	3.29	3.13	1.09	1.49	1.32	1.1	1.74	2.41	2.94	2.93	3.29	3.3	3.32	2.05	1.81	1.63	2.11	1.96	1.95	2.71	3.36	3.88	2.65	1.67	2.22	2.77	3.01	2.88	3.3	1.83	2.11	2.62	2.37	1.38	1.8	2.51	3.01	3.6	4.29	3.95	2.09	2.35	2.17	2.41	2.77	1.88	2.0	2.49	3.32	3.72	3.13	2.36	2.46	2.03	2.54	2.48	3.13	3.01	1.82	1.09	1.6	2.09	2.81	3.32	3.86	2.22	1.59	2.0	2.36	2.56	1.59	1.59	1.63	1.95	2.02	2.75	2.93	2.97	3.29	1.74	1.31	1.63	1.89	2.34	2.9	2.63	1.24	1.55	1.76	2.41	2.66	1.41	0.97	1.61	2.14	2.77	2.77	2.21	2.1	2.22	2.83	2.48	2.02	2.59	3.15	3.93	2.24	1.61	2.22	2.04	2.09	1.78	1.56	1.62	2.35	2.63	3.45	3.28	1.7	2.54	2.56	1.25	1.38	1.27	1.92	2.14	1.53	1.99	2.61	3.2	3.2	2.73	1.56	1.23	1.47	1.24	1.69	1.73	1.88	2.4	2.95	3.37	2.97
1.0	2.0	3.0	4.0	5.0	6.0	7.0	8.0	9.0	10.0	11.0	12.0	13.0	14.0	15.0	16.0	17.0	18.0	19.0	20.0	21.0	22.0	23.0	24.0	25.0	26.0	27.0	28.0	29.0	30.0	31.0	32.0	33.0	34.0	35.0	36.0	37.0	38.0	39.0	40.0	41.0	42.0	43.0	44.0	45.0	46.0	47.0	48.0	49.0	50.0	51.0	52.0	53.0	54.0	55.0	56.0	57.0	58.0	59.0	60.0	61.0	62.0	63.0	64.0	65.0	66.0	67.0	68.0	69.0	70.0	71.0	72.0	73.0	74.0	75.0	76.0	77.0	78.0	79.0	80.0	81.0	82.0	83.0	84.0	85.0	86.0	87.0	88.0	89.0	90.0	91.0	92.0	93.0	94.0	95.0	96.0	97.0	98.0	99.0	100.0	101.0	102.0	103.0	104.0	105.0	106.0	107.0	108.0	109.0	110.0	111.0	112.0	113.0	114.0	115.0	116.0	117.0	118.0	119.0	120.0	121.0	122.0	123.0	124.0	125.0	126.0	127.0	128.0	129.0	130.0	131.0	132.0	133.0	134.0	135.0	136.0	137.0	138.0	139.0	140.0	141.0	142.0	143.0	144.0	145.0	146.0	147.0	148.0	149.0	149.0	150.0	151.0	152.0	153.0	154.0	155.0	156.0	157.0	158.0	159.0	160.0	161.0	162.0	163.0	164.0	165.0	166.0	167.0	168.0	169.0	170.0	171.0	172.0	173.0	174.0	175.0	176.0	177.0	178.0	179.0	180.0	181.0	182.0	183.0	184.0	185.0	186.0	187.0	188.0	189.0	190.0	191.0	192.0	193.0	194.0	195.0	196.0	197.0	198.0	199.0	200.0	201.0	202.0	203.0	204.0	205.0	206.0	207.0	208.0	209.0	210.0	211.0	212.0	213.0	214.0	215.0	216.0	217.0	218.0	219.0	220.0	221.0	222.0	223.0	224.0	225.0	226.0	227.0	228.0	229.0	230.0	231.0	232.0	233.0	234.0	235.0	236.0	237.0	238.0	239.0	240.0	241.0	242.0	243.0	244.0	245.0	246.0	247.0	248.0	249.0	250.0	251.0	252.0	253.0	254.0	255.0	256.0	257.0	258.0	259.0	260.0	261.0	262.0	263.0	264.0	265.0	266.0	267.0	268.0	269.0	270.0	271.0	272.0	273.0	274.0	275.0	276.0	277.0	278.0	279.0	280.0	281.0	282.0	283.0	284.0	285.0	286.0	287.0	288.0	289.0	290.0	291.0	292.0	293.0	294.0	295.0	296.0	297.0	298.0	298.0
4367.65536041757
