4438.140867311194	300.0	2000.0	250.45161502067873	0	0.0	4438.140867311194	1	0	1	-1.9408670073935226
5902.325618674137	1000.0	1389.3967735007618	0.0	0	0.0	4291.722392174899	1	0	2	-0.23152670663611724
6860.586982712027	1000.0	1335.309273059083	0.0	0	0.0	4195.896255771108	1	0	2	1.1840321859984013
7304.513422906614	500.0	1846.9901888450374	0.0	0	0.0	4151.50361175165	1	0	2	-0.5432081689915735
8657.383017250531	1000.0	1358.8336350667296	0.0	0	0.0	4016.216652317259	1	0	2	0.5072099000742785
9359.626260216839	500.0	1586.3660678037916	0.0	0	0.0	3945.9923280206285	1	0	2	-0.5230317018086509
9875.046525278842	500.0	2019.4037762355897	0.0	0	0.0	3894.45030151443	1	0	2	0.175552131381955
11349.830294696732	1000.0	1397.1416298759088	0.0	0	0.0	3746.97192457264	1	0	2	0.5354874494088083
11913.910280214783	500.0	1776.6536458060557	0.0	0	0.0	3690.5639260208372	1	0	2	-0.49731775995535443
12244.196945092868	500.0	2413.3383144401596	0.0	0	0.0	3657.535259533026	1	0	2	0.19973059330987492
13254.205926253877	1000.0	2302.32843516305	0.0	0	0.0	3556.534361416927	1	0	2	0.554402389906
14346.950487708089	1000.0	2100.309417563417	0.0	0	0.0	3447.259905271507	1	0	2	1.258190023693108
15661.789819206928	1000.0	1653.9861529146947	0.0	0	0.0	3315.7759721216244	1	0	2	1.2703059706275988
16832.26145562566	1000.0	1366.4673528540886	0.0	0	0.0	3198.728808479749	1	0	2	1.2833381492909104
17467.331288210615	1000.0	1667.8905370106365	0.0	0	0.0	3135.2218252212533	1	0	2	1.290748426650285
18518.422248863437	1000.0	1511.690480292532	0.0	0	0.0	3030.1127291559733	1	0	2	1.299964599283654
19506.723027660744	1000.0	1424.559623615497	0.0	0	0.0	2931.2826512762476	1	0	2	1.310459170013207
20397.300712931778	1000.0	1444.9241698173619	0.0	0	0.0	2842.2248827491458	1	0	2	1.3196739172954384
20972.80097997864	1000.0	1811.8738760658082	0.0	0	0.0	2784.6748560444503	1	0	2	1.3258876138185907
21857.52504595579	1000.0	1838.6774034909427	0.0	0	0.0	2696.202449446737	1	0	2	1.3340145410347661
22824.094267809927	1000.0	1775.4512594513922	0.0	0	0.0	2599.5455272613217	1	0	2	1.3436091452807135
24031.119182074326	1000.0	1447.7238537605538	0.0	0	0.0	2478.8430358348814	1	0	2	1.3553456603335874
24682.470698118912	1000.0	1731.2371861115064	0.0	0	0.0	2413.7078842304218	1	0	2	1.3629056378835802
25290.491184317118	1000.0	2062.414651293477	0.0	0	0.0	2352.9058356106034	1	0	2	1.3691874411768226
26200.0	1000.0	2061.9549540423077	0.0	0	217.2182774914254	2261.9549540423177	1	0	2	1.3763560791535228
27652.869401156364	1000.0	1463.798612770308	0.0	0	0.0	2116.668013926679	1	0	2	1.390111770250337
29794.66265229384	1000.0	200.0	83.7945122553769	0	0.0	1994.6626522938532	1	0	2	0.90415545014072
30650.62410475261	300.0	520.0588208596782	176.02027331844377	0	0.0	2170.6829256122983	1	0	1	-2.677162736797828
31494.198826115324	300.0	676.4840994969617	0.0	0	0.0	2170.6829256122983	1	0	1	-0.21706829256122984
31956.049898994836	300.0	1168.447919329492	0.0	0	0.0	2124.497818324344	1	0	2	-0.613508642378806
32278.756043081645	300.0	1813.471160834	0.0	0	0.0	2092.2272039156596	1	0	2	-0.41003209122246553
33200.0	500.0	1800.1028082238145	0.0	0	418.2938107256523	2000.1028082238263	1	0	2	-0.14834302486797374
34200.0	500.0	1700.102808223808	0.0	0	279.95507039592485	1900.1028082238226	1	0	2	0.3727058240074982
35200.0	500.0	1600.1028082238088	0.0	0	607.2644047122158	1800.1028082238336	1	0	2	0.382236855177449
36200.0	500.0	1500.102808223809	0.0	0	438.6615824883338	1700.1028082238336	1	0	2	0.3923775614660232
37200.0	1000.0	1500.1028082238058	0.0	0	316.03217841001606	1700.1028082238336	1	0	1	0.7428017451065755
38200.0	1000.0	1500.1028082238072	0.0	0	22.59821890811145	1700.1028082238336	1	0	1	1.6359489256665212
39200.0	1000.0	1500.1028082238147	0.0	0	198.27056777950202	1700.1028082238408	1	0	1	1.6359489256665203
40200.0	1000.0	1500.1028082238056	0.0	0	184.20734140444983	1700.1028082238336	1	0	1	1.6359489256665212
41200.0	1000.0	1500.1028082238047	0.0	0	304.15114740373974	1700.1028082238336	1	0	1	1.6359489256665212
42200.0	1000.0	1500.1028082238065	0.0	0	105.17789445890958	1700.1028082238263	1	0	1	1.6359489256665216
43200.0	1000.0	1500.1028082238024	0.0	0	277.3573986623669	1700.1028082238263	1	0	1	1.6359489256665216
44200.0	1000.0	1500.1028082238015	0.0	0	188.7389606371653	1700.1028082238263	1	0	1	1.6359489256665216
45200.0	1000.0	1500.1028082238058	0.0	0	176.86840542002028	1700.102808223819	1	0	1	1.6359489256665225
46200.0	1000.0	1500.1028082238088	0.0	0	99.94458067348751	1700.102808223819	1	0	1	1.6359489256665225
47200.0	1000.0	1500.1028082238124	0.0	0	51.08821446977527	1700.1028082238263	1	0	1	1.6359489256665216
48288.347343646645	1000.0	1411.7554645771709	0.0	0	0.0	1700.1028082238263	1	0	1	1.6359489256665216
49672.944280442025	1000.0	1027.1585277817996	0.0	0	0.0	1700.1028082238336	1	0	1	1.6359489256665212
50710.131886433315	1000.0	989.9709217905042	0.0	0	0.0	1700.1028082238336	1	0	1	1.6359489256665212
51847.92651451739	1000.0	852.1762937064284	0.0	0	0.0	1700.1028082238408	1	0	1	1.6359489256665203
52275.21711294788	500.0	1424.8856952759445	0.0	0	0.0	1700.1028082238408	1	0	1	-0.09691902573334332
53200.0	1000.0	1500.102808223831	0.0	0	2.56032047993358	1700.1028082238408	1	0	1	0.9428017451065749
54266.34316076652	1000.0	1433.759647457308	0.0	0	0.0	1700.1028082238408	1	0	1	1.6359489256665203
55441.6325175782	1000.0	1258.4702906456268	0.0	0	0.0	1700.1028082238408	1	0	1	1.6359489256665203
57137.14326049181	1000.0	562.9595477320182	0.0	0	0.0	1700.1028082238408	1	0	1	1.6359489256665203
57444.52814981998	300.0	1255.5746584038461	0.0	0	0.0	1700.1028082238408	1	0	1	-1.37398308514832
58200.0	500.0	1500.1028082238224	0.0	0	6.862798172653129	1700.1028082238408	1	0	1	0.08540253106061141
59200.0	500.0	1500.1028082238236	0.0	0	225.51678217510926	1700.1028082238408	1	0	1	0.5962281548266022
60200.0	500.0	1500.1028082238174	0.0	0	70.4470876973719	1700.1028082238408	1	0	1	0.5962281548266022
61200.0	500.0	1500.1028082238195	0.0	0	439.60548650972487	1700.1028082238408	1	0	1	0.5962281548266022
62200.0	500.0	1500.1028082238286	0.0	0	333.7085240319575	1700.1028082238408	1	0	1	0.5962281548266022
63200.0	500.0	1500.1028082238372	0.0	0	475.24970776866394	1700.1028082238408	1	0	1	0.5962281548266022
64327.26048690726	500.0	1372.8423213165845	0.0	0	0.0	1700.1028082238408	1	0	1	0.5962281548266022
65200.0	500.0	1500.1028082238488	0.0	0	323.8232273781905	1700.1028082238408	1	0	1	0.5962281548266022
66200.0	500.0	1500.1028082238267	0.0	0	255.961492833565	1700.102808223819	1	0	1	0.5962281548266035
67200.0	500.0	1500.1028082238279	0.0	0	118.62903317161545	1700.102808223819	1	0	1	0.5962281548266046
68200.0	500.0	1500.1028082238192	0.0	0	157.86457750867703	1700.102808223819	1	0	1	0.5962281548266044
69200.0	500.0	1500.1028082238233	0.0	0	426.48153001983883	1700.102808223819	1	0	1	0.5962281548266044
70200.0	500.0	1500.1028082238256	0.0	0	344.900247997939	1700.102808223819	1	0	1	0.5962281548266044
71200.0	500.0	1500.1028082238067	0.0	0	167.99672814880614	1700.102808223819	1	0	1	0.5962281548266044
72200.0	500.0	1500.1028082238006	0.0	0	490.5881471575849	1700.102808223819	1	0	1	0.5962281548266044
73200.0	500.0	1500.1028082237942	0.0	0	492.26617394649656	1700.1028082238336	1	0	1	0.5962281548266029
74200.0	500.0	1500.1028082237915	0.0	0	125.98186395953235	1700.1028082238336	1	0	1	0.5962281548266029
75200.0	500.0	1500.1028082237883	0.0	0	606.047686904727	1700.1028082238336	1	0	1	0.5962281548266029
76200.0	500.0	1500.1028082237824	0.0	0	311.43957931884506	1700.1028082238336	1	0	1	0.5962281548266029
77200.0	500.0	1500.10280822379	0.0	0	449.54949836026935	1700.1028082238336	1	0	1	0.5962281548266029
78200.0	500.0	1500.102808223798	0.0	0	100.0095406389446	1700.1028082238336	1	0	1	0.5962281548266029
79694.79753250639	500.0	1005.3052757174187	0.0	0	0.0	1700.1028082238481	1	0	1	0.5962281548266014
80525.52558338128	500.0	1174.5772248425108	0.0	0	0.0	1700.1028082238481	1	0	1	0.5962281548266014
81200.0	500.0	1500.1028082238033	0.0	0	12.142870571347885	1700.1028082238481	1	0	1	0.5962281548266014
82200.0	500.0	1500.1028082237924	0.0	0	283.26015946622647	1700.1028082238481	1	0	1	0.5962281548266014
83200.0	500.0	1500.1028082237794	0.0	0	210.2507038023614	1700.1028082238481	1	0	1	0.5962281548266014
84200.0	500.0	1500.10280822377	0.0	0	263.0284137947747	1700.1028082238481	1	0	1	0.5962281548266014
85200.0	500.0	1500.10280822378	0.0	0	669.4077822203981	1700.1028082238481	1	0	1	0.5962281548266014
86200.0	500.0	1500.102808223796	0.0	0	413.7419154144445	1700.1028082238627	1	0	1	0.5962281548266
87200.0	1000.0	1500.1028082237956	0.0	0	68.73069584998302	1700.1028082238627	1	0	1	0.9428017451065727
88432.49687802921	1000.0	1267.6059301945816	0.0	0	0.0	1700.1028082238627	1	0	1	1.635948925666518
89694.65703482891	1000.0	1005.4457733948819	0.0	0	0.0	1700.1028082238627	1	0	1	1.635948925666518
90557.138187185	1000.0	1142.9646210387841	0.0	0	0.0	1700.1028082238627	1	0	1	1.635948925666518
91228.86337597422	1000.0	1471.239432249545	0.0	0	0.0	1700.1028082238627	1	0	1	1.635948925666518
92200.0	1000.0	1500.1028082237651	0.0	0	242.55711939110188	1700.1028082238627	1	0	1	1.635948925666518
93442.16016127268	1000.0	1257.9426469510859	0.0	0	0.0	1700.1028082238627	1	0	1	1.635948925666518
94294.53391529864	1000.0	1405.5688929251176	0.0	0	0.0	1700.1028082238481	1	0	1	1.6359489256665194
95505.81970143299	1000.0	1194.2831067907855	0.0	0	0.0	1700.1028082238481	1	0	1	1.6359489256665194
97034.08025018433	1000.0	666.0225580394319	0.0	0	0.0	1700.1028082238481	1	0	1	1.6359489256665194
97574.79445415922	500.0	1125.308354064541	0.0	0	0.0	1700.1028082238481	1	0	1	-0.09691902573334404
98286.12289087658	500.0	1413.979917347184	0.0	0	0.0	1700.1028082238481	1	0	1	0.5962281548266014
99200.0	500.0	1500.102808223763	0.0	0	467.9978916619002	1700.1028082238336	1	0	1	0.5962281548266029
100200.0	500.0	1500.102808223758	0.0	0	390.7284115418588	1700.102808223819	1	0	1	0.5962281548266044
101200.0	500.0	1500.102808223768	0.0	0	425.3120505259576	1700.102808223819	1	0	1	0.5962281548266044
102200.0	500.0	1500.1028082237635	0.0	0	484.5675977008068	1700.1028082238045	1	0	1	0.5962281548266057
103200.0	500.0	1500.1028082237738	0.0	0	355.40942307416117	1700.1028082238045	1	0	1	0.5962281548266057
104200.0	500.0	1500.1028082237724	0.0	0	442.8922902552149	1700.10280822379	1	0	1	0.5962281548266073
105200.0	500.0	1500.1028082237806	0.0	0	526.0207049284509	1700.10280822379	1	0	1	0.5962281548266073
106200.0	500.0	1500.102808223775	0.0	0	577.5961704039219	1700.10280822379	1	0	1	0.5962281548266073
107270.03926300738	1000.0	1430.0635452164017	0.0	0	0.0	1700.1028082238045	1	0	1	0.9428017451065784
108200.0	500.0	1500.1028082237592	0.0	0	48.70175074345025	1700.10280822379	1	0	1	-0.09691902573333816
109200.0	500.0	1500.1028082237563	0.0	0	154.30904794255912	1700.10280822379	1	0	1	0.5962281548266073
110200.0	500.0	1500.1028082237538	0.0	0	367.1161527690856	1700.10280822379	1	0	1	0.5962281548266073
111200.0	500.0	1500.1028082237485	0.0	0	281.1189294576325	1700.1028082238045	1	0	1	0.5962281548266057
112200.0	500.0	1500.1028082237476	0.0	0	454.1200410835736	1700.1028082238045	1	0	1	0.5962281548266057
113200.0	500.0	1500.102808223744	0.0	0	457.12343776467605	1700.1028082238045	1	0	1	0.5962281548266057
114200.0	500.0	1500.1028082237403	0.0	0	577.3931963052164	1700.10280822379	1	0	1	0.5962281548266073
115341.30532904256	1000.0	1358.7974791811778	0.0	0	0.0	1700.1028082237754	1	0	1	0.9428017451065812
116200.0	500.0	1500.1028082237221	0.0	0	333.9622540240671	1700.1028082237754	1	0	1	-0.09691902573333683
117200.0	500.0	1500.102808223705	0.0	0	438.1135843567463	1700.1028082237608	1	0	1	0.5962281548266102
118200.0	500.0	1500.1028082237103	0.0	0	193.5250058197853	1700.1028082237608	1	0	1	0.5962281548266102
119200.0	500.0	1500.1028082237005	0.0	0	419.31118733591575	1700.1028082237463	1	0	1	0.5962281548266115
120200.0	500.0	1500.1028082237015	0.0	0	280.50411919162434	1700.1028082237463	1	0	1	0.5962281548266115
121200.0	500.0	1500.1028082237017	0.0	0	202.9354866914946	1700.1028082237463	1	0	1	0.5962281548266115
122200.0	500.0	1500.1028082236912	0.0	0	153.07199132128153	1700.1028082237463	1	0	1	0.5962281548266115
123200.0	500.0	1500.1028082236892	0.0	0	235.55368777617696	1700.1028082237463	1	0	1	0.5962281548266115
124200.0	500.0	1500.1028082236905	0.0	0	231.92244663179736	1700.1028082237317	1	0	1	0.5962281548266131
125200.0	500.0	1500.1028082236844	0.0	0	407.2659450350329	1700.1028082237317	1	0	1	0.5962281548266131
126200.0	500.0	1500.102808223674	0.0	0	487.80804229236674	1700.1028082237171	1	0	1	0.5962281548266145
127200.0	500.0	1500.102808223688	0.0	0	677.2930735567352	1700.1028082237171	1	0	1	0.5962281548266145
128200.0	500.0	1500.1028082236912	0.0	0	485.20537928133854	1700.1028082237171	1	0	1	0.5962281548266145
129200.0	500.0	1500.1028082237092	0.0	0	376.91112726859865	1700.1028082237171	1	0	1	0.5962281548266145
130200.0	1000.0	1500.1028082237124	0.0	0	18.47909580823034	1700.1028082237171	1	0	1	0.9428017451065873
131200.0	1000.0	1500.1028082237106	0.0	0	23.81284148147097	1700.1028082237171	1	0	1	1.6359489256665327
132742.81580116114	1000.0	957.287007062563	0.0	0	0.0	1700.1028082237026	1	0	1	1.6359489256665325
133554.93344683733	500.0	1145.1693613863777	0.0	0	0.0	1700.1028082237171	1	0	1	-0.09691902573333094
134428.3996986559	500.0	1271.703109567797	0.0	0	0.0	1700.1028082237171	1	0	1	0.5962281548266145
135292.58959289148	500.0	1407.51321533224	0.0	0	0.0	1700.1028082237171	1	0	1	0.5962281548266145
136200.0	500.0	1500.1028082237108	0.0	0	243.79454712176812	1700.1028082237171	1	0	1	0.5962281548266145
137200.0	500.0	1500.1028082237008	0.0	0	569.3605965068273	1700.1028082237171	1	0	1	0.5962281548266145
138200.0	500.0	1500.1028082236644	0.0	0	619.273773107212	1700.1028082237171	1	0	1	0.5962281548266145
139200.0	500.0	1500.1028082236633	0.0	0	621.2627353843418	1700.1028082237171	1	0	1	0.5962281548266145
140368.55974939148	1000.0	1331.5430588321874	0.0	0	0.0	1700.102808223688	1	0	1	0.9428017451065901
141409.1081242852	1000.0	1290.9946839384895	0.0	0	0.0	1700.102808223688	1	0	1	1.6359489256665354
142485.66607131393	1000.0	1214.4367369097415	0.0	0	0.0	1700.102808223659	1	0	1	1.6359489256665383
144322.87395963163	1000.0	377.2288485920571	0.0	0	0.0	1700.1028082236298	1	0	1	1.6359489256665414
144921.36727108853	300.0	778.7355371351547	0.0	0	0.0	1700.1028082236298	1	0	1	-1.3739830851482995
145950.4728168668	500.0	749.6299913569028	0.0	0	0.0	1700.1028082236298	1	0	1	0.0854025310606325
146328.6243087762	300.0	1371.4784994474894	0.0	0	0.0	1700.1028082236298	1	0	1	-0.6808359045883537
147200.0	500.0	1500.1028082236983	0.0	0	233.11532408959465	1700.1028082236298	1	0	1	0.0854025310606325
148200.0	500.0	1500.1028082236821	0.0	0	692.2655768327531	1700.1028082236298	1	0	1	0.5962281548266233
149200.0	500.0	1500.102808223673	0.0	0	664.6513428449689	1700.1028082236298	1	0	1	0.5962281548266233
150200.0	1000.0	1500.1028082236853	0.0	0	397.8813289756654	1700.1028082236298	1	0	1	0.942801745106596
151200.0	1000.0	1500.1028082236967	0.0	0	345.86446542365593	1700.1028082236298	1	0	1	1.6359489256665414
152200.0	1000.0	1500.1028082236846	0.0	0	260.52513093629386	1700.1028082236298	1	0	1	1.6359489256665414
153200.0	1000.0	1500.1028082236799	0.0	0	84.34824558705441	1700.1028082236298	1	0	1	1.6359489256665414
154200.0	1000.0	1500.1028082236687	0.0	0	245.6238972338906	1700.1028082236007	1	0	1	1.6359489256665443
155555.03410097474	1000.0	1145.0687072489545	0.0	0	0.0	1700.102808223659	1	0	1	1.635948925666539
156864.9032156719	1000.0	835.1995925518115	0.0	0	0.0	1700.102808223659	1	0	1	1.6359489256665383
157577.26349536824	500.0	1122.8393128554667	0.0	0	0.0	1700.102808223688	1	0	1	-0.096919025733328
158258.37034379476	500.0	1441.7324644289351	0.0	0	0.0	1700.102808223688	1	0	1	0.5962281548266174
159200.0	500.0	1500.1028082236796	0.0	0	273.78322784329066	1700.102808223688	1	0	1	0.5962281548266174
160200.0	500.0	1500.1028082236733	0.0	0	88.40897190061514	1700.102808223659	1	0	1	0.5962281548266191
161200.0	500.0	1500.1028082236912	0.0	0	328.0916568490793	1700.102808223688	1	0	1	0.5962281548266174
162200.0	500.0	1500.1028082236962	0.0	0	525.2864706904511	1700.102808223688	1	0	1	0.5962281548266174
163200.0	500.0	1500.1028082237017	0.0	0	545.6895715820137	1700.102808223688	1	0	1	0.5962281548266174
164200.0	1000.0	1500.1028082237315	0.0	0	11.013627637265017	1700.1028082237171	1	0	1	0.9428017451065873
165200.93383907672	1000.0	1499.168969146975	0.0	0	0.0	1700.1028082237171	1	0	1	1.6359489256665327
166214.41486638665	1000.0	1485.6879418370333	0.0	0	0.0	1700.1028082237171	1	0	1	1.6359489256665338
167200.0	1000.0	1500.1028082236328	0.0	0	178.77914827788481	1700.1028082237171	1	0	1	1.6359489256665327
168342.57459439267	1000.0	1357.5282138309476	0.0	0	0.0	1700.102808223688	1	0	1	1.635948925666535
169200.0	1000.0	1500.1028082236073	0.0	0	89.83250337626669	1700.102808223688	1	0	1	1.6359489256665354
170200.0	1000.0	1500.1028082236298	0.0	0	381.65972471929854	1700.102808223688	1	0	1	1.6359489256665354
171200.0	1000.0	1500.1028082236508	0.0	0	9.328113620489603	1700.102808223659	1	0	1	1.6359489256665383
172317.55542158018	1000.0	1382.5473866434768	0.0	0	0.0	1700.102808223688	1	0	1	1.6359489256665354
173200.0	1000.0	1500.102808223674	0.0	0	109.96642397809774	1700.1028082237171	1	0	1	1.6359489256665338
174233.21337373933	1000.0	1466.889434484341	0.0	0	0.0	1700.1028082237171	1	0	1	1.6359489256665314
175200.0	1000.0	1500.1028082236585	0.0	0	144.4666493308905	1700.1028082237171	1	0	1	1.6359489256665327
176564.47349645657	1000.0	1135.629311767114	0.0	0	0.0	1700.1028082237463	1	0	1	1.6359489256665296
177200.0	500.0	1500.102808223719	0.0	0	55.26833307638299	1700.1028082237754	1	0	1	-0.09691902573333683
179525.7515505582	1000.0	200.0	25.64874233448836	0	0.0	1725.751550558256	1	0	1	0.7883963162529615
180394.91901717937	300.0	663.4733243440322	332.6407909652012	0	0.0	2058.392341523402	1	0	1	-3.405656784269484
180819.2577058584	300.0	1196.700766797082	0.0	0	0.0	2015.958472655504	1	0	2	-0.6025895881401536
181542.06518597392	500.0	1401.6125386700473	0.0	0	0.0	1943.6777246439888	1	0	2	-0.14070633364818635
182337.8980445511	500.0	1526.1963942351365	0.0	0	0.0	1864.0944387862692	1	0	2	0.3777273899561494
183200.0	500.0	1577.884243241368	0.0	0	198.45223931319197	1777.884243241424	1	0	2	0.38531187403409173
184200.0	500.0	1477.8842432414008	0.0	0	631.5933231782983	1677.884243241424	1	0	2	0.3944500113248437
185200.0	500.0	1477.8842432413667	0.0	0	575.8780100593867	1677.884243241424	1	0	1	0.3984500113248436
186200.0	1000.0	1477.8842432413471	0.0	0	65.7212079964811	1677.8842432413949	1	0	1	0.9450236016048177
187200.0	1000.0	1477.884243241379	0.0	0	377.63380522688385	1677.8842432413949	1	0	1	1.6381707821647649
188200.0	1000.0	1477.8842432413805	0.0	0	446.45502994125127	1677.8842432413949	1	0	1	1.6381707821647649
189200.0	1000.0	1477.8842432413378	0.0	0	281.5013682177814	1677.8842432413949	1	0	1	1.6381707821647649
190200.0	1000.0	1477.8842432413203	0.0	0	427.01594525863766	1677.8842432413949	1	0	1	1.6381707821647649
191200.0	1000.0	1477.8842432412735	0.0	0	322.7600747932738	1677.8842432413949	1	0	1	1.6381707821647649
192200.0	1000.0	1477.8842432412807	0.0	0	60.710578885511495	1677.884243241424	1	0	1	1.6381707821647635
193200.0	1000.0	1477.884243241248	0.0	0	207.11142276474857	1677.884243241424	1	0	1	1.638170782164762
194200.0	1000.0	1477.88424324124	0.0	0	102.55836586060468	1677.884243241424	1	0	1	1.638170782164762
195200.0	1000.0	1477.884243241262	0.0	0	391.95798771994305	1677.884243241424	1	0	1	1.638170782164762
196200.0	1000.0	1477.884243241263	0.0	0	382.53421303920913	1677.884243241424	1	0	1	1.638170782164762
197200.0	1000.0	1477.884243241292	0.0	0	293.5790118344303	1677.884243241424	1	0	1	1.638170782164762
198200.0	1000.0	1477.8842432412914	0.0	0	5.731728524813661	1677.8842432413949	1	0	1	1.6381707821647649
199284.21152510913	1000.0	1393.672718132158	0.0	0	0.0	1677.8842432413658	1	0	1	1.6381707821647664
200200.0	1000.0	1477.8842432413242	0.0	0	37.50711770102498	1677.8842432413949	1	0	1	1.6381707821647649
201200.0	1000.0	1477.8842432413376	0.0	0	106.9006305290095	1677.8842432413949	1	0	1	1.6381707821647649
202200.0	1000.0	1477.884243241336	0.0	0	384.6064971498272	1677.8842432413949	1	0	1	1.6381707821647649
203200.0	1000.0	1477.884243241329	0.0	0	200.611478750885	1677.8842432413949	1	0	1	1.6381707821647649
204631.04224131774	1000.0	1046.842001923606	0.0	0	0.0	1677.8842432413949	1	0	1	1.6381707821647649
205234.83580389436	500.0	1443.048439347003	0.0	0	0.0	1677.8842432413949	1	0	1	-0.09469716923509874
206555.93630021662	1000.0	1121.9479430247509	0.0	0	0.0	1677.8842432413658	1	0	1	0.9450236016048225
207399.52999808078	500.0	1278.3542451606074	0.0	0	0.0	1677.8842432413658	1	0	1	-0.0946971692350958
208200.0	500.0	1477.8842432413944	0.0	0	101.12479996160255	1677.8842432413658	1	0	1	0.5984500113248497
209200.0	500.0	1477.8842432413944	0.0	0	109.02055939249112	1677.8842432413658	1	0	1	0.5984500113248497
210200.0	500.0	1477.884243241406	0.0	0	563.6058371170657	1677.8842432413658	1	0	1	0.5984500113248497
211200.0	500.0	1477.8842432414044	0.0	0	395.2744523670699	1677.8842432413949	1	0	1	0.5984500113248468
212200.0	500.0	1477.8842432413926	0.0	0	184.55750585714122	1677.8842432413949	1	0	1	0.5984500113248468
213200.0	500.0	1477.884243241354	0.0	0	1.6453988807916176	1677.8842432413949	1	0	1	0.5984500113248468
214200.0	500.0	1477.8842432413637	0.0	0	310.0397687073273	1677.8842432413949	1	0	1	0.5984500113248468
215200.0	500.0	1477.8842432413494	0.0	0	247.77651050154236	1677.8842432413949	1	0	1	0.5984500113248468
216200.0	500.0	1477.8842432413398	0.0	0	407.9486276311218	1677.8842432413949	1	0	1	0.5984500113248468
217200.0	500.0	1477.8842432413123	0.0	0	322.47823041750235	1677.8842432413949	1	0	1	0.5984500113248468
218200.0	500.0	1477.8842432412791	0.0	0	133.84475917197415	1677.8842432413949	1	0	1	0.5984500113248468
219200.0	500.0	1477.8842432412869	0.0	0	202.33309610022116	1677.8842432413949	1	0	1	0.5984500113248468
220200.0	500.0	1477.8842432412653	0.0	0	209.26652520461357	1677.8842432413949	1	0	1	0.5984500113248468
221200.0	500.0	1477.88424324129	0.0	0	465.40246281898	1677.8842432413949	1	0	1	0.5984500113248468
222200.0	500.0	1477.8842432413376	0.0	0	354.8963968450262	1677.8842432413949	1	0	1	0.5984500113248468
223200.0	500.0	1477.8842432413055	0.0	0	327.0309546867211	1677.8842432413658	1	0	1	0.5984500113248497
224200.0	500.0	1477.8842432412948	0.0	0	528.7844657951791	1677.8842432413658	1	0	1	0.5984500113248497
225200.0	500.0	1477.8842432412662	0.0	0	237.95710027765017	1677.8842432413367	1	0	1	0.5984500113248525
226200.0	500.0	1477.88424324126	0.0	0	454.9635515763075	1677.8842432413367	1	0	1	0.5984500113248525
227329.44177129338	500.0	1348.4424719478584	0.0	0	0.0	1677.8842432413367	1	0	1	0.5984500113248536
228862.74312351207	500.0	815.1411197291607	0.0	0	0.0	1677.8842432413367	1	0	1	0.5984500113248525
229202.99041570674	300.0	1474.893827534497	0.0	0	0.0	1677.8842432413076	1	0	1	-0.6786140480901214
230200.0	500.0	1477.884243241262	0.0	0	285.4133654789475	1677.8842432413367	1	0	1	0.08762438755886182
231200.0	500.0	1477.884243241272	0.0	0	54.06810168764787	1677.8842432413367	1	0	1	0.5984500113248525
232200.0	500.0	1477.8842432412587	0.0	0	318.6383479454962	1677.8842432413076	1	0	1	0.5984500113248554
233200.0	500.0	1477.8842432412507	0.0	0	407.4695043748361	1677.8842432412785	1	0	1	0.5984500113248583
234200.0	500.0	1477.8842432412248	0.0	0	630.9205122456187	1677.8842432412785	1	0	1	0.5984500113248583
235200.0	500.0	1477.8842432412061	0.0	0	449.4714119640412	1677.8842432412785	1	0	1	0.5984500113248583
236200.0	500.0	1477.8842432411964	0.0	0	651.2997403307527	1677.8842432412785	1	0	1	0.5984500113248583
237237.35626492082	1000.0	1440.5279783203573	0.0	0	0.0	1677.8842432412785	1	0	1	0.945023601604831
238200.0	1000.0	1477.8842432411634	0.0	0	71.19984962485614	1677.8842432412785	1	0	1	1.6381707821647764
239335.42184241174	1000.0	1342.4624008294409	0.0	0	0.0	1677.8842432412785	1	0	1	1.6381707821647764
240200.0	1000.0	1477.8842432411752	0.0	0	217.44788486984908	1677.8842432412785	1	0	1	1.6381707821647764
241200.0	1000.0	1477.8842432411525	0.0	0	126.24296832820983	1677.8842432412785	1	0	1	1.6381707821647764
242319.71582856012	1000.0	1358.1684146810314	0.0	0	0.0	1677.8842432412785	1	0	1	1.6381707821647764
243200.0	1000.0	1477.8842432411595	0.0	0	226.94196060855757	1677.8842432412785	1	0	1	1.6381707821647764
244200.0	1000.0	1477.8842432411657	0.0	0	357.35213291141554	1677.8842432413076	1	0	1	1.6381707821647737
246024.35982999954	1000.0	653.524413241604	0.0	0	0.0	1677.8842432412785	1	0	1	1.6381707821647742
246910.3896856035	500.0	767.4945576376454	0.0	0	0.0	1677.8842432412785	1	0	1	-0.09469716923508709
247431.25253911075	500.0	1246.631704130391	0.0	0	0.0	1677.8842432412785	1	0	1	0.5984500113248583
248200.0	500.0	1477.8842432411334	0.0	0	352.05053396179574	1677.8842432412785	1	0	1	0.5984500113248583
249200.0	500.0	1477.8842432411286	0.0	0	411.82994610254536	1677.8842432412785	1	0	1	0.5984500113248583
250200.0	500.0	1477.8842432411338	0.0	0	432.16612120342324	1677.8842432412785	1	0	1	0.5984500113248583
251200.0	500.0	1477.8842432411286	0.0	0	260.76198184027453	1677.8842432412785	1	0	1	0.5984500113248583
252200.0	500.0	1477.8842432411107	0.0	0	95.89036100087105	1677.8842432412785	1	0	1	0.5984500113248583
253200.0	500.0	1477.8842432411059	0.0	0	344.89213823797763	1677.8842432412785	1	0	1	0.5984500113248583
254200.0	500.0	1477.8842432411263	0.0	0	665.3108788878017	1677.8842432412785	1	0	1	0.5984500113248583
255200.0	500.0	1477.8842432410981	0.0	0	504.63821630191524	1677.8842432412494	1	0	1	0.5984500113248613
256518.2639065868	1000.0	1159.620336654315	0.0	0	0.0	1677.8842432412785	1	0	1	0.945023601604831
257444.0719731276	500.0	1233.812270113471	0.0	0	0.0	1677.8842432412785	1	0	1	-0.09469716923508709
258200.0	500.0	1477.8842432410943	0.0	0	64.75347548077116	1677.8842432412785	1	0	1	0.5984500113248583
259200.0	500.0	1477.8842432411054	0.0	0	136.9015346414235	1677.8842432412785	1	0	1	0.5984500113248601
260200.0	500.0	1477.8842432410956	0.0	0	591.978423667053	1677.8842432412494	1	0	1	0.5984500113248613
261200.0	500.0	1477.8842432411036	0.0	0	557.7919305226533	1677.8842432412494	1	0	1	0.5984500113248613
262200.0	500.0	1477.8842432411072	0.0	0	408.5033709697891	1677.8842432412202	1	0	1	0.5984500113248642
263200.0	500.0	1477.8842432411293	0.0	0	523.1286936065299	1677.8842432412494	1	0	1	0.5984500113248606
264815.70376977243	1000.0	862.1804734687107	0.0	0	0.0	1677.8842432412202	1	0	1	0.9450236016048369
265295.3535184939	500.0	1382.5307247471549	0.0	0	0.0	1677.8842432412202	1	0	1	-0.09469716923508131
266200.0	500.0	1477.884243241088	0.0	0	350.0096142234979	1677.8842432412202	1	0	1	0.5984500113248642
267200.0	500.0	1477.884243241073	0.0	0	243.68822716962313	1677.8842432412202	1	0	1	0.5984500113248642
268200.0	500.0	1477.884243241047	0.0	0	408.7116144686588	1677.8842432412202	1	0	1	0.5984500113248642
269200.0	500.0	1477.884243241025	0.0	0	349.2671505254111	1677.8842432412202	1	0	1	0.5984500113248642
270200.0	500.0	1477.8842432410559	0.0	0	31.44784461130621	1677.8842432412785	1	0	1	0.5984500113248583
271200.0	500.0	1477.8842432411063	0.0	0	373.05596981337294	1677.8842432412785	1	0	1	0.5984500113248583
272200.0	500.0	1477.884243241125	0.0	0	326.1092315259157	1677.8842432412785	1	0	1	0.5984500113248583
273200.0	500.0	1477.884243241168	0.0	0	263.11798058106797	1677.8842432412785	1	0	1	0.5984500113248583
274200.0	500.0	1477.8842432411973	0.0	0	440.3736021996592	1677.8842432412785	1	0	1	0.5984500113248583
275200.0	500.0	1477.8842432412384	0.0	0	265.94217913318425	1677.8842432412785	1	0	1	0.5984500113248583
276200.0	500.0	1477.8842432412425	0.0	0	499.053875027108	1677.8842432412785	1	0	1	0.5984500113248583
277200.0	500.0	1477.8842432412562	0.0	0	628.6470171113033	1677.8842432412785	1	0	1	0.5984500113248583
278200.0	500.0	1477.884243241244	0.0	0	446.4381290857564	1677.8842432412785	1	0	1	0.5984500113248583
279200.0	1000.0	1477.8842432412484	0.0	0	114.38085209624842	1677.8842432412785	1	0	1	0.945023601604831
280200.0	1000.0	1477.8842432412384	0.0	0	167.1385498213931	1677.8842432412785	1	0	1	1.6381707821647764
281224.8209568715	1000.0	1453.0632863697385	0.0	0	0.0	1677.8842432412202	1	0	1	1.6381707821647788
282768.5567781857	1000.0	909.327465055599	0.0	0	0.0	1677.8842432412202	1	0	1	1.6381707821647824
283657.7585844992	500.0	1020.1256587421606	0.0	0	0.0	1677.8842432412202	1	0	1	-0.09469716923508131
284409.6969556874	500.0	1268.1872875539375	0.0	0	0.0	1677.8842432412202	1	0	1	0.5984500113248642
285200.0	500.0	1477.8842432413892	0.0	0	229.67449803982163	1677.8842432412202	1	0	1	0.5984500113248642
286200.0	500.0	1477.8842432413817	0.0	0	523.5370073260856	1677.8842432412202	1	0	1	0.5984500113248642
287200.0	500.0	1477.8842432414117	0.0	0	551.9763396828203	1677.8842432412202	1	0	1	0.5984500113248642
288200.0	500.0	1477.8842432414176	0.0	0	677.2305804193602	1677.8842432412202	1	0	1	0.5984500113248642
289262.095289621	1000.0	1415.7889536204739	0.0	0	0.0	1677.8842432412785	1	0	1	0.945023601604831
290200.0	1000.0	1477.8842432414951	0.0	0	90.39081089268439	1677.8842432412785	1	0	1	1.6381707821647764
291721.12552170147	1000.0	956.758721539994	0.0	0	0.0	1677.8842432412785	1	0	1	1.6381707821647764
292555.5253900951	500.0	1122.3588531463383	0.0	0	0.0	1677.8842432412785	1	0	1	-0.09469716923508709
293354.7780028419	500.0	1323.106240399477	0.0	0	0.0	1677.8842432412785	1	0	1	0.5984500113248583
294271.905139837	500.0	1405.9791034043658	0.0	0	0.0	1677.8842432413367	1	0	1	0.5984500113248525
295200.0	500.0	1477.8842432413728	0.0	0	113.55609013879439	1677.8842432413367	1	0	1	0.5984500113248525
296200.0	500.0	1477.8842432414006	0.0	0	364.2901797373197	1677.8842432413367	1	0	1	0.5984500113248525
297200.0	500.0	1477.8842432413956	0.0	0	509.7477973010391	1677.8842432413949	1	0	1	0.5984500113248468
298200.0	500.0	1477.8842432414224	0.0	0	691.2721578499186	1677.8842432413949	1	0	1	0.5984500113248468
299200.0	1000.0	1477.884243241494	0.0	0	17.087769878678955	1677.8842432413949	1	0	1	0.9450236016048195
300200.0	1000.0	1477.8842432415138	0.0	0	376.45204580016434	1677.8842432413949	1	0	1	1.6381707821647649
1.11	0.87	0.94	0.96	0.7	1.0	0.47	0.81	1.3	1.32	0.98	0.72	1.1	1.27	1.01	1.22	1.69	1.37	0.76	1.0	1.32	1.25	0.93	0.79	0.67	0.46	0.27	0.58	0.88	0.88	1.17	1.15	1.17	1.23	1.66	1.47	1.49	1.33	1.53	1.08	1.34	1.34	1.45	1.45	0.86	0.93	1.23	1.04	1.49	1.19	0.88	0.86	0.66	0.78	0.66	0.56	0.96	0.94	0.88	0.51	0.76	0.82	0.73	0.57	0.78	0.68	0.8	0.74	0.94	0.74	1.07	0.72	0.86	0.59	0.54	0.36	0.75	0.74	0.68	0.92	1.33	1.19	1.54	1.15	0.85	1.11	1.19	1.25	0.97	1.17	1.4	0.72	0.44	0.71	0.97	1.15	0.75	0.92	0.72	0.87	1.32	1.14	0.75	0.59	0.71	0.71	0.98	1.0	1.12	1.02	0.85	0.74	0.92	0.73	0.98	0.88	0.72	0.75	0.76	0.67	0.74	0.74	1.27	1.03	1.07	0.97	1.37	1.03	0.64	0.81	0.75	0.72	1.2	1.29	1.34	1.15	1.1	1.16	0.63	0.66	0.59	0.66	0.92	1.34	1.64	1.37	1.36	1.51	1.4	1.04	1.11	0.87	0.94	0.96	0.7	1.0	0.47	0.81	1.3	1.32	0.98	0.72	1.1	1.27	1.01	1.22	1.69	1.37	0.76	1.0	1.32	1.25	0.93	0.79	0.67	0.46	0.27	0.58	0.88	0.88	1.17	1.15	1.17	1.23	1.66	1.47	1.49	1.33	1.53	1.08	1.34	1.34	1.45	1.45	0.86	0.93	1.23	1.04	1.49	1.19	0.88	0.86	0.66	0.78	0.66	0.56	0.96	0.94	0.88	0.51	0.76	0.82	0.73	0.57	0.78	0.68	0.8	0.74	0.94	0.74	1.07	0.72	0.86	0.59	0.54	0.36	0.75	0.74	0.68	0.92	1.33	1.19	1.54	1.15	0.85	1.11	1.19	1.25	0.97	1.17	1.4	0.72	0.44	0.71	0.97	1.15	0.75	0.92	0.72	0.87	1.32	1.14	0.75	0.59	0.71	0.71	0.98	1.0	1.12	1.02	0.85	0.74	0.92	0.73	0.98	0.88	0.72	0.75	0.76	0.67	0.74	0.74	1.27	1.03	1.07	0.97	1.37	1.03	0.64	0.81	0.75	0.72	1.2	1.29	1.34	1.15	1.1	1.16	0.63	0.66	0.59	0.66	0.92	1.34	1.64	1.37	1.36	1.51	1.4	1.04
1.0	2.0	3.0	4.0	5.0	6.0	7.0	8.0	9.0	10.0	11.0	12.0	13.0	14.0	15.0	16.0	17.0	18.0	19.0	20.0	21.0	22.0	23.0	24.0	25.0	26.0	27.0	28.0	29.0	30.0	31.0	32.0	33.0	34.0	35.0	36.0	37.0	38.0	39.0	40.0	41.0	42.0	43.0	44.0	45.0	46.0	47.0	48.0	49.0	50.0	51.0	52.0	53.0	54.0	55.0	56.0	57.0	58.0	59.0	60.0	61.0	62.0	63.0	64.0	65.0	66.0	67.0	68.0	69.0	70.0	71.0	72.0	73.0	74.0	75.0	76.0	77.0	78.0	79.0	80.0	81.0	82.0	83.0	84.0	85.0	86.0	87.0	88.0	89.0	90.0	91.0	92.0	93.0	94.0	95.0	96.0	97.0	98.0	99.0	100.0	101.0	102.0	103.0	104.0	105.0	106.0	107.0	108.0	109.0	110.0	111.0	112.0	113.0	114.0	115.0	116.0	117.0	118.0	119.0	120.0	121.0	122.0	123.0	124.0	125.0	126.0	127.0	128.0	129.0	130.0	131.0	132.0	133.0	134.0	135.0	136.0	137.0	138.0	139.0	140.0	141.0	142.0	143.0	144.0	145.0	146.0	147.0	148.0	149.0	149.0	150.0	151.0	152.0	153.0	154.0	155.0	156.0	157.0	158.0	159.0	160.0	161.0	162.0	163.0	164.0	165.0	166.0	167.0	168.0	169.0	170.0	171.0	172.0	173.0	174.0	175.0	176.0	177.0	178.0	179.0	180.0	181.0	182.0	183.0	184.0	185.0	186.0	187.0	188.0	189.0	190.0	191.0	192.0	193.0	194.0	195.0	196.0	197.0	198.0	199.0	200.0	201.0	202.0	203.0	204.0	205.0	206.0	207.0	208.0	209.0	210.0	211.0	212.0	213.0	214.0	215.0	216.0	217.0	218.0	219.0	220.0	221.0	222.0	223.0	224.0	225.0	226.0	227.0	228.0	229.0	230.0	231.0	232.0	233.0	234.0	235.0	236.0	237.0	238.0	239.0	240.0	241.0	242.0	243.0	244.0	245.0	246.0	247.0	248.0	249.0	250.0	251.0	252.0	253.0	254.0	255.0	256.0	257.0	258.0	259.0	260.0	261.0	262.0	263.0	264.0	265.0	266.0	267.0	268.0	269.0	270.0	271.0	272.0	273.0	274.0	275.0	276.0	277.0	278.0	279.0	280.0	281.0	282.0	283.0	284.0	285.0	286.0	287.0	288.0	289.0	290.0	291.0	292.0	293.0	294.0	295.0	296.0	297.0	298.0	298.0
3912.041892162811
