5988.181337624609	300.0	2000.0	377.62896712339676	0	0.0	5988.181337624609	1	0	1	-2.8556015974218947
7173.40502934783	1000.0	1696.2539391044568	0.0	0	0.0	5869.658968452287	1	0	2	-0.3882203512618032
8058.253070868732	1000.0	1722.9210934314647	0.0	0	0.0	5781.174164300196	1	0	2	1.0255107034016497
8807.320388457429	1000.0	1898.9470440838977	0.0	0	0.0	5706.267432541325	1	0	2	1.0333915194791308
9554.957157249859	1000.0	2076.546598412224	0.0	0	0.0	5631.503755662082	1	0	2	1.0407763566583872
10532.71465949141	1000.0	2001.0133459465164	0.0	0	0.0	5533.728005437926	1	0	2	1.0501277316558215
11547.169708909694	1000.0	1885.1127915864013	0.0	0	0.0	5432.282500496094	1	0	2	1.0596615565810237
12827.937154980653	1000.0	1476.2686009083461	0.0	0	0.0	5304.205755888998	1	0	2	1.0724733884821975
14129.686674930717	1000.0	1044.3441289632742	0.0	0	0.0	5174.030803893989	1	0	2	1.0847667675812147
14562.971734798537	500.0	1567.7305631086733	0.0	0	0.0	5130.702297907206	1	0	2	-0.6408598535100745
16361.229369129987	1000.0	589.6471653440772	0.0	0	0.0	4950.8765344740605	1	0	2	0.41099747430615385
16864.625104722298	300.0	1035.9118561925343	0.0	0	0.0	4900.536960914829	1	0	2	-1.8952274782981897
18053.91408615307	500.0	727.6939766186852	0.0	0	0.0	4781.608062771749	1	0	2	-0.4258317973117258
18570.96985817524	300.0	1158.9326273942984	0.0	0	0.0	4729.902485569533	1	0	2	-1.185051303174257
19183.179697733623	500.0	1485.5018038800783	0.0	0	0.0	4668.681501613701	1	0	2	-0.4130140066725844
19672.66947102987	500.0	1947.0630532542018	0.0	0	0.0	4619.732524284071	1	0	2	0.10298285727528686
20371.92603681367	500.0	2177.880830892016	0.0	0	0.0	4549.806867705691	1	0	2	0.10935681167741536
21145.995810058917	500.0	2326.4040803222415	0.0	0	0.0	4472.399890381163	1	0	2	0.11704486499281484
22332.37057704385	1000.0	2021.3918366388132	0.0	0	0.0	4353.762413682671	1	0	2	0.47468324128312317
23040.444187467794	500.0	2242.510865172472	0.0	0	0.0	4282.9550526402745	1	0	2	-0.5569383270930347
24476.08069200863	1000.0	1663.310710177555	0.0	0	0.0	4139.391402186189	1	0	2	0.4944224788708501
25361.750015763726	500.0	1689.07445404695	0.0	0	0.0	4050.8244698106864	1	0	2	-0.533964019137585
26047.830696360008	500.0	1934.3857053910376	0.0	0	0.0	3982.2164017510586	1	0	2	0.16633097295393978
26906.736249312118	500.0	1989.5895971437144	0.0	0	0.0	3896.325846455842	1	0	2	0.17441066280650408
27488.34316137634	500.0	2349.821993873073	0.0	0	0.0	3838.1651552494222	1	0	2	0.18120128467344637
28009.143287069626	500.0	2776.9418556104574	0.0	0	0.0	3786.0851426800946	1	0	2	0.18627266890035044
28936.780425420602	1000.0	2756.541003424388	0.0	0	0.0	3693.321428845	1	0	2	0.5409537937413414
30388.742121009345	1000.0	2159.383138276774	0.0	0	0.0	3548.125259286131	1	0	2	1.2473614865654992
31141.1517445597	1000.0	2331.732552371385	0.0	0	0.0	3472.884296931097	1	0	2	1.2568101750497758
31840.716558054322	1000.0	2562.2112575272977	0.0	0	0.0	3402.9278155816355	1	0	2	1.2638260813087223
32983.59994653517	1000.0	2305.03953019837	0.0	0	0.0	3288.639476733555	1	0	2	1.2736699112808134
34116.23905294896	1000.0	2059.136513143205	0.0	0	0.0	3175.3755660921706	1	0	2	1.2857359615584314
35432.52765977602	1000.0	1611.2190456334342	0.0	0	0.0	3043.7467054094595	1	0	2	1.2982608943856222
36866.82522494772	1000.0	1033.4917239445604	0.0	0	0.0	2900.316948892294	1	0	2	1.3123198303744465
37338.18806891555	500.0	1514.9925955799467	0.0	0	0.0	2853.180664495514	1	0	2	-0.41346566315116395
38273.35188779935	1000.0	1486.3123948077764	0.0	0	0.0	2759.6642826071475	1	0	2	0.6345030708466821
39030.38351218339	1000.0	1653.5776079853365	0.0	0	0.0	2683.961120168751	1	0	2	1.335478478272956
40048.79984656391	1000.0	1533.319640166762	0.0	0	0.0	2582.1194867306986	1	0	2	1.3450615579286287
41397.365906040046	1000.0	1049.8969747430115	0.0	0	0.0	2447.2628807830843	1	0	2	1.3576312993914708
41886.209110704345	500.0	1512.1694496122886	0.0	0	0.0	2398.3785603166543	1	0	2	-0.367924476184273
43295.223386549675	1000.0	962.2537461824328	0.0	0	0.0	2257.477132732136	1	0	2	0.6831002743380616
44135.71640332272	500.0	1037.7114277320784	0.0	0	0.0	2173.427831054825	1	0	2	-0.34646643556720214
44522.300805596285	500.0	1612.4685852311595	0.0	0	0.0	2134.769390827474	1	0	2	0.3519337375130108
45504.343402106606	1000.0	1532.2217290698002	0.0	0	0.0	2036.5651311764377	1	0	2	0.7067159885313709
46808.11400244919	1000.0	1098.0740686929594	0.0	0	0.0	1906.1880711421836	1	0	2	1.4112030098015256
47377.1128202869	500.0	1472.1753690714716	0.0	0	0.0	1849.2881893584126	1	0	2	-0.3130826893805022
48285.59593733927	1000.0	1472.843940313876	0.0	0	0.0	1758.439877653189	1	0	2	0.734537349113092
49200.0	1000.0	1466.9994713870637	0.0	0	151.68094767814182	1666.9994713871056	1	0	2	1.4361042956344696
50200.0	1000.0	1466.9994713870674	0.0	0	205.12286667372246	1666.9994713871129	1	0	1	1.439259259350193
51493.805152572146	1000.0	1173.1943188149226	0.0	0	0.0	1666.9994713871129	1	0	1	1.6392592593501931
52200.0	500.0	1466.9994713870663	0.0	0	131.11250729359017	1666.9994713871129	1	0	1	-0.09360869204967054
53200.0	1000.0	1466.9994713870612	0.0	0	2.4207190066154	1666.9994713871129	1	0	1	0.9461120787902477
54200.0	1000.0	1466.9994713870708	0.0	0	97.6491541174255	1666.9994713871201	1	0	1	1.6392592593501922
55200.0	1000.0	1466.9994713870674	0.0	0	151.8779600682392	1666.9994713871201	1	0	1	1.6392592593501922
56200.0	1000.0	1466.9994713870688	0.0	0	24.42493409337476	1666.9994713871274	1	0	1	1.6392592593501916
57460.713287134466	1000.0	1206.2861842526006	0.0	0	0.0	1666.9994713871201	1	0	1	1.6392592593501922
58200.0	500.0	1466.9994713870658	0.0	0	115.07226261484175	1666.9994713871129	1	0	1	-0.09360869204967054
59200.0	1000.0	1466.999471387062	0.0	0	144.5240266506953	1666.9994713871129	1	0	1	0.9461120787902477
60200.0	1000.0	1466.9994713870603	0.0	0	290.8764516941519	1666.9994713871129	1	0	1	1.6392592593501931
61200.0	1000.0	1466.9994713870615	0.0	0	291.534683468235	1666.9994713871129	1	0	1	1.6392592593501931
62208.10416200703	1000.0	1458.8953093800308	0.0	0	0.0	1666.9994713871056	1	0	1	1.6392592593501938
63697.48853240684	1000.0	969.5109389802227	0.0	0	0.0	1666.9994713871056	1	0	1	1.6392592593501938
64290.00226772107	500.0	1376.997203665983	0.0	0	0.0	1666.9994713871056	1	0	1	-0.0936086920496698
65200.0	1000.0	1466.9994713870517	0.0	0	139.52493111044168	1666.9994713871056	1	0	1	0.9461120787902483
66200.0	1000.0	1466.9994713870522	0.0	0	91.92958536559308	1666.9994713870983	1	0	1	1.639259259350194
67200.0	1000.0	1466.999471387067	0.0	0	57.72612913408375	1666.9994713871201	1	0	1	1.6392592593501931
68277.20106315447	1000.0	1389.7984082325934	0.0	0	0.0	1666.9994713871129	1	0	1	1.6392592593501931
69412.46100186941	1000.0	1254.5384695176758	0.0	0	0.0	1666.9994713871129	1	0	1	1.6392592593501931
70200.0	1000.0	1466.9994713870838	0.0	0	163.39610444749997	1666.9994713871129	1	0	1	1.6392592593501931
71200.0	1000.0	1466.9994713870801	0.0	0	415.9708807795978	1666.9994713871129	1	0	1	1.6392592593501931
72200.97856642578	1000.0	1466.0209049612934	0.0	0	0.0	1666.9994713871129	1	0	1	1.6392592593501931
73207.8219380673	1000.0	1459.177533319769	0.0	0	0.0	1666.9994713871129	1	0	1	1.6392592593501931
74467.58855362047	1000.0	1199.4109177665873	0.0	0	0.0	1666.9994713871129	1	0	1	1.6392592593501931
75662.7822720253	1000.0	1004.2171993617762	0.0	0	0.0	1666.9994713871129	1	0	1	1.6392592593501931
76238.64210626949	500.0	1428.3573651175793	0.0	0	0.0	1666.9994713871129	1	0	1	-0.09360869204967054
77200.0	1000.0	1466.9994713870665	0.0	0	117.43534304088098	1666.9994713871129	1	0	1	0.9461120787902477
78333.92929684492	1000.0	1333.0701745421482	0.0	0	0.0	1666.9994713871129	1	0	1	1.6392592593501931
79200.0	500.0	1466.9994713870553	0.0	0	475.93164332069864	1666.9994713870983	1	0	1	-0.09360869204966904
80200.0	1000.0	1466.9994713870617	0.0	0	184.12409106560517	1666.9994713870983	1	0	1	0.9461120787902491
81200.0	1000.0	1466.9994713870692	0.0	0	316.2351728977228	1666.9994713870983	1	0	1	1.6392592593501945
82200.0	1000.0	1466.9994713870776	0.0	0	9.591380896614282	1666.9994713870838	1	0	1	1.639259259350196
83200.0	1000.0	1466.9994713870672	0.0	0	124.10252850875258	1666.9994713870838	1	0	1	1.639259259350196
84250.72139689857	1000.0	1416.2780744885026	0.0	0	0.0	1666.9994713870838	1	0	1	1.639259259350196
85271.16609149381	1000.0	1395.8333798932722	0.0	0	0.0	1666.9994713870838	1	0	1	1.639259259350196
86376.16751062578	1000.0	1290.8319607612893	0.0	0	0.0	1666.9994713870838	1	0	1	1.639259259350196
87200.0	1000.0	1466.9994713870728	0.0	0	205.30019434395945	1666.9994713870838	1	0	1	1.639259259350196
88200.0	1000.0	1466.999471387073	0.0	0	39.15172013815027	1666.9994713870838	1	0	1	1.639259259350196
89366.56215216404	1000.0	1300.4373192230119	0.0	0	0.0	1666.9994713870838	1	0	1	1.639259259350196
90200.0	1000.0	1466.9994713870576	0.0	0	271.0066866256384	1666.9994713870692	1	0	1	1.6392592593501973
91200.0	1000.0	1466.9994713870508	0.0	0	300.63192103274923	1666.9994713870692	1	0	1	1.6392592593501973
92325.91597973388	1000.0	1341.0834916531644	0.0	0	0.0	1666.9994713870692	1	0	1	1.6392592593501973
93953.00944310971	1000.0	713.990028277338	0.0	0	0.0	1666.9994713870692	1	0	1	1.6392592593501973
94602.32490629843	500.0	1064.6745650886305	0.0	0	0.0	1666.9994713870692	1	0	1	-0.0936086920496661
95200.0	500.0	1466.9994713870565	0.0	0	188.58037565920677	1666.9994713870547	1	0	1	0.5995384885102807
96220.93590042835	1000.0	1446.0635709587125	0.0	0	0.0	1666.9994713870547	1	0	1	0.9461120787902535
97581.27783931204	1000.0	1085.72163207501	0.0	0	0.0	1666.99947138704	1	0	1	1.6392592593502004
98585.28049179522	500.0	1081.718979591842	0.0	0	0.0	1666.99947138704	1	0	1	-0.09360869204966327
99535.40636704232	500.0	1131.5931043447436	0.0	0	0.0	1666.99947138704	1	0	1	0.5995384885102822
100241.9647898499	500.0	1425.034681537171	0.0	0	0.0	1666.9994713870547	1	0	1	0.5995384885102807
101200.0	500.0	1466.9994713870449	0.0	0	180.7596275426331	1666.9994713870547	1	0	1	0.5995384885102807
102200.0	500.0	1466.9994713870449	0.0	0	440.5621005425637	1666.9994713870547	1	0	1	0.5995384885102807
103200.0	500.0	1466.9994713870356	0.0	0	535.0178643589461	1666.9994713870547	1	0	1	0.5995384885102807
104200.0	500.0	1466.9994713870287	0.0	0	442.3318867616181	1666.9994713870547	1	0	1	0.5995384885102807
105200.0	500.0	1466.9994713870256	0.0	0	483.4670433730935	1666.9994713870547	1	0	1	0.5995384885102807
106600.65191191738	1000.0	1066.3475594696379	0.0	0	0.0	1666.9994713870547	1	0	1	0.9461120787902535
107200.0	500.0	1466.999471387031	0.0	0	111.91517377599666	1666.9994713870692	1	0	1	-0.0936086920496661
108200.0	500.0	1466.9994713870287	0.0	0	539.7967604335136	1666.9994713870692	1	0	1	0.5995384885102794
109200.0	500.0	1466.9994713870324	0.0	0	337.2628288148844	1666.9994713870692	1	0	1	0.5995384885102794
110200.0	500.0	1466.9994713870515	0.0	0	550.6047166419448	1666.9994713870838	1	0	1	0.5995384885102778
111200.0	500.0	1466.9994713870535	0.0	0	472.5236773663928	1666.9994713870838	1	0	1	0.5995384885102778
112200.0	500.0	1466.9994713870628	0.0	0	180.4042645465961	1666.9994713870983	1	0	1	0.5995384885102764
113200.0	500.0	1466.9994713870683	0.0	0	600.825358903021	1666.9994713870983	1	0	1	0.5995384885102764
114200.0	500.0	1466.9994713870676	0.0	0	217.53807298562606	1666.9994713871129	1	0	1	0.5995384885102749
115200.0	500.0	1466.9994713870767	0.0	0	191.33766784961335	1666.9994713871129	1	0	1	0.5995384885102749
116200.0	500.0	1466.9994713870901	0.0	0	483.5681989630102	1666.9994713871129	1	0	1	0.5995384885102749
117200.0	500.0	1466.9994713871008	0.0	0	652.6366152632836	1666.9994713871274	1	0	1	0.5995384885102735
118614.44201867604	1000.0	1052.557452711062	0.0	0	0.0	1666.9994713871129	1	0	1	0.9461120787902477
119369.53125261606	500.0	1297.4682187710528	0.0	0	0.0	1666.9994713871129	1	0	1	-0.09360869204967054
120200.0	500.0	1466.999471387112	0.0	0	237.42964384739753	1666.9994713871129	1	0	1	0.5995384885102749
121200.0	500.0	1466.9994713871254	0.0	0	372.8650716309785	1666.9994713871129	1	0	1	0.5995384885102749
122200.0	500.0	1466.999471387131	0.0	0	369.31528522091685	1666.9994713871129	1	0	1	0.5995384885102749
123200.0	500.0	1466.999471387139	0.0	0	236.5759932051733	1666.9994713870983	1	0	1	0.5995384885102764
124200.0	500.0	1466.9994713871326	0.0	0	298.7741586076736	1666.9994713870983	1	0	1	0.5995384885102764
125200.0	500.0	1466.9994713871406	0.0	0	270.36283090073266	1666.9994713870983	1	0	1	0.5995384885102764
126200.0	500.0	1466.9994713871395	0.0	0	451.6900245500001	1666.9994713871129	1	0	1	0.5995384885102749
127200.0	500.0	1466.999471387133	0.0	0	582.7162358862988	1666.9994713871129	1	0	1	0.5995384885102749
128257.31238673322	500.0	1409.6870846539111	0.0	0	0.0	1666.9994713870983	1	0	1	0.5995384885102764
129200.0	500.0	1466.9994713871235	0.0	0	482.2843987407832	1666.9994713870983	1	0	1	0.5995384885102764
130200.0	500.0	1466.9994713871322	0.0	0	490.5369934620103	1666.9994713870983	1	0	1	0.5995384885102764
131200.0	500.0	1466.9994713871356	0.0	0	576.6873811168334	1666.9994713870983	1	0	1	0.5995384885102764
132200.0	500.0	1466.9994713871324	0.0	0	711.4004344521381	1666.9994713871129	1	0	1	0.5995384885102761
133200.0	500.0	1466.999471387123	0.0	0	411.98728720092913	1666.9994713871274	1	0	1	0.5995384885102731
134422.54898911732	1000.0	1244.4504822698163	0.0	0	0.0	1666.9994713871274	1	0	1	0.9461120787902478
135200.0	500.0	1466.9994713871286	0.0	0	115.14041049571824	1666.9994713871565	1	0	1	-0.09360869204967492
136781.4994694776	1000.0	885.5000019095214	0.0	0	0.0	1666.9994713871565	1	0	1	0.9461120787902433
137249.26588234914	500.0	1417.7335890379993	0.0	0	0.0	1666.9994713871565	1	0	1	-0.09360869204967492
138200.0	500.0	1466.9994713871356	0.0	0	525.8343532475119	1666.9994713871565	1	0	1	0.5995384885102706
139200.0	500.0	1466.999471387133	0.0	0	615.8686462825281	1666.9994713871565	1	0	1	0.5995384885102706
140410.17627257772	1000.0	1256.8231988094174	0.0	0	0.0	1666.9994713871565	1	0	1	0.9461120787902433
141221.485734785	1000.0	1445.513736602097	0.0	0	0.0	1666.9994713871274	1	0	1	1.6392592593501916
142549.96971824786	1000.0	1117.0297531392594	0.0	0	0.0	1666.9994713871565	1	0	1	1.6392592593501887
143200.0	500.0	1466.9994713870938	0.0	0	6.56248650274938	1666.9994713871565	1	0	1	-0.09360869204967492
144400.62860610135	1000.0	1266.370865285709	0.0	0	0.0	1666.9994713871565	1	0	1	0.9461120787902433
145200.0	500.0	1466.9994713870533	0.0	0	141.14805579380482	1666.9994713871565	1	0	1	-0.09360869204967492
146200.0	500.0	1466.9994713870358	0.0	0	272.5401298128709	1666.9994713871274	1	0	1	0.5995384885102735
147200.0	500.0	1466.9994713870365	0.0	0	345.38235856575193	1666.9994713870983	1	0	1	0.5995384885102764
148531.18411165805	500.0	1135.815359728976	0.0	0	0.0	1666.9994713870983	1	0	1	0.5995384885102764
149200.0	500.0	1466.9994713870228	0.0	0	97.02608678775141	1666.9994713870983	1	0	1	0.5995384885102764
150200.0	500.0	1466.999471387016	0.0	0	613.5192095777893	1666.9994713870983	1	0	1	0.5995384885102764
151200.0	500.0	1466.9994713870071	0.0	0	522.0529876163637	1666.9994713870983	1	0	1	0.5995384885102764
152200.0	500.0	1466.9994713870374	0.0	0	478.4545649610227	1666.9994713871274	1	0	1	0.5995384885102735
153200.0	500.0	1466.9994713870299	0.0	0	495.37159864910063	1666.9994713871274	1	0	1	0.5995384885102735
154200.0	1000.0	1466.9994713870387	0.0	0	539.5350921845238	1666.9994713871274	1	0	1	0.9461120787902461
155263.14391899193	1000.0	1403.8555523950918	0.0	0	0.0	1666.9994713870983	1	0	1	1.6392592593501945
156515.02455871538	1000.0	1151.974912671641	0.0	0	0.0	1666.9994713870983	1	0	1	1.6392592593501945
157392.1337125629	1000.0	1274.8657588241106	0.0	0	0.0	1666.9994713870983	1	0	1	1.6392592593501945
158438.5205644531	1000.0	1228.4789069339295	0.0	0	0.0	1666.9994713871274	1	0	1	1.6392592593501916
159494.20884393904	1000.0	1172.7906274479842	0.0	0	0.0	1666.9994713871565	1	0	1	1.6392592593501887
160218.44014284512	1000.0	1448.5593285419018	0.0	0	0.0	1666.9994713871565	1	0	1	1.6392592593501887
161200.0	1000.0	1466.9994713870271	0.0	0	67.47238789085532	1666.9994713871565	1	0	1	1.6392592593501887
162200.0	1000.0	1466.9994713870294	0.0	0	157.4160368438461	1666.9994713871565	1	0	1	1.6392592593501887
163354.84077337195	1000.0	1312.1586980150587	0.0	0	0.0	1666.9994713871565	1	0	1	1.6392592593501887
164200.0	500.0	1466.999471387006	0.0	0	196.03867413126864	1666.9994713871565	1	0	1	-0.09360869204967492
165200.0	500.0	1466.9994713869787	0.0	0	97.39844288691529	1666.9994713871856	1	0	1	0.5995384885102677
166200.0	500.0	1466.999471386987	0.0	0	121.61299092363333	1666.9994713872147	1	0	1	0.5995384885102648
167200.0	500.0	1466.9994713869917	0.0	0	141.0794065662194	1666.9994713872147	1	0	1	0.5995384885102648
168200.0	500.0	1466.9994713870183	0.0	0	425.7783757717407	1666.9994713871856	1	0	1	0.5995384885102677
169200.0	500.0	1466.9994713869974	0.0	0	490.32227138019516	1666.9994713871856	1	0	1	0.5995384885102677
170200.0	500.0	1466.9994713870383	0.0	0	409.67274517929764	1666.9994713871856	1	0	1	0.5995384885102677
171200.0	500.0	1466.9994713870487	0.0	0	363.1973088910163	1666.9994713871856	1	0	1	0.5995384885102677
172200.0	500.0	1466.9994713870663	0.0	0	303.4232494174794	1666.9994713871856	1	0	1	0.5995384885102677
173200.0	500.0	1466.9994713870624	0.0	0	592.2131876819767	1666.9994713871565	1	0	1	0.5995384885102706
174439.01287626717	500.0	1227.9865951198794	0.0	0	0.0	1666.9994713871565	1	0	1	0.5995384885102706
175298.25991694233	500.0	1368.7395544447327	0.0	0	0.0	1666.9994713871565	1	0	1	0.5995384885102706
176255.9916513124	500.0	1411.0078200747164	0.0	0	0.0	1666.9994713871856	1	0	1	0.59953848851027
177200.0	500.0	1466.9994713870988	0.0	0	434.8739111076866	1666.9994713871856	1	0	1	0.5995384885102677
178200.0	500.0	1466.9994713870772	0.0	0	549.0893336588924	1666.9994713872147	1	0	1	0.5995384885102648
179200.0	500.0	1466.9994713871133	0.0	0	260.03745160944527	1666.9994713872147	1	0	1	0.5995384885102648
180200.0	500.0	1466.999471387124	0.0	0	522.023746179766	1666.9994713872147	1	0	1	0.5995384885102648
181200.0	500.0	1466.9994713871217	0.0	0	530.4631524348224	1666.9994713872147	1	0	1	0.5995384885102648
182200.0	1000.0	1466.9994713871577	0.0	0	117.02940637941356	1666.9994713872438	1	0	1	0.9461120787902344
183381.95162260853	1000.0	1285.0478487786247	0.0	0	0.0	1666.9994713872147	1	0	1	1.6392592593501805
184200.0	1000.0	1466.9994713871338	0.0	0	52.030049548629904	1666.9994713872438	1	0	1	1.6392592593501798
185446.25537705392	1000.0	1220.7440943331853	0.0	0	0.0	1666.9994713872147	1	0	1	1.639259259350183
186200.0	500.0	1466.99947138714	0.0	0	246.50266395817744	1666.9994713872147	1	0	1	-0.0936086920496807
187282.09736350286	1000.0	1384.9021078842559	0.0	0	0.0	1666.9994713872438	1	0	1	0.9461120787902344
188200.0	500.0	1466.9994713871272	0.0	0	475.39739949430805	1666.999471387273	1	0	1	-0.09360869204968658
189200.0	1000.0	1466.9994713871113	0.0	0	57.2602474889718	1666.999471387302	1	0	1	0.9461120787902288
190200.0	500.0	1466.9994713870587	0.0	0	423.22270283824764	1666.999471387273	1	0	1	-0.09360869204968658
191200.0	500.0	1466.9994713870558	0.0	0	497.4698966862343	1666.9994713872438	1	0	1	0.5995384885102618
192200.0	1000.0	1466.9994713870335	0.0	0	3.317345976131037	1666.9994713872438	1	0	1	0.9461120787902344
193319.2299499851	1000.0	1347.7695214019398	0.0	0	0.0	1666.9994713872147	1	0	1	1.6392592593501805
194200.0	500.0	1466.99947138704	0.0	0	242.7753772153228	1666.9994713872147	1	0	1	-0.0936086920496807
195200.0	500.0	1466.9994713870651	0.0	0	432.0291296603973	1666.9994713872147	1	0	1	0.5995384885102648
196428.30969029487	1000.0	1238.689781092223	0.0	0	0.0	1666.9994713871856	1	0	1	0.9461120787902405
197200.0	500.0	1466.9994713871006	0.0	0	368.4793759827735	1666.9994713872147	1	0	1	-0.0936086920496807
198200.0	1000.0	1466.999471387103	0.0	0	9.978490549779963	1666.9994713872147	1	0	1	0.9461120787902375
199200.0	1000.0	1466.9994713870976	0.0	0	235.9357559872733	1666.9994713872147	1	0	1	1.639259259350183
200611.30346691486	1000.0	1055.6960044722268	0.0	0	0.0	1666.9994713871856	1	0	1	1.6392592593501858
201200.0	500.0	1466.9994713870967	0.0	0	98.91558568130131	1666.9994713871856	1	0	1	-0.09360869204967776
202200.0	1000.0	1466.9994713871254	0.0	0	112.65243700912106	1666.9994713871856	1	0	1	0.9461120787902405
203200.0	1000.0	1466.9994713871376	0.0	0	11.13319515256444	1666.9994713871856	1	0	1	1.6392592593501858
204220.83944605707	1000.0	1446.1600253300624	0.0	0	0.0	1666.9994713871856	1	0	1	1.6392592593501858
205249.54616718207	1000.0	1417.4533042050607	0.0	0	0.0	1666.9994713871565	1	0	1	1.6392592593501887
206462.11214968047	1000.0	1204.8873217067057	0.0	0	0.0	1666.9994713871565	1	0	1	1.6392592593501887
207200.0	500.0	1466.9994713871804	0.0	0	129.02395411228645	1666.9994713871565	1	0	1	-0.09360869204967492
208427.0138074422	1000.0	1239.9856639449831	0.0	0	0.0	1666.9994713871565	1	0	1	0.9461120787902433
209200.0	500.0	1466.9994713871863	0.0	0	131.18971406799392	1666.9994713871274	1	0	1	-0.09360869204967198
210200.0	1000.0	1466.9994713871927	0.0	0	343.0351990782947	1666.9994713871274	1	0	1	0.9461120787902461
211200.0	1000.0	1466.9994713871847	0.0	0	75.85275793424807	1666.9994713870983	1	0	1	1.6392592593501945
212200.0	1000.0	1466.9994713871872	0.0	0	259.07030761722126	1666.9994713870983	1	0	1	1.6392592593501945
213651.70899854696	1000.0	1015.2904728402083	0.0	0	0.0	1666.9994713870692	1	0	1	1.639259259350197
214265.45503039585	1000.0	1401.544440991348	0.0	0	0.0	1666.9994713870983	1	0	1	1.6392592593501967
215200.0	1000.0	1466.9994713872054	0.0	0	224.62927106636926	1666.9994713870983	1	0	1	1.6392592593501945
216372.1724802744	1000.0	1294.8269911128025	0.0	0	0.0	1666.9994713871274	1	0	1	1.6392592593501938
217369.67322968246	1000.0	1297.3262417047408	0.0	0	0.0	1666.9994713870983	1	0	1	1.639259259350192
218607.62075041074	1000.0	1059.378720976449	0.0	0	0.0	1666.9994713870983	1	0	1	1.6392592593501945
219386.47033916795	1000.0	1280.5291322192463	0.0	0	0.0	1666.9994713870983	1	0	1	1.6392592593501945
220220.4199728361	1000.0	1446.579498551124	0.0	0	0.0	1666.9994713870983	1	0	1	1.6392592593501945
221265.21840185457	1000.0	1401.7810695326577	0.0	0	0.0	1666.9994713870983	1	0	1	1.6392592593501945
222200.0	1000.0	1466.9994713872118	0.0	0	44.690797118557384	1666.9994713870983	1	0	1	1.6392592593501945
223353.237228271	1000.0	1313.762243116185	0.0	0	0.0	1666.9994713870983	1	0	1	1.6392592593501945
224559.4389679399	1000.0	1107.5605034472446	0.0	0	0.0	1666.9994713870692	1	0	1	1.6392592593501973
225285.38327807156	500.0	1381.616193315582	0.0	0	0.0	1666.9994713870692	1	0	1	-0.0936086920496661
226445.29240387	1000.0	1221.7070675170999	0.0	0	0.0	1666.9994713870692	1	0	1	0.9461120787902519
227200.0	500.0	1466.9994713870847	0.0	0	34.19169366598362	1666.9994713870692	1	0	1	-0.0936086920496661
228200.0	500.0	1466.9994713870747	0.0	0	632.5392115708091	1666.9994713870692	1	0	1	0.5995384885102794
229200.0	1000.0	1466.9994713870751	0.0	0	175.3887598956062	1666.99947138704	1	0	1	0.9461120787902549
230200.0	1000.0	1466.999471387108	0.0	0	325.63075916684465	1666.99947138704	1	0	1	1.6392592593502004
231200.0	1000.0	1466.9994713871356	0.0	0	161.96326086157933	1666.99947138704	1	0	1	1.6392592593502004
232361.7894494562	1000.0	1305.2100219309273	0.0	0	0.0	1666.9994713870692	1	0	1	1.6392592593501973
233576.61154352638	1000.0	1090.3879278607733	0.0	0	0.0	1666.9994713870983	1	0	1	1.6392592593501956
234326.59569699853	1000.0	1340.40377438863	0.0	0	0.0	1666.9994713870983	1	0	1	1.6392592593501945
235200.0	1000.0	1466.9994713871656	0.0	0	108.60329322057078	1666.9994713870983	1	0	1	1.6392592593501945
236200.0	1000.0	1466.9994713871397	0.0	0	327.7075811040122	1666.9994713870983	1	0	1	1.6392592593501945
237200.0	1000.0	1466.999471387153	0.0	0	15.446686409937683	1666.9994713871274	1	0	1	1.6392592593501916
238200.0	1000.0	1466.9994713871308	0.0	0	18.893012191401795	1666.9994713871274	1	0	1	1.6392592593501916
239200.0	1000.0	1466.9994713871658	0.0	0	292.66924337510136	1666.9994713871274	1	0	1	1.6392592593501916
240200.0	1000.0	1466.999471387165	0.0	0	157.9875483775395	1666.9994713871274	1	0	1	1.6392592593501916
241200.0	1000.0	1466.9994713871515	0.0	0	148.7073317504255	1666.9994713871274	1	0	1	1.6392592593501916
242387.30070943624	1000.0	1279.6987619509152	0.0	0	0.0	1666.9994713870983	1	0	1	1.639259259350192
243200.0	500.0	1466.9994713871538	0.0	0	72.40495607242337	1666.9994713870983	1	0	1	-0.09360869204966904
244200.0	500.0	1466.9994713871406	0.0	0	630.1444286363258	1666.9994713870983	1	0	1	0.5995384885102764
245200.0	500.0	1466.999471387112	0.0	0	431.1463941532711	1666.9994713870692	1	0	1	0.5995384885102794
246200.0	500.0	1466.9994713871095	0.0	0	348.96607886307174	1666.9994713870983	1	0	1	0.5995384885102764
247391.32044965346	500.0	1275.6790217336415	0.0	0	0.0	1666.9994713870983	1	0	1	0.5995384885102764
248550.98039273452	500.0	1116.019078652571	0.0	0	0.0	1666.9994713870983	1	0	1	0.5995384885102764
249200.0	500.0	1466.999471387078	0.0	0	106.03056435941835	1666.9994713870983	1	0	1	0.5995384885102764
250200.0	500.0	1466.9994713870951	0.0	0	502.24217473584577	1666.9994713870983	1	0	1	0.5995384885102764
251200.0	500.0	1466.9994713870815	0.0	0	514.4523698638659	1666.9994713870983	1	0	1	0.5995384885102764
252200.0	500.0	1466.999471387038	0.0	0	335.2222494564194	1666.9994713870692	1	0	1	0.5995384885102794
253200.0	500.0	1466.9994713870326	0.0	0	490.6233286506322	1666.9994713870983	1	0	1	0.5995384885102764
254200.0	500.0	1466.9994713870274	0.0	0	502.9138557165279	1666.9994713870983	1	0	1	0.5995384885102764
255781.19415466845	1000.0	885.8053167185653	0.0	0	0.0	1666.9994713870983	1	0	1	0.9461120787902491
256357.7169288862	500.0	1309.282542500829	0.0	0	0.0	1666.9994713870983	1	0	1	-0.09360869204966904
257200.0	500.0	1466.9994713869903	0.0	0	302.97314006619854	1666.9994713870983	1	0	1	0.5995384885102764
258466.88028832377	1000.0	1200.1191830632122	0.0	0	0.0	1666.9994713870692	1	0	1	0.9461120787902519
259200.0	500.0	1466.9994713869921	0.0	0	220.31409659940982	1666.9994713870692	1	0	1	-0.0936086920496661
260200.0	500.0	1466.9994713869987	0.0	0	383.4415978939214	1666.9994713870983	1	0	1	0.5995384885102764
261200.0	500.0	1466.999471386998	0.0	0	240.72579802651308	1666.9994713870983	1	0	1	0.5995384885102764
262200.0	500.0	1466.999471387019	0.0	0	348.9293721668364	1666.9994713871274	1	0	1	0.5995384885102735
263200.0	500.0	1466.9994713870335	0.0	0	351.3483215944143	1666.9994713871565	1	0	1	0.5995384885102695
264200.0	500.0	1466.9994713870074	0.0	0	366.4712519394234	1666.9994713871274	1	0	1	0.599538488510274
265200.0	500.0	1466.999471386993	0.0	0	449.11934302240843	1666.9994713871274	1	0	1	0.5995384885102735
266200.0	500.0	1466.9994713869753	0.0	0	632.4247221946134	1666.9994713871274	1	0	1	0.5995384885102735
267217.13959900854	1000.0	1449.8598723784444	0.0	0	0.0	1666.9994713871274	1	0	1	0.9461120787902461
268583.5695180061	1000.0	1083.4299533808087	0.0	0	0.0	1666.9994713870692	1	0	1	1.6392592593501973
269200.0	500.0	1466.9994713869105	0.0	0	6.188599662971683	1666.9994713870692	1	0	1	-0.0936086920496661
270200.0	500.0	1466.999471386957	0.0	0	322.6222582117771	1666.9994713870692	1	0	1	0.5995384885102794
271200.0	500.0	1466.999471387002	0.0	0	434.7026840003673	1666.9994713870692	1	0	1	0.5995384885102794
272200.0	500.0	1466.9994713870099	0.0	0	114.77821971592493	1666.9994713871274	1	0	1	0.5995384885102735
273200.0	500.0	1466.9994713869578	0.0	0	286.1768777910038	1666.9994713871274	1	0	1	0.5995384885102735
274200.0	500.0	1466.9994713869708	0.0	0	274.2361191061791	1666.9994713871274	1	0	1	0.5995384885102735
275200.0	500.0	1466.9994713869728	0.0	0	353.655625129526	1666.9994713870692	1	0	1	0.5995384885102794
276200.0	500.0	1466.999471386976	0.0	0	446.9179076569271	1666.9994713871274	1	0	1	0.5995384885102735
277205.42031188624	500.0	1461.5791595007902	0.0	0	0.0	1666.9994713871274	1	0	1	0.5995384885102735
278200.0	500.0	1466.9994713870192	0.0	0	436.1811261337134	1666.9994713871274	1	0	1	0.5995384885102735
279200.0	500.0	1466.9994713870085	0.0	0	404.8848363101133	1666.9994713870692	1	0	1	0.5995384885102794
280200.0	500.0	1466.9994713869776	0.0	0	444.8260557377944	1666.999471387011	1	0	1	0.5995384885102851
281200.0	500.0	1466.9994713870408	0.0	0	597.7603511798661	1666.999471387011	1	0	1	0.5995384885102851
282200.0	500.0	1466.9994713870146	0.0	0	480.60356612480246	1666.9994713870692	1	0	1	0.5995384885102794
283555.3179125313	1000.0	1111.6815588556728	0.0	0	0.0	1666.9994713870692	1	0	1	0.9461120787902519
284200.0	500.0	1466.9994713869387	0.0	0	124.34900939028012	1666.9994713870692	1	0	1	-0.0936086920496661
285810.7852319916	1000.0	856.2142393953435	0.0	0	0.0	1666.9994713870692	1	0	1	0.9461120787902519
286454.4305776887	500.0	1212.5688936982515	0.0	0	0.0	1666.9994713870692	1	0	1	-0.0936086920496661
287200.0	500.0	1466.9994713869435	0.0	0	400.8465662650997	1666.9994713870692	1	0	1	0.5995384885102794
288200.0	1000.0	1466.9994713869564	0.0	0	328.35440150566865	1666.9994713871274	1	0	1	0.9461120787902461
289466.7604805428	1000.0	1200.2389908441683	0.0	0	0.0	1666.9994713871274	1	0	1	1.6392592593501916
290369.87291356735	1000.0	1297.1265578196114	0.0	0	0.0	1666.9994713871274	1	0	1	1.6392592593501916
292001.9249864795	1000.0	665.0744849074629	0.0	0	0.0	1666.9994713870692	1	0	1	1.6392592593501973
292546.5210792389	500.0	1120.4783921480757	0.0	0	0.0	1666.9994713871274	1	0	1	-0.09360869204967198
293200.0	500.0	1466.999471386983	0.0	0	42.110743322758935	1666.9994713871856	1	0	1	0.5995384885102677
294200.0	500.0	1466.999471386984	0.0	0	532.0289404761279	1666.9994713871856	1	0	1	0.5995384885102677
295200.0	500.0	1466.9994713869935	0.0	0	499.45601446315413	1666.9994713871856	1	0	1	0.5995384885102677
296200.0	500.0	1466.9994713869917	0.0	0	249.09566094045294	1666.9994713871856	1	0	1	0.5995384885102677
297516.2783839113	500.0	1150.7210874757425	0.0	0	0.0	1666.9994713872438	1	0	1	0.5995384885102641
298200.0	500.0	1466.999471387099	0.0	0	14.73815815692069	1666.9994713872438	1	0	1	0.5995384885102618
299200.0	500.0	1466.999471387106	0.0	0	378.3443904418382	1666.9994713872438	1	0	1	0.5995384885102618
300200.0	500.0	1466.9994713871693	0.0	0	555.6427550618537	1666.9994713871856	1	0	1	0.5995384885102677
1.12	0.82	1.2	1.17	0.98	1.15	0.9	0.95	0.63	1.07	0.45	0.57	0.53	0.8	0.81	0.71	0.85	0.95	1.0	0.43	0.71	0.72	0.97	0.89	0.83	1.16	1.42	0.9	1.03	1.04	0.97	0.94	0.81	1.01	1.01	0.92	1.12	0.78	0.76	1.1	1.18	0.83	1.2	1.12	1.38	0.65	0.93	0.89	1.11	1.27	1.2	0.94	0.7	1.0	1.1	1.42	1.22	1.01	0.59	1.49	1.51	1.12	0.92	0.82	1.45	1.37	1.19	1.11	0.92	1.02	0.79	1.09	0.89	1.38	1.52	1.7	1.29	1.12	1.07	1.1	1.17	1.41	1.38	1.14	1.46	1.12	0.89	0.72	0.73	1.18	1.16	0.63	0.54	0.54	0.76	0.86	1.09	1.01	1.04	0.9	0.68	0.93	1.07	0.69	0.9	1.11	0.82	1.07	0.89	0.75	1.01	1.49	0.97	0.78	0.74	0.94	0.92	0.67	0.64	0.72	0.9	1.14	0.56	1.0	0.95	1.11	1.45	0.87	0.87	0.9	0.66	0.92	1.33	1.36	1.0	1.03	0.81	0.76	0.68	0.93	0.81	0.75	0.41	0.7	1.16	1.41	1.19	1.32	1.99	0.86	1.12	0.82	1.2	1.17	0.98	1.15	0.9	0.95	0.63	1.07	0.45	0.57	0.53	0.8	0.81	0.71	0.85	0.95	1.0	0.43	0.71	0.72	0.97	0.89	0.83	1.16	1.42	0.9	1.03	1.04	0.97	0.94	0.81	1.01	1.01	0.92	1.12	0.78	0.76	1.1	1.18	0.83	1.2	1.12	1.38	0.65	0.93	0.89	1.11	1.27	1.2	0.94	0.7	1.0	1.1	1.42	1.22	1.01	0.59	1.49	1.51	1.12	0.92	0.82	1.45	1.37	1.19	1.11	0.92	1.02	0.79	1.09	0.89	1.38	1.52	1.7	1.29	1.12	1.07	1.1	1.17	1.41	1.38	1.14	1.46	1.12	0.89	0.72	0.73	1.18	1.16	0.63	0.54	0.54	0.76	0.86	1.09	1.01	1.04	0.9	0.68	0.93	1.07	0.69	0.9	1.11	0.82	1.07	0.89	0.75	1.01	1.49	0.97	0.78	0.74	0.94	0.92	0.67	0.64	0.72	0.9	1.14	0.56	1.0	0.95	1.11	1.45	0.87	0.87	0.9	0.66	0.92	1.33	1.36	1.0	1.03	0.81	0.76	0.68	0.93	0.81	0.75	0.41	0.7	1.16	1.41	1.19	1.32
1.0	2.0	3.0	4.0	5.0	6.0	7.0	8.0	9.0	10.0	11.0	12.0	13.0	14.0	15.0	16.0	17.0	18.0	19.0	20.0	21.0	22.0	23.0	24.0	25.0	26.0	27.0	28.0	29.0	30.0	31.0	32.0	33.0	34.0	35.0	36.0	37.0	38.0	39.0	40.0	41.0	42.0	43.0	44.0	45.0	46.0	47.0	48.0	49.0	50.0	51.0	52.0	53.0	54.0	55.0	56.0	57.0	58.0	59.0	60.0	61.0	62.0	63.0	64.0	65.0	66.0	67.0	68.0	69.0	70.0	71.0	72.0	73.0	74.0	75.0	76.0	77.0	78.0	79.0	80.0	81.0	82.0	83.0	84.0	85.0	86.0	87.0	88.0	89.0	90.0	91.0	92.0	93.0	94.0	95.0	96.0	97.0	98.0	99.0	100.0	101.0	102.0	103.0	104.0	105.0	106.0	107.0	108.0	109.0	110.0	111.0	112.0	113.0	114.0	115.0	116.0	117.0	118.0	119.0	120.0	121.0	122.0	123.0	124.0	125.0	126.0	127.0	128.0	129.0	130.0	131.0	132.0	133.0	134.0	135.0	136.0	137.0	138.0	139.0	140.0	141.0	142.0	143.0	144.0	145.0	146.0	147.0	148.0	149.0	149.0	150.0	151.0	152.0	153.0	154.0	155.0	156.0	157.0	158.0	159.0	160.0	161.0	162.0	163.0	164.0	165.0	166.0	167.0	168.0	169.0	170.0	171.0	172.0	173.0	174.0	175.0	176.0	177.0	178.0	179.0	180.0	181.0	182.0	183.0	184.0	185.0	186.0	187.0	188.0	189.0	190.0	191.0	192.0	193.0	194.0	195.0	196.0	197.0	198.0	199.0	200.0	201.0	202.0	203.0	204.0	205.0	206.0	207.0	208.0	209.0	210.0	211.0	212.0	213.0	214.0	215.0	216.0	217.0	218.0	219.0	220.0	221.0	222.0	223.0	224.0	225.0	226.0	227.0	228.0	229.0	230.0	231.0	232.0	233.0	234.0	235.0	236.0	237.0	238.0	239.0	240.0	241.0	242.0	243.0	244.0	245.0	246.0	247.0	248.0	249.0	250.0	251.0	252.0	253.0	254.0	255.0	256.0	257.0	258.0	259.0	260.0	261.0	262.0	263.0	264.0	265.0	266.0	267.0	268.0	269.0	270.0	271.0	272.0	273.0	274.0	275.0	276.0	277.0	278.0	279.0	280.0	281.0	282.0	283.0	284.0	285.0	286.0	287.0	288.0	289.0	290.0	291.0	292.0	293.0	294.0	295.0	296.0	297.0
5254.9415977933795
