4033.923448021924	300.0	2000.0	133.51473663972584	0	0.0	4033.923448021924	1	0	1	-1.2018254641710688
5092.0539155033275	3000.0	1836.0564857704553	0.0	0	0.0	3928.1104012737833	1	0	2	0.35570025581793885
5891.404397000518	2000.0	1956.7709561235454	0.0	0	0.0	3848.175353124064	1	0	2	1.8532894615932893
6876.292052045599	2000.0	1873.3945355739554	0.0	0	0.0	3749.686587619555	1	0	2	2.2684614428564567
7864.154645379706	2000.0	1786.7456829064377	0.0	0	0.0	3650.900328286144	1	0	2	2.2782240484544802
8348.783435618248	2000.0	2253.6540136440426	0.0	0	0.0	3602.437449262291	1	0	2	2.2841404394573415
9149.538593673757	3000.0	2372.8233397829827	0.0	0	0.0	3522.36193345674	1	0	2	2.4941956214836107
10187.48176063759	3000.0	2231.085856122766	0.0	0	0.0	3418.567616760355	1	0	2	2.9090059187231216
11145.132941302634	3000.0	2177.6695573912166	0.0	0	0.0	3322.802498693851	1	0	2	2.9192240553477817
12163.280786133855	3000.0	2057.706928076872	0.0	0	0.0	3220.9877142107252	1	0	2	2.9297102551769965
12837.654175109308	3000.0	2315.8962002038734	0.0	0	0.0	3153.550375313178	1	0	2	2.9369913046692826
13274.158900850172	3000.0	2835.7410018889204	0.0	0	0.0	3109.899902739089	1	0	2	2.9417711768827353
14200.0	3000.0	2817.315792824107	0.0	0	417.70886405174315	3017.3157928241053	1	0	2	2.9483814649437963
16809.723977753532	6000.0	946.6194172952216	0.0	0	0.0	2756.3433950487524	1	0	2	3.314972786522419
17875.242420212453	3000.0	774.5491305904079	0.0	0	0.0	2649.79155080286	1	0	2	2.2936128001573124
18501.9632700458	2000.0	1085.1561957737263	0.0	0	0.0	2587.1194658195236	1	0	2	1.9798126114105097
19114.65094796624	3000.0	1411.1997500612429	0.0	0	0.0	2525.8506980274833	1	0	2	2.594377239278602
19749.944822410944	3000.0	1712.376488172075	0.0	0	0.0	2462.321310583022	1	0	2	3.0061085472262894
20625.72222317141	3000.0	1749.0213473355566	0.0	0	0.0	2374.743570506973	1	0	2	3.0140539182199086
21592.740992677427	3000.0	1685.30070087894	0.0	0	0.0	2278.0416935563735	1	0	2	3.023533778049883
22865.728448971626	3000.0	1285.0144989553194	0.0	0	0.0	2150.742947926952	1	0	2	3.0353628260481313
24143.14400219417	3000.0	879.8573904105205	0.0	0	0.0	2023.0013926046959	1	0	2	3.048680538320956
24691.992663951452	2000.0	1276.123862477514	0.0	0	0.0	1968.1165264289702	1	0	2	2.042111200452209
25251.22840240802	2000.0	1660.9645501752866	0.0	0	0.0	1912.1929525833111	1	0	2	2.4530213935544474
26361.16553801729	3000.0	1440.0337010050941	0.0	0	0.0	1801.1992390223859	1	0	2	2.665737328291949
27514.663536310865	3000.0	1171.185902882159	0.0	0	0.0	1685.849439193029	1	0	2	3.0822705665320442
28291.172105927326	3000.0	1394.6773332656992	0.0	0	0.0	1685.849439193029	1	0	1	3.0852926955717663
29200.0	3000.0	1485.8494391930267	0.0	0	190.51359338980546	1685.849439193029	1	0	1	3.2852926955717665
30200.0	3000.0	1485.8494391930265	0.0	0	307.50195573416204	1685.849439193029	1	0	1	3.2852926955717665
31354.18747875401	3000.0	1331.6619604390141	0.0	0	0.0	1685.849439193029	1	0	1	3.2852926955717665
32200.0	3000.0	1485.8494391930226	0.0	0	70.52499060238551	1685.849439193029	1	0	1	3.2852926955717665
33200.0	3000.0	1485.8494391930265	0.0	0	274.49634235713893	1685.8494391930362	1	0	1	3.2852926955717656
34200.0	3000.0	1485.8494391930321	0.0	0	273.5688719140744	1685.8494391930435	1	0	1	3.2852926955717647
35200.0	3000.0	1485.8494391930385	0.0	0	133.78831164395524	1685.8494391930362	1	0	1	3.2852926955717656
36363.18851251802	3000.0	1322.6609266750127	0.0	0	0.0	1685.8494391930362	1	0	1	3.2852926955717656
37517.43756051485	3000.0	1168.4118786781846	0.0	0	0.0	1685.8494391930435	1	0	1	3.285292695571765
38691.938268200625	3000.0	993.9111709924124	0.0	0	0.0	1685.8494391930435	1	0	1	3.2852926955717647
39528.32783498179	3000.0	1157.521604211242	0.0	0	0.0	1685.8494391930435	1	0	1	3.2852926955717647
40254.17269566275	3000.0	1431.6767435302756	0.0	0	0.0	1685.8494391930435	1	0	1	3.2852926955717647
41200.0	3000.0	1485.8494391930278	0.0	0	134.04681591244298	1685.8494391930435	1	0	1	3.2852926955717647
42515.71069519128	3000.0	1170.138744001746	0.0	0	0.0	1685.8494391930362	1	0	1	3.2852926955717656
44035.61895107254	3000.0	650.2304881204736	0.0	0	0.0	1685.8494391930362	1	0	1	3.2852926955717656
44517.27309773779	1000.0	1168.5763414552318	0.0	0	0.0	1685.8494391930362	1	0	1	0.5387619739014909
45227.49695781523	2000.0	1458.3524813777976	0.0	0	0.0	1685.8494391930362	1	0	1	1.9839478528495733
46200.0	2000.0	1485.8494391930292	0.0	0	215.77850098752242	1685.8494391930362	1	0	1	2.6770950334095183
47200.0	2000.0	1485.8494391930253	0.0	0	248.78326051959448	1685.8494391930435	1	0	1	2.677095033409518
48200.0	2000.0	1485.8494391930253	0.0	0	631.6943922696955	1685.8494391930435	1	0	1	2.677095033409518
49200.0	3000.0	1485.8494391930335	0.0	0	246.84689749397512	1685.8494391930508	1	0	1	2.8798275874635997
50200.0	3000.0	1485.8494391930412	0.0	0	310.4931280375895	1685.8494391930508	1	0	1	3.2852926955717643
51580.5819151675	3000.0	1105.2675240255408	0.0	0	0.0	1685.8494391930508	1	0	1	3.2852926955717643
52333.86806642356	3000.0	1351.9813727694811	0.0	0	0.0	1685.8494391930508	1	0	1	3.2852926955717643
53200.0	3000.0	1485.8494391930492	0.0	0	182.00298678652325	1685.8494391930508	1	0	1	3.2852926955717643
54200.0	3000.0	1485.8494391930421	0.0	0	350.9403362710218	1685.849439193058	1	0	1	3.285292695571763
55243.211368455326	3000.0	1442.6380707377093	0.0	0	0.0	1685.849439193058	1	0	1	3.285292695571763
56200.0	3000.0	1485.849439193031	0.0	0	252.1772173601421	1685.849439193058	1	0	1	3.285292695571763
57200.0	3000.0	1485.849439193036	0.0	0	265.36203730946727	1685.849439193058	1	0	1	3.285292695571763
58200.0	3000.0	1485.8494391930387	0.0	0	117.07130538167257	1685.849439193058	1	0	1	3.285292695571763
59238.52954654352	3000.0	1447.319892649527	0.0	0	0.0	1685.849439193058	1	0	1	3.285292695571763
60634.302259132615	3000.0	1051.5471800604337	0.0	0	0.0	1685.8494391930508	1	0	1	3.2852926955717643
61621.545016109805	3000.0	1064.3044230832465	0.0	0	0.0	1685.849439193058	1	0	1	3.285292695571763
62639.28951073236	3000.0	1046.559928460696	0.0	0	0.0	1685.849439193058	1	0	1	3.285292695571763
63200.0	2000.0	1485.849439193052	0.0	0	141.7617318516568	1685.849439193058	1	0	1	2.2716299253013514
64200.0	3000.0	1485.8494391930544	0.0	0	217.89814437109453	1685.849439193058	1	0	1	2.8798275874635983
65200.0	3000.0	1485.8494391930615	0.0	0	460.94103216184885	1685.849439193058	1	0	1	3.285292695571763
66200.0	3000.0	1485.8494391930715	0.0	0	200.67259055262548	1685.8494391930726	1	0	1	3.285292695571762
67200.0	3000.0	1485.8494391930785	0.0	0	90.09590629430022	1685.84943919308	1	0	1	3.285292695571762
68200.0	3000.0	1485.8494391930858	0.0	0	129.97529385781672	1685.8494391930726	1	0	1	3.285292695571762
69200.0	3000.0	1485.849439193071	0.0	0	287.8343033769779	1685.8494391930726	1	0	1	3.285292695571762
70200.0	3000.0	1485.8494391930699	0.0	0	290.28511375120434	1685.8494391930726	1	0	1	3.285292695571762
71200.0	3000.0	1485.849439193086	0.0	0	423.7551142316952	1685.8494391930872	1	0	1	3.2852926955717603
72200.0	3000.0	1485.849439193083	0.0	0	16.731971959539806	1685.8494391930872	1	0	1	3.2852926955717603
73200.0	3000.0	1485.8494391930826	0.0	0	193.11081490071956	1685.8494391930872	1	0	1	3.2852926955717603
74200.0	3000.0	1485.8494391930967	0.0	0	420.11238912920817	1685.8494391931017	1	0	1	3.2852926955717585
75200.0	3000.0	1485.8494391931047	0.0	0	269.2338004021585	1685.8494391931163	1	0	1	3.2852926955717576
76200.0	3000.0	1485.8494391930944	0.0	0	171.42466842362774	1685.8494391931163	1	0	1	3.2852926955717576
77200.0	3000.0	1485.8494391931058	0.0	0	171.13125127984677	1685.8494391931163	1	0	1	3.2852926955717576
78238.18427298851	3000.0	1447.6651662045983	0.0	0	0.0	1685.8494391931163	1	0	1	3.2852926955717576
79200.0	3000.0	1485.8494391931229	0.0	0	112.79392668440414	1685.8494391931163	1	0	1	3.2852926955717576
80521.35099314981	3000.0	1164.4984460433116	0.0	0	0.0	1685.8494391931017	1	0	1	3.2852926955717585
81686.94897804795	3000.0	998.9004611451606	0.0	0	0.0	1685.8494391931017	1	0	1	3.2852926955717585
82592.0574932434	2000.0	1093.7919459497245	0.0	0	0.0	1685.8494391931017	1	0	1	2.271629925301347
83316.39070697293	2000.0	1369.458732220202	0.0	0	0.0	1685.8494391931017	1	0	1	2.6770950334095116
84223.64971853915	3000.0	1462.1997206539702	0.0	0	0.0	1685.8494391930872	1	0	1	2.8798275874635957
85217.6202218135	3000.0	1468.2292173796347	0.0	0	0.0	1685.8494391931017	1	0	1	3.2852926955717585
86443.46318257292	3000.0	1242.3862566202286	0.0	0	0.0	1685.8494391931017	1	0	1	3.2852926955717585
87416.93720150077	3000.0	1268.9122376923654	0.0	0	0.0	1685.8494391931017	1	0	1	3.2852926955717585
88247.39981208164	3000.0	1438.449627111496	0.0	0	0.0	1685.8494391931017	1	0	1	3.2852926955717585
89278.15380003511	3000.0	1407.6956391580134	0.0	0	0.0	1685.8494391931017	1	0	1	3.2852926955717585
90334.68108420633	3000.0	1351.1683549868108	0.0	0	0.0	1685.8494391931017	1	0	1	3.2852926955717585
91355.81198771669	3000.0	1330.0374514764535	0.0	0	0.0	1685.8494391931017	1	0	1	3.2852926955717585
92677.52997371001	3000.0	1008.3194654831151	0.0	0	0.0	1685.8494391931017	1	0	1	3.2852926955717585
93356.64230280409	2000.0	1329.2071363890423	0.0	0	0.0	1685.8494391930872	1	0	1	2.2716299253013488
94200.0	3000.0	1485.8494391931338	0.0	0	81.82950175098085	1685.8494391930872	1	0	1	2.8798275874635957
95200.0	3000.0	1485.8494391931533	0.0	0	297.3751600274845	1685.8494391930872	1	0	1	3.2852926955717603
96200.0	3000.0	1485.8494391931388	0.0	0	381.89917401493585	1685.8494391930872	1	0	1	3.2852926955717603
97200.0	3000.0	1485.8494391931415	0.0	0	244.43162825790932	1685.8494391930872	1	0	1	3.2852926955717603
98200.0	3000.0	1485.8494391931363	0.0	0	202.65630786385736	1685.8494391930872	1	0	1	3.2852926955717603
99200.0	3000.0	1485.84943919315	0.0	0	313.28845677194477	1685.8494391930872	1	0	1	3.2852926955717603
100200.0	3000.0	1485.8494391931542	0.0	0	259.5486168123316	1685.8494391930726	1	0	1	3.285292695571762
101200.0	3000.0	1485.8494391931522	0.0	0	423.79137476329925	1685.8494391930872	1	0	1	3.2852926955717603
102239.36815158658	3000.0	1446.4812876065557	0.0	0	0.0	1685.8494391930726	1	0	1	3.285292695571762
103229.50751636096	3000.0	1456.341922832183	0.0	0	0.0	1685.8494391930726	1	0	1	3.285292695571762
104200.0	3000.0	1485.8494391931422	0.0	0	88.04272900537762	1685.8494391930726	1	0	1	3.285292695571762
105200.0	3000.0	1485.8494391931329	0.0	0	203.59720019112865	1685.849439193058	1	0	1	3.285292695571763
106608.48082830395	3000.0	1077.3686108891936	0.0	0	0.0	1685.849439193058	1	0	1	3.285292695571763
107252.28559361225	2000.0	1433.5638455808821	0.0	0	0.0	1685.849439193058	1	0	1	2.2716299253013514
108200.0	3000.0	1485.849439193129	0.0	0	228.2341268855962	1685.849439193058	1	0	1	2.8798275874635983
109200.0	3000.0	1485.8494391931297	0.0	0	10.83637647870637	1685.8494391930435	1	0	1	3.2852926955717647
110200.0	3000.0	1485.8494391931388	0.0	0	219.2277287838515	1685.8494391930435	1	0	1	3.2852926955717647
111200.0	3000.0	1485.8494391931304	0.0	0	423.94426531507634	1685.8494391930435	1	0	1	3.2852926955717647
112200.0	3000.0	1485.8494391931413	0.0	0	356.44766244063794	1685.8494391930435	1	0	1	3.2852926955717647
113200.0	3000.0	1485.849439193154	0.0	0	380.71864106961584	1685.8494391930435	1	0	1	3.2852926955717647
114379.37085578103	3000.0	1306.4785834121242	0.0	0	0.0	1685.8494391930435	1	0	1	3.2852926955717647
115781.56915157814	3000.0	904.2802876150247	0.0	0	0.0	1685.8494391930435	1	0	1	3.2852926955717647
116474.70439055614	2000.0	1211.1450486370086	0.0	0	0.0	1685.8494391930435	1	0	1	2.271629925301353
117200.0	2000.0	1485.8494391931577	0.0	0	82.57536277212785	1685.8494391930435	1	0	1	2.677095033409518
118200.0	2000.0	1485.8494391931545	0.0	0	363.4977906994027	1685.849439193029	1	0	1	2.6770950334095196
119200.0	2000.0	1485.8494391931526	0.0	0	303.2864933726669	1685.8494391930435	1	0	1	2.677095033409518
120200.0	2000.0	1485.8494391931422	0.0	0	176.38101884210482	1685.849439193029	1	0	1	2.6770950334095196
121200.0	2000.0	1485.849439193135	0.0	0	277.8747936880536	1685.849439193029	1	0	1	2.6770950334095196
122200.0	2000.0	1485.8494391931354	0.0	0	337.3591297500825	1685.849439193029	1	0	1	2.6770950334095196
123200.0	2000.0	1485.8494391931306	0.0	0	167.5055648059788	1685.849439193029	1	0	1	2.6770950334095196
124200.0	2000.0	1485.8494391931301	0.0	0	307.07239400550316	1685.8494391930144	1	0	1	2.6770950334095205
125312.25020136537	3000.0	1373.5992378277522	0.0	0	0.0	1685.8494391930144	1	0	1	2.879827587463603
126200.0	3000.0	1485.849439193142	0.0	0	219.65406939068635	1685.8494391930144	1	0	1	3.2852926955717674
127200.0	3000.0	1485.8494391931365	0.0	0	366.4723330576235	1685.8494391930144	1	0	1	3.2852926955717674
128200.0	3000.0	1485.849439193135	0.0	0	414.27142929002	1685.8494391930144	1	0	1	3.2852926955717674
129200.0	3000.0	1485.8494391931354	0.0	0	269.654951029137	1685.8494391930144	1	0	1	3.2852926955717674
130200.0	3000.0	1485.849439193131	0.0	0	261.6237752119341	1685.8494391929999	1	0	1	3.285292695571769
131200.0	3000.0	1485.8494391931447	0.0	0	442.4572638356476	1685.8494391929999	1	0	1	3.28529269557177
132200.0	2000.0	1485.8494391931479	0.0	0	610.0990908019012	1685.8494391930144	1	0	1	2.271629925301356
133200.0	3000.0	1485.84943919314	0.0	0	49.01520758360857	1685.8494391929999	1	0	1	2.879827587463604
134255.0547328835	3000.0	1430.7947063096717	0.0	0	0.0	1685.849439193058	1	0	1	3.285292695571764
135200.0	3000.0	1485.849439193179	0.0	0	126.79170019645244	1685.849439193058	1	0	1	3.285292695571763
136200.0	3000.0	1485.8494391931977	0.0	0	227.57067690984695	1685.849439193058	1	0	1	3.285292695571763
137456.032470761	3000.0	1229.81696843217	0.0	0	0.0	1685.849439193058	1	0	1	3.285292695571763
138200.0	2000.0	1485.8494391932177	0.0	0	15.074562919995515	1685.8494391930872	1	0	1	2.2716299253013488
139200.0	3000.0	1485.8494391932127	0.0	0	138.50989816480433	1685.849439193058	1	0	1	2.8798275874635983
140200.0	3000.0	1485.8494391932156	0.0	0	184.85479943655082	1685.849439193058	1	0	1	3.285292695571763
141200.0	3000.0	1485.849439193224	0.0	0	328.6940164383559	1685.849439193058	1	0	1	3.285292695571763
142200.0	3000.0	1485.8494391932331	0.0	0	115.5739066657843	1685.849439193058	1	0	1	3.285292695571763
143200.0	3000.0	1485.8494391932309	0.0	0	107.58987640892155	1685.8494391930872	1	0	1	3.2852926955717603
144200.0	3000.0	1485.8494391932113	0.0	0	414.6590574711736	1685.8494391930872	1	0	1	3.2852926955717603
145200.0	3000.0	1485.8494391932443	0.0	0	160.47836485985317	1685.8494391931163	1	0	1	3.2852926955717576
146200.0	3000.0	1485.8494391932556	0.0	0	143.99326278394437	1685.8494391931163	1	0	1	3.2852926955717576
147200.0	3000.0	1485.849439193248	0.0	0	360.9877253972227	1685.8494391930872	1	0	1	3.2852926955717603
148200.0	3000.0	1485.8494391932347	0.0	0	235.7651802567998	1685.8494391930872	1	0	1	3.2852926955717603
149200.0	3000.0	1485.8494391932159	0.0	0	272.33537362128845	1685.8494391930872	1	0	1	3.2852926955717603
150482.69486395924	3000.0	1203.1545752339575	0.0	0	0.0	1685.849439193058	1	0	1	3.285292695571763
151495.56014114295	3000.0	1190.2892980502697	0.0	0	0.0	1685.849439193029	1	0	1	3.2852926955717665
152469.41793878682	3000.0	1216.4315004064115	0.0	0	0.0	1685.849439193029	1	0	1	3.2852926955717665
153229.10823342134	3000.0	1456.7412057719075	0.0	0	0.0	1685.849439193029	1	0	1	3.2852926955717665
154343.324580493	3000.0	1342.5248587002375	0.0	0	0.0	1685.849439193029	1	0	1	3.2852926955717656
155200.0	2000.0	1485.8494391932186	0.0	0	115.15396165163838	1685.8494391929999	1	0	1	2.271629925301357
156200.0	2000.0	1485.849439193206	0.0	0	0.06784978008363396	1685.8494391929999	1	0	1	2.6770950334095223
157200.0	2000.0	1485.849439193221	0.0	0	105.93674351481604	1685.849439193058	1	0	1	2.6770950334095165
158200.0	2000.0	1485.8494391932368	0.0	0	294.9212825158611	1685.849439193058	1	0	1	2.677095033409516
159200.0	2000.0	1485.849439193236	0.0	0	205.67045215240796	1685.849439193058	1	0	1	2.677095033409516
160435.4496235491	3000.0	1250.3998156441648	0.0	0	0.0	1685.849439193058	1	0	1	2.8798275874635983
161200.0	2000.0	1485.8494391932365	0.0	0	186.36217091872822	1685.849439193058	1	0	1	2.2716299253013514
162200.0	3000.0	1485.8494391932506	0.0	0	256.8926005102112	1685.8494391930872	1	0	1	2.8798275874635957
163200.0	3000.0	1485.849439193264	0.0	0	309.6792051871307	1685.8494391930872	1	0	1	3.2852926955717603
164200.0	3000.0	1485.8494391932622	0.0	0	106.95962973189307	1685.8494391930872	1	0	1	3.2852926955717603
165499.30386117642	3000.0	1186.5455780168666	0.0	0	0.0	1685.8494391930872	1	0	1	3.2852926955717603
166682.05156093292	3000.0	1003.7978782603689	0.0	0	0.0	1685.8494391931163	1	0	1	3.2852926955717576
167211.42068468363	2000.0	1474.4287545096274	0.0	0	0.0	1685.8494391931163	1	0	1	2.271629925301346
168200.0	3000.0	1485.849439193237	0.0	0	363.02908722424763	1685.8494391931163	1	0	1	2.879827587463593
169200.0	3000.0	1485.849439193274	0.0	0	198.3785034386965	1685.8494391931163	1	0	1	3.2852926955717576
170281.0688239538	3000.0	1404.7806152394799	0.0	0	0.0	1685.8494391930872	1	0	1	3.2852926955717594
171496.03790111002	3000.0	1189.8115380832826	0.0	0	0.0	1685.8494391931163	1	0	1	3.2852926955717576
172389.27801241577	3000.0	1296.5714267775547	0.0	0	0.0	1685.8494391931454	1	0	1	3.285292695571755
173667.21994668213	3000.0	1018.6294925112288	0.0	0	0.0	1685.8494391931745	1	0	1	3.2852926955717514
174412.8290240446	2000.0	1273.020415148758	0.0	0	0.0	1685.8494391931745	1	0	1	2.27162992530134
175200.0	2000.0	1485.8494391933718	0.0	0	10.662178950035013	1685.8494391931745	1	0	1	2.6770950334095045
176200.0	3000.0	1485.849439193397	0.0	0	298.2380558908044	1685.8494391931745	1	0	1	2.879827587463587
177200.0	3000.0	1485.849439193386	0.0	0	341.31901583465515	1685.8494391931745	1	0	1	3.2852926955717514
178200.0	3000.0	1485.8494391933732	0.0	0	451.4017794210231	1685.8494391931745	1	0	1	3.2852926955717514
179200.0	3000.0	1485.8494391933605	0.0	0	456.4306813350413	1685.8494391931745	1	0	1	3.2852926955717514
180316.84142983163	3000.0	1369.0080093617496	0.0	0	0.0	1685.8494391931745	1	0	1	3.2852926955717514
181200.0	3000.0	1485.8494391934414	0.0	0	121.34408117822022	1685.8494391932036	1	0	1	3.2852926955717487
182200.0	3000.0	1485.849439193423	0.0	0	230.87778152659303	1685.8494391931745	1	0	1	3.2852926955717514
183200.0	3000.0	1485.8494391934216	0.0	0	238.51730326691177	1685.8494391931745	1	0	1	3.2852926955717514
184200.0	3000.0	1485.8494391934157	0.0	0	54.57676540888497	1685.8494391931745	1	0	1	3.2852926955717514
185296.0928612477	3000.0	1389.7565779457382	0.0	0	0.0	1685.8494391932036	1	0	1	3.2852926955717496
186200.0	3000.0	1485.8494391934478	0.0	0	131.30291902762838	1685.8494391932036	1	0	1	3.2852926955717487
187200.0	3000.0	1485.849439193472	0.0	0	64.31946186773712	1685.8494391932036	1	0	1	3.2852926955717487
188200.0	3000.0	1485.8494391934623	0.0	0	164.1936869698111	1685.8494391932036	1	0	1	3.2852926955717487
189200.0	3000.0	1485.8494391934767	0.0	0	105.89140494307503	1685.8494391932036	1	0	1	3.2852926955717487
190200.0	3000.0	1485.8494391934669	0.0	0	172.09187952947104	1685.8494391932036	1	0	1	3.2852926955717487
191200.0	3000.0	1485.8494391934723	0.0	0	115.0991895920015	1685.8494391932036	1	0	1	3.2852926955717487
192533.40053823727	3000.0	1152.448900956164	0.0	0	0.0	1685.8494391932036	1	0	1	3.2852926955717487
193263.44461355713	2000.0	1422.404825636316	0.0	0	0.0	1685.8494391932327	1	0	1	2.271629925301334
194200.0	2000.0	1485.8494391934616	0.0	0	211.91083221894223	1685.8494391932618	1	0	1	2.677095033409496
195200.0	2000.0	1485.8494391935037	0.0	0	385.2248827817966	1685.849439193291	1	0	1	2.677095033409493
196200.0	2000.0	1485.8494391934942	0.0	0	224.3014415972575	1685.849439193291	1	0	1	2.677095033409493
197200.0	2000.0	1485.8494391934564	0.0	0	644.2464486410026	1685.849439193291	1	0	1	2.677095033409493
198200.0	3000.0	1485.849439193447	0.0	0	161.5886415108398	1685.849439193291	1	0	1	2.879827587463576
199200.0	3000.0	1485.8494391934353	0.0	0	101.06403643489466	1685.849439193291	1	0	1	3.28529269557174
200523.69877860366	3000.0	1162.1506605897707	0.0	0	0.0	1685.849439193291	1	0	1	3.28529269557174
201338.59691325924	3000.0	1347.252525934157	0.0	0	0.0	1685.849439193291	1	0	1	3.28529269557174
202212.09344155196	3000.0	1473.7559976414582	0.0	0	0.0	1685.84943919332	1	0	1	3.285292695571737
203200.0	3000.0	1485.8494391933887	0.0	0	367.89531880183495	1685.84943919332	1	0	1	3.285292695571737
204200.0	3000.0	1485.8494391933652	0.0	0	184.80571486413828	1685.849439193291	1	0	1	3.285292695571739
205200.0	3000.0	1485.849439193371	0.0	0	205.46512180476566	1685.8494391932618	1	0	1	3.2852926955717434
206200.0	3000.0	1485.8494391933812	0.0	0	489.4464801729191	1685.849439193291	1	0	1	3.28529269557174
207200.0	3000.0	1485.849439193363	0.0	0	445.42964043378015	1685.849439193291	1	0	1	3.28529269557174
208200.0	3000.0	1485.8494391933875	0.0	0	276.07270298412186	1685.8494391932618	1	0	1	3.2852926955717434
209464.1338816699	3000.0	1221.7155575235045	0.0	0	0.0	1685.849439193291	1	0	1	3.28529269557174
210811.1667189047	3000.0	874.6827202887188	0.0	0	0.0	1685.849439193291	1	0	1	3.28529269557174
211472.28890822694	2000.0	1213.5605309664809	0.0	0	0.0	1685.849439193291	1	0	1	2.2716299253013283
212200.0	3000.0	1485.8494391934137	0.0	0	69.82995644488255	1685.849439193291	1	0	1	2.8798275874635753
213200.0	3000.0	1485.8494391934125	0.0	0	239.47063243910088	1685.84943919332	1	0	1	3.2852926955717385
214200.0	3000.0	1485.8494391934141	0.0	0	195.82974515936803	1685.84943919332	1	0	1	3.285292695571737
215200.0	3000.0	1485.8494391934285	0.0	0	380.9233793487947	1685.84943919332	1	0	1	3.285292695571737
216200.0	3000.0	1485.8494391934405	0.0	0	153.1265922137536	1685.84943919332	1	0	1	3.285292695571737
217382.77819727594	3000.0	1303.07124191752	0.0	0	0.0	1685.84943919332	1	0	1	3.285292695571737
218358.96049000564	3000.0	1326.888949187799	0.0	0	0.0	1685.849439193349	1	0	1	3.2852926955717345
219200.0	3000.0	1485.8494391934507	0.0	0	176.17896735321847	1685.849439193349	1	0	1	3.2852926955717345
220200.0	3000.0	1485.8494391934582	0.0	0	298.502948917303	1685.849439193349	1	0	1	3.2852926955717345
221200.0	3000.0	1485.84943919347	0.0	0	208.46117990263156	1685.849439193349	1	0	1	3.2852926955717345
222200.0	3000.0	1485.8494391935124	0.0	0	328.4352386292012	1685.849439193349	1	0	1	3.2852926955717345
223200.0	2000.0	1485.8494391935458	0.0	0	399.08905177988345	1685.849439193349	1	0	1	2.2716299253013226
224232.41269487515	3000.0	1453.4367443183762	0.0	0	0.0	1685.849439193349	1	0	1	2.87982758746357
225200.0	3000.0	1485.8494391935683	0.0	0	367.5297833245131	1685.849439193349	1	0	1	3.2852926955717345
226200.0	3000.0	1485.8494391935435	0.0	0	128.07208285218803	1685.849439193349	1	0	1	3.2852926955717345
227405.3082994232	3000.0	1280.541139770361	0.0	0	0.0	1685.849439193349	1	0	1	3.2852926955717345
228214.70665781543	3000.0	1471.1427813781222	0.0	0	0.0	1685.849439193349	1	0	1	3.2852926955717345
229462.61954773922	3000.0	1223.229891454359	0.0	0	0.0	1685.8494391934073	1	0	1	3.285292695571729
230569.95121631745	3000.0	1115.8982228761315	0.0	0	0.0	1685.8494391934073	1	0	1	3.2852926955717283
231270.95501063007	2000.0	1414.8944285635218	0.0	0	0.0	1685.8494391934073	1	0	1	2.2716299253013164
232321.27836488886	3000.0	1364.571074304732	0.0	0	0.0	1685.8494391934073	1	0	1	2.8798275874635637
233277.4569920541	3000.0	1408.3924471394957	0.0	0	0.0	1685.8494391934073	1	0	1	3.2852926955717283
234283.7729563596	3000.0	1402.0764828339552	0.0	0	0.0	1685.8494391934073	1	0	1	3.2852926955717283
235649.28278693053	3000.0	1036.5666522630415	0.0	0	0.0	1685.8494391934073	1	0	1	3.2852926955717283
236200.0	2000.0	1485.8494391935699	0.0	0	57.76397448161151	1685.8494391934073	1	0	1	2.2716299253013164
237200.0	3000.0	1485.8494391935576	0.0	0	215.22302369051613	1685.8494391934073	1	0	1	2.8798275874635637
238200.0	3000.0	1485.8494391935853	0.0	0	160.345323430578	1685.8494391934073	1	0	1	3.2852926955717283
239402.84515962706	3000.0	1283.0042795665158	0.0	0	0.0	1685.8494391934364	1	0	1	3.2852926955717257
240517.40275064454	3000.0	1168.446688549034	0.0	0	0.0	1685.8494391934073	1	0	1	3.2852926955717283
241200.0	2000.0	1485.8494391935787	0.0	0	45.698390239296714	1685.8494391934364	1	0	1	2.2716299253013137
242200.0	3000.0	1485.84943919357	0.0	0	109.14969441646826	1685.8494391934364	1	0	1	2.879827587463561
243200.0	3000.0	1485.8494391935687	0.0	0	160.2391181027342	1685.8494391934946	1	0	1	3.2852926955717208
244200.0	3000.0	1485.8494391935637	0.0	0	201.8241844297736	1685.8494391934655	1	0	1	3.285292695571721
245200.0	3000.0	1485.8494391935767	0.0	0	78.37321108477772	1685.8494391934364	1	0	1	3.2852926955717257
246441.42329318	3000.0	1244.4261460135815	0.0	0	0.0	1685.8494391934073	1	0	1	3.2852926955717283
247246.89683144214	3000.0	1438.952607751433	0.0	0	0.0	1685.8494391934073	1	0	1	3.2852926955717283
248207.05360914595	3000.0	1478.7958300475914	0.0	0	0.0	1685.8494391933782	1	0	1	3.2852926955717305
249200.0	3000.0	1485.849439193551	0.0	0	429.0609312902088	1685.8494391933782	1	0	1	3.2852926955717314
250200.0	3000.0	1485.8494391935692	0.0	0	379.1143245960702	1685.8494391933782	1	0	1	3.2852926955717314
251200.0	3000.0	1485.849439193584	0.0	0	295.04790539463283	1685.8494391933782	1	0	1	3.2852926955717314
252330.8487010504	3000.0	1355.0007381432233	0.0	0	0.0	1685.8494391934073	1	0	1	3.2852926955717283
253200.0	3000.0	1485.8494391935758	0.0	0	144.90241424390115	1685.8494391934073	1	0	1	3.2852926955717283
254377.58803527043	3000.0	1308.261403923124	0.0	0	0.0	1685.8494391934073	1	0	1	3.2852926955717283
255519.4565506964	3000.0	1166.392888497161	0.0	0	0.0	1685.8494391934073	1	0	1	3.2852926955717283
256515.19257445226	3000.0	1170.6568647413355	0.0	0	0.0	1685.8494391934073	1	0	1	3.2852926955717283
257262.22645071437	3000.0	1423.6229884792244	0.0	0	0.0	1685.8494391934073	1	0	1	3.2852926955717283
258200.0	3000.0	1485.849439193611	0.0	0	151.8495858812821	1685.8494391934364	1	0	1	3.2852926955717265
259200.0	3000.0	1485.849439193595	0.0	0	71.83432021326735	1685.8494391934364	1	0	1	3.2852926955717257
260200.0	3000.0	1485.8494391936	0.0	0	124.33877999553806	1685.8494391934073	1	0	1	3.285292695571728
261200.0	3000.0	1485.8494391936422	0.0	0	531.9647966651246	1685.8494391934073	1	0	1	3.2852926955717283
262200.0	3000.0	1485.8494391936433	0.0	0	319.21740746399155	1685.8494391934073	1	0	1	3.2852926955717283
263311.8024044901	3000.0	1374.0470347034702	0.0	0	0.0	1685.849439193349	1	0	1	3.285292695571729
264550.3620564635	3000.0	1135.4873827301203	0.0	0	0.0	1685.8494391933782	1	0	1	3.2852926955717314
265950.09603991726	3000.0	735.7533992764099	0.0	0	0.0	1685.8494391934364	1	0	1	3.285292695571729
266285.03391852416	1000.0	1400.8155206694944	0.0	0	0.0	1685.8494391934364	1	0	1	0.5387619739014508
267249.61314743216	2000.0	1436.236291761491	0.0	0	0.0	1685.8494391934364	1	0	1	1.9839478528495333
268296.14230395475	2000.0	1389.7071352388991	0.0	0	0.0	1685.8494391934364	1	0	1	2.6770950334094783
269200.0	2000.0	1485.8494391936306	0.0	0	57.08975324529456	1685.8494391934364	1	0	1	2.6770950334094783
270200.0	2000.0	1485.8494391935699	0.0	0	190.58883308753138	1685.8494391934364	1	0	1	2.6770950334094783
271200.0	2000.0	1485.849439193544	0.0	0	140.62212195288157	1685.8494391934946	1	0	1	2.6770950334094743
272200.0	2000.0	1485.849439193547	0.0	0	466.53348175802967	1685.8494391934946	1	0	1	2.677095033409473
273200.0	2000.0	1485.849439193536	0.0	0	75.37000474927481	1685.8494391934364	1	0	1	2.677095033409477
274281.2673169981	3000.0	1404.5821221954006	0.0	0	0.0	1685.8494391934364	1	0	1	2.879827587463561
275200.0	3000.0	1485.849439193457	0.0	0	210.70556485600537	1685.8494391934946	1	0	1	3.285292695571722
276200.0	3000.0	1485.8494391935046	0.0	0	410.41208161151735	1685.8494391935528	1	0	1	3.2852926955717137
277200.0	3000.0	1485.8494391934692	0.0	0	411.101587985293	1685.849439193611	1	0	1	3.2852926955717083
278200.0	3000.0	1485.8494391934314	0.0	0	463.2615103824064	1685.849439193611	1	0	1	3.2852926955717083
279200.0	3000.0	1485.849439193439	0.0	0	314.5197236162494	1685.8494391935528	1	0	1	3.2852926955717137
280200.0	3000.0	1485.8494391934216	0.0	0	310.3852731095394	1685.849439193611	1	0	1	3.2852926955717083
281200.0	2000.0	1485.8494391933705	0.0	0	469.64700623665703	1685.849439193611	1	0	1	2.271629925301297
282200.0	3000.0	1485.8494391934091	0.0	0	230.838113632577	1685.849439193611	1	0	1	2.8798275874635437
283261.309753125	3000.0	1424.5396860683925	0.0	0	0.0	1685.849439193611	1	0	1	3.2852926955717083
284560.96546452725	3000.0	1124.8839746661674	0.0	0	0.0	1685.849439193611	1	0	1	3.2852926955717083
285604.40128559916	3000.0	1081.4481535942532	0.0	0	0.0	1685.849439193611	1	0	1	3.2852926955717083
286913.6047591767	3000.0	772.2446800167208	0.0	0	0.0	1685.8494391936692	1	0	1	3.2852926955717057
287549.3806840112	2000.0	1136.4687551822512	0.0	0	0.0	1685.8494391936692	1	0	1	2.2716299253012906
288200.0	2000.0	1485.8494391934046	0.0	0	16.794276104250457	1685.8494391936692	1	0	1	2.677095033409455
289200.0	3000.0	1485.849439193445	0.0	0	220.1785627787467	1685.8494391936692	1	0	1	2.8798275874635375
290200.0	3000.0	1485.849439193466	0.0	0	241.71824482368538	1685.8494391936692	1	0	1	3.285292695571702
291200.0	3000.0	1485.84943919344	0.0	0	351.69716659665573	1685.8494391936692	1	0	1	3.285292695571702
292200.0	3000.0	1485.8494391934353	0.0	0	117.55242765089497	1685.8494391937274	1	0	1	3.2852926955716963
293200.0	3000.0	1485.8494391933941	0.0	0	383.31509914511116	1685.8494391937274	1	0	1	3.2852926955716963
294200.0	3000.0	1485.8494391933766	0.0	0	366.5773275720421	1685.8494391937274	1	0	1	3.2852926955716963
295200.0	3000.0	1485.8494391933152	0.0	0	320.55986079521244	1685.8494391937274	1	0	1	3.2852926955716963
296214.27528538444	3000.0	1471.5741538087861	0.0	0	0.0	1685.8494391937274	1	0	1	3.2852926955716963
297200.0	3000.0	1485.849439193286	0.0	0	348.9881544110249	1685.8494391937274	1	0	1	3.2852926955716963
298200.0	3000.0	1485.8494391932468	0.0	0	269.21668697561836	1685.8494391937274	1	0	1	3.2852926955716963
299842.14310025185	3000.0	843.7063389413916	0.0	0	0.0	1685.8494391937274	1	0	1	3.285292695571692
300697.6873232738	2000.0	988.1621159194295	0.0	0	0.0	1685.8494391936692	1	0	1	2.2716299253012906
2.75	2.35	2.2	2.66	3.73	3.53	2.48	2.79	4.63	6.96	4.54	3.3	1.61	2.12	4.31	5.55	2.73	2.77	3.16	2.83	3.31	3.2	3.65	3.32	4.78	6.2	3.67	2.78	3.88	5.86	4.22	4.16	2.87	3.63	3.39	4.04	4.63	2.79	2.2	2.2	2.63	2.75	3.0	5.06	4.36	5.92	2.76	2.85	4.17	5.4	3.71	3.17	5.5	5.07	3.26	2.98	2.93	2.58	3.19	3.98	5.61	4.41	3.34	3.08	3.85	4.56	6.95	3.67	4.12	4.33	3.06	4.17	4.83	2.86	3.7	3.15	2.73	3.06	3.0	2.78	3.45	3.65	2.71	3.79	2.95	3.7	2.55	2.43	3.15	4.12	4.45	4.62	3.54	3.36	3.83	4.12	4.6	4.24	2.86	3.85	3.44	3.2	2.28	3.66	4.12	4.01	3.9	5.9	4.29	2.5	1.83	3.21	2.49	3.05	2.42	1.87	3.0	2.79	3.67	2.8	3.19	4.11	4.92	3.95	4.84	4.98	5.07	4.63	3.72	2.41	3.06	3.27	3.85	2.31	3.02	3.02	3.9	4.85	2.29	3.75	5.14	4.4	4.05	3.89	3.9	2.18	2.37	3.2	3.97	4.67	2.75	2.35	2.2	2.66	3.73	3.53	2.48	2.79	4.63	6.96	4.54	3.3	1.61	2.12	4.31	5.55	2.73	2.77	3.16	2.83	3.31	3.2	3.65	3.32	4.78	6.2	3.67	2.78	3.88	5.86	4.22	4.16	2.87	3.63	3.39	4.04	4.63	2.79	2.2	2.2	2.63	2.75	3.0	5.06	4.36	5.92	2.76	2.85	4.17	5.4	3.71	3.17	5.5	5.07	3.26	2.98	2.93	2.58	3.19	3.98	5.61	4.41	3.34	3.08	3.85	4.56	6.95	3.67	4.12	4.33	3.06	4.17	4.83	2.86	3.7	3.15	2.73	3.06	3.0	2.78	3.45	3.65	2.71	3.79	2.95	3.7	2.55	2.43	3.15	4.12	4.45	4.62	3.54	3.36	3.83	4.12	4.6	4.24	2.86	3.85	3.44	3.2	2.28	3.66	4.12	4.01	3.9	5.9	4.29	2.5	1.83	3.21	2.49	3.05	2.42	1.87	3.0	2.79	3.67	2.8	3.19	4.11	4.92	3.95	4.84	4.98	5.07	4.63	3.72	2.41	3.06	3.27	3.85	2.31	3.02	3.02	3.9	4.85	2.29	3.75	5.14	4.4	4.05	3.89	3.9	2.18	2.37	3.2	3.97	4.67
1.0	2.0	3.0	4.0	5.0	6.0	7.0	8.0	9.0	10.0	11.0	12.0	13.0	14.0	15.0	16.0	17.0	18.0	19.0	20.0	21.0	22.0	23.0	24.0	25.0	26.0	27.0	28.0	29.0	30.0	31.0	32.0	33.0	34.0	35.0	36.0	37.0	38.0	39.0	40.0	41.0	42.0	43.0	44.0	45.0	46.0	47.0	48.0	49.0	50.0	51.0	52.0	53.0	54.0	55.0	56.0	57.0	58.0	59.0	60.0	61.0	62.0	63.0	64.0	65.0	66.0	67.0	68.0	69.0	70.0	71.0	72.0	73.0	74.0	75.0	76.0	77.0	78.0	79.0	80.0	81.0	82.0	83.0	84.0	85.0	86.0	87.0	88.0	89.0	90.0	91.0	92.0	93.0	94.0	95.0	96.0	97.0	98.0	99.0	100.0	101.0	102.0	103.0	104.0	105.0	106.0	107.0	108.0	109.0	110.0	111.0	112.0	113.0	114.0	115.0	116.0	117.0	118.0	119.0	120.0	121.0	122.0	123.0	124.0	125.0	126.0	127.0	128.0	129.0	130.0	131.0	132.0	133.0	134.0	135.0	136.0	137.0	138.0	139.0	140.0	141.0	142.0	143.0	144.0	145.0	146.0	147.0	148.0	149.0	149.0	150.0	151.0	152.0	153.0	154.0	155.0	156.0	157.0	158.0	159.0	160.0	161.0	162.0	163.0	164.0	165.0	166.0	167.0	168.0	169.0	170.0	171.0	172.0	173.0	174.0	175.0	176.0	177.0	178.0	179.0	180.0	181.0	182.0	183.0	184.0	185.0	186.0	187.0	188.0	189.0	190.0	191.0	192.0	193.0	194.0	195.0	196.0	197.0	198.0	199.0	200.0	201.0	202.0	203.0	204.0	205.0	206.0	207.0	208.0	209.0	210.0	211.0	212.0	213.0	214.0	215.0	216.0	217.0	218.0	219.0	220.0	221.0	222.0	223.0	224.0	225.0	226.0	227.0	228.0	229.0	230.0	231.0	232.0	233.0	234.0	235.0	236.0	237.0	238.0	239.0	240.0	241.0	242.0	243.0	244.0	245.0	246.0	247.0	248.0	249.0	250.0	251.0	252.0	253.0	254.0	255.0	256.0	257.0	258.0	259.0	260.0	261.0	262.0	263.0	264.0	265.0	266.0	267.0	268.0	269.0	270.0	271.0	272.0	273.0	274.0	275.0	276.0	277.0	278.0	279.0	280.0	281.0	282.0	283.0	284.0	285.0	286.0	287.0	288.0	289.0	290.0	291.0	292.0	293.0	294.0	295.0	296.0	297.0	298.0	298.0
3771.9185770100976
