4994.671376044401	300.0	2000.0	103.60329819271419	0	0.0	4994.671376044401	1	0	1	-1.1191511081173136
5861.578490330825	3000.0	2046.4021742849327	0.0	0	0.0	4907.980664615758	1	0	2	0.25854165098516324
6650.526209246388	3000.0	2178.5596834778125	0.0	0	0.0	4829.085892724201	1	0	2	2.768975791932327
7326.335353229099	3000.0	2435.1696250968293	0.0	0	0.0	4761.504978325929	1	0	2	2.776046690976326
8271.655465396409	3000.0	2395.3175017127896	0.0	0	0.0	4666.972967109199	1	0	2	2.7841389941410593
9647.785846613588	3000.0	1881.5740823738956	0.0	0	0.0	4529.359928987485	1	0	2	2.7969375615435825
10323.732986655144	3000.0	2138.032228328182	0.0	0	0.0	4461.7652149833275	1	0	2	2.806084884859468
10938.086232758542	3000.0	2462.2436576144446	0.0	0	0.0	4400.329890372988	1	0	2	2.812329229472529
12022.503387465196	3000.0	2269.384787437125	0.0	0	0.0	4291.888174902322	1	0	2	2.8218462212642685
12836.509190930832	3000.0	2373.9784036249257	0.0	0	0.0	4210.4875945557615	1	0	2	2.8307397747474123
13939.199431265019	3000.0	2161.01913925732	0.0	0	0.0	4100.218570522344	1	0	2	2.8409444280416665
15112.798081182727	3000.0	1870.0606243478396	0.0	0	0.0	3982.8587055305725	1	0	2	2.852625862418723
16229.08793582174	3000.0	1642.141784244925	0.0	0	0.0	3871.229720066671	1	0	2	2.8639654728478603
17477.291376811805	3000.0	1269.117999155853	0.0	0	0.0	3746.4093759676616	1	0	2	2.8757080584068127
18488.957665495596	3000.0	1156.285081603683	0.0	0	0.0	3645.2427470992843	1	0	2	2.8870329053525268
19134.214988274525	3000.0	1446.5020265468593	0.0	0	0.0	3580.717014821388	1	0	2	2.894053691729685
20076.245999804076	3000.0	1410.2679138643496	0.0	0	0.0	3486.51391366843	1	0	2	2.9029360660120775
20898.541336766022	3000.0	1505.7430432062067	0.0	0	0.0	3404.2843799722323	1	0	2	2.9112157714451423
21696.131921440832	3000.0	1628.3934000639158	0.0	0	0.0	3324.5253215047524	1	0	2	2.919455140681112
22759.5723129441	3000.0	1458.608969410322	0.0	0	0.0	3218.181282354428	1	0	2	2.9293851171520666
23844.461630867645	3000.0	1265.2307196944198	0.0	0	0.0	3109.6923505620725	1	0	2	2.9399951960947917
24429.416778872015	3000.0	1621.7800568896089	0.0	0	0.0	3051.196835761635	1	0	2	2.9472646287154216
25049.574939985694	3000.0	1939.6060796645622	0.0	0	0.0	2989.18101965027	1	0	2	2.952824200682949
25892.386549349478	3000.0	2012.513309364404	0.0	0	0.0	2904.899858713896	1	0	2	2.9612463898088484
27096.344040515927	3000.0	1688.1600690813125	0.0	0	0.0	2784.504109597252	1	0	2	2.9730083851857194
27913.086343816944	3000.0	1789.743535450196	0.0	0	0.0	2702.829879267156	1	0	2	2.98161450304617
28588.51011358282	3000.0	2046.777388707736	0.0	0	0.0	2635.287502290568	1	0	2	2.9887640756057587
29200.0	3000.0	2374.1385136488343	0.0	0	42.4779621780217	2574.1385136488534	1	0	2	2.994656384875383
30200.0	3000.0	2274.1385136488334	0.0	0	132.56862475638627	2474.1385136488534	1	0	2	3.0030263514285114
31200.0	3000.0	2174.1385136488325	0.0	0	69.60429286434737	2374.138513648846	1	0	2	3.0135336442833793
32200.0	3000.0	2074.138513648836	0.0	0	285.3929173661527	2274.1385136488498	1	0	2	3.022773616176878
33200.0	2000.0	1974.1385136488393	0.0	0	465.35631290295714	2174.1385136488534	1	0	2	2.0189693147761947
34200.0	3000.0	1874.1385136488452	0.0	0	69.0144212162777	2074.1385136488643	1	0	2	2.637554939817144
35200.0	3000.0	1774.1385136488407	0.0	0	30.93462107074447	1974.1385136488534	1	0	2	3.0539096095715266
36200.0	3000.0	1674.1385136488477	0.0	0	210.74587255414372	1874.1385136488607	1	0	2	3.063231101438279
37200.0	3000.0	1574.1385136488489	0.0	0	382.06214144986006	1774.138513648868	1	0	2	3.072642788760233
38200.0	3000.0	1474.1385136488552	0.0	0	267.9208392464425	1674.1385136488752	1	0	2	3.082736562660202
39200.0	3000.0	1474.1385136488539	0.0	0	160.1255724877701	1674.1385136488752	1	0	1	3.0864637881261814
40200.0	3000.0	1474.1385136488443	0.0	0	327.1504013909798	1674.1385136488752	1	0	1	3.2864637881261816
41200.0	3000.0	1474.1385136488384	0.0	0	58.211895469714364	1674.1385136488752	1	0	1	3.2864637881261816
42200.0	3000.0	1474.1385136488457	0.0	0	39.882474023899704	1674.1385136488752	1	0	1	3.2864637881261816
43200.0	3000.0	1474.1385136488473	0.0	0	187.77418584437692	1674.1385136488752	1	0	1	3.2864637881261816
44200.0	3000.0	1474.138513648856	0.0	0	153.60231741820462	1674.1385136488825	1	0	1	3.286463788126181
45200.0	3000.0	1474.138513648857	0.0	0	206.0608110980029	1674.1385136488825	1	0	1	3.286463788126181
46200.0	3000.0	1474.1385136488586	0.0	0	341.64952764522604	1674.1385136488825	1	0	1	3.286463788126181
47323.51458979522	3000.0	1350.6239238536357	0.0	0	0.0	1674.1385136488825	1	0	1	3.286463788126181
48200.0	3000.0	1474.13851364886	0.0	0	39.171359515537915	1674.1385136488825	1	0	1	3.286463788126181
49200.0	3000.0	1474.1385136488561	0.0	0	170.52511265414068	1674.1385136488825	1	0	1	3.286463788126181
50200.0	3000.0	1474.138513648852	0.0	0	206.35350204566203	1674.1385136488825	1	0	1	3.286463788126181
51200.0	3000.0	1474.1385136488566	0.0	0	225.72972616717743	1674.1385136488825	1	0	1	3.286463788126181
52200.0	3000.0	1474.1385136488568	0.0	0	316.9883734675095	1674.1385136488825	1	0	1	3.286463788126181
53200.0	3000.0	1474.1385136488611	0.0	0	101.42775729454297	1674.1385136488898	1	0	1	3.2864637881261807
54427.57159725034	3000.0	1246.5669163985226	0.0	0	0.0	1674.1385136488898	1	0	1	3.2864637881261807
56176.872702632056	3000.0	497.26581101680836	0.0	0	0.0	1674.1385136488898	1	0	1	3.2864637881261807
56584.27571252799	1000.0	1089.862801120863	0.0	0	0.0	1674.1385136488825	1	0	1	0.5399330664559063
57200.0	2000.0	1474.1385136488566	0.0	0	63.49247199736419	1674.1385136488825	1	0	1	1.9851189454039888
58312.64604664117	3000.0	1361.4924670076796	0.0	0	0.0	1674.1385136488825	1	0	1	2.8809986800180165
59200.0	2000.0	1474.1385136488602	0.0	0	289.85146815543703	1674.1385136488825	1	0	1	2.2728010178557696
60243.36606592947	3000.0	1430.7724477193933	0.0	0	0.0	1674.1385136488825	1	0	1	2.8809986800180165
61217.68341764929	3000.0	1456.455095999577	0.0	0	0.0	1674.1385136488825	1	0	1	3.286463788126181
62342.03682011042	3000.0	1332.1016935384475	0.0	0	0.0	1674.1385136488825	1	0	1	3.286463788126181
63728.082804211255	3000.0	946.0557094376156	0.0	0	0.0	1674.1385136488752	1	0	1	3.2864637881261816
64514.46431553094	2000.0	1159.6741981179403	0.0	0	0.0	1674.1385136488752	1	0	1	2.27280101785577
65200.0	2000.0	1474.1385136488743	0.0	0	79.33550581376767	1674.1385136488752	1	0	1	2.6782661259639347
66616.87451697039	3000.0	1057.2639966784866	0.0	0	0.0	1674.1385136488752	1	0	1	2.8809986800180165
67200.0	2000.0	1474.1385136488834	0.0	0	32.43915153690614	1674.1385136488825	1	0	1	2.27280101785577
68200.0	3000.0	1474.1385136489012	0.0	0	404.05283479231	1674.138513648897	1	0	1	2.8809986800180147
69200.0	3000.0	1474.1385136488882	0.0	0	268.80798547035374	1674.138513648897	1	0	1	3.2864637881261793
70224.95519188303	3000.0	1449.183321765852	0.0	0	68.68636960894219	1674.138513648897	1	0	1	3.2864637881261793
71540.08836128932	3000.0	1134.0501523595572	0.0	0	0.0	1674.1385136488825	1	0	1	3.286463788126181
72661.77538292644	3000.0	1012.3631307224393	0.0	0	0.0	1674.1385136488825	1	0	1	3.286463788126181
73710.02309162178	3000.0	964.1154220270854	0.0	0	0.0	1674.1385136488825	1	0	1	3.286463788126181
74708.36601344685	3000.0	965.7725002020218	0.0	0	0.0	1674.1385136488825	1	0	1	3.286463788126181
75442.22011221692	2000.0	1231.918401431955	0.0	0	0.0	1674.1385136488825	1	0	1	2.2728010178557696
76200.0	3000.0	1474.138513648867	0.0	0	33.345202299024095	1674.1385136488825	1	0	1	2.8809986800180165
77200.0	3000.0	1474.1385136488702	0.0	0	359.62445631128503	1674.138513648897	1	0	1	3.2864637881261793
78200.0	3000.0	1474.1385136488711	0.0	0	468.77896227382007	1674.1385136488825	1	0	1	3.286463788126181
79200.0	3000.0	1474.1385136488655	0.0	0	405.5145949359139	1674.1385136488825	1	0	1	3.286463788126181
80445.67250470447	3000.0	1228.466008944389	0.0	0	0.0	1674.1385136488825	1	0	1	3.286463788126181
81496.51205477634	3000.0	1177.6264588725148	0.0	0	0.0	1674.1385136488825	1	0	1	3.286463788126181
82576.09648319503	3000.0	1098.042030453841	0.0	0	0.0	1674.1385136488825	1	0	1	3.286463788126181
83200.0	2000.0	1474.1385136488796	0.0	0	7.566733367915731	1674.138513648897	1	0	1	2.272801017855768
84200.0	3000.0	1474.1385136488811	0.0	0	185.45490813881042	1674.1385136488825	1	0	1	2.8809986800180165
85200.0	3000.0	1474.138513648882	0.0	0	260.6676578112965	1674.138513648897	1	0	1	3.2864637881261793
86286.48006383995	3000.0	1387.6584498089294	0.0	0	0.0	1674.138513648897	1	0	1	3.2864637881261793
87414.34095653224	3000.0	1259.7975571166273	0.0	0	0.0	1674.138513648897	1	0	1	3.2864637881261793
88829.01628803893	3000.0	845.1222256099445	0.0	0	0.0	1674.138513648897	1	0	1	3.2864637881261793
89832.96344790187	2000.0	841.1750657469864	0.0	0	0.0	1674.138513648897	1	0	1	2.272801017855768
90234.8934645986	1000.0	1439.2450490502617	0.0	0	0.0	1674.138513648897	1	0	1	0.9453981745640694
91200.0	2000.0	1474.1385136488823	0.0	0	231.31566596988705	1674.138513648897	1	0	1	1.985118945403987
92200.0	2000.0	1474.13851364887	0.0	0	406.0574467268161	1674.138513648897	1	0	1	2.6782661259639324
93200.0	2000.0	1474.1385136488718	0.0	0	243.67903668667714	1674.1385136489116	1	0	1	2.678266125963931
94200.0	3000.0	1474.1385136488886	0.0	0	219.56478682454326	1674.1385136489116	1	0	1	2.8809986800180134
95200.0	3000.0	1474.1385136488964	0.0	0	441.5928045797191	1674.1385136489116	1	0	1	3.286463788126178
96200.0	3000.0	1474.138513648918	0.0	0	480.07119737021276	1674.1385136489116	1	0	1	3.286463788126178
97200.0	3000.0	1474.1385136489057	0.0	0	272.52185177434876	1674.1385136489116	1	0	1	3.286463788126178
98210.91279689631	3000.0	1463.2257167525931	0.0	0	0.0	1674.1385136489116	1	0	1	3.286463788126178
99200.0	3000.0	1474.1385136489007	0.0	0	153.64471637638053	1674.1385136489116	1	0	1	3.286463788126178
100387.95522125295	3000.0	1286.183292395946	0.0	0	0.0	1674.1385136489116	1	0	1	3.286463788126178
101200.0	3000.0	1474.1385136489214	0.0	0	80.13642351761519	1674.1385136489116	1	0	1	3.286463788126178
102270.29560447598	3000.0	1403.8429091729497	0.0	0	0.0	1674.1385136489262	1	0	1	3.2864637881261767
103200.0	3000.0	1474.1385136489218	0.0	0	6.878160664564348	1674.1385136489262	1	0	1	3.2864637881261767
104388.17452521744	3000.0	1285.963988431485	0.0	0	0.0	1674.1385136489262	1	0	1	3.2864637881261767
105814.2596269608	3000.0	859.8788866881205	0.0	0	0.0	1674.1385136489262	1	0	1	3.2864637881261767
106719.24235122744	2000.0	954.8961624214796	0.0	0	0.0	1674.1385136489262	1	0	1	2.272801017855765
107976.92411956735	2000.0	697.2143940815647	0.0	0	0.0	1674.1385136489262	1	0	1	2.6782661259639298
108391.71384980617	1000.0	1282.424663842754	0.0	0	0.0	1674.1385136489262	1	0	1	0.9453981745640665
109200.0	2000.0	1474.1385136489114	0.0	0	139.72586468419468	1674.1385136489262	1	0	1	1.9851189454039844
110200.0	2000.0	1474.138513648896	0.0	0	368.8627019942651	1674.1385136489407	1	0	1	2.678266125963928
111200.0	2000.0	1474.1385136488893	0.0	0	148.9666140663321	1674.1385136489262	1	0	1	2.6782661259639298
112200.0	3000.0	1474.1385136488914	0.0	0	315.5134384451376	1674.1385136489262	1	0	1	2.880998680018012
113200.0	3000.0	1474.1385136488784	0.0	0	236.628164852591	1674.1385136489262	1	0	1	3.2864637881261767
114251.5302443552	3000.0	1422.6082692936823	0.0	0	0.0	1674.1385136489262	1	0	1	3.2864637881261767
115200.0	3000.0	1474.1385136488796	0.0	0	105.71986887154344	1674.1385136489262	1	0	1	3.2864637881261767
116353.1170816678	3000.0	1321.021431981079	0.0	0	0.0	1674.1385136489262	1	0	1	3.2864637881261767
117942.1335500818	3000.0	732.0049635670806	0.0	0	0.0	1674.1385136489262	1	0	1	3.2864637881261767
118754.64908619139	2000.0	919.4894274574874	0.0	0	0.0	1674.1385136489116	1	0	1	2.2728010178557665
120137.85478981002	2000.0	536.2837238388526	0.0	0	0.0	1674.1385136489116	1	0	1	2.678266125963931
120536.81902402842	1000.0	1137.3194896204595	0.0	0	0.0	1674.1385136489116	1	0	1	0.9453981745640679
121301.75994033889	2000.0	1372.3785733099994	0.0	0	0.0	1674.1385136489262	1	0	1	1.9851189454039844
122200.0	2000.0	1474.1385136488836	0.0	0	236.45194924740645	1674.1385136489262	1	0	1	2.6782661259639298
123200.0	2000.0	1474.1385136488964	0.0	0	631.1667537574249	1674.1385136489407	1	0	1	2.678266125963928
124200.0	2000.0	1474.1385136489057	0.0	0	449.8818363458122	1674.1385136489407	1	0	1	2.678266125963928
125274.35428662655	3000.0	1399.784227022349	0.0	0	0.0	1674.1385136489407	1	0	1	2.8809986800180103
126321.65571902037	3000.0	1352.482794628507	0.0	0	0.0	1674.1385136489407	1	0	1	3.286463788126175
127200.0	3000.0	1474.1385136488782	0.0	0	49.02661397322663	1674.1385136489407	1	0	1	3.286463788126175
128200.0	3000.0	1474.1385136488982	0.0	0	376.84615416190354	1674.1385136489553	1	0	1	3.2864637881261736
129333.49496430559	3000.0	1340.6435493433132	0.0	0	0.0	1674.1385136489553	1	0	1	3.2864637881261736
130303.1343614853	3000.0	1371.0041521636138	0.0	0	0.0	1674.1385136489553	1	0	1	3.2864637881261736
131212.1757687654	3000.0	1461.9627448835067	0.0	0	0.0	1674.1385136489407	1	0	1	3.286463788126174
132200.0	3000.0	1474.1385136489098	0.0	0	183.91387658257736	1674.1385136489553	1	0	1	3.2864637881261745
133226.05619853587	3000.0	1448.0823151130473	0.0	0	0.0	1674.1385136489407	1	0	1	3.286463788126175
134246.56072323542	3000.0	1427.5777904134911	0.0	0	0.0	1674.1385136489698	1	0	1	3.286463788126173
135200.0	3000.0	1474.1385136489264	0.0	0	15.596689257305115	1674.1385136489698	1	0	1	3.2864637881261722
136200.0	3000.0	1474.1385136489346	0.0	0	278.2865423091862	1674.1385136489407	1	0	1	3.286463788126175
137559.22852605095	3000.0	1114.909987597991	0.0	0	0.0	1674.1385136489407	1	0	1	3.286463788126175
138977.06399282182	3000.0	697.0745208271128	0.0	0	0.0	1674.1385136489407	1	0	1	3.286463788126175
139242.38589867542	1000.0	1431.7526149735252	0.0	0	0.0	1674.1385136489407	1	0	1	0.5399330664559004
140200.0	3000.0	1474.1385136489794	0.0	0	346.4730516766722	1674.1385136489698	1	0	1	2.1878514994580622
141200.0	3000.0	1474.1385136489848	0.0	0	229.44646683050087	1674.138513648999	1	0	1	3.286463788126169
142200.0	3000.0	1474.138513648967	0.0	0	227.4857265270257	1674.1385136489698	1	0	1	3.2864637881261722
143200.0	3000.0	1474.1385136489905	0.0	0	136.30391349300044	1674.1385136489698	1	0	1	3.2864637881261722
144200.0	3000.0	1474.1385136489707	0.0	0	335.40748254131177	1674.1385136489698	1	0	1	3.2864637881261722
145200.0	3000.0	1474.1385136490062	0.0	0	188.51606062290375	1674.138513648999	1	0	1	3.28646378812617
146303.8751031869	3000.0	1370.2634104621159	0.0	0	0.0	1674.138513648999	1	0	1	3.286463788126169
147771.22939679763	3000.0	902.9091168513661	0.0	0	0.0	1674.1385136489698	1	0	1	3.2864637881261722
148611.38027983438	2000.0	1062.758233814608	0.0	0	0.0	1674.1385136489698	1	0	1	2.2728010178557607
149408.06646468007	2000.0	1266.0720489688952	0.0	0	0.0	1674.1385136489698	1	0	1	2.6782661259639253
150200.0	2000.0	1474.1385136489753	0.0	0	247.32659010990756	1674.1385136489698	1	0	1	2.6782661259639253
151200.0	3000.0	1474.1385136489982	0.0	0	32.56053406710271	1674.1385136489698	1	0	1	2.8809986800180076
152391.37747639124	3000.0	1282.7610372577892	0.0	0	0.0	1674.1385136489698	1	0	1	3.2864637881261722
153248.78753068115	3000.0	1425.350982967853	0.0	0	0.0	1674.1385136489698	1	0	1	3.2864637881261722
154475.0085631749	3000.0	1199.1299504741132	0.0	0	0.0	1674.1385136489698	1	0	1	3.2864637881261722
155200.0	3000.0	1474.138513649038	0.0	0	65.38396861977526	1674.1385136489698	1	0	1	3.2864637881261722
156200.0	3000.0	1474.1385136490317	0.0	0	335.668660442665	1674.1385136489407	1	0	1	3.286463788126175
157357.6776013685	3000.0	1316.4609122805216	0.0	0	0.0	1674.1385136489407	1	0	1	3.286463788126175
158792.5921879629	3000.0	881.5463256861301	0.0	0	0.0	1674.1385136489407	1	0	1	3.286463788126175
159319.4377881409	2000.0	1354.7007255081212	0.0	0	0.0	1674.1385136489116	1	0	1	2.2728010178557665
160200.0	3000.0	1474.1385136490096	0.0	0	72.1255288736138	1674.1385136489116	1	0	1	2.8809986800180134
161319.64487152515	3000.0	1354.493642123875	0.0	0	0.0	1674.1385136488825	1	0	1	3.286463788126181
162368.09858221954	3000.0	1306.0399314294787	0.0	0	0.0	1674.1385136488534	1	0	1	3.286463788126184
163480.73223651364	3000.0	1193.4062771354113	0.0	0	0.0	1674.1385136488534	1	0	1	3.286463788126184
164471.14713544253	3000.0	1202.9913782065096	0.0	0	0.0	1674.1385136488534	1	0	1	3.286463788126184
165628.1925822497	3000.0	1045.9459313993502	0.0	0	0.0	1674.1385136488534	1	0	1	3.286463788126184
166477.62715463238	2000.0	1196.511359016653	0.0	0	0.0	1674.1385136488534	1	0	1	2.2728010178557723
167264.0706413151	2000.0	1410.0678723339379	0.0	0	0.0	1674.1385136488534	1	0	1	2.678266125963937
168200.0	3000.0	1474.1385136490428	0.0	0	68.64402998535661	1674.1385136488534	1	0	1	2.880998680018019
169247.3966286817	3000.0	1426.7418849673397	0.0	0	0.0	1674.1385136488534	1	0	1	3.286463788126184
170200.0	3000.0	1474.138513649052	0.0	0	242.25560823778505	1674.1385136488534	1	0	1	3.286463788126184
171591.65901952595	3000.0	1082.479494123117	0.0	0	0.0	1674.1385136488243	1	0	1	3.2864637881261864
172635.19313230476	3000.0	1038.9453813443506	0.0	0	0.0	1674.1385136488534	1	0	1	3.286463788126184
173367.09675974993	3000.0	1307.041753899177	0.0	0	0.0	1674.1385136488825	1	0	1	3.286463788126181
174200.0	3000.0	1474.1385136491	0.0	0	131.72351588055608	1674.1385136488825	1	0	1	3.286463788126181
175399.44869393567	3000.0	1274.6898197134153	0.0	0	0.0	1674.1385136489116	1	0	1	3.286463788126179
176272.9406132406	3000.0	1401.1979004084756	0.0	0	0.0	1674.1385136489407	1	0	1	3.286463788126175
177200.0	3000.0	1474.1385136490587	0.0	0	189.82719213532982	1674.1385136489116	1	0	1	3.286463788126177
178200.0	3000.0	1474.1385136490658	0.0	0	520.8557181022188	1674.1385136489116	1	0	1	3.286463788126178
179200.0	3000.0	1474.13851364907	0.0	0	136.0563993974065	1674.1385136489116	1	0	1	3.286463788126178
180436.91463921557	3000.0	1237.2238744335234	0.0	0	0.0	1674.1385136489116	1	0	1	3.286463788126178
181275.1180873608	3000.0	1399.020426288283	0.0	0	0.0	1674.1385136488825	1	0	1	3.286463788126181
182200.0	3000.0	1474.1385136490758	0.0	0	266.4107618960261	1674.1385136488534	1	0	1	3.286463788126183
183200.0	3000.0	1474.1385136490771	0.0	0	354.3484586755512	1674.1385136488534	1	0	1	3.286463788126184
184227.2220866755	3000.0	1446.9164269735945	0.0	0	0.0	1674.1385136488243	1	0	1	3.2864637881261864
185265.28903733968	3000.0	1408.8494763093765	0.0	0	0.0	1674.1385136487952	1	0	1	3.28646378812619
186200.0	3000.0	1474.138513649083	0.0	0	188.16035968560027	1674.138513648766	1	0	1	3.2864637881261927
187200.0	3000.0	1474.1385136490558	0.0	0	94.43875517713604	1674.138513648737	1	0	1	3.2864637881261953
188200.0	3000.0	1474.1385136490535	0.0	0	316.4558030598855	1674.138513648737	1	0	1	3.2864637881261953
189200.0	3000.0	1474.1385136490537	0.0	0	446.0274624051526	1674.138513648766	1	0	1	3.2864637881261927
190200.0	3000.0	1474.138513649059	0.0	0	468.46855038029025	1674.1385136487952	1	0	1	3.28646378812619
191200.0	3000.0	1474.1385136490644	0.0	0	154.2717542735627	1674.138513648766	1	0	1	3.2864637881261918
192200.0	3000.0	1474.1385136490994	0.0	0	319.3287183913053	1674.1385136487952	1	0	1	3.28646378812619
193200.0	3000.0	1474.1385136490967	0.0	0	3.7685696870612446	1674.1385136487952	1	0	1	3.28646378812619
194200.0	3000.0	1474.138513649081	0.0	0	58.81792097460129	1674.1385136488243	1	0	1	3.2864637881261864
195200.0	3000.0	1474.1385136490517	0.0	0	373.71673303990974	1674.1385136488243	1	0	1	3.2864637881261864
196235.147669278	3000.0	1438.990844371067	0.0	0	0.0	1674.1385136488534	1	0	1	3.286463788126184
197200.0	3000.0	1474.1385136490567	0.0	0	21.240532603755128	1674.1385136488243	1	0	1	3.2864637881261856
198200.0	3000.0	1474.1385136490285	0.0	0	358.79014672880294	1674.1385136488243	1	0	1	3.2864637881261864
199200.0	3000.0	1474.1385136490271	0.0	0	176.8531738415768	1674.1385136488243	1	0	1	3.2864637881261864
200488.28159178077	3000.0	1185.8569218682621	0.0	0	0.0	1674.1385136488243	1	0	1	3.2864637881261864
201409.6244309934	3000.0	1264.5140826556526	0.0	0	0.0	1674.1385136488243	1	0	1	3.2864637881261864
202678.54689581992	3000.0	995.5916178291424	0.0	0	0.0	1674.1385136488534	1	0	1	3.286463788126184
204223.6009914081	3000.0	450.5375222409533	0.0	0	0.0	1674.1385136488243	1	0	1	3.2864637881261847
204830.1859492299	1000.0	843.9525644191798	0.0	0	0.0	1674.1385136488243	1	0	1	0.5399330664559121
205467.3424714104	2000.0	1206.796042238662	0.0	0	0.0	1674.1385136488243	1	0	1	1.9851189454039944
206200.0	2000.0	1474.1385136491008	0.0	0	103.54378162705689	1674.1385136488243	1	0	1	2.6782661259639395
207200.0	2000.0	1474.1385136491244	0.0	0	247.81235229200684	1674.1385136487952	1	0	1	2.678266125963943
208200.0	2000.0	1474.1385136491235	0.0	0	400.49485605664086	1674.1385136487952	1	0	1	2.678266125963943
209200.0	2000.0	1474.1385136490946	0.0	0	412.634136788809	1674.1385136487952	1	0	1	2.678266125963943
210200.0	3000.0	1474.1385136491103	0.0	0	127.74000617733691	1674.1385136487952	1	0	1	2.8809986800180254
211200.0	3000.0	1474.1385136491258	0.0	0	56.95068924649968	1674.1385136488243	1	0	1	3.2864637881261864
212352.08255947533	3000.0	1322.055954173818	0.0	0	0.0	1674.1385136488243	1	0	1	3.2864637881261864
213200.0	2000.0	1474.1385136491467	0.0	0	74.36364450198016	1674.1385136488243	1	0	1	2.272801017855775
214464.4479626423	3000.0	1209.6905510068636	0.0	0	0.0	1674.1385136488243	1	0	1	2.880998680018022
215200.0	2000.0	1474.1385136491767	0.0	0	95.79273730685236	1674.1385136488243	1	0	1	2.272801017855775
216200.0	2000.0	1474.138513649158	0.0	0	531.6988533083058	1674.1385136487952	1	0	1	2.678266125963943
217200.0	3000.0	1474.1385136491351	0.0	0	461.2916598925076	1674.138513648766	1	0	1	2.880998680018028
218200.0	3000.0	1474.1385136491003	0.0	0	526.51543653931	1674.138513648766	1	0	1	3.2864637881261927
219200.0	3000.0	1474.1385136491108	0.0	0	304.52792286439217	1674.138513648766	1	0	1	3.2864637881261927
220375.92342273303	3000.0	1298.2150909161053	0.0	0	0.0	1674.138513648766	1	0	1	3.2864637881261927
221200.0	3000.0	1474.138513649126	0.0	0	82.407878822356	1674.138513648737	1	0	1	3.2864637881261953
222200.0	3000.0	1474.1385136491488	0.0	0	217.24124476892757	1674.138513648766	1	0	1	3.2864637881261927
223200.0	3000.0	1474.1385136491335	0.0	0	324.64907556041726	1674.138513648766	1	0	1	3.2864637881261927
224200.0	3000.0	1474.1385136491635	0.0	0	103.1139657329768	1674.1385136487952	1	0	1	3.286463788126191
225200.0	3000.0	1474.138513649147	0.0	0	208.86704203445697	1674.1385136487952	1	0	1	3.28646378812619
226200.0	3000.0	1474.1385136491317	0.0	0	364.639724580833	1674.1385136487952	1	0	1	3.28646378812619
227200.0	3000.0	1474.1385136490935	0.0	0	539.6640779681911	1674.1385136487952	1	0	1	3.28646378812619
228200.0	3000.0	1474.1385136490896	0.0	0	164.95678937749472	1674.1385136488243	1	0	1	3.2864637881261864
229200.0	3000.0	1474.1385136490755	0.0	0	9.439149715384701	1674.1385136488534	1	0	1	3.2864637881261842
230200.0	3000.0	1474.138513649068	0.0	0	34.198445861256914	1674.1385136488534	1	0	1	3.286463788126184
231636.51272945057	3000.0	1037.6257841985096	0.0	0	0.0	1674.1385136488534	1	0	1	3.286463788126184
232313.6619894762	2000.0	1360.4765241728671	0.0	0	0.0	1674.1385136488243	1	0	1	2.272801017855775
233200.0	3000.0	1474.138513649075	0.0	0	156.6090703648515	1674.1385136488243	1	0	1	2.880998680018023
234258.21706663168	3000.0	1415.9214470173688	0.0	0	0.0	1674.1385136488243	1	0	1	3.286463788126187
235520.2080279543	3000.0	1153.9304856947674	0.0	0	0.0	1674.1385136487952	1	0	1	3.28646378812619
236340.8631915938	2000.0	1333.275322055301	0.0	0	0.0	1674.1385136488243	1	0	1	2.272801017855775
237624.41116002935	3000.0	1049.7273536197372	0.0	0	0.0	1674.1385136488243	1	0	1	2.880998680018022
238630.39531798492	2000.0	1043.7431956641617	0.0	0	0.0	1674.1385136488243	1	0	1	2.272801017855775
239695.7417621408	2000.0	978.3967515083048	0.0	0	0.0	1674.1385136488243	1	0	1	2.6782661259639395
240200.0	2000.0	1474.1385136491338	0.0	0	36.766824042162625	1674.1385136488243	1	0	1	2.6782661259639395
241200.0	2000.0	1474.1385136491328	0.0	0	476.35463632037863	1674.1385136488534	1	0	1	2.678266125963937
242200.0	2000.0	1474.1385136491642	0.0	0	464.19769183933386	1674.1385136488534	1	0	1	2.678266125963937
243200.0	3000.0	1474.138513649163	0.0	0	500.13958941344754	1674.1385136488825	1	0	1	2.8809986800180165
244200.0	3000.0	1474.138513649173	0.0	0	161.24288321941276	1674.1385136488825	1	0	1	3.286463788126181
245200.0	3000.0	1474.1385136491351	0.0	0	190.19036603567656	1674.1385136488534	1	0	1	3.286463788126183
246200.0	3000.0	1474.1385136491388	0.0	0	453.72902940245694	1674.1385136488534	1	0	1	3.286463788126184
247200.0	3000.0	1474.13851364916	0.0	0	105.13901733112289	1674.1385136488825	1	0	1	3.286463788126181
248203.3658658993	3000.0	1470.772647749838	0.0	0	0.0	1674.1385136488825	1	0	1	3.286463788126181
249347.21291285945	3000.0	1326.9256007896727	0.0	0	0.0	1674.1385136489116	1	0	1	3.286463788126178
250630.25051133163	3000.0	1043.8880023174825	0.0	0	0.0	1674.1385136489407	1	0	1	3.286463788126175
251200.0	2000.0	1474.138513649122	0.0	0	13.432198070979211	1674.1385136489407	1	0	1	2.2728010178557634
252371.51655657956	3000.0	1302.6219570695719	0.0	0	0.0	1674.1385136489407	1	0	1	2.8809986800180103
253597.98651456615	3000.0	1076.1519990829875	0.0	0	0.0	1674.1385136489407	1	0	1	3.286463788126175
254448.7352860821	2000.0	1225.4032275670247	0.0	0	0.0	1674.1385136489116	1	0	1	2.2728010178557665
255376.55235545416	2000.0	1297.5861581949803	0.0	0	0.0	1674.1385136489116	1	0	1	2.678266125963931
256571.47732064262	2000.0	1102.661193006515	0.0	0	0.0	1674.1385136489407	1	0	1	2.678266125963928
257519.90829545935	2000.0	1154.230218189766	0.0	0	0.0	1674.1385136489407	1	0	1	2.678266125963928
258200.0	2000.0	1474.1385136491172	0.0	0	64.77637825888814	1674.1385136489407	1	0	1	2.678266125963928
259200.0	2000.0	1474.1385136491078	0.0	0	382.57209538988536	1674.1385136489407	1	0	1	2.678266125963928
260200.0	2000.0	1474.138513649119	0.0	0	245.63338696144638	1674.1385136489407	1	0	1	2.678266125963928
261200.0	2000.0	1474.1385136491087	0.0	0	239.92949187327758	1674.1385136489407	1	0	1	2.678266125963928
262200.0	3000.0	1474.13851364911	0.0	0	149.415325557522	1674.1385136489698	1	0	1	2.8809986800180076
263200.0	3000.0	1474.1385136491094	0.0	0	129.05553190555656	1674.138513648999	1	0	1	3.286463788126169
264200.0	3000.0	1474.138513649123	0.0	0	420.74171670299256	1674.138513648999	1	0	1	3.286463788126169
265405.8008529357	3000.0	1268.3376607134385	0.0	0	0.0	1674.138513648999	1	0	1	3.286463788126169
266656.43758855807	3000.0	1017.7009250910512	0.0	0	0.0	1674.138513648999	1	0	1	3.286463788126169
267706.9622473097	2000.0	967.1762663394968	0.0	0	0.0	1674.138513648999	1	0	1	2.2728010178557576
269053.1931554652	2000.0	620.9453581840191	0.0	0	0.0	1674.1385136490571	1	0	1	2.67826612596392
269444.72638183803	1000.0	1229.4121318111945	0.0	0	0.0	1674.1385136490571	1	0	1	0.9453981745640535
270389.2525291384	2000.0	1284.8859845107606	0.0	0	0.0	1674.1385136490571	1	0	1	1.985118945403971
271200.0	2000.0	1474.138513649188	0.0	0	318.2611241764389	1674.1385136490571	1	0	1	2.6782661259639164
272200.0	2000.0	1474.1385136491683	0.0	0	420.1651967476937	1674.1385136490571	1	0	1	2.6782661259639164
273200.0	2000.0	1474.1385136491454	0.0	0	228.49789161101216	1674.1385136490571	1	0	1	2.6782661259639164
274200.0	3000.0	1474.138513649171	0.0	0	380.2270826739259	1674.1385136490571	1	0	1	2.8809986800179987
275200.0	3000.0	1474.1385136491888	0.0	0	221.1196341284085	1674.1385136490571	1	0	1	3.2864637881261634
276200.0	3000.0	1474.1385136492024	0.0	0	372.9946611322812	1674.1385136490571	1	0	1	3.2864637881261634
277200.0	3000.0	1474.138513649192	0.0	0	312.7758518247283	1674.1385136490571	1	0	1	3.2864637881261634
278407.59185515105	3000.0	1266.5466584980754	0.0	0	0.0	1674.1385136490571	1	0	1	3.2864637881261634
279759.2318281925	3000.0	914.9066854566364	0.0	0	0.0	1674.1385136490571	1	0	1	3.2864637881261634
280472.8268443351	2000.0	1201.3116693140328	0.0	0	0.0	1674.1385136490571	1	0	1	2.272801017855752
281292.45783292054	3000.0	1381.6806807286778	0.0	0	0.0	1674.1385136490571	1	0	1	2.8809986800179987
282200.0	3000.0	1474.1385136491986	0.0	0	208.7599803498597	1674.1385136491153	1	0	1	3.28646378812616
283200.0	3000.0	1474.1385136491683	0.0	0	325.41571609908715	1674.1385136490571	1	0	1	3.2864637881261634
284245.5159876875	3000.0	1428.6225259616988	0.0	0	0.0	1674.1385136490571	1	0	1	3.2864637881261634
285328.5205472386	3000.0	1345.6179664106166	0.0	0	0.0	1674.1385136490571	1	0	1	3.2864637881261647
286284.4290367494	3000.0	1389.7094768997638	0.0	0	0.0	1674.138513648999	1	0	1	3.286463788126169
287722.7176563253	3000.0	951.4208573238818	0.0	0	0.0	1674.1385136489407	1	0	1	3.286463788126175
288418.265208559	2000.0	1255.8733050901992	0.0	0	0.0	1674.1385136489407	1	0	1	2.2728010178557634
289200.0	3000.0	1474.1385136492268	0.0	0	59.71935559238773	1674.1385136489407	1	0	1	2.8809986800180103
290200.0	3000.0	1474.1385136492302	0.0	0	93.22872810979607	1674.1385136489407	1	0	1	3.286463788126175
291200.0	3000.0	1474.138513649274	0.0	0	265.58823671459686	1674.1385136489407	1	0	1	3.286463788126175
292200.0	3000.0	1474.138513649277	0.0	0	116.84770965576172	1674.1385136489407	1	0	1	3.286463788126175
293258.20505745406	3000.0	1415.9334561952405	0.0	0	0.0	1674.138513648999	1	0	1	3.286463788126172
294329.63383983367	3000.0	1344.5046738156298	0.0	0	0.0	1674.138513648999	1	0	1	3.286463788126169
295200.0	3000.0	1474.1385136493047	0.0	0	2.5550836254260503	1674.138513648999	1	0	1	3.286463788126169
296569.48626549717	3000.0	1104.6522481521956	0.0	0	0.0	1674.138513648999	1	0	1	3.286463788126169
297546.4822323134	2000.0	1127.6562813359233	0.0	0	0.0	1674.1385136489407	1	0	1	2.2728010178557634
298357.0365646876	2000.0	1317.1019489617333	0.0	0	0.0	1674.1385136488825	1	0	1	2.678266125963934
299200.0	2000.0	1474.1385136493416	0.0	0	79.93584689631825	1674.1385136488825	1	0	1	2.678266125963934
300200.0	3000.0	1474.1385136493448	0.0	0	179.25076385645662	1674.1385136489407	1	0	1	2.8809986800180103
3.78	4.97	4.16	2.59	2.29	4.19	3.88	3.22	3.16	2.85	3.34	3.6	2.78	3.83	3.57	3.85	3.46	2.54	3.61	5.76	2.75	2.8	4.01	5.56	4.7	3.12	3.35	3.32	5.32	2.83	3.24	4.76	5.04	3.87	4.96	4.76	3.43	4.49	3.07	3.32	4.47	3.85	3.27	3.7	4.62	2.68	3.54	4.17	2.37	2.83	1.96	2.61	4.18	2.62	3.29	2.49	3.76	3.02	2.36	3.06	2.46	3.03	5.41	5.26	5.24	2.25	3.63	3.04	3.78	2.65	3.72	4.07	6.26	4.65	2.79	3.13	3.01	2.32	3.83	3.68	3.45	2.98	1.98	2.71	2.35	2.27	3.75	3.34	4.66	4.62	4.29	6.31	2.63	2.84	3.6	2.98	3.3	3.31	2.83	2.69	2.37	2.98	1.82	3.1	3.23	3.05	3.5	3.81	3.87	4.24	4.02	2.63	2.58	2.39	1.73	2.25	2.98	5.36	3.29	3.6	3.87	3.68	4.6	3.88	2.27	3.16	3.36	3.6	3.85	3.7	4.1	3.0	2.09	2.95	3.85	4.46	3.39	3.58	3.85	3.14	3.41	3.42	2.49	2.56	3.04	4.19	3.44	3.42	2.59	2.22	3.78	4.97	4.16	2.59	2.29	4.19	3.88	3.22	3.16	2.85	3.34	3.6	2.78	3.83	3.57	3.85	3.46	2.54	3.61	5.76	2.75	2.8	4.01	5.56	4.7	3.12	3.35	3.32	5.32	2.83	3.24	4.76	5.04	3.87	4.96	4.76	3.43	4.49	3.07	3.32	4.47	3.85	3.27	3.7	4.62	2.68	3.54	4.17	2.37	2.83	1.96	2.61	4.18	2.62	3.29	2.49	3.76	3.02	2.36	3.06	2.46	3.03	5.41	5.26	5.24	2.25	3.63	3.04	3.78	2.65	3.72	4.07	6.26	4.65	2.79	3.13	3.01	2.32	3.83	3.68	3.45	2.98	1.98	2.71	2.35	2.27	3.75	3.34	4.66	4.62	4.29	6.31	2.63	2.84	3.6	2.98	3.3	3.31	2.83	2.69	2.37	2.98	1.82	3.1	3.23	3.05	3.5	3.81	3.87	4.24	4.02	2.63	2.58	2.39	1.73	2.25	2.98	5.36	3.29	3.6	3.87	3.68	4.6	3.88	2.27	3.16	3.36	3.6	3.85	3.7	4.1	3.0	2.09	2.95	3.85	4.46	3.39	3.58	3.85	3.14	3.41	3.42	2.49	2.56	3.04	4.19	3.44	3.42
1.0	2.0	3.0	4.0	5.0	6.0	7.0	8.0	9.0	10.0	11.0	12.0	13.0	14.0	15.0	16.0	17.0	18.0	19.0	20.0	21.0	22.0	23.0	24.0	25.0	26.0	27.0	28.0	29.0	30.0	31.0	32.0	33.0	34.0	35.0	36.0	37.0	38.0	39.0	40.0	41.0	42.0	43.0	44.0	45.0	46.0	47.0	48.0	49.0	50.0	51.0	52.0	53.0	54.0	55.0	56.0	57.0	58.0	59.0	60.0	61.0	62.0	63.0	64.0	65.0	66.0	67.0	68.0	69.0	70.0	71.0	72.0	73.0	74.0	75.0	76.0	77.0	78.0	79.0	80.0	81.0	82.0	83.0	84.0	85.0	86.0	87.0	88.0	89.0	90.0	91.0	92.0	93.0	94.0	95.0	96.0	97.0	98.0	99.0	100.0	101.0	102.0	103.0	104.0	105.0	106.0	107.0	108.0	109.0	110.0	111.0	112.0	113.0	114.0	115.0	116.0	117.0	118.0	119.0	120.0	121.0	122.0	123.0	124.0	125.0	126.0	127.0	128.0	129.0	130.0	131.0	132.0	133.0	134.0	135.0	136.0	137.0	138.0	139.0	140.0	141.0	142.0	143.0	144.0	145.0	146.0	147.0	148.0	149.0	149.0	150.0	151.0	152.0	153.0	154.0	155.0	156.0	157.0	158.0	159.0	160.0	161.0	162.0	163.0	164.0	165.0	166.0	167.0	168.0	169.0	170.0	171.0	172.0	173.0	174.0	175.0	176.0	177.0	178.0	179.0	180.0	181.0	182.0	183.0	184.0	185.0	186.0	187.0	188.0	189.0	190.0	191.0	192.0	193.0	194.0	195.0	196.0	197.0	198.0	199.0	200.0	201.0	202.0	203.0	204.0	205.0	206.0	207.0	208.0	209.0	210.0	211.0	212.0	213.0	214.0	215.0	216.0	217.0	218.0	219.0	220.0	221.0	222.0	223.0	224.0	225.0	226.0	227.0	228.0	229.0	230.0	231.0	232.0	233.0	234.0	235.0	236.0	237.0	238.0	239.0	240.0	241.0	242.0	243.0	244.0	245.0	246.0	247.0	248.0	249.0	250.0	251.0	252.0	253.0	254.0	255.0	256.0	257.0	258.0	259.0	260.0	261.0	262.0	263.0	264.0	265.0	266.0	267.0	268.0	269.0	270.0	271.0	272.0	273.0	274.0	275.0	276.0	277.0	278.0	279.0	280.0	281.0	282.0	283.0	284.0	285.0	286.0	287.0	288.0	289.0	290.0	291.0	292.0	293.0	294.0	295.0	296.0	297.0
4792.409651713772
