3782.929668086439	300.0	2000.0	113.78992144619488	0	0.0	3782.929668086439	1	0	1	-1.0591277010115345
4743.931852801019	3000.0	1942.8975968139607	0.0	0	0.0	3686.82944961498	1	0	2	0.3807499863629621
5177.830786737463	3000.0	2465.6087694838716	0.0	0	0.0	3643.439556221336	1	0	2	2.8884225113309094
5920.294122255765	3000.0	2648.899100413738	0.0	0	0.0	3569.193222669504	1	0	2	2.8952061939887166
6647.600734531086	3000.0	2848.8618269108833	0.0	0	0.0	3496.4625614419715	1	0	2	2.902133159959325
8110.289607593678	6000.0	2239.904066542031	0.0	0	0.0	3350.193674135712	1	0	2	3.261741307327873
8901.877284015653	3000.0	2369.15762247786	0.0	0	0.0	3271.0349064935162	1	0	2	2.2316966229453943
9691.205739173794	3000.0	2500.8963218039057	0.0	0	0.0	3192.1020609777033	1	0	2	2.932942336857964
10295.677231520689	3000.0	2835.977680222321	0.0	0	0.0	3131.654911743013	1	0	2	2.9391991839520433
11200.0	3000.0	2841.22263489508	0.0	0	247.46002356393	3041.2226348950826	1	0	2	2.9463845690797044
12345.413362525976	3000.0	2581.2679361165065	0.0	0	0.0	2926.6812986424866	1	0	2	2.9581981259824683
13200.0	2000.0	2641.2226348950817	0.0	0	350.6598868027013	2841.2226348950862	1	0	2	1.9526375407692989
14200.0	3000.0	2541.2226348950803	0.0	0	334.8890832460256	2741.2226348950844	1	0	2	2.570570921680355
15200.0	3000.0	2441.222634895081	0.0	0	248.4201815585293	2641.2226348950844	1	0	2	2.9864422238292816
16200.0	3000.0	2341.2226348950812	0.0	0	511.7069793076298	2541.222634895088	1	0	2	2.995926086962783
17200.0	3000.0	2241.2226348950803	0.0	0	442.4246113230656	2441.222634895088	1	0	2	3.0059105535200326
18922.56482023369	6000.0	1346.401332638017	0.0	0	0.0	2268.966152871715	1	0	2	3.368347849266302
19816.13184250226	3000.0	1363.4776081425853	0.0	0	0.0	2179.60945064485	1	0	2	2.3408472412048456
20200.0	2000.0	1941.2226348950699	0.0	0	51.098458590382506	2141.2226348950753	1	0	2	2.0248373530685506
21277.839015805803	6000.0	1755.5997175086923	0.0	0	0.0	2033.4387333144987	1	0	2	2.9885522192049363
22200.0	3000.0	1741.2226348950765	0.0	0	140.8840680743815	1941.2226348950826	1	0	2	2.363549708696101
23200.0	2000.0	1641.222634895081	0.0	0	547.5285736606929	1841.2226348950862	1	0	2	2.0521831627453224
24200.0	3000.0	1541.2226348950794	0.0	0	302.22027067829913	1741.2226348950862	1	0	2	2.670491912463339
25200.0	3000.0	1441.2226348950828	0.0	0	381.6945386649968	1641.2226348950899	1	0	2	3.0860481727975033
26200.0	3000.0	1441.2226348950844	0.0	0	617.4752821020593	1641.2226348950899	1	0	1	3.08975537600156
27200.0	3000.0	1441.222634895085	0.0	0	239.76467781865722	1641.2226348950899	1	0	1	3.28975537600156
28200.0	3000.0	1441.222634895083	0.0	0	330.30341674117153	1641.2226348950862	1	0	1	3.289755376001561
29200.0	3000.0	1441.2226348950808	0.0	0	229.80308777032405	1641.2226348950862	1	0	1	3.289755376001561
30535.516375968393	3000.0	1105.7062589266893	0.0	0	0.0	1641.2226348950862	1	0	1	3.289755376001561
31480.818194550095	3000.0	1160.4044403449861	0.0	0	0.0	1641.2226348950862	1	0	1	3.289755376001561
32229.26804703065	3000.0	1411.9545878644303	0.0	0	0.0	1641.2226348950862	1	0	1	3.289755376001561
33200.0	3000.0	1441.2226348950803	0.0	0	309.122639393594	1641.2226348950862	1	0	1	3.289755376001561
34200.0	3000.0	1441.2226348950799	0.0	0	189.92444217768934	1641.2226348950826	1	0	1	3.289755376001561
35200.0	3000.0	1441.2226348950858	0.0	0	302.3671935459861	1641.222634895079	1	0	1	3.2897553760015614
36200.0	3000.0	1441.2226348950833	0.0	0	384.2253153177953	1641.2226348950717	1	0	1	3.289755376001562
37200.0	2000.0	1441.2226348950871	0.0	0	573.5941763823721	1641.2226348950717	1	0	1	2.2760926057311504
38200.0	3000.0	1441.2226348950835	0.0	0	262.0952071386928	1641.2226348950644	1	0	1	2.884290267893398
39200.0	3000.0	1441.222634895083	0.0	0	326.6120910684331	1641.2226348950644	1	0	1	3.2897553760015628
40200.0	3000.0	1441.2226348950744	0.0	0	434.94325611778186	1641.2226348950644	1	0	1	3.2897553760015628
41200.0	3000.0	1441.2226348950708	0.0	0	90.85479708453204	1641.2226348950644	1	0	1	3.2897553760015628
42255.48732400354	3000.0	1385.735310891526	0.0	0	0.0	1641.2226348950644	1	0	1	3.2897553760015628
43228.54695521573	3000.0	1412.6756796793352	0.0	0	0.0	1641.2226348950717	1	0	1	3.289755376001562
44358.52762381951	3000.0	1282.6950110755627	0.0	0	0.0	1641.2226348950644	1	0	1	3.2897553760015628
45674.310122513045	3000.0	966.9125123820255	0.0	0	0.0	1641.2226348950644	1	0	1	3.2897553760015628
46200.0	2000.0	1441.222634895073	0.0	0	42.74109820286685	1641.2226348950644	1	0	1	2.276092605731151
47200.0	3000.0	1441.2226348950765	0.0	0	284.04744888155255	1641.2226348950717	1	0	1	2.8842902678933973
48710.9497698085	3000.0	930.2728650865615	0.0	0	0.0	1641.2226348950717	1	0	1	3.289755376001562
49282.66005944439	2000.0	1358.562575450671	0.0	0	0.0	1641.2226348950717	1	0	1	2.2760926057311504
50200.0	3000.0	1441.222634895065	0.0	0	217.27428607396723	1641.222634895079	1	0	1	2.884290267893397
51200.0	3000.0	1441.2226348950678	0.0	0	267.6882762380774	1641.222634895079	1	0	1	3.2897553760015614
52200.0	3000.0	1441.2226348950655	0.0	0	444.43275033443933	1641.2226348950862	1	0	1	3.289755376001561
53200.0	3000.0	1441.222634895074	0.0	0	167.99475728629477	1641.2226348950862	1	0	1	3.289755376001561
54200.0	3000.0	1441.2226348950862	0.0	0	71.23779320649919	1641.2226348950935	1	0	1	3.2897553760015597
55200.0	3000.0	1441.222634895077	0.0	0	277.4741689618895	1641.2226348950935	1	0	1	3.2897553760015597
56200.0	3000.0	1441.222634895079	0.0	0	207.78720490203705	1641.2226348950862	1	0	1	3.289755376001561
57200.0	3000.0	1441.2226348950726	0.0	0	220.80244540337299	1641.2226348950862	1	0	1	3.289755376001561
58200.0	3000.0	1441.2226348950694	0.0	0	188.5142972829999	1641.2226348950862	1	0	1	3.289755376001561
59200.0	3000.0	1441.2226348950717	0.0	0	316.73312641657685	1641.2226348950862	1	0	1	3.289755376001561
60200.0	3000.0	1441.2226348950694	0.0	0	214.58202372471715	1641.222634895079	1	0	1	3.2897553760015614
61200.0	3000.0	1441.22263489506	0.0	0	410.27960972594155	1641.222634895079	1	0	1	3.2897553760015614
62200.0	3000.0	1441.2226348950549	0.0	0	447.050774001902	1641.222634895079	1	0	1	3.2897553760015614
63374.02421761586	3000.0	1267.1984172792006	0.0	0	0.0	1641.222634895079	1	0	1	3.2897553760015614
64317.77633586415	3000.0	1323.4462990309091	0.0	0	0.0	1641.222634895079	1	0	1	3.2897553760015614
65345.17598493316	3000.0	1296.0466499619017	0.0	0	0.0	1641.222634895079	1	0	1	3.2897553760015614
66403.74130552741	3000.0	1237.4813293676648	0.0	0	0.0	1641.2226348950935	1	0	1	3.2897553760015605
67310.59528874225	3000.0	1330.6273461528197	0.0	0	0.0	1641.222634895079	1	0	1	3.2897553760015614
68200.0	3000.0	1441.2226348950617	0.0	0	9.1071306259837	1641.222634895079	1	0	1	3.2897553760015614
69200.0	3000.0	1441.222634895062	0.0	0	82.17692288203398	1641.222634895079	1	0	1	3.2897553760015614
70200.0	3000.0	1441.222634895058	0.0	0	232.58053804979136	1641.2226348950644	1	0	1	3.2897553760015628
71200.0	3000.0	1441.2226348950471	0.0	0	282.42235992000496	1641.2226348950644	1	0	1	3.2897553760015628
72271.12837993591	3000.0	1370.0942549591234	0.0	0	0.0	1641.2226348950644	1	0	1	3.2897553760015628
73200.0	3000.0	1441.2226348950314	0.0	0	366.06543308387336	1641.2226348950644	1	0	1	3.2897553760015628
74200.0	3000.0	1441.2226348950371	0.0	0	360.24786996906914	1641.2226348950644	1	0	1	3.2897553760015628
75200.0	3000.0	1441.222634895033	0.0	0	259.8329009558511	1641.2226348950644	1	0	1	3.2897553760015628
76200.0	3000.0	1441.2226348950358	0.0	0	361.4397374935943	1641.2226348950644	1	0	1	3.2897553760015628
77200.0	3000.0	1441.222634895032	0.0	0	397.40127917668724	1641.2226348950644	1	0	1	3.2897553760015628
78200.0	3000.0	1441.2226348950392	0.0	0	273.74192078071064	1641.2226348950644	1	0	1	3.2897553760015628
79200.0	3000.0	1441.2226348950232	0.0	0	175.34063429945672	1641.2226348950644	1	0	1	3.2897553760015628
80200.0	3000.0	1441.2226348950235	0.0	0	86.71175597043475	1641.2226348950644	1	0	1	3.2897553760015628
81200.0	3000.0	1441.2226348950305	0.0	0	296.89553413624526	1641.2226348950644	1	0	1	3.2897553760015628
82200.0	3000.0	1441.2226348950471	0.0	0	375.03714636774384	1641.2226348950644	1	0	1	3.2897553760015628
83200.0	3000.0	1441.2226348950487	0.0	0	445.38400435792573	1641.2226348950499	1	0	1	3.289755376001564
84200.0	3000.0	1441.2226348950633	0.0	0	0.544544654461788	1641.2226348950499	1	0	1	3.289755376001564
85264.61762309753	3000.0	1376.6050117975287	0.0	0	0.0	1641.2226348950353	1	0	1	3.289755376001566
86200.0	3000.0	1441.2226348950683	0.0	0	222.05122135534475	1641.2226348950353	1	0	1	3.289755376001566
87200.0	3000.0	1441.2226348950678	0.0	0	78.94926726105041	1641.2226348950353	1	0	1	3.289755376001566
88200.0	3000.0	1441.2226348950624	0.0	0	346.1775108164438	1641.2226348950353	1	0	1	3.289755376001566
89200.0	3000.0	1441.2226348950587	0.0	0	143.04657799747656	1641.2226348950353	1	0	1	3.289755376001566
90236.94828439683	3000.0	1404.2743504982227	0.0	0	0.0	1641.2226348950353	1	0	1	3.289755376001566
91200.0	3000.0	1441.2226348950624	0.0	0	269.11150653930963	1641.2226348950499	1	0	1	3.289755376001564
92200.0	3000.0	1441.2226348950612	0.0	0	284.7659120053431	1641.2226348950353	1	0	1	3.289755376001566
93200.0	3000.0	1441.2226348950776	0.0	0	244.379592518555	1641.2226348950353	1	0	1	3.289755376001566
94200.0	3000.0	1441.2226348950724	0.0	0	151.55520254507428	1641.2226348950353	1	0	1	3.289755376001566
95200.0	3000.0	1441.2226348950585	0.0	0	320.67152831067506	1641.2226348950353	1	0	1	3.289755376001566
96200.0	3000.0	1441.2226348950612	0.0	0	377.04061582188297	1641.2226348950353	1	0	1	3.289755376001566
97200.0	3000.0	1441.2226348950721	0.0	0	347.81145896691305	1641.2226348950499	1	0	1	3.289755376001564
98249.63050036022	3000.0	1391.592134534858	0.0	0	0.0	1641.2226348950353	1	0	1	3.289755376001566
99266.72612289415	3000.0	1374.4965120009354	0.0	0	0.0	1641.2226348950353	1	0	1	3.289755376001566
100200.0	3000.0	1441.2226348950824	0.0	0	302.36298479027755	1641.2226348950353	1	0	1	3.289755376001566
101200.0	3000.0	1441.2226348950771	0.0	0	236.62851735419827	1641.2226348950353	1	0	1	3.289755376001566
102200.0	3000.0	1441.2226348950771	0.0	0	88.59207206760766	1641.2226348950207	1	0	1	3.2897553760015668
103200.0	3000.0	1441.222634895077	0.0	0	188.60139334882842	1641.2226348950207	1	0	1	3.2897553760015668
104200.0	3000.0	1441.222634895079	0.0	0	162.4763946609164	1641.2226348950207	1	0	1	3.2897553760015668
105200.0	3000.0	1441.2226348950767	0.0	0	375.75831415435823	1641.2226348950207	1	0	1	3.2897553760015668
106200.0	3000.0	1441.2226348950746	0.0	0	79.62259521131637	1641.2226348950207	1	0	1	3.2897553760015668
107200.0	3000.0	1441.2226348950578	0.0	0	267.6585666443134	1641.2226348950062	1	0	1	3.2897553760015685
108203.09736314256	3000.0	1438.125271752495	0.0	0	0.0	1641.2226348950062	1	0	1	3.2897553760015685
109200.0	3000.0	1441.2226348950505	0.0	0	75.46813717627083	1641.2226348949916	1	0	1	3.2897553760015703
110200.0	3000.0	1441.2226348950521	0.0	0	97.85209986013069	1641.2226348949916	1	0	1	3.2897553760015703
111200.0	3000.0	1441.2226348950483	0.0	0	539.0792033296893	1641.2226348949916	1	0	1	3.2897553760015703
112200.0	3000.0	1441.2226348950362	0.0	0	491.6852488288423	1641.2226348949916	1	0	1	3.2897553760015703
113200.0	3000.0	1441.2226348950633	0.0	0	414.29737914427824	1641.2226348949916	1	0	1	3.2897553760015703
114200.0	3000.0	1441.2226348950564	0.0	0	444.7823397740867	1641.222634894977	1	0	1	3.289755376001571
116384.58443569469	6000.0	256.6381992003843	0.0	0	0.0	1641.2226348949916	1	0	1	3.6363289662815426
116641.50860539419	1000.0	999.7140295008772	0.0	0	0.0	1641.2226348949916	1	0	1	-0.14992252622864966
117444.195987275	3000.0	1197.0266476200845	0.0	0	0.0	1641.2226348950062	1	0	1	2.191143087333459
118495.81580387532	3000.0	1145.4068310197545	0.0	0	0.0	1641.2226348950062	1	0	1	3.2897553760015685
119234.93120857433	3000.0	1406.29142632075	0.0	0	0.0	1641.2226348950062	1	0	1	3.2897553760015685
120200.0	3000.0	1441.2226348950692	0.0	0	370.71216800851107	1641.2226348950062	1	0	1	3.2897553760015685
121200.0	3000.0	1441.2226348950655	0.0	0	127.91254946426488	1641.2226348950062	1	0	1	3.2897553760015685
122200.0	3000.0	1441.2226348950749	0.0	0	521.1689847246453	1641.2226348950062	1	0	1	3.2897553760015685
123200.0	3000.0	1441.2226348950546	0.0	0	268.2476710730407	1641.2226348950062	1	0	1	3.2897553760015685
124346.06618315825	3000.0	1295.1564517368047	0.0	0	0.0	1641.2226348950062	1	0	1	3.2897553760015685
125734.69074804112	3000.0	906.5318868539596	0.0	0	0.0	1641.2226348950207	1	0	1	3.2897553760015668
126378.16235322086	2000.0	1263.060281674214	0.0	0	0.0	1641.2226348950207	1	0	1	2.2760926057311552
127765.58939301549	3000.0	875.6332418795803	0.0	0	0.0	1641.2226348950207	1	0	1	2.884290267893402
128339.31489046321	2000.0	1301.907744431843	0.0	0	0.0	1641.2226348950207	1	0	1	2.2760926057311552
129265.12397356571	3000.0	1376.0986613293294	0.0	0	0.0	1641.2226348950207	1	0	1	2.884290267893402
130228.79617763511	3000.0	1412.426457259953	0.0	0	0.0	1641.2226348950207	1	0	1	3.2897553760015668
131200.0	3000.0	1441.2226348950844	0.0	0	131.40123029660026	1641.2226348950207	1	0	1	3.2897553760015668
132200.0	3000.0	1441.2226348950949	0.0	0	444.41142398733064	1641.2226348950353	1	0	1	3.289755376001565
133200.0	3000.0	1441.2226348950994	0.0	0	557.7009370683227	1641.2226348950353	1	0	1	3.289755376001566
134200.0	3000.0	1441.2226348951085	0.0	0	211.8062548158632	1641.2226348950353	1	0	1	3.289755376001566
135200.0	3000.0	1441.2226348950821	0.0	0	488.8428120742901	1641.2226348950353	1	0	1	3.289755376001566
136200.0	3000.0	1441.2226348951049	0.0	0	490.5158833369205	1641.2226348950353	1	0	1	3.289755376001566
137200.0	3000.0	1441.2226348950926	0.0	0	209.6034424987738	1641.2226348950353	1	0	1	3.289755376001566
138200.0	3000.0	1441.222634895102	0.0	0	151.66126599741983	1641.2226348950353	1	0	1	3.289755376001566
139200.0	3000.0	1441.222634895068	0.0	0	235.10063674041885	1641.2226348950353	1	0	1	3.289755376001566
140200.0	3000.0	1441.2226348950826	0.0	0	189.00079188070958	1641.2226348950353	1	0	1	3.289755376001566
141413.68796912156	3000.0	1227.534665773526	0.0	0	0.0	1641.2226348950644	1	0	1	3.2897553760015628
142200.0	3000.0	1441.2226348950962	0.0	0	72.9654087429808	1641.2226348950644	1	0	1	3.2897553760015628
143200.0	3000.0	1441.2226348950799	0.0	0	201.90671149574337	1641.2226348950644	1	0	1	3.2897553760015628
144200.0	3000.0	1441.222634895086	0.0	0	444.1181158143445	1641.2226348950644	1	0	1	3.2897553760015628
145200.0	3000.0	1441.222634895068	0.0	0	213.8889351381804	1641.2226348950353	1	0	1	3.289755376001566
146200.0	3000.0	1441.22263489505	0.0	0	311.06343391002156	1641.2226348950353	1	0	1	3.289755376001566
147200.0	3000.0	1441.2226348950621	0.0	0	258.2254477842944	1641.2226348950353	1	0	1	3.289755376001566
148200.0	2000.0	1441.2226348950621	0.0	0	340.02833041685517	1641.2226348950353	1	0	1	2.2760926057311544
149211.60040607885	3000.0	1429.6222288162019	0.0	0	0.0	1641.2226348950353	1	0	1	2.8842902678934013
150200.0	3000.0	1441.2226348950494	0.0	0	411.7271085215616	1641.2226348950353	1	0	1	3.289755376001566
151200.0	3000.0	1441.2226348950212	0.0	0	188.19207837726572	1641.2226348950353	1	0	1	3.289755376001566
152200.0	3000.0	1441.2226348950526	0.0	0	432.8094448936172	1641.2226348950644	1	0	1	3.2897553760015628
153243.30496515214	3000.0	1397.917669742893	0.0	0	0.0	1641.2226348950644	1	0	1	3.2897553760015628
154200.0	3000.0	1441.222634895034	0.0	0	360.9971574996889	1641.2226348950644	1	0	1	3.2897553760015628
155200.0	3000.0	1441.2226348950278	0.0	0	475.6959844864032	1641.2226348950644	1	0	1	3.2897553760015628
156200.0	3000.0	1441.2226348950162	0.0	0	163.47863004065584	1641.2226348950935	1	0	1	3.2897553760015605
157200.0	3000.0	1441.222634895001	0.0	0	195.51562369943713	1641.2226348951226	1	0	1	3.289755376001557
158420.39851414665	3000.0	1220.8241207483316	0.0	0	0.0	1641.2226348951517	1	0	1	3.289755376001554
159200.0	3000.0	1441.2226348949685	0.0	0	28.071552599896677	1641.2226348951517	1	0	1	3.289755376001554
160200.0	3000.0	1441.2226348949914	0.0	0	240.68128572462592	1641.2226348951808	1	0	1	3.289755376001551
161200.0	3000.0	1441.2226348949655	0.0	0	298.42969760420965	1641.2226348951517	1	0	1	3.289755376001554
162200.0	3000.0	1441.222634894975	0.0	0	61.97032791899983	1641.2226348951808	1	0	1	3.289755376001551
163200.0	3000.0	1441.222634894971	0.0	0	38.64730385647272	1641.2226348951808	1	0	1	3.289755376001551
164200.0	3000.0	1441.2226348949675	0.0	0	248.1880352255248	1641.2226348951517	1	0	1	3.289755376001554
165200.0	3000.0	1441.2226348949594	0.0	0	455.6265670309367	1641.2226348951517	1	0	1	3.2897553760015548
166200.0	3000.0	1441.2226348949212	0.0	0	517.8102420105424	1641.2226348951517	1	0	1	3.289755376001554
167200.0	2000.0	1441.2226348949282	0.0	0	487.3112689986883	1641.2226348951517	1	0	1	2.2760926057311424
168200.0	2000.0	1441.2226348949282	0.0	0	291.2559207669401	1641.2226348951808	1	0	1	2.6815577138393043
169200.0	3000.0	1441.2226348949052	0.0	0	252.01931281597354	1641.2226348951808	1	0	1	2.8842902678933866
170200.0	2000.0	1441.222634894951	0.0	0	539.8100694477034	1641.22263489521	1	0	1	2.2760926057311366
171200.0	3000.0	1441.2226348949443	0.0	0	198.15082400347455	1641.2226348951808	1	0	1	2.8842902678933866
172200.0	3000.0	1441.2226348949603	0.0	0	437.77477666924824	1641.2226348951808	1	0	1	3.289755376001551
173200.0	3000.0	1441.2226348949644	0.0	0	602.983888745046	1641.2226348951808	1	0	1	3.289755376001551
174200.0	3000.0	1441.222634894978	0.0	0	466.56561070741736	1641.22263489521	1	0	1	3.289755376001548
175200.0	3000.0	1441.222634894975	0.0	0	528.5533021949232	1641.22263489521	1	0	1	3.289755376001548
176288.8046145874	6000.0	1352.418020307578	0.0	0	0.0	1641.22263489521	1	0	1	3.6363289662815204
177200.0	3000.0	1441.2226348950019	0.0	0	292.4009705626522	1641.22263489521	1	0	1	2.596608195441603
178200.0	3000.0	1441.2226348950203	0.0	0	338.799712854292	1641.22263489521	1	0	1	3.289755376001548
179217.64752252767	3000.0	1423.5751123673645	0.0	0	0.0	1641.22263489521	1	0	1	3.289755376001548
180200.0	3000.0	1441.222634895049	0.0	0	186.98227256699465	1641.22263489521	1	0	1	3.289755376001548
181200.0	3000.0	1441.2226348950321	0.0	0	79.94177596949157	1641.22263489521	1	0	1	3.289755376001548
182204.76915514847	3000.0	1436.4534797465385	0.0	0	0.0	1641.22263489521	1	0	1	3.289755376001548
183200.0	3000.0	1441.2226348949946	0.0	0	443.0345160040888	1641.22263489521	1	0	1	3.289755376001548
184200.0	3000.0	1441.2226348949748	0.0	0	534.8537441747903	1641.22263489521	1	0	1	3.289755376001548
185200.0	3000.0	1441.2226348949512	0.0	0	567.7185003300256	1641.2226348951808	1	0	1	3.289755376001551
186200.0	3000.0	1441.2226348949607	0.0	0	261.2217218755395	1641.2226348951808	1	0	1	3.289755376001551
187200.0	3000.0	1441.2226348949584	0.0	0	140.51805567770498	1641.2226348951808	1	0	1	3.289755376001551
188200.0	3000.0	1441.2226348949907	0.0	0	391.58924871566705	1641.2226348951808	1	0	1	3.289755376001551
189200.0	3000.0	1441.2226348949903	0.0	0	429.16816523947637	1641.2226348951808	1	0	1	3.289755376001551
190299.91839118622	3000.0	1341.3042437087383	0.0	0	0.0	1641.2226348951808	1	0	1	3.289755376001551
191200.0	3000.0	1441.2226348949569	0.0	0	99.64340345718665	1641.2226348951808	1	0	1	3.289755376001551
192200.0	3000.0	1441.222634894973	0.0	0	298.6199319316074	1641.2226348951808	1	0	1	3.289755376001551
193238.96404551176	3000.0	1402.2585893831954	0.0	0	0.0	1641.22263489521	1	0	1	3.289755376001548
194360.18426484542	3000.0	1281.0383700495386	0.0	0	0.0	1641.222634895239	1	0	1	3.289755376001545
195200.0	2000.0	1441.2226348949819	0.0	0	413.62057668116177	1641.22263489521	1	0	1	2.2760926057311366
196200.0	3000.0	1441.2226348949764	0.0	0	281.31102859968087	1641.22263489521	1	0	1	2.8842902678933835
197379.77674246734	3000.0	1261.4458924276275	0.0	0	0.0	1641.22263489521	1	0	1	3.289755376001548
198489.87259354716	3000.0	1151.3500413478068	0.0	0	0.0	1641.2226348951808	1	0	1	3.289755376001551
199566.55722455715	3000.0	1074.6654103377755	0.0	0	0.0	1641.2226348951808	1	0	1	3.289755376001551
200619.77897822537	3000.0	1021.4436566695498	0.0	0	0.0	1641.22263489521	1	0	1	3.2897553760015508
201200.0	2000.0	1441.2226348949098	0.0	0	117.4084101190092	1641.22263489521	1	0	1	2.2760926057311366
202200.0	3000.0	1441.22263489491	0.0	0	505.9317612166924	1641.22263489521	1	0	1	2.8842902678933835
203200.0	3000.0	1441.2226348949334	0.0	0	331.19375465856865	1641.22263489521	1	0	1	3.289755376001548
204200.0	3000.0	1441.2226348949357	0.0	0	283.70239575143205	1641.222634895239	1	0	1	3.289755376001545
205200.0	3000.0	1441.2226348949707	0.0	0	135.33670200352208	1641.2226348952681	1	0	1	3.2897553760015423
206200.8861145615	3000.0	1440.3365203334884	0.0	0	0.0	1641.2226348952681	1	0	1	3.2897553760015423
207200.0	3000.0	1441.222634894983	0.0	0	433.48565779061755	1641.2226348952681	1	0	1	3.2897553760015423
208200.0	3000.0	1441.2226348949794	0.0	0	263.1928949416324	1641.2226348952972	1	0	1	3.2897553760015397
209200.0	3000.0	1441.222634894982	0.0	0	299.1783867663471	1641.2226348952972	1	0	1	3.2897553760015397
210200.0	3000.0	1441.2226348949619	0.0	0	54.47988979535876	1641.2226348952972	1	0	1	3.2897553760015397
211200.0	3000.0	1441.2226348949837	0.0	0	376.0511398492963	1641.2226348953263	1	0	1	3.289755376001536
212200.0	3000.0	1441.2226348949912	0.0	0	193.51222874043742	1641.2226348953263	1	0	1	3.289755376001536
213200.0	3000.0	1441.2226348949964	0.0	0	11.122767057706369	1641.2226348953263	1	0	1	3.289755376001536
214229.96509202113	3000.0	1411.257542873868	0.0	0	0.0	1641.2226348952972	1	0	1	3.2897553760015397
215200.0	3000.0	1441.2226348950185	0.0	0	26.872695485886652	1641.2226348952681	1	0	1	3.2897553760015423
216200.0	3000.0	1441.2226348950444	0.0	0	234.6184769148822	1641.2226348952681	1	0	1	3.2897553760015423
217358.24983141056	3000.0	1282.972803484464	0.0	0	0.0	1641.2226348952681	1	0	1	3.2897553760015423
218200.0	3000.0	1441.222634895018	0.0	0	9.388994860928506	1641.222634895239	1	0	1	3.289755376001545
219229.623781251	3000.0	1411.5988536439925	0.0	0	0.0	1641.222634895239	1	0	1	3.289755376001545
220200.0	3000.0	1441.2226348949732	0.0	0	122.49095730492263	1641.22263489521	1	0	1	3.289755376001548
221200.0	3000.0	1441.2226348949623	0.0	0	93.82472353836056	1641.22263489521	1	0	1	3.289755376001548
222200.0	3000.0	1441.222634894961	0.0	0	222.94115480271284	1641.22263489521	1	0	1	3.289755376001548
223200.0	3000.0	1441.2226348949494	0.0	0	446.3845533200365	1641.22263489521	1	0	1	3.289755376001548
224200.0	3000.0	1441.222634894916	0.0	0	221.91247732925694	1641.22263489521	1	0	1	3.289755376001548
225200.0	3000.0	1441.2226348949284	0.0	0	299.0807766947255	1641.22263489521	1	0	1	3.289755376001548
226200.0	3000.0	1441.22263489491	0.0	0	69.86287932685809	1641.222634895239	1	0	1	3.289755376001545
227200.0	3000.0	1441.222634894912	0.0	0	262.8723572655872	1641.22263489521	1	0	1	3.289755376001548
228347.04206332663	3000.0	1294.1805715683076	0.0	0	0.0	1641.222634895239	1	0	1	3.289755376001545
229200.0	3000.0	1441.2226348949114	0.0	0	175.96302878376446	1641.22263489521	1	0	1	3.289755376001548
230200.0	3000.0	1441.2226348949137	0.0	0	273.4371632204857	1641.222634895239	1	0	1	3.289755376001545
231200.0	3000.0	1441.2226348949441	0.0	0	382.2343890746997	1641.222634895239	1	0	1	3.289755376001545
232200.0	3000.0	1441.2226348949544	0.0	0	518.3346633383189	1641.222634895239	1	0	1	3.289755376001545
233200.0	3000.0	1441.2226348949616	0.0	0	275.9742014281219	1641.222634895239	1	0	1	3.289755376001545
234200.0	2000.0	1441.2226348949487	0.0	0	443.2264516153082	1641.222634895239	1	0	1	2.2760926057311335
235200.0	3000.0	1441.2226348949673	0.0	0	26.03143866956816	1641.222634895239	1	0	1	2.8842902678933804
236200.0	3000.0	1441.2226348949757	0.0	0	225.63672931908513	1641.222634895239	1	0	1	3.289755376001545
237200.0	3000.0	1441.2226348949634	0.0	0	10.432050380681176	1641.222634895239	1	0	1	3.289755376001545
238200.0	3000.0	1441.2226348949732	0.0	0	151.08657957607647	1641.222634895239	1	0	1	3.289755376001545
239200.0	3000.0	1441.2226348949523	0.0	0	200.25829763012007	1641.222634895239	1	0	1	3.289755376001545
240200.0	3000.0	1441.2226348949173	0.0	0	367.9731365859625	1641.222634895239	1	0	1	3.289755376001545
241200.0	3000.0	1441.2226348948993	0.0	0	522.7630472146266	1641.222634895239	1	0	1	3.289755376001545
242200.0	3000.0	1441.2226348949148	0.0	0	438.59230555052636	1641.222634895239	1	0	1	3.289755376001545
243200.0	3000.0	1441.2226348948998	0.0	0	108.1759475301078	1641.22263489521	1	0	1	3.289755376001548
244200.0	3000.0	1441.2226348949162	0.0	0	368.8088047103083	1641.22263489521	1	0	1	3.289755376001548
245200.0	3000.0	1441.2226348949155	0.0	0	315.07418585414416	1641.222634895239	1	0	1	3.289755376001545
246200.0	3000.0	1441.2226348949212	0.0	0	99.09579708028468	1641.22263489521	1	0	1	3.289755376001548
247531.82358365314	3000.0	1109.39905124179	0.0	0	0.0	1641.22263489521	1	0	1	3.289755376001548
248225.32458486443	3000.0	1415.8980500305067	0.0	0	0.0	1641.22263489521	1	0	1	3.289755376001548
249200.0	3000.0	1441.2226348949305	0.0	0	216.09622627403587	1641.222634895239	1	0	1	3.289755376001545
250200.0	3000.0	1441.2226348949553	0.0	0	364.8987820564362	1641.222634895239	1	0	1	3.289755376001545
251200.0	3000.0	1441.2226348949641	0.0	0	359.7467175483762	1641.2226348952972	1	0	1	3.28975537600154
252200.0	3000.0	1441.2226348949735	0.0	0	206.1338187191286	1641.2226348953263	1	0	1	3.289755376001536
253200.0	3000.0	1441.2226348949534	0.0	0	300.79432619852014	1641.2226348952972	1	0	1	3.2897553760015397
254207.85215308695	3000.0	1433.3704818080025	0.0	0	0.0	1641.2226348953263	1	0	1	3.289755376001536
255200.0	3000.0	1441.2226348949405	0.0	0	191.23693864938105	1641.2226348953263	1	0	1	3.289755376001536
256306.56079024918	3000.0	1334.6618446457926	0.0	0	0.0	1641.2226348953554	1	0	1	3.2897553760015334
257200.0	3000.0	1441.222634895006	0.0	0	145.36668312657275	1641.2226348953845	1	0	1	3.289755376001531
258586.73866720204	3000.0	1054.483967692978	0.0	0	0.0	1641.2226348953845	1	0	1	3.289755376001531
259242.0749207775	3000.0	1399.147714117483	0.0	0	0.0	1641.2226348953845	1	0	1	3.289755376001531
260200.0	3000.0	1441.2226348949955	0.0	0	376.5953671360039	1641.2226348953845	1	0	1	3.289755376001531
261200.0	3000.0	1441.22263489498	0.0	0	480.3877092777693	1641.2226348953845	1	0	1	3.289755376001531
262200.0	3000.0	1441.2226348949441	0.0	0	596.624127932213	1641.2226348953845	1	0	1	3.289755376001531
263200.0	2000.0	1441.2226348949866	0.0	0	606.7753675717395	1641.2226348954428	1	0	1	2.276092605731116
264247.406296747	6000.0	1393.816338148032	0.0	0	0.0	1641.2226348954719	1	0	1	3.2308638581733313
265202.3668080143	3000.0	1438.8558268807255	0.0	0	0.0	1641.2226348954719	1	0	1	2.596608195441577
266200.0	3000.0	1441.2226348950437	0.0	0	102.4300548742176	1641.2226348954719	1	0	1	3.289755376001522
267200.0	3000.0	1441.2226348950678	0.0	0	461.5932305471506	1641.2226348954719	1	0	1	3.289755376001522
268200.0	3000.0	1441.2226348950671	0.0	0	96.36372460908024	1641.22263489553	1	0	1	3.2897553760015166
269200.0	3000.0	1441.2226348950908	0.0	0	98.95134825858986	1641.22263489553	1	0	1	3.2897553760015166
270200.0	3000.0	1441.2226348951046	0.0	0	126.98310289415531	1641.22263489553	1	0	1	3.2897553760015166
271200.0	3000.0	1441.2226348950717	0.0	0	243.4185126136872	1641.2226348954719	1	0	1	3.289755376001522
272200.0	3000.0	1441.2226348950728	0.0	0	109.81306063261582	1641.2226348954719	1	0	1	3.289755376001522
273294.4521161347	3000.0	1346.7705187603915	0.0	0	0.0	1641.2226348954719	1	0	1	3.289755376001522
274463.06442790944	3000.0	1178.1582069856688	0.0	0	0.0	1641.22263489553	1	0	1	3.2897553760015166
275508.0881503518	3000.0	1133.1344845432727	0.0	0	0.0	1641.2226348954719	1	0	1	3.289755376001522
276433.40463157656	2000.0	1207.818003318481	0.0	0	0.0	1641.2226348954719	1	0	1	2.2760926057311104
277200.0	2000.0	1441.222634895031	0.0	0	335.5930746702943	1641.2226348954719	1	0	1	2.681557713839275
278200.0	2000.0	1441.2226348950499	0.0	0	338.3810233527329	1641.22263489553	1	0	1	2.681557713839269
279200.0	2000.0	1441.222634895057	0.0	0	342.2552053516847	1641.22263489553	1	0	1	2.681557713839269
280200.0	3000.0	1441.2226348950608	0.0	0	337.5891956979758	1641.22263489553	1	0	1	2.884290267893352
281200.0	3000.0	1441.222634895069	0.0	0	371.1826219591312	1641.22263489553	1	0	1	3.2897553760015166
282200.0	3000.0	1441.2226348950662	0.0	0	385.75079433905194	1641.22263489553	1	0	1	3.2897553760015166
283200.0	3000.0	1441.2226348950662	0.0	0	447.8679371551261	1641.22263489553	1	0	1	3.2897553760015166
284200.0	3000.0	1441.222634895103	0.0	0	468.56988204142544	1641.22263489553	1	0	1	3.2897553760015166
285200.0	3000.0	1441.2226348951267	0.0	0	379.3722724192776	1641.2226348954719	1	0	1	3.289755376001522
286200.0	3000.0	1441.2226348951042	0.0	0	133.29161271936027	1641.2226348954136	1	0	1	3.289755376001528
287200.0	3000.0	1441.2226348950244	0.0	0	65.8927535074763	1641.2226348954136	1	0	1	3.289755376001528
288200.0	3000.0	1441.2226348950355	0.0	0	426.12975297815865	1641.2226348954719	1	0	1	3.2897553760015232
289200.0	3000.0	1441.2226348950667	0.0	0	449.13610357104335	1641.22263489553	1	0	1	3.2897553760015175
290200.0	3000.0	1441.2226348950421	0.0	0	183.91539949760772	1641.22263489553	1	0	1	3.2897553760015166
291200.0	3000.0	1441.2226348950803	0.0	0	145.02692726819078	1641.22263489553	1	0	1	3.2897553760015166
292200.0	3000.0	1441.222634894974	0.0	0	402.07346140942536	1641.2226348954719	1	0	1	3.289755376001521
293200.0	3000.0	1441.2226348949323	0.0	0	253.8653158234083	1641.2226348954136	1	0	1	3.289755376001528
294200.0	3000.0	1441.2226348950035	0.0	0	184.52656757395016	1641.2226348954136	1	0	1	3.289755376001528
295200.0	3000.0	1441.222634895026	0.0	0	394.7234437210718	1641.2226348954136	1	0	1	3.289755376001528
296200.0	3000.0	1441.222634895037	0.0	0	254.74982382840244	1641.2226348954719	1	0	1	3.289755376001522
297200.0	2000.0	1441.222634894983	0.0	0	425.57939035771415	1641.22263489553	1	0	1	2.2760926057311046
298200.0	3000.0	1441.2226348950219	0.0	0	326.19201698480174	1641.2226348955883	1	0	1	2.884290267893347
299200.0	3000.0	1441.2226348950558	0.0	0	379.7908363988972	1641.2226348956465	1	0	1	3.2897553760015046
300200.0	3000.0	1441.2226348950524	0.0	0	343.4501858134754	1641.2226348956465	1	0	1	3.2897553760015046
3.19	5.24	5.87	2.92	2.97	3.41	4.03	3.95	3.26	3.97	3.61	5.06	7.41	6.33	2.46	3.66	5.75	4.22	4.66	6.52	5.51	6.59	6.16	3.76	4.6	3.06	2.21	4.17	3.68	4.19	4.69	6.3	6.37	4.6	4.73	4.63	4.48	2.25	3.08	4.09	2.88	2.78	4.2	4.27	1.97	3.73	3.74	3.7	5.09	5.13	4.02	5.65	1.78	4.51	5.43	4.95	4.3	3.97	4.51	3.12	3.63	3.29	3.82	3.81	3.15	4.89	3.67	3.85	3.36	4.83	4.34	5.22	4.6	3.6	3.71	3.02	4.62	4.91	6.13	5.1	3.02	4.12	3.63	4.84	3.29	3.7	4.03	4.98	5.61	4.43	4.05	3.96	5.4	3.42	2.98	3.8	4.63	4.63	3.76	5.17	4.61	3.85	3.23	3.6	4.31	2.41	4.69	6.92	6.79	5.99	6.68	3.31	3.27	4.98	3.72	4.21	4.2	4.92	5.6	2.97	3.43	2.18	2.88	2.26	4.14	2.77	4.01	5.18	7.44	4.25	4.69	5.78	4.67	4.12	4.01	4.67	4.61	2.61	4.22	4.9	4.0	4.97	5.38	4.88	3.97	3.88	5.49	4.44	4.37	4.69	3.19	5.24	5.87	2.92	2.97	3.41	4.03	3.95	3.26	3.97	3.61	5.06	7.41	6.33	2.46	3.66	5.75	4.22	4.66	6.52	5.51	6.59	6.16	3.76	4.6	3.06	2.21	4.17	3.68	4.19	4.69	6.3	6.37	4.6	4.73	4.63	4.48	2.25	3.08	4.09	2.88	2.78	4.2	4.27	1.97	3.73	3.74	3.7	5.09	5.13	4.02	5.65	1.78	4.51	5.43	4.95	4.3	3.97	4.51	3.12	3.63	3.29	3.82	3.81	3.15	4.89	3.67	3.85	3.36	4.83	4.34	5.22	4.6	3.6	3.71	3.02	4.62	4.91	6.13	5.1	3.02	4.12	3.63	4.84	3.29	3.7	4.03	4.98	5.61	4.43	4.05	3.96	5.4	3.42	2.98	3.8	4.63	4.63	3.76	5.17	4.61	3.85	3.23	3.6	4.31	2.41	4.69	6.92	6.79	5.99	6.68	3.31	3.27	4.98	3.72	4.21	4.2	4.92	5.6	2.97	3.43	2.18	2.88	2.26	4.14	2.77	4.01	5.18	7.44	4.25	4.69	5.78	4.67	4.12	4.01	4.67	4.61	2.61	4.22	4.9	4.0	4.97	5.38	4.88	3.97	3.88	5.49	4.44	4.37	4.69	3.19
1.0	2.0	3.0	4.0	5.0	6.0	7.0	8.0	9.0	10.0	11.0	12.0	13.0	14.0	15.0	16.0	17.0	18.0	19.0	20.0	21.0	22.0	23.0	24.0	25.0	26.0	27.0	28.0	29.0	30.0	31.0	32.0	33.0	34.0	35.0	36.0	37.0	38.0	39.0	40.0	41.0	42.0	43.0	44.0	45.0	46.0	47.0	48.0	49.0	50.0	51.0	52.0	53.0	54.0	55.0	56.0	57.0	58.0	59.0	60.0	61.0	62.0	63.0	64.0	65.0	66.0	67.0	68.0	69.0	70.0	71.0	72.0	73.0	74.0	75.0	76.0	77.0	78.0	79.0	80.0	81.0	82.0	83.0	84.0	85.0	86.0	87.0	88.0	89.0	90.0	91.0	92.0	93.0	94.0	95.0	96.0	97.0	98.0	99.0	100.0	101.0	102.0	103.0	104.0	105.0	106.0	107.0	108.0	109.0	110.0	111.0	112.0	113.0	114.0	115.0	116.0	117.0	118.0	119.0	120.0	121.0	122.0	123.0	124.0	125.0	126.0	127.0	128.0	129.0	130.0	131.0	132.0	133.0	134.0	135.0	136.0	137.0	138.0	139.0	140.0	141.0	142.0	143.0	144.0	145.0	146.0	147.0	148.0	149.0	149.0	150.0	151.0	152.0	153.0	154.0	155.0	156.0	157.0	158.0	159.0	160.0	161.0	162.0	163.0	164.0	165.0	166.0	167.0	168.0	169.0	170.0	171.0	172.0	173.0	174.0	175.0	176.0	177.0	178.0	179.0	180.0	181.0	182.0	183.0	184.0	185.0	186.0	187.0	188.0	189.0	190.0	191.0	192.0	193.0	194.0	195.0	196.0	197.0	198.0	199.0	200.0	201.0	202.0	203.0	204.0	205.0	206.0	207.0	208.0	209.0	210.0	211.0	212.0	213.0	214.0	215.0	216.0	217.0	218.0	219.0	220.0	221.0	222.0	223.0	224.0	225.0	226.0	227.0	228.0	229.0	230.0	231.0	232.0	233.0	234.0	235.0	236.0	237.0	238.0	239.0	240.0	241.0	242.0	243.0	244.0	245.0	246.0	247.0	248.0	249.0	250.0	251.0	252.0	253.0	254.0	255.0	256.0	257.0	258.0	259.0	260.0	261.0	262.0	263.0	264.0	265.0	266.0	267.0	268.0	269.0	270.0	271.0	272.0	273.0	274.0	275.0	276.0	277.0	278.0	279.0	280.0	281.0	282.0	283.0	284.0	285.0	286.0	287.0	288.0	289.0	290.0	291.0	292.0	293.0	294.0	295.0	296.0	297.0	298.0	298.0	299.0
3539.4906499426115
