4826.243164148201	300.0	2000.0	154.66151332703728	0	0.0	4826.243164148201	1	0	1	-1.4074931492492577
5862.999081444132	2000.0	1859.5684909744741	0.0	0	0.0	4722.567572418606	1	0	2	0.07312347218398624
7146.981667871273	2000.0	1447.1876459046173	0.0	0	0.0	4594.169313775891	1	0	2	2.1833391397290955
8373.60135938412	2000.0	1097.9059852404864	0.0	0	0.0	4471.507344624606	1	0	2	2.195258933578805
9020.812669902238	1000.0	1385.9735436705548	0.0	0	0.0	4406.786213572792	1	0	2	0.4704102666004273
10710.546881730474	2000.0	527.265910659497	0.0	0	0.0	4237.812792389969	1	0	2	1.5240332194394426
11069.369616646845	500.0	1132.560902251488	0.0	0	0.0	4201.930518898332	1	0	2	-1.241130434447165
11849.94833496014	1000.0	1273.9243121068628	0.0	0	0.0	4123.872647067001	1	0	2	0.49887205194845735
12382.92312773084	1000.0	1687.6520400590884	0.0	0	0.0	4070.575167789928	1	0	2	1.1976315289300716
13141.333733388496	1000.0	1853.400373835667	0.0	0	0.0	3994.7341072241616	1	0	2	1.204637418510631
14095.106112777581	1000.0	1804.2507565076723	0.0	0	0.0	3899.356869285253	1	0	2	1.2129379634488626
14920.15768652912	1000.0	1896.6940253809785	0.0	0	0.0	3816.8517119100998	1	0	2	1.2224171590721185
15700.793973021864	1000.0	2037.9941102389619	0.0	0	0.0	3738.7880832608244	1	0	2	1.230062695362404
16208.975952568893	1000.0	2478.99393273723	0.0	0	0.0	3687.9698853061236	1	0	2	1.2359634274673956
16668.97374242207	1000.0	2972.9963638987356	0.0	0	0.0	3641.9701063208067	1	0	2	1.240828600391435
17652.23223347013	2000.0	2891.412023745871	0.0	0	0.0	3543.6442572160067	1	0	2	1.5953523371988065
18579.99208183379	2000.0	2870.876190545846	0.0	0	0.0	3450.868272379639	1	0	2	2.2982794260240693
19580.277951343123	2000.0	2770.561734085575	0.0	0	0.0	3350.839685428702	1	0	2	2.3083599070070346
20496.098423691958	2000.0	2763.1592145018617	0.0	0	0.0	3259.257638193827	1	0	2	2.317530316044926
21200.0	2000.0	2988.86748056301	0.0	0	103.96707066159797	3188.867480563018	1	0	2	2.3244544092288653
22200.0	3000.0	2888.8674805630053	0.0	0	124.42245135613484	3088.867480563018	1	0	2	2.536445197352207
23200.0	3000.0	2788.8674805630035	0.0	0	8.807946320168412	2988.8674805630144	1	0	2	2.9521932028921296
24200.0	3000.0	2688.867480563001	0.0	0	30.335515801220026	2888.8674805630144	1	0	2	2.9624856562777286
25437.389024740096	3000.0	2327.7395533488957	0.0	0	0.0	2765.128578089003	1	0	2	2.973986206141735
26632.164085608496	3000.0	2013.4869863936563	0.0	0	0.0	2645.6510720021615	1	0	2	2.9863242189179693
28060.270240672395	3000.0	1442.570215823373	0.0	0	0.0	2502.840456495778	1	0	2	3.0000831590991077
29300.99571628254	3000.0	1077.7721926522167	0.0	0	0.0	2378.767908934762	1	0	2	3.0128784722685418
30223.367654552407	2000.0	1063.1630605553673	0.0	0	0.0	2286.5307151077795	1	0	2	2.0089654449841037
31209.312902530593	2000.0	978.6232877793611	0.0	0	0.0	2187.93619030996	1	0	2	2.424126283692156
32250.16935926842	2000.0	833.6811853677482	0.0	0	0.0	2083.850544636174	1	0	2	2.4345216076732576
32926.70245107339	1000.0	1089.4947843822843	0.0	0	0.0	2016.197235455682	1	0	2	0.7093641937013121
33748.819532568654	2000.0	1185.1659947374815	0.0	0	0.0	1933.9855273061403	1	0	2	1.7573383982627773
34844.7899230625	2000.0	979.5985651942558	0.0	0	0.0	1824.3884882567509	1	0	2	2.4603246762210413
35397.43023846794	1000.0	1371.6942182482667	0.0	0	0.0	1769.1244567161993	1	0	2	0.7345342011967788
36417.96075300582	2000.0	1249.1106522565924	0.0	0	0.0	1667.0714052623953	1	0	2	1.7832370015841241
37567.83523929331	2000.0	1099.2361659691076	0.0	0	0.0	1667.0714052624025	1	0	1	2.4789728368025816
38200.0	1000.0	1467.0714052624185	0.0	0	205.64690833909845	1667.0714052623953	1	0	1	0.9461048854027195
39200.0	2000.0	1467.0714052624182	0.0	0	2.269520314075635	1667.0714052623953	1	0	1	1.9858256562426377
40200.0	2000.0	1467.0714052624128	0.0	0	365.5000371743008	1667.0714052623953	1	0	1	2.6789728368025827
41455.02283621798	2000.0	1212.0485690444325	0.0	0	0.0	1667.0714052624025	1	0	1	2.678972836802582
42328.288137301875	2000.0	1338.7832679605417	0.0	0	0.0	1667.0714052624025	1	0	1	2.678972836802582
43401.84113462551	2000.0	1265.2302706369012	0.0	0	0.0	1667.0714052624025	1	0	1	2.678972836802582
44200.0	1000.0	1467.0714052624087	0.0	0	298.5673043125862	1667.0714052624025	1	0	1	0.946104885402719
45200.0	1000.0	1467.0714052624076	0.0	0	538.5329356532311	1667.0714052624025	1	0	1	1.6392520659626642
46200.0	1000.0	1467.071405262398	0.0	0	537.497118233623	1667.0714052624025	1	0	1	1.6392520659626642
47200.0	1000.0	1467.071405262393	0.0	0	505.29436064884067	1667.0714052624025	1	0	1	1.6392520659626642
48200.0	1000.0	1467.071405262381	0.0	0	544.7897788603805	1667.0714052624025	1	0	1	1.6392520659626642
49200.0	2000.0	1467.0714052623757	0.0	0	285.4290136020936	1667.0714052624025	1	0	1	1.9858256562426364
50200.0	2000.0	1467.071405262376	0.0	0	172.89898817082576	1667.0714052624025	1	0	1	2.678972836802582
51254.67965135126	2000.0	1412.3917539111196	0.0	0	0.0	1667.0714052624025	1	0	1	2.678972836802582
52229.076458286894	2000.0	1437.9949469754888	0.0	0	0.0	1667.0714052624025	1	0	1	2.678972836802582
53686.10207903367	2000.0	980.969326228714	0.0	0	0.0	1667.0714052624025	1	0	1	2.678972836802582
54488.756140006706	1000.0	1178.315265255678	0.0	0	0.0	1667.0714052624025	1	0	1	0.946104885402719
55200.0	1000.0	1467.0714052623864	0.0	0	122.1944804365703	1667.0714052624025	1	0	1	1.6392520659626642
56200.0	1000.0	1467.0714052623823	0.0	0	459.03783336463675	1667.0714052624025	1	0	1	1.6392520659626642
57200.0	1000.0	1467.0714052623878	0.0	0	344.94591763374774	1667.0714052624098	1	0	1	1.6392520659626633
58200.0	1000.0	1467.0714052623812	0.0	0	543.9271223274482	1667.0714052624098	1	0	1	1.6392520659626633
59200.0	1000.0	1467.0714052623814	0.0	0	657.1016763967637	1667.0714052624098	1	0	1	1.6392520659626633
60200.0	2000.0	1467.071405262385	0.0	0	387.07712126187107	1667.0714052624098	1	0	1	1.985825656242636
61200.0	2000.0	1467.0714052623907	0.0	0	475.07882734871237	1667.0714052624098	1	0	1	2.678972836802581
62200.0	2000.0	1467.071405262389	0.0	0	316.19215691556747	1667.0714052624098	1	0	1	2.678972836802581
63812.26369284886	3000.0	854.8077124135325	0.0	0	0.0	1667.0714052624098	1	0	1	2.8817053908566637
64420.69179220945	2000.0	1246.3796130529438	0.0	0	0.0	1667.0714052624098	1	0	1	2.2735077286944163
65293.386400088326	2000.0	1373.6850051740726	0.0	0	0.0	1667.0714052624098	1	0	1	2.678972836802581
66822.40227991917	2000.0	844.6691253432188	0.0	0	0.0	1667.0714052624025	1	0	1	2.678972836802582
67689.93993226702	1000.0	977.1314729953657	0.0	0	0.0	1667.0714052624098	1	0	1	0.9461048854027181
68200.0	1000.0	1467.0714052623835	0.0	0	63.02154448989313	1667.0714052624098	1	0	1	1.6392520659626633
69200.0	1000.0	1467.071405262384	0.0	0	517.0277694902034	1667.0714052623953	1	0	1	1.6392520659626646
70200.0	1000.0	1467.071405262395	0.0	0	625.915593806887	1667.0714052623953	1	0	1	1.6392520659626646
71200.0	1000.0	1467.0714052623919	0.0	0	493.00052279242664	1667.0714052623807	1	0	1	1.6392520659626664
72274.65628052661	2000.0	1392.415124735783	0.0	0	0.0	1667.0714052623662	1	0	1	1.9858256562426404
73287.95921213244	2000.0	1379.112193129964	0.0	0	0.0	1667.0714052623662	1	0	1	2.6789728368025854
74200.0	2000.0	1467.0714052623885	0.0	0	48.98568635391712	1667.0714052623662	1	0	1	2.6789728368025854
75200.0	2000.0	1467.071405262383	0.0	0	28.810452006349806	1667.0714052623662	1	0	1	2.6789728368025854
76200.0	2000.0	1467.0714052623816	0.0	0	17.37167098002101	1667.0714052623662	1	0	1	2.6789728368025854
77200.0	2000.0	1467.071405262378	0.0	0	79.80030268839619	1667.0714052623662	1	0	1	2.6789728368025854
78200.0	2000.0	1467.0714052623994	0.0	0	174.40805736955372	1667.0714052623662	1	0	1	2.6789728368025854
79200.0	2000.0	1467.0714052624069	0.0	0	42.39296849691891	1667.0714052623662	1	0	1	2.6789728368025854
80200.0	2000.0	1467.0714052623903	0.0	0	11.824829045508523	1667.0714052623662	1	0	1	2.6789728368025854
81200.0	2000.0	1467.0714052623944	0.0	0	271.3341740215692	1667.0714052623807	1	0	1	2.678972836802584
82200.0	2000.0	1467.0714052623873	0.0	0	385.64580643842055	1667.0714052623807	1	0	1	2.678972836802584
83200.0	2000.0	1467.0714052623944	0.0	0	148.41047290574352	1667.0714052623807	1	0	1	2.678972836802584
84200.0	2000.0	1467.0714052623898	0.0	0	4.901300148732844	1667.0714052623807	1	0	1	2.678972836802584
85200.0	2000.0	1467.071405262383	0.0	0	123.40626949731086	1667.0714052623807	1	0	1	2.678972836802584
86200.0	2000.0	1467.071405262382	0.0	0	251.5689068261272	1667.0714052623807	1	0	1	2.678972836802584
87568.28321795758	2000.0	1098.7881873048022	0.0	0	0.0	1667.0714052623807	1	0	1	2.678972836802584
88887.94908747585	2000.0	779.1223177865485	0.0	0	0.0	1667.0714052623662	1	0	1	2.6789728368025854
89385.55284200633	1000.0	1281.518563256075	0.0	0	0.0	1667.0714052623662	1	0	1	0.9461048854027225
90298.6426863241	2000.0	1368.4287189383056	0.0	0	0.0	1667.0714052623807	1	0	1	1.9858256562426386
91379.7808610335	2000.0	1287.2905442289202	0.0	0	0.0	1667.0714052623807	1	0	1	2.678972836802584
92200.0	1000.0	1467.0714052624196	0.0	0	364.1336823801248	1667.0714052623662	1	0	1	0.9461048854027225
93200.0	2000.0	1467.0714052624	0.0	0	83.22783174058713	1667.0714052623662	1	0	1	1.9858256562426404
94492.32579525231	2000.0	1174.7456100100844	0.0	0	0.0	1667.0714052623807	1	0	1	2.678972836802584
95200.0	1000.0	1467.0714052624164	0.0	0	201.12523383078224	1667.0714052623807	1	0	1	0.9461048854027212
96200.0	2000.0	1467.0714052624096	0.0	0	141.17681672757317	1667.0714052623807	1	0	1	1.9858256562426386
97200.0	2000.0	1467.0714052623985	0.0	0	346.8487059182953	1667.0714052623807	1	0	1	2.678972836802584
98200.0	2000.0	1467.071405262409	0.0	0	341.21186578164634	1667.0714052623807	1	0	1	2.678972836802584
99200.0	2000.0	1467.071405262417	0.0	0	249.8302105459734	1667.0714052623807	1	0	1	2.678972836802584
100509.8799000396	3000.0	1157.191505222811	0.0	0	0.0	1667.0714052623807	1	0	1	2.8817053908566663
101200.0	2000.0	1467.0714052623998	0.0	0	45.425100569205824	1667.0714052623807	1	0	1	2.2735077286944194
102678.37132728282	3000.0	988.7000779795814	0.0	0	0.0	1667.0714052623807	1	0	1	2.8817053908566663
104029.00334012028	2000.0	638.0680651421195	0.0	0	0.0	1667.0714052623807	1	0	1	2.2735077286944194
104421.13166382076	1000.0	1245.9397414416458	0.0	0	0.0	1667.0714052623662	1	0	1	0.9461048854027225
105741.95714933975	2000.0	925.1142559226422	0.0	0	0.0	1667.0714052623662	1	0	1	1.9858256562426404
106423.68083879323	1000.0	1243.390566469161	0.0	0	0.0	1667.0714052623516	1	0	1	0.946104885402724
107200.0	1000.0	1467.071405262381	0.0	0	9.714746748039033	1667.0714052623516	1	0	1	1.639252065962669
108418.44191147816	2000.0	1248.6294937842156	0.0	0	0.0	1667.0714052623516	1	0	1	1.9858256562426415
109200.0	1000.0	1467.0714052623846	0.0	0	382.73483133151603	1667.0714052623516	1	0	1	0.946104885402724
110200.0	2000.0	1467.0714052623953	0.0	0	422.2473625618586	1667.0714052623516	1	0	1	1.9858256562426415
111200.0	2000.0	1467.0714052623996	0.0	0	152.36353161666193	1667.0714052623516	1	0	1	2.6789728368025867
112200.0	2000.0	1467.0714052623966	0.0	0	418.1911735496251	1667.0714052623516	1	0	1	2.6789728368025867
113200.0	2000.0	1467.0714052624	0.0	0	481.8398580082285	1667.071405262337	1	0	1	2.6789728368025885
114671.11154610969	3000.0	995.9598591527051	0.0	0	0.0	1667.071405262337	1	0	1	2.8817053908566708
115529.19759933771	2000.0	1137.8738059246941	0.0	0	0.0	1667.071405262337	1	0	1	2.273507728694424
116200.0	2000.0	1467.0714052624037	0.0	0	111.83495894541556	1667.071405262337	1	0	1	2.6789728368025885
117200.0	2000.0	1467.0714052623891	0.0	0	42.05747039092239	1667.0714052623225	1	0	1	2.67897283680259
118200.0	2000.0	1467.0714052623925	0.0	0	45.07794374001969	1667.0714052623225	1	0	1	2.67897283680259
119499.4877602391	2000.0	1167.583645023265	0.0	0	0.0	1667.0714052623225	1	0	1	2.67897283680259
120684.69570468174	2000.0	982.3757005806232	0.0	0	0.0	1667.071405262337	1	0	1	2.6789728368025885
121267.32539140776	1000.0	1399.746013854605	0.0	0	0.0	1667.071405262337	1	0	1	0.9461048854027254
122227.4033109842	2000.0	1439.6680942781834	0.0	0	0.0	1667.0714052623516	1	0	1	1.9858256562426415
123200.0	2000.0	1467.071405262382	0.0	0	182.35592729809287	1667.071405262337	1	0	1	2.6789728368025885
124200.0	2000.0	1467.071405262363	0.0	0	238.04677315008303	1667.071405262337	1	0	1	2.6789728368025885
125200.0	2000.0	1467.071405262363	0.0	0	423.2929453387478	1667.071405262337	1	0	1	2.6789728368025885
126457.15080602994	3000.0	1209.92059923242	0.0	0	0.0	1667.071405262337	1	0	1	2.8817053908566708
127641.26514739798	2000.0	1025.806257864389	0.0	0	0.0	1667.0714052623516	1	0	1	2.273507728694422
128506.2772071382	2000.0	1160.7941981241684	0.0	0	0.0	1667.0714052623516	1	0	1	2.6789728368025867
129294.99248264206	2000.0	1372.0789226203012	0.0	0	0.0	1667.0714052623516	1	0	1	2.6789728368025867
130200.0	2000.0	1467.0714052623682	0.0	0	97.10777645649796	1667.0714052623516	1	0	1	2.6789728368025867
131200.0	2000.0	1467.0714052623591	0.0	0	301.3561416838347	1667.071405262337	1	0	1	2.678972836802587
132338.1561698221	2000.0	1328.9152354402509	0.0	0	0.0	1667.071405262308	1	0	1	2.6789728368025902
133368.9825276717	2000.0	1298.0888775906249	0.0	0	0.0	1667.071405262308	1	0	1	2.678972836802591
134229.18884883705	2000.0	1437.8825564253243	0.0	0	0.0	1667.071405262337	1	0	1	2.6789728368025885
135200.0	2000.0	1467.0714052623944	0.0	0	215.09470266650897	1667.071405262337	1	0	1	2.6789728368025885
136537.86316366814	2000.0	1129.2082415942637	0.0	0	0.0	1667.0714052623662	1	0	1	2.6789728368025854
137200.0	1000.0	1467.0714052623637	0.0	0	120.33025198569521	1667.0714052623662	1	0	1	0.9461048854027225
138200.0	2000.0	1467.0714052623448	0.0	0	386.3646787543257	1667.071405262337	1	0	1	1.985825656242643
139200.0	2000.0	1467.071405262325	0.0	0	219.30413902868167	1667.071405262337	1	0	1	2.6789728368025885
140200.0	2000.0	1467.0714052623061	0.0	0	248.84655416433816	1667.071405262337	1	0	1	2.6789728368025885
141200.0	2000.0	1467.0714052622723	0.0	0	358.8633933007077	1667.071405262337	1	0	1	2.6789728368025885
142578.02541319543	2000.0	1089.0459920668347	0.0	0	0.0	1667.0714052623662	1	0	1	2.6789728368025854
143533.2312147592	2000.0	1133.840190503056	0.0	0	0.0	1667.0714052623662	1	0	1	2.6789728368025854
144433.77000452345	2000.0	1233.301400738819	0.0	0	0.0	1667.0714052623662	1	0	1	2.6789728368025854
145746.71940905464	2000.0	920.3519962076061	0.0	0	0.0	1667.071405262337	1	0	1	2.6789728368025885
146200.0	1000.0	1467.0714052622388	0.0	0	32.19991466164356	1667.071405262337	1	0	1	0.9461048854027254
147200.0	2000.0	1467.0714052622734	0.0	0	97.06567007463309	1667.0714052623662	1	0	1	1.9858256562426404
148200.0	2000.0	1467.0714052622877	0.0	0	275.59556845843326	1667.0714052623662	1	0	1	2.6789728368025854
149559.86233592182	2000.0	1107.2090693404625	0.0	0	0.0	1667.0714052623662	1	0	1	2.6789728368025854
150852.30033478982	2000.0	814.7710704724593	0.0	0	0.0	1667.0714052623662	1	0	1	2.6789728368025854
151446.14661733806	1000.0	1220.924787924222	0.0	0	0.0	1667.0714052623662	1	0	1	0.9461048854027225
152436.88102214487	2000.0	1230.1903831174147	0.0	0	0.0	1667.071405262337	1	0	1	1.985825656242643
153200.0	1000.0	1467.0714052622864	0.0	0	330.7765671921079	1667.071405262308	1	0	1	0.9461048854027284
154274.84384897744	2000.0	1392.2275562848622	0.0	0	0.0	1667.071405262308	1	0	1	1.985825656242646
155490.4784254631	2000.0	1176.5929797991926	0.0	0	0.0	1667.071405262337	1	0	1	2.6789728368025885
156200.0	1000.0	1467.0714052622895	0.0	0	230.24869428615784	1667.071405262337	1	0	1	0.9461048854027254
157200.0	2000.0	1467.0714052623102	0.0	0	79.2021577633277	1667.071405262337	1	0	1	1.985825656242643
158897.80073815107	2000.0	769.2706671112326	0.0	0	0.0	1667.0714052623662	1	0	1	2.6789728368025854
160000.5755318798	1000.0	666.4958733824935	0.0	0	0.0	1667.071405262337	1	0	1	0.9461048854027247
160496.2880777652	500.0	1170.7833274971008	0.0	0	0.0	1667.071405262337	1	0	1	-0.093615885437193
161200.0	1000.0	1467.0714052622745	0.0	0	327.5166975702159	1667.071405262337	1	0	1	0.9461048854027252
162200.0	1000.0	1467.0714052622718	0.0	0	308.15018304469413	1667.071405262308	1	0	1	1.6392520659626735
163200.0	1000.0	1467.0714052622702	0.0	0	348.4160240623751	1667.071405262308	1	0	1	1.6392520659626735
164200.0	1000.0	1467.0714052622939	0.0	0	337.01661313450313	1667.071405262308	1	0	1	1.6392520659626735
165200.0	1000.0	1467.071405262277	0.0	0	91.41205518407514	1667.071405262308	1	0	1	1.6392520659626735
166200.0	1000.0	1467.0714052623098	0.0	0	556.2435059983109	1667.071405262308	1	0	1	1.6392520659626735
167200.0	1000.0	1467.0714052622977	0.0	0	616.56507299855	1667.0714052622789	1	0	1	1.6392520659626764
168200.0	1000.0	1467.071405262293	0.0	0	449.8016282248427	1667.0714052622789	1	0	1	1.6392520659626764
169200.0	1000.0	1467.0714052622832	0.0	0	440.2923985592497	1667.0714052622498	1	0	1	1.6392520659626795
170200.0	2000.0	1467.0714052623034	0.0	0	259.7034325528366	1667.0714052622789	1	0	1	1.9858256562426493
171200.0	2000.0	1467.07140526232	0.0	0	234.83291212792392	1667.0714052622789	1	0	1	2.6789728368025942
172200.0	2000.0	1467.0714052623016	0.0	0	350.75526421668474	1667.0714052622789	1	0	1	2.6789728368025942
173200.0	2000.0	1467.071405262282	0.0	0	451.9555768579303	1667.071405262308	1	0	1	2.678972836802591
174433.39617407141	3000.0	1233.6752311908574	0.0	0	0.0	1667.071405262308	1	0	1	2.8817053908566734
175953.88588280583	3000.0	713.1855224564229	0.0	0	0.0	1667.071405262308	1	0	1	3.287170498964838
176743.30183585212	2000.0	923.7695694101442	0.0	0	0.0	1667.071405262337	1	0	1	2.273507728694424
177523.0205625267	2000.0	1144.0508427355549	0.0	0	0.0	1667.071405262308	1	0	1	2.678972836802591
178214.60142448338	2000.0	1452.4699807789032	0.0	0	0.0	1667.071405262308	1	0	1	2.678972836802591
179200.0	2000.0	1467.0714052622907	0.0	0	451.04859231360024	1667.071405262308	1	0	1	2.678972836802591
180200.0	2000.0	1467.0714052623289	0.0	0	162.32186815270688	1667.071405262308	1	0	1	2.678972836802591
181200.0	2000.0	1467.0714052623412	0.0	0	288.4785357817018	1667.0714052622789	1	0	1	2.6789728368025942
182200.0	2000.0	1467.0714052623482	0.0	0	24.398929056536872	1667.071405262308	1	0	1	2.678972836802591
183423.83026428116	2000.0	1243.241140981172	0.0	0	0.0	1667.071405262308	1	0	1	2.678972836802591
184277.9142300909	2000.0	1389.157175171424	0.0	0	0.0	1667.071405262308	1	0	1	2.678972836802591
185260.4056133775	2000.0	1406.6657918848157	0.0	0	0.0	1667.071405262308	1	0	1	2.678972836802591
186558.59680281312	2000.0	1108.4746024491712	0.0	0	0.0	1667.071405262308	1	0	1	2.678972836802591
187200.0	1000.0	1467.0714052623052	0.0	0	286.89969836588716	1667.071405262308	1	0	1	0.9461048854027284
188200.0	2000.0	1467.0714052623275	0.0	0	79.85718191319029	1667.071405262337	1	0	1	1.985825656242643
189200.0	2000.0	1467.0714052623393	0.0	0	370.07866857308545	1667.071405262337	1	0	1	2.6789728368025885
190200.0	2000.0	1467.0714052623557	0.0	0	152.88864759367425	1667.071405262337	1	0	1	2.6789728368025885
191320.2305398385	2000.0	1346.8408654238992	0.0	0	0.0	1667.071405262337	1	0	1	2.6789728368025885
192969.67402134906	2000.0	697.3973839133619	0.0	0	0.0	1667.0714052623662	1	0	1	2.6789728368025862
193621.3515740717	1000.0	1045.719831190699	0.0	0	0.0	1667.0714052623662	1	0	1	0.9461048854027225
194200.0	1000.0	1467.0714052624064	0.0	0	33.339488960366	1667.0714052623953	1	0	1	1.6392520659626646
195200.0	2000.0	1467.0714052624276	0.0	0	16.619293394876877	1667.0714052623953	1	0	1	1.9858256562426377
196200.0	2000.0	1467.0714052624267	0.0	0	71.69849451692426	1667.0714052624244	1	0	1	2.6789728368025796
197200.0	2000.0	1467.071405262415	0.0	0	44.31081213412108	1667.0714052623953	1	0	1	2.6789728368025827
198200.0	2000.0	1467.0714052624107	0.0	0	370.58160317965667	1667.0714052623953	1	0	1	2.6789728368025827
199200.0	2000.0	1467.0714052624367	0.0	0	448.02403432512074	1667.0714052624244	1	0	1	2.6789728368025805
200200.0	2000.0	1467.0714052624148	0.0	0	115.67868120249477	1667.0714052624244	1	0	1	2.6789728368025796
201478.62144367574	2000.0	1188.4499615866835	0.0	0	0.0	1667.0714052624244	1	0	1	2.6789728368025796
203370.80649880736	2000.0	296.2649064550753	0.0	0	0.0	1667.0714052623953	1	0	1	2.6789728368025827
203653.7340853416	300.0	1013.3373199208445	0.0	0	0.0	1667.0714052623953	1	0	1	-2.063827125412121
204331.4658033187	1000.0	1335.6056019437724	0.0	0	0.0	1667.0714052623953	1	0	1	0.4352792616367286
205200.0	1000.0	1467.0714052624564	0.0	0	300.5114109539136	1667.0714052623953	1	0	1	1.6392520659626646
206200.0	1000.0	1467.0714052624255	0.0	0	547.0061043767491	1667.0714052623662	1	0	1	1.6392520659626677
207200.0	1000.0	1467.0714052624298	0.0	0	443.23341594295925	1667.0714052623662	1	0	1	1.6392520659626677
208200.0	2000.0	1467.071405262408	0.0	0	499.21675404859707	1667.0714052623953	1	0	1	1.9858256562426377
209200.0	2000.0	1467.0714052624287	0.0	0	349.5499166226655	1667.0714052623662	1	0	1	2.6789728368025854
210200.0	2000.0	1467.0714052624276	0.0	0	428.40348606035695	1667.071405262337	1	0	1	2.6789728368025885
211200.0	2000.0	1467.0714052624521	0.0	0	300.4671532920911	1667.071405262337	1	0	1	2.6789728368025885
212734.21949007746	3000.0	932.8519151849823	0.0	0	0.0	1667.071405262337	1	0	1	2.8817053908566708
213473.43306560323	2000.0	1193.6383396592064	0.0	0	0.0	1667.071405262337	1	0	1	2.273507728694424
214271.73973891945	2000.0	1395.3316663430016	0.0	0	0.0	1667.0714052623662	1	0	1	2.6789728368025854
216493.07822077186	2000.0	200.0	26.006815509400198	0	0.0	1693.0782207718585	1	0	1	2.5224118074359967
216710.12971865537	300.0	982.9485021164669	0.0	0	0.0	1693.0782207718294	1	0	1	-2.066427806963064
217200.0	1000.0	1493.078220771886	0.0	0	36.24378480305313	1693.0782207718294	1	0	1	0.4326785800857852
218200.0	2000.0	1493.0782207718985	0.0	0	138.03282974503236	1693.0782207718585	1	0	1	1.983224974691691
219200.0	2000.0	1493.078220771874	0.0	0	18.760860613925615	1693.0782207718585	1	0	1	2.676372155251636
220537.21147651793	2000.0	1155.8667442539615	0.0	0	0.0	1693.0782207718585	1	0	1	2.676372155251636
221200.0	1000.0	1493.0782207718844	0.0	0	76.21915039684973	1693.0782207718585	1	0	1	0.9435042038517731
222200.0	2000.0	1493.0782207719208	0.0	0	127.60895854793489	1693.0782207718876	1	0	1	1.9832249746916881
223200.0	2000.0	1493.0782207719408	0.0	0	37.22335122694494	1693.0782207718876	1	0	1	2.6763721552516335
224200.0	2000.0	1493.0782207719494	0.0	0	329.3617791616998	1693.0782207718876	1	0	1	2.6763721552516335
225200.0	2000.0	1493.0782207719699	0.0	0	207.83572154596914	1693.0782207718876	1	0	1	2.6763721552516335
226200.0	2000.0	1493.078220771967	0.0	0	112.5848699620692	1693.0782207718585	1	0	1	2.676372155251636
227254.67636372836	2000.0	1438.4018570435871	0.0	0	0.0	1693.0782207718585	1	0	1	2.676372155251636
228200.0	2000.0	1493.0782207719303	0.0	0	7.203869136370486	1693.0782207718294	1	0	1	2.676372155251639
229200.0	2000.0	1493.0782207719296	0.0	0	301.78169864503434	1693.0782207718294	1	0	1	2.676372155251639
230200.0	2000.0	1493.0782207719503	0.0	0	54.73682993257535	1693.0782207718003	1	0	1	2.6763721552516424
231200.0	2000.0	1493.0782207719274	0.0	0	341.6893705709663	1693.0782207718003	1	0	1	2.6763721552516424
232200.0	2000.0	1493.0782207719035	0.0	0	195.0148421539052	1693.0782207718003	1	0	1	2.6763721552516424
233222.73717970654	2000.0	1470.3410410653537	0.0	0	0.0	1693.0782207717712	1	0	1	2.676372155251645
234200.0	2000.0	1493.0782207718655	0.0	0	385.24484178598505	1693.078220771742	1	0	1	2.6763721552516477
235200.0	2000.0	1493.0782207718728	0.0	0	175.5668569326226	1693.078220771742	1	0	1	2.6763721552516477
236200.0	2000.0	1493.078220771876	0.0	0	16.213413662218954	1693.078220771742	1	0	1	2.6763721552516477
237270.87960127322	2000.0	1422.198619498667	0.0	0	0.0	1693.078220771742	1	0	1	2.6763721552516477
238364.54433088473	2000.0	1328.5338898871862	0.0	0	0.0	1693.0782207717712	1	0	1	2.676372155251645
239200.0	2000.0	1493.078220771948	0.0	0	107.84657617047196	1693.0782207717712	1	0	1	2.676372155251645
240472.0280892889	2000.0	1221.0501314830226	0.0	0	0.0	1693.078220771742	1	0	1	2.6763721552516477
241200.0	1000.0	1493.0782207719371	0.0	0	292.73998450807994	1693.078220771742	1	0	1	0.9435042038517849
242200.0	2000.0	1493.0782207719167	0.0	0	30.485523466893937	1693.078220771742	1	0	1	1.9832249746917028
243398.0682008963	2000.0	1295.010019875627	0.0	0	0.0	1693.078220771742	1	0	1	2.6763721552516477
244457.05725717434	2000.0	1236.0209635975666	0.0	0	0.0	1693.078220771713	1	0	1	2.6763721552516504
245256.29581808308	2000.0	1436.7824026888197	0.0	0	0.0	1693.078220771742	1	0	1	2.6763721552516477
246200.0	2000.0	1493.0782207719099	0.0	0	471.9484269346285	1693.078220771742	1	0	1	2.6763721552516477
247200.0	2000.0	1493.0782207719024	0.0	0	535.3163950122253	1693.078220771742	1	0	1	2.6763721552516477
248200.0	2000.0	1493.0782207718717	0.0	0	134.38395602538367	1693.078220771713	1	0	1	2.6763721552516504
249200.0	3000.0	1493.0782207718878	0.0	0	71.34471879870398	1693.078220771713	1	0	1	2.879104709305733
250288.30143826886	3000.0	1404.776782503035	0.0	0	0.0	1693.078220771713	1	0	1	3.2845698174138978
251642.18480765083	3000.0	1050.893413121076	0.0	0	0.0	1693.078220771713	1	0	1	3.2845698174138978
252826.98284111253	2000.0	866.0953796593496	0.0	0	0.0	1693.078220771713	1	0	1	2.270907047143486
253379.63456469824	1000.0	1313.4436560736062	0.0	0	0.0	1693.0782207716838	1	0	1	0.9435042038517907
254396.08285966926	2000.0	1296.9953611025865	0.0	0	0.0	1693.0782207716838	1	0	1	1.9832249746917088
255846.34753730835	2000.0	846.7306834634725	0.0	0	0.0	1693.0782207716838	1	0	1	2.676372155251654
256422.54632524788	1000.0	1270.5318955239202	0.0	0	0.0	1693.0782207716838	1	0	1	0.9435042038517907
257200.0	1000.0	1493.0782207717716	0.0	0	75.78742290940136	1693.0782207716838	1	0	1	1.6366513844117359
258200.0	2000.0	1493.0782207717698	0.0	0	348.26357674141764	1693.0782207716838	1	0	1	1.9832249746917088
259200.0	2000.0	1493.0782207717743	0.0	0	102.08788712238311	1693.0782207716547	1	0	1	2.6763721552516566
260200.0	2000.0	1493.078220771796	0.0	0	235.8111148623284	1693.0782207716547	1	0	1	2.6763721552516566
261200.0	2000.0	1493.0782207718275	0.0	0	520.996219758119	1693.0782207716547	1	0	1	2.6763721552516566
262200.0	2000.0	1493.0782207718373	0.0	0	287.2815543949837	1693.0782207716547	1	0	1	2.6763721552516566
263200.0	3000.0	1493.078220771818	0.0	0	150.33401023753686	1693.0782207716547	1	0	1	2.8791047093057403
264782.6346040987	3000.0	910.4436166731374	0.0	0	0.0	1693.0782207716838	1	0	1	3.284569817413901
265752.8295733145	2000.0	940.2486474573333	0.0	0	0.0	1693.078220771742	1	0	1	2.2709070471434867
267241.0637791744	2000.0	452.0144415974788	0.0	0	0.0	1693.078220771742	1	0	1	2.6763721552516477
267489.17675546755	500.0	1203.9014653043712	0.0	0	0.0	1693.078220771742	1	0	1	-0.7893637475480784
268785.7481352393	2000.0	907.3300855325753	0.0	0	0.0	1693.078220771742	1	0	1	1.2900777941317574
269251.16916228103	1000.0	1441.909058490833	0.0	0	0.0	1693.078220771742	1	0	1	0.9435042038517849
270283.8318555582	2000.0	1409.246365213597	0.0	0	0.0	1693.078220771742	1	0	1	1.9832249746917028
271200.0	2000.0	1493.0782207717998	0.0	0	277.16449044056935	1693.078220771742	1	0	1	2.6763721552516477
272200.0	2000.0	1493.0782207717468	0.0	0	153.1729228341719	1693.0782207716838	1	0	1	2.676372155251654
273200.0	2000.0	1493.0782207717355	0.0	0	516.652759137447	1693.0782207716838	1	0	1	2.676372155251654
274200.0	2000.0	1493.0782207717323	0.0	0	561.6393748903647	1693.0782207716838	1	0	1	2.676372155251654
275200.0	3000.0	1493.0782207716816	0.0	0	88.6083506461	1693.0782207716838	1	0	1	2.8791047093057363
276841.70301950997	3000.0	851.3752012616981	0.0	0	0.0	1693.0782207716838	1	0	1	3.284569817413901
277617.1194186722	2000.0	1075.9588020994572	0.0	0	0.0	1693.0782207716838	1	0	1	2.2709070471434893
278200.0	2000.0	1493.078220771718	0.0	0	89.86098231375217	1693.078220771742	1	0	1	2.6763721552516477
279200.0	2000.0	1493.0782207717548	0.0	0	75.71468239865499	1693.0782207716838	1	0	1	2.676372155251654
280200.0	2000.0	1493.0782207717066	0.0	0	40.60999177355552	1693.0782207716838	1	0	1	2.676372155251654
281548.62571195763	2000.0	1144.4525088141193	0.0	0	0.0	1693.0782207716838	1	0	1	2.676372155251654
282702.8959133651	2000.0	990.1823074066324	0.0	0	0.0	1693.078220771742	1	0	1	2.6763721552516477
283200.0	1000.0	1493.0782207717866	0.0	0	196.29255263484083	1693.078220771742	1	0	1	0.9435042038517849
284343.11719000206	2000.0	1349.9610307696887	0.0	0	0.0	1693.078220771742	1	0	1	1.9832249746917028
285328.3301192845	2000.0	1364.7481014872337	0.0	0	0.0	1693.078220771742	1	0	1	2.6763721552516477
286212.3493494162	2000.0	1480.7288713555006	0.0	0	0.0	1693.0782207716838	1	0	1	2.676372155251654
287200.0	2000.0	1493.078220771717	0.0	0	247.54132421762915	1693.0782207716838	1	0	1	2.676372155251654
288200.0	2000.0	1493.078220771705	0.0	0	8.034137921349611	1693.0782207716838	1	0	1	2.676372155251654
289319.5307203792	2000.0	1373.5475003924955	0.0	0	0.0	1693.0782207716256	1	0	1	2.6763721552516593
290200.0	2000.0	1493.0782207717202	0.0	0	87.55940059549175	1693.0782207716838	1	0	1	2.676372155251654
291401.80525496765	2000.0	1291.2729658040487	0.0	0	0.0	1693.0782207716838	1	0	1	2.676372155251654
292385.8539829129	2000.0	1307.224237858823	0.0	0	0.0	1693.0782207716838	1	0	1	2.676372155251654
293413.80895388534	2000.0	1279.2692668863508	0.0	0	0.0	1693.0782207716256	1	0	1	2.6763721552516593
294702.63420964126	2000.0	990.4440111304951	0.0	0	0.0	1693.0782207716256	1	0	1	2.6763721552516593
295217.0414321739	1000.0	1476.0367885978148	0.0	0	0.0	1693.0782207716256	1	0	1	0.9435042038517965
296200.0	2000.0	1493.0782207717505	0.0	0	224.91577349801082	1693.0782207716838	1	0	1	1.9832249746917088
297200.0	2000.0	1493.0782207717496	0.0	0	305.9093762495322	1693.0782207716838	1	0	1	2.676372155251654
298200.0	2000.0	1493.0782207716932	0.0	0	127.13616212521447	1693.0782207716838	1	0	1	2.676372155251654
299200.0	2000.0	1493.0782207717045	0.0	0	148.6173824495636	1693.0782207716838	1	0	1	2.676372155251654
300200.0	2000.0	1493.0782207717125	0.0	0	161.02782860666048	1693.0782207716838	1	0	1	2.676372155251654
2.13	1.71	2.56	2.12	1.64	1.09	1.1	2.15	1.81	1.1	1.38	1.58	2.32	1.92	1.75	2.27	3.17	3.81	3.76	4.34	2.73	2.55	2.51	2.87	3.43	2.56	2.27	2.22	1.88	2.22	2.09	2.17	1.91	2.75	2.83	2.51	2.02	2.07	1.32	1.58	2.58	2.5	1.93	2.65	3.22	2.57	1.78	1.98	1.37	1.02	1.7	1.92	2.11	2.57	3.78	3.97	2.11	2.63	2.17	3.2	2.55	0.96	1.14	2.13	3.13	1.74	1.82	1.93	2.61	2.95	2.07	2.25	1.99	2.25	2.24	2.32	2.93	2.14	2.27	2.69	2.64	2.56	1.74	1.7	2.39	2.11	1.78	2.07	2.88	1.82	2.53	3.01	4.21	2.65	3.06	2.68	3.22	2.05	1.76	2.33	1.91	1.78	1.78	2.0	3.17	2.84	2.99	3.7	3.37	2.59	2.17	2.86	1.9	1.77	2.15	1.9	2.37	2.61	2.87	4.02	3.41	2.79	1.93	2.61	3.07	3.05	1.73	1.49	2.0	2.85	1.84	2.06	2.46	2.86	2.78	2.07	2.65	1.68	2.42	2.35	1.77	2.34	2.79	2.31	1.85	2.19	1.75	1.91	2.0	2.84	2.13	1.71	2.56	2.12	1.64	1.09	1.1	2.15	1.81	1.1	1.38	1.58	2.32	1.92	1.75	2.27	3.17	3.81	3.76	4.34	2.73	2.55	2.51	2.87	3.43	2.56	2.27	2.22	1.88	2.22	2.09	2.17	1.91	2.75	2.83	2.51	2.02	2.07	1.32	1.58	2.58	2.5	1.93	2.65	3.22	2.57	1.78	1.98	1.37	1.02	1.7	1.92	2.11	2.57	3.78	3.97	2.11	2.63	2.17	3.2	2.55	0.96	1.14	2.13	3.13	1.74	1.82	1.93	2.61	2.95	2.07	2.25	1.99	2.25	2.24	2.32	2.93	2.14	2.27	2.69	2.64	2.56	1.74	1.7	2.39	2.11	1.78	2.07	2.88	1.82	2.53	3.01	4.21	2.65	3.06	2.68	3.22	2.05	1.76	2.33	1.91	1.78	1.78	2.0	3.17	2.84	2.99	3.7	3.37	2.59	2.17	2.86	1.9	1.77	2.15	1.9	2.37	2.61	2.87	4.02	3.41	2.79	1.93	2.61	3.07	3.05	1.73	1.49	2.0	2.85	1.84	2.06	2.46	2.86	2.78	2.07	2.65	1.68	2.42	2.35	1.77	2.34	2.79	2.31	1.85	2.19	1.75	1.91	2.0	2.84
1.0	2.0	3.0	4.0	5.0	6.0	7.0	8.0	9.0	10.0	11.0	12.0	13.0	14.0	15.0	16.0	17.0	18.0	19.0	20.0	21.0	22.0	23.0	24.0	25.0	26.0	27.0	28.0	29.0	30.0	31.0	32.0	33.0	34.0	35.0	36.0	37.0	38.0	39.0	40.0	41.0	42.0	43.0	44.0	45.0	46.0	47.0	48.0	49.0	50.0	51.0	52.0	53.0	54.0	55.0	56.0	57.0	58.0	59.0	60.0	61.0	62.0	63.0	64.0	65.0	66.0	67.0	68.0	69.0	70.0	71.0	72.0	73.0	74.0	75.0	76.0	77.0	78.0	79.0	80.0	81.0	82.0	83.0	84.0	85.0	86.0	87.0	88.0	89.0	90.0	91.0	92.0	93.0	94.0	95.0	96.0	97.0	98.0	99.0	100.0	101.0	102.0	103.0	104.0	105.0	106.0	107.0	108.0	109.0	110.0	111.0	112.0	113.0	114.0	115.0	116.0	117.0	118.0	119.0	120.0	121.0	122.0	123.0	124.0	125.0	126.0	127.0	128.0	129.0	130.0	131.0	132.0	133.0	134.0	135.0	136.0	137.0	138.0	139.0	140.0	141.0	142.0	143.0	144.0	145.0	146.0	147.0	148.0	149.0	149.0	150.0	151.0	152.0	153.0	154.0	155.0	156.0	157.0	158.0	159.0	160.0	161.0	162.0	163.0	164.0	165.0	166.0	167.0	168.0	169.0	170.0	171.0	172.0	173.0	174.0	175.0	176.0	177.0	178.0	179.0	180.0	181.0	182.0	183.0	184.0	185.0	186.0	187.0	188.0	189.0	190.0	191.0	192.0	193.0	194.0	195.0	196.0	197.0	198.0	199.0	200.0	201.0	202.0	203.0	204.0	205.0	206.0	207.0	208.0	209.0	210.0	211.0	212.0	213.0	214.0	215.0	216.0	217.0	218.0	219.0	220.0	221.0	222.0	223.0	224.0	225.0	226.0	227.0	228.0	229.0	230.0	231.0	232.0	233.0	234.0	235.0	236.0	237.0	238.0	239.0	240.0	241.0	242.0	243.0	244.0	245.0	246.0	247.0	248.0	249.0	250.0	251.0	252.0	253.0	254.0	255.0	256.0	257.0	258.0	259.0	260.0	261.0	262.0	263.0	264.0	265.0	266.0	267.0	268.0	269.0	270.0	271.0	272.0	273.0	274.0	275.0	276.0	277.0	278.0	279.0	280.0	281.0	282.0	283.0	284.0	285.0	286.0	287.0	288.0	289.0	290.0	291.0	292.0	293.0	294.0	295.0	296.0	297.0	298.0	298.0
4476.768244872215
