5938.831968252361	300.0	2000.0	146.32027848947916	0	0.0	5938.831968252361	1	0	1	-1.4689315961151175
7176.473644677715	3000.0	1638.5941559321107	0.0	0	0.0	5815.067800609826	1	0	2	0.16695564777317295
7950.8156253543075	3000.0	1786.8179771878588	0.0	0	0.0	5737.633602542166	1	0	2	2.677734206487714
9318.436599274643	3000.0	1282.4349058754892	0.0	0	0.0	5600.871505150131	1	0	2	2.6904793873098685
10147.60612844598	2000.0	1370.3484237870198	0.0	0	0.0	5517.954552232998	1	0	2	1.6864143703493628
10805.718871349844	2000.0	1646.4244065927712	0.0	0	0.0	5452.143277942614	1	0	2	2.0990106029609192
11659.198053120474	3000.0	1707.597306645077	0.0	0	0.0	5366.79535976555	1	0	2	2.3096705542300944
12593.27414537144	3000.0	1680.1136051690123	0.0	0	0.0	5273.3877505404525	1	0	2	2.724136916103662
13872.421049208095	3000.0	1273.0520109486934	0.0	0	0.0	5145.473060156788	1	0	2	2.736472760480563
15068.22171798008	3000.0	957.6712752995102	0.0	0	0.0	5025.892993279591	1	0	2	2.747052009456279
16381.928756664924	2000.0	512.5935327461814	0.0	0	0.0	4894.522289411105	1	0	2	1.7476918223238804
17011.530504015882	1000.0	820.0316106601255	0.0	0	0.0	4831.562114676008	1	0	2	0.4281753646725273
17572.943161931318	1000.0	1202.4776869531395	0.0	0	0.0	4775.420848884458	1	0	2	1.1270209177981252
18836.638612501734	2000.0	812.4126913256835	0.0	0	0.0	4649.051303827417	1	0	2	1.4846832424103766
19333.166632848894	1000.0	1266.2318689438048	0.0	0	0.0	4599.398501792695	1	0	2	0.45165243521137827
19816.29469982635	1000.0	1734.7909952686048	0.0	0	0.0	4551.085695094955	1	0	2	1.1496854929422886
21007.863025646897	2000.0	1424.0658368660022	0.0	0	0.0	4431.9288625128975	1	0	2	1.5056988556212247
21816.50852538919	2000.0	1534.5557871494784	0.0	0	0.0	4351.064312538663	1	0	2	2.2090467221801733
22564.363152610327	2000.0	1711.9156972062246	0.0	0	0.0	4276.278849816546	1	0	2	2.2161909524873
23451.170051045534	2000.0	1736.428108927497	0.0	0	0.0	4187.598159973026	1	0	2	2.22462644348171
24599.349543456992	2000.0	1473.4306672748914	0.0	0	0.0	4072.780210731882	1	0	2	2.2352084850909373
25416.039386236152	2000.0	1575.0718402178175	0.0	0	0.0	3991.1112264539697	1	0	2	2.2445951165033105
26289.1828715341	2000.0	1614.61400639008	0.0	0	0.0	3903.796877924182	1	0	2	2.2532773874702006
27143.810843637955	2000.0	1674.5232370758422	0.0	0	0.0	3818.334080713801	1	0	2	2.261695733364604
27799.527547190235	2000.0	1953.234863168342	0.0	0	0.0	3752.762410358584	1	0	2	2.2685158630430013
28708.32553935128	2000.0	1953.5570717911885	0.0	0	0.0	3661.8826111424714	1	0	2	2.277166292803663
29571.953284888947	2000.0	2003.5665516997567	0.0	0	0.0	3575.5198365887045	1	0	2	2.286010377824846
30557.84804180918	2000.0	1919.0823190875026	0.0	0	0.0	3476.930360896684	1	0	2	2.295461600993469
31231.136698470702	2000.0	2178.464796759828	0.0	0	0.0	3409.6014952305304	1	0	2	2.3029720982312964
31896.37676655298	2000.0	2446.7007218693184	0.0	0	0.0	3343.077488422299	1	0	2	2.3092219313296463
32786.338549282285	2000.0	2467.7427608670864	0.0	0	0.0	3254.0813101493695	1	0	2	2.3180656392200207
33983.607018949355	3000.0	2150.747444233295	0.0	0	0.0	3134.354463182648	1	0	2	2.5315503834707656
34942.609252292714	2000.0	2095.844987555602	0.0	0	0.0	3038.4542398483172	1	0	2	1.9341170785295885
35829.37445697055	2000.0	2120.403262409981	0.0	0	0.0	2949.7777193805305	1	0	2	2.3484974764699613
36879.80465513294	2000.0	1964.9300444313583	0.0	0	0.0	2844.7346995642874	1	0	2	2.358062785846943
37898.25634338909	2000.0	1844.6331873496001	0.0	0	0.0	2742.8895307386774	1	0	2	2.3689354128090088
38666.265550072465	2000.0	1999.8230599978854	0.0	0	0.0	2666.088610070343	1	0	2	2.3772174054817428
39989.7490067975	2000.0	1543.9912576003492	0.0	0	0.0	2533.740264397842	1	0	2	2.3897664799040346
40901.40662239461	2000.0	1541.1678804435296	0.0	0	0.0	2442.5745028381207	1	0	2	2.39891220935407
41669.830048647025	2000.0	1695.902111565867	0.0	0	0.0	2365.7321602128723	1	0	2	2.4072825350756553
42863.65396470739	2000.0	1382.6958038994624	0.0	0	0.0	2246.349768606822	1	0	2	2.417787969261546
43907.72710164753	2000.0	1234.215353265303	0.0	0	0.0	2141.9424549128016	1	0	2	2.428898619223969
44800.27463932453	2000.0	1252.4130618205872	0.0	0	0.0	2052.687701145085	1	0	2	2.438024736710358
45523.3213550467	2000.0	1457.0616745262103	0.0	0	0.0	1980.383029572884	1	0	2	2.4458412682262085
46231.71788236517	2000.0	1677.825494475885	0.0	0	0.0	1909.5433768410294	1	0	2	2.452971396312331
47200.0	3000.0	1612.715165077579	0.0	0	94.16259242180968	1812.7151650775631	1	0	2	2.6639934218463317
48356.013135426874	3000.0	1341.100716108013	0.0	0	0.0	1697.113851534872	1	0	2	3.0799602691131773
50778.136415122804	3000.0	200.0	281.0225635879139	0	0.0	1978.13641512279	1	0	1	1.386799291914177
50973.952916584494	300.0	984.601848392143	0.0	0	0.0	1958.5547649766231	1	0	2	-2.8988844527072843
52043.4016070873	2000.0	808.2082888390685	0.0	0	0.0	1851.6098959263545	1	0	2	0.5605265264146807
52550.64852285289	1000.0	1250.2366814969225	0.0	0	0.0	1800.8852043497973	1	0	2	0.7314452840321779
53200.0	1000.0	1535.9500566351014	0.0	0	180.2386799436863	1735.950056635098	1	0	2	1.429830881125049
54670.24860525018	2000.0	918.6765908599133	0.0	0	0.0	1588.9251961100817	1	0	2	1.789372456425297
55200.0	1000.0	1388.9251961100892	0.0	0	94.3991675744619	1588.9251961100817	1	0	1	0.7539195063179507
56200.0	2000.0	1388.9251961100967	0.0	0	71.3577877210264	1588.925196110089	1	0	1	1.9936402771578678
57200.0	2000.0	1388.9251961100977	0.0	0	48.345547769415134	1588.9251961100817	1	0	1	2.686787457717814
58247.02949160432	2000.0	1341.8957045057778	0.0	0	0.0	1588.9251961100817	1	0	1	2.686787457717814
59200.0	1000.0	1388.9251961100895	0.0	0	299.72587657212716	1588.9251961100817	1	0	1	0.9539195063179509
60200.0	2000.0	1388.9251961100877	0.0	0	40.34835392194509	1588.9251961100817	1	0	1	1.993640277157869
61202.96929247197	2000.0	1385.9559036381204	0.0	0	0.0	1588.925196110089	1	0	1	2.686787457717813
62200.0	2000.0	1388.9251961100938	0.0	0	458.6392808383898	1588.925196110089	1	0	1	2.686787457717813
63200.0	2000.0	1388.9251961100897	0.0	0	468.50136380590993	1588.925196110089	1	0	1	2.686787457717813
64200.0	2000.0	1388.9251961100942	0.0	0	64.20168863213621	1588.9251961100963	1	0	1	2.6867874577178124
65200.0	2000.0	1388.925196110089	0.0	0	279.634380530224	1588.9251961100963	1	0	1	2.6867874577178124
66200.0	2000.0	1388.9251961100883	0.0	0	446.5706882937957	1588.9251961100963	1	0	1	2.686787457717812
67200.0	2000.0	1388.9251961100942	0.0	0	588.0031537732866	1588.9251961100963	1	0	1	2.6867874577178124
68200.0	2000.0	1388.925196110087	0.0	0	463.59414584246406	1588.9251961101108	1	0	1	2.686787457717811
69247.44753683274	3000.0	1341.477659277339	0.0	0	0.0	1588.9251961100963	1	0	1	2.8895200117718947
70718.99014510897	3000.0	869.9350510010978	0.0	0	0.0	1588.9251961101108	1	0	1	3.294985119880058
71857.68176208231	2000.0	731.243434027747	0.0	0	0.0	1588.9251961101254	1	0	1	2.281322349609645
72808.27186752367	2000.0	780.653328586393	0.0	0	0.0	1588.9251961101254	1	0	1	2.6867874577178097
73736.8448694388	2000.0	852.0803266712477	0.0	0	0.0	1588.9251961101254	1	0	1	2.6867874577178097
74547.61008807598	2000.0	1041.3151080340772	0.0	0	0.0	1588.9251961101254	1	0	1	2.6867874577178097
75253.0404537908	2000.0	1335.884742319275	0.0	0	0.0	1588.9251961101254	1	0	1	2.6867874577178097
76281.06181439939	2000.0	1307.8633817106765	0.0	0	0.0	1588.9251961101254	1	0	1	2.6867874577178097
77200.0	2000.0	1388.9251961100697	0.0	0	305.7308960787341	1588.92519611014	1	0	1	2.686787457717808
78200.0	2000.0	1388.925196110059	0.0	0	479.5565003024967	1588.92519611014	1	0	1	2.686787457717808
79200.0	2000.0	1388.9251961100622	0.0	0	393.7472601822665	1588.9251961101254	1	0	1	2.6867874577178097
80200.0	2000.0	1388.9251961100465	0.0	0	212.83395309373736	1588.9251961101254	1	0	1	2.6867874577178097
81302.14129497415	2000.0	1286.7839011358956	0.0	0	0.0	1588.9251961101254	1	0	1	2.6867874577178097
82359.69025984342	2000.0	1229.2349362666228	0.0	0	0.0	1588.9251961101254	1	0	1	2.6867874577178097
83200.0	2000.0	1388.92519611004	0.0	0	57.77528307210014	1588.9251961101254	1	0	1	2.6867874577178097
84200.0	2000.0	1388.9251961100508	0.0	0	200.98319717908453	1588.9251961101254	1	0	1	2.6867874577178097
85200.0	2000.0	1388.9251961100638	0.0	0	375.3424684966012	1588.9251961101254	1	0	1	2.6867874577178097
86200.0	2000.0	1388.9251961100572	0.0	0	234.50394379462523	1588.9251961101254	1	0	1	2.6867874577178097
87200.0	2000.0	1388.9251961100554	0.0	0	200.75169768180058	1588.9251961101254	1	0	1	2.6867874577178097
88242.83686956188	2000.0	1346.0883265481864	0.0	0	0.0	1588.9251961101254	1	0	1	2.6867874577178097
89200.0	2000.0	1388.9251961100676	0.0	0	37.05342733148427	1588.9251961101254	1	0	1	2.6867874577178097
90373.85179689771	2000.0	1215.073399212347	0.0	0	0.0	1588.9251961101254	1	0	1	2.6867874577178097
91200.0	2000.0	1388.9251961100586	0.0	0	195.6542106780107	1588.9251961101254	1	0	1	2.6867874577178097
92200.0	2000.0	1388.9251961100465	0.0	0	439.0092718798405	1588.9251961101108	1	0	1	2.686787457717811
93200.0	2000.0	1388.9251961100438	0.0	0	3.38342769992596	1588.9251961101108	1	0	1	2.686787457717811
94220.421058419	2000.0	1368.5041376910483	0.0	0	0.0	1588.9251961101108	1	0	1	2.686787457717811
95200.0	2000.0	1388.9251961100447	0.0	0	102.41124762044637	1588.9251961100963	1	0	1	2.6867874577178124
96200.0	2000.0	1388.9251961100224	0.0	0	207.13220447624917	1588.9251961100963	1	0	1	2.6867874577178124
97605.56439584121	2000.0	983.3608002688107	0.0	0	0.0	1588.9251961100963	1	0	1	2.6867874577178124
98200.0	1000.0	1388.925196110018	0.0	0	3.5914289619686315	1588.9251961100963	1	0	1	0.9539195063179495
99584.47270587084	2000.0	1004.4524902391838	0.0	0	0.0	1588.9251961100817	1	0	1	1.993640277157869
100200.0	1000.0	1388.925196110024	0.0	0	260.68803916694014	1588.9251961100672	1	0	1	0.9539195063179525
101200.0	1000.0	1388.9251961100308	0.0	0	469.85853046446573	1588.9251961100672	1	0	1	1.6470666868778978
102200.0	1000.0	1388.9251961100397	0.0	0	192.344906675542	1588.9251961100672	1	0	1	1.6470666868778978
103200.0	1000.0	1388.9251961100406	0.0	0	539.0053748072387	1588.9251961100526	1	0	1	1.6470666868778991
104200.0	1000.0	1388.9251961100483	0.0	0	348.6734854554379	1588.9251961100526	1	0	1	1.6470666868778991
105475.0988865444	2000.0	1113.8263095656423	0.0	0	0.0	1588.9251961100526	1	0	1	1.9936402771578718
106200.0	1000.0	1388.9251961100288	0.0	0	175.67061796560301	1588.9251961100526	1	0	1	0.953919506317954
107200.0	1000.0	1388.9251961100213	0.0	0	396.28885801369324	1588.9251961100526	1	0	1	1.6470666868778991
108200.0	2000.0	1388.9251961100254	0.0	0	67.1137351632351	1588.9251961100526	1	0	1	1.9936402771578718
109200.0	2000.0	1388.9251961100133	0.0	0	174.10222883148526	1588.9251961100526	1	0	1	2.686787457717817
110200.0	2000.0	1388.9251961099963	0.0	0	214.5516684929753	1588.9251961100526	1	0	1	2.686787457717817
111200.0	2000.0	1388.9251961099967	0.0	0	225.67877997354663	1588.9251961100526	1	0	1	2.686787457717817
112200.0	2000.0	1388.9251961099926	0.0	0	462.4723241592146	1588.9251961100672	1	0	1	2.6867874577178155
113308.35293029525	2000.0	1280.572265814734	0.0	0	0.0	1588.9251961100672	1	0	1	2.6867874577178155
114531.89924017034	2000.0	1057.0259559396359	0.0	0	0.0	1588.9251961100672	1	0	1	2.6867874577178155
115884.39507091354	2000.0	704.5301251964606	0.0	0	0.0	1588.9251961100672	1	0	1	2.6867874577178155
116503.29114650375	1000.0	1085.6340496062453	0.0	0	0.0	1588.9251961100526	1	0	1	0.953919506317954
117200.0	1000.0	1388.9251961099947	0.0	0	192.83537183521548	1588.9251961100526	1	0	1	1.6470666868778991
118200.0	1000.0	1388.9251961100135	0.0	0	599.5692270339787	1588.9251961100672	1	0	1	1.6470666868778978
119200.0	2000.0	1388.9251961100165	0.0	0	108.3584934953833	1588.9251961100672	1	0	1	1.99364027715787
120393.38062297276	2000.0	1195.544573137252	0.0	0	0.0	1588.9251961100817	1	0	1	2.686787457717814
121915.26509058989	2000.0	673.6601055201097	0.0	0	0.0	1588.9251961100817	1	0	1	2.686787457717814
122588.41905590592	1000.0	1000.5061402040662	0.0	0	0.0	1588.9251961100817	1	0	1	0.9539195063179509
123200.0	1000.0	1388.9251961099835	0.0	0	74.27846053197572	1588.9251961100817	1	0	1	1.647066686877896
124200.0	2000.0	1388.925196109982	0.0	0	346.2353334406944	1588.9251961100817	1	0	1	1.993640277157869
125200.0	2000.0	1388.925196109971	0.0	0	269.93157351635455	1588.9251961100817	1	0	1	2.686787457717814
126200.0	2000.0	1388.9251961099856	0.0	0	194.3266909961385	1588.9251961100817	1	0	1	2.686787457717814
127290.66901453534	2000.0	1298.2561815746576	0.0	0	0.0	1588.9251961100963	1	0	1	2.6867874577178124
128575.68166039833	2000.0	1013.2435357116562	0.0	0	0.0	1588.9251961101108	1	0	1	2.686787457717811
129351.50252588897	1000.0	1237.4226702210362	0.0	0	0.0	1588.9251961101108	1	0	1	0.9539195063179481
130200.0	1000.0	1388.925196109984	0.0	0	349.70198601315496	1588.9251961101108	1	0	1	1.6470666868778934
131200.0	1000.0	1388.9251961099903	0.0	0	529.6008241380914	1588.9251961101108	1	0	1	1.6470666868778934
132200.0	1000.0	1388.9251961100267	0.0	0	579.573320702737	1588.92519611014	1	0	1	1.6470666868778918
133200.0	1000.0	1388.9251961099903	0.0	0	348.6546506755403	1588.9251961101254	1	0	1	1.6470666868778914
134200.0	1000.0	1388.9251961099656	0.0	0	451.3061807487393	1588.9251961100963	1	0	1	1.6470666868778936
135200.0	2000.0	1388.9251961099524	0.0	0	101.2347217493807	1588.9251961100672	1	0	1	1.9936402771578694
136372.45064183403	2000.0	1216.474554275877	0.0	0	0.0	1588.9251961100672	1	0	1	2.6867874577178155
137275.86655188413	2000.0	1313.058644225796	0.0	0	0.0	1588.9251961100963	1	0	1	2.6867874577178124
138295.80573946485	2000.0	1293.1194566450804	0.0	0	0.0	1588.9251961100963	1	0	1	2.6867874577178124
139274.26162133	2000.0	1314.6635747799498	0.0	0	0.0	1588.9251961100963	1	0	1	2.6867874577178124
140200.0	1000.0	1388.925196109939	0.0	0	455.6471527158865	1588.9251961100963	1	0	1	0.9539195063179495
141200.0	1000.0	1388.925196109936	0.0	0	579.8177030138031	1588.9251961101254	1	0	1	1.6470666868778918
142200.0	2000.0	1388.9251961099465	0.0	0	83.59161603922257	1588.9251961101254	1	0	1	1.9936402771578645
143200.0	2000.0	1388.9251961099333	0.0	0	52.16905926272739	1588.9251961101254	1	0	1	2.6867874577178097
144200.0	2000.0	1388.9251961099137	0.0	0	334.6373023931519	1588.9251961101254	1	0	1	2.6867874577178097
145200.0	2000.0	1388.9251961099255	0.0	0	196.76239827959216	1588.9251961101254	1	0	1	2.6867874577178097
146200.0	2000.0	1388.9251961099305	0.0	0	91.51731942532933	1588.9251961101254	1	0	1	2.6867874577178097
147823.41199619047	3000.0	765.5131999194734	0.0	0	0.0	1588.9251961101254	1	0	1	2.889520011771892
148371.38705212084	1000.0	1217.538143989072	0.0	0	0.0	1588.9251961101254	1	0	1	0.548454398209782
149330.5647818145	2000.0	1258.3604142954443	0.0	0	0.0	1588.9251961101254	1	0	1	1.9936402771578645
150200.0	2000.0	1388.9251961099556	0.0	0	243.371099386859	1588.9251961101254	1	0	1	2.6867874577178097
151200.0	2000.0	1388.9251961099417	0.0	0	282.15476996049983	1588.9251961101545	1	0	1	2.686787457717807
152200.0	2000.0	1388.9251961099485	0.0	0	427.7730926904187	1588.9251961101545	1	0	1	2.686787457717807
153200.0	2000.0	1388.9251961099524	0.0	0	255.40970100089908	1588.9251961101545	1	0	1	2.686787457717807
154200.0	3000.0	1388.9251961099135	0.0	0	134.77380766125862	1588.9251961101545	1	0	1	2.8895200117718893
155200.0	3000.0	1388.9251961099026	0.0	0	206.77349644663627	1588.9251961101545	1	0	1	3.294985119880054
156200.0	3000.0	1388.9251961098907	0.0	0	7.17887881671777	1588.9251961101545	1	0	1	3.294985119880054
157200.0	3000.0	1388.9251961098607	0.0	0	255.98816869425355	1588.9251961101254	1	0	1	3.2949851198800566
158449.32948654125	3000.0	1139.5957095686147	0.0	0	0.0	1588.9251961101254	1	0	1	3.2949851198800566
159274.36259678483	2000.0	1314.5625993250028	0.0	0	0.0	1588.9251961101254	1	0	1	2.281322349609645
160465.9081672741	3000.0	1123.0170288357288	0.0	0	0.0	1588.9251961101254	1	0	1	2.889520011771892
161200.0	2000.0	1388.9251961098405	0.0	0	312.18694738455815	1588.9251961101254	1	0	1	2.281322349609645
162200.0	3000.0	1388.9251961098666	0.0	0	203.36424672047724	1588.9251961101254	1	0	1	2.889520011771892
163200.0	3000.0	1388.9251961098826	0.0	0	126.7798221577832	1588.9251961101254	1	0	1	3.2949851198800566
164416.22081030058	3000.0	1172.7043858092989	0.0	0	0.0	1588.9251961101254	1	0	1	3.2949851198800566
165648.91591362306	2000.0	940.0092824868257	0.0	0	0.0	1588.9251961101254	1	0	1	2.281322349609645
166601.06678929573	2000.0	987.8584068141631	0.0	0	0.0	1588.9251961101254	1	0	1	2.6867874577178097
167200.0	1000.0	1388.9251961099028	0.0	0	125.8961356759828	1588.9251961101254	1	0	1	0.9539195063179466
168200.0	2000.0	1388.9251961099203	0.0	0	184.7797976807633	1588.9251961101545	1	0	1	1.9936402771578616
169200.0	1000.0	1388.9251961099383	0.0	0	413.8454647496983	1588.9251961101836	1	0	1	0.953919506317942
170200.0	1000.0	1388.9251961099494	0.0	0	472.9501880038297	1588.9251961101836	1	0	1	1.647066686877886
171200.0	2000.0	1388.9251961099556	0.0	0	245.83580454837647	1588.9251961101545	1	0	1	1.9936402771578616
172200.0	2000.0	1388.925196109974	0.0	0	421.0093974949559	1588.9251961101545	1	0	1	2.686787457717807
173200.0	2000.0	1388.9251961099776	0.0	0	396.7994240493572	1588.9251961101836	1	0	1	2.686787457717805
174248.74221617632	2000.0	1340.1829799336674	0.0	0	0.0	1588.9251961101545	1	0	1	2.686787457717807
175395.82277519422	2000.0	1193.1024209157465	0.0	0	0.0	1588.9251961101545	1	0	1	2.686787457717807
176200.0	2000.0	1388.9251961099721	0.0	0	139.43569255858893	1588.9251961101545	1	0	1	2.686787457717807
177200.0	2000.0	1388.925196109924	0.0	0	227.34970592020545	1588.9251961101545	1	0	1	2.686787457717807
178427.78056037045	2000.0	1161.1446357394482	0.0	0	0.0	1588.9251961101254	1	0	1	2.6867874577178097
179385.3756544611	2000.0	1203.549541648791	0.0	0	0.0	1588.9251961100963	1	0	1	2.6867874577178124
180200.0	2000.0	1388.9251961098923	0.0	0	21.100104031560477	1588.9251961100963	1	0	1	2.6867874577178124
181200.0	2000.0	1388.925196109901	0.0	0	1.6564973550557625	1588.9251961100963	1	0	1	2.6867874577178124
182359.47289864076	2000.0	1229.4522974691577	0.0	0	0.0	1588.9251961100963	1	0	1	2.6867874577178124
183254.4774766234	2000.0	1334.4477194865096	0.0	0	0.0	1588.9251961100672	1	0	1	2.6867874577178155
184200.0	2000.0	1388.9251961099053	0.0	0	96.99630708107725	1588.9251961100672	1	0	1	2.6867874577178155
185200.0	2000.0	1388.92519610991	0.0	0	385.09283427215996	1588.9251961100672	1	0	1	2.6867874577178155
186604.23470176815	2000.0	984.6904943417569	0.0	0	0.0	1588.9251961100672	1	0	1	2.6867874577178155
187287.5904490687	1000.0	1301.3347470412073	0.0	0	0.0	1588.925196110038	1	0	1	0.9539195063179553
188761.71061593792	2000.0	827.2145801719759	0.0	0	0.0	1588.925196110038	1	0	1	1.9936402771578734
189213.49639355636	1000.0	1375.4288025535511	0.0	0	0.0	1588.925196110038	1	0	1	0.9539195063179553
190200.0	2000.0	1388.9251961099208	0.0	0	60.25624142991728	1588.9251961100672	1	0	1	1.99364027715787
191260.75486077438	2000.0	1328.1703353355244	0.0	0	0.0	1588.925196110038	1	0	1	2.6867874577178186
192241.17029272753	2000.0	1347.7549033823686	0.0	0	0.0	1588.925196110038	1	0	1	2.6867874577178186
193217.10336436683	2000.0	1371.8218317430849	0.0	0	0.0	1588.9251961100672	1	0	1	2.6867874577178155
194200.0	2000.0	1388.9251961099014	0.0	0	333.6002623186796	1588.925196110038	1	0	1	2.6867874577178172
195200.0	2000.0	1388.9251961098485	0.0	0	527.5760501889745	1588.925196110038	1	0	1	2.6867874577178186
196200.0	2000.0	1388.9251961098266	0.0	0	387.35435445132316	1588.925196110038	1	0	1	2.6867874577178186
197840.55621418782	3000.0	748.3689819220278	0.0	0	0.0	1588.925196110038	1	0	1	2.889520011771901
198556.81630695926	1000.0	1032.108889150566	0.0	0	0.0	1588.925196110009	1	0	1	0.5484543982097937
199909.1461402281	2000.0	679.779055881696	0.0	0	0.0	1588.9251961099799	1	0	1	1.9936402771578774
200424.91048673153	1000.0	1164.0147093782975	0.0	0	0.0	1588.9251961099799	1	0	1	0.9539195063179611
201200.0	1000.0	1388.9251961098441	0.0	0	110.79672307011788	1588.9251961099799	1	0	1	1.6470666868779062
202200.0	1000.0	1388.925196109812	0.0	0	342.43660365545657	1588.9251961099508	1	0	1	1.647066686877908
203200.0	1000.0	1388.9251961098341	0.0	0	619.2569054058113	1588.9251961099508	1	0	1	1.6470666868779094
204200.0	2000.0	1388.925196109817	0.0	0	98.60049398848787	1588.9251961099508	1	0	1	1.9936402771578816
205200.0	2000.0	1388.9251961098516	0.0	0	289.1494188505749	1588.9251961099508	1	0	1	2.686787457717827
206200.0	2000.0	1388.9251961098391	0.0	0	314.91211873915745	1588.9251961099217	1	0	1	2.686787457717829
207808.61926389	2000.0	780.3059322198621	0.0	0	0.0	1588.9251961099508	1	0	1	2.6867874577178292
208463.94513956454	1000.0	1124.9800565452988	0.0	0	0.0	1588.9251961099508	1	0	1	0.9539195063179642
209200.0	1000.0	1388.925196109862	0.0	0	202.8307381493505	1588.9251961099508	1	0	1	1.6470666868779094
210200.0	2000.0	1388.9251961098707	0.0	0	284.4752489949169	1588.9251961099217	1	0	1	1.9936402771578845
211200.0	2000.0	1388.9251961098798	0.0	0	283.4152867664234	1588.9251961099508	1	0	1	2.686787457717827
212200.0	2000.0	1388.925196109856	0.0	0	390.8249975387007	1588.9251961099217	1	0	1	2.686787457717829
213200.0	2000.0	1388.9251961098385	0.0	0	275.6345305373834	1588.9251961098926	1	0	1	2.6867874577178315
214200.0	2000.0	1388.925196109835	0.0	0	245.98214030108647	1588.9251961099217	1	0	1	2.6867874577178306
215200.0	2000.0	1388.925196109832	0.0	0	281.74487498105736	1588.9251961099217	1	0	1	2.6867874577178297
216200.0	2000.0	1388.9251961098382	0.0	0	569.8309441179736	1588.9251961099217	1	0	1	2.6867874577178297
217200.0	3000.0	1388.9251961098562	0.0	0	252.86728805035818	1588.9251961099217	1	0	1	2.8895200117719124
218200.0	3000.0	1388.925196109844	0.0	0	193.01448569179047	1588.9251961099217	1	0	1	3.294985119880077
219200.0	3000.0	1388.9251961098355	0.0	0	95.64581947270199	1588.9251961099217	1	0	1	3.294985119880077
220491.459980656	3000.0	1097.4652154538294	0.0	0	0.0	1588.9251961098926	1	0	1	3.29498511988008
221317.3964182932	2000.0	1271.5287778165723	0.0	0	0.0	1588.9251961098926	1	0	1	2.2813223496096686
222293.07611579035	2000.0	1295.849080319422	0.0	0	0.0	1588.9251961098926	1	0	1	2.6867874577178332
223200.0	2000.0	1388.9251961097887	0.0	0	218.86790032777935	1588.9251961098926	1	0	1	2.6867874577178332
224200.0	2000.0	1388.9251961097605	0.0	0	295.55937918511336	1588.9251961098635	1	0	1	2.686787457717835
225200.0	2000.0	1388.9251961097596	0.0	0	47.91898851923179	1588.9251961098635	1	0	1	2.686787457717836
226200.0	2000.0	1388.925196109748	0.0	0	61.05840171527234	1588.9251961098344	1	0	1	2.6867874577178386
227200.0	2000.0	1388.925196109753	0.0	0	386.589019524341	1588.9251961098344	1	0	1	2.6867874577178386
228200.0	2000.0	1388.925196109762	0.0	0	503.8951875877392	1588.9251961098635	1	0	1	2.686787457717836
229200.0	2000.0	1388.9251961097432	0.0	0	330.57932573446305	1588.9251961098635	1	0	1	2.686787457717836
230273.49750494395	2000.0	1315.4276911657573	0.0	0	0.0	1588.9251961098344	1	0	1	2.686787457717838
231285.0291732531	2000.0	1303.8960228566089	0.0	0	0.0	1588.9251961098344	1	0	1	2.6867874577178386
232409.86367186913	2000.0	1179.061524240612	0.0	0	0.0	1588.9251961098053	1	0	1	2.686787457717842
233200.0	2000.0	1388.925196109727	0.0	0	7.553101129567949	1588.9251961098053	1	0	1	2.686787457717842
234200.0	2000.0	1388.9251961097384	0.0	0	186.92846857217955	1588.9251961098053	1	0	1	2.686787457717842
235200.0	2000.0	1388.9251961097523	0.0	0	332.87391844022204	1588.9251961097762	1	0	1	2.686787457717844
236200.0	2000.0	1388.9251961097536	0.0	0	54.529636903636856	1588.9251961098053	1	0	1	2.686787457717842
237232.3680132342	2000.0	1356.5571828755683	0.0	0	0.0	1588.9251961098053	1	0	1	2.686787457717842
238200.0	2000.0	1388.9251961097898	0.0	0	277.7844995386549	1588.9251961098053	1	0	1	2.686787457717842
239200.0	2000.0	1388.9251961097848	0.0	0	260.8304419296037	1588.9251961098053	1	0	1	2.686787457717842
240200.0	2000.0	1388.9251961097614	0.0	0	234.42599895305466	1588.9251961098053	1	0	1	2.686787457717841
241200.0	2000.0	1388.9251961097489	0.0	0	262.2367123523727	1588.9251961098053	1	0	1	2.686787457717842
242431.70068077315	2000.0	1157.2245153365648	0.0	0	0.0	1588.9251961098344	1	0	1	2.6867874577178386
243200.4351405639	2000.0	1388.4900555458257	0.0	0	0.0	1588.9251961098635	1	0	1	2.686787457717836
244200.0	2000.0	1388.9251961097086	0.0	0	147.19264004650177	1588.9251961098635	1	0	1	2.686787457717836
245200.0	2000.0	1388.925196109747	0.0	0	280.37368359588436	1588.9251961098926	1	0	1	2.6867874577178332
246434.24780592395	2000.0	1154.6773901857894	0.0	0	0.0	1588.9251961098926	1	0	1	2.6867874577178332
247356.61710477996	1000.0	1232.3080913298177	0.0	0	0.0	1588.9251961099217	1	0	1	0.953919506317967
248464.86381319212	2000.0	1124.0613829176873	0.0	0	0.0	1588.9251961099217	1	0	1	1.9936402771578845
249200.0	1000.0	1388.9251961098169	0.0	0	239.1647562503058	1588.9251961099217	1	0	1	0.953919506317967
250200.0	1000.0	1388.9251961098034	0.0	0	371.94510345882736	1588.9251961099217	1	0	1	1.647066686877912
251200.0	1000.0	1388.9251961098146	0.0	0	191.30823627006612	1588.9251961099217	1	0	1	1.647066686877912
252200.0	1000.0	1388.9251961098003	0.0	0	370.81418449102785	1588.9251961099217	1	0	1	1.647066686877912
253200.0	1000.0	1388.925196109807	0.0	0	516.3310240301071	1588.9251961099217	1	0	1	1.647066686877912
254200.0	1000.0	1388.9251961097777	0.0	0	568.3146011764475	1588.9251961099217	1	0	1	1.647066686877912
255200.0	1000.0	1388.9251961097718	0.0	0	366.9015526965959	1588.9251961099217	1	0	1	1.647066686877912
256200.0	1000.0	1388.925196109764	0.0	0	451.9284198152018	1588.9251961099217	1	0	1	1.647066686877912
257200.0	1000.0	1388.925196109739	0.0	0	432.01559178202297	1588.9251961099217	1	0	1	1.647066686877912
258200.0	2000.0	1388.9251961097593	0.0	0	408.3740323361999	1588.9251961099508	1	0	1	1.993640277157883
259200.0	2000.0	1388.925196109789	0.0	0	168.56899641119526	1588.9251961099508	1	0	1	2.686787457717827
260200.0	2000.0	1388.9251961097734	0.0	0	411.08307060724474	1588.9251961099217	1	0	1	2.686787457717829
261200.0	2000.0	1388.9251961097525	0.0	0	331.62293544289423	1588.9251961099217	1	0	1	2.6867874577178297
262200.0	2000.0	1388.9251961097466	0.0	0	3.174051904818043	1588.9251961098926	1	0	1	2.6867874577178332
263443.000157152	2000.0	1145.9250389577285	0.0	0	0.0	1588.9251961098635	1	0	1	2.6867874577178354
264260.6586205549	2000.0	1328.2665755548653	0.0	0	0.0	1588.9251961098635	1	0	1	2.686787457717836
265200.0	2000.0	1388.9251961097264	0.0	0	46.94234657060588	1588.9251961099217	1	0	1	2.6867874577178297
266289.2993137433	2000.0	1299.6258823664452	0.0	0	0.0	1588.9251961099217	1	0	1	2.6867874577178297
267200.0	1000.0	1388.9251961097832	0.0	0	358.0206958264462	1588.9251961099799	1	0	1	0.9539195063179635
268200.0	2000.0	1388.9251961097755	0.0	0	255.85523868864402	1588.925196110038	1	0	1	1.9936402771578756
269329.8675385857	2000.0	1259.0576575240732	0.0	0	0.0	1588.925196110038	1	0	1	2.6867874577178186
270972.26576769294	2000.0	616.6594284167475	0.0	0	0.0	1588.9251961099799	1	0	1	2.686787457717821
271675.04260074714	1000.0	913.8825953625555	0.0	0	0.0	1588.9251961099799	1	0	1	0.9539195063179611
272200.0	1000.0	1388.92519610973	0.0	0	119.83529963874025	1588.9251961099799	1	0	1	1.6470666868779062
273200.0	2000.0	1388.9251961097302	0.0	0	291.2920253951452	1588.9251961099217	1	0	1	1.9936402771578845
274200.0	2000.0	1388.9251961098062	0.0	0	386.12104180885945	1588.9251961099217	1	0	1	2.6867874577178297
275200.0	2000.0	1388.9251961097405	0.0	0	8.68257479229942	1588.9251961099799	1	0	1	2.6867874577178243
276259.9954556942	2000.0	1328.929740415529	0.0	0	0.0	1588.9251961099217	1	0	1	2.6867874577178297
277200.0	2000.0	1388.925196109729	0.0	0	147.72669102391228	1588.9251961099217	1	0	1	2.6867874577178297
278672.4362133247	2000.0	916.4889827850313	0.0	0	0.0	1588.9251961098635	1	0	1	2.686787457717831
279233.9670357652	1000.0	1354.9581603446	0.0	0	0.0	1588.9251961098635	1	0	1	0.9539195063179728
280200.0	1000.0	1388.9251961097389	0.0	0	474.2738845065469	1588.9251961099217	1	0	1	1.647066686877912
281200.0	1000.0	1388.9251961097962	0.0	0	483.61550736729987	1588.9251961099217	1	0	1	1.647066686877912
282373.62396428816	2000.0	1215.3012318216092	0.0	0	0.0	1588.9251961098635	1	0	1	1.9936402771578905
283200.0	1000.0	1388.9251961097	0.0	0	285.94599451468093	1588.9251961098053	1	0	1	0.9539195063179786
284200.0	2000.0	1388.925196109667	0.0	0	41.99479297781363	1588.9251961098053	1	0	1	1.9936402771578967
285200.0	2000.0	1388.9251961096716	0.0	0	283.81074057664955	1588.9251961098053	1	0	1	2.686787457717842
286230.17593522446	2000.0	1358.7492608853029	0.0	0	0.0	1588.9251961098053	1	0	1	2.686787457717842
287200.0	2000.0	1388.9251961097439	0.0	0	52.12498218892142	1588.9251961098053	1	0	1	2.686787457717842
288314.2733738732	2000.0	1274.6518222365278	0.0	0	0.0	1588.9251961098053	1	0	1	2.686787457717842
289478.9703846193	2000.0	1109.954811490404	0.0	0	0.0	1588.9251961098635	1	0	1	2.686787457717836
290200.0	1000.0	1388.9251961097455	0.0	0	391.62016576033784	1588.9251961098635	1	0	1	0.9539195063179728
291291.6638052099	2000.0	1297.2613908998503	0.0	0	0.0	1588.9251961098635	1	0	1	1.9936402771578905
292296.2262808226	2000.0	1292.6989152871672	0.0	0	0.0	1588.9251961098635	1	0	1	2.686787457717836
293200.0	2000.0	1388.9251961097589	0.0	0	154.49407485924894	1588.9251961099217	1	0	1	2.6867874577178297
294200.0	2000.0	1388.9251961097507	0.0	0	530.5797533197328	1588.9251961099217	1	0	1	2.6867874577178297
295200.0	2000.0	1388.9251961097718	0.0	0	448.14938221132616	1588.9251961099217	1	0	1	2.6867874577178297
296209.49056012306	3000.0	1379.43463598676	0.0	0	0.0	1588.9251961099217	1	0	1	2.8895200117719124
298076.1654217462	3000.0	512.7597743636445	0.0	0	0.0	1588.9251961099217	1	0	1	3.294985119880077
298456.38127265393	1000.0	1132.543923455903	0.0	0	0.0	1588.9251961099217	1	0	1	0.5484543982098022
299200.0	2000.0	1388.9251961098025	0.0	0	96.47345651499927	1588.9251961099217	1	0	1	1.9936402771578845
300200.0	2000.0	1388.9251961098464	0.0	0	308.7928765962133	1588.9251961099799	1	0	1	2.6867874577178243
2.81	3.76	2.59	2.63	2.98	3.5	4.02	2.91	3.53	1.31	1.53	1.98	1.93	2.17	2.37	1.62	3.13	2.7	2.18	2.11	2.53	2.7	1.66	2.13	2.32	2.98	1.78	2.53	2.11	2.66	2.37	1.61	2.07	1.53	2.63	2.33	2.26	2.4	3.04	3.38	4.12	4.0	1.74	1.26	1.83	1.98	1.92	2.19	1.74	2.15	2.4	2.07	1.44	2.17	1.93	3.02	2.97	3.05	1.87	2.75	4.05	5.31	3.24	3.44	2.39	2.18	2.97	2.77	2.79	2.35	2.77	3.03	3.49	2.9	2.24	1.56	2.48	2.13	3.13	3.02	3.14	2.07	2.43	2.41	2.36	3.23	2.1	1.51	2.48	3.15	1.95	1.69	1.42	1.83	2.54	1.54	1.78	1.8	1.96	2.07	2.47	1.16	2.63	3.37	2.68	3.51	2.49	1.51	2.58	1.82	1.61	2.21	2.84	2.53	2.09	1.34	1.7	2.21	3.15	2.39	1.98	1.88	2.13	1.7	1.85	2.2	2.11	2.26	2.41	2.41	1.76	1.98	2.15	1.7	2.22	2.65	1.97	2.93	4.26	2.7	3.34	2.03	1.77	2.75	3.87	3.13	2.65	2.61	3.86	2.1	2.81	3.76	2.59	2.63	2.98	3.5	4.02	2.91	3.53	1.31	1.53	1.98	1.93	2.17	2.37	1.62	3.13	2.7	2.18	2.11	2.53	2.7	1.66	2.13	2.32	2.98	1.78	2.53	2.11	2.66	2.37	1.61	2.07	1.53	2.63	2.33	2.26	2.4	3.04	3.38	4.12	4.0	1.74	1.26	1.83	1.98	1.92	2.19	1.74	2.15	2.4	2.07	1.44	2.17	1.93	3.02	2.97	3.05	1.87	2.75	4.05	5.31	3.24	3.44	2.39	2.18	2.97	2.77	2.79	2.35	2.77	3.03	3.49	2.9	2.24	1.56	2.48	2.13	3.13	3.02	3.14	2.07	2.43	2.41	2.36	3.23	2.1	1.51	2.48	3.15	1.95	1.69	1.42	1.83	2.54	1.54	1.78	1.8	1.96	2.07	2.47	1.16	2.63	3.37	2.68	3.51	2.49	1.51	2.58	1.82	1.61	2.21	2.84	2.53	2.09	1.34	1.7	2.21	3.15	2.39	1.98	1.88	2.13	1.7	1.85	2.2	2.11	2.26	2.41	2.41	1.76	1.98	2.15	1.7	2.22	2.65	1.97	2.93	4.26	2.7	3.34	2.03	1.77	2.75	3.87	3.13	2.65
1.0	2.0	3.0	4.0	5.0	6.0	7.0	8.0	9.0	10.0	11.0	12.0	13.0	14.0	15.0	16.0	17.0	18.0	19.0	20.0	21.0	22.0	23.0	24.0	25.0	26.0	27.0	28.0	29.0	30.0	31.0	32.0	33.0	34.0	35.0	36.0	37.0	38.0	39.0	40.0	41.0	42.0	43.0	44.0	45.0	46.0	47.0	48.0	49.0	50.0	51.0	52.0	53.0	54.0	55.0	56.0	57.0	58.0	59.0	60.0	61.0	62.0	63.0	64.0	65.0	66.0	67.0	68.0	69.0	70.0	71.0	72.0	73.0	74.0	75.0	76.0	77.0	78.0	79.0	80.0	81.0	82.0	83.0	84.0	85.0	86.0	87.0	88.0	89.0	90.0	91.0	92.0	93.0	94.0	95.0	96.0	97.0	98.0	99.0	100.0	101.0	102.0	103.0	104.0	105.0	106.0	107.0	108.0	109.0	110.0	111.0	112.0	113.0	114.0	115.0	116.0	117.0	118.0	119.0	120.0	121.0	122.0	123.0	124.0	125.0	126.0	127.0	128.0	129.0	130.0	131.0	132.0	133.0	134.0	135.0	136.0	137.0	138.0	139.0	140.0	141.0	142.0	143.0	144.0	145.0	146.0	147.0	148.0	149.0	149.0	150.0	151.0	152.0	153.0	154.0	155.0	156.0	157.0	158.0	159.0	160.0	161.0	162.0	163.0	164.0	165.0	166.0	167.0	168.0	169.0	170.0	171.0	172.0	173.0	174.0	175.0	176.0	177.0	178.0	179.0	180.0	181.0	182.0	183.0	184.0	185.0	186.0	187.0	188.0	189.0	190.0	191.0	192.0	193.0	194.0	195.0	196.0	197.0	198.0	199.0	200.0	201.0	202.0	203.0	204.0	205.0	206.0	207.0	208.0	209.0	210.0	211.0	212.0	213.0	214.0	215.0	216.0	217.0	218.0	219.0	220.0	221.0	222.0	223.0	224.0	225.0	226.0	227.0	228.0	229.0	230.0	231.0	232.0	233.0	234.0	235.0	236.0	237.0	238.0	239.0	240.0	241.0	242.0	243.0	244.0	245.0	246.0	247.0	248.0	249.0	250.0	251.0	252.0	253.0	254.0	255.0	256.0	257.0	258.0	259.0	260.0	261.0	262.0	263.0	264.0	265.0	266.0	267.0	268.0	269.0	270.0	271.0	272.0	273.0	274.0	275.0	276.0	277.0	278.0	279.0	280.0	281.0	282.0	283.0	284.0	285.0	286.0	287.0	288.0	289.0	290.0	291.0	292.0	293.0	294.0	295.0	296.0
5666.410471124837
