6265.2760529439765	300.0	2000.0	406.82509615996753	0	0.0	6265.2760529439765	1	0	1	-3.0572629093772066
6931.648012626591	500.0	2266.9908443491236	0.0	0	0.0	6198.638856975715	1	0	2	-0.7661189446680728
7892.021402334195	1000.0	2210.580115670759	0.0	0	0.0	6102.601518004954	1	0	2	0.30010360548080794
8769.913236002862	1000.0	2244.899098635225	0.0	0	0.0	6014.812334638087	1	0	2	1.0018210920758848
10933.732830986159	1000.0	864.6975441535981	0.0	0	0.0	5798.4303751397565	1	0	2	1.0194977904265927
11948.33342344483	500.0	748.6368924490575	0.0	0	0.0	5696.970315893887	1	0	2	-0.6989144089015128
12499.097488855556	300.0	1142.79642049726	0.0	0	0.0	5641.893909352815	1	0	2	-1.2760337367154717
13246.502497286361	500.0	1320.6509112233737	0.0	0	0.0	5567.153408509735	1	0	2	-0.5031611330119404
13807.38308646771	500.0	1703.6822631238897	0.0	0	0.0	5511.065349591599	1	0	2	0.0137919371157878
14571.093032372126	500.0	1863.6013226290327	0.0	0	0.0	5434.694355001158	1	0	2	0.02110597558193847
14927.275862200173	500.0	2471.8002098181823	0.0	0	0.0	5399.076072018355	1	0	2	0.025444020746294038
15754.654991346877	1000.0	2561.6831677568084	0.0	0	0.0	5316.338159103685	1	0	2	0.37931877676904296
16525.491686067806	1000.0	2713.7628035637845	0.0	0	0.0	5239.254489631592	1	0	2	1.079884616744312
17319.30697150097	1000.0	2840.565989587305	0.0	0	0.0	5159.872961088278	1	0	2	1.087953140126893
18526.595853357445	1000.0	2512.5482195451787	0.0	0	0.0	5039.144072902627	1	0	2	1.099163357012053
19270.089863942012	1000.0	2694.704807902156	0.0	0	0.0	4964.794671844173	1	0	2	1.1075501128820004
19767.49258064277	1000.0	3147.561819531322	0.0	0	0.0	4915.054400174098	1	0	2	1.113275886768655
20570.099941608456	2000.0	3264.693722469073	0.0	0	0.0	4834.793664077535	1	0	2	1.4672199365197223
21576.086823780177	2000.0	3158.108152080178	0.0	0	0.0	4734.194975860359	1	0	2	2.1688978191477806
23193.49059661549	2000.0	2378.9640019613284	0.0	0	0.0	4572.45459857682	1	0	2	2.1852317275939948
24524.981012624485	2000.0	1914.3245443514334	0.0	0	0.0	4439.30555697592	1	0	2	2.198793638365037
25702.085541469543	2000.0	1619.5095626218683	0.0	0	0.0	4321.595104091419	1	0	2	2.210439223639292
26164.631887673997	1000.0	2110.708581796972	0.0	0	0.0	4275.340469470975	1	0	2	0.4840870467920104
27719.419826111716	2000.0	1400.441849515476	0.0	0	0.0	4119.861675627199	1	0	2	1.5363322735764662
28502.0458294764	1000.0	1539.5532458143268	0.0	0	0.0	4041.5990752907273	1	0	2	0.5066989876390977
29408.270053523906	1000.0	1542.7065993620688	0.0	0	0.0	3950.9766528859764	1	0	2	1.2085796307941248
30188.05191526073	1000.0	1684.946551451556	0.0	0	0.0	3872.9984667122844	1	0	2	1.216732114102489
31050.95975909999	1000.0	1735.7479232283688	0.0	0	0.0	3786.7076823283533	1	0	2	1.224871615064254
31930.56684398879	1000.0	1768.1801298506923	0.0	0	0.0	3698.746973839472	1	0	2	1.2340537044797937
32444.442796295425	1000.0	2202.9165823133935	0.0	0	0.0	3647.3593786088095	1	0	2	1.2399275118523245
32978.80891017143	1000.0	2615.1138570497956	0.0	0	0.0	3593.922767221211	1	0	2	1.2451463079310288
33661.10374816363	1000.0	2864.5895352583725	0.0	0	0.0	3525.6932834219915	1	0	2	1.251636915823588
34285.5524219308	1000.0	3177.6959941144805	0.0	0	0.0	3463.248416045266	1	0	2	1.2580929454746432
36162.212193671796	2000.0	2113.3702451993868	0.0	0	0.0	3275.58243887117	1	0	2	1.6208971015658569
37184.965778311605	1000.0	1988.3413020956036	0.0	0	0.0	3173.3070804071976	1	0	2	0.5924522234365996
38479.45298137344	1000.0	1564.4053787275834	0.0	0	0.0	3043.8583601010105	1	0	2	1.2981646682477033
39453.51071641189	1000.0	1492.941870185288	0.0	0	0.0	2946.4525865971664	1	0	2	1.3091122966217652
40477.174688570885	1000.0	1366.911500810397	0.0	0	0.0	2844.086189381269	1	0	2	1.3188350723503879
40962.349418362646	500.0	1833.2192980394668	0.0	0	0.0	2795.5687164021074	1	0	2	-0.40757293645062753
41724.850618794415	1000.0	1994.4679775645259	0.0	0	0.0	2719.318596358942	1	0	2	0.6388312691596665
42658.41376766381	1000.0	1967.548513808189	0.0	0	0.0	2625.962281472006	1	0	2	1.3408192411685211
43965.73115389612	1000.0	1529.4993889526397	0.0	0	0.0	2495.230542848767	1	0	2	1.3530748255041174
44985.3718495085	1000.0	1407.8946237790221	0.0	0	0.0	2393.2664732875273	1	0	2	1.3643792851677636
45634.4786954843	1000.0	1693.8770932056434	0.0	0	0.0	2328.3557886899507	1	0	2	1.3716219661660158
46322.775249631195	1000.0	1936.7508836440595	0.0	0	0.0	2259.526133275256	1	0	2	1.3783489176610875
48121.6400850906	1000.0	957.9995646387185	0.0	0	0.0	2079.6396497293244	1	0	2	1.3931320541387657
49120.52722711208	500.0	859.2237084150977	0.0	0	0.0	1979.7509355271686	1	0	2	-0.3277837576608011
49873.35220747853	500.0	1031.1162300120095	0.0	0	0.0	1904.4684374905337	1	0	2	0.37408044680270713
51187.407384483726	500.0	585.6555353062931	0.0	0	0.0	1773.0629197900125	1	0	2	0.3850456634885061
51710.726174364136	300.0	1010.004866437841	0.0	0	0.0	1720.7310408019766	1	0	2	-0.8841116794432784
52339.065602108996	300.0	1318.831495918491	0.0	0	0.0	1657.8970980274898	1	0	2	-0.3673052969951509
53385.47187458375	500.0	1272.4252234437313	0.0	0	0.0	1657.8970980274898	1	0	1	-0.11037689791975375
54200.0	500.0	1457.897098027486	0.0	0	195.28009342456062	1657.8970980274898	1	0	1	0.6004487258462372
55200.0	500.0	1457.897098027496	0.0	0	509.5561936274753	1657.8970980274898	1	0	1	0.6004487258462372
56200.0	500.0	1457.897098027502	0.0	0	538.5101731575924	1657.8970980274898	1	0	1	0.6004487258462372
57200.0	500.0	1457.8970980275042	0.0	0	639.2765146137972	1657.8970980274898	1	0	1	0.6004487258462372
58228.99731659818	1000.0	1428.8997814293316	0.0	0	0.0	1657.8970980274898	1	0	1	0.9470223161262098
59200.0	1000.0	1457.897098027516	0.0	0	113.83104995404574	1657.8970980274898	1	0	1	1.640169496686155
60200.0	1000.0	1457.8970980275155	0.0	0	397.2289304991791	1657.8970980274971	1	0	1	1.6401694966861546
61200.0	1000.0	1457.897098027513	0.0	0	208.85955423479754	1657.8970980274898	1	0	1	1.640169496686155
62369.645971718695	1000.0	1288.251126308813	0.0	0	0.0	1657.8970980274898	1	0	1	1.640169496686155
63200.0	1000.0	1457.8970980275164	0.0	0	14.939764000584546	1657.8970980274898	1	0	1	1.640169496686155
64200.0	1000.0	1457.8970980275246	0.0	0	122.62831932246627	1657.8970980274898	1	0	1	1.640169496686155
65200.0	1000.0	1457.897098027516	0.0	0	63.55254802637501	1657.8970980274826	1	0	1	1.640169496686156
66200.0	1000.0	1457.8970980275092	0.0	0	240.2687724805437	1657.8970980274753	1	0	1	1.6401694966861564
67200.0	1000.0	1457.8970980275017	0.0	0	356.44934563887364	1657.8970980274607	1	0	1	1.6401694966861577
68200.0	1000.0	1457.8970980275108	0.0	0	221.94013593262935	1657.8970980274607	1	0	1	1.6401694966861582
69688.89591422101	1000.0	969.0011838065004	0.0	0	0.0	1657.8970980274462	1	0	1	1.6401694966861586
70793.45993645552	1000.0	864.4371615719906	0.0	0	0.0	1657.8970980274462	1	0	1	1.6401694966861595
71423.30796985823	500.0	1234.5891281692786	0.0	0	0.0	1657.8970980274462	1	0	1	-0.09269845471370385
72270.81381532503	1000.0	1387.0832827024753	0.0	0	0.0	1657.8970980274462	1	0	1	0.9470223161262142
73200.0	1000.0	1457.897098027501	0.0	0	10.043251466180664	1657.8970980274316	1	0	1	1.6401694966861613
74200.0	1000.0	1457.8970980275033	0.0	0	136.99931653929525	1657.8970980274316	1	0	1	1.6401694966861613
75200.0	1000.0	1457.8970980275053	0.0	0	428.83118314581225	1657.8970980274316	1	0	1	1.6401694966861613
76382.08985233757	1000.0	1275.8072456899524	0.0	0	0.0	1657.8970980274316	1	0	1	1.6401694966861613
77464.90058513988	1000.0	1192.996512887645	0.0	0	0.0	1657.8970980274462	1	0	1	1.6401694966861595
78612.18454638186	1000.0	1045.712551645678	0.0	0	0.0	1657.8970980274462	1	0	1	1.6401694966861595
79245.94434238804	500.0	1411.9527556394905	0.0	0	0.0	1657.8970980274462	1	0	1	-0.09269845471370385
80510.79100109145	1000.0	1147.1060969360833	0.0	0	0.0	1657.8970980274462	1	0	1	0.9470223161262142
81200.0	500.0	1457.8970980275265	0.0	0	212.37947483849712	1657.8970980274462	1	0	1	-0.09269845471370385
82200.0	1000.0	1457.8970980275276	0.0	0	294.6990169721248	1657.8970980274462	1	0	1	0.9470223161262142
83774.37180529237	1000.0	883.5252927351592	0.0	0	0.0	1657.8970980274462	1	0	1	1.6401694966861595
84258.1787316489	500.0	1399.7183663786273	0.0	0	0.0	1657.8970980274462	1	0	1	-0.09269845471370385
85372.5212591527	1000.0	1285.3758388748422	0.0	0	0.0	1657.8970980274607	1	0	1	0.9470223161262128
86366.78734523374	1000.0	1291.109752793822	0.0	0	0.0	1657.8970980274753	1	0	1	1.6401694966861569
87200.0	1000.0	1457.8970980275562	0.0	0	179.50114044478687	1657.8970980274898	1	0	1	1.640169496686155
88200.0	1000.0	1457.8970980275515	0.0	0	232.16578740211844	1657.8970980274898	1	0	1	1.640169496686155
89200.0	1000.0	1457.8970980275544	0.0	0	261.71541475949925	1657.8970980274898	1	0	1	1.640169496686155
90200.0	1000.0	1457.8970980275615	0.0	0	94.13966506587167	1657.8970980274898	1	0	1	1.640169496686155
91200.0	1000.0	1457.8970980275587	0.0	0	299.25864803827426	1657.8970980274898	1	0	1	1.640169496686155
92200.0	1000.0	1457.8970980275556	0.0	0	174.9350283035892	1657.8970980274898	1	0	1	1.640169496686155
93200.0	1000.0	1457.8970980275737	0.0	0	129.28804163163295	1657.8970980274898	1	0	1	1.640169496686155
94259.81285797282	1000.0	1398.0842400547588	0.0	0	0.0	1657.8970980275044	1	0	1	1.6401694966861537
95328.31195088681	1000.0	1329.5851471407673	0.0	0	0.0	1657.8970980274898	1	0	1	1.640169496686155
96623.43902601853	1000.0	1034.4580720090316	0.0	0	0.0	1657.8970980274898	1	0	1	1.640169496686155
97200.0	500.0	1457.8970980275653	0.0	0	26.24928850197466	1657.8970980274898	1	0	1	-0.09269845471370824
98200.0	1000.0	1457.8970980275642	0.0	0	149.36207994916185	1657.8970980274898	1	0	1	0.9470223161262098
99200.0	1000.0	1457.8970980275644	0.0	0	264.2151472779806	1657.8970980274753	1	0	1	1.6401694966861569
100200.0	1000.0	1457.897098027566	0.0	0	109.03174003574532	1657.8970980274753	1	0	1	1.6401694966861569
101200.0	1000.0	1457.8970980275656	0.0	0	286.9710004702647	1657.8970980274607	1	0	1	1.6401694966861582
102200.0	1000.0	1457.8970980275503	0.0	0	294.9363398704736	1657.8970980274607	1	0	1	1.6401694966861582
103335.28196621641	1000.0	1322.6151318111429	0.0	0	0.0	1657.8970980274607	1	0	1	1.6401694966861582
104248.79550142349	1000.0	1409.10159660407	0.0	0	0.0	1657.8970980274607	1	0	1	1.6401694966861582
105200.0	1000.0	1457.8970980275762	0.0	0	364.24418933723064	1657.8970980274753	1	0	1	1.6401694966861569
106200.0	1000.0	1457.8970980275749	0.0	0	175.38942972374207	1657.8970980274753	1	0	1	1.6401694966861569
107200.0	1000.0	1457.8970980275703	0.0	0	279.3279892649298	1657.8970980274753	1	0	1	1.6401694966861569
108200.0	1000.0	1457.8970980275735	0.0	0	516.0076426722808	1657.8970980274753	1	0	1	1.6401694966861569
109200.0	1000.0	1457.8970980275817	0.0	0	377.22976168054447	1657.8970980274753	1	0	1	1.6401694966861569
110200.0	1000.0	1457.8970980275815	0.0	0	363.70003676076885	1657.8970980274753	1	0	1	1.6401694966861569
111394.39079129271	1000.0	1263.5063067348638	0.0	0	0.0	1657.8970980274753	1	0	1	1.6401694966861569
112523.55966186321	1000.0	1134.3374361643596	0.0	0	0.0	1657.8970980274607	1	0	1	1.6401694966861582
113277.97828135382	1000.0	1379.9188166737454	0.0	0	0.0	1657.8970980274607	1	0	1	1.6401694966861582
114200.0	1000.0	1457.8970980275767	0.0	0	65.45550273824483	1657.8970980274607	1	0	1	1.6401694966861582
115200.0	1000.0	1457.8970980275913	0.0	0	334.00316178835055	1657.8970980274753	1	0	1	1.6401694966861569
116217.71096729068	1000.0	1440.1861307369006	0.0	0	0.0	1657.8970980274607	1	0	1	1.6401694966861582
117253.85769604878	1000.0	1404.0394019788143	0.0	0	0.0	1657.8970980274607	1	0	1	1.6401694966861582
118756.48921481172	1000.0	901.4078832158785	0.0	0	0.0	1657.8970980274607	1	0	1	1.6401694966861582
119319.37719580569	500.0	1338.5199022219008	0.0	0	0.0	1657.8970980274607	1	0	1	-0.0926984547137053
120359.53164788474	1000.0	1298.3654501428512	0.0	0	0.0	1657.8970980274607	1	0	1	0.9470223161262128
121200.0	500.0	1457.8970980275992	0.0	0	217.14465715292317	1657.8970980274607	1	0	1	-0.0926984547137053
122200.0	500.0	1457.8970980276076	0.0	0	423.1144660080172	1657.8970980274607	1	0	1	0.6004487258462401
123342.62364318121	1000.0	1315.2734548464016	0.0	0	0.0	1657.8970980274607	1	0	1	0.9470223161262128
124200.0	500.0	1457.8970980276029	0.0	0	132.31335218755703	1657.8970980274607	1	0	1	-0.0926984547137053
125200.0	500.0	1457.897098027597	0.0	0	569.171605263924	1657.8970980274753	1	0	1	0.6004487258462387
126200.0	500.0	1457.8970980275972	0.0	0	645.0872673747363	1657.8970980274898	1	0	1	0.6004487258462372
127200.0	1000.0	1457.8970980275942	0.0	0	264.7172816576931	1657.8970980274898	1	0	1	0.9470223161262098
128200.0	1000.0	1457.8970980276088	0.0	0	552.9678242008958	1657.8970980274898	1	0	1	1.640169496686155
129200.0	1000.0	1457.897098027635	0.0	0	315.35491462037317	1657.8970980275044	1	0	1	1.6401694966861537
130410.18578960362	1000.0	1247.7113084240061	0.0	0	0.0	1657.8970980275044	1	0	1	1.6401694966861537
132072.4329498496	1000.0	585.4641481780368	0.0	0	0.0	1657.897098027519	1	0	1	1.6401694966861526
132763.31003839543	500.0	894.587059632244	0.0	0	0.0	1657.897098027548	1	0	1	-0.09269845471371249
133234.75474835286	500.0	1423.142349674793	0.0	0	0.0	1657.897098027548	1	0	1	0.6004487258462314
134200.0	500.0	1457.8970980276556	0.0	0	638.4325148783682	1657.897098027519	1	0	1	0.6004487258462343
135200.0	500.0	1457.897098027613	0.0	0	573.8593246223754	1657.897098027519	1	0	1	0.6004487258462343
136726.8347346057	1000.0	931.062363421879	0.0	0	0.0	1657.897098027548	1	0	1	0.9470223161262042
137200.0	500.0	1457.897098027643	0.0	0	83.32832457439508	1657.8970980275772	1	0	1	-0.09269845471371696
138200.0	1000.0	1457.8970980276206	0.0	0	5.968758689850802	1657.8970980275772	1	0	1	0.9470223161262012
139268.33636961164	1000.0	1389.5607284160035	0.0	0	0.0	1657.8970980275772	1	0	1	1.6401694966861466
140261.78507120456	1000.0	1396.112026823079	0.0	0	0.0	1657.8970980275772	1	0	1	1.6401694966861466
141200.0	1000.0	1457.8970980276222	0.0	0	185.2080104354245	1657.8970980275772	1	0	1	1.6401694966861466
142200.0	1000.0	1457.8970980275813	0.0	0	119.81856889443588	1657.897098027548	1	0	1	1.6401694966861498
143200.0	1000.0	1457.897098027592	0.0	0	258.29831537019345	1657.897098027548	1	0	1	1.6401694966861498
144200.0	1000.0	1457.8970980275776	0.0	0	554.2635348727636	1657.897098027548	1	0	1	1.6401694966861498
145200.0	1000.0	1457.8970980275913	0.0	0	455.2947891885997	1657.897098027548	1	0	1	1.6401694966861498
146200.0	1000.0	1457.8970980275674	0.0	0	239.9070458592323	1657.897098027548	1	0	1	1.6401694966861498
147200.0	1000.0	1457.897098027578	0.0	0	83.23188672674587	1657.897098027548	1	0	1	1.6401694966861498
148208.98423402177	1000.0	1448.91286400582	0.0	0	0.0	1657.897098027548	1	0	1	1.6401694966861498
149200.0	1000.0	1457.897098027583	0.0	0	157.45408468751702	1657.897098027548	1	0	1	1.6401694966861498
150304.85759960712	1000.0	1353.0394984204574	0.0	0	0.0	1657.8970980275772	1	0	1	1.6401694966861466
151200.0	1000.0	1457.8970980275747	0.0	0	21.086383554589702	1657.8970980275772	1	0	1	1.6401694966861466
152220.1239804391	1000.0	1437.7731175885074	0.0	0	0.0	1657.8970980276063	1	0	1	1.6401694966861438
153200.0	1000.0	1457.8970980275935	0.0	0	262.9899138898181	1657.8970980276063	1	0	1	1.6401694966861438
154200.0	1000.0	1457.8970980275928	0.0	0	191.7543201953813	1657.8970980276354	1	0	1	1.6401694966861409
155572.0244865404	1000.0	1085.8726114871583	0.0	0	0.0	1657.8970980276063	1	0	1	1.640169496686142
156200.0	500.0	1457.8970980275963	0.0	0	64.46303493232699	1657.8970980276063	1	0	1	-0.0926984547137199
157200.0	1000.0	1457.8970980275842	0.0	0	47.76844876934774	1657.8970980276063	1	0	1	0.9470223161261984
158414.61806312003	1000.0	1243.2790349075387	0.0	0	0.0	1657.8970980275772	1	0	1	1.6401694966861466
159200.0	500.0	1457.897098027562	0.0	0	104.68942721941858	1657.8970980275772	1	0	1	-0.09269845471371696
160558.5816747194	500.0	1099.3154233081484	0.0	0	0.0	1657.8970980275772	1	0	1	0.6004487258462285
161566.66835678933	500.0	1091.2287412382198	0.0	0	0.0	1657.8970980275772	1	0	1	0.6004487258462285
162284.82611072494	500.0	1373.0709873026033	0.0	0	0.0	1657.8970980276063	1	0	1	0.6004487258462256
163200.0	500.0	1457.897098027559	0.0	0	107.5879617400933	1657.8970980275772	1	0	1	0.6004487258462285
164200.0	500.0	1457.8970980275565	0.0	0	576.6309164232807	1657.8970980275772	1	0	1	0.6004487258462285
165200.0	500.0	1457.8970980275662	0.0	0	589.3717357270652	1657.8970980276063	1	0	1	0.6004487258462256
166200.0	500.0	1457.8970980275965	0.0	0	580.9657875280245	1657.8970980275772	1	0	1	0.6004487258462285
167200.0	1000.0	1457.8970980276406	0.0	0	177.7490259174665	1657.8970980275772	1	0	1	0.9470223161262012
168200.0	1000.0	1457.897098027608	0.0	0	277.83276800997555	1657.897098027548	1	0	1	1.6401694966861498
169200.0	1000.0	1457.8970980275863	0.0	0	231.9875765539182	1657.897098027519	1	0	1	1.6401694966861524
170200.0	1000.0	1457.897098027595	0.0	0	487.13961056631524	1657.897098027519	1	0	1	1.6401694966861524
171408.14808772726	1000.0	1249.74901030036	0.0	0	0.0	1657.897098027548	1	0	1	1.6401694966861498
172200.0	1000.0	1457.8970980276108	0.0	0	42.48443528954522	1657.897098027548	1	0	1	1.6401694966861498
173444.87077382024	1000.0	1213.0263242073715	0.0	0	0.0	1657.8970980275772	1	0	1	1.6401694966861466
174200.0	1000.0	1457.897098027618	0.0	0	97.69407014446915	1657.8970980276063	1	0	1	1.6401694966861438
175200.0	1000.0	1457.8970980276263	0.0	0	433.08335117521347	1657.8970980276063	1	0	1	1.6401694966861438
176200.0	1000.0	1457.89709802763	0.0	0	345.7412714860111	1657.8970980276063	1	0	1	1.6401694966861438
177200.0	1000.0	1457.8970980276447	0.0	0	322.6559164377395	1657.8970980276354	1	0	1	1.6401694966861409
178200.0	1000.0	1457.8970980276395	0.0	0	445.40874506218825	1657.8970980276354	1	0	1	1.6401694966861409
179200.0	1000.0	1457.8970980276565	0.0	0	160.79611576607567	1657.8970980276354	1	0	1	1.6401694966861409
180265.56773683775	1000.0	1392.3293611898891	0.0	0	0.0	1657.8970980276063	1	0	1	1.6401694966861438
181200.0	1000.0	1457.8970980276454	0.0	0	45.3130879974924	1657.8970980275772	1	0	1	1.6401694966861466
182200.0	1000.0	1457.89709802761	0.0	0	441.4279810160806	1657.8970980275772	1	0	1	1.6401694966861466
183200.0	1000.0	1457.897098027617	0.0	0	6.252235279156594	1657.8970980275772	1	0	1	1.6401694966861466
184200.0	1000.0	1457.897098027638	0.0	0	127.6695986406994	1657.897098027548	1	0	1	1.6401694966861498
185200.0	1000.0	1457.8970980276047	0.0	0	118.68090270299581	1657.897098027548	1	0	1	1.6401694966861498
186416.53717501278	1000.0	1241.359923014797	0.0	0	0.0	1657.897098027519	1	0	1	1.6401694966861524
187735.09860502445	1000.0	922.7984930031339	0.0	0	0.0	1657.897098027519	1	0	1	1.6401694966861524
188381.77145501834	500.0	1276.1256430092483	0.0	0	0.0	1657.897098027548	1	0	1	-0.09269845471371402
189200.0	500.0	1457.8970980275599	0.0	0	366.42123911416274	1657.897098027519	1	0	1	0.6004487258462343
190200.0	500.0	1457.8970980275656	0.0	0	632.2691505411349	1657.897098027548	1	0	1	0.6004487258462314
191200.0	500.0	1457.8970980275658	0.0	0	574.4286389113113	1657.897098027548	1	0	1	0.6004487258462314
192316.37911184318	1000.0	1341.517986184362	0.0	0	0.0	1657.897098027548	1	0	1	0.9470223161262042
193666.27574190532	1000.0	991.6213561222054	0.0	0	0.0	1657.897098027548	1	0	1	1.6401694966861498
194484.3741903252	1000.0	1173.522907702279	0.0	0	0.0	1657.897098027548	1	0	1	1.6401694966861498
195200.0	1000.0	1457.8970980274892	0.0	0	66.66901331857662	1657.897098027548	1	0	1	1.6401694966861498
196212.54341110025	1000.0	1445.3536869272718	0.0	0	0.0	1657.8970980275772	1	0	1	1.6401694966861466
197997.1082201752	1000.0	660.7888778523366	0.0	0	0.0	1657.897098027548	1	0	1	1.640169496686148
198847.64552750989	500.0	810.2515705176642	0.0	0	0.0	1657.897098027519	1	0	1	-0.09269845471371108
199899.1211651755	500.0	758.7759328520929	0.0	0	0.0	1657.897098027519	1	0	1	0.6004487258462343
200734.07060393764	300.0	923.8264940899036	0.0	0	0.0	1657.897098027519	1	0	1	-0.6766153335687424
201386.24993367214	300.0	1271.6471643553966	0.0	0	0.0	1657.897098027519	1	0	1	-0.16578970980275193
202396.156091966	500.0	1261.7410060615528	0.0	0	0.0	1657.897098027548	1	0	1	0.08962310208024302
203200.0	500.0	1457.8970980275622	0.0	0	138.95768386806594	1657.897098027548	1	0	1	0.6004487258462314
204200.0	500.0	1457.8970980275622	0.0	0	405.9615154705243	1657.897098027519	1	0	1	0.6004487258462343
205200.0	500.0	1457.8970980275901	0.0	0	570.7372109738644	1657.897098027519	1	0	1	0.6004487258462343
206200.0	500.0	1457.897098027584	0.0	0	632.1269175333728	1657.897098027519	1	0	1	0.6004487258462343
207200.0	1000.0	1457.8970980275826	0.0	0	184.5218199439405	1657.897098027519	1	0	1	0.947022316126207
208200.0	1000.0	1457.8970980276017	0.0	0	323.3691251060809	1657.897098027519	1	0	1	1.6401694966861524
209200.0	1000.0	1457.8970980275892	0.0	0	350.769238389621	1657.897098027519	1	0	1	1.6401694966861524
210200.0	1000.0	1457.8970980275576	0.0	0	538.1466826495889	1657.897098027519	1	0	1	1.6401694966861524
211351.78978868207	1000.0	1306.107309345493	0.0	0	0.0	1657.897098027548	1	0	1	1.6401694966861498
212200.0	1000.0	1457.8970980276029	0.0	0	274.5197015616868	1657.8970980275772	1	0	1	1.6401694966861466
213331.30498877662	1000.0	1326.5921092509577	0.0	0	0.0	1657.8970980275772	1	0	1	1.6401694966861466
214234.69967573657	1000.0	1423.1974222910187	0.0	0	0.0	1657.8970980275772	1	0	1	1.6401694966861466
215200.0	1000.0	1457.8970980275587	0.0	0	354.6744216430234	1657.897098027548	1	0	1	1.6401694966861498
216200.0	1000.0	1457.897098027541	0.0	0	149.8721646820486	1657.897098027548	1	0	1	1.6401694966861498
217200.0	1000.0	1457.8970980275521	0.0	0	249.3345851743652	1657.897098027519	1	0	1	1.6401694966861524
218676.97840479235	1000.0	980.9186932351715	0.0	0	0.0	1657.897098027519	1	0	1	1.6401694966861542
220174.92349116757	1000.0	482.9736068599213	0.0	0	0.0	1657.897098027519	1	0	1	1.6401694966861524
220487.8675997539	300.0	1170.0294982736016	0.0	0	0.0	1657.897098027519	1	0	1	-1.3697625141286878
221200.0	1000.0	1457.8970980275324	0.0	0	201.34056498415885	1657.897098027519	1	0	1	0.4361966923602163
222253.6254740601	1000.0	1404.2716239673903	0.0	0	0.0	1657.8970980274898	1	0	1	1.640169496686155
223200.0	1000.0	1457.8970980275117	0.0	0	231.16914519792772	1657.8970980274898	1	0	1	1.640169496686155
224200.0	1000.0	1457.8970980275367	0.0	0	182.70954732052633	1657.8970980274898	1	0	1	1.640169496686155
225200.0	1000.0	1457.897098027546	0.0	0	75.9251477070502	1657.8970980274898	1	0	1	1.640169496686155
226723.4815668457	1000.0	934.4155311818351	0.0	0	0.0	1657.8970980274898	1	0	1	1.640169496686155
227200.0	500.0	1457.8970980275249	0.0	0	44.15077886448125	1657.8970980274898	1	0	1	-0.09269845471370824
228200.0	1000.0	1457.8970980275415	0.0	0	208.5340691365127	1657.897098027519	1	0	1	0.947022316126207
229414.166153301	1000.0	1243.7309447265563	0.0	0	0.0	1657.897098027548	1	0	1	1.640169496686152
230397.6708218282	1000.0	1260.2262761993675	0.0	0	0.0	1657.897098027548	1	0	1	1.6401694966861498
231245.58527030752	1000.0	1412.311827720028	0.0	0	0.0	1657.897098027519	1	0	1	1.6401694966861524
232381.84694610164	1000.0	1276.0501519259528	0.0	0	0.0	1657.897098027548	1	0	1	1.6401694966861498
233200.0	500.0	1457.8970980275833	0.0	0	205.50577769818483	1657.897098027548	1	0	1	-0.09269845471371402
234200.0	1000.0	1457.897098027603	0.0	0	244.99857349594822	1657.897098027548	1	0	1	0.9470223161262042
235200.0	1000.0	1457.897098027583	0.0	0	363.9241746580228	1657.897098027519	1	0	1	1.6401694966861524
236200.0	1000.0	1457.8970980275728	0.0	0	391.4151817643142	1657.897098027519	1	0	1	1.6401694966861524
237200.0	1000.0	1457.8970980275485	0.0	0	145.9378514320706	1657.897098027519	1	0	1	1.6401694966861524
238200.0	1000.0	1457.8970980275278	0.0	0	353.0059301057481	1657.897098027519	1	0	1	1.6401694966861524
239200.0	1000.0	1457.8970980275421	0.0	0	230.68979827367002	1657.897098027519	1	0	1	1.6401694966861524
240200.0	1000.0	1457.8970980275315	0.0	0	374.9262521813798	1657.897098027548	1	0	1	1.6401694966861498
241200.0	1000.0	1457.897098027528	0.0	0	314.3576967190602	1657.897098027548	1	0	1	1.6401694966861498
242392.11207540147	1000.0	1265.7850226260557	0.0	0	0.0	1657.897098027548	1	0	1	1.6401694966861498
243270.37959777217	1000.0	1387.5175002553613	0.0	0	0.0	1657.8970980275772	1	0	1	1.6401694966861466
244568.29922521458	1000.0	1089.5978728129849	0.0	0	0.0	1657.8970980275772	1	0	1	1.6401694966861466
245200.0	500.0	1457.8970980275406	0.0	0	11.078449586377246	1657.8970980276063	1	0	1	-0.0926984547137199
246491.0070870692	1000.0	1166.8900109583462	0.0	0	0.0	1657.8970980276354	1	0	1	0.9470223161261954
247200.0	500.0	1457.8970980275974	0.0	0	220.90664979504072	1657.8970980276354	1	0	1	-0.09269845471372273
248200.0	1000.0	1457.897098027604	0.0	0	136.85344328958308	1657.8970980276354	1	0	1	0.9470223161261954
249200.0	1000.0	1457.8970980276135	0.0	0	142.94006088399328	1657.8970980276354	1	0	1	1.6401694966861409
250289.66369497273	1000.0	1368.2334030549166	0.0	0	0.0	1657.8970980276354	1	0	1	1.6401694966861409
251200.0	1000.0	1457.8970980276524	0.0	0	64.6374021495285	1657.8970980276354	1	0	1	1.6401694966861409
252200.0	1000.0	1457.8970980276385	0.0	0	14.80501208291389	1657.8970980276354	1	0	1	1.6401694966861409
253200.0	1000.0	1457.8970980276383	0.0	0	133.57638633821625	1657.8970980276354	1	0	1	1.6401694966861409
254200.0	1000.0	1457.8970980276367	0.0	0	272.8329031197063	1657.8970980276354	1	0	1	1.6401694966861409
255200.0	1000.0	1457.89709802761	0.0	0	287.36271518902504	1657.8970980276354	1	0	1	1.6401694966861409
256200.0	1000.0	1457.8970980276106	0.0	0	305.2653282787942	1657.8970980276645	1	0	1	1.640169496686138
257200.0	1000.0	1457.8970980276417	0.0	0	456.3919035392173	1657.8970980276645	1	0	1	1.640169496686138
258200.0	1000.0	1457.8970980276524	0.0	0	359.2079757875763	1657.8970980276645	1	0	1	1.640169496686138
259200.0	1000.0	1457.8970980276456	0.0	0	418.3218654798111	1657.8970980276354	1	0	1	1.6401694966861409
260207.3099332948	1000.0	1450.587164732844	0.0	0	0.0	1657.8970980276645	1	0	1	1.640169496686138
261200.0	1000.0	1457.897098027653	0.0	0	207.55282996452297	1657.8970980276645	1	0	1	1.640169496686138
262200.0	1000.0	1457.897098027636	0.0	0	250.53971067161183	1657.8970980276645	1	0	1	1.640169496686138
263200.0	1000.0	1457.8970980275728	0.0	0	289.63338283158373	1657.8970980276063	1	0	1	1.640169496686142
264200.0	1000.0	1457.8970980276201	0.0	0	244.82170458871406	1657.8970980276354	1	0	1	1.640169496686143
265465.717655639	1000.0	1192.1794423886117	0.0	0	0.0	1657.8970980276936	1	0	1	1.6401694966861349
266780.23586989474	1000.0	877.6612281328167	0.0	0	0.0	1657.8970980276936	1	0	1	1.6401694966861349
267475.91813676344	500.0	1181.9789612641193	0.0	0	0.0	1657.8970980276936	1	0	1	-0.09269845471372862
268200.0	500.0	1457.897098027594	0.0	0	318.0643497425481	1657.8970980276936	1	0	1	0.6004487258462168
269200.0	1000.0	1457.8970980276126	0.0	0	83.66845883516362	1657.8970980276936	1	0	1	0.9470223161261895
270200.0	500.0	1457.8970980275558	0.0	0	357.43412219162565	1657.8970980276936	1	0	1	-0.09269845471372862
271200.0	500.0	1457.8970980275421	0.0	0	350.8337270843913	1657.8970980276936	1	0	1	0.6004487258462168
272593.520913666	1000.0	1064.376184361552	0.0	0	0.0	1657.8970980276936	1	0	1	0.9470223161261895
273215.62584923755	500.0	1442.2712487900033	0.0	0	0.0	1657.8970980276936	1	0	1	-0.09269845471372862
274200.0	500.0	1457.8970980275155	0.0	0	599.9318379088654	1657.8970980276936	1	0	1	0.6004487258462168
275200.0	500.0	1457.8970980274757	0.0	0	561.3684028312564	1657.8970980276936	1	0	1	0.6004487258462168
276200.0	1000.0	1457.8970980275096	0.0	0	167.4381350018084	1657.8970980276354	1	0	1	0.9470223161261954
277200.0	1000.0	1457.8970980275162	0.0	0	313.3710808092728	1657.8970980276354	1	0	1	1.6401694966861409
278200.0	1000.0	1457.89709802757	0.0	0	300.6676100057084	1657.8970980276936	1	0	1	1.6401694966861349
279313.0348277605	1000.0	1344.8622702670903	0.0	0	0.0	1657.8970980276936	1	0	1	1.6401694966861349
281109.28009779035	1000.0	548.6170002372335	0.0	0	0.0	1657.8970980276936	1	0	1	1.6401694966861335
281559.0427448691	300.0	1098.85435315848	0.0	0	0.0	1657.8970980276936	1	0	1	-1.3697625141287055
282200.0	500.0	1457.8970980275683	0.0	0	209.47985786927165	1657.8970980276936	1	0	1	0.08962310208022611
283200.0	500.0	1457.8970980275983	0.0	0	672.8653215077356	1657.8970980276936	1	0	1	0.6004487258462168
284200.0	500.0	1457.8970980275808	0.0	0	679.2348776086001	1657.8970980276354	1	0	1	0.6004487258462227
285479.17889551615	1000.0	1178.7182025114316	0.0	0	0.0	1657.8970980276354	1	0	1	0.9470223161261954
286242.0063942146	1000.0	1415.8907038130187	0.0	0	0.0	1657.8970980276936	1	0	1	1.6401694966861349
287200.0	1000.0	1457.8970980275835	0.0	0	292.8754922429798	1657.8970980276354	1	0	1	1.6401694966861409
288200.0	1000.0	1457.8970980275506	0.0	0	280.7644959774916	1657.8970980276354	1	0	1	1.6401694966861409
289200.0	1000.0	1457.8970980275951	0.0	0	136.69667983142426	1657.8970980276936	1	0	1	1.6401694966861349
290200.0	1000.0	1457.8970980276054	0.0	0	27.58196795207914	1657.8970980277518	1	0	1	1.640169496686129
291397.87490296154	1000.0	1260.022195066105	0.0	0	0.0	1657.8970980277518	1	0	1	1.640169496686129
292200.0	1000.0	1457.8970980276515	0.0	0	388.11222773446934	1657.89709802781	1	0	1	1.6401694966861233
293200.0	1000.0	1457.8970980276226	0.0	0	581.2167995438213	1657.8970980277518	1	0	1	1.640169496686129
294200.0	1000.0	1457.8970980276697	0.0	0	448.9913613339886	1657.8970980277518	1	0	1	1.640169496686129
295200.0	1000.0	1457.8970980276486	0.0	0	194.5741468819906	1657.8970980277518	1	0	1	1.640169496686129
296200.0	1000.0	1457.8970980276633	0.0	0	102.84210083651124	1657.8970980277518	1	0	1	1.640169496686129
297315.02757678187	1000.0	1342.8695212458354	0.0	0	0.0	1657.8970980276936	1	0	1	1.6401694966861349
298200.0	1000.0	1457.8970980276774	0.0	0	117.38830117956968	1657.8970980276936	1	0	1	1.6401694966861349
299344.7015821473	1000.0	1313.1955158804478	0.0	0	0.0	1657.8970980277518	1	0	1	1.640169496686129
300200.0	1000.0	1457.8970980276977	0.0	0	68.9738173133228	1657.8970980277518	1	0	1	1.640169496686129
0.75	0.94	1.07	0.81	0.63	0.43	0.53	0.87	0.82	1.14	1.54	1.24	1.12	1.26	1.9	2.42	0.86	1.63	0.96	2.0	2.21	1.7	1.54	1.55	1.31	1.07	1.49	1.53	1.25	0.85	1.25	0.72	0.75	0.82	1.3	1.39	1.26	0.94	0.92	1.45	1.56	0.73	0.67	0.41	0.59	0.46	0.53	0.63	1.04	0.94	1.39	1.33	0.98	1.38	1.93	1.66	1.08	1.37	1.07	1.11	1.81	1.48	1.2	0.89	0.8	0.94	1.58	1.23	1.45	1.52	1.0	0.68	1.2	1.08	0.95	1.11	1.17	0.74	0.93	1.22	1.27	1.36	1.54	1.66	1.49	1.22	1.49	0.89	1.15	0.88	1.03	0.95	1.08	1.3	1.03	1.24	1.39	1.05	1.54	1.36	1.42	2.1	1.54	1.75	1.58	1.03	1.1	1.3	1.52	1.6	0.97	0.74	0.71	1.11	1.12	0.88	1.12	0.67	0.92	1.18	1.9	1.41	2.19	1.17	0.66	0.74	0.61	1.1	1.47	1.23	0.76	1.09	1.23	1.01	1.34	1.11	1.08	1.95	2.35	1.49	1.62	1.07	1.02	1.07	0.92	1.54	1.32	1.15	0.95	0.86	0.75	0.94	1.07	0.81	0.63	0.43	0.53	0.87	0.82	1.14	1.54	1.24	1.12	1.26	1.9	2.42	0.86	1.63	0.96	2.0	2.21	1.7	1.54	1.55	1.31	1.07	1.49	1.53	1.25	0.85	1.25	0.72	0.75	0.82	1.3	1.39	1.26	0.94	0.92	1.45	1.56	0.73	0.67	0.41	0.59	0.46	0.53	0.63	1.04	0.94	1.39	1.33	0.98	1.38	1.93	1.66	1.08	1.37	1.07	1.11	1.81	1.48	1.2	0.89	0.8	0.94	1.58	1.23	1.45	1.52	1.0	0.68	1.2	1.08	0.95	1.11	1.17	0.74	0.93	1.22	1.27	1.36	1.54	1.66	1.49	1.22	1.49	0.89	1.15	0.88	1.03	0.95	1.08	1.3	1.03	1.24	1.39	1.05	1.54	1.36	1.42	2.1	1.54	1.75	1.58	1.03	1.1	1.3	1.52	1.6	0.97	0.74	0.71	1.11	1.12	0.88	1.12	0.67	0.92	1.18	1.9	1.41	2.19	1.17	0.66	0.74	0.61	1.1	1.47	1.23	0.76	1.09	1.23	1.01	1.34	1.11	1.08	1.95	2.35	1.49	1.62	1.07	1.02	1.07	0.92	1.54	1.32	1.15
1.0	2.0	3.0	4.0	5.0	6.0	7.0	8.0	9.0	10.0	11.0	12.0	13.0	14.0	15.0	16.0	17.0	18.0	19.0	20.0	21.0	22.0	23.0	24.0	25.0	26.0	27.0	28.0	29.0	30.0	31.0	32.0	33.0	34.0	35.0	36.0	37.0	38.0	39.0	40.0	41.0	42.0	43.0	44.0	45.0	46.0	47.0	48.0	49.0	50.0	51.0	52.0	53.0	54.0	55.0	56.0	57.0	58.0	59.0	60.0	61.0	62.0	63.0	64.0	65.0	66.0	67.0	68.0	69.0	70.0	71.0	72.0	73.0	74.0	75.0	76.0	77.0	78.0	79.0	80.0	81.0	82.0	83.0	84.0	85.0	86.0	87.0	88.0	89.0	90.0	91.0	92.0	93.0	94.0	95.0	96.0	97.0	98.0	99.0	100.0	101.0	102.0	103.0	104.0	105.0	106.0	107.0	108.0	109.0	110.0	111.0	112.0	113.0	114.0	115.0	116.0	117.0	118.0	119.0	120.0	121.0	122.0	123.0	124.0	125.0	126.0	127.0	128.0	129.0	130.0	131.0	132.0	133.0	134.0	135.0	136.0	137.0	138.0	139.0	140.0	141.0	142.0	143.0	144.0	145.0	146.0	147.0	148.0	149.0	149.0	150.0	151.0	152.0	153.0	154.0	155.0	156.0	157.0	158.0	159.0	160.0	161.0	162.0	163.0	164.0	165.0	166.0	167.0	168.0	169.0	170.0	171.0	172.0	173.0	174.0	175.0	176.0	177.0	178.0	179.0	180.0	181.0	182.0	183.0	184.0	185.0	186.0	187.0	188.0	189.0	190.0	191.0	192.0	193.0	194.0	195.0	196.0	197.0	198.0	199.0	200.0	201.0	202.0	203.0	204.0	205.0	206.0	207.0	208.0	209.0	210.0	211.0	212.0	213.0	214.0	215.0	216.0	217.0	218.0	219.0	220.0	221.0	222.0	223.0	224.0	225.0	226.0	227.0	228.0	229.0	230.0	231.0	232.0	233.0	234.0	235.0	236.0	237.0	238.0	239.0	240.0	241.0	242.0	243.0	244.0	245.0	246.0	247.0	248.0	249.0	250.0	251.0	252.0	253.0	254.0	255.0	256.0	257.0	258.0	259.0	260.0	261.0	262.0	263.0	264.0	265.0	266.0	267.0	268.0	269.0	270.0	271.0	272.0	273.0	274.0	275.0	276.0	277.0	278.0	279.0	280.0	281.0	282.0	283.0	284.0	285.0	286.0	287.0	288.0	289.0	290.0	291.0	292.0	293.0	294.0	295.0	296.0	297.0
5364.19277773724
