5011.154820870374	300.0	2000.0	161.48366393475138	0	0.0	5011.154820870374	1	0	1	-1.4667865266803686
6015.549501210415	3000.0	1895.1658516259545	0.0	0	0.0	4910.71535283637	1	0	2	0.25766566303054217
6753.596500741945	3000.0	2083.314152141271	0.0	0	0.0	4836.910652883217	1	0	2	2.768283807605248
7628.820765083927	3000.0	2120.567461365091	0.0	0	0.0	4749.3882264490185	1	0	2	2.7766799803265583
8308.40585231118	3000.0	2373.0238654151126	0.0	0	0.0	4681.429717726292	1	0	2	2.784031771425021
9190.648652403182	3000.0	2402.556785313909	0.0	0	0.0	4593.205437717092	1	0	2	2.7917952836161053
10115.677645017848	3000.0	2385.0248934377782	0.0	0	0.0	4500.702538455626	1	0	2	2.8011170801591367
11394.946500714606	3000.0	1977.829152171344	0.0	0	0.0	4372.775652885951	1	0	2	2.813155164226511
12613.065933638214	3000.0	1637.897775955378	0.0	0	0.0	4250.9637095935905	1	0	2	2.825683291071423
13364.26341348374	3000.0	1811.5805481253	0.0	0	0.0	4175.843961609036	1	0	2	2.834293481757151
13993.745201912669	3000.0	2119.150580853479	0.0	0	0.0	4112.895782766145	1	0	2	2.841192020876641
14763.98443467623	3000.0	2271.887424813563	0.0	0	0.0	4035.871859489789	1	0	2	2.848313875243742
15427.811854920765	3000.0	2541.677262544575	0.0	0	0.0	3969.489117465335	1	0	2	2.855395220385498
16771.74356860014	3000.0	2063.3523774972605	0.0	0	0.0	3835.0959460973972	1	0	2	2.866700297414186
17717.876701826288	3000.0	2022.6059309484983	0.0	0	0.0	3740.4826327747815	1	0	2	2.8774120839784105
19014.90628437704	3000.0	1595.8733901426715	0.0	0	0.0	3610.7796745197084	1	0	2	2.889303369443347
20665.3078798506	3000.0	780.4316351217559	0.0	0	0.0	3445.739514972349	1	0	2	2.905379401579228
21488.12090461334	2000.0	875.3373078827372	0.0	0	0.0	3363.4582124960725	1	0	2	1.9018667259755326
22287.145383705083	2000.0	996.4103808818169	0.0	0	0.0	3283.5557645868976	1	0	2	2.315292695411121
23280.59100156091	2000.0	903.6202012404044	0.0	0	0.0	3184.211202801318	1	0	2	2.3248354439203665
23916.762623563736	2000.0	1203.831417037297	0.0	0	0.0	3120.5940406010413	1	0	2	2.3321495829252057
24479.997776857545	2000.0	1584.2727484141046	0.0	0	0.0	3064.2705252716587	1	0	2	2.337846797080321
25197.10641640851	3000.0	1795.4532449080418	0.0	0	0.0	2992.5596613165653	1	0	2	2.547392796654979
25857.322799171936	3000.0	2069.215223868281	0.0	0	0.0	2926.5380230402334	1	0	2	2.959595389965419
26774.721994083535	3000.0	2060.076109465519	0.0	0	0.0	2834.79810354907	1	0	2	2.9679324683745456
28383.36916329623	3000.0	1290.564223331556	0.0	0	0.0	2673.933386627803	1	0	2	2.9814963385333257
30152.54511236102	3000.0	344.47067936028657	0.0	0	0.0	2497.0157917213255	1	0	2	2.999365599255952
30467.508620437995	500.0	998.0108204756103	0.0	0	0.0	2465.51944091362	1	0	2	-1.4728160873031524
31131.028185411833	2000.0	1268.1392990043885	0.0	0	0.0	2399.1674844162408	1	0	2	1.0178898447339253
31667.101340544832	2000.0	1678.45882835809	0.0	0	0.0	2345.5601689029427	1	0	2	2.409673622896672
32214.69726411807	2000.0	2076.1033124275327	0.0	0	0.0	2290.800576545622	1	0	2	2.4152847442426055
33633.21453694033	3000.0	1515.7343123230435	0.0	0	0.0	2148.94884926339	1	0	2	2.6292696386660532
34753.90172453696	2000.0	1282.9784059667522	0.0	0	0.0	2036.880130503734	1	0	2	2.033686508448752
35677.09567192772	2000.0	1267.4650638369183	0.0	0	0.0	1944.5607357646586	1	0	2	2.4487675655133225
36349.30408159779	2000.0	1528.0358131998412	0.0	0	0.0	1877.3398947976457	1	0	2	2.4563320666665542
37200.0	2000.0	1592.2703029573997	0.0	0	88.43439867121924	1792.2703029574113	1	0	2	2.4638400825274864
38200.0	2000.0	1492.2703029573988	0.0	0	335.2408273102119	1692.270302957404	1	0	2	2.472770353719505
39200.0	2000.0	1492.270302957403	0.0	0	535.9115891217953	1692.270302957404	1	0	1	2.4764529470330814
40200.0	3000.0	1492.2703029574072	0.0	0	142.54593582633242	1692.2703029574113	1	0	1	2.8791855010871634
41200.0	3000.0	1492.2703029574027	0.0	0	430.8594458523585	1692.270302957404	1	0	1	3.284650609195329
42200.0	3000.0	1492.2703029574056	0.0	0	148.61848987203848	1692.270302957404	1	0	1	3.284650609195329
43609.22291496869	3000.0	1083.0473879887031	0.0	0	0.0	1692.2703029573968	1	0	1	3.2846506091953294
45437.06256135995	3000.0	255.20774159744997	0.0	0	0.0	1692.2703029573895	1	0	1	3.2846506091953303
45786.05701847589	500.0	906.2132844814998	0.0	0	0.0	1692.2703029573895	1	0	1	-1.194748063874808
46777.010186961816	2000.0	915.2601159955742	0.0	0	0.0	1692.2703029573895	1	0	1	1.2901585859131928
47200.0	1000.0	1492.2703029573888	0.0	0	66.30338986134302	1692.2703029573895	1	0	1	0.9435849956332201
48200.0	2000.0	1492.2703029573959	0.0	0	90.92504594691854	1692.2703029573895	1	0	1	1.9833057664731382
49601.210563839304	2000.0	1091.0597391180931	0.0	0	0.0	1692.2703029573968	1	0	1	2.6764529470330825
50593.752825669006	2000.0	1098.5174772883947	0.0	0	0.0	1692.2703029573968	1	0	1	2.6764529470330825
51200.0	2000.0	1492.2703029573993	0.0	0	4.5282777049724245	1692.2703029573968	1	0	1	2.6764529470330825
52200.0	2000.0	1492.270302957394	0.0	0	189.81657946804626	1692.2703029573968	1	0	1	2.6764529470330825
53200.0	2000.0	1492.2703029573902	0.0	0	327.1798867137841	1692.2703029573968	1	0	1	2.6764529470330825
54581.66602875744	2000.0	1110.6042741999445	0.0	0	0.0	1692.2703029573895	1	0	1	2.6764529470330833
56016.75797814518	2000.0	675.5123248122118	0.0	0	0.0	1692.2703029573895	1	0	1	2.6764529470330833
56522.62367663249	1000.0	1169.6466263249067	0.0	0	0.0	1692.2703029573895	1	0	1	0.9435849956332201
57481.04218070712	2000.0	1211.2281222502877	0.0	0	0.0	1692.2703029573968	1	0	1	1.983305766473137
58272.36795224286	1000.0	1419.902350714543	0.0	0	0.0	1692.2703029573968	1	0	1	0.9435849956332195
59200.0	1000.0	1492.2703029573995	0.0	0	216.41586693576392	1692.2703029573968	1	0	1	1.6367321761931648
60200.0	2000.0	1492.2703029574027	0.0	0	391.0797162217641	1692.2703029573968	1	0	1	1.983305766473137
61200.0	2000.0	1492.2703029574093	0.0	0	290.1900981158251	1692.2703029573968	1	0	1	2.6764529470330825
62352.6748086745	2000.0	1339.5954942829208	0.0	0	0.0	1692.270302957404	1	0	1	2.6764529470330816
63366.78472720842	1000.0	1325.485575749007	0.0	0	0.0	1692.270302957404	1	0	1	0.9435849956332187
64200.0	1000.0	1492.2703029574182	0.0	0	169.52346785276313	1692.270302957404	1	0	1	1.636732176193164
65200.0	1000.0	1492.2703029574193	0.0	0	275.0572790156657	1692.2703029574113	1	0	1	1.636732176193163
66200.0	1000.0	1492.2703029574177	0.0	0	560.4837124994519	1692.270302957404	1	0	1	1.6367321761931637
67200.0	1000.0	1492.2703029574336	0.0	0	700.308279221601	1692.2703029574186	1	0	1	1.636732176193163
68200.0	1000.0	1492.2703029574277	0.0	0	737.0018472393713	1692.2703029574186	1	0	1	1.6367321761931626
69200.0	2000.0	1492.270302957424	0.0	0	238.9002905646921	1692.2703029574186	1	0	1	1.9833057664731348
70200.0	2000.0	1492.2703029574186	0.0	0	256.37518318345246	1692.2703029574332	1	0	1	2.6764529470330793
71200.0	3000.0	1492.2703029574177	0.0	0	148.66229972435394	1692.2703029574477	1	0	1	2.87918550108716
72200.0	3000.0	1492.270302957427	0.0	0	389.03616877197055	1692.2703029574477	1	0	1	3.2846506091953245
73200.0	3000.0	1492.2703029574213	0.0	0	122.6204163198563	1692.2703029574477	1	0	1	3.2846506091953245
74200.0	3000.0	1492.2703029574172	0.0	0	377.6085719271796	1692.2703029574477	1	0	1	3.2846506091953245
75582.85921175689	3000.0	1109.4110912005144	0.0	0	0.0	1692.2703029574477	1	0	1	3.2846506091953245
76948.77517707979	3000.0	743.4951258776132	0.0	0	0.0	1692.2703029574477	1	0	1	3.2846506091953245
77401.14745104316	1000.0	1291.1228519142358	0.0	0	0.0	1692.2703029574332	1	0	1	0.5381198875250512
78350.77004648715	2000.0	1341.500256470245	0.0	0	0.0	1692.2703029574332	1	0	1	1.9833057664731337
79200.0	2000.0	1492.2703029573886	0.0	0	70.81410027046513	1692.2703029574477	1	0	1	2.676452947033077
80200.0	2000.0	1492.270302957394	0.0	0	165.61453556385823	1692.2703029574477	1	0	1	2.676452947033077
81200.0	2000.0	1492.2703029573927	0.0	0	70.71099021515693	1692.2703029574332	1	0	1	2.676452947033079
82329.85114382836	2000.0	1362.419159129035	0.0	0	0.0	1692.2703029574477	1	0	1	2.676452947033077
83231.60736918975	2000.0	1460.6629337676573	0.0	0	0.0	1692.2703029574477	1	0	1	2.676452947033077
84388.59836033518	2000.0	1303.67194262223	0.0	0	0.0	1692.2703029574477	1	0	1	2.676452947033077
85200.0	2000.0	1492.2703029574213	0.0	0	79.52164235949749	1692.2703029574477	1	0	1	2.676452947033077
86213.82777853371	2000.0	1478.442524423705	0.0	0	0.0	1692.2703029574477	1	0	1	2.676452947033077
87468.85472683917	2000.0	1223.4155761182515	0.0	0	0.0	1692.2703029574332	1	0	1	2.676452947033079
88200.0	1000.0	1492.2703029574197	0.0	0	347.7980128618947	1692.2703029574332	1	0	1	0.9435849956332159
89200.0	2000.0	1492.2703029574125	0.0	0	307.2175322553376	1692.2703029574332	1	0	1	1.9833057664731337
90200.0	2000.0	1492.2703029574095	0.0	0	370.8080534374312	1692.2703029574332	1	0	1	2.676452947033079
91200.0	2000.0	1492.2703029573981	0.0	0	178.00645801937208	1692.2703029574332	1	0	1	2.676452947033079
92200.0	2000.0	1492.2703029574102	0.0	0	231.9807241205126	1692.2703029574186	1	0	1	2.67645294703308
93200.0	2000.0	1492.2703029574197	0.0	0	38.37847913366568	1692.2703029574186	1	0	1	2.67645294703308
94200.0	2000.0	1492.2703029574093	0.0	0	93.96150883717928	1692.2703029574186	1	0	1	2.67645294703308
95271.57535974876	2000.0	1420.6949432086424	0.0	0	0.0	1692.2703029574186	1	0	1	2.67645294703308
96346.83954000898	2000.0	1345.4307629484417	0.0	0	0.0	1692.2703029574332	1	0	1	2.676452947033079
97467.39570702345	2000.0	1224.8745959339708	0.0	0	0.0	1692.2703029574332	1	0	1	2.676452947033079
98200.0	2000.0	1492.2703029574093	0.0	0	52.7774702446186	1692.2703029574332	1	0	1	2.676452947033079
99200.0	2000.0	1492.2703029574138	0.0	0	276.75009004688764	1692.2703029574332	1	0	1	2.676452947033079
100200.0	2000.0	1492.2703029574282	0.0	0	38.8347493227775	1692.2703029574332	1	0	1	2.676452947033079
101200.0	2000.0	1492.2703029574486	0.0	0	48.773807707155356	1692.2703029574332	1	0	1	2.676452947033079
102200.0	2000.0	1492.2703029574482	0.0	0	153.2562173725164	1692.2703029574332	1	0	1	2.676452947033079
103697.9619960393	3000.0	994.3083069181298	0.0	0	0.0	1692.2703029574186	1	0	1	2.879185501087162
104444.16421347183	2000.0	1248.1060894856175	0.0	0	0.0	1692.2703029574186	1	0	1	2.270987838924915
105328.27120866145	2000.0	1363.9990942960028	0.0	0	0.0	1692.2703029574186	1	0	1	2.67645294703308
106200.0	2000.0	1492.270302957457	0.0	0	93.2708519968146	1692.2703029574186	1	0	1	2.67645294703308
107325.31629994645	3000.0	1366.954003010992	0.0	0	0.0	1692.2703029574186	1	0	1	2.8791855010871625
108619.41420298193	2000.0	1072.8560999755152	0.0	0	0.0	1692.2703029574332	1	0	1	2.2709878389249143
109533.81555152485	2000.0	1158.4547514326055	0.0	0	0.0	1692.2703029574332	1	0	1	2.676452947033079
110200.0	1000.0	1492.270302957462	0.0	0	178.74351961698267	1692.2703029574332	1	0	1	0.9435849956332159
111200.0	2000.0	1492.2703029574604	0.0	0	163.62050752257346	1692.2703029574332	1	0	1	1.9833057664731337
112200.0	2000.0	1492.270302957454	0.0	0	385.8827285243169	1692.2703029574332	1	0	1	2.676452947033079
113200.0	2000.0	1492.270302957466	0.0	0	251.11739126349858	1692.2703029574332	1	0	1	2.676452947033079
114368.62387827554	2000.0	1323.6464246819244	0.0	0	0.0	1692.2703029574332	1	0	1	2.676452947033079
115200.0	2000.0	1492.2703029574566	0.0	0	102.31738474724989	1692.2703029574332	1	0	1	2.676452947033079
116200.0	2000.0	1492.2703029574486	0.0	0	416.9022631410917	1692.2703029574332	1	0	1	2.676452947033079
117200.0	2000.0	1492.2703029574468	0.0	0	413.2669834292028	1692.2703029574332	1	0	1	2.676452947033079
118200.0	2000.0	1492.2703029574461	0.0	0	508.5640608587855	1692.2703029574186	1	0	1	2.67645294703308
119200.0	2000.0	1492.270302957454	0.0	0	405.53170413005864	1692.2703029574186	1	0	1	2.67645294703308
120450.17404014253	3000.0	1242.096262814914	0.0	0	0.0	1692.2703029574186	1	0	1	2.8791855010871625
121612.95282191432	3000.0	1079.317481043141	0.0	0	0.0	1692.2703029574332	1	0	1	3.284650609195326
123725.5474874892	3000.0	200.0	233.2771845317385	0	0.0	1925.5474874891952	1	0	1	1.8712633710778293
123953.87067477635	500.0	948.8444939841332	0.0	0	0.0	1902.7151687604637	1	0	2	-1.6163157653986309
124780.4678991501	2000.0	1039.5875471730087	0.0	0	0.0	1820.0554463231092	1	0	2	1.0751948028445604
125706.34593500977	2000.0	1021.1217077273724	0.0	0	0.0	1727.467642737145	1	0	2	2.4704508778069165
126200.0	1000.0	1478.102236238126	0.0	0	2.373098161042435	1678.1022362381482	1	0	2	0.7438157923831539
127200.0	2000.0	1478.1022362381204	0.0	0	176.3046759096178	1678.1022362381482	1	0	1	1.784722573145062
128200.0	2000.0	1478.1022362381357	0.0	0	288.5732921256131	1678.1022362381482	1	0	1	2.677869753705007
129200.0	2000.0	1478.1022362381516	0.0	0	242.14454598055454	1678.1022362381482	1	0	1	2.677869753705007
130200.0	2000.0	1478.102236238151	0.0	0	133.05784076437703	1678.1022362381627	1	0	1	2.6778697537050054
131492.27217493733	2000.0	1185.8300613008469	0.0	0	0.0	1678.1022362381773	1	0	1	2.677869753705005
132428.35908188767	2000.0	1249.743154350474	0.0	0	0.0	1678.1022362381336	1	0	1	2.6778697537050067
133292.17726077867	2000.0	1385.9249754594741	0.0	0	0.0	1678.1022362381336	1	0	1	2.677869753705009
134200.0	2000.0	1478.1022362381543	0.0	0	286.0982523204584	1678.1022362381336	1	0	1	2.677869753705009
135200.0	2000.0	1478.1022362381382	0.0	0	490.1071549009357	1678.1022362381336	1	0	1	2.677869753705009
136200.0	2000.0	1478.1022362381025	0.0	0	368.2459352144215	1678.1022362381336	1	0	1	2.677869753705009
137249.11400626675	3000.0	1428.9882299713472	0.0	0	0.0	1678.1022362381045	1	0	1	2.8806023077590943
138230.82511960267	3000.0	1447.277116635407	0.0	0	0.0	1678.1022362381336	1	0	1	3.286067415867256
139200.0	3000.0	1478.1022362380697	0.0	0	219.74281246538158	1678.1022362381045	1	0	1	3.286067415867259
140200.0	3000.0	1478.1022362381082	0.0	0	31.07423517672578	1678.1022362381336	1	0	1	3.286067415867256
141487.70393075002	3000.0	1190.3983054880914	0.0	0	0.0	1678.1022362381336	1	0	1	3.286067415867256
142789.83824234142	3000.0	888.263993896703	0.0	0	0.0	1678.1022362381336	1	0	1	3.286067415867256
143705.82280345226	2000.0	972.2794327858574	0.0	0	0.0	1678.1022362381336	1	0	1	2.2724046455968443
144359.6425770445	2000.0	1318.4596591936481	0.0	0	0.0	1678.1022362381627	1	0	1	2.6778697537050054
145288.90445539868	3000.0	1389.197780839454	0.0	0	0.0	1678.1022362381627	1	0	1	2.8806023077590885
146200.0	3000.0	1478.1022362381054	0.0	0	58.49952823808417	1678.1022362381627	1	0	1	3.286067415867253
147200.0	3000.0	1478.1022362381068	0.0	0	330.98360447463347	1678.1022362381627	1	0	1	3.286067415867253
148368.69767552463	3000.0	1309.4045607134856	0.0	0	0.0	1678.1022362381627	1	0	1	3.286067415867253
149676.83534542567	3000.0	1001.2668908124206	0.0	0	0.0	1678.1022362381627	1	0	1	3.286067415867253
150431.0456061164	2000.0	1247.0566301217325	0.0	0	0.0	1678.1022362381336	1	0	1	2.2724046455968443
151200.0	2000.0	1478.1022362381264	0.0	0	142.3752697344171	1678.1022362381336	1	0	1	2.677869753705009
152200.0	2000.0	1478.1022362381286	0.0	0	200.85935480176704	1678.1022362381336	1	0	1	2.677869753705009
153200.0	2000.0	1478.1022362381198	0.0	0	118.33023497622344	1678.1022362381336	1	0	1	2.677869753705009
154200.0	2000.0	1478.1022362381198	0.0	0	387.71982260758523	1678.1022362381627	1	0	1	2.6778697537050054
155200.0	3000.0	1478.1022362381304	0.0	0	153.31408528296743	1678.1022362381336	1	0	1	2.880602307759091
156261.83727806804	3000.0	1416.2649581700637	0.0	0	0.0	1678.1022362381045	1	0	1	3.286067415867259
157200.0	3000.0	1478.1022362381173	0.0	0	154.5377929227834	1678.1022362381045	1	0	1	3.286067415867259
158200.0	3000.0	1478.102236238145	0.0	0	268.75489880598616	1678.1022362381336	1	0	1	3.286067415867256
159579.55695146273	3000.0	1098.545284775399	0.0	0	0.0	1678.1022362381336	1	0	1	3.286067415867256
160882.75414413027	3000.0	795.3480921078606	0.0	0	0.0	1678.1022362381045	1	0	1	3.286067415867257
161460.53418570483	2000.0	1217.5680505333316	0.0	0	0.0	1678.1022362381045	1	0	1	2.272404645596847
162200.0	2000.0	1478.102236238155	0.0	0	240.6636825990572	1678.1022362381045	1	0	1	2.6778697537050116
163200.0	3000.0	1478.1022362381782	0.0	0	290.6016115057573	1678.1022362381045	1	0	1	2.8806023077590943
164200.0	3000.0	1478.1022362382141	0.0	0	442.4422534391633	1678.1022362381045	1	0	1	3.286067415867259
165414.4871859122	3000.0	1263.6150503260067	0.0	0	0.0	1678.1022362381045	1	0	1	3.286067415867259
166541.75067325745	3000.0	1136.3515629807412	0.0	0	0.0	1678.1022362381045	1	0	1	3.286067415867259
167364.28324951167	3000.0	1313.818986726533	0.0	0	0.0	1678.1022362381045	1	0	1	3.286067415867259
168588.83181797666	3000.0	1089.2704182615525	0.0	0	0.0	1678.1022362381045	1	0	1	3.286067415867259
169522.32090084703	2000.0	1155.7813353912302	0.0	0	0.0	1678.1022362381336	1	0	1	2.2724046455968443
170277.42872840166	2000.0	1400.673507836579	0.0	0	0.0	1678.1022362381336	1	0	1	2.677869753705009
171200.0	2000.0	1478.1022362382255	0.0	0	37.58347509978921	1678.1022362381336	1	0	1	2.677869753705009
172200.0	2000.0	1478.1022362382337	0.0	0	330.41912228398724	1678.1022362380754	1	0	1	2.6778697537050133
173200.0	2000.0	1478.1022362382462	0.0	0	167.67501602708944	1678.1022362381336	1	0	1	2.6778697537050093
174200.0	2000.0	1478.1022362382184	0.0	0	352.32508155721007	1678.1022362381336	1	0	1	2.677869753705009
175200.0	3000.0	1478.1022362382141	0.0	0	265.9416839775804	1678.1022362381336	1	0	1	2.880602307759091
176530.38197578766	3000.0	1147.7202604505408	0.0	0	0.0	1678.1022362381336	1	0	1	3.286067415867256
177862.71123347638	2000.0	815.3910027618468	0.0	0	0.0	1678.1022362381627	1	0	1	2.2724046455968407
178318.7001758951	1000.0	1359.4020603431375	0.0	0	0.0	1678.1022362381627	1	0	1	0.9450018023051429
179200.0	2000.0	1478.1022362382118	0.0	0	191.5839199552138	1678.1022362381336	1	0	1	1.9847225731450637
180200.0	2000.0	1478.1022362382123	0.0	0	23.846654443390435	1678.1022362381336	1	0	1	2.677869753705009
181200.0	2000.0	1478.102236238216	0.0	0	142.74155612286995	1678.1022362381336	1	0	1	2.6778697537050093
182235.6040505344	2000.0	1442.498185703774	0.0	0	0.0	1678.1022362381336	1	0	1	2.677869753705009
183400.5956864896	2000.0	1277.5065497485684	0.0	0	0.0	1678.1022362381627	1	0	1	2.6778697537050054
184200.0	2000.0	1478.102236238154	0.0	0	43.185275447933236	1678.1022362381336	1	0	1	2.677869753705009
185213.16624622597	2000.0	1464.9359900121497	0.0	0	0.0	1678.1022362381336	1	0	1	2.677869753705009
186200.0	2000.0	1478.1022362381193	0.0	0	297.287546779291	1678.1022362381336	1	0	1	2.677869753705009
187200.0	2000.0	1478.1022362381202	0.0	0	459.31416318789707	1678.1022362381336	1	0	1	2.677869753705009
188200.0	2000.0	1478.1022362381038	0.0	0	513.8131968432281	1678.1022362381336	1	0	1	2.677869753705009
189200.0	3000.0	1478.1022362380775	0.0	0	239.2562160428497	1678.1022362381336	1	0	1	2.880602307759091
190200.0	3000.0	1478.1022362380559	0.0	0	323.71360557852313	1678.1022362381336	1	0	1	3.286067415867256
191200.0	3000.0	1478.1022362380506	0.0	0	377.6687399102666	1678.1022362381336	1	0	1	3.286067415867256
192200.0	3000.0	1478.1022362380252	0.0	0	188.01167686632834	1678.1022362381336	1	0	1	3.286067415867256
193957.80532416288	3000.0	720.2969120751156	0.0	0	0.0	1678.1022362381336	1	0	1	3.286067415867256
194523.53303027633	1000.0	1154.5692059616501	0.0	0	0.0	1678.1022362381336	1	0	1	0.539536694196981
195204.96022217209	2000.0	1473.1420140659027	0.0	0	0.0	1678.1022362381336	1	0	1	1.9847225731450637
196200.0	2000.0	1478.1022362379867	0.0	0	36.06997733685421	1678.1022362381045	1	0	1	2.6778697537050116
197200.0	2000.0	1478.1022362380006	0.0	0	314.1034667517815	1678.1022362381336	1	0	1	2.677869753705009
198200.0	2000.0	1478.1022362379922	0.0	0	26.342154109675903	1678.1022362381336	1	0	1	2.677869753705009
199418.81410119144	2000.0	1259.288135046604	0.0	0	0.0	1678.1022362381627	1	0	1	2.6778697537050054
200200.0	2000.0	1478.102236238013	0.0	0	225.24787013235618	1678.1022362381627	1	0	1	2.6778697537050054
201200.0	2000.0	1478.1022362380077	0.0	0	157.70876652162406	1678.1022362381336	1	0	1	2.677869753705008
202200.0	2000.0	1478.10223623802	0.0	0	59.567493611219106	1678.1022362381336	1	0	1	2.677869753705009
203907.17921637587	2000.0	770.9230198621827	0.0	0	0.0	1678.1022362381336	1	0	1	2.677869753705009
204552.98928250643	1000.0	1125.1129537316306	0.0	0	0.0	1678.1022362381627	1	0	1	0.9450018023051429
205200.0	1000.0	1478.1022362380475	0.0	0	18.4081918062584	1678.1022362381918	1	0	1	1.6381489828650853
206283.8951172389	2000.0	1394.2071189991639	0.0	0	0.0	1678.1022362381918	1	0	1	1.9847225731450577
207200.0	1000.0	1478.1022362380763	0.0	0	106.76120829372667	1678.102236238221	1	0	1	0.945001802305137
208200.0	1000.0	1478.102236238102	0.0	0	483.91041801768006	1678.102236238221	1	0	1	1.6381489828650821
209200.0	1000.0	1478.1022362381436	0.0	0	602.2270944277116	1678.10223623825	1	0	1	1.6381489828650795
210200.0	2000.0	1478.1022362381239	0.0	0	148.23543284079642	1678.10223623825	1	0	1	1.984722573145052
211780.07499383346	2000.0	898.0272424046791	0.0	0	0.0	1678.10223623825	1	0	1	2.6778697537049974
212527.37276783638	1000.0	1150.7294684017434	0.0	0	0.0	1678.10223623825	1	0	1	0.9450018023051343
213451.08968064268	1000.0	1227.0125555954655	0.0	0	0.0	1678.1022362382791	1	0	1	1.6381489828650764
214207.52521246643	1000.0	1470.5770237717115	0.0	0	0.0	1678.1022362382791	1	0	1	1.6381489828650764
215200.0	1000.0	1478.102236238137	0.0	0	403.8781962871144	1678.1022362382791	1	0	1	1.6381489828650764
216200.0	1000.0	1478.102236238138	0.0	0	552.3294362581801	1678.1022362382791	1	0	1	1.6381489828650764
217200.0	2000.0	1478.1022362381143	0.0	0	304.9126761261432	1678.10223623825	1	0	1	1.984722573145051
218200.0	2000.0	1478.1022362380993	0.0	0	324.4500777555513	1678.10223623825	1	0	1	2.6778697537049974
219200.0	2000.0	1478.1022362381207	0.0	0	470.98923339822795	1678.1022362382791	1	0	1	2.6778697537049947
220200.0	3000.0	1478.1022362381054	0.0	0	244.57624795040465	1678.1022362382791	1	0	1	2.880602307759077
221200.0	3000.0	1478.1022362380809	0.0	0	357.4472933659563	1678.1022362382791	1	0	1	3.2860674158672416
222200.0	3000.0	1478.1022362381048	0.0	0	298.67129928446957	1678.1022362382791	1	0	1	3.2860674158672416
223200.0	3000.0	1478.1022362381036	0.0	0	23.700096890650457	1678.10223623825	1	0	1	3.2860674158672443
224511.3071012777	3000.0	1166.7951349604184	0.0	0	0.0	1678.10223623825	1	0	1	3.2860674158672443
225517.7885062917	3000.0	1160.3137299464468	0.0	0	0.0	1678.1022362382791	1	0	1	3.2860674158672416
226769.21644676806	2000.0	908.8857894700807	0.0	0	0.0	1678.1022362383083	1	0	1	2.2724046455968265
227534.5800847611	1000.0	1143.522151476996	0.0	0	0.0	1678.1022362383083	1	0	1	0.9450018023051284
228201.26050230674	1000.0	1476.8417339313673	0.0	0	0.0	1678.1022362383083	1	0	1	1.6381489828650735
229453.5577049734	2000.0	1224.5445312647284	0.0	0	0.0	1678.1022362383374	1	0	1	1.984722573145043
230200.0	1000.0	1478.102236238141	0.0	0	236.25383303596755	1678.1022362383374	1	0	1	0.9450018023051254
231200.0	2000.0	1478.102236238135	0.0	0	277.5388269756222	1678.1022362383083	1	0	1	1.984722573145046
232200.0	2000.0	1478.1022362381605	0.0	0	131.8003855170973	1678.1022362383374	1	0	1	2.6778697537049894
233418.6081102675	2000.0	1259.4941259706957	0.0	0	0.0	1678.1022362383665	1	0	1	2.677869753704986
234283.4746106261	2000.0	1394.6276256120955	0.0	0	0.0	1678.1022362383665	1	0	1	2.677869753704986
235293.70834600597	2000.0	1384.3938902322425	0.0	0	0.0	1678.1022362383665	1	0	1	2.677869753704986
236492.91985921602	2000.0	1185.1823770221713	0.0	0	0.0	1678.1022362383956	1	0	1	2.6778697537049827
237200.0	1000.0	1478.102236238211	0.0	0	347.31560567975976	1678.1022362383665	1	0	1	0.9450018023051225
238200.0	2000.0	1478.1022362381925	0.0	0	398.6799885072687	1678.1022362383665	1	0	1	1.9847225731450404
239200.0	2000.0	1478.1022362381498	0.0	0	227.81062391889282	1678.1022362383374	1	0	1	2.6778697537049876
240200.0	2000.0	1478.1022362381523	0.0	0	308.683485376474	1678.1022362383083	1	0	1	2.677869753704991
241200.0	2000.0	1478.1022362381536	0.0	0	47.230830354528734	1678.1022362383083	1	0	1	2.677869753704991
242200.0	2000.0	1478.102236238164	0.0	0	183.2065634940518	1678.1022362383083	1	0	1	2.677869753704991
243200.0	2000.0	1478.102236238148	0.0	0	332.9536004534748	1678.1022362383083	1	0	1	2.677869753704991
244200.0	2000.0	1478.1022362381505	0.0	0	302.0902275068511	1678.1022362383083	1	0	1	2.677869753704991
245200.0	2000.0	1478.102236238163	0.0	0	7.9824095718504395	1678.1022362383374	1	0	1	2.6778697537049885
246200.0	2000.0	1478.1022362381213	0.0	0	32.225298519508215	1678.1022362383374	1	0	1	2.6778697537049885
247200.0	2000.0	1478.1022362381332	0.0	0	10.523276535910554	1678.1022362383374	1	0	1	2.6778697537049885
248200.0	2000.0	1478.102236238126	0.0	0	331.22153374456684	1678.1022362383665	1	0	1	2.677869753704986
249200.0	2000.0	1478.1022362381464	0.0	0	197.0827711740858	1678.1022362383665	1	0	1	2.677869753704986
250200.0	2000.0	1478.1022362381616	0.0	0	146.6529563178483	1678.1022362383374	1	0	1	2.6778697537049885
251200.0	2000.0	1478.1022362381605	0.0	0	274.0025464693608	1678.1022362383374	1	0	1	2.6778697537049885
252200.0	2000.0	1478.102236238172	0.0	0	438.4736667011166	1678.1022362383374	1	0	1	2.6778697537049885
253200.0	3000.0	1478.1022362381932	0.0	0	69.89970018033637	1678.1022362383956	1	0	1	2.880602307759066
254344.92176864442	3000.0	1333.1804675937751	0.0	0	0.0	1678.1022362383665	1	0	1	3.2860674158672327
255200.0	3000.0	1478.1022362381875	0.0	0	12.395585022226442	1678.1022362383956	1	0	1	3.2860674158672296
256612.22304450112	3000.0	1065.8791917371077	0.0	0	0.0	1678.1022362383956	1	0	1	3.2860674158672296
257937.67375002182	2000.0	740.4284862164059	0.0	0	0.0	1678.1022362383956	1	0	1	2.272404645596818
258685.36541979393	1000.0	992.736816444322	0.0	0	0.0	1678.1022362383956	1	0	1	0.9450018023051195
259202.58860124846	1000.0	1475.5136349897784	0.0	0	0.0	1678.1022362383956	1	0	1	1.6381489828650646
260200.0	2000.0	1478.1022362382453	0.0	0	165.87296112449258	1678.1022362384247	1	0	1	1.984722573145035
261200.0	2000.0	1478.1022362382432	0.0	0	331.88985567050986	1678.1022362384247	1	0	1	2.6778697537049796
262200.0	2000.0	1478.1022362382541	0.0	0	170.47846743825357	1678.1022362383956	1	0	1	2.6778697537049827
263200.0	2000.0	1478.1022362382198	0.0	0	324.1092778525781	1678.1022362383956	1	0	1	2.677869753704983
264290.21016543236	2000.0	1387.8920708058772	0.0	0	0.0	1678.1022362383665	1	0	1	2.677869753704986
265200.0	2000.0	1478.1022362382892	0.0	0	114.09261390240863	1678.1022362383665	1	0	1	2.677869753704986
266200.0	2000.0	1478.1022362382776	0.0	0	425.59528877958655	1678.1022362383665	1	0	1	2.677869753704986
267200.0	2000.0	1478.1022362382416	0.0	0	508.77204492129385	1678.1022362383083	1	0	1	2.677869753704991
268200.0	3000.0	1478.1022362382214	0.0	0	257.90933003940154	1678.1022362383083	1	0	1	2.8806023077590734
269446.3247849014	3000.0	1231.7774513367985	0.0	0	0.0	1678.1022362383665	1	0	1	3.2860674158672327
270990.4159464588	3000.0	687.6862897793271	0.0	0	0.0	1678.1022362383665	1	0	1	3.2860674158672327
272338.1642810697	2000.0	401.6675927654436	61.72963759698998	0	0.0	1739.8318738351227	1	0	1	1.8958538562552052
272974.35836115264	1000.0	701.8541046742099	0.0	0	0.0	1676.2124658268876	1	0	2	0.5435872973661199
273500.2568737232	1000.0	1175.955592103623	0.0	0	0.0	1676.2124658268876	1	0	1	1.4383379599062154
274512.12222085905	2000.0	1164.0902449677176	0.0	0	0.0	1676.2124658268876	1	0	1	1.9849115501861883
275203.15214934904	2000.0	1473.0603164777074	0.0	0	0.0	1676.2124658268876	1	0	1	2.6780587307461334
276280.5350588457	2000.0	1395.6774069809367	0.0	0	0.0	1676.2124658268294	1	0	1	2.678058730746139
277200.0	2000.0	1476.2124658266603	0.0	0	78.52274048601976	1676.2124658268294	1	0	1	2.678058730746139
278200.0	2000.0	1476.2124658266848	0.0	0	30.24702646204969	1676.2124658268294	1	0	1	2.678058730746139
279477.99880404695	2000.0	1198.2136617797437	0.0	0	0.0	1676.2124658268294	1	0	1	2.678058730746139
280932.67175538663	2000.0	743.5407104400787	0.0	0	0.0	1676.2124658268876	1	0	1	2.6780587307461334
281549.423026348	1000.0	1126.7894394787754	0.0	0	0.0	1676.2124658268876	1	0	1	0.9451907793462704
282200.0	1000.0	1476.2124658267423	0.0	0	177.7818671875284	1676.2124658268294	1	0	1	1.6383379599062216
283200.0	2000.0	1476.2124658266946	0.0	0	234.31926236039726	1676.2124658267712	1	0	1	1.9849115501862
284200.0	2000.0	1476.212465826683	0.0	0	357.279252657725	1676.2124658267712	1	0	1	2.678058730746145
285200.0	2000.0	1476.2124658266807	0.0	0	464.33517173310975	1676.2124658267712	1	0	1	2.678058730746145
286200.0	3000.0	1476.212465826678	0.0	0	87.60379352857126	1676.2124658267712	1	0	1	2.8807912848002273
287200.0	3000.0	1476.2124658267164	0.0	0	208.30312773003243	1676.2124658267712	1	0	1	3.286256392908392
288200.0	3000.0	1476.2124658267671	0.0	0	402.61568295175675	1676.2124658267712	1	0	1	3.286256392908392
289200.0	3000.0	1476.2124658268094	0.0	0	331.8733938795049	1676.2124658268294	1	0	1	3.286256392908386
290200.0	3000.0	1476.2124658267664	0.0	0	184.28815524373204	1676.2124658268294	1	0	1	3.286256392908386
291200.0	3000.0	1476.2124658266712	0.0	0	100.24270032881759	1676.2124658267712	1	0	1	3.286256392908392
292200.0	3000.0	1476.2124658266557	0.0	0	5.736868885112926	1676.2124658267712	1	0	1	3.286256392908391
293200.0	3000.0	1476.2124658266837	0.0	0	166.72829396801535	1676.2124658267712	1	0	1	3.286256392908392
294200.0	3000.0	1476.2124658266846	0.0	0	311.3686380801955	1676.2124658268294	1	0	1	3.286256392908389
295200.0	3000.0	1476.2124658266503	0.0	0	294.4579491940094	1676.2124658267712	1	0	1	3.2862563929083892
296207.02911447815	3000.0	1469.183351348518	0.0	0	0.0	1676.212465826713	1	0	1	3.2862563929083954
297512.20548276254	3000.0	1164.0069830641005	0.0	0	0.0	1676.212465826713	1	0	1	3.2862563929083977
299039.17246819346	3000.0	637.0399976331132	0.0	0	0.0	1676.212465826713	1	0	1	3.2862563929083977
299444.7942019558	1000.0	1231.418263870728	0.0	0	0.0	1676.212465826713	1	0	1	0.5397256712381232
300200.0	2000.0	1476.2124658265618	0.0	0	20.275518029753584	1676.212465826713	1	0	1	1.9849115501862054
3.22	3.35	3.67	4.24	2.94	2.49	2.1	2.9	3.74	4.53	4.11	2.65	3.5	3.02	2.4	2.54	2.99	2.71	2.76	3.17	4.19	4.12	2.35	1.41	2.58	2.36	2.92	3.29	1.89	2.17	2.25	2.95	3.81	4.24	4.43	4.9	5.1	3.9	1.6	1.3	1.9	2.8	2.86	1.51	1.6	2.28	3.12	3.46	2.1	1.1	1.7	2.33	1.52	1.59	2.4	3.05	1.9	0.95	1.46	1.45	1.95	2.97	3.52	4.02	2.85	3.32	4.24	4.81	4.39	2.82	2.04	2.27	1.76	1.52	2.22	2.31	2.53	1.95	2.09	2.19	2.07	1.85	2.11	2.86	3.37	2.79	2.65	1.91	2.69	2.77	2.15	2.17	2.43	2.77	2.86	2.44	2.99	3.66	2.27	3.12	2.9	3.0	1.69	1.58	1.69	2.61	2.95	3.14	3.14	1.54	2.53	3.13	4.03	5.07	3.86	2.77	2.65	1.48	1.98	2.13	2.65	2.35	2.32	2.9	2.33	1.23	1.73	2.13	3.14	3.81	3.8	3.52	3.31	4.19	4.32	3.73	2.72	3.12	2.98	3.76	4.58	4.75	2.53	2.09	2.18	2.79	2.94	2.97	2.84	2.97	3.22	3.35	3.67	4.24	2.94	2.49	2.1	2.9	3.74	4.53	4.11	2.65	3.5	3.02	2.4	2.54	2.99	2.71	2.76	3.17	4.19	4.12	2.35	1.41	2.58	2.36	2.92	3.29	1.89	2.17	2.25	2.95	3.81	4.24	4.43	4.9	5.1	3.9	1.6	1.3	1.9	2.8	2.86	1.51	1.6	2.28	3.12	3.46	2.1	1.1	1.7	2.33	1.52	1.59	2.4	3.05	1.9	0.95	1.46	1.45	1.95	2.97	3.52	4.02	2.85	3.32	4.24	4.81	4.39	2.82	2.04	2.27	1.76	1.52	2.22	2.31	2.53	1.95	2.09	2.19	2.07	1.85	2.11	2.86	3.37	2.79	2.65	1.91	2.69	2.77	2.15	2.17	2.43	2.77	2.86	2.44	2.99	3.66	2.27	3.12	2.9	3.0	1.69	1.58	1.69	2.61	2.95	3.14	3.14	1.54	2.53	3.13	4.03	5.07	3.86	2.77	2.65	1.48	1.98	2.13	2.65	2.35	2.32	2.9	2.33	1.23	1.73	2.13	3.14	3.81	3.8	3.52	3.31	4.19	4.32	3.73	2.72	3.12	2.98	3.76	4.58	4.75	2.53	2.09	2.18	2.79	2.94	2.97
1.0	2.0	3.0	4.0	5.0	6.0	7.0	8.0	9.0	10.0	11.0	12.0	13.0	14.0	15.0	16.0	17.0	18.0	19.0	20.0	21.0	22.0	23.0	24.0	25.0	26.0	27.0	28.0	29.0	30.0	31.0	32.0	33.0	34.0	35.0	36.0	37.0	38.0	39.0	40.0	41.0	42.0	43.0	44.0	45.0	46.0	47.0	48.0	49.0	50.0	51.0	52.0	53.0	54.0	55.0	56.0	57.0	58.0	59.0	60.0	61.0	62.0	63.0	64.0	65.0	66.0	67.0	68.0	69.0	70.0	71.0	72.0	73.0	74.0	75.0	76.0	77.0	78.0	79.0	80.0	81.0	82.0	83.0	84.0	85.0	86.0	87.0	88.0	89.0	90.0	91.0	92.0	93.0	94.0	95.0	96.0	97.0	98.0	99.0	100.0	101.0	102.0	103.0	104.0	105.0	106.0	107.0	108.0	109.0	110.0	111.0	112.0	113.0	114.0	115.0	116.0	117.0	118.0	119.0	120.0	121.0	122.0	123.0	124.0	125.0	126.0	127.0	128.0	129.0	130.0	131.0	132.0	133.0	134.0	135.0	136.0	137.0	138.0	139.0	140.0	141.0	142.0	143.0	144.0	145.0	146.0	147.0	148.0	149.0	149.0	150.0	151.0	152.0	153.0	154.0	155.0	156.0	157.0	158.0	159.0	160.0	161.0	162.0	163.0	164.0	165.0	166.0	167.0	168.0	169.0	170.0	171.0	172.0	173.0	174.0	175.0	176.0	177.0	178.0	179.0	180.0	181.0	182.0	183.0	184.0	185.0	186.0	187.0	188.0	189.0	190.0	191.0	192.0	193.0	194.0	195.0	196.0	197.0	198.0	199.0	200.0	201.0	202.0	203.0	204.0	205.0	206.0	207.0	208.0	209.0	210.0	211.0	212.0	213.0	214.0	215.0	216.0	217.0	218.0	219.0	220.0	221.0	222.0	223.0	224.0	225.0	226.0	227.0	228.0	229.0	230.0	231.0	232.0	233.0	234.0	235.0	236.0	237.0	238.0	239.0	240.0	241.0	242.0	243.0	244.0	245.0	246.0	247.0	248.0	249.0	250.0	251.0	252.0	253.0	254.0	255.0	256.0	257.0	258.0	259.0	260.0	261.0	262.0	263.0	264.0	265.0	266.0	267.0	268.0	269.0	270.0	271.0	272.0	273.0	274.0	275.0	276.0	277.0	278.0	279.0	280.0	281.0	282.0	283.0	284.0	285.0	286.0	287.0	288.0	289.0	290.0	291.0	292.0	293.0	294.0	295.0	296.0	297.0
4704.695789457163
