3823.3437253396155	300.0	2000.0	197.57046839578842	0	0.0	3823.3437253396155	1	0	1	-1.5636243828439418
4409.629458250832	1000.0	2355.085693797663	0.0	0	0.0	3764.7151520484945	1	0	2	-0.17588041541838068
4871.178456515601	1000.0	2847.3817957064166	0.0	0	0.0	3718.560252222017	1	0	2	1.232989513572129
6225.5275367878585	2000.0	2357.5978074069335	0.0	0	0.0	3583.1253441947906	1	0	2	1.590794306067502
7523.409714341018	2000.0	1929.9274120984583	0.0	0	0.0	3453.337126439475	1	0	2	2.2971624275326987
8838.89764250202	2000.0	1482.8906911213578	0.0	0	0.0	3321.7883336233754	1	0	2	2.3086883359829384
10018.115852700255	1000.0	1185.7506599032981	0.0	0	0.0	3203.866512603551	1	0	2	0.5898984482786105
10905.154895726795	1000.0	1210.0077125741059	0.0	0	0.0	3115.1626083008996	1	0	2	1.2925653411638818
11574.90864292054	1000.0	1473.2785906609868	0.0	0	0.0	3048.187233581524	1	0	2	1.299557083142788
12122.47453653637	1000.0	1870.9561076835728	0.0	0	0.0	2993.4306442199413	1	0	2	1.3052463644600796
13091.601844399482	2000.0	1804.9160690341514	0.0	0	0.0	2896.5179134336304	1	0	2	1.6600950604455424
14139.071747799313	2000.0	1652.6991752943356	0.0	0	0.0	2791.7709230936453	1	0	2	2.3638127803290687
15464.313530871646	2000.0	1194.9332139147668	0.0	0	0.0	2659.246744786409	1	0	2	2.376354749251146
16067.833668139127	1000.0	1531.0610629205396	0.0	0	0.0	2598.894731059663	1	0	2	0.6513576100704006
17365.97382793254	2000.0	1103.1068871477864	0.0	0	0.0	2469.080715080321	1	0	2	1.7024894189387298
17847.796828726096	1000.0	1573.101586274877	0.0	0	0.0	2420.8984150009674	1	0	2	0.6694311442578882
18911.81038955269	2000.0	1402.6866693656234	0.0	0	0.0	2314.4970589183067	1	0	2	1.717776690756269
19758.33961380762	1000.0	1471.5045226851987	0.0	0	0.0	2229.8441364928112	1	0	2	0.6872536541945228
20713.431078771795	1000.0	1420.9039112246103	0.0	0	0.0	2134.334989996398	1	0	2	1.3905720945954312
21342.234654854507	1000.0	1729.219977533624	0.0	0	0.0	2071.454632388126	1	0	2	1.3972459109440423
22200.0	1000.0	1785.6780978735785	0.0	0	197.367045689527	1985.6780978735696	1	0	2	1.4042804093489418
23200.0	1000.0	1685.6780978735778	0.0	0	640.9788088507376	1885.6780978735733	1	0	2	1.4134305184376141
24200.0	1000.0	1585.6780978735796	0.0	0	725.1938905645839	1785.6780978735696	1	0	2	1.4233913967015468
25200.0	2000.0	1485.678097873584	0.0	0	355.70429531326954	1685.6780978735733	1	0	2	1.7801055404658408
27331.376000373457	2000.0	354.3020975001287	0.0	0	0.0	1685.678097873577	1	0	1	2.4771121675414642
27734.504188457748	500.0	951.1739094158393	0.0	0	0.0	1685.678097873577	1	0	1	-0.7886237352582623
28257.59034242818	1000.0	1428.0877554454094	0.0	0	0.0	1685.6780978735733	1	0	1	0.9442442161416015
29200.0	1000.0	1485.6780978735892	0.0	0	286.8408867803046	1685.6780978735733	1	0	1	1.6373913967015468
30200.0	1000.0	1485.6780978735926	0.0	0	598.7851339784684	1685.6780978735733	1	0	1	1.6373913967015468
31200.0	1000.0	1485.6780978735928	0.0	0	472.7118538619252	1685.6780978735733	1	0	1	1.6373913967015468
32200.0	1000.0	1485.678097873597	0.0	0	489.664590463497	1685.6780978735733	1	0	1	1.6373913967015468
33791.78358503795	2000.0	893.8945128356465	0.0	0	0.0	1685.6780978735696	1	0	1	1.98396498698152
34293.826389262635	1000.0	1391.851708610966	0.0	0	0.0	1685.678097873577	1	0	1	0.9442442161416016
35944.61441090971	2000.0	741.0636869639004	0.0	0	0.0	1685.678097873577	1	0	1	1.9839649869815192
36635.08279465512	1000.0	1050.595303218483	0.0	0	0.0	1685.678097873577	1	0	1	0.9442442161416014
37370.94961518056	1000.0	1314.728482693048	0.0	0	0.0	1685.6780978735842	1	0	1	1.6373913967015459
38200.0	1000.0	1485.6780978736058	0.0	0	337.11498893059616	1685.678097873577	1	0	1	1.6373913967015465
39200.0	1000.0	1485.678097873605	0.0	0	505.9007530126328	1685.6780978735696	1	0	1	1.6373913967015474
40200.0	1000.0	1485.67809787361	0.0	0	540.5395654253589	1685.6780978735696	1	0	1	1.6373913967015474
41200.0	1000.0	1485.6780978736135	0.0	0	372.3698738833118	1685.678097873577	1	0	1	1.6373913967015465
42200.0	1000.0	1485.6780978736201	0.0	0	381.36302226164844	1685.6780978735842	1	0	1	1.6373913967015459
43498.01980045084	2000.0	1187.6582974227836	0.0	0	0.0	1685.6780978735842	1	0	1	1.9839649869815186
44200.0	1000.0	1485.6780978736228	0.0	0	32.68130153291713	1685.678097873577	1	0	1	0.9442442161416014
45200.0	1000.0	1485.6780978736158	0.0	0	515.1536039776256	1685.678097873577	1	0	1	1.6373913967015465
46200.0	1000.0	1485.6780978736192	0.0	0	476.5804934175321	1685.6780978735842	1	0	1	1.6373913967015459
47200.0	1000.0	1485.678097873628	0.0	0	551.6713958423279	1685.6780978735842	1	0	1	1.6373913967015459
48345.65553034253	2000.0	1340.0225675311033	0.0	0	0.0	1685.6780978735915	1	0	1	1.9839649869815177
49928.72182632068	2000.0	756.9562715529548	0.0	0	0.0	1685.6780978735915	1	0	1	2.6771121675414626
50646.16941696011	1000.0	1039.5086809135216	0.0	0	0.0	1685.6780978735842	1	0	1	0.9442442161416006
51282.96918415305	1000.0	1402.7089137205871	0.0	0	0.0	1685.6780978735842	1	0	1	1.6373913967015459
52200.0	1000.0	1485.6780978736422	0.0	0	448.30479995176574	1685.6780978735842	1	0	1	1.6373913967015459
53200.0	1000.0	1485.6780978736358	0.0	0	296.87833683233475	1685.6780978735842	1	0	1	1.6373913967015459
54200.0	1000.0	1485.6780978736356	0.0	0	462.05697480525123	1685.6780978735842	1	0	1	1.6373913967015459
55200.0	2000.0	1485.6780978736356	0.0	0	296.69665373145835	1685.678097873577	1	0	1	1.9839649869815192
56602.50393068267	2000.0	1083.1741671909533	0.0	0	0.0	1685.678097873577	1	0	1	2.6771121675414644
57200.0	1000.0	1485.6780978736235	0.0	0	117.37488092318381	1685.678097873577	1	0	1	0.9442442161416014
58414.64922905467	2000.0	1271.0288688189653	0.0	0	0.0	1685.6780978735842	1	0	1	1.9839649869815186
59216.44117316812	2000.0	1469.2369247055096	0.0	0	0.0	1685.6780978735842	1	0	1	2.677112167541464
60200.0	2000.0	1485.6780978736228	0.0	0	177.63579645306163	1685.678097873577	1	0	1	2.6771121675414644
61200.0	2000.0	1485.678097873626	0.0	0	333.27788841509755	1685.678097873577	1	0	1	2.6771121675414644
62200.0	2000.0	1485.6780978736208	0.0	0	302.6492054377595	1685.678097873577	1	0	1	2.6771121675414644
63200.0	2000.0	1485.678097873625	0.0	0	50.59384975305147	1685.678097873577	1	0	1	2.6771121675414644
65431.76612769392	2000.0	253.91197017971052	0.0	0	0.0	1685.678097873577	1	0	1	2.6771121675414644
65688.8766888346	300.0	996.8014090390278	0.0	0	0.0	1685.6780978735842	1	0	1	-2.065687794673239
66336.69213373605	1000.0	1348.9859641375745	0.0	0	0.0	1685.678097873577	1	0	1	0.43341859237561015
67200.0	1000.0	1485.6780978736247	0.0	0	183.12672038507299	1685.6780978735696	1	0	1	1.6373913967015465
68200.0	1000.0	1485.678097873627	0.0	0	489.1047191060643	1685.678097873577	1	0	1	1.6373913967015465
69200.0	1000.0	1485.6780978736329	0.0	0	531.5421829855768	1685.678097873577	1	0	1	1.6373913967015465
70200.0	1000.0	1485.6780978736274	0.0	0	590.9755925118807	1685.678097873577	1	0	1	1.6373913967015465
71200.0	1000.0	1485.6780978736228	0.0	0	295.42580709532194	1685.678097873577	1	0	1	1.6373913967015465
72725.31633800457	2000.0	960.3617598690344	0.0	0	0.0	1685.678097873577	1	0	1	1.9839649869815192
73505.95611883105	1000.0	1179.7219790425497	0.0	0	0.0	1685.678097873577	1	0	1	0.9442442161416014
74241.72172755034	1000.0	1443.9563703232398	0.0	0	0.0	1685.678097873577	1	0	1	1.6373913967015465
75205.88562066687	1000.0	1479.7924772067029	0.0	0	0.0	1685.678097873577	1	0	1	1.6373913967015465
76200.0	1000.0	1485.678097873571	0.0	0	212.00314668333158	1685.678097873577	1	0	1	1.6373913967015465
77200.0	1000.0	1485.6780978735774	0.0	0	483.47220253951673	1685.678097873577	1	0	1	1.6373913967015465
78200.0	1000.0	1485.678097873575	0.0	0	329.267349331727	1685.678097873577	1	0	1	1.6373913967015465
79200.0	1000.0	1485.6780978735815	0.0	0	451.4444394123275	1685.6780978735915	1	0	1	1.6373913967015452
80200.0	1000.0	1485.6780978735753	0.0	0	453.1296812935034	1685.6780978735915	1	0	1	1.6373913967015452
81200.0	1000.0	1485.6780978735671	0.0	0	533.7857618794369	1685.6780978735915	1	0	1	1.6373913967015452
82200.0	1000.0	1485.6780978735546	0.0	0	343.1689890109701	1685.6780978735915	1	0	1	1.6373913967015452
83200.0	1000.0	1485.6780978735558	0.0	0	390.7566191011283	1685.678097873577	1	0	1	1.6373913967015465
84200.0	1000.0	1485.6780978735642	0.0	0	282.35975776474515	1685.678097873577	1	0	1	1.6373913967015465
85697.06538090172	2000.0	988.612716971841	0.0	0	0.0	1685.678097873577	1	0	1	1.9839649869815192
86351.8112198034	1000.0	1333.8668780701682	0.0	0	0.0	1685.678097873577	1	0	1	0.9442442161416014
87200.0	1000.0	1485.6780978735724	0.0	0	203.01682848852943	1685.678097873577	1	0	1	1.6373913967015465
88200.0	1000.0	1485.6780978735605	0.0	0	531.9685784450267	1685.6780978735624	1	0	1	1.637391396701548
89200.0	1000.0	1485.6780978735576	0.0	0	722.3796919320303	1685.6780978735624	1	0	1	1.637391396701548
90200.0	2000.0	1485.678097873544	0.0	0	230.59193105995655	1685.6780978735624	1	0	1	1.9839649869815208
91200.0	2000.0	1485.6780978735355	0.0	0	27.912628200399922	1685.678097873577	1	0	1	2.6771121675414644
92863.37007896161	2000.0	822.3080189119266	0.0	0	0.0	1685.6780978735915	1	0	1	2.6771121675414626
93877.6682675561	1000.0	808.0098303174404	0.0	0	0.0	1685.6780978735915	1	0	1	0.9442442161416
94495.49749903503	1000.0	1190.1805988385013	0.0	0	0.0	1685.6780978735915	1	0	1	1.6373913967015452
95200.0	1000.0	1485.678097873543	0.0	0	132.80871523729002	1685.6780978735915	1	0	1	1.6373913967015452
96200.0	1000.0	1485.678097873525	0.0	0	590.1950887025014	1685.6780978735915	1	0	1	1.6373913967015452
97200.0	2000.0	1485.6780978735176	0.0	0	398.3589905436238	1685.678097873606	1	0	1	1.9839649869815164
98526.39955964177	2000.0	1159.2785382317547	0.0	0	0.0	1685.678097873606	1	0	1	2.6771121675414618
99825.265674542	2000.0	860.4124233315381	0.0	0	0.0	1685.6780978736206	1	0	1	2.67711216754146
100301.31624424549	1000.0	1384.3618536280387	0.0	0	0.0	1685.678097873606	1	0	1	0.9442442161415984
101772.65830998021	2000.0	913.0197878933274	0.0	0	0.0	1685.6780978736206	1	0	1	1.9839649869815148
102466.89773573498	1000.0	1218.7803621385733	0.0	0	0.0	1685.6780978736351	1	0	1	0.9442442161415956
103200.0	1000.0	1485.6780978735544	0.0	0	67.64290026498202	1685.6780978736351	1	0	1	1.6373913967015408
104200.0	1000.0	1485.6780978735603	0.0	0	409.429660785303	1685.6780978736351	1	0	1	1.6373913967015408
105200.0	1000.0	1485.6780978735524	0.0	0	463.97322642360814	1685.6780978736497	1	0	1	1.6373913967015394
106200.0	1000.0	1485.67809787358	0.0	0	270.2973014626914	1685.6780978736497	1	0	1	1.6373913967015394
107200.0	1000.0	1485.6780978735746	0.0	0	409.9381839469861	1685.6780978736497	1	0	1	1.6373913967015394
108200.0	1000.0	1485.678097873589	0.0	0	218.37967478144856	1685.6780978736497	1	0	1	1.6373913967015394
109200.0	1000.0	1485.678097873585	0.0	0	242.33162180426007	1685.6780978736497	1	0	1	1.6373913967015394
110391.12224501987	1000.0	1294.555852853704	0.0	0	0.0	1685.6780978736351	1	0	1	1.6373913967015408
111265.16798942804	1000.0	1420.5101084455155	0.0	0	0.0	1685.6780978736351	1	0	1	1.6373913967015408
112200.0	1000.0	1485.6780978735555	0.0	0	64.25735358911334	1685.6780978736351	1	0	1	1.6373913967015408
113200.0	1000.0	1485.6780978735458	0.0	0	365.8018159732601	1685.6780978736206	1	0	1	1.637391396701542
114200.0	1000.0	1485.6780978735562	0.0	0	177.6927619279013	1685.6780978736206	1	0	1	1.637391396701542
115200.0	1000.0	1485.6780978735435	0.0	0	269.06356154855166	1685.6780978736206	1	0	1	1.637391396701542
116200.0	1000.0	1485.678097873538	0.0	0	331.5305417221098	1685.6780978736206	1	0	1	1.637391396701542
117200.0	1000.0	1485.6780978735273	0.0	0	159.782985918122	1685.678097873606	1	0	1	1.6373913967015437
118320.71044424111	1000.0	1364.967653632423	0.0	0	0.0	1685.678097873606	1	0	1	1.6373913967015437
119430.1881468333	1000.0	1255.4899510402247	0.0	0	0.0	1685.678097873606	1	0	1	1.6373913967015437
120278.94481209929	1000.0	1406.7332857742228	0.0	0	0.0	1685.6780978735915	1	0	1	1.6373913967015452
121200.0	1000.0	1485.6780978734864	0.0	0	203.61251579987584	1685.6780978735915	1	0	1	1.6373913967015452
122200.0	1000.0	1485.6780978734882	0.0	0	394.3784154728637	1685.6780978735915	1	0	1	1.6373913967015452
123200.0	1000.0	1485.6780978734846	0.0	0	538.2407872788172	1685.6780978735915	1	0	1	1.6373913967015452
124200.0	1000.0	1485.6780978734846	0.0	0	516.906823837955	1685.6780978735915	1	0	1	1.6373913967015452
125200.0	2000.0	1485.6780978734882	0.0	0	195.26638863731932	1685.6780978735915	1	0	1	1.9839649869815177
126200.0	2000.0	1485.6780978734862	0.0	0	85.89861835259944	1685.6780978735915	1	0	1	2.6771121675414626
127215.51437893871	2000.0	1470.1637189347887	0.0	0	0.0	1685.6780978735915	1	0	1	2.6771121675414626
128200.0	2000.0	1485.6780978734898	0.0	0	85.3168689119484	1685.678097873577	1	0	1	2.6771121675414644
129745.94581405322	2000.0	939.7322838202714	0.0	0	0.0	1685.678097873577	1	0	1	2.6771121675414644
130200.0	1000.0	1485.6780978734937	0.0	0	25.488631722924765	1685.678097873577	1	0	1	0.9442442161416014
131755.89893114925	2000.0	929.7791667242439	0.0	0	0.0	1685.6780978735624	1	0	1	1.9839649869815204
132389.75923733873	1000.0	1295.9188605347615	0.0	0	0.0	1685.6780978735624	1	0	1	0.9442442161416028
133200.0	1000.0	1485.6780978734787	0.0	0	17.415045332716545	1685.6780978735478	1	0	1	1.6373913967015492
134200.0	1000.0	1485.678097873463	0.0	0	424.00767124208505	1685.6780978735478	1	0	1	1.6373913967015497
135200.0	1000.0	1485.678097873486	0.0	0	343.749824847735	1685.678097873577	1	0	1	1.6373913967015465
136200.0	1000.0	1485.6780978734673	0.0	0	400.6514505133382	1685.678097873577	1	0	1	1.6373913967015465
137200.0	1000.0	1485.6780978734419	0.0	0	296.2416478598316	1685.678097873577	1	0	1	1.6373913967015465
138227.7894769944	1000.0	1457.8886208790316	0.0	0	0.0	1685.6780978735478	1	0	1	1.6373913967015497
139200.0	1000.0	1485.6780978734162	0.0	0	145.57448766508605	1685.6780978735187	1	0	1	1.6373913967015525
140200.0	1000.0	1485.6780978734312	0.0	0	398.3628691592603	1685.6780978735187	1	0	1	1.6373913967015525
141200.0	1000.0	1485.6780978734432	0.0	0	164.44817040127236	1685.6780978735187	1	0	1	1.6373913967015525
142200.0	1000.0	1485.6780978734266	0.0	0	172.1970385061286	1685.6780978735187	1	0	1	1.6373913967015525
143200.0	1000.0	1485.6780978734014	0.0	0	183.76133476340328	1685.6780978735187	1	0	1	1.6373913967015525
144200.0	1000.0	1485.6780978733811	0.0	0	304.2287816996395	1685.6780978735187	1	0	1	1.6373913967015525
145200.0	1000.0	1485.678097873374	0.0	0	235.06424481759313	1685.6780978735478	1	0	1	1.6373913967015497
146200.0	1000.0	1485.678097873385	0.0	0	325.30526473987265	1685.6780978735187	1	0	1	1.6373913967015525
147200.0	1000.0	1485.6780978733816	0.0	0	223.44596514862496	1685.6780978734896	1	0	1	1.6373913967015552
148200.0	1000.0	1485.678097873378	0.0	0	528.4554223764571	1685.6780978734896	1	0	1	1.6373913967015552
149200.0	1000.0	1485.678097873374	0.0	0	344.91228088893695	1685.6780978735187	1	0	1	1.6373913967015525
150200.0	1000.0	1485.6780978733855	0.0	0	174.22052608584636	1685.6780978735187	1	0	1	1.6373913967015525
151321.0513439309	1000.0	1364.6267539424794	0.0	0	0.0	1685.6780978735187	1	0	1	1.6373913967015525
152200.0	1000.0	1485.678097873386	0.0	0	55.24301426188322	1685.6780978735478	1	0	1	1.6373913967015497
153200.0	1000.0	1485.6780978733652	0.0	0	191.14878470479744	1685.6780978735478	1	0	1	1.6373913967015497
154200.0	1000.0	1485.678097873346	0.0	0	232.84573053510394	1685.678097873577	1	0	1	1.6373913967015465
155200.0	1000.0	1485.6780978733916	0.0	0	336.4587576034537	1685.678097873577	1	0	1	1.6373913967015465
156200.0	1000.0	1485.67809787341	0.0	0	534.1474555771856	1685.678097873606	1	0	1	1.637391396701544
157200.0	1000.0	1485.678097873411	0.0	0	385.33870453978307	1685.678097873606	1	0	1	1.6373913967015437
158200.0	1000.0	1485.6780978734218	0.0	0	26.783505564264487	1685.678097873606	1	0	1	1.6373913967015437
159308.89644219427	1000.0	1376.781655679127	0.0	0	0.0	1685.678097873606	1	0	1	1.6373913967015437
160200.0	1000.0	1485.6780978734084	0.0	0	245.82597650727257	1685.678097873606	1	0	1	1.6373913967015437
161200.0	1000.0	1485.6780978734184	0.0	0	441.43181252197246	1685.6780978736351	1	0	1	1.6373913967015408
162200.0	1000.0	1485.6780978734341	0.0	0	416.9673203282	1685.6780978736351	1	0	1	1.6373913967015408
163200.0	1000.0	1485.6780978734057	0.0	0	448.15458547737217	1685.6780978736351	1	0	1	1.6373913967015408
164200.0	1000.0	1485.6780978734027	0.0	0	179.28796593204606	1685.6780978736351	1	0	1	1.6373913967015408
165329.8804797917	2000.0	1355.7976180817163	0.0	0	0.0	1685.6780978736351	1	0	1	1.9839649869815137
166200.0	1000.0	1485.6780978734027	0.0	0	204.2889056246786	1685.6780978736351	1	0	1	0.9442442161415956
167418.3055944128	2000.0	1267.3725034605898	0.0	0	0.0	1685.678097873606	1	0	1	1.9839649869815164
168200.0	1000.0	1485.6780978733993	0.0	0	135.86559218543698	1685.678097873577	1	0	1	0.9442442161416014
169454.5886171816	1000.0	1231.0894806917722	0.0	0	0.0	1685.678097873577	1	0	1	1.6373913967015465
170451.20387692112	1000.0	1234.4742209522583	0.0	0	0.0	1685.678097873577	1	0	1	1.6373913967015465
171200.0	1000.0	1485.678097873376	0.0	0	247.61233285284834	1685.678097873577	1	0	1	1.6373913967015465
172200.0	1000.0	1485.6780978733507	0.0	0	457.517453799519	1685.6780978735478	1	0	1	1.6373913967015497
173200.0	1000.0	1485.6780978733318	0.0	0	630.4658544666308	1685.6780978735478	1	0	1	1.6373913967015497
174200.0	1000.0	1485.6780978733022	0.0	0	652.7152795420552	1685.6780978735187	1	0	1	1.6373913967015525
176050.31259546606	2000.0	635.3655024072266	0.0	0	0.0	1685.6780978735187	1	0	1	1.9839649869815252
176740.98647531634	1000.0	944.69162255693	0.0	0	0.0	1685.6780978735187	1	0	1	0.9442442161416073
177518.55297524252	1000.0	1167.125122630728	0.0	0	0.0	1685.6780978735187	1	0	1	1.6373913967015525
178200.0	1000.0	1485.678097873258	0.0	0	3.1641395637998357	1685.6780978735187	1	0	1	1.6373913967015525
179200.0	1000.0	1485.6780978732988	0.0	0	438.48699166291044	1685.6780978735187	1	0	1	1.6373913967015525
180200.0	1000.0	1485.6780978733	0.0	0	453.9910606741032	1685.6780978735187	1	0	1	1.6373913967015525
181200.0	1000.0	1485.6780978732977	0.0	0	645.7038911904965	1685.6780978735187	1	0	1	1.6373913967015525
182730.5647054874	2000.0	955.1133923859038	0.0	0	0.0	1685.6780978735187	1	0	1	1.9839649869815252
183232.72738021295	1000.0	1452.9507176603493	0.0	0	0.0	1685.6780978735187	1	0	1	0.9442442161416073
185007.33072581384	2000.0	678.3473720594569	0.0	0	0.0	1685.6780978735187	1	0	1	1.9839649869815252
185891.4910385763	1000.0	794.1870592969947	0.0	0	0.0	1685.6780978735187	1	0	1	0.9442442161416073
186589.43856155328	1000.0	1096.239536320004	0.0	0	0.0	1685.6780978735187	1	0	1	1.6373913967015525
187200.0	1000.0	1485.6780978732963	0.0	0	137.6706962347671	1685.6780978735187	1	0	1	1.6373913967015525
188200.0	1000.0	1485.6780978733002	0.0	0	254.93065591034247	1685.6780978735187	1	0	1	1.6373913967015525
189200.0	1000.0	1485.6780978733232	0.0	0	507.7368027683988	1685.6780978735478	1	0	1	1.6373913967015497
190200.0	1000.0	1485.6780978733127	0.0	0	373.22654406391666	1685.6780978735478	1	0	1	1.6373913967015497
191200.0	1000.0	1485.6780978733245	0.0	0	584.4823125394469	1685.6780978735478	1	0	1	1.6373913967015497
192259.84375482472	2000.0	1425.8343430486152	0.0	0	0.0	1685.6780978735478	1	0	1	1.9839649869815221
193200.0	1000.0	1485.6780978732993	0.0	0	325.46407413389534	1685.6780978735478	1	0	1	0.9442442161416045
194200.0	1000.0	1485.678097873269	0.0	0	325.8194827011903	1685.6780978735478	1	0	1	1.6373913967015497
195200.0	1000.0	1485.6780978732647	0.0	0	657.4432144807361	1685.6780978735478	1	0	1	1.6373913967015497
196200.0	1000.0	1485.6780978732543	0.0	0	629.015438855713	1685.6780978735478	1	0	1	1.6373913967015497
197405.7229078638	2000.0	1279.9551900094466	0.0	0	0.0	1685.6780978735478	1	0	1	1.9839649869815221
198200.0	1000.0	1485.6780978732431	0.0	0	131.50691645377083	1685.6780978735478	1	0	1	0.9442442161416045
199544.50767377773	2000.0	1141.1704240955623	0.0	0	0.0	1685.678097873577	1	0	1	1.9839649869815215
200277.26904551726	1000.0	1408.4090523559962	0.0	0	0.0	1685.678097873577	1	0	1	0.9442442161416014
201200.0	1000.0	1485.6780978732738	0.0	0	494.6338833591726	1685.678097873577	1	0	1	1.6373913967015465
202200.0	1000.0	1485.6780978732445	0.0	0	532.3522072289197	1685.6780978735187	1	0	1	1.637391396701552
203200.0	1000.0	1485.6780978732365	0.0	0	513.370735145174	1685.6780978735187	1	0	1	1.6373913967015525
204200.0	2000.0	1485.6780978732447	0.0	0	84.26777385309106	1685.6780978735187	1	0	1	1.9839649869815252
205200.0	2000.0	1485.678097873256	0.0	0	31.391851371066878	1685.6780978735187	1	0	1	2.6771121675414706
206200.0	2000.0	1485.6780978732543	0.0	0	79.878451488883	1685.6780978735187	1	0	1	2.6771121675414706
207200.0	2000.0	1485.6780978732065	0.0	0	149.53716473144596	1685.6780978734896	1	0	1	2.6771121675414733
208200.0	2000.0	1485.6780978731986	0.0	0	173.21840166833135	1685.6780978734896	1	0	1	2.6771121675414733
209200.0	2000.0	1485.6780978731624	0.0	0	271.8276044310187	1685.6780978734605	1	0	1	2.677112167541476
210200.0	2000.0	1485.6780978731629	0.0	0	315.9817120556836	1685.6780978734605	1	0	1	2.677112167541476
211200.0	2000.0	1485.6780978731517	0.0	0	487.1044292250008	1685.6780978734605	1	0	1	2.677112167541476
212200.0	2000.0	1485.678097873164	0.0	0	371.13826350777526	1685.6780978734605	1	0	1	2.677112167541476
214574.24822269913	2000.0	200.0	88.57012482592937	0	0.0	1774.248222699447	1	0	1	2.143920016089378
214864.90439593076	300.0	880.2782094452008	0.0	0	0.0	1745.1826053763216	1	0	2	-2.4723284632359244
215670.8545312358	1000.0	993.7330606096526	0.0	0	0.0	1664.587591845775	1	0	2	0.2336870541696236
216257.574513073	1000.0	1407.0130787724659	0.0	0	0.0	1664.587591845775	1	0	1	1.4395004473043267
217200.0	1000.0	1464.5875918455104	0.0	0	189.0850668233761	1664.5875918458041	1	0	1	1.639500447304324
218200.0	1000.0	1464.5875918454976	0.0	0	358.64937248133356	1664.5875918458041	1	0	1	1.639500447304324
219200.0	1000.0	1464.5875918454992	0.0	0	520.1017351372866	1664.5875918458332	1	0	1	1.6395004473043209
220614.58546753417	2000.0	1050.0021243113465	0.0	0	0.0	1664.5875918458332	1	0	1	1.9860740375842936
221382.31630611274	1000.0	1282.2712857327874	0.0	0	0.0	1664.5875918458332	1	0	1	0.9463532667443757
222200.0	1000.0	1464.5875918455545	0.0	0	116.92447965120664	1664.5875918458332	1	0	1	1.6395004473043209
223200.0	1000.0	1464.5875918455442	0.0	0	361.3715247128566	1664.5875918458332	1	0	1	1.6395004473043209
224200.0	1000.0	1464.5875918455304	0.0	0	32.51997398407548	1664.5875918458623	1	0	1	1.6395004473043182
225200.0	1000.0	1464.587591845513	0.0	0	394.95926571139717	1664.5875918458623	1	0	1	1.6395004473043182
226200.0	1000.0	1464.587591845507	0.0	0	402.36351899954025	1664.5875918458623	1	0	1	1.6395004473043182
227200.0	1000.0	1464.587591845507	0.0	0	543.3074906265538	1664.5875918458623	1	0	1	1.6395004473043182
228200.0	1000.0	1464.5875918454983	0.0	0	311.09019840855035	1664.5875918458623	1	0	1	1.6395004473043182
229200.0	1000.0	1464.5875918455226	0.0	0	357.4791287155531	1664.5875918458914	1	0	1	1.639500447304315
230200.0	1000.0	1464.5875918454947	0.0	0	459.3372136510152	1664.5875918459205	1	0	1	1.6395004473043122
231200.0	1000.0	1464.58759184551	0.0	0	354.8569155417499	1664.5875918459496	1	0	1	1.6395004473043093
232200.0	1000.0	1464.5875918454963	0.0	0	440.45247572034714	1664.5875918459496	1	0	1	1.6395004473043093
233200.0	1000.0	1464.5875918455163	0.0	0	288.60218252049526	1664.5875918459496	1	0	1	1.6395004473043093
234200.0	1000.0	1464.5875918455092	0.0	0	96.64540327413124	1664.5875918459205	1	0	1	1.6395004473043122
235200.0	1000.0	1464.5875918455265	0.0	0	309.78241464536404	1664.5875918459496	1	0	1	1.6395004473043093
236200.0	1000.0	1464.5875918455426	0.0	0	476.7251199982129	1664.5875918459496	1	0	1	1.6395004473043093
237200.0	1000.0	1464.5875918455101	0.0	0	535.4390241870715	1664.5875918459496	1	0	1	1.6395004473043093
238200.0	1000.0	1464.587591845475	0.0	0	645.0822533839673	1664.5875918459787	1	0	1	1.6395004473043069
239200.0	2000.0	1464.587591845472	0.0	0	211.89907960849814	1664.5875918460079	1	0	1	1.9860740375842765
240655.65022477545	2000.0	1008.9373670700137	0.0	0	0.0	1664.5875918460079	1	0	1	2.6792212181442214
241218.5369729833	1000.0	1446.050618862146	0.0	0	0.0	1664.5875918460079	1	0	1	0.9463532667443583
243144.06557684194	2000.0	520.5220150035067	0.0	0	0.0	1664.587591846037	1	0	1	1.9860740375842738
243478.0041365784	500.0	1186.5834552669953	0.0	0	0.0	1664.5875918460079	1	0	1	-0.7865146846555074
244200.0	1000.0	1464.5875918453917	0.0	0	274.98966884834226	1664.587591846037	1	0	1	0.9463532667443553
245200.0	1000.0	1464.587591845416	0.0	0	530.2084006441291	1664.587591846037	1	0	1	1.6395004473043007
246200.0	2000.0	1464.5875918454285	0.0	0	290.4808612126217	1664.587591846037	1	0	1	1.9860740375842734
247200.0	2000.0	1464.5875918454383	0.0	0	185.82342251838418	1664.587591846037	1	0	1	2.6792212181442183
248281.20781733433	2000.0	1383.3797745111092	0.0	0	0.0	1664.587591846037	1	0	1	2.6792212181442183
249200.0	2000.0	1464.5875918454435	0.0	0	199.79861081705894	1664.587591846037	1	0	1	2.6792212181442183
250200.0	2000.0	1464.5875918454187	0.0	0	131.697239542671	1664.587591846037	1	0	1	2.6792212181442183
251292.3315299576	2000.0	1372.256061887845	0.0	0	0.0	1664.587591846037	1	0	1	2.6792212181442183
252200.0	1000.0	1464.5875918454644	0.0	0	175.2217762977234	1664.587591846037	1	0	1	0.9463532667443555
253200.0	1000.0	1464.587591845454	0.0	0	620.372441026353	1664.587591846037	1	0	1	1.6395004473043007
254200.0	1000.0	1464.587591845455	0.0	0	503.57026166375726	1664.587591846066	1	0	1	1.639500447304298
255200.0	1000.0	1464.587591845483	0.0	0	226.9786447697261	1664.587591846066	1	0	1	1.6395004473042976
256200.0	1000.0	1464.587591845502	0.0	0	320.84372427818016	1664.587591846066	1	0	1	1.6395004473042976
257200.0	1000.0	1464.587591845487	0.0	0	217.45624407872674	1664.5875918460952	1	0	1	1.639500447304295
258281.55006447565	1000.0	1383.0375273698492	0.0	0	0.0	1664.587591846066	1	0	1	1.6395004473042976
259320.6652014505	1000.0	1343.9223903949917	0.0	0	0.0	1664.587591846066	1	0	1	1.6395004473042976
260320.5744429319	1000.0	1344.0131489136074	0.0	0	0.0	1664.587591846037	1	0	1	1.6395004473043007
261471.92538596163	1000.0	1192.6622058838418	0.0	0	0.0	1664.587591846066	1	0	1	1.6395004473042976
262242.38171311433	1000.0	1422.205878731138	0.0	0	0.0	1664.587591846037	1	0	1	1.6395004473042982
263200.0	1000.0	1464.5875918454742	0.0	0	210.62484114285326	1664.587591846037	1	0	1	1.6395004473042993
264200.0	1000.0	1464.5875918455008	0.0	0	266.4004396678647	1664.5875918461243	1	0	1	1.6395004473042942
265200.0	1000.0	1464.587591845535	0.0	0	259.56491684453795	1664.587591846066	1	0	1	1.6395004473042976
266200.0	1000.0	1464.587591845482	0.0	0	151.7319199719932	1664.587591846066	1	0	1	1.6395004473042976
267200.0	1000.0	1464.5875918454994	0.0	0	252.6504519074224	1664.5875918461243	1	0	1	1.6395004473042918
268316.4785962808	1000.0	1348.1089955646728	0.0	0	0.0	1664.587591846066	1	0	1	1.6395004473042976
269200.0	1000.0	1464.5875918454692	0.0	0	118.50721456395695	1664.587591846066	1	0	1	1.6395004473042976
270200.0	1000.0	1464.5875918454058	0.0	0	437.8150078174076	1664.587591846066	1	0	1	1.6395004473042976
271200.0	1000.0	1464.587591845429	0.0	0	507.41794909065356	1664.587591846066	1	0	1	1.6395004473042976
272200.0	1000.0	1464.5875918454703	0.0	0	466.4840130235534	1664.587591846066	1	0	1	1.6395004473042976
273200.0	1000.0	1464.5875918455354	0.0	0	632.5771641978645	1664.587591846066	1	0	1	1.6395004473042976
274200.0	2000.0	1464.5875918455029	0.0	0	347.9799886382534	1664.5875918461243	1	0	1	1.9860740375842647
275258.30768248875	2000.0	1406.279909356767	0.0	0	0.0	1664.5875918461243	1	0	1	2.67922121814421
276200.0	2000.0	1464.5875918454585	0.0	0	103.71871045220178	1664.587591846066	1	0	1	2.6792212181442157
277332.36152706016	2000.0	1332.2260647852627	0.0	0	0.0	1664.5875918461243	1	0	1	2.67922121814421
278660.4084033164	2000.0	1004.17918852905	0.0	0	0.0	1664.5875918461825	1	0	1	2.6792212181442037
279200.0	1000.0	1464.5875918454487	0.0	0	122.86541863536695	1664.5875918461825	1	0	1	0.9463532667443408
280318.92446392786	2000.0	1345.663127917635	0.0	0	0.0	1664.5875918461825	1	0	1	1.9860740375842587
281200.0	1000.0	1464.5875918455513	0.0	0	265.96822009061	1664.5875918461825	1	0	1	0.9463532667443408
282200.0	1000.0	1464.5875918455718	0.0	0	278.8625546427211	1664.5875918461825	1	0	1	1.639500447304286
283200.0	1000.0	1464.5875918455977	0.0	0	477.09100447484525	1664.5875918461243	1	0	1	1.6395004473042918
284200.0	1000.0	1464.5875918455806	0.0	0	517.7988494862802	1664.5875918461243	1	0	1	1.6395004473042918
285200.0	1000.0	1464.5875918456684	0.0	0	401.2824610780808	1664.5875918461243	1	0	1	1.6395004473042918
286200.0	1000.0	1464.5875918456536	0.0	0	135.7190807419829	1664.5875918461243	1	0	1	1.6395004473042918
287225.3354895872	1000.0	1439.2521022584044	0.0	0	0.0	1664.5875918461243	1	0	1	1.6395004473042918
288200.0	1000.0	1464.587591845587	0.0	0	57.4615159733803	1664.5875918461243	1	0	1	1.6395004473042918
289200.0	1000.0	1464.5875918455893	0.0	0	454.53028399520554	1664.5875918461825	1	0	1	1.639500447304286
290200.0	1000.0	1464.5875918456156	0.0	0	171.62630853574956	1664.5875918461825	1	0	1	1.639500447304286
291200.0	1000.0	1464.5875918455922	0.0	0	176.390588880633	1664.5875918461825	1	0	1	1.639500447304286
292200.0	1000.0	1464.5875918456031	0.0	0	392.1340015976457	1664.5875918462407	1	0	1	1.6395004473042802
293200.0	1000.0	1464.5875918455195	0.0	0	365.4814724147436	1664.5875918462407	1	0	1	1.6395004473042802
294200.0	1000.0	1464.5875918455915	0.0	0	362.13761192181846	1664.5875918462407	1	0	1	1.6395004473042802
295200.0	1000.0	1464.587591845609	0.0	0	290.1139508197084	1664.587591846299	1	0	1	1.6395004473042745
296200.0	1000.0	1464.5875918456372	0.0	0	318.31346620211843	1664.587591846299	1	0	1	1.6395004473042745
297200.0	1000.0	1464.5875918455663	0.0	0	468.34633152151946	1664.587591846299	1	0	1	1.6395004473042745
298200.0	1000.0	1464.5875918455447	0.0	0	392.3459774731309	1664.587591846357	1	0	1	1.6395004473042685
299200.0	1000.0	1464.58759184555	0.0	0	216.64247234951472	1664.587591846357	1	0	1	1.6395004473042685
300301.2012034979	1000.0	1363.3863883477268	0.0	0	0.0	1664.587591846357	1	0	1	1.6395004473042685
1.49	1.8	1.85	1.84	2.36	0.81	1.22	1.8	2.54	2.1	1.83	1.66	1.69	2.09	2.02	1.44	0.98	1.38	2.14	2.94	3.22	2.33	1.2	1.04	1.49	1.87	2.04	3.01	2.39	1.11	2.25	0.94	1.27	1.41	1.69	1.8	2.29	2.15	1.69	1.47	1.38	2.13	2.65	2.97	1.86	1.38	1.59	1.89	2.0	2.09	2.53	2.76	1.42	2.27	2.18	2.43	2.92	2.88	3.42	2.62	0.95	0.71	1.39	2.02	1.8	2.1	2.17	1.76	1.58	1.67	1.78	1.29	1.73	2.12	1.84	1.55	1.92	1.95	1.77	2.13	1.76	1.31	1.58	2.06	2.79	3.63	2.4	1.41	1.71	0.82	1.97	2.06	2.72	2.78	1.7	1.89	2.4	1.58	1.46	1.88	2.36	1.45	1.09	1.74	1.78	1.12	0.72	1.01	1.1	1.71	1.68	1.87	1.93	1.24	1.19	1.22	1.23	1.81	2.27	2.97	2.72	2.29	2.09	2.9	1.9	1.58	1.95	1.55	1.74	1.52	1.67	1.71	2.03	1.47	1.24	1.46	1.56	1.29	1.73	1.25	1.38	1.63	2.06	1.44	2.06	1.77	1.02	1.12	1.77	1.19	1.49	1.8	1.85	1.84	2.36	0.81	1.22	1.8	2.54	2.1	1.83	1.66	1.69	2.09	2.02	1.44	0.98	1.38	2.14	2.94	3.22	2.33	1.2	1.04	1.49	1.87	2.04	3.01	2.39	1.11	2.25	0.94	1.27	1.41	1.69	1.8	2.29	2.15	1.69	1.47	1.38	2.13	2.65	2.97	1.86	1.38	1.59	1.89	2.0	2.09	2.53	2.76	1.42	2.27	2.18	2.43	2.92	2.88	3.42	2.62	0.95	0.71	1.39	2.02	1.8	2.1	2.17	1.76	1.58	1.67	1.78	1.29	1.73	2.12	1.84	1.55	1.92	1.95	1.77	2.13	1.76	1.31	1.58	2.06	2.79	3.63	2.4	1.41	1.71	0.82	1.97	2.06	2.72	2.78	1.7	1.89	2.4	1.58	1.46	1.88	2.36	1.45	1.09	1.74	1.78	1.12	0.72	1.01	1.1	1.71	1.68	1.87	1.93	1.24	1.19	1.22	1.23	1.81	2.27	2.97	2.72	2.29	2.09	2.9	1.9	1.58	1.95	1.55	1.74	1.52	1.67	1.71	2.03	1.47	1.24	1.46	1.56	1.29	1.73	1.25	1.38	1.63	2.06	1.44	2.06	1.77	1.02	1.12	1.77	1.19	1.49
1.0	2.0	3.0	4.0	5.0	6.0	7.0	8.0	9.0	10.0	11.0	12.0	13.0	14.0	15.0	16.0	17.0	18.0	19.0	20.0	21.0	22.0	23.0	24.0	25.0	26.0	27.0	28.0	29.0	30.0	31.0	32.0	33.0	34.0	35.0	36.0	37.0	38.0	39.0	40.0	41.0	42.0	43.0	44.0	45.0	46.0	47.0	48.0	49.0	50.0	51.0	52.0	53.0	54.0	55.0	56.0	57.0	58.0	59.0	60.0	61.0	62.0	63.0	64.0	65.0	66.0	67.0	68.0	69.0	70.0	71.0	72.0	73.0	74.0	75.0	76.0	77.0	78.0	79.0	80.0	81.0	82.0	83.0	84.0	85.0	86.0	87.0	88.0	89.0	90.0	91.0	92.0	93.0	94.0	95.0	96.0	97.0	98.0	99.0	100.0	101.0	102.0	103.0	104.0	105.0	106.0	107.0	108.0	109.0	110.0	111.0	112.0	113.0	114.0	115.0	116.0	117.0	118.0	119.0	120.0	121.0	122.0	123.0	124.0	125.0	126.0	127.0	128.0	129.0	130.0	131.0	132.0	133.0	134.0	135.0	136.0	137.0	138.0	139.0	140.0	141.0	142.0	143.0	144.0	145.0	146.0	147.0	148.0	149.0	149.0	150.0	151.0	152.0	153.0	154.0	155.0	156.0	157.0	158.0	159.0	160.0	161.0	162.0	163.0	164.0	165.0	166.0	167.0	168.0	169.0	170.0	171.0	172.0	173.0	174.0	175.0	176.0	177.0	178.0	179.0	180.0	181.0	182.0	183.0	184.0	185.0	186.0	187.0	188.0	189.0	190.0	191.0	192.0	193.0	194.0	195.0	196.0	197.0	198.0	199.0	200.0	201.0	202.0	203.0	204.0	205.0	206.0	207.0	208.0	209.0	210.0	211.0	212.0	213.0	214.0	215.0	216.0	217.0	218.0	219.0	220.0	221.0	222.0	223.0	224.0	225.0	226.0	227.0	228.0	229.0	230.0	231.0	232.0	233.0	234.0	235.0	236.0	237.0	238.0	239.0	240.0	241.0	242.0	243.0	244.0	245.0	246.0	247.0	248.0	249.0	250.0	251.0	252.0	253.0	254.0	255.0	256.0	257.0	258.0	259.0	260.0	261.0	262.0	263.0	264.0	265.0	266.0	267.0	268.0	269.0	270.0	271.0	272.0	273.0	274.0	275.0	276.0	277.0	278.0	279.0	280.0	281.0	282.0	283.0	284.0	285.0	286.0	287.0	288.0	289.0	290.0	291.0	292.0	293.0	294.0	295.0	296.0	297.0	298.0	298.0	299.0
3448.7970493087278
