5897.712949876926	300.0	2000.0	494.8468569088224	0	0.0	5897.712949876926	1	0	1	-3.5464240359786623
6649.84141587248	500.0	2172.6586874048908	0.0	0	0.0	5822.500103277371	1	0	2	-0.7286492315808748
7134.256612443539	500.0	2639.801971176726	0.0	0	0.0	5774.0585836202645	1	0	2	-0.012201136571798596
8077.7283358478535	1000.0	2601.9830754319796	0.0	0	0.0	5679.711411279833	1	0	2	0.34237538547204627
8888.628010717082	1000.0	2709.993433075827	0.0	0	0.0	5598.621443792908	1	0	2	1.0440962166174095
9747.044085502535	1000.0	2765.7357508118284	0.0	0	0.0	5512.779836314363	1	0	2	1.0524878022207038
10631.29101147578	1000.0	2793.0641322412566	0.0	0	0.0	5424.355143717036	1	0	2	1.0611591298228116
11705.39475806319	1000.0	2611.550010995104	0.0	0	0.0	5316.944769058295	1	0	2	1.0711252132741123
12660.542680174234	1000.0	2560.8872966729537	0.0	0	0.0	5221.429976847188	1	0	2	1.0816159335036923
13480.578734454883	1000.0	2658.84763696424	0.0	0	0.0	5139.426371419122	1	0	2	1.089795730567542
14717.310457332422	1000.0	2298.442741798947	0.0	0	0.0	5015.753199131368	1	0	2	1.100068426260961
16237.259291057775	1000.0	1626.4990247010596	0.0	0	0.0	4863.758315758832	1	0	2	1.1163818208526377
17066.778741512844	1000.0	1714.0276292004833	0.0	0	0.0	4780.806370713324	1	0	2	1.12575711008896
17778.804738869272	1000.0	1930.799032108416	0.0	0	0.0	4709.6037709776865	1	0	2	1.1331926297431072
18509.07092672216	1000.0	2127.506225470239	0.0	0	0.0	4636.577152192398	1	0	2	1.140125857015206
19493.587946024003	1000.0	2044.5375042382152	0.0	0	0.0	4538.125450262216	1	0	2	1.149431934784999
21263.426569650943	1000.0	1097.7150182485802	0.0	0	0.0	4361.141587899521	1	0	2	1.16521407621849
22321.60377930817	1000.0	933.7200876256317	0.0	0	0.0	4255.3238669338025	1	0	2	1.1779846110741121
22696.032918755514	500.0	1521.848034233554	0.0	0	0.0	4217.880952989068	1	0	2	-0.5495617201003795
23319.991372265413	1000.0	1835.493735372661	0.0	0	0.0	4155.485107638069	1	0	2	0.49574289624114287
23958.12839149838	1000.0	2133.543014216396	0.0	0	0.0	4091.671405714769	1	0	2	1.195177571919895
24597.18027756445	1000.0	2430.585939543718	0.0	0	0.0	4027.766217108161	1	0	2	1.2015012646832215
25411.928240872945	1000.0	2534.3631799043706	0.0	0	0.0	3946.29142077731	1	0	2	1.209042341204999
26198.279556021273	1000.0	2669.376733241205	0.0	0	0.0	3867.6562892624715	1	0	2	1.2173465966069839
27217.61429613337	1000.0	2548.108519117895	0.0	0	0.0	3765.722815251258	1	0	2	1.2270546586282167
27749.089440909815	1000.0	2963.4858598638075	0.0	0	0.0	3712.5753007736166	1	0	2	1.233375066761417
28968.233775845765	1000.0	2622.427091434262	0.0	0	0.0	3590.660867280021	1	0	2	1.2433776311881883
30081.7688880561	1000.0	2397.5384680028956	0.0	0	0.0	3479.3073560589837	1	0	2	1.2549429738122382
31179.753437021387	1000.0	2189.755464141075	0.0	0	0.0	3369.5089011624477	1	0	2	1.2666323949132732
32096.065918703436	1000.0	2181.8117342908213	0.0	0	0.0	3277.8776529942443	1	0	2	1.2756973916872818
32904.700453556514	1000.0	2292.313745952432	0.0	0	0.0	3197.0141995089325	1	0	2	1.2841107573462038
34174.02647894103	1000.0	1896.0551180294729	0.0	0	0.0	3070.081596970489	1	0	2	1.2960567969570638
34650.893964087365	1000.0	2371.5008843685005	0.0	0	0.0	3022.394848455857	1	0	2	1.3024971609036504
35200.0	1000.0	2767.484244864605	0.0	0	99.35585944831837	2967.484244864594	1	0	2	1.307260137333887
36986.71126655471	2000.0	1802.1018516544134	0.0	0	0.0	2788.8131182091165	1	0	2	1.669242306840098
37820.056447682895	1000.0	1885.422152413413	0.0	0	0.0	2705.4786000962995	1	0	2	0.6401373323183631
39022.54107027318	1000.0	1562.6890675641014	0.0	0	0.0	2585.2301378372867	1	0	2	1.3438513153451157
39861.92199894971	1000.0	1639.3700460199218	0.0	0	0.0	2501.2920449696394	1	0	2	1.353803856781492
40710.816496007385	1000.0	1705.5860992564749	0.0	0	0.0	2416.4025952638694	1	0	2	1.3621876567929974
41410.16454294665	1000.0	1936.3032476232802	0.0	0	0.0	2346.4677905699355	1	0	2	1.3695847249806676
42301.21506968783	1000.0	1956.1476682079863	0.0	0	0.0	2257.362737895819	1	0	2	1.3777145059113571
43521.32684439743	1000.0	1614.0247160274237	0.0	0	0.0	2135.3515604248532	1	0	2	1.3884499968067758
44649.30607227944	1000.0	1373.247565357216	0.0	0	0.0	2022.5536376366654	1	0	2	1.4009700576916564
45873.205533103624	1000.0	1026.9581584506182	0.0	0	0.0	1900.1636915542476	1	0	2	1.413119642379135
46408.25809607505	500.0	1438.4003391820488	0.0	0	0.0	1846.6584352571008	1	0	2	-0.31280100903035857
47200.0	1000.0	1567.4842448646039	0.0	0	84.70789532182243	1767.4842448646014	1	0	2	0.7335864450351695
48200.0	1000.0	1467.4842448646066	0.0	0	97.3443420042604	1667.4842448646014	1	0	2	1.4361805998567059
49284.10138715384	1000.0	1383.3828577107765	0.0	0	0.0	1667.4842448646014	1	0	1	1.4392107820024442
50235.7525184251	1000.0	1431.7317264395178	0.0	0	0.0	1667.4842448646086	1	0	1	1.6392107820024435
51200.0	1000.0	1467.4842448646098	0.0	0	360.3914230860755	1667.4842448646014	1	0	1	1.6392107820024444
52200.0	1000.0	1467.484244864612	0.0	0	483.0609973153041	1667.4842448646086	1	0	1	1.6392107820024435
53200.0	1000.0	1467.484244864615	0.0	0	467.89727871792275	1667.4842448646086	1	0	1	1.6392107820024435
54252.450199810555	1000.0	1415.0340450540648	0.0	0	0.0	1667.4842448646086	1	0	1	1.6392107820024435
55360.62756919865	1000.0	1306.8566756659723	0.0	0	0.0	1667.4842448646086	1	0	1	1.6392107820024435
56221.827296647796	1000.0	1445.656948216828	0.0	0	0.0	1667.4842448646086	1	0	1	1.6392107820024435
57200.0	1000.0	1467.4842448646257	0.0	0	75.10293163916504	1667.484244864616	1	0	1	1.6392107820024426
58200.0	1000.0	1467.4842448646286	0.0	0	222.15454433198465	1667.4842448646232	1	0	1	1.6392107820024422
59374.08391681111	1000.0	1293.4003280535155	0.0	0	0.0	1667.4842448646232	1	0	1	1.6392107820024422
60200.0	1000.0	1467.4842448646311	0.0	0	244.6348990859551	1667.4842448646232	1	0	1	1.6392107820024422
61200.0	1000.0	1467.4842448646368	0.0	0	213.2223486764342	1667.484244864616	1	0	1	1.6392107820024426
62200.0	1000.0	1467.4842448646336	0.0	0	554.6105265685328	1667.484244864616	1	0	1	1.6392107820024426
63200.0	1000.0	1467.4842448646252	0.0	0	326.425808118991	1667.484244864616	1	0	1	1.6392107820024426
64408.639560537056	1000.0	1258.8446843275667	0.0	0	0.0	1667.4842448646086	1	0	1	1.6392107820024435
65200.0	1000.0	1467.4842448646182	0.0	0	117.58593887596362	1667.4842448646086	1	0	1	1.6392107820024435
66200.0	1000.0	1467.4842448646377	0.0	0	147.10238373036555	1667.4842448646232	1	0	1	1.6392107820024426
68240.1043072883	1000.0	427.3799375763275	0.0	0	0.0	1667.4842448646232	1	0	1	1.6392107820024422
68593.00618130353	300.0	1074.4780635610991	0.0	0	0.0	1667.4842448646232	1	0	1	-1.3707212288123987
69200.0	500.0	1467.4842448646411	0.0	0	116.43988205412461	1667.4842448646232	1	0	1	0.08866438739653318
70200.0	500.0	1467.4842448646555	0.0	0	549.0549840583844	1667.4842448646232	1	0	1	0.5994900111625239
71200.0	500.0	1467.4842448646502	0.0	0	567.682166065264	1667.4842448646232	1	0	1	0.5994900111625239
72200.0	500.0	1467.4842448646484	0.0	0	548.6017497464927	1667.4842448646232	1	0	1	0.5994900111625239
73200.0	1000.0	1467.4842448646618	0.0	0	301.8523582689086	1667.4842448646086	1	0	1	0.9460636014424981
74200.0	1000.0	1467.4842448646796	0.0	0	331.89154292229796	1667.4842448646086	1	0	1	1.6392107820024435
75200.0	1000.0	1467.4842448646646	0.0	0	142.29068576355348	1667.4842448646086	1	0	1	1.6392107820024435
76508.15741867313	1000.0	1159.326826191519	0.0	0	0.0	1667.4842448646086	1	0	1	1.6392107820024435
77548.34355280761	1000.0	1119.1406920570348	0.0	0	0.0	1667.4842448646086	1	0	1	1.6392107820024435
78336.4609555827	1000.0	1331.023289281922	0.0	0	0.0	1667.4842448646086	1	0	1	1.6392107820024435
79443.90698518255	1000.0	1223.5772596820627	0.0	0	0.0	1667.4842448646086	1	0	1	1.6392107820024435
80200.0	500.0	1467.4842448646218	0.0	0	282.5589020054904	1667.4842448646086	1	0	1	-0.09365716939742008
81200.0	1000.0	1467.484244864611	0.0	0	76.61115754458297	1667.4842448646086	1	0	1	0.9460636014424981
82200.0	1000.0	1467.4842448646323	0.0	0	189.59742311337322	1667.4842448646086	1	0	1	1.6392107820024435
83200.0	1000.0	1467.4842448646434	0.0	0	330.5319050595717	1667.4842448646232	1	0	1	1.6392107820024422
84200.0	1000.0	1467.4842448646411	0.0	0	339.90141171794676	1667.4842448646232	1	0	1	1.6392107820024422
85478.02769865154	1000.0	1189.45654621311	0.0	0	0.0	1667.4842448646232	1	0	1	1.6392107820024422
86234.16106424935	1000.0	1433.323180615306	0.0	0	0.0	1667.4842448646232	1	0	1	1.6392107820024422
87300.41514203572	1000.0	1367.0691028289425	0.0	0	0.0	1667.4842448646232	1	0	1	1.6392107820024422
88200.0	1000.0	1467.4842448646648	0.0	0	243.74524998173	1667.4842448646232	1	0	1	1.6392107820024422
89200.0	1000.0	1467.4842448646546	0.0	0	416.85837812027603	1667.4842448646086	1	0	1	1.6392107820024435
90200.0	1000.0	1467.4842448646518	0.0	0	335.2368039594876	1667.4842448646086	1	0	1	1.6392107820024435
91200.0	1000.0	1467.4842448646675	0.0	0	280.7921017697663	1667.4842448646086	1	0	1	1.6392107820024435
92200.0	1000.0	1467.4842448646798	0.0	0	417.5807791471452	1667.4842448646086	1	0	1	1.6392107820024435
93200.0	1000.0	1467.4842448646723	0.0	0	344.5240853014402	1667.484244864594	1	0	1	1.6392107820024449
94200.0	1000.0	1467.484244864676	0.0	0	70.86255746906681	1667.484244864594	1	0	1	1.6392107820024449
95200.0	1000.0	1467.4842448646748	0.0	0	310.4972146574437	1667.484244864594	1	0	1	1.6392107820024449
96200.0	1000.0	1467.4842448646914	0.0	0	353.56882911246794	1667.484244864594	1	0	1	1.6392107820024449
97200.0	1000.0	1467.4842448647034	0.0	0	330.43004539542017	1667.4842448645795	1	0	1	1.6392107820024466
98242.77715159449	1000.0	1424.7070932702163	0.0	0	0.0	1667.484244864565	1	0	1	1.639210782002448
99367.02286824322	1000.0	1300.4613766214857	0.0	0	0.0	1667.484244864565	1	0	1	1.639210782002448
100226.66776714857	1000.0	1440.81647771613	0.0	0	0.0	1667.484244864565	1	0	1	1.639210782002448
101200.0	1000.0	1467.4842448647019	0.0	0	268.5817151984229	1667.484244864565	1	0	1	1.639210782002448
102200.0	1000.0	1467.4842448647014	0.0	0	159.75244202598697	1667.484244864565	1	0	1	1.639210782002448
103270.61240091127	1000.0	1396.8718439534416	0.0	0	0.0	1667.4842448645504	1	0	1	1.6392107820024493
104543.02015090398	1000.0	1124.4640939607543	0.0	0	0.0	1667.484244864565	1	0	1	1.639210782002448
105763.2818887205	1000.0	904.202356144216	0.0	0	0.0	1667.484244864565	1	0	1	1.639210782002448
106301.74468239014	500.0	1365.7395624745784	0.0	0	0.0	1667.4842448645795	1	0	1	-0.09365716939741714
107200.0	1000.0	1467.4842448647169	0.0	0	137.6185932411172	1667.4842448645795	1	0	1	0.9460636014425011
108200.0	1000.0	1467.484244864723	0.0	0	366.62476219638484	1667.4842448645795	1	0	1	1.6392107820024466
109200.0	1000.0	1467.4842448647323	0.0	0	297.67940778963384	1667.4842448645795	1	0	1	1.6392107820024466
110200.0	1000.0	1467.4842448647328	0.0	0	299.18888511396653	1667.484244864594	1	0	1	1.6392107820024449
111297.05156066113	1000.0	1370.4326842036105	0.0	0	0.0	1667.484244864594	1	0	1	1.6392107820024449
112497.86328889697	1000.0	1169.6209559677698	0.0	0	0.0	1667.484244864594	1	0	1	1.6392107820024449
113541.28400505541	1000.0	1126.2002398093196	0.0	0	0.0	1667.4842448645795	1	0	1	1.6392107820024453
114470.23811295422	1000.0	1197.2461319105087	0.0	0	0.0	1667.4842448645795	1	0	1	1.6392107820024466
115454.37744359419	1000.0	1213.1068012705282	0.0	0	0.0	1667.4842448645795	1	0	1	1.6392107820024466
116280.17871782204	1000.0	1387.3055270426748	0.0	0	0.0	1667.484244864594	1	0	1	1.6392107820024449
117522.12369293376	1000.0	1145.3605519309563	0.0	0	0.0	1667.4842448645795	1	0	1	1.6392107820024466
118346.99979652639	500.0	1320.4844483383074	0.0	0	0.0	1667.4842448645795	1	0	1	-0.09365716939741714
119200.0	500.0	1467.4842448647025	0.0	0	89.94092283962527	1667.484244864594	1	0	1	0.5994900111625268
120200.0	500.0	1467.4842448647012	0.0	0	195.81617687174003	1667.484244864594	1	0	1	0.5994900111625268
121200.0	500.0	1467.4842448646946	0.0	0	37.25696756254183	1667.484244864594	1	0	1	0.5994900111625268
122200.0	500.0	1467.4842448647087	0.0	0	387.64369782590074	1667.4842448646086	1	0	1	0.5994900111625254
123200.0	500.0	1467.4842448647114	0.0	0	183.52345420706843	1667.4842448646086	1	0	1	0.5994900111625254
124200.0	500.0	1467.4842448647134	0.0	0	505.26651423641306	1667.4842448646086	1	0	1	0.5994900111625254
125200.0	500.0	1467.4842448647153	0.0	0	443.2953937448765	1667.4842448646086	1	0	1	0.5994900111625254
126200.0	500.0	1467.4842448647178	0.0	0	414.40513848827686	1667.4842448646086	1	0	1	0.5994900111625254
127200.0	500.0	1467.484244864723	0.0	0	563.0098594224401	1667.4842448646086	1	0	1	0.5994900111625254
128200.0	1000.0	1467.4842448647069	0.0	0	307.77771376111195	1667.4842448646086	1	0	1	0.9460636014424981
129200.0	1000.0	1467.4842448647144	0.0	0	220.28013284117333	1667.4842448646232	1	0	1	1.6392107820024422
130200.0	1000.0	1467.4842448647144	0.0	0	76.23468007167685	1667.4842448646232	1	0	1	1.6392107820024422
131427.05662231598	1000.0	1240.42762254872	0.0	0	0.0	1667.4842448646086	1	0	1	1.6392107820024426
132705.91881822402	1000.0	961.565426640698	0.0	0	0.0	1667.4842448646086	1	0	1	1.6392107820024433
133291.4930021144	500.0	1375.9912427502911	0.0	0	0.0	1667.4842448646086	1	0	1	-0.09365716939742008
134200.0	500.0	1467.4842448646918	0.0	0	26.828791913518216	1667.4842448645795	1	0	1	0.5994900111625265
135200.0	500.0	1467.4842448647075	0.0	0	663.9086965879833	1667.4842448646086	1	0	1	0.5994900111625254
136200.0	500.0	1467.484244864717	0.0	0	664.2756704543426	1667.4842448646086	1	0	1	0.5994900111625254
137200.0	1000.0	1467.4842448647466	0.0	0	381.5792443867831	1667.4842448646086	1	0	1	0.9460636014424981
138429.19833801786	1000.0	1238.2859068468642	0.0	0	0.0	1667.4842448646086	1	0	1	1.6392107820024435
139432.4627761707	1000.0	1235.0214686940235	0.0	0	0.0	1667.4842448646086	1	0	1	1.6392107820024435
140651.46464181883	1000.0	1016.0196030459014	0.0	0	0.0	1667.4842448646086	1	0	1	1.6392107820024435
141837.17183086427	1000.0	830.312414000487	0.0	0	0.0	1667.4842448646086	1	0	1	1.6392107820024435
142484.0617458306	500.0	1183.4224990341345	0.0	0	0.0	1667.4842448646086	1	0	1	-0.09365716939742008
143200.0	500.0	1467.4842448647112	0.0	0	79.89185953733977	1667.4842448645795	1	0	1	0.5994900111625283
144200.0	1000.0	1467.4842448647057	0.0	0	307.0689131274703	1667.4842448645795	1	0	1	0.9460636014425011
145200.0	1000.0	1467.4842448647335	0.0	0	332.8033774115611	1667.4842448646086	1	0	1	1.6392107820024435
146200.0	1000.0	1467.4842448647307	0.0	0	381.9235482297954	1667.4842448645795	1	0	1	1.6392107820024466
147200.0	1000.0	1467.484244864714	0.0	0	538.3824178411451	1667.4842448645795	1	0	1	1.6392107820024466
148200.0	1000.0	1467.4842448646991	0.0	0	172.55401186845847	1667.4842448645795	1	0	1	1.6392107820024466
149200.0	1000.0	1467.4842448647216	0.0	0	284.83078978562844	1667.4842448645795	1	0	1	1.6392107820024466
150200.0	1000.0	1467.4842448647275	0.0	0	24.994615551433526	1667.4842448645795	1	0	1	1.6392107820024466
151200.0	1000.0	1467.4842448647369	0.0	0	31.874966251692967	1667.4842448645795	1	0	1	1.6392107820024466
152200.0	1000.0	1467.4842448647075	0.0	0	6.542227746715071	1667.4842448645504	1	0	1	1.6392107820024493
153200.0	1000.0	1467.4842448647262	0.0	0	472.3464810028963	1667.4842448645213	1	0	1	1.639210782002452
154306.08631552057	1000.0	1361.3979293441178	0.0	0	0.0	1667.4842448645213	1	0	1	1.639210782002452
155997.83758440037	1000.0	669.6466604643257	0.0	0	0.0	1667.4842448645504	1	0	1	1.6392107820024493
156400.53776131658	500.0	1266.9464835481392	0.0	0	0.0	1667.4842448645795	1	0	1	-0.09365716939741714
157368.1029322276	1000.0	1299.3813126371317	0.0	0	0.0	1667.4842448645795	1	0	1	0.9460636014425011
158200.0	1000.0	1467.4842448647273	0.0	0	218.61215540769626	1667.4842448645795	1	0	1	1.6392107820024489
159200.0	1000.0	1467.4842448647184	0.0	0	33.18066053427174	1667.4842448645795	1	0	1	1.6392107820024466
160200.0	1000.0	1467.4842448647194	0.0	0	157.44988869284862	1667.4842448645795	1	0	1	1.6392107820024466
161392.80781435955	1000.0	1274.676430505142	0.0	0	0.0	1667.4842448645795	1	0	1	1.6392107820024466
162200.0	1000.0	1467.4842448646668	0.0	0	40.40031801641453	1667.4842448645795	1	0	1	1.6392107820024466
163200.0	1000.0	1467.4842448646418	0.0	0	164.80503225052962	1667.4842448645795	1	0	1	1.6392107820024466
164523.0941644627	1000.0	1144.3900804019254	0.0	0	0.0	1667.4842448645795	1	0	1	1.6392107820024466
165200.0	500.0	1467.4842448646366	0.0	0	1.4164649370650295	1667.4842448646086	1	0	1	-0.09365716939742008
166200.0	500.0	1467.4842448646568	0.0	0	571.5609421671834	1667.4842448646086	1	0	1	0.5994900111625254
167200.0	1000.0	1467.484244864641	0.0	0	475.42657815484563	1667.4842448646086	1	0	1	0.9460636014424981
168200.0	1000.0	1467.484244864648	0.0	0	248.48661093070405	1667.4842448646086	1	0	1	1.6392107820024435
169657.22242847938	1000.0	1010.2618163853049	0.0	0	0.0	1667.4842448646086	1	0	1	1.6392107820024435
170333.36257498077	500.0	1334.1216698839175	0.0	0	0.0	1667.4842448646086	1	0	1	-0.09365716939742008
171302.69895783917	1000.0	1364.785287025506	0.0	0	0.0	1667.4842448646086	1	0	1	0.9460636014424981
172200.0	1000.0	1467.4842448646903	0.0	0	135.19137063084054	1667.4842448646377	1	0	1	1.6392107820024404
173200.0	1000.0	1467.4842448646987	0.0	0	136.94283660443034	1667.4842448646377	1	0	1	1.6392107820024404
174200.0	1000.0	1467.48424486471	0.0	0	303.01457568240585	1667.4842448646377	1	0	1	1.6392107820024404
175200.0	1000.0	1467.484244864712	0.0	0	114.26944039631053	1667.4842448646377	1	0	1	1.6392107820024404
176200.0	1000.0	1467.4842448646968	0.0	0	273.8361281674879	1667.4842448646086	1	0	1	1.639210782002441
177200.0	1000.0	1467.484244864684	0.0	0	29.10397188467323	1667.4842448646086	1	0	1	1.6392107820024435
178394.84579394903	1000.0	1272.6384509156278	0.0	0	0.0	1667.4842448646086	1	0	1	1.6392107820024435
179335.07110857923	1000.0	1332.413136285431	0.0	0	0.0	1667.4842448646377	1	0	1	1.6392107820024404
180200.0	1000.0	1467.4842448646577	0.0	0	97.8751828984241	1667.4842448646377	1	0	1	1.6392107820024404
181200.0	1000.0	1467.4842448646361	0.0	0	224.65154876434826	1667.4842448646668	1	0	1	1.6392107820024377
182200.0	1000.0	1467.48424486464	0.0	0	297.7249772673531	1667.4842448646668	1	0	1	1.6392107820024377
183369.55186593393	1000.0	1297.9323789307293	0.0	0	0.0	1667.4842448646668	1	0	1	1.6392107820024377
184200.0	1000.0	1467.4842448646455	0.0	0	174.5817456304503	1667.4842448646668	1	0	1	1.6392107820024377
185200.0	1000.0	1467.4842448646386	0.0	0	472.0348307491222	1667.4842448646668	1	0	1	1.6392107820024377
186200.0	1000.0	1467.4842448646511	0.0	0	152.63179521102575	1667.484244864696	1	0	1	1.639210782002437
187200.0	1000.0	1467.4842448646327	0.0	0	91.70125515415566	1667.484244864696	1	0	1	1.6392107820024349
188530.17045640282	1000.0	1137.3137884618393	0.0	0	0.0	1667.4842448647541	1	0	1	1.6392107820024293
189429.28690475144	1000.0	1238.1973401132368	0.0	0	0.0	1667.4842448647541	1	0	1	1.6392107820024289
190393.42477605914	1000.0	1274.0594688055396	0.0	0	0.0	1667.4842448647541	1	0	1	1.6392107820024289
191200.0	1000.0	1467.4842448646605	0.0	0	2.160920994996559	1667.484244864725	1	0	1	1.63921078200243
192446.27077279714	1000.0	1221.2134720675201	0.0	0	0.0	1667.484244864696	1	0	1	1.6392107820024349
193846.28682233873	1000.0	821.1974225259361	0.0	0	0.0	1667.484244864696	1	0	1	1.6392107820024349
194364.21330701458	500.0	1303.2709378500801	0.0	0	0.0	1667.484244864696	1	0	1	-0.0936571693974288
195200.0	1000.0	1467.4842448646948	0.0	0	62.75357304798672	1667.484244864696	1	0	1	0.9460636014424895
196362.24489090798	1000.0	1305.2393539567279	0.0	0	0.0	1667.484244864696	1	0	1	1.6392107820024349
197200.0	500.0	1467.4842448647032	0.0	0	463.60086787023465	1667.484244864725	1	0	1	-0.09365716939743174
198200.0	1000.0	1467.4842448647278	0.0	0	196.67770692982594	1667.484244864725	1	0	1	0.9460636014424864
199200.0	1000.0	1467.48424486474	0.0	0	110.09121569283889	1667.484244864725	1	0	1	1.6392107820024318
200200.0	1000.0	1467.4842448647332	0.0	0	103.35936913674232	1667.484244864725	1	0	1	1.6392107820024318
201200.0	1000.0	1467.4842448647378	0.0	0	441.89388865049114	1667.484244864725	1	0	1	1.6392107820024318
202200.0	1000.0	1467.484244864707	0.0	0	590.8888868114445	1667.484244864725	1	0	1	1.6392107820024318
203200.0	1000.0	1467.4842448647348	0.0	0	281.24763743244694	1667.4842448647541	1	0	1	1.6392107820024289
204200.0	1000.0	1467.4842448647523	0.0	0	237.1152499327145	1667.4842448647832	1	0	1	1.6392107820024282
205200.0	1000.0	1467.4842448647357	0.0	0	153.01906089080148	1667.4842448647832	1	0	1	1.639210782002426
206203.08112529968	1000.0	1464.4031195650653	0.0	0	0.0	1667.4842448647832	1	0	1	1.639210782002426
207328.0302116744	1000.0	1339.454033190331	0.0	0	0.0	1667.4842448647541	1	0	1	1.6392107820024289
208421.5688828113	1000.0	1245.9153620534496	0.0	0	0.0	1667.4842448647832	1	0	1	1.639210782002426
209200.0	1000.0	1467.484244864761	0.0	0	34.12634682501084	1667.4842448647832	1	0	1	1.639210782002426
210200.0	1000.0	1467.4842448647585	0.0	0	331.0538441935496	1667.4842448647832	1	0	1	1.639210782002426
211200.0	1000.0	1467.484244864732	0.0	0	492.36803037233767	1667.4842448647541	1	0	1	1.6392107820024266
212200.0	1000.0	1467.4842448647196	0.0	0	448.7152265062905	1667.4842448647541	1	0	1	1.6392107820024289
213200.0	1000.0	1467.484244864754	0.0	0	18.814690677420003	1667.4842448647541	1	0	1	1.6392107820024289
214200.0	1000.0	1467.4842448647676	0.0	0	276.41226400499	1667.4842448647541	1	0	1	1.6392107820024289
215650.60984570615	1000.0	1016.8743991586078	0.0	0	0.0	1667.4842448647541	1	0	1	1.6392107820024289
217262.26195737385	1000.0	405.2222874908924	0.0	0	0.0	1667.4842448647541	1	0	1	1.6392107820024289
217688.14087574245	300.0	979.3433691222745	0.0	0	0.0	1667.4842448647541	1	0	1	-1.370721228812412
218200.0	500.0	1467.484244864724	0.0	0	59.89255477121333	1667.4842448647541	1	0	1	0.08866438739652002
219200.0	500.0	1467.4842448647025	0.0	0	510.1793855234573	1667.4842448647541	1	0	1	0.5994900111625108
220200.0	500.0	1467.4842448647196	0.0	0	451.89247285493184	1667.4842448647832	1	0	1	0.5994900111625102
221200.0	500.0	1467.4842448646987	0.0	0	497.37049432544154	1667.4842448647832	1	0	1	0.5994900111625079
222297.383968479	1000.0	1370.1002763857032	0.0	0	0.0	1667.4842448647832	1	0	1	0.9460636014424806
223200.0	1000.0	1467.4842448646812	0.0	0	291.715491128969	1667.4842448647832	1	0	1	1.639210782002426
224200.0	1000.0	1467.4842448646502	0.0	0	307.1817860317824	1667.4842448647832	1	0	1	1.639210782002426
225200.0	1000.0	1467.4842448646664	0.0	0	196.93725191731937	1667.4842448647541	1	0	1	1.6392107820024289
226232.22782273838	1000.0	1435.2564221262608	0.0	0	0.0	1667.484244864725	1	0	1	1.6392107820024318
227200.0	1000.0	1467.484244864666	0.0	0	78.42032139084768	1667.484244864696	1	0	1	1.6392107820024349
228243.64672206368	1000.0	1423.8375228010148	0.0	0	0.0	1667.484244864725	1	0	1	1.6392107820024335
229440.94020386436	1000.0	1226.544041000358	0.0	0	0.0	1667.4842448647541	1	0	1	1.6392107820024302
230200.0	500.0	1467.484244864725	0.0	0	218.35060462527326	1667.4842448647541	1	0	1	-0.09365716939743468
231200.0	1000.0	1467.4842448647107	0.0	0	72.67042201021104	1667.4842448647541	1	0	1	0.9460636014424834
232200.0	1000.0	1467.4842448647082	0.0	0	353.0693006166257	1667.4842448647541	1	0	1	1.6392107820024289
233200.0	1000.0	1467.4842448647034	0.0	0	470.8557844982133	1667.4842448647541	1	0	1	1.6392107820024289
234225.96468929775	1000.0	1441.519555566981	0.0	0	0.0	1667.4842448647832	1	0	1	1.639210782002426
235200.0	1000.0	1467.4842448647346	0.0	0	190.87803393637296	1667.4842448647541	1	0	1	1.6392107820024266
236337.97412106048	1000.0	1329.5101238042332	0.0	0	0.0	1667.4842448647541	1	0	1	1.6392107820024289
237200.0	1000.0	1467.4842448646848	0.0	0	200.2454322616395	1667.4842448647541	1	0	1	1.6392107820024289
238200.0	1000.0	1467.4842448647	0.0	0	391.4704924746475	1667.4842448647541	1	0	1	1.6392107820024289
239200.0	1000.0	1467.4842448646828	0.0	0	309.6616680950392	1667.484244864725	1	0	1	1.6392107820024293
240200.0	1000.0	1467.4842448646668	0.0	0	430.23839064332424	1667.484244864725	1	0	1	1.6392107820024318
241200.0	1000.0	1467.4842448646607	0.0	0	423.2526940002863	1667.484244864725	1	0	1	1.6392107820024318
242200.0	1000.0	1467.4842448646634	0.0	0	171.94331385253463	1667.4842448647541	1	0	1	1.6392107820024289
243200.0	1000.0	1467.4842448646475	0.0	0	467.751155121543	1667.484244864725	1	0	1	1.6392107820024293
244200.0	1000.0	1467.4842448646546	0.0	0	351.4075268425513	1667.4842448647541	1	0	1	1.639210782002431
245200.0	1000.0	1467.4842448646655	0.0	0	359.9868111817632	1667.4842448647541	1	0	1	1.6392107820024289
246200.0	1000.0	1467.4842448646882	0.0	0	179.5603465999302	1667.4842448647832	1	0	1	1.6392107820024282
247276.04718349606	1000.0	1391.437061368628	0.0	0	0.0	1667.4842448647541	1	0	1	1.6392107820024289
248301.58782453588	1000.0	1365.896420328803	0.0	0	0.0	1667.484244864696	1	0	1	1.6392107820024335
249200.0	1000.0	1467.4842448647075	0.0	0	93.59060307324398	1667.484244864725	1	0	1	1.6392107820024318
250200.0	1000.0	1467.484244864701	0.0	0	124.07982661025017	1667.484244864725	1	0	1	1.6392107820024318
251200.0	1000.0	1467.4842448647212	0.0	0	193.75938425166532	1667.4842448647541	1	0	1	1.6392107820024289
252200.0	1000.0	1467.4842448647505	0.0	0	311.03770031998283	1667.4842448647541	1	0	1	1.6392107820024289
253200.0	1000.0	1467.4842448647632	0.0	0	191.84950040330295	1667.4842448647832	1	0	1	1.6392107820024282
254612.0177345809	1000.0	1055.4665102838535	0.0	0	0.0	1667.4842448647541	1	0	1	1.6392107820024284
255510.33464592317	1000.0	1157.1495989415835	0.0	0	0.0	1667.4842448647541	1	0	1	1.6392107820024289
256200.0	1000.0	1467.4842448647778	0.0	0	106.53357911176863	1667.4842448647832	1	0	1	1.6392107820024282
257200.0	1000.0	1467.4842448647705	0.0	0	400.4111391264887	1667.4842448648124	1	0	1	1.6392107820024253
258200.0	1000.0	1467.4842448647873	0.0	0	442.29853188831476	1667.4842448648124	1	0	1	1.639210782002423
259200.0	1000.0	1467.4842448647973	0.0	0	76.95130275172414	1667.4842448648415	1	0	1	1.6392107820024202
260200.0	1000.0	1467.4842448647844	0.0	0	140.05363876745105	1667.4842448648415	1	0	1	1.6392107820024202
261200.0	1000.0	1467.484244864758	0.0	0	38.923440758662764	1667.4842448648415	1	0	1	1.6392107820024202
262200.0	1000.0	1467.4842448647498	0.0	0	257.3882660806994	1667.4842448648415	1	0	1	1.6392107820024202
263200.0	1000.0	1467.4842448647712	0.0	0	243.18244921363657	1667.4842448648415	1	0	1	1.6392107820024195
264282.58919222606	1000.0	1384.8950526386686	0.0	0	0.0	1667.4842448647832	1	0	1	1.639210782002422
265362.925211865	1000.0	1304.5590329997133	0.0	0	0.0	1667.4842448647832	1	0	1	1.6392107820024224
266898.64598914044	1000.0	768.8382557242346	0.0	0	0.0	1667.4842448647832	1	0	1	1.639210782002426
267907.16624984937	500.0	760.3179950152681	0.0	0	0.0	1667.4842448648415	1	0	1	-0.0936571693974434
268666.779565131	500.0	1000.7046797336179	0.0	0	0.0	1667.4842448647832	1	0	1	0.5994900111625079
269653.1851840385	500.0	1014.2990608261821	0.0	0	0.0	1667.4842448647832	1	0	1	0.5994900111625079
270253.64279163803	500.0	1413.841453226646	0.0	0	0.0	1667.4842448647832	1	0	1	0.5994900111625068
271200.0	500.0	1467.4842448647148	0.0	0	312.2758401085739	1667.484244864725	1	0	1	0.599490011162509
272200.0	500.0	1467.4842448646841	0.0	0	504.94911207142286	1667.484244864725	1	0	1	0.5994900111625137
273200.0	500.0	1467.4842448646405	0.0	0	373.588414651691	1667.4842448646668	1	0	1	0.5994900111625149
274200.0	500.0	1467.4842448645895	0.0	0	614.4165453742607	1667.4842448646668	1	0	1	0.5994900111625195
275200.0	500.0	1467.4842448645554	0.0	0	575.5971674738685	1667.4842448646086	1	0	1	0.5994900111625254
276200.0	500.0	1467.4842448645595	0.0	0	615.473078671901	1667.4842448646086	1	0	1	0.5994900111625254
277200.0	1000.0	1467.4842448645834	0.0	0	473.7505416472559	1667.4842448646086	1	0	1	0.9460636014424981
278200.0	1000.0	1467.484244864566	0.0	0	241.9410485762055	1667.4842448645504	1	0	1	1.6392107820024446
279200.0	1000.0	1467.4842448646016	0.0	0	118.31210949650267	1667.4842448646086	1	0	1	1.6392107820024482
280420.2855353522	1000.0	1247.198709512334	0.0	0	0.0	1667.4842448646086	1	0	1	1.6392107820024435
281876.0883994136	1000.0	791.3958454509459	0.0	0	0.0	1667.4842448646086	1	0	1	1.6392107820024435
282759.9769956636	500.0	907.5072492008962	0.0	0	0.0	1667.4842448645504	1	0	1	-0.09365716939741431
283412.55287328537	500.0	1254.9313715791059	0.0	0	0.0	1667.4842448645504	1	0	1	0.5994900111625312
284200.0	500.0	1467.4842448644843	0.0	0	461.78798254503636	1667.4842448646086	1	0	1	0.5994900111625254
285200.0	500.0	1467.4842448645493	0.0	0	743.9559691505856	1667.4842448646668	1	0	1	0.5994900111625195
286200.0	1000.0	1467.4842448646177	0.0	0	367.43581179669127	1667.484244864725	1	0	1	0.9460636014424864
287247.3758147007	1000.0	1420.1084301639055	0.0	0	0.0	1667.484244864725	1	0	1	1.6392107820024318
288200.0	1000.0	1467.4842448645318	0.0	0	327.46965775685385	1667.484244864725	1	0	1	1.6392107820024318
289200.0	1000.0	1467.4842448645888	0.0	0	30.837798098044004	1667.484244864725	1	0	1	1.6392107820024318
290382.4935475741	1000.0	1284.990697290478	0.0	0	0.0	1667.484244864725	1	0	1	1.6392107820024318
291735.7681012818	1000.0	931.7161435827231	0.0	0	0.0	1667.4842448646668	1	0	1	1.6392107820024377
292270.1875501481	500.0	1397.2966947163536	0.0	0	0.0	1667.4842448646086	1	0	1	-0.0936571693974213
293200.0	1000.0	1467.4842448644463	0.0	0	139.1869008486392	1667.4842448646086	1	0	1	0.9460636014424981
294200.0	1000.0	1467.4842448643842	0.0	0	509.56227725284407	1667.4842448644922	1	0	1	1.6392107820024504
295200.0	1000.0	1467.4842448644513	0.0	0	509.7408502585604	1667.4842448644922	1	0	1	1.639210782002455
296200.0	1000.0	1467.4842448644847	0.0	0	631.274804995337	1667.4842448644922	1	0	1	1.639210782002455
297200.0	1000.0	1467.4842448644981	0.0	0	127.75609102280578	1667.4842448645504	1	0	1	1.639210782002454
298200.0	1000.0	1467.4842448645181	0.0	0	312.88038849219447	1667.4842448645504	1	0	1	1.6392107820024493
299200.0	1000.0	1467.4842448644608	0.0	0	172.99728405976202	1667.4842448644922	1	0	1	1.639210782002455
300200.0	1000.0	1467.4842448644315	0.0	0	56.94607882015407	1667.4842448645504	1	0	1	1.6392107820024493
0.74	0.8	1.16	1.37	1.29	1.11	0.75	1.16	1.04	0.51	0.8	1.24	1.68	1.11	1.1	0.58	1.04	1.19	1.4	1.39	1.02	1.24	1.44	0.97	0.97	0.96	1.47	1.47	0.85	1.91	1.58	1.54	1.44	0.75	0.94	1.29	1.38	1.08	0.68	0.75	1.12	1.23	1.09	1.39	0.95	1.42	2.28	1.97	1.25	1.1	1.22	1.45	1.03	1.05	1.41	1.53	1.9	1.42	1.02	1.44	0.93	0.71	0.56	0.83	1.15	1.23	1.05	1.14	1.36	1.25	1.02	0.94	1.05	0.86	1.1	1.0	1.39	1.88	1.58	1.04	1.08	0.92	1.67	2.02	1.97	1.55	1.38	1.37	1.39	1.4	1.38	1.66	1.08	1.03	1.32	1.54	1.29	1.18	1.2	0.66	0.98	1.46	2.18	1.89	1.47	1.17	1.18	1.09	1.15	1.19	1.16	0.89	0.78	0.61	0.51	0.64	0.86	0.8	0.8	1.24	1.09	1.46	1.99	1.61	1.08	1.0	0.94	0.71	0.7	1.31	1.87	1.36	0.61	1.41	1.26	0.8	0.88	1.01	1.3	1.78	2.03	2.15	1.41	1.19	1.32	1.23	1.16	1.88	1.14	1.12	0.74	0.8	1.16	1.37	1.29	1.11	0.75	1.16	1.04	0.51	0.8	1.24	1.68	1.11	1.1	0.58	1.04	1.19	1.4	1.39	1.02	1.24	1.44	0.97	0.97	0.96	1.47	1.47	0.85	1.91	1.58	1.54	1.44	0.75	0.94	1.29	1.38	1.08	0.68	0.75	1.12	1.23	1.09	1.39	0.95	1.42	2.28	1.97	1.25	1.1	1.22	1.45	1.03	1.05	1.41	1.53	1.9	1.42	1.02	1.44	0.93	0.71	0.56	0.83	1.15	1.23	1.05	1.14	1.36	1.25	1.02	0.94	1.05	0.86	1.1	1.0	1.39	1.88	1.58	1.04	1.08	0.92	1.67	2.02	1.97	1.55	1.38	1.37	1.39	1.4	1.38	1.66	1.08	1.03	1.32	1.54	1.29	1.18	1.2	0.66	0.98	1.46	2.18	1.89	1.47	1.17	1.18	1.09	1.15	1.19	1.16	0.89	0.78	0.61	0.51	0.64	0.86	0.8	0.8	1.24	1.09	1.46	1.99	1.61	1.08	1.0	0.94	0.71	0.7	1.31	1.87	1.36	0.61	1.41	1.26	0.8	0.88	1.01	1.3	1.78	2.03	2.15	1.41	1.19	1.32	1.23	1.16	1.88
1.0	2.0	3.0	4.0	5.0	6.0	7.0	8.0	9.0	10.0	11.0	12.0	13.0	14.0	15.0	16.0	17.0	18.0	19.0	20.0	21.0	22.0	23.0	24.0	25.0	26.0	27.0	28.0	29.0	30.0	31.0	32.0	33.0	34.0	35.0	36.0	37.0	38.0	39.0	40.0	41.0	42.0	43.0	44.0	45.0	46.0	47.0	48.0	49.0	50.0	51.0	52.0	53.0	54.0	55.0	56.0	57.0	58.0	59.0	60.0	61.0	62.0	63.0	64.0	65.0	66.0	67.0	68.0	69.0	70.0	71.0	72.0	73.0	74.0	75.0	76.0	77.0	78.0	79.0	80.0	81.0	82.0	83.0	84.0	85.0	86.0	87.0	88.0	89.0	90.0	91.0	92.0	93.0	94.0	95.0	96.0	97.0	98.0	99.0	100.0	101.0	102.0	103.0	104.0	105.0	106.0	107.0	108.0	109.0	110.0	111.0	112.0	113.0	114.0	115.0	116.0	117.0	118.0	119.0	120.0	121.0	122.0	123.0	124.0	125.0	126.0	127.0	128.0	129.0	130.0	131.0	132.0	133.0	134.0	135.0	136.0	137.0	138.0	139.0	140.0	141.0	142.0	143.0	144.0	145.0	146.0	147.0	148.0	149.0	149.0	150.0	151.0	152.0	153.0	154.0	155.0	156.0	157.0	158.0	159.0	160.0	161.0	162.0	163.0	164.0	165.0	166.0	167.0	168.0	169.0	170.0	171.0	172.0	173.0	174.0	175.0	176.0	177.0	178.0	179.0	180.0	181.0	182.0	183.0	184.0	185.0	186.0	187.0	188.0	189.0	190.0	191.0	192.0	193.0	194.0	195.0	196.0	197.0	198.0	199.0	200.0	201.0	202.0	203.0	204.0	205.0	206.0	207.0	208.0	209.0	210.0	211.0	212.0	213.0	214.0	215.0	216.0	217.0	218.0	219.0	220.0	221.0	222.0	223.0	224.0	225.0	226.0	227.0	228.0	229.0	230.0	231.0	232.0	233.0	234.0	235.0	236.0	237.0	238.0	239.0	240.0	241.0	242.0	243.0	244.0	245.0	246.0	247.0	248.0	249.0	250.0	251.0	252.0	253.0	254.0	255.0	256.0	257.0	258.0	259.0	260.0	261.0	262.0	263.0	264.0	265.0	266.0	267.0	268.0	269.0	270.0	271.0	272.0	273.0	274.0	275.0	276.0	277.0	278.0	279.0	280.0	281.0	282.0	283.0	284.0	285.0	286.0	287.0	288.0	289.0	290.0	291.0	292.0	293.0	294.0	295.0	296.0	297.0
5052.058819785848
