5398.335305583797	300.0	2000.0	168.40261051087276	0	0.0	5398.335305583797	1	0	1	-1.546304371423627
6446.005384591718	2000.0	1847.5629130912857	0.0	0	0.0	5293.568297683004	1	0	2	0.016518640220924752
7590.421699419791	2000.0	1588.7049667804054	0.0	0	0.0	5179.126666200196	1	0	2	2.124325817151712
8493.196771315781	1000.0	1595.6523876948158	0.0	0	0.0	5088.849159010597	1	0	2	0.4010217674365919
9639.862771907992	1000.0	1334.3197870433842	0.0	0	0.0	4974.1825589513755	1	0	2	1.1055402535563457
10531.39359383435	1000.0	1353.6358829243925	0.0	0	0.0	4885.029476758741	1	0	2	1.1153052287075378
12094.602791352052	1000.0	634.1057656549174	0.0	0	0.0	4728.7085570069685	1	0	2	1.1287634869266303
12815.59086484226	500.0	841.0188848156907	0.0	0	0.0	4656.609749657949	1	0	2	-0.5943095815407455
13586.223702893427	500.0	993.3227629594069	0.0	0	0.0	4579.546465852834	1	0	2	0.1063079960024305
14146.816204153454	500.0	1376.6710115733767	0.0	0	0.0	4523.487215726835	1	0	2	0.11279496206132936
14620.534553482523	500.0	1855.5808273114028	0.0	0	0.0	4476.115380793928	1	0	2	0.11742929358498984
15245.743435353586	500.0	2167.851057253232	0.0	0	0.0	4413.5944926068205	1	0	2	0.12343785779927599
15923.002013884667	1000.0	2422.866620869041	0.0	0	0.0	4345.868634753711	1	0	2	0.4764844658972268
16925.037180133026	1000.0	2320.6279379958464	0.0	0	0.0	4245.665118128876	1	0	2	1.178879567173749
17860.46264473623	1000.0	2291.659926932319	0.0	0	0.0	4152.122571668555	1	0	2	1.188230265399738
18587.907332140505	1000.0	2491.4707707876173	0.0	0	0.0	4079.378102928127	1	0	2	1.1960855225776026
19445.538023397927	1000.0	2548.0770104044523	0.0	0	0.0	3993.6150338023836	1	0	2	1.2040490320494828
20563.252716593546	1000.0	2318.59084788927	0.0	0	0.0	3881.8435644828205	1	0	2	1.2144715705109155
22131.40560828786	1000.0	1593.6226670255191	0.0	0	0.0	3725.0282753133833	1	0	2	1.2290255330662798
22905.737874246704	500.0	1741.8571744707865	0.0	0	0.0	3647.5950487174996	1	0	2	-0.4937090459813048
23506.365217897575	500.0	2081.167096454825	0.0	0	0.0	3587.532314352404	1	0	2	0.20595545560476425
24114.149313928887	500.0	2412.604590820382	0.0	0	0.0	3526.7539047492755	1	0	2	0.21221410995045575
24553.21833375157	500.0	2929.628669015432	0.0	0	0.0	3482.8470027670082	1	0	2	0.2168336151369858
25731.085250442957	1000.0	2633.975060654907	0.0	0	0.0	3365.0603110978664	1	0	2	0.5732207458854228
26717.709845487225	1000.0	2548.6880061062175	0.0	0	0.0	3266.397851593447	1	0	2	1.2767554646756123
27651.296103683915	1000.0	2521.7431220898557	0.0	0	0.0	3173.039225773773	1	0	2	1.286334454557148
28312.000686193565	1000.0	2794.9680813292407	0.0	0	0.0	3106.968767522809	1	0	2	1.293325280335397
29801.66017456681	1000.0	2156.3426441186766	0.0	0	0.0	2958.002818685487	1	0	2	1.3063047674527795
31157.195457069425	1000.0	1665.253833365802	0.0	0	0.0	2822.44929043523	1	0	2	1.3206175471805717
32153.82432938479	1000.0	1568.9620738189012	0.0	0	0.0	2722.7864032036923	1	0	2	1.3311787885911281
33023.80179262088	1000.0	1611.98686425921	0.0	0	0.0	2635.788656880086	1	0	2	1.3402271786578117
34320.843460663215	1000.0	1185.2410294126425	0.0	0	0.0	2506.0844900758566	1	0	2	1.3528604185265058
34789.30309393296	500.0	1669.9354328159247	0.0	0	0.0	2459.238526748886	1	0	2	-0.3739983673959315
35828.64348495466	1000.0	1526.6610026920566	0.0	0	0.0	2355.3044876467175	1	0	2	0.6744053436630688
36693.65369325786	1000.0	1575.1497735585388	0.0	0	0.0	2268.803466816411	1	0	2	1.3769015712920742
37830.29377064441	1000.0	1324.8456884333323	0.0	0	0.0	2155.1394590777563	1	0	2	1.3874500838210353
38432.3726114816	1000.0	1662.5589635124234	0.0	0	0.0	2094.9315749940433	1	0	2	1.3950951188140774
39200.0	1000.0	1818.1688361421845	0.0	0	213.0935149834986	2018.1688361421984	1	0	2	1.4010634886196993
40371.04596194854	1000.0	1530.0182779987915	0.0	0	0.0	1901.0642399473509	1	0	2	1.413150284754442
41477.69182622084	1000.0	1312.7078272992617	0.0	0	0.0	1790.3996535201295	1	0	2	1.4241298731303849
42427.86275616426	1000.0	1267.5198043615178	0.0	0	0.0	1695.3825605258025	1	0	2	1.4335543737259595
43720.06121035318	1000.0	975.321350172598	0.0	0	0.0	1695.3825605258025	1	0	1	1.436420950436324
44529.86452281143	500.0	1165.5180377143502	0.0	0	0.0	1695.3825605258098	1	0	1	-0.0964470009635402
45200.0	500.0	1495.3825605257778	0.0	0	70.16962765833159	1695.3825605258025	1	0	1	0.596700179596406
46200.0	500.0	1495.3825605257746	0.0	0	647.1089210772407	1695.3825605258025	1	0	1	0.596700179596406
47200.0	1000.0	1495.382560525774	0.0	0	193.6949125157771	1695.3825605258025	1	0	1	0.9432737698763788
48200.0	1000.0	1495.3825605257837	0.0	0	65.15596700827882	1695.3825605258025	1	0	1	1.636420950436324
49200.0	1000.0	1495.382560525779	0.0	0	275.55242980372714	1695.3825605258025	1	0	1	1.636420950436324
50368.23458779905	1000.0	1327.1479727267276	0.0	0	0.0	1695.3825605258098	1	0	1	1.6364209504363234
51200.0	1000.0	1495.3825605257775	0.0	0	226.47247772436822	1695.3825605258098	1	0	1	1.6364209504363234
52200.0	1000.0	1495.3825605257764	0.0	0	148.26418149063102	1695.3825605258098	1	0	1	1.6364209504363234
53215.735110355374	1000.0	1479.6474501704047	0.0	0	0.0	1695.3825605258098	1	0	1	1.6364209504363234
54200.0	1000.0	1495.382560525771	0.0	0	53.85746916451899	1695.3825605258025	1	0	1	1.636420950436324
55200.0	1000.0	1495.3825605257653	0.0	0	117.08645719555352	1695.3825605258025	1	0	1	1.636420950436324
56200.0	1000.0	1495.3825605257664	0.0	0	345.9927829804001	1695.3825605258025	1	0	1	1.636420950436324
57200.0	1000.0	1495.3825605257693	0.0	0	345.84009957622766	1695.3825605258025	1	0	1	1.636420950436324
58476.30593423985	1000.0	1219.0766262859152	0.0	0	0.0	1695.3825605258025	1	0	1	1.636420950436324
59735.503710795114	1000.0	959.878849730652	0.0	0	0.0	1695.3825605258025	1	0	1	1.636420950436324
60330.59232577764	500.0	1364.7902347481274	0.0	0	0.0	1695.3825605258025	1	0	1	-0.09644700096353948
61200.0	1000.0	1495.382560525764	0.0	0	119.88728797035583	1695.3825605258025	1	0	1	0.9432737698763788
62355.467613874665	1000.0	1339.914946651105	0.0	0	0.0	1695.3825605258025	1	0	1	1.636420950436324
63200.0	1000.0	1495.3825605257684	0.0	0	167.60634911262605	1695.3825605258098	1	0	1	1.6364209504363234
64200.0	1000.0	1495.3825605257666	0.0	0	511.61395293559326	1695.382560525817	1	0	1	1.6364209504363225
65272.89279563148	1000.0	1422.4897648942915	0.0	0	0.0	1695.382560525817	1	0	1	1.6364209504363225
66244.09001021828	1000.0	1451.2925503075012	0.0	0	0.0	1695.382560525839	1	0	1	1.6364209504363214
67297.12260900409	1000.0	1398.259951521688	0.0	0	0.0	1695.3825605258317	1	0	1	1.636420950436321
68200.0	1000.0	1495.3825605257657	0.0	0	138.9108661293576	1695.3825605258317	1	0	1	1.6364209504363212
69200.0	1000.0	1495.3825605257512	0.0	0	405.66227179225825	1695.3825605258462	1	0	1	1.6364209504363196
70200.0	1000.0	1495.3825605257712	0.0	0	64.97928629991657	1695.3825605258462	1	0	1	1.6364209504363196
71200.0	1000.0	1495.3825605257484	0.0	0	104.05834669170144	1695.3825605258462	1	0	1	1.6364209504363196
72200.0	1000.0	1495.3825605257518	0.0	0	238.10957439268532	1695.3825605258608	1	0	1	1.636420950436318
73200.0	1000.0	1495.38256052574	0.0	0	66.4164845252817	1695.3825605258608	1	0	1	1.636420950436318
74200.0	1000.0	1495.3825605257318	0.0	0	122.01690248474188	1695.3825605258608	1	0	1	1.636420950436318
75200.0	1000.0	1495.3825605257264	0.0	0	172.53038210580416	1695.3825605258608	1	0	1	1.636420950436318
76200.0	1000.0	1495.3825605257182	0.0	0	309.25035446516995	1695.3825605258608	1	0	1	1.636420950436318
77322.59058361022	1000.0	1372.791976915509	0.0	0	0.0	1695.3825605258608	1	0	1	1.636420950436318
78273.39661121907	1000.0	1421.9859493066572	0.0	0	0.0	1695.3825605258608	1	0	1	1.636420950436318
79396.17220963478	1000.0	1299.210350890927	0.0	0	0.0	1695.3825605258608	1	0	1	1.636420950436318
80859.10219531492	1000.0	836.2803652107859	0.0	0	0.0	1695.3825605258608	1	0	1	1.636420950436318
81575.67620568417	500.0	1119.7063548415308	0.0	0	0.0	1695.3825605258608	1	0	1	-0.09644700096354536
82200.0	500.0	1495.3825605257011	0.0	0	85.52364581177244	1695.3825605258462	1	0	1	0.5967001795964016
83200.0	500.0	1495.3825605257166	0.0	0	436.98630865383893	1695.3825605258462	1	0	1	0.5967001795964016
84200.0	500.0	1495.3825605257305	0.0	0	388.641193056319	1695.3825605258608	1	0	1	0.5967001795964001
85200.0	500.0	1495.3825605257216	0.0	0	240.25880406986107	1695.3825605258608	1	0	1	0.5967001795964001
86200.0	1000.0	1495.3825605257246	0.0	0	7.45731996530958	1695.3825605258608	1	0	1	0.9432737698763727
87341.2689039978	1000.0	1354.113656527917	0.0	0	0.0	1695.3825605258608	1	0	1	1.636420950436318
88200.0	500.0	1495.3825605257157	0.0	0	392.5284186757199	1695.3825605258608	1	0	1	-0.09644700096354536
89557.61896989276	1000.0	1137.763590632952	0.0	0	0.0	1695.3825605258608	1	0	1	0.9432737698763727
90251.83629219416	500.0	1443.546268331552	0.0	0	0.0	1695.3825605258462	1	0	1	-0.09644700096354386
91200.0	500.0	1495.38256052571	0.0	0	209.74355480252416	1695.3825605258462	1	0	1	0.5967001795964016
92393.9169809664	1000.0	1301.4655795593044	0.0	0	0.0	1695.3825605258317	1	0	1	0.9432737698763758
93200.0	500.0	1495.3825605256973	0.0	0	407.80012907195487	1695.3825605258317	1	0	1	-0.09644700096354242
94200.0	500.0	1495.3825605257045	0.0	0	359.79300188741763	1695.3825605258317	1	0	1	0.5967001795964031
95331.20239972195	1000.0	1364.1801608037533	0.0	0	0.0	1695.3825605258317	1	0	1	0.9432737698763758
96200.0	500.0	1495.382560525704	0.0	0	335.0087256680854	1695.3825605258317	1	0	1	-0.09644700096354242
97494.85371627742	1000.0	1200.5288442482827	0.0	0	0.0	1695.3825605258317	1	0	1	0.9432737698763758
98200.0	500.0	1495.382560525713	0.0	0	153.59917503206816	1695.3825605258317	1	0	1	-0.09644700096354242
99200.0	1000.0	1495.3825605257132	0.0	0	201.33890100967255	1695.3825605258317	1	0	1	0.9432737698763758
100200.0	1000.0	1495.3825605257023	0.0	0	356.36330283524876	1695.382560525817	1	0	1	1.6364209504363225
101200.0	1000.0	1495.3825605257066	0.0	0	261.37134298164165	1695.382560525817	1	0	1	1.6364209504363225
102559.95170793471	1000.0	1135.430852590992	0.0	0	0.0	1695.382560525817	1	0	1	1.6364209504363225
103799.82615054914	1000.0	895.5564099765727	0.0	0	0.0	1695.382560525817	1	0	1	1.6364209504363225
104443.64430553337	500.0	1251.738254992327	0.0	0	0.0	1695.382560525817	1	0	1	-0.09644700096354092
105737.05580705151	1000.0	958.3267534741831	0.0	0	0.0	1695.382560525817	1	0	1	0.9432737698763771
106200.0	500.0	1495.3825605257011	0.0	0	79.10495277983136	1695.3825605258317	1	0	1	-0.09644700096354242
107200.0	1000.0	1495.3825605257055	0.0	0	297.45286912970187	1695.3825605258317	1	0	1	0.9432737698763758
108200.0	1000.0	1495.382560525702	0.0	0	432.78736096291686	1695.382560525817	1	0	1	1.6364209504363225
109200.0	1000.0	1495.3825605257066	0.0	0	368.7010964989022	1695.382560525817	1	0	1	1.6364209504363225
110200.0	1000.0	1495.3825605257143	0.0	0	110.34833433794847	1695.382560525817	1	0	1	1.6364209504363225
111200.0	1000.0	1495.382560525714	0.0	0	66.65967636588903	1695.3825605258025	1	0	1	1.636420950436324
112200.0	1000.0	1495.382560525711	0.0	0	300.8447830169898	1695.3825605258025	1	0	1	1.636420950436324
113200.0	1000.0	1495.3825605257114	0.0	0	70.27273116295692	1695.3825605258025	1	0	1	1.636420950436324
114329.44873948582	1000.0	1365.9338210399076	0.0	0	0.0	1695.3825605258025	1	0	1	1.636420950436324
115200.0	1000.0	1495.3825605257093	0.0	0	174.37994168618752	1695.382560525788	1	0	1	1.6364209504363256
116200.0	1000.0	1495.3825605256957	0.0	0	489.51237276761094	1695.382560525788	1	0	1	1.6364209504363256
117200.0	1000.0	1495.3825605257048	0.0	0	432.2566723108903	1695.382560525788	1	0	1	1.6364209504363256
118200.0	1000.0	1495.3825605257052	0.0	0	235.69405156995344	1695.382560525788	1	0	1	1.6364209504363256
119200.0	1000.0	1495.3825605257152	0.0	0	45.97018911362102	1695.3825605258025	1	0	1	1.636420950436324
120390.81684803932	1000.0	1304.5657124863822	0.0	0	0.0	1695.3825605258025	1	0	1	1.636420950436324
121474.38706748701	1000.0	1220.9954930386803	0.0	0	0.0	1695.382560525788	1	0	1	1.6364209504363256
122254.27458567084	1000.0	1441.1079748548489	0.0	0	0.0	1695.382560525788	1	0	1	1.6364209504363256
123200.0	1000.0	1495.3825605256911	0.0	0	104.7729877961392	1695.382560525788	1	0	1	1.6364209504363256
124200.0	1000.0	1495.3825605256961	0.0	0	80.10541019211814	1695.382560525788	1	0	1	1.6364209504363256
125273.97143261816	1000.0	1421.4111279075466	0.0	0	0.0	1695.382560525788	1	0	1	1.6364209504363256
126200.0	1000.0	1495.382560525716	0.0	0	311.2417250779108	1695.3825605258025	1	0	1	1.636420950436324
127472.01240048716	1000.0	1223.3701600385548	0.0	0	0.0	1695.3825605258025	1	0	1	1.636420950436324
128640.68040430437	1000.0	1054.7021562213627	0.0	0	0.0	1695.3825605258025	1	0	1	1.636420950436324
129282.01111582738	500.0	1413.371444698365	0.0	0	0.0	1695.3825605258025	1	0	1	-0.09644700096353948
130276.70623715683	1000.0	1418.676323368909	0.0	0	0.0	1695.382560525788	1	0	1	0.9432737698763802
131200.0	1000.0	1495.3825605257548	0.0	0	405.52211900713155	1695.3825605258025	1	0	1	1.6364209504363254
132200.0	1000.0	1495.3825605257455	0.0	0	110.6721914386435	1695.382560525788	1	0	1	1.6364209504363256
133200.0	1000.0	1495.3825605257507	0.0	0	346.5160782963794	1695.382560525788	1	0	1	1.6364209504363263
134200.0	1000.0	1495.3825605257614	0.0	0	24.65192567181657	1695.382560525817	1	0	1	1.6364209504363225
135315.91162156034	1000.0	1379.4709389653754	0.0	0	0.0	1695.382560525817	1	0	1	1.6364209504363225
137245.65164954585	1000.0	449.73091097988527	0.0	0	0.0	1695.382560525817	1	0	1	1.6364209504363225
137607.93966835816	300.0	1087.4428921675528	0.0	0	0.0	1695.382560525817	1	0	1	-1.3735110603785177
138266.66740726394	500.0	1428.7151532618093	0.0	0	0.0	1695.3825605258462	1	0	1	0.08587455583041093
139200.0	500.0	1495.3825605257418	0.0	0	221.63519438618096	1695.382560525817	1	0	1	0.5967001795964045
140200.0	500.0	1495.382560525777	0.0	0	318.51315712707583	1695.382560525817	1	0	1	0.5967001795964045
141200.0	500.0	1495.3825605258055	0.0	0	613.2480450585135	1695.3825605258462	1	0	1	0.5967001795964016
142200.0	1000.0	1495.3825605258212	0.0	0	478.56356999796117	1695.3825605258753	1	0	1	0.9432737698763713
143200.0	1000.0	1495.3825605258232	0.0	0	290.8719748063013	1695.3825605258753	1	0	1	1.6364209504363167
144511.27086332726	1000.0	1184.1116971985505	0.0	0	0.0	1695.3825605258462	1	0	1	1.6364209504363196
145285.4467068211	1000.0	1409.9358537047067	0.0	0	0.0	1695.3825605258462	1	0	1	1.6364209504363196
146381.65192810536	1000.0	1313.7306324204555	0.0	0	0.0	1695.3825605258462	1	0	1	1.6364209504363196
147200.0	1000.0	1495.3825605258373	0.0	0	131.87611855063005	1695.3825605258462	1	0	1	1.6364209504363196
148200.0	1000.0	1495.382560525849	0.0	0	325.665823550371	1695.3825605258462	1	0	1	1.6364209504363196
149200.0	1000.0	1495.382560525834	0.0	0	396.77460430256906	1695.3825605258462	1	0	1	1.6364209504363196
150200.0	1000.0	1495.3825605258162	0.0	0	368.3485439423821	1695.382560525817	1	0	1	1.6364209504363225
151446.2076740143	1000.0	1249.1748865115405	0.0	0	0.0	1695.382560525817	1	0	1	1.6364209504363225
152227.22773654453	1000.0	1468.1548239812785	0.0	0	0.0	1695.382560525817	1	0	1	1.6364209504363225
153847.41414382	1000.0	847.9684167058005	0.0	0	0.0	1695.382560525788	1	0	1	1.6364209504363256
154200.0	500.0	1495.3825605257882	0.0	0	17.688554247899447	1695.382560525788	1	0	1	-0.09644700096353799
155200.0	1000.0	1495.3825605258182	0.0	0	364.0361183360219	1695.382560525788	1	0	1	0.9432737698763802
156200.0	1000.0	1495.3825605258246	0.0	0	423.97971753179445	1695.382560525788	1	0	1	1.6364209504363256
157200.0	1000.0	1495.3825605258419	0.0	0	323.3496744862641	1695.382560525788	1	0	1	1.6364209504363256
158627.37398091928	1000.0	1068.008579606565	0.0	0	0.0	1695.382560525817	1	0	1	1.6364209504363225
159675.76543747148	1000.0	1019.617123054364	0.0	0	0.0	1695.3825605258462	1	0	1	1.6364209504363196
160588.72565541722	1000.0	1106.656905108602	0.0	0	0.0	1695.382560525817	1	0	1	1.6364209504363225
161203.62166671897	500.0	1491.760893806853	0.0	0	0.0	1695.382560525817	1	0	1	-0.09644700096354092
162200.0	500.0	1495.3825605258105	0.0	0	411.50689662015066	1695.382560525817	1	0	1	0.5967001795964045
163200.0	500.0	1495.3825605258196	0.0	0	291.68502514550346	1695.382560525817	1	0	1	0.5967001795964045
164200.0	500.0	1495.3825605258028	0.0	0	537.3207991354575	1695.382560525817	1	0	1	0.5967001795964045
165200.0	500.0	1495.3825605258357	0.0	0	553.9611758871761	1695.382560525817	1	0	1	0.5967001795964045
166200.0	500.0	1495.3825605258514	0.0	0	468.5141439578729	1695.382560525817	1	0	1	0.5967001795964045
167200.0	1000.0	1495.3825605258653	0.0	0	62.98626629120554	1695.382560525817	1	0	1	0.9432737698763771
168200.0	1000.0	1495.382560525858	0.0	0	103.00306661427021	1695.382560525788	1	0	1	1.6364209504363256
169200.0	1000.0	1495.382560525834	0.0	0	134.62584192951908	1695.382560525788	1	0	1	1.6364209504363256
170921.82539939182	1000.0	773.5571611340188	0.0	0	0.0	1695.382560525817	1	0	1	1.6364209504363232
171708.95971420317	500.0	986.4228463226597	0.0	0	0.0	1695.382560525817	1	0	1	-0.09644700096354092
172449.71185252556	500.0	1245.6707080002614	0.0	0	0.0	1695.382560525817	1	0	1	0.5967001795964045
173200.0	500.0	1495.3825605258126	0.0	0	20.22345104609849	1695.382560525817	1	0	1	0.5967001795964045
174200.0	500.0	1495.3825605258119	0.0	0	446.6988464083115	1695.382560525817	1	0	1	0.5967001795964045
175200.0	500.0	1495.3825605258437	0.0	0	469.42756152909715	1695.3825605258462	1	0	1	0.5967001795964016
176200.0	500.0	1495.3825605258269	0.0	0	597.1741101003427	1695.3825605258462	1	0	1	0.5967001795964016
177200.0	500.0	1495.382560525834	0.0	0	474.29598135343986	1695.3825605258462	1	0	1	0.5967001795964016
178364.4480686838	1000.0	1330.9344918420018	0.0	0	0.0	1695.3825605258462	1	0	1	0.9432737698763743
179913.15636497925	1000.0	782.2261955465498	0.0	0	0.0	1695.3825605258462	1	0	1	1.6364209504363196
180412.87571356742	500.0	1282.5068469584178	0.0	0	0.0	1695.3825605258462	1	0	1	-0.09644700096354386
181200.0	500.0	1495.3825605258562	0.0	0	225.12601016039844	1695.3825605258462	1	0	1	0.5967001795964016
182304.5696115539	1000.0	1390.8129489719502	0.0	0	0.0	1695.382560525817	1	0	1	0.9432737698763771
183468.14374036537	1000.0	1227.2388201604806	0.0	0	0.0	1695.382560525788	1	0	1	1.6364209504363256
184449.40618595033	1000.0	1245.976374575548	0.0	0	0.0	1695.382560525817	1	0	1	1.6364209504363239
185699.61664015666	1000.0	995.7659203692307	0.0	0	0.0	1695.3825605258462	1	0	1	1.6364209504363196
186200.0	500.0	1495.382560525899	0.0	0	76.29965540452395	1695.3825605258462	1	0	1	-0.09644700096354386
187200.0	1000.0	1495.3825605258814	0.0	0	108.5579750414181	1695.382560525817	1	0	1	0.9432737698763771
188200.0	1000.0	1495.382560525912	0.0	0	207.00980094677652	1695.382560525817	1	0	1	1.6364209504363225
189228.94172297572	1000.0	1466.4408375501985	0.0	0	0.0	1695.382560525817	1	0	1	1.6364209504363225
190200.0	1000.0	1495.382560525922	0.0	0	79.57758117138292	1695.382560525788	1	0	1	1.6364209504363256
191200.0	1000.0	1495.3825605259358	0.0	0	136.39800036067027	1695.382560525788	1	0	1	1.6364209504363256
192414.71540951222	1000.0	1280.6671510137207	0.0	0	0.0	1695.382560525788	1	0	1	1.6364209504363256
193779.69217569963	1000.0	915.6903848263162	0.0	0	0.0	1695.382560525817	1	0	1	1.6364209504363225
194200.0	500.0	1495.3825605259694	0.0	0	5.305432510533137	1695.3825605258462	1	0	1	-0.09644700096354386
195200.0	1000.0	1495.38256052597	0.0	0	366.544201349403	1695.3825605258462	1	0	1	0.9432737698763743
196521.0453389313	1000.0	1174.3372215946547	0.0	0	0.0	1695.382560525817	1	0	1	1.636420950436322
197200.0	500.0	1495.3825605259308	0.0	0	245.1294352740224	1695.382560525817	1	0	1	-0.09644700096354092
198200.0	1000.0	1495.3825605259094	0.0	0	328.3468759867246	1695.382560525788	1	0	1	0.9432737698763802
199245.0763355942	1000.0	1450.3062249317131	0.0	0	0.0	1695.382560525817	1	0	1	1.6364209504363225
200200.0	1000.0	1495.3825605259055	0.0	0	146.3054600264295	1695.382560525817	1	0	1	1.6364209504363225
201200.0	1000.0	1495.3825605259028	0.0	0	367.24056195715093	1695.382560525817	1	0	1	1.6364209504363225
202200.0	1000.0	1495.3825605259403	0.0	0	96.23431903860183	1695.382560525817	1	0	1	1.6364209504363225
203267.82256598238	1000.0	1427.559994543562	0.0	0	0.0	1695.382560525817	1	0	1	1.6364209504363225
204200.0	1000.0	1495.3825605259476	0.0	0	61.916905943711754	1695.382560525817	1	0	1	1.6364209504363225
205200.0	1000.0	1495.3825605259442	0.0	0	334.0525495473994	1695.382560525788	1	0	1	1.6364209504363256
206200.0	1000.0	1495.3825605259226	0.0	0	458.9760839336086	1695.382560525817	1	0	1	1.6364209504363225
207591.84483830066	1000.0	1103.5377222252687	0.0	0	0.0	1695.382560525788	1	0	1	1.6364209504363245
208881.9916224434	1000.0	813.3909380825371	0.0	0	0.0	1695.382560525788	1	0	1	1.6364209504363256
209241.99062405727	500.0	1453.3919364686724	0.0	0	0.0	1695.382560525788	1	0	1	-0.09644700096353799
210200.0	1000.0	1495.3825605259185	0.0	0	113.75738101254683	1695.382560525788	1	0	1	0.9432737698763802
211376.63321497367	1000.0	1318.7493455522383	0.0	0	0.0	1695.382560525788	1	0	1	1.6364209504363256
212203.3213893685	1000.0	1492.0611711574002	0.0	0	0.0	1695.382560525788	1	0	1	1.6364209504363256
213200.0	1000.0	1495.3825605259335	0.0	0	400.4489482047793	1695.382560525817	1	0	1	1.6364209504363225
214291.12695576434	1000.0	1404.2556047615728	0.0	0	0.0	1695.382560525788	1	0	1	1.6364209504363256
215200.0	1000.0	1495.3825605259021	0.0	0	180.91828529236955	1695.382560525788	1	0	1	1.6364209504363256
216215.80373012993	1000.0	1479.5788303959553	0.0	0	0.0	1695.382560525788	1	0	1	1.6364209504363256
217200.0	1000.0	1495.382560525899	0.0	0	199.42383195314324	1695.382560525788	1	0	1	1.6364209504363256
218200.0	1000.0	1495.3825605259183	0.0	0	131.16017316293437	1695.382560525788	1	0	1	1.6364209504363256
219357.97236185355	1000.0	1337.4101986723542	0.0	0	0.0	1695.382560525759	1	0	1	1.6364209504363272
220200.0	1000.0	1495.3825605259171	0.0	0	223.93589279075968	1695.382560525759	1	0	1	1.6364209504363283
221200.0	1000.0	1495.3825605259167	0.0	0	473.670081310207	1695.382560525788	1	0	1	1.6364209504363256
222286.97340304888	1000.0	1408.4091574770696	0.0	0	0.0	1695.382560525788	1	0	1	1.6364209504363256
223200.0	1000.0	1495.3825605259592	0.0	0	239.93958828030736	1695.382560525788	1	0	1	1.6364209504363256
224200.0	1000.0	1495.382560525957	0.0	0	419.5784605741792	1695.382560525788	1	0	1	1.6364209504363256
225212.0770899981	1000.0	1483.3054705278328	0.0	0	0.0	1695.382560525788	1	0	1	1.6364209504363256
226200.0	1000.0	1495.3825605259171	0.0	0	8.626481300016167	1695.382560525788	1	0	1	1.6364209504363256
227200.0	1000.0	1495.3825605259203	0.0	0	131.8895590871398	1695.382560525788	1	0	1	1.6364209504363256
228573.2236668738	1000.0	1122.1588936521098	0.0	0	0.0	1695.382560525788	1	0	1	1.6364209504363256
229200.0	500.0	1495.3825605258924	0.0	0	4.758269079145975	1695.382560525788	1	0	1	-0.09644700096353799
230200.0	500.0	1495.3825605258803	0.0	0	393.8811931447417	1695.382560525788	1	0	1	0.5967001795964074
231200.0	500.0	1495.3825605258478	0.0	0	514.896247895842	1695.382560525759	1	0	1	0.5967001795964103
232200.0	500.0	1495.382560525862	0.0	0	616.162778423808	1695.3825605257298	1	0	1	0.5967001795964132
233200.0	500.0	1495.382560525879	0.0	0	410.07941053339164	1695.3825605257298	1	0	1	0.5967001795964132
234200.0	500.0	1495.382560525891	0.0	0	307.7729479231639	1695.3825605257298	1	0	1	0.5967001795964132
235200.0	500.0	1495.382560525919	0.0	0	473.6445180775481	1695.3825605257298	1	0	1	0.5967001795964132
236200.0	500.0	1495.3825605259133	0.0	0	520.8002205323428	1695.3825605257298	1	0	1	0.5967001795964132
237200.0	500.0	1495.382560525923	0.0	0	552.5462352054019	1695.3825605257298	1	0	1	0.5967001795964132
238434.806791864	1000.0	1260.5757686619447	0.0	0	0.0	1695.3825605257298	1	0	1	0.943273769876386
239253.20979648273	500.0	1442.1727640431843	0.0	0	0.0	1695.3825605257298	1	0	1	-0.09644700096353222
240200.0	500.0	1495.3825605258733	0.0	0	434.0712309658993	1695.3825605257007	1	0	1	0.5967001795964162
241200.0	1000.0	1495.3825605258662	0.0	0	7.720489970088238	1695.3825605257007	1	0	1	0.9432737698763888
242200.0	1000.0	1495.382560525873	0.0	0	165.59980482555693	1695.3825605257007	1	0	1	1.6364209504363343
243200.0	500.0	1495.3825605258903	0.0	0	385.65572186073405	1695.3825605257298	1	0	1	-0.09644700096353222
244643.77611616018	1000.0	1051.6064443656928	0.0	0	0.0	1695.3825605257298	1	0	1	0.943273769876386
245374.18797559105	500.0	1321.1945849348292	0.0	0	0.0	1695.3825605257298	1	0	1	-0.09644700096353222
246200.0	500.0	1495.3825605258764	0.0	0	80.51026652834844	1695.3825605257298	1	0	1	0.5967001795964132
247209.16275639847	1000.0	1486.2198041273814	0.0	0	0.0	1695.3825605257298	1	0	1	0.943273769876386
248200.0	1000.0	1495.3825605258364	0.0	0	62.44509423003183	1695.3825605257007	1	0	1	1.6364209504363325
249200.0	1000.0	1495.3825605258385	0.0	0	245.06564188824268	1695.3825605257007	1	0	1	1.6364209504363343
250200.0	1000.0	1495.3825605258874	0.0	0	213.97842995543033	1695.3825605257298	1	0	1	1.6364209504363314
251470.13960882943	1000.0	1225.242951696462	0.0	0	0.0	1695.3825605257298	1	0	1	1.6364209504363314
252806.21797320741	1000.0	889.1645873184586	0.0	0	0.0	1695.3825605257007	1	0	1	1.6364209504363343
253298.96987622563	500.0	1396.4126843002205	0.0	0	0.0	1695.3825605256716	1	0	1	-0.09644700096352633
254619.71777405727	1000.0	1075.6647864685954	0.0	0	0.0	1695.3825605257007	1	0	1	0.9432737698763888
255200.0	500.0	1495.3825605258528	0.0	0	91.12239032058278	1695.3825605256716	1	0	1	-0.0964470009635275
256200.0	1000.0	1495.382560525861	0.0	0	462.71658852140536	1695.3825605256716	1	0	1	0.9432737698763918
257200.0	1000.0	1495.3825605258255	0.0	0	307.4889841906843	1695.3825605256716	1	0	1	1.6364209504363372
258200.0	1000.0	1495.382560525794	0.0	0	437.66900762185105	1695.3825605256425	1	0	1	1.63642095043634
259211.55747419337	1000.0	1483.8250863324079	0.0	0	0.0	1695.3825605256425	1	0	1	1.63642095043634
260200.0	1000.0	1495.3825605257894	0.0	0	226.97315943206195	1695.3825605256425	1	0	1	1.63642095043634
261200.0	1000.0	1495.3825605257723	0.0	0	244.78554978806642	1695.3825605256425	1	0	1	1.63642095043634
262200.0	1000.0	1495.3825605257434	0.0	0	82.9541111633589	1695.3825605256134	1	0	1	1.6364209504363405
263237.27121695824	1000.0	1458.1113435675722	0.0	0	0.0	1695.3825605256425	1	0	1	1.6364209504363407
264200.0	1000.0	1495.382560525745	0.0	0	480.58142867468996	1695.3825605256134	1	0	1	1.636420950436341
265200.0	1000.0	1495.3825605257184	0.0	0	554.4039149738965	1695.3825605255552	1	0	1	1.636420950436349
266200.0	1000.0	1495.382560525727	0.0	0	204.08287929196376	1695.3825605255552	1	0	1	1.636420950436349
267200.0	1000.0	1495.3825605257234	0.0	0	514.0556802137289	1695.3825605255552	1	0	1	1.636420950436349
268200.0	1000.0	1495.3825605257275	0.0	0	367.2756499427487	1695.3825605255552	1	0	1	1.636420950436349
269593.37956473266	1000.0	1102.0029957929862	0.0	0	0.0	1695.382560525497	1	0	1	1.6364209504363547
270462.3896367655	1000.0	1232.9929237601098	0.0	0	0.0	1695.382560525497	1	0	1	1.6364209504363547
271200.0	1000.0	1495.3825605256366	0.0	0	237.44941977021517	1695.3825605255552	1	0	1	1.636420950436349
272200.0	1000.0	1495.382560525634	0.0	0	193.7889070638921	1695.3825605256134	1	0	1	1.6364209504363432
273266.72877344117	1000.0	1428.6537870844195	0.0	0	0.0	1695.3825605256134	1	0	1	1.6364209504363432
274200.0	1000.0	1495.3825605255968	0.0	0	124.07069126761053	1695.3825605256134	1	0	1	1.6364209504363432
275200.0	1000.0	1495.382560525597	0.0	0	212.73153528623516	1695.3825605256134	1	0	1	1.6364209504363432
276572.25081078976	1000.0	1123.1317497358898	0.0	0	0.0	1695.3825605255552	1	0	1	1.636420950436349
277928.3116337241	1000.0	767.0709268016107	0.0	0	0.0	1695.3825605256134	1	0	1	1.6364209504363432
278467.19325034175	500.0	1228.1893101839453	0.0	0	0.0	1695.3825605256134	1	0	1	-0.0964470009635206
279328.4713775633	1000.0	1366.9111829623314	0.0	0	0.0	1695.3825605256134	1	0	1	0.9432737698763977
280200.0	1000.0	1495.3825605256193	0.0	0	258.4343654154218	1695.3825605255552	1	0	1	1.636420950436349
281200.0	1000.0	1495.3825605256145	0.0	0	197.76896724064136	1695.3825605255552	1	0	1	1.636420950436349
282200.0	1000.0	1495.3825605256209	0.0	0	140.38687424128875	1695.3825605256134	1	0	1	1.6364209504363432
283200.0	1000.0	1495.3825605256218	0.0	0	384.1670811859076	1695.3825605256716	1	0	1	1.6364209504363372
284200.0	1000.0	1495.382560525613	0.0	0	18.485516098386142	1695.3825605256716	1	0	1	1.6364209504363372
285692.5396163182	1000.0	1002.8429442074862	0.0	0	0.0	1695.382560525788	1	0	1	1.636420950436327
286357.9667573631	500.0	1337.4158031625677	0.0	0	0.0	1695.382560525788	1	0	1	-0.09644700096353799
287200.0	500.0	1495.3825605256973	0.0	0	179.10205996298464	1695.382560525788	1	0	1	0.5967001795964074
288200.0	500.0	1495.3825605257148	0.0	0	164.10541520192055	1695.3825605258462	1	0	1	0.5967001795964016
289200.0	500.0	1495.3825605257812	0.0	0	243.08176459127571	1695.3825605258462	1	0	1	0.5967001795964016
290200.0	500.0	1495.3825605257757	0.0	0	597.0438630279968	1695.3825605258462	1	0	1	0.5967001795964016
291200.0	1000.0	1495.3825605257964	0.0	0	443.8475745319738	1695.382560525788	1	0	1	0.9432737698763802
292200.0	1000.0	1495.382560525835	0.0	0	91.03064749145415	1695.382560525788	1	0	1	1.6364209504363256
293242.3394684553	1000.0	1453.0430920704855	0.0	0	0.0	1695.382560525788	1	0	1	1.6364209504363256
294632.96357708087	1000.0	1062.418983444943	0.0	0	0.0	1695.3825605257298	1	0	1	1.6364209504363314
295440.544924727	1000.0	1254.837635798781	0.0	0	0.0	1695.382560525788	1	0	1	1.6364209504363256
296200.0	1000.0	1495.382560525795	0.0	0	211.09357280057156	1695.382560525788	1	0	1	1.6364209504363256
297200.0	1000.0	1495.3825605257962	0.0	0	366.63260651298333	1695.382560525788	1	0	1	1.6364209504363256
298200.0	1000.0	1495.3825605257557	0.0	0	288.8192894157255	1695.382560525788	1	0	1	1.6364209504363256
299200.0	1000.0	1495.3825605257866	0.0	0	167.75267905334476	1695.382560525788	1	0	1	1.6364209504363256
300329.5023699853	1000.0	1365.880190540497	0.0	0	0.0	1695.3825605257298	1	0	1	1.6364209504363292
1.75	1.88	1.36	0.88	0.76	1.1	0.76	0.74	0.72	1.04	1.17	1.37	1.14	1.4	0.94	0.74	0.47	0.63	0.79	1.04	0.95	0.97	1.33	0.92	0.82	0.9	1.1	1.14	0.85	1.42	1.01	1.0	1.17	1.56	1.02	1.25	1.09	0.79	0.59	0.96	1.48	0.95	1.08	1.18	0.94	1.61	1.48	1.07	1.16	1.29	1.18	1.54	1.08	0.64	0.98	1.29	0.92	1.31	1.99	1.0	1.4	1.18	1.63	1.37	1.12	1.12	1.81	1.1	1.19	1.67	1.24	0.98	1.29	0.93	0.57	0.71	0.98	1.05	1.02	0.89	0.79	0.9	1.23	0.96	0.71	0.96	0.98	0.98	1.07	0.71	1.1	0.8	1.22	1.27	1.73	1.52	1.16	0.8	1.09	1.0	1.0	1.47	1.75	1.99	1.19	1.32	1.64	1.48	1.0	1.63	1.83	1.7	1.76	1.44	1.11	0.76	1.45	1.77	1.04	1.2	1.4	0.94	0.9	1.04	0.94	1.6	1.03	1.58	1.45	0.83	0.64	0.53	0.96	0.89	0.68	1.39	1.85	1.19	1.0	1.02	0.96	1.58	2.06	1.76	1.32	0.96	1.27	0.82	0.67	2.05	1.75	1.88	1.36	0.88	0.76	1.1	0.76	0.74	0.72	1.04	1.17	1.37	1.14	1.4	0.94	0.74	0.47	0.63	0.79	1.04	0.95	0.97	1.33	0.92	0.82	0.9	1.1	1.14	0.85	1.42	1.01	1.0	1.17	1.56	1.02	1.25	1.09	0.79	0.59	0.96	1.48	0.95	1.08	1.18	0.94	1.61	1.48	1.07	1.16	1.29	1.18	1.54	1.08	0.64	0.98	1.29	0.92	1.31	1.99	1.0	1.4	1.18	1.63	1.37	1.12	1.12	1.81	1.1	1.19	1.67	1.24	0.98	1.29	0.93	0.57	0.71	0.98	1.05	1.02	0.89	0.79	0.9	1.23	0.96	0.71	0.96	0.98	0.98	1.07	0.71	1.1	0.8	1.22	1.27	1.73	1.52	1.16	0.8	1.09	1.0	1.0	1.47	1.75	1.99	1.19	1.32	1.64	1.48	1.0	1.63	1.83	1.7	1.76	1.44	1.11	0.76	1.45	1.77	1.04	1.2	1.4	0.94	0.9	1.04	0.94	1.6	1.03	1.58	1.45	0.83	0.64	0.53	0.96	0.89	0.68	1.39	1.85	1.19	1.0	1.02	0.96	1.58	2.06	1.76	1.32	0.96	1.27	0.82
1.0	2.0	3.0	4.0	5.0	6.0	7.0	8.0	9.0	10.0	11.0	12.0	13.0	14.0	15.0	16.0	17.0	18.0	19.0	20.0	21.0	22.0	23.0	24.0	25.0	26.0	27.0	28.0	29.0	30.0	31.0	32.0	33.0	34.0	35.0	36.0	37.0	38.0	39.0	40.0	41.0	42.0	43.0	44.0	45.0	46.0	47.0	48.0	49.0	50.0	51.0	52.0	53.0	54.0	55.0	56.0	57.0	58.0	59.0	60.0	61.0	62.0	63.0	64.0	65.0	66.0	67.0	68.0	69.0	70.0	71.0	72.0	73.0	74.0	75.0	76.0	77.0	78.0	79.0	80.0	81.0	82.0	83.0	84.0	85.0	86.0	87.0	88.0	89.0	90.0	91.0	92.0	93.0	94.0	95.0	96.0	97.0	98.0	99.0	100.0	101.0	102.0	103.0	104.0	105.0	106.0	107.0	108.0	109.0	110.0	111.0	112.0	113.0	114.0	115.0	116.0	117.0	118.0	119.0	120.0	121.0	122.0	123.0	124.0	125.0	126.0	127.0	128.0	129.0	130.0	131.0	132.0	133.0	134.0	135.0	136.0	137.0	138.0	139.0	140.0	141.0	142.0	143.0	144.0	145.0	146.0	147.0	148.0	149.0	149.0	150.0	151.0	152.0	153.0	154.0	155.0	156.0	157.0	158.0	159.0	160.0	161.0	162.0	163.0	164.0	165.0	166.0	167.0	168.0	169.0	170.0	171.0	172.0	173.0	174.0	175.0	176.0	177.0	178.0	179.0	180.0	181.0	182.0	183.0	184.0	185.0	186.0	187.0	188.0	189.0	190.0	191.0	192.0	193.0	194.0	195.0	196.0	197.0	198.0	199.0	200.0	201.0	202.0	203.0	204.0	205.0	206.0	207.0	208.0	209.0	210.0	211.0	212.0	213.0	214.0	215.0	216.0	217.0	218.0	219.0	220.0	221.0	222.0	223.0	224.0	225.0	226.0	227.0	228.0	229.0	230.0	231.0	232.0	233.0	234.0	235.0	236.0	237.0	238.0	239.0	240.0	241.0	242.0	243.0	244.0	245.0	246.0	247.0	248.0	249.0	250.0	251.0	252.0	253.0	254.0	255.0	256.0	257.0	258.0	259.0	260.0	261.0	262.0	263.0	264.0	265.0	266.0	267.0	268.0	269.0	270.0	271.0	272.0	273.0	274.0	275.0	276.0	277.0	278.0	279.0	280.0	281.0	282.0	283.0	284.0	285.0	286.0	287.0	288.0	289.0	290.0	291.0	292.0	293.0	294.0	295.0	296.0	297.0
4998.4951358032395
