4190.954682031294	300.0	2000.0	106.05047467516474	0	0.0	4190.954682031294	1	0	1	-1.053703755732065
4302.878450554053	300.0	2876.883854624965	0.0	0	0.0	4179.762305179019	1	0	2	-0.8181894110623092
4429.558610820295	300.0	3737.5356783320995	0.0	0	0.0	4167.094289152395	1	0	2	-0.6169682060633587
5200.0	300.0	3890.0501502344237	0.0	0	628.5490362132923	4090.0501502344223	1	0	2	-0.6127721399098944
6200.0	300.0	3790.0501502344227	0.0	0	883.2749879287358	3990.0501502344223	1	0	2	-0.6030050150234425
7200.0	300.0	3690.050150234424	0.0	0	877.2234653895384	3890.0501502344237	1	0	2	-0.5930050150234425
8200.0	300.0	3590.050150234424	0.0	0	880.363242478862	3790.050150234423	1	0	2	-0.5830050150234426
9200.0	300.0	3490.0501502344246	0.0	0	879.2320728624891	3690.0501502344223	1	0	2	-0.5730050150234425
10200.0	300.0	3390.0501502344227	0.0	0	881.9043558654485	3590.0501502344205	1	0	2	-0.5630050150234425
11200.0	300.0	3290.0501502344205	0.0	0	885.7563843433436	3490.0501502344177	1	0	2	-0.5530050150234421
12200.0	300.0	3190.0501502344196	0.0	0	919.2414894658978	3390.0501502344177	1	0	2	-0.543005015023442
13200.0	300.0	3090.0501502344187	0.0	0	895.6804552225367	3290.050150234416	1	0	2	-0.533005015023442
14200.0	300.0	2990.0501502344205	0.0	0	895.9646732378551	3190.0501502344177	1	0	2	-0.523005015023442
15200.0	300.0	2890.0501502344214	0.0	0	879.9266491431354	3090.0501502344214	1	0	2	-0.5130050150234422
16200.0	300.0	2790.0501502344227	0.0	0	887.4262341754384	2990.050150234423	1	0	2	-0.5030050150234425
17200.0	300.0	2690.050150234424	0.0	0	903.4182925529803	2890.050150234423	1	0	2	-0.4930050150234427
18200.0	300.0	2590.050150234426	0.0	0	909.9024949649138	2790.0501502344287	1	0	2	-0.48300501502344284
19200.0	300.0	2490.05015023443	0.0	0	870.2604536064537	2690.0501502344305	1	0	2	-0.4730050150234433
20200.0	300.0	2390.0501502344287	0.0	0	889.5822906885915	2590.0501502344305	1	0	2	-0.46300501502344327
21200.0	300.0	2290.0501502344305	0.0	0	918.0807514807457	2490.050150234427	1	0	2	-0.45300501502344326
22200.0	300.0	2190.0501502344323	0.0	0	851.1652893809114	2390.050150234423	1	0	2	-0.44300501502344247
23200.0	300.0	2090.0501502344337	0.0	0	856.4954890344379	2290.050150234423	1	0	2	-0.43300501502344235
24200.0	300.0	1990.0501502344373	0.0	0	863.267585622747	2190.050150234423	1	0	2	-0.4230050150234425
25200.0	300.0	1890.05015023444	0.0	0	907.9282367423912	2090.050150234427	1	0	2	-0.41300501502344283
26200.0	300.0	1790.050150234438	0.0	0	880.1484969038283	1990.050150234416	1	0	2	-0.40300501502344244
27200.0	500.0	1790.0501502344387	0.0	0	816.9221622773766	1990.050150234416	1	0	1	-0.1435922031404462
28200.0	500.0	1790.050150234438	0.0	0	881.5725707065758	1990.0501502344196	1	0	1	0.5672334206255443
29200.0	1000.0	1790.0501502344364	0.0	0	617.2817481984202	1990.0501502344196	1	0	1	0.9138070109055169
30200.0	1000.0	1790.050150234438	0.0	0	666.0775794504953	1990.0501502344196	1	0	1	1.6069541914654621
31200.0	1000.0	1790.0501502344403	0.0	0	690.0704598984084	1990.0501502344196	1	0	1	1.6069541914654621
32200.0	2000.0	1790.0501502344384	0.0	0	368.1865089380517	1990.0501502344196	1	0	1	1.9535277817454348
33200.0	2000.0	1790.0501502344428	0.0	0	430.1558762851528	1990.0501502344232	1	0	1	2.6466749623053802
34200.0	2000.0	1790.0501502344441	0.0	0	494.4298283217868	1990.0501502344268	1	0	1	2.64667496230538
35200.0	2000.0	1790.0501502344368	0.0	0	375.56700220345374	1990.0501502344268	1	0	1	2.6466749623053794
36200.0	3000.0	1790.0501502344302	0.0	0	360.74598921614233	1990.0501502344268	1	0	1	2.8494075163594617
37202.83888337761	3000.0	1787.211266856816	0.0	0	179.81854888654925	1990.0501502344268	1	0	1	3.2548726244676263
38306.25699881054	3000.0	1683.7931514238821	0.0	0	0.0	1990.0501502344268	1	0	1	3.2548726244676263
39200.0	2000.0	1790.0501502344198	0.0	0	169.44302139522188	1990.0501502344268	1	0	1	2.2412098541972147
40200.0	2000.0	1790.0501502344255	0.0	0	205.19144340672938	1990.0501502344268	1	0	1	2.6466749623053794
41200.0	2000.0	1790.0501502344227	0.0	0	310.79059573382983	1990.0501502344268	1	0	1	2.6466749623053794
42200.0	2000.0	1790.050150234421	0.0	0	211.14431199541286	1990.0501502344196	1	0	1	2.6466749623053802
43200.0	2000.0	1790.0501502344118	0.0	0	317.1410234470095	1990.0501502344196	1	0	1	2.6466749623053802
44200.0	2000.0	1790.05015023441	0.0	0	549.4345624851485	1990.0501502344196	1	0	1	2.6466749623053802
45200.0	2000.0	1790.0501502344098	0.0	0	446.1441566817448	1990.0501502344196	1	0	1	2.6466749623053802
46200.0	2000.0	1790.050150234408	0.0	0	440.76008515012654	1990.0501502344196	1	0	1	2.6466749623053802
47200.0	2000.0	1790.0501502344025	0.0	0	545.2427974785678	1990.0501502344196	1	0	1	2.6466749623053802
48200.0	2000.0	1790.050150234394	0.0	0	420.0136972028122	1990.0501502344196	1	0	1	2.6466749623053802
49200.0	2000.0	1790.0501502344002	0.0	0	515.5328230603263	1990.0501502344123	1	0	1	2.646674962305381
50200.0	3000.0	1790.0501502344039	0.0	0	83.17581347168016	1990.050150234405	1	0	1	2.849407516359464
51266.524401159426	3000.0	1723.5257490749746	0.0	0	0.0	1990.050150234405	1	0	1	3.2548726244676285
52357.37806231662	3000.0	1632.672087917785	0.0	0	0.0	1990.050150234405	1	0	1	3.2548726244676285
53202.9241918436	3000.0	1787.125958390803	0.0	0	0.0	1990.050150234405	1	0	1	3.2548726244676285
54200.0	3000.0	1790.0501502344111	0.0	0	154.35738512326498	1990.050150234405	1	0	1	3.2548726244676285
55200.0	3000.0	1790.0501502344123	0.0	0	220.05833813997015	1990.0501502344123	1	0	1	3.254872624467628
56200.0	3000.0	1790.05015023441	0.0	0	222.72301305102883	1990.0501502344196	1	0	1	3.2548726244676276
57200.0	3000.0	1790.0501502344086	0.0	0	189.4824829161007	1990.0501502344196	1	0	1	3.2548726244676276
58200.0	3000.0	1790.0501502344052	0.0	0	269.6561200772994	1990.0501502344196	1	0	1	3.2548726244676276
59200.0	3000.0	1790.0501502344073	0.0	0	27.541444090813457	1990.0501502344196	1	0	1	3.2548726244676276
60200.0	3000.0	1790.050150234408	0.0	0	320.3631415009222	1990.0501502344268	1	0	1	3.2548726244676263
61200.0	3000.0	1790.0501502344039	0.0	0	19.13059874407918	1990.0501502344268	1	0	1	3.2548726244676263
62200.0	3000.0	1790.050150234412	0.0	0	223.88782301466563	1990.0501502344268	1	0	1	3.2548726244676263
63200.0	3000.0	1790.050150234415	0.0	0	353.2615220669686	1990.0501502344268	1	0	1	3.2548726244676263
64200.0	3000.0	1790.050150234414	0.0	0	91.5750095904441	1990.0501502344268	1	0	1	3.2548726244676263
65200.0	3000.0	1790.0501502344093	0.0	0	52.162197337442194	1990.0501502344268	1	0	1	3.2548726244676263
66200.0	2000.0	1790.0501502343996	0.0	0	448.7216454560985	1990.0501502344123	1	0	1	2.2412098541972156
67200.0	3000.0	1790.0501502343916	0.0	0	326.969864251907	1990.0501502343977	1	0	1	2.849407516359464
68437.02976793314	3000.0	1553.020382301269	0.0	0	0.0	1990.0501502344123	1	0	1	3.2548726244676285
69215.78611927945	3000.0	1774.264030954973	0.0	0	0.0	1990.0501502344414	1	0	1	3.254872624467626
70200.0	3000.0	1790.0501502344225	0.0	0	90.15602012025192	1990.0501502344414	1	0	1	3.254872624467625
71200.0	3000.0	1790.050150234427	0.0	0	207.7331659454212	1990.0501502344414	1	0	1	3.254872624467625
72200.0	2000.0	1790.0501502344284	0.0	0	242.82527854996442	1990.0501502344414	1	0	1	2.2412098541972134
73200.0	2000.0	1790.0501502344162	0.0	0	262.77002116777294	1990.0501502344268	1	0	1	2.6466749623053794
74200.0	2000.0	1790.0501502344214	0.0	0	326.6910881043441	1990.0501502344268	1	0	1	2.6466749623053794
75200.0	2000.0	1790.05015023442	0.0	0	124.11310298797616	1990.0501502344268	1	0	1	2.6466749623053794
76200.0	2000.0	1790.0501502344055	0.0	0	304.4926251631696	1990.0501502344268	1	0	1	2.6466749623053794
77200.0	2000.0	1790.050150234412	0.0	0	446.8910102429363	1990.0501502344268	1	0	1	2.6466749623053794
78200.0	2000.0	1790.0501502344184	0.0	0	274.0692931637459	1990.0501502344268	1	0	1	2.6466749623053794
79200.0	2000.0	1790.0501502344275	0.0	0	615.7153305468819	1990.0501502344268	1	0	1	2.6466749623053794
80200.0	2000.0	1790.0501502344434	0.0	0	284.5568359946774	1990.0501502344268	1	0	1	2.6466749623053794
81200.0	2000.0	1790.0501502344364	0.0	0	400.0355120470922	1990.0501502344268	1	0	1	2.6466749623053794
82200.0	2000.0	1790.0501502344246	0.0	0	158.42445819402928	1990.0501502344268	1	0	1	2.6466749623053794
83200.0	2000.0	1790.050150234412	0.0	0	97.30358310438169	1990.0501502344268	1	0	1	2.6466749623053794
84200.0	2000.0	1790.05015023441	0.0	0	538.4363271114998	1990.0501502344268	1	0	1	2.6466749623053794
85200.0	2000.0	1790.0501502344148	0.0	0	474.4303736425354	1990.0501502344268	1	0	1	2.6466749623053794
86200.0	2000.0	1790.0501502344132	0.0	0	542.4189380789758	1990.0501502344268	1	0	1	2.6466749623053794
87200.0	2000.0	1790.0501502344036	0.0	0	495.46838405051676	1990.0501502344123	1	0	1	2.646674962305381
88200.0	2000.0	1790.0501502344116	0.0	0	316.5540832405677	1990.0501502344268	1	0	1	2.6466749623053802
89200.0	2000.0	1790.0501502344146	0.0	0	389.9428703725134	1990.0501502344414	1	0	1	2.646674962305378
90200.0	2000.0	1790.0501502344284	0.0	0	519.3546707058849	1990.0501502344414	1	0	1	2.646674962305378
91200.0	2000.0	1790.050150234427	0.0	0	434.20032359313336	1990.0501502344414	1	0	1	2.646674962305378
92200.0	2000.0	1790.0501502344362	0.0	0	436.9797154036205	1990.0501502344414	1	0	1	2.646674962305378
93200.0	3000.0	1790.0501502344305	0.0	0	134.75875172721862	1990.0501502344414	1	0	1	2.8494075163594603
94200.0	3000.0	1790.0501502344316	0.0	0	444.0290051753109	1990.0501502344414	1	0	1	3.254872624467625
95200.0	3000.0	1790.050150234424	0.0	0	393.28669712113333	1990.0501502344414	1	0	1	3.254872624467625
96201.56230922596	3000.0	1788.4878410084712	0.0	0	0.0	1990.050150234456	1	0	1	3.2548726244676236
97293.27140729746	3000.0	1696.7787429369873	0.0	0	0.0	1990.050150234456	1	0	1	3.2548726244676236
98200.94489131543	3000.0	1789.1052589190367	0.0	0	0.0	1990.050150234456	1	0	1	3.2548726244676236
99200.0	2000.0	1790.0501502344628	0.0	0	106.98229573576828	1990.0501502344414	1	0	1	2.2412098541972134
100200.0	2000.0	1790.050150234482	0.0	0	526.8811476903065	1990.050150234456	1	0	1	2.6466749623053767
101200.0	2000.0	1790.0501502344987	0.0	0	552.2596542921965	1990.050150234456	1	0	1	2.6466749623053767
102200.0	2000.0	1790.0501502345091	0.0	0	400.51727312	1990.050150234456	1	0	1	2.6466749623053767
103200.0	2000.0	1790.0501502345041	0.0	0	445.7044040233304	1990.050150234456	1	0	1	2.6466749623053767
104200.0	2000.0	1790.0501502345119	0.0	0	435.9026914818969	1990.0501502344705	1	0	1	2.6466749623053754
105200.0	2000.0	1790.0501502345155	0.0	0	376.2705739276862	1990.0501502344705	1	0	1	2.6466749623053754
106200.0	2000.0	1790.050150234524	0.0	0	485.42461098360945	1990.0501502344705	1	0	1	2.6466749623053754
107200.0	2000.0	1790.0501502345141	0.0	0	430.73178645900043	1990.050150234485	1	0	1	2.6466749623053736
108200.0	2000.0	1790.050150234503	0.0	0	367.6855616681278	1990.050150234485	1	0	1	2.6466749623053736
109200.0	2000.0	1790.050150234503	0.0	0	354.8003468366078	1990.050150234485	1	0	1	2.6466749623053736
110200.0	3000.0	1790.0501502345003	0.0	0	232.40908136355574	1990.050150234485	1	0	1	2.849407516359456
111200.0	3000.0	1790.050150234489	0.0	0	542.353234828217	1990.050150234485	1	0	1	3.2548726244676205
112200.0	3000.0	1790.0501502344819	0.0	0	91.27554191973468	1990.050150234485	1	0	1	3.2548726244676205
113200.0	3000.0	1790.0501502344675	0.0	0	419.51421730163565	1990.050150234485	1	0	1	3.2548726244676205
114200.0	3000.0	1790.0501502344687	0.0	0	108.93229433466331	1990.050150234485	1	0	1	3.2548726244676205
115361.1744921098	3000.0	1628.8756581246744	0.0	0	0.0	1990.050150234485	1	0	1	3.2548726244676205
116200.0	3000.0	1790.0501502344766	0.0	0	26.123374853559653	1990.050150234485	1	0	1	3.2548726244676205
117200.0	3000.0	1790.0501502344684	0.0	0	492.963569297528	1990.050150234485	1	0	1	3.2548726244676205
118200.0	3000.0	1790.0501502344737	0.0	0	71.3696892590815	1990.0501502344996	1	0	1	3.254872624467619
119241.11422753273	3000.0	1748.935922701738	0.0	0	0.0	1990.0501502344996	1	0	1	3.254872624467619
120200.0	3000.0	1790.0501502344773	0.0	0	85.64977162545256	1990.0501502344996	1	0	1	3.254872624467619
121200.0	3000.0	1790.0501502344725	0.0	0	321.3516484130523	1990.0501502344996	1	0	1	3.254872624467619
122200.0	3000.0	1790.0501502344732	0.0	0	126.30441096419236	1990.0501502344996	1	0	1	3.254872624467619
123200.0	3000.0	1790.0501502344696	0.0	0	433.1766985025024	1990.050150234485	1	0	1	3.2548726244676205
124200.0	3000.0	1790.0501502344719	0.0	0	52.717778295540484	1990.050150234485	1	0	1	3.2548726244676205
125200.0	3000.0	1790.050150234471	0.0	0	37.04982571938308	1990.050150234485	1	0	1	3.2548726244676205
126200.0	3000.0	1790.0501502344741	0.0	0	165.07502827428107	1990.050150234485	1	0	1	3.2548726244676205
127323.78070624034	2000.0	1666.2694439941283	0.0	0	0.0	1990.050150234485	1	0	1	2.241209854197209
128200.0	2000.0	1790.0501502344755	0.0	0	320.1031362638605	1990.050150234485	1	0	1	2.6466749623053736
129200.0	2000.0	1790.0501502344796	0.0	0	119.61287146809627	1990.050150234485	1	0	1	2.6466749623053736
130200.0	2000.0	1790.0501502344819	0.0	0	197.55096438981127	1990.0501502344996	1	0	1	2.6466749623053722
131200.0	2000.0	1790.0501502344853	0.0	0	68.41760436682671	1990.0501502345141	1	0	1	2.646674962305372
132200.0	2000.0	1790.0501502344969	0.0	0	12.597618984727887	1990.0501502345141	1	0	1	2.646674962305369
133200.0	2000.0	1790.0501502344914	0.0	0	164.32919412109186	1990.0501502345141	1	0	1	2.646674962305372
134200.0	2000.0	1790.0501502344819	0.0	0	205.6008367165341	1990.0501502345141	1	0	1	2.646674962305371
135200.0	2000.0	1790.0501502344853	0.0	0	62.89456168017932	1990.0501502345141	1	0	1	2.646674962305371
136200.0	2000.0	1790.0501502344919	0.0	0	471.0129040577158	1990.0501502345141	1	0	1	2.646674962305371
137200.0	2000.0	1790.0501502345103	0.0	0	260.4919158189732	1990.0501502345141	1	0	1	2.646674962305371
138200.0	2000.0	1790.0501502344655	0.0	0	502.8639775127522	1990.0501502345141	1	0	1	2.646674962305371
139200.0	2000.0	1790.050150234448	0.0	0	279.09245104927686	1990.0501502345141	1	0	1	2.646674962305371
140200.0	2000.0	1790.0501502344414	0.0	0	222.64202470178134	1990.0501502345141	1	0	1	2.646674962305371
141200.0	2000.0	1790.0501502344728	0.0	0	574.0771744215162	1990.0501502345433	1	0	1	2.646674962305368
142200.0	2000.0	1790.0501502345019	0.0	0	411.5983193877619	1990.0501502345433	1	0	1	2.646674962305368
143200.0	2000.0	1790.0501502344846	0.0	0	195.5106571292854	1990.0501502345141	1	0	1	2.646674962305371
144200.0	2000.0	1790.050150234479	0.0	0	458.49006054509664	1990.0501502345141	1	0	1	2.646674962305371
145305.95946956013	3000.0	1684.0906806743294	0.0	0	0.0	1990.0501502345141	1	0	1	2.849407516359453
146200.0	3000.0	1790.0501502344523	0.0	0	313.22196412683115	1990.0501502345433	1	0	1	3.2548726244676147
147200.0	3000.0	1790.0501502344205	0.0	0	71.18329322009231	1990.0501502345433	1	0	1	3.2548726244676147
148200.0	3000.0	1790.0501502344225	0.0	0	249.31207932785037	1990.0501502345433	1	0	1	3.2548726244676147
149207.9152624005	3000.0	1782.1348878339534	0.0	0	0.0	1990.0501502345433	1	0	1	3.2548726244676147
150200.0	3000.0	1790.0501502344778	0.0	0	122.39126742415829	1990.0501502345724	1	0	1	3.2548726244676116
151200.0	3000.0	1790.050150234464	0.0	0	125.53330910002114	1990.0501502345724	1	0	1	3.2548726244676116
152200.0	3000.0	1790.050150234406	0.0	0	342.1937745588948	1990.0501502345724	1	0	1	3.2548726244676116
153200.0	3000.0	1790.0501502343948	0.0	0	63.7739371166972	1990.0501502345724	1	0	1	3.2548726244676116
154200.0	3000.0	1790.0501502343861	0.0	0	209.7755852692644	1990.0501502345724	1	0	1	3.2548726244676116
155200.0	3000.0	1790.0501502343645	0.0	0	311.9450323014171	1990.0501502345724	1	0	1	3.2548726244676116
156264.7068858875	3000.0	1725.3432643468377	0.0	0	0.0	1990.0501502345724	1	0	1	3.25487262446761
157387.0985085846	3000.0	1602.9516416497518	0.0	0	0.0	1990.0501502346015	1	0	1	3.254872624467609
158317.0626334319	3000.0	1672.9875168024885	0.0	0	0.0	1990.0501502346306	1	0	1	3.2548726244676063
159280.51428341784	3000.0	1709.535866816548	0.0	0	0.0	1990.0501502346306	1	0	1	3.2548726244676063
160200.0	3000.0	1790.0501502343839	0.0	0	17.52075827875524	1990.0501502346306	1	0	1	3.2548726244676063
161200.0	3000.0	1790.0501502343907	0.0	0	178.3927511588845	1990.0501502346306	1	0	1	3.2548726244676063
162200.0	3000.0	1790.050150234381	0.0	0	394.4473755780491	1990.0501502346015	1	0	1	3.254872624467609
163200.0	3000.0	1790.0501502343661	0.0	0	85.33573580399388	1990.0501502346015	1	0	1	3.254872624467609
164200.0	3000.0	1790.05015023437	0.0	0	164.96705684013432	1990.0501502346015	1	0	1	3.254872624467609
165236.95162264392	3000.0	1753.0985275904686	0.0	0	0.0	1990.0501502345724	1	0	1	3.25487262446761
166229.39152260043	3000.0	1760.6586276339906	0.0	0	0.0	1990.0501502346015	1	0	1	3.254872624467609
167200.0	3000.0	1790.0501502344164	0.0	0	372.9942582163785	1990.0501502346015	1	0	1	3.254872624467609
168200.0	3000.0	1790.0501502344305	0.0	0	102.33730602270225	1990.0501502346306	1	0	1	3.254872624467608
169200.0	3000.0	1790.0501502344289	0.0	0	248.81259938603034	1990.0501502346306	1	0	1	3.2548726244676063
170200.0	3000.0	1790.050150234407	0.0	0	434.7442966582603	1990.0501502346306	1	0	1	3.2548726244676063
171375.9417476725	3000.0	1614.108402561905	0.0	0	0.0	1990.0501502346306	1	0	1	3.2548726244676063
172252.09452030936	3000.0	1737.9556299250496	0.0	0	0.0	1990.0501502346306	1	0	1	3.2548726244676063
173200.0	3000.0	1790.0501502343907	0.0	0	170.2439817979175	1990.0501502346306	1	0	1	3.2548726244676063
174200.0	3000.0	1790.0501502343839	0.0	0	347.4544779516	1990.0501502346306	1	0	1	3.2548726244676063
175200.0	3000.0	1790.0501502343836	0.0	0	197.4617817433318	1990.0501502346306	1	0	1	3.2548726244676063
176259.2609183891	3000.0	1730.7892318452768	0.0	0	0.0	1990.0501502346306	1	0	1	3.2548726244676063
177200.0	3000.0	1790.0501502343882	0.0	0	45.26990105296136	1990.0501502346306	1	0	1	3.2548726244676063
178279.09650238682	3000.0	1710.95364784755	0.0	0	0.0	1990.0501502346306	1	0	1	3.2548726244676063
179357.6232833056	3000.0	1632.4268669287396	0.0	0	0.0	1990.0501502346306	1	0	1	3.2548726244676063
180231.9807877839	3000.0	1758.0693624504374	0.0	0	0.0	1990.0501502346306	1	0	1	3.2548726244676063
181200.0	3000.0	1790.0501502343047	0.0	0	324.3020703260554	1990.0501502346306	1	0	1	3.2548726244676063
182200.0	3000.0	1790.0501502342918	0.0	0	470.26038616208825	1990.0501502346306	1	0	1	3.2548726244676063
183200.0	3000.0	1790.0501502343018	0.0	0	376.7542502094584	1990.0501502346306	1	0	1	3.2548726244676063
184200.0	3000.0	1790.050150234322	0.0	0	230.84959988546325	1990.0501502346306	1	0	1	3.2548726244676063
185200.0	3000.0	1790.0501502343243	0.0	0	295.8164759344654	1990.0501502346306	1	0	1	3.2548726244676063
186200.0	3000.0	1790.0501502343254	0.0	0	219.63091029014322	1990.0501502346306	1	0	1	3.2548726244676063
187265.21458445853	3000.0	1724.8355657758066	0.0	0	0.0	1990.0501502346597	1	0	1	3.2548726244676027
188360.3516050857	2000.0	1629.6985451486187	0.0	0	0.0	1990.0501502346306	1	0	1	2.2412098541971948
189200.0	2000.0	1790.0501502342916	0.0	0	184.9061748867971	1990.0501502346306	1	0	1	2.6466749623053594
190200.0	2000.0	1790.050150234313	0.0	0	515.9614305027062	1990.0501502346306	1	0	1	2.6466749623053594
191200.0	2000.0	1790.0501502343113	0.0	0	392.5145313194662	1990.0501502346306	1	0	1	2.6466749623053594
192200.0	2000.0	1790.0501502343013	0.0	0	578.7828262972762	1990.0501502346306	1	0	1	2.6466749623053594
193200.0	2000.0	1790.050150234283	0.0	0	350.480117609899	1990.0501502346597	1	0	1	2.646674962305356
194200.0	2000.0	1790.0501502342822	0.0	0	373.8985521362338	1990.0501502346597	1	0	1	2.646674962305356
195200.0	2000.0	1790.0501502342918	0.0	0	179.85258038525353	1990.0501502346597	1	0	1	2.646674962305356
196200.0	2000.0	1790.0501502342975	0.0	0	364.5816911490401	1990.0501502346597	1	0	1	2.646674962305356
197200.0	2000.0	1790.0501502343104	0.0	0	457.4159821947105	1990.0501502346597	1	0	1	2.646674962305356
198200.0	2000.0	1790.050150234302	0.0	0	541.0169788946514	1990.0501502346597	1	0	1	2.646674962305356
199200.0	3000.0	1790.0501502343009	0.0	0	179.90732660275535	1990.0501502346597	1	0	1	2.849407516359438
200437.19301761314	3000.0	1552.857132621156	0.0	0	0.0	1990.0501502346597	1	0	1	3.2548726244676027
201417.475214412	3000.0	1572.5749358223188	0.0	0	0.0	1990.0501502346597	1	0	1	3.2548726244676027
202402.6905443563	3000.0	1587.359605878002	0.0	0	0.0	1990.0501502346888	1	0	1	3.2548726244676
203200.0	3000.0	1790.0501502342854	0.0	0	155.1164687575947	1990.0501502346888	1	0	1	3.2548726244676
204200.0	3000.0	1790.0501502342736	0.0	0	269.58408612097264	1990.0501502346888	1	0	1	3.2548726244676
205200.0	3000.0	1790.0501502342645	0.0	0	70.22204117334331	1990.0501502346597	1	0	1	3.254872624467601
206200.0	3000.0	1790.050150234261	0.0	0	347.51345923464396	1990.0501502346306	1	0	1	3.2548726244676063
207200.0	3000.0	1790.050150234261	0.0	0	150.2460463065072	1990.0501502346306	1	0	1	3.2548726244676063
208200.0	3000.0	1790.0501502342836	0.0	0	255.2933424175135	1990.0501502346597	1	0	1	3.2548726244676027
209200.0	3000.0	1790.0501502342363	0.0	0	126.5552206672437	1990.0501502346306	1	0	1	3.2548726244676063
210200.0	3000.0	1790.05015023422	0.0	0	313.8345566911157	1990.0501502346306	1	0	1	3.2548726244676063
211200.0	3000.0	1790.0501502342224	0.0	0	336.4989813991997	1990.0501502346597	1	0	1	3.2548726244676027
212214.15534032753	3000.0	1775.8948099066874	0.0	0	0.0	1990.0501502346888	1	0	1	3.254872624467602
213507.53549234118	3000.0	1482.5146578930005	0.0	0	0.0	1990.0501502346597	1	0	1	3.254872624467602
214650.61795917264	3000.0	1339.4321910615304	0.0	0	0.0	1990.0501502346597	1	0	1	3.2548726244676027
215537.3931861178	3000.0	1452.6569641163694	0.0	0	0.0	1990.0501502346597	1	0	1	3.2548726244676027
216311.5713107295	3000.0	1678.4788395046994	0.0	0	0.0	1990.0501502346597	1	0	1	3.2548726244676027
217204.74228394325	3000.0	1785.307866290951	0.0	0	0.0	1990.0501502346597	1	0	1	3.2548726244676027
218200.0	2000.0	1790.0501502341788	0.0	0	209.53762154621654	1990.0501502346597	1	0	1	2.241209854197191
219200.0	2000.0	1790.0501502342	0.0	0	421.42365887685446	1990.0501502346597	1	0	1	2.646674962305356
220200.0	2000.0	1790.0501502341863	0.0	0	384.00222565123113	1990.0501502346597	1	0	1	2.646674962305356
221200.0	2000.0	1790.050150234175	0.0	0	371.1154439316015	1990.0501502346597	1	0	1	2.646674962305356
222200.0	2000.0	1790.0501502341776	0.0	0	212.42516121076187	1990.0501502346306	1	0	1	2.6466749623053594
223200.0	2000.0	1790.050150234196	0.0	0	455.0076457175892	1990.0501502346306	1	0	1	2.6466749623053594
224200.0	2000.0	1790.050150234225	0.0	0	402.29012707897346	1990.0501502346597	1	0	1	2.646674962305356
225200.0	2000.0	1790.0501502342297	0.0	0	285.8663731473207	1990.0501502346306	1	0	1	2.6466749623053594
226200.0	2000.0	1790.050150234203	0.0	0	582.3051778096124	1990.0501502346306	1	0	1	2.6466749623053594
227200.0	2000.0	1790.0501502342156	0.0	0	438.12605059315683	1990.0501502346306	1	0	1	2.6466749623053594
228200.0	2000.0	1790.0501502342165	0.0	0	463.5218118442863	1990.0501502346306	1	0	1	2.6466749623053594
229200.0	2000.0	1790.0501502342177	0.0	0	335.4332596315653	1990.0501502346306	1	0	1	2.6466749623053594
230200.0	2000.0	1790.050150234223	0.0	0	215.66955875433632	1990.0501502346597	1	0	1	2.646674962305356
231271.29004660423	2000.0	1718.760103629987	0.0	0	0.0	1990.0501502346306	1	0	1	2.646674962305358
232200.0	2000.0	1790.0501502342197	0.0	0	198.0791396558052	1990.0501502346015	1	0	1	2.646674962305362
233200.0	2000.0	1790.0501502342395	0.0	0	435.47028222767403	1990.0501502346015	1	0	1	2.646674962305362
234200.0	2000.0	1790.0501502342468	0.0	0	374.2596308972279	1990.0501502346015	1	0	1	2.646674962305362
235200.0	2000.0	1790.0501502342336	0.0	0	381.8414931749867	1990.0501502346015	1	0	1	2.646674962305362
236200.0	2000.0	1790.050150234213	0.0	0	364.65196879400173	1990.0501502346015	1	0	1	2.646674962305362
237200.0	2000.0	1790.050150234208	0.0	0	463.51306416557054	1990.0501502346015	1	0	1	2.646674962305362
238200.0	2000.0	1790.0501502342129	0.0	0	407.10423498463933	1990.0501502345724	1	0	1	2.6466749623053647
239200.0	2000.0	1790.0501502342029	0.0	0	584.6077774721198	1990.0501502345724	1	0	1	2.6466749623053647
240200.0	2000.0	1790.0501502341872	0.0	0	425.5795759569155	1990.0501502345724	1	0	1	2.6466749623053647
241200.0	2000.0	1790.0501502342001	0.0	0	238.73566059872974	1990.0501502345724	1	0	1	2.6466749623053647
242305.2535277409	3000.0	1684.7966224933077	0.0	0	0.0	1990.0501502345724	1	0	1	2.849407516359447
243200.0	3000.0	1790.0501502342004	0.0	0	81.36607039935188	1990.0501502345433	1	0	1	3.254872624467613
244200.0	3000.0	1790.0501502342	0.0	0	264.01364287603064	1990.0501502345141	1	0	1	3.254872624467618
245200.0	3000.0	1790.050150234184	0.0	0	114.88094793455093	1990.0501502345141	1	0	1	3.254872624467618
246271.04380722757	3000.0	1719.0063430065734	0.0	0	0.0	1990.0501502345141	1	0	1	3.254872624467618
247754.3150526569	3000.0	1235.735097577262	0.0	0	0.0	1990.0501502345141	1	0	1	3.254872624467618
248270.16201318966	2000.0	1719.8881370444692	0.0	0	0.0	1990.0501502345141	1	0	1	2.2412098541972063
249200.0	2000.0	1790.0501502341165	0.0	0	372.41413877820014	1990.0501502345141	1	0	1	2.646674962305371
250200.0	2000.0	1790.0501502340855	0.0	0	392.99164571482106	1990.0501502345141	1	0	1	2.646674962305371
251200.0	2000.0	1790.050150234077	0.0	0	496.57102039962774	1990.0501502345141	1	0	1	2.646674962305371
252200.0	2000.0	1790.0501502341228	0.0	0	302.2579575449636	1990.0501502345141	1	0	1	2.646674962305371
253200.0	2000.0	1790.050150234131	0.0	0	619.877212599793	1990.0501502345141	1	0	1	2.646674962305371
254200.0	2000.0	1790.0501502341222	0.0	0	460.0065276614623	1990.0501502345141	1	0	1	2.646674962305371
255200.0	2000.0	1790.0501502341065	0.0	0	403.36141367955133	1990.0501502345141	1	0	1	2.646674962305371
256200.0	2000.0	1790.0501502341217	0.0	0	439.7698049720202	1990.0501502345141	1	0	1	2.646674962305371
257200.0	2000.0	1790.0501502341076	0.0	0	228.83460223395377	1990.0501502345141	1	0	1	2.646674962305371
258200.0	3000.0	1790.0501502341235	0.0	0	237.7931668938254	1990.0501502345433	1	0	1	2.84940751635945
259200.0	3000.0	1790.0501502341265	0.0	0	294.80750692798756	1990.0501502345433	1	0	1	3.2548726244676147
260200.0	3000.0	1790.0501502341344	0.0	0	382.898818849324	1990.0501502345433	1	0	1	3.2548726244676147
261200.0	3000.0	1790.0501502341824	0.0	0	178.9400848072837	1990.0501502345433	1	0	1	3.2548726244676147
262200.0	3000.0	1790.0501502341478	0.0	0	173.83071197595564	1990.0501502345141	1	0	1	3.254872624467618
263200.0	3000.0	1790.0501502342127	0.0	0	320.5583627653541	1990.0501502346015	1	0	1	3.254872624467614
264200.0	3000.0	1790.0501502342047	0.0	0	168.70552275137743	1990.0501502346015	1	0	1	3.25487262446761
265200.0	3000.0	1790.050150234221	0.0	0	219.78393903712276	1990.0501502346015	1	0	1	3.254872624467609
266200.0	3000.0	1790.050150234222	0.0	0	211.570092955546	1990.0501502345433	1	0	1	3.2548726244676147
267222.87870942446	3000.0	1767.171440809771	0.0	0	0.0	1990.0501502346015	1	0	1	3.254872624467609
268414.2535637262	3000.0	1575.7965865080057	0.0	0	0.0	1990.0501502346597	1	0	1	3.2548726244676045
269200.0	3000.0	1790.0501502341722	0.0	0	142.80344209977193	1990.0501502347179	1	0	1	3.2548726244675974
270200.0	3000.0	1790.050150234218	0.0	0	93.89866160170641	1990.0501502347179	1	0	1	3.254872624467601
271200.0	3000.0	1790.0501502342247	0.0	0	197.07056755298981	1990.0501502347179	1	0	1	3.2548726244675974
272200.0	3000.0	1790.0501502342984	0.0	0	78.93684246164048	1990.0501502347179	1	0	1	3.2548726244675974
273378.57165165676	3000.0	1611.4784985774836	0.0	0	0.0	1990.0501502347179	1	0	1	3.2548726244675974
274677.52312840056	3000.0	1312.5270218337237	0.0	0	0.0	1990.050150234776	1	0	1	3.254872624467591
275903.4232452008	3000.0	1086.6269050334329	0.0	0	0.0	1990.050150234776	1	0	1	3.254872624467591
276500.67651929386	2000.0	1489.3736309403278	0.0	0	0.0	1990.050150234776	1	0	1	2.2412098541971797
277206.96586194885	2000.0	1783.0842882854204	0.0	0	0.0	1990.0501502348343	1	0	1	2.6466749623053385
278200.0	2000.0	1790.05015023434	0.0	0	69.75122741534142	1990.0501502348343	1	0	1	2.6466749623053385
279200.0	2000.0	1790.0501502343	0.0	0	309.3619701686548	1990.050150234776	1	0	1	2.6466749623053443
280200.0	2000.0	1790.0501502342663	0.0	0	218.92472871061182	1990.050150234776	1	0	1	2.6466749623053443
281200.0	2000.0	1790.0501502343243	0.0	0	30.300715390592813	1990.050150234776	1	0	1	2.6466749623053443
282200.0	2000.0	1790.0501502344189	0.0	0	333.6962171086343	1990.050150234776	1	0	1	2.6466749623053443
283200.0	2000.0	1790.0501502344175	0.0	0	111.85522283473983	1990.050150234776	1	0	1	2.6466749623053443
284200.0	2000.0	1790.0501502343695	0.0	0	93.16013461106922	1990.050150234776	1	0	1	2.6466749623053443
285200.0	2000.0	1790.0501502343961	0.0	0	355.7860540232505	1990.0501502347179	1	0	1	2.6466749623053505
286200.0	2000.0	1790.0501502343996	0.0	0	256.89383988949703	1990.0501502347179	1	0	1	2.6466749623053505
287200.0	2000.0	1790.0501502343488	0.0	0	298.0414183398243	1990.0501502346597	1	0	1	2.646674962305356
288200.0	2000.0	1790.050150234385	0.0	0	358.93052354850806	1990.0501502346597	1	0	1	2.646674962305356
289200.0	2000.0	1790.0501502343702	0.0	0	370.0795214075479	1990.0501502347179	1	0	1	2.6466749623053505
290200.0	2000.0	1790.0501502343684	0.0	0	470.8232002607547	1990.0501502347179	1	0	1	2.6466749623053505
291200.0	2000.0	1790.0501502343393	0.0	0	294.2023091087467	1990.0501502347179	1	0	1	2.6466749623053505
292200.0	2000.0	1790.0501502342854	0.0	0	380.99731375137344	1990.0501502346597	1	0	1	2.646674962305356
293200.0	2000.0	1790.0501502342884	0.0	0	277.80684926203685	1990.0501502346597	1	0	1	2.646674962305356
294261.909158521	3000.0	1728.1409917132794	0.0	0	0.0	1990.0501502346597	1	0	1	2.849407516359438
295200.0	3000.0	1790.050150234327	0.0	0	213.42299754353007	1990.0501502346597	1	0	1	3.2548726244676027
296229.61937799235	3000.0	1760.4307722420224	0.0	0	0.0	1990.0501502347179	1	0	1	3.2548726244675974
297250.3021837776	3000.0	1739.747966456766	0.0	0	0.0	1990.050150234776	1	0	1	3.2548726244675934
298424.57714885235	3000.0	1565.473001382099	0.0	0	0.0	1990.0501502347179	1	0	1	3.2548726244675974
299379.23429555836	3000.0	1610.8158546760508	0.0	0	0.0	1990.0501502346015	1	0	1	3.2548726244676076
300200.0	3000.0	1790.0501502344416	0.0	0	110.978202044731	1990.0501502346597	1	0	1	3.2548726244676063
3.81	3.97	3.94	3.64	3.86	4.39	3.82	4.73	3.9	3.57	3.83	4.02	3.58	5.39	3.41	4.73	4.95	3.13	3.5	3.45	3.79	4.21	3.28	4.8	3.58	2.72	3.17	3.93	4.8	4.61	3.71	4.85	4.62	2.05	2.37	2.66	3.65	3.1	4.03	3.8	3.48	3.12	4.61	3.3	4.23	3.92	3.49	2.66	3.94	4.86	4.08	2.73	4.77	3.26	3.43	4.22	4.01	4.29	4.05	2.65	2.4	4.01	3.95	2.59	3.45	4.08	3.41	3.08	2.77	2.81	2.84	3.64	4.21	3.21	5.17	3.76	3.49	2.31	2.4	4.71	3.43	4.1	3.79	3.22	3.42	4.3	4.52	2.97	3.41	4.19	4.61	3.15	3.2	2.95	2.63	3.5	4.24	4.22	3.39	4.73	3.96	2.92	3.46	2.95	3.87	4.61	5.34	3.49	4.46	4.66	2.9	3.19	4.8	4.19	3.08	3.71	3.67	4.67	4.56	3.17	2.51	3.41	1.99	3.44	2.95	3.29	2.83	2.41	3.41	2.8	2.65	3.48	3.3	3.35	3.7	3.35	4.49	3.59	3.19	3.7	2.94	4.14	3.1	3.26	3.73	3.19	4.25	4.69	4.0	3.71	3.81	3.97	3.94	3.64	3.86	4.39	3.82	4.73	3.9	3.57	3.83	4.02	3.58	5.39	3.41	4.73	4.95	3.13	3.5	3.45	3.79	4.21	3.28	4.8	3.58	2.72	3.17	3.93	4.8	4.61	3.71	4.85	4.62	2.05	2.37	2.66	3.65	3.1	4.03	3.8	3.48	3.12	4.61	3.3	4.23	3.92	3.49	2.66	3.94	4.86	4.08	2.73	4.77	3.26	3.43	4.22	4.01	4.29	4.05	2.65	2.4	4.01	3.95	2.59	3.45	4.08	3.41	3.08	2.77	2.81	2.84	3.64	4.21	3.21	5.17	3.76	3.49	2.31	2.4	4.71	3.43	4.1	3.79	3.22	3.42	4.3	4.52	2.97	3.41	4.19	4.61	3.15	3.2	2.95	2.63	3.5	4.24	4.22	3.39	4.73	3.96	2.92	3.46	2.95	3.87	4.61	5.34	3.49	4.46	4.66	2.9	3.19	4.8	4.19	3.08	3.71	3.67	4.67	4.56	3.17	2.51	3.41	1.99	3.44	2.95	3.29	2.83	2.41	3.41	2.8	2.65	3.48	3.3	3.35	3.7	3.35	4.49	3.59	3.19	3.7	2.94	4.14	3.1	3.26	3.73	3.19	4.25	4.69	4.0	3.71	3.81
1.0	2.0	3.0	4.0	5.0	6.0	7.0	8.0	9.0	10.0	11.0	12.0	13.0	14.0	15.0	16.0	17.0	18.0	19.0	20.0	21.0	22.0	23.0	24.0	25.0	26.0	27.0	28.0	29.0	30.0	31.0	32.0	33.0	34.0	35.0	36.0	37.0	38.0	39.0	40.0	41.0	42.0	43.0	44.0	45.0	46.0	47.0	48.0	49.0	50.0	51.0	52.0	53.0	54.0	55.0	56.0	57.0	58.0	59.0	60.0	61.0	62.0	63.0	64.0	65.0	66.0	67.0	68.0	69.0	70.0	71.0	72.0	73.0	74.0	75.0	76.0	77.0	78.0	79.0	80.0	81.0	82.0	83.0	84.0	85.0	86.0	87.0	88.0	89.0	90.0	91.0	92.0	93.0	94.0	95.0	96.0	97.0	98.0	99.0	100.0	101.0	102.0	103.0	104.0	105.0	106.0	107.0	108.0	109.0	110.0	111.0	112.0	113.0	114.0	115.0	116.0	117.0	118.0	119.0	120.0	121.0	122.0	123.0	124.0	125.0	126.0	127.0	128.0	129.0	130.0	131.0	132.0	133.0	134.0	135.0	136.0	137.0	138.0	139.0	140.0	141.0	142.0	143.0	144.0	145.0	146.0	147.0	148.0	149.0	149.0	150.0	151.0	152.0	153.0	154.0	155.0	156.0	157.0	158.0	159.0	160.0	161.0	162.0	163.0	164.0	165.0	166.0	167.0	168.0	169.0	170.0	171.0	172.0	173.0	174.0	175.0	176.0	177.0	178.0	179.0	180.0	181.0	182.0	183.0	184.0	185.0	186.0	187.0	188.0	189.0	190.0	191.0	192.0	193.0	194.0	195.0	196.0	197.0	198.0	199.0	200.0	201.0	202.0	203.0	204.0	205.0	206.0	207.0	208.0	209.0	210.0	211.0	212.0	213.0	214.0	215.0	216.0	217.0	218.0	219.0	220.0	221.0	222.0	223.0	224.0	225.0	226.0	227.0	228.0	229.0	230.0	231.0	232.0	233.0	234.0	235.0	236.0	237.0	238.0	239.0	240.0	241.0	242.0	243.0	244.0	245.0	246.0	247.0	248.0	249.0	250.0	251.0	252.0	253.0	254.0	255.0	256.0	257.0	258.0	259.0	260.0	261.0	262.0	263.0	264.0	265.0	266.0	267.0	268.0	269.0	270.0	271.0	272.0	273.0	274.0	275.0	276.0	277.0	278.0	279.0	280.0	281.0	282.0	283.0	284.0	285.0	286.0	287.0	288.0	289.0	290.0	291.0	292.0	293.0	294.0	295.0	296.0	297.0	298.0	298.0	299.0
3989.451929831013
