5555.728781940517	300.0	2000.0	75.70121376915996	0	0.0	5555.728781940517	1	0	1	-1.0086908061045836
5637.333164486812	300.0	2910.2351791990745	0.0	0	0.0	5547.568343685887	1	0	2	-0.954870985211245
5711.037705553589	300.0	3829.1601840256203	0.0	0	0.0	5540.19788957921	1	0	2	-0.7541413318001111
5803.938020623611	300.0	4726.969837448595	0.0	0	0.0	5530.907858072208	1	0	2	-0.7532512950158661
6200.0	300.0	5291.301660134566	0.0	0	312.78889939245346	5491.301660134568	1	0	2	-0.7515209212079663
7200.0	300.0	5191.301660134566	0.0	0	926.1650540993996	5391.301660134568	1	0	2	-0.743130166013457
8200.0	300.0	5091.301660134567	0.0	0	930.2073789830256	5291.301660134568	1	0	2	-0.733130166013457
9200.0	300.0	4991.301660134566	0.0	0	907.5208781795318	5191.301660134568	1	0	2	-0.7231301660134571
10200.0	300.0	4891.301660134569	0.0	0	927.2441146099973	5091.301660134571	1	0	2	-0.7131301660134572
11200.0	300.0	4791.301660134568	0.0	0	922.3534815575276	4991.30166013457	1	0	2	-0.7031301660134573
12200.0	300.0	4691.301660134568	0.0	0	923.3217897389459	4891.30166013457	1	0	2	-0.6931301660134572
13200.0	300.0	4591.301660134569	0.0	0	917.5167027794814	4791.30166013457	1	0	2	-0.6831301660134573
14200.0	300.0	4491.30166013457	0.0	0	934.6992115646881	4691.30166013457	1	0	2	-0.6731301660134572
15200.0	300.0	4391.30166013457	0.0	0	932.3860615116664	4591.301660134575	1	0	2	-0.6631301660134576
16200.0	300.0	4291.301660134568	0.0	0	902.7998332972402	4491.301660134579	1	0	2	-0.6531301660134581
17200.0	300.0	4191.301660134567	0.0	0	899.0388958951953	4391.301660134577	1	0	2	-0.6431301660134581
18200.0	300.0	4091.3016601345657	0.0	0	904.0943621190818	4291.3016601345735	1	0	2	-0.6331301660134578
19200.0	300.0	3991.301660134564	0.0	0	908.6991591453807	4191.301660134572	1	0	2	-0.6231301660134576
20200.0	300.0	3891.301660134564	0.0	0	926.4505078413204	4091.3016601345753	1	0	2	-0.6131301660134576
21200.0	300.0	3791.3016601345644	0.0	0	928.2587775135253	3991.301660134577	1	0	2	-0.6031301660134579
22200.0	300.0	3691.3016601345653	0.0	0	920.9434498925548	3891.3016601345807	1	0	2	-0.5931301660134584
23200.0	300.0	3591.301660134562	0.0	0	919.6045729579091	3791.3016601345844	1	0	2	-0.5831301660134585
24200.0	300.0	3491.3016601345603	0.0	0	913.2982001168239	3691.3016601345807	1	0	2	-0.5731301660134586
25200.0	300.0	3391.3016601345635	0.0	0	900.0383121905106	3591.3016601345807	1	0	2	-0.5631301660134583
26200.0	300.0	3291.301660134564	0.0	0	928.288756701626	3491.3016601345807	1	0	2	-0.5531301660134584
27200.0	300.0	3191.301660134567	0.0	0	921.3837990659667	3391.301660134588	1	0	2	-0.5431301660134586
28200.0	300.0	3091.3016601345753	0.0	0	905.7705672822849	3291.301660134599	1	0	2	-0.53313016601346
29200.0	300.0	2991.301660134576	0.0	0	908.2917785390891	3191.301660134599	1	0	2	-0.5231301660134601
30200.0	300.0	2891.301660134576	0.0	0	902.8349148002235	3091.3016601346026	1	0	2	-0.5131301660134605
31200.0	300.0	2791.3016601345744	0.0	0	904.086005075842	2991.301660134599	1	0	2	-0.5031301660134604
32200.0	300.0	2691.3016601345767	0.0	0	917.1899161031506	2891.301660134606	1	0	2	-0.49313016601346077
33200.0	300.0	2591.3016601345776	0.0	0	922.128744409536	2791.30166013461	1	0	2	-0.48313016601346115
34200.0	300.0	2491.301660134566	0.0	0	929.8964201018462	2691.3016601346026	1	0	2	-0.4731301660134609
35200.0	300.0	2391.301660134559	0.0	0	924.1953418646444	2591.3016601345953	1	0	2	-0.46313016601345997
36200.0	300.0	2291.301660134568	0.0	0	917.229545567905	2491.301660134617	1	0	2	-0.45313016601346107
37200.0	300.0	2191.3016601345666	0.0	0	915.3210451420091	2391.301660134617	1	0	2	-0.44313016601346195
38200.0	300.0	2091.3016601345594	0.0	0	927.3497805716979	2291.30166013461	1	0	2	-0.4331301660134622
39200.0	300.0	1991.301660134566	0.0	0	925.0834545643011	2191.301660134617	1	0	2	-0.4231301660134622
40200.0	300.0	1891.3016601345678	0.0	0	919.9076864400704	2091.3016601346244	1	0	2	-0.41313016601346264
41200.0	500.0	1791.3016601345798	0.0	0	865.8406937784166	1991.3016601346462	1	0	2	-0.1477173541304682
42200.0	1000.0	1791.3016601345853	0.0	0	774.4731882282504	1991.3016601346535	1	0	1	0.7136818599154935
43200.0	1000.0	1791.3016601345914	0.0	0	822.9606416937095	1991.3016601346535	1	0	1	1.606829040475439
44200.0	2000.0	1791.3016601345885	0.0	0	701.5851075397077	1991.3016601346535	1	0	1	1.9534026307554115
45200.0	2000.0	1791.3016601345835	0.0	0	590.5986404900905	1991.3016601346608	1	0	1	2.6465498113153565
46200.0	3000.0	1791.301660134582	0.0	0	393.54062725275435	1991.3016601346608	1	0	1	2.849282365369439
47200.0	3000.0	1791.3016601345844	0.0	0	466.26737751608016	1991.3016601346608	1	0	1	3.2547474734776034
48200.0	3000.0	1791.3016601345812	0.0	0	542.9156363283109	1991.3016601346608	1	0	1	3.2547474734776034
49200.0	3000.0	1791.3016601345853	0.0	0	517.8950640172916	1991.3016601346608	1	0	1	3.2547474734776034
50200.0	3000.0	1791.3016601345853	0.0	0	466.085497374901	1991.3016601346608	1	0	1	3.2547474734776034
51200.0	3000.0	1791.3016601345842	0.0	0	347.2401759408458	1991.3016601346608	1	0	1	3.2547474734776034
52200.0	3000.0	1791.3016601345869	0.0	0	475.395432218771	1991.301660134668	1	0	1	3.254747473477602
53200.0	3000.0	1791.301660134576	0.0	0	417.71354054133553	1991.301660134668	1	0	1	3.254747473477602
54200.0	3000.0	1791.301660134577	0.0	0	501.8654513582878	1991.301660134668	1	0	1	3.254747473477602
55200.0	3000.0	1791.3016601345753	0.0	0	333.31806745840004	1991.3016601346608	1	0	1	3.2547474734776034
56200.0	3000.0	1791.3016601345696	0.0	0	404.7672396541093	1991.3016601346608	1	0	1	3.2547474734776034
57200.0	3000.0	1791.301660134572	0.0	0	406.8292558037865	1991.3016601346608	1	0	1	3.2547474734776034
58200.0	3000.0	1791.3016601345764	0.0	0	512.3335140768104	1991.3016601346608	1	0	1	3.2547474734776034
59200.0	3000.0	1791.301660134581	0.0	0	450.61738735246036	1991.301660134668	1	0	1	3.254747473477602
60200.0	3000.0	1791.3016601345782	0.0	0	545.6346716169792	1991.301660134668	1	0	1	3.254747473477602
61200.0	3000.0	1791.3016601345744	0.0	0	468.3465368327961	1991.301660134668	1	0	1	3.254747473477602
62200.0	3000.0	1791.3016601345769	0.0	0	477.91847436527314	1991.301660134668	1	0	1	3.254747473477602
63200.0	3000.0	1791.301660134579	0.0	0	483.39988774505764	1991.301660134668	1	0	1	3.254747473477602
64200.0	3000.0	1791.3016601345732	0.0	0	557.6136814697311	1991.301660134668	1	0	1	3.254747473477602
65200.0	3000.0	1791.3016601345776	0.0	0	528.3797933755122	1991.3016601346753	1	0	1	3.2547474734776016
66200.0	3000.0	1791.3016601345707	0.0	0	343.72672537199105	1991.3016601346608	1	0	1	3.2547474734776034
67200.0	3000.0	1791.3016601345828	0.0	0	517.4241807361104	1991.3016601346608	1	0	1	3.254747473477604
68200.0	3000.0	1791.301660134578	0.0	0	301.0879037818813	1991.3016601346608	1	0	1	3.2547474734776034
69200.0	3000.0	1791.301660134563	0.0	0	285.12760367833835	1991.3016601346608	1	0	1	3.2547474734776034
70200.0	3000.0	1791.3016601345576	0.0	0	586.0762343442184	1991.3016601346608	1	0	1	3.2547474734776034
71200.0	3000.0	1791.3016601345614	0.0	0	607.5598471872945	1991.3016601346608	1	0	1	3.2547474734776034
72200.0	3000.0	1791.3016601345576	0.0	0	624.3209697889688	1991.3016601346608	1	0	1	3.2547474734776034
73200.0	3000.0	1791.3016601345462	0.0	0	268.31506529072067	1991.3016601346608	1	0	1	3.2547474734776034
74200.0	3000.0	1791.3016601345323	0.0	0	562.14904918916	1991.3016601346608	1	0	1	3.2547474734776034
75200.0	3000.0	1791.301660134508	0.0	0	291.0021600131586	1991.3016601346608	1	0	1	3.2547474734776034
76200.0	3000.0	1791.301660134518	0.0	0	390.82532106214785	1991.3016601346608	1	0	1	3.2547474734776034
77200.0	3000.0	1791.3016601345075	0.0	0	633.6571696582396	1991.3016601346608	1	0	1	3.2547474734776034
78200.0	3000.0	1791.3016601344934	0.0	0	350.9624842560588	1991.3016601346608	1	0	1	3.2547474734776034
79200.0	3000.0	1791.3016601344937	0.0	0	430.4540026084578	1991.3016601346608	1	0	1	3.2547474734776034
80200.0	3000.0	1791.3016601344896	0.0	0	477.6015419570758	1991.3016601346608	1	0	1	3.2547474734776034
81200.0	3000.0	1791.3016601344705	0.0	0	492.20065878049354	1991.3016601346462	1	0	1	3.2547474734776043
82200.0	3000.0	1791.3016601344732	0.0	0	464.4048038001929	1991.3016601346462	1	0	1	3.2547474734776043
83200.0	3000.0	1791.3016601344702	0.0	0	631.7888188845391	1991.3016601346462	1	0	1	3.2547474734776043
84200.0	3000.0	1791.3016601344825	0.0	0	550.2940258540475	1991.3016601346317	1	0	1	3.254747473477606
85200.0	3000.0	1791.3016601344855	0.0	0	474.50518373375235	1991.3016601346462	1	0	1	3.2547474734776043
86200.0	3000.0	1791.3016601344752	0.0	0	359.92147552660026	1991.3016601346462	1	0	1	3.2547474734776043
87200.0	3000.0	1791.3016601344896	0.0	0	561.6470993933035	1991.3016601346462	1	0	1	3.2547474734776043
88200.0	3000.0	1791.3016601345043	0.0	0	625.1811092652788	1991.3016601346608	1	0	1	3.2547474734776034
89200.0	3000.0	1791.301660134501	0.0	0	613.564643416641	1991.3016601346462	1	0	1	3.2547474734776043
90200.0	3000.0	1791.3016601344948	0.0	0	598.3367459458532	1991.3016601346317	1	0	1	3.254747473477606
91587.60030198265	6000.0	1403.7013581518431	0.0	0	0.0	1991.3016601346462	1	0	1	3.601321063757577
92200.0	3000.0	1791.3016601344978	0.0	0	109.46662136516534	1991.3016601346608	1	0	1	2.5616002929176585
93200.0	3000.0	1791.3016601345032	0.0	0	382.73508680837404	1991.3016601346608	1	0	1	3.2547474734776034
94388.4765414854	3000.0	1602.8251186491202	0.0	0	0.0	1991.3016601346608	1	0	1	3.2547474734776034
95200.0	3000.0	1791.3016601345344	0.0	0	150.86910652973165	1991.3016601346608	1	0	1	3.2547474734776034
96200.0	3000.0	1791.3016601345641	0.0	0	588.1878864283499	1991.3016601346608	1	0	1	3.2547474734776034
97200.0	3000.0	1791.3016601345564	0.0	0	508.7902648579184	1991.3016601346462	1	0	1	3.2547474734776043
98200.0	3000.0	1791.3016601345614	0.0	0	199.70266690854623	1991.3016601346462	1	0	1	3.2547474734776043
99200.0	3000.0	1791.3016601345594	0.0	0	207.40307219947863	1991.3016601346462	1	0	1	3.2547474734776043
100200.0	3000.0	1791.301660134575	0.0	0	369.36937458578905	1991.3016601346462	1	0	1	3.2547474734776043
101200.0	3000.0	1791.3016601345694	0.0	0	488.41969575533585	1991.3016601346462	1	0	1	3.2547474734776043
102200.0	3000.0	1791.3016601345657	0.0	0	406.41049263312016	1991.3016601346608	1	0	1	3.2547474734776034
103200.0	3000.0	1791.301660134566	0.0	0	439.0137456487282	1991.3016601346608	1	0	1	3.2547474734776034
104200.0	3000.0	1791.3016601345666	0.0	0	380.5340182614018	1991.3016601346608	1	0	1	3.2547474734776034
105200.0	3000.0	1791.301660134569	0.0	0	575.3052971141733	1991.3016601346608	1	0	1	3.2547474734776034
106200.0	3000.0	1791.3016601345582	0.0	0	432.1169865125121	1991.3016601346608	1	0	1	3.2547474734776034
107200.0	3000.0	1791.3016601345662	0.0	0	573.3870926774689	1991.3016601346608	1	0	1	3.2547474734776034
108200.0	3000.0	1791.3016601345616	0.0	0	480.86974384621135	1991.3016601346608	1	0	1	3.2547474734776034
109200.0	3000.0	1791.3016601345744	0.0	0	401.39838977874024	1991.3016601346608	1	0	1	3.2547474734776034
110200.0	3000.0	1791.3016601345741	0.0	0	278.7848659836309	1991.3016601346608	1	0	1	3.2547474734776034
111200.0	3000.0	1791.301660134572	0.0	0	296.1876081513619	1991.3016601346608	1	0	1	3.2547474734776034
112200.0	3000.0	1791.3016601345546	0.0	0	393.0713637611916	1991.3016601346608	1	0	1	3.2547474734776034
113200.0	3000.0	1791.3016601345412	0.0	0	275.5249534016475	1991.3016601346608	1	0	1	3.2547474734776034
114200.0	3000.0	1791.301660134543	0.0	0	346.7983294756996	1991.3016601346753	1	0	1	3.2547474734776016
115200.0	3000.0	1791.3016601345676	0.0	0	249.57072286448965	1991.3016601346899	1	0	1	3.2547474734776
116200.0	3000.0	1791.3016601345746	0.0	0	254.76678825126146	1991.3016601346899	1	0	1	3.2547474734776
117200.0	3000.0	1791.301660134572	0.0	0	452.78216470591724	1991.3016601347044	1	0	1	3.254747473477599
118200.0	3000.0	1791.301660134574	0.0	0	364.8384121718991	1991.3016601346899	1	0	1	3.2547474734776
119200.0	3000.0	1791.3016601345719	0.0	0	525.1797879853839	1991.3016601346753	1	0	1	3.2547474734776016
120200.0	3000.0	1791.301660134583	0.0	0	192.94434015308798	1991.3016601346608	1	0	1	3.2547474734776034
121200.0	3000.0	1791.301660134607	0.0	0	247.0378410943522	1991.3016601346753	1	0	1	3.2547474734776016
122200.0	3000.0	1791.3016601346092	0.0	0	468.40936638270796	1991.3016601346753	1	0	1	3.2547474734776016
123200.0	3000.0	1791.3016601346192	0.0	0	509.90626127836003	1991.3016601346753	1	0	1	3.2547474734776016
124200.0	3000.0	1791.301660134617	0.0	0	600.0475565920497	1991.3016601346753	1	0	1	3.2547474734776016
125200.0	3000.0	1791.3016601346076	0.0	0	625.681052375061	1991.3016601346753	1	0	1	3.2547474734776016
126200.0	3000.0	1791.3016601345878	0.0	0	552.2647334762005	1991.3016601346753	1	0	1	3.2547474734776016
127200.0	3000.0	1791.3016601345957	0.0	0	600.8483088879439	1991.3016601346753	1	0	1	3.2547474734776016
128200.0	3000.0	1791.3016601345882	0.0	0	499.7356762835261	1991.3016601346753	1	0	1	3.2547474734776016
129200.0	3000.0	1791.3016601345762	0.0	0	638.5240817035228	1991.3016601346899	1	0	1	3.2547474734776
130200.0	3000.0	1791.3016601345685	0.0	0	584.2436511808482	1991.3016601346899	1	0	1	3.2547474734776
131200.0	3000.0	1791.3016601345541	0.0	0	463.2820861040964	1991.3016601346899	1	0	1	3.2547474734776
132200.0	3000.0	1791.3016601345084	0.0	0	619.1955887535587	1991.3016601346317	1	0	1	3.2547474734776043
133200.0	3000.0	1791.301660134501	0.0	0	484.5209877564048	1991.3016601346026	1	0	1	3.2547474734776074
134200.0	3000.0	1791.301660134482	0.0	0	611.7051648060151	1991.3016601346026	1	0	1	3.2547474734776087
135200.0	3000.0	1791.3016601344884	0.0	0	640.3847550806822	1991.3016601345735	1	0	1	3.254747473477612
136200.0	3000.0	1791.301660134469	0.0	0	465.2452594327915	1991.3016601345735	1	0	1	3.254747473477612
137200.0	3000.0	1791.3016601344943	0.0	0	401.9768795015407	1991.3016601345735	1	0	1	3.254747473477612
138200.0	3000.0	1791.3016601344939	0.0	0	420.95607230844325	1991.3016601346026	1	0	1	3.2547474734776087
139200.0	3000.0	1791.3016601344718	0.0	0	609.0402509814885	1991.3016601345735	1	0	1	3.254747473477612
140200.0	3000.0	1791.3016601344764	0.0	0	637.3726601162343	1991.3016601345735	1	0	1	3.254747473477612
141200.0	3000.0	1791.3016601344755	0.0	0	510.8390268557123	1991.3016601345735	1	0	1	3.254747473477612
142200.0	3000.0	1791.301660134485	0.0	0	457.9516169097915	1991.3016601346026	1	0	1	3.2547474734776087
143200.0	3000.0	1791.301660134457	0.0	0	491.23218631133204	1991.3016601346026	1	0	1	3.2547474734776087
144200.0	3000.0	1791.3016601344511	0.0	0	524.4005715030071	1991.3016601346317	1	0	1	3.254747473477606
145200.0	3000.0	1791.3016601344564	0.0	0	614.5007401464391	1991.3016601346317	1	0	1	3.254747473477606
146200.0	3000.0	1791.30166013443	0.0	0	375.7364147156186	1991.3016601346317	1	0	1	3.254747473477606
147200.0	3000.0	1791.3016601344455	0.0	0	335.29105129968957	1991.3016601346317	1	0	1	3.254747473477606
148200.0	3000.0	1791.3016601344382	0.0	0	462.7561842817522	1991.3016601346317	1	0	1	3.254747473477606
149200.0	3000.0	1791.3016601344393	0.0	0	557.0235022400448	1991.3016601346026	1	0	1	3.2547474734776087
150200.0	3000.0	1791.3016601344343	0.0	0	461.7293995512591	1991.3016601346026	1	0	1	3.2547474734776087
151200.0	3000.0	1791.3016601344696	0.0	0	385.18626610186766	1991.3016601346026	1	0	1	3.2547474734776087
152200.0	3000.0	1791.301660134453	0.0	0	433.64048658145475	1991.3016601346026	1	0	1	3.2547474734776087
153200.0	3000.0	1791.3016601344445	0.0	0	321.31433244229993	1991.3016601346026	1	0	1	3.2547474734776087
154200.0	3000.0	1791.301660134415	0.0	0	418.64676666114246	1991.3016601346026	1	0	1	3.2547474734776087
155200.0	3000.0	1791.3016601344118	0.0	0	461.669467854721	1991.3016601346317	1	0	1	3.254747473477606
156200.0	3000.0	1791.301660134421	0.0	0	590.2146703228937	1991.3016601346317	1	0	1	3.254747473477606
157200.0	3000.0	1791.301660134399	0.0	0	430.1739890666504	1991.3016601346317	1	0	1	3.254747473477606
158200.0	3000.0	1791.3016601343816	0.0	0	579.8867871690018	1991.3016601346317	1	0	1	3.254747473477606
159200.0	3000.0	1791.3016601343697	0.0	0	300.7691594507487	1991.3016601346317	1	0	1	3.254747473477606
160200.0	3000.0	1791.3016601343804	0.0	0	377.44060822812025	1991.3016601346317	1	0	1	3.254747473477606
161200.0	3000.0	1791.301660134359	0.0	0	613.657023398322	1991.3016601346317	1	0	1	3.254747473477606
162200.0	3000.0	1791.3016601343513	0.0	0	529.5871829272073	1991.3016601346317	1	0	1	3.254747473477606
163200.0	3000.0	1791.3016601343477	0.0	0	470.5939357106399	1991.3016601346317	1	0	1	3.254747473477606
164200.0	3000.0	1791.301660134316	0.0	0	735.4085416899179	1991.3016601346317	1	0	1	3.254747473477606
165200.0	3000.0	1791.301660134335	0.0	0	455.07586994511075	1991.3016601346608	1	0	1	3.2547474734776043
166200.0	3000.0	1791.3016601343368	0.0	0	417.28679863060825	1991.3016601346608	1	0	1	3.2547474734776034
167200.0	3000.0	1791.3016601343338	0.0	0	490.85780478685047	1991.3016601346317	1	0	1	3.254747473477606
168200.0	3000.0	1791.3016601343415	0.0	0	560.7649188971845	1991.3016601346317	1	0	1	3.254747473477606
169200.0	3000.0	1791.3016601342947	0.0	0	443.7346741835936	1991.3016601346026	1	0	1	3.2547474734776087
170200.0	3000.0	1791.3016601343106	0.0	0	532.1578346310998	1991.3016601346026	1	0	1	3.2547474734776087
171200.0	3000.0	1791.3016601343004	0.0	0	406.19485519768205	1991.3016601345735	1	0	1	3.254747473477612
172200.0	3000.0	1791.3016601343152	0.0	0	657.1129699111043	1991.3016601345735	1	0	1	3.254747473477612
173200.0	3000.0	1791.3016601343304	0.0	0	623.3659167486767	1991.3016601345735	1	0	1	3.254747473477612
174200.0	3000.0	1791.3016601343033	0.0	0	594.9993013022759	1991.3016601345735	1	0	1	3.254747473477612
175200.0	3000.0	1791.3016601342817	0.0	0	656.4367320122547	1991.3016601345735	1	0	1	3.254747473477612
176200.0	3000.0	1791.3016601342822	0.0	0	659.1309462058707	1991.3016601345444	1	0	1	3.254747473477614
177267.20784871455	6000.0	1724.0938114197352	0.0	0	0.0	1991.3016601345444	1	0	1	3.6013210637575876
178200.0	3000.0	1791.3016601342717	0.0	0	290.540464897902	1991.3016601345735	1	0	1	2.5616002929176664
179200.0	3000.0	1791.3016601342865	0.0	0	280.104804843344	1991.3016601346026	1	0	1	3.2547474734776087
180200.0	3000.0	1791.3016601343086	0.0	0	585.8819862965029	1991.3016601346026	1	0	1	3.2547474734776087
181200.0	3000.0	1791.3016601343384	0.0	0	396.42257230365067	1991.3016601346026	1	0	1	3.2547474734776087
182200.0	3000.0	1791.301660134372	0.0	0	457.5892322668806	1991.3016601346317	1	0	1	3.254747473477606
183200.0	3000.0	1791.301660134338	0.0	0	575.3666582656442	1991.3016601346608	1	0	1	3.2547474734776043
184200.0	3000.0	1791.301660134312	0.0	0	432.6740461656882	1991.3016601346608	1	0	1	3.2547474734776034
185200.0	3000.0	1791.3016601343238	0.0	0	404.5958123417222	1991.3016601346608	1	0	1	3.2547474734776034
186200.0	3000.0	1791.3016601343138	0.0	0	567.8133241450705	1991.3016601346317	1	0	1	3.254747473477606
187200.0	3000.0	1791.3016601343274	0.0	0	485.1182112720853	1991.3016601346317	1	0	1	3.254747473477606
188200.0	3000.0	1791.30166013431	0.0	0	572.5547007297282	1991.3016601346317	1	0	1	3.2547474734776083
189200.0	3000.0	1791.3016601342795	0.0	0	303.1169824882236	1991.3016601346317	1	0	1	3.254747473477606
190200.0	3000.0	1791.3016601342886	0.0	0	318.2441424243734	1991.3016601346317	1	0	1	3.254747473477606
191200.0	3000.0	1791.3016601342908	0.0	0	574.2879090730275	1991.3016601346608	1	0	1	3.2547474734776043
192200.0	3000.0	1791.3016601342965	0.0	0	456.397215351637	1991.3016601346608	1	0	1	3.2547474734776034
193200.0	3000.0	1791.301660134287	0.0	0	400.1357495424454	1991.3016601346317	1	0	1	3.254747473477606
194200.0	3000.0	1791.30166013431	0.0	0	458.63103828643216	1991.3016601346317	1	0	1	3.254747473477606
195200.0	3000.0	1791.3016601342988	0.0	0	605.2184492718661	1991.3016601346317	1	0	1	3.254747473477606
196200.0	3000.0	1791.3016601343102	0.0	0	472.1901347437233	1991.3016601346317	1	0	1	3.254747473477606
197200.0	3000.0	1791.3016601342988	0.0	0	585.9459511435416	1991.3016601346317	1	0	1	3.254747473477606
198200.0	3000.0	1791.3016601343213	0.0	0	563.7214852270554	1991.3016601346026	1	0	1	3.2547474734776087
199200.0	3000.0	1791.3016601343015	0.0	0	697.0967781243089	1991.3016601346026	1	0	1	3.2547474734776087
200200.0	3000.0	1791.3016601343063	0.0	0	326.49049380779616	1991.3016601346026	1	0	1	3.2547474734776087
201200.0	3000.0	1791.3016601342713	0.0	0	500.84118980614585	1991.3016601346026	1	0	1	3.2547474734776087
202200.0	3000.0	1791.301660134261	0.0	0	438.7901428103796	1991.3016601346317	1	0	1	3.254747473477606
203200.0	3000.0	1791.3016601342542	0.0	0	564.7635190149012	1991.3016601346317	1	0	1	3.254747473477606
204200.0	3000.0	1791.3016601342458	0.0	0	334.00371323901345	1991.3016601346317	1	0	1	3.254747473477606
205200.0	3000.0	1791.3016601342515	0.0	0	427.26418326594285	1991.3016601346608	1	0	1	3.2547474734776034
206200.0	3000.0	1791.3016601342526	0.0	0	633.0488753312384	1991.3016601346608	1	0	1	3.2547474734776034
207200.0	3000.0	1791.3016601342404	0.0	0	528.4663681857928	1991.3016601346608	1	0	1	3.2547474734776034
208200.0	3000.0	1791.3016601342758	0.0	0	409.004269729543	1991.3016601346899	1	0	1	3.2547474734776
209200.0	3000.0	1791.301660134276	0.0	0	600.8860798191454	1991.3016601346899	1	0	1	3.2547474734776
210200.0	3000.0	1791.3016601343093	0.0	0	586.7259787052462	1991.3016601346899	1	0	1	3.2547474734776
211200.0	3000.0	1791.3016601343131	0.0	0	611.6018956692424	1991.3016601346608	1	0	1	3.254747473477603
212200.0	3000.0	1791.301660134307	0.0	0	521.8459189563582	1991.3016601346317	1	0	1	3.254747473477606
213200.0	3000.0	1791.3016601343156	0.0	0	670.4201899696491	1991.3016601346317	1	0	1	3.254747473477606
214200.0	3000.0	1791.3016601343109	0.0	0	566.7666654837958	1991.3016601346026	1	0	1	3.2547474734776087
215200.0	3000.0	1791.3016601342943	0.0	0	452.1203647769289	1991.3016601346026	1	0	1	3.2547474734776087
216200.0	3000.0	1791.3016601342497	0.0	0	390.31754988152534	1991.3016601345735	1	0	1	3.254747473477612
217200.0	3000.0	1791.3016601342522	0.0	0	274.8552991080214	1991.3016601345735	1	0	1	3.254747473477612
218200.0	3000.0	1791.3016601342406	0.0	0	328.5410891334759	1991.3016601345444	1	0	1	3.254747473477615
219200.0	3000.0	1791.3016601342538	0.0	0	372.57294581716997	1991.3016601345444	1	0	1	3.254747473477615
220200.0	3000.0	1791.3016601342492	0.0	0	600.4733498869755	1991.3016601345153	1	0	1	3.2547474734776176
221200.0	3000.0	1791.3016601342251	0.0	0	496.3678421989898	1991.3016601344862	1	0	1	3.2547474734776207
222200.0	3000.0	1791.3016601342215	0.0	0	472.3544795315829	1991.3016601344862	1	0	1	3.2547474734776207
223200.0	3000.0	1791.3016601342213	0.0	0	453.13486040435964	1991.3016601344862	1	0	1	3.2547474734776207
224200.0	3000.0	1791.3016601342063	0.0	0	252.97984099923633	1991.3016601344862	1	0	1	3.2547474734776207
225200.0	3000.0	1791.3016601341849	0.0	0	486.15418997054803	1991.301660134457	1	0	1	3.2547474734776234
226200.0	3000.0	1791.3016601342106	0.0	0	459.62740465748357	1991.3016601344862	1	0	1	3.2547474734776207
227200.0	3000.0	1791.30166013422	0.0	0	557.5999250824098	1991.3016601345153	1	0	1	3.2547474734776176
228200.0	3000.0	1791.3016601342335	0.0	0	440.60601476594456	1991.3016601344862	1	0	1	3.2547474734776207
229200.0	3000.0	1791.301660134222	0.0	0	535.627000900422	1991.3016601344862	1	0	1	3.2547474734776207
230200.0	3000.0	1791.301660134227	0.0	0	544.8944193754578	1991.3016601344862	1	0	1	3.2547474734776207
231200.0	3000.0	1791.301660134227	0.0	0	593.7369326644694	1991.3016601344862	1	0	1	3.2547474734776207
232200.0	3000.0	1791.3016601342188	0.0	0	669.4482623015065	1991.301660134457	1	0	1	3.254747473477623
233200.0	3000.0	1791.3016601342358	0.0	0	542.7473507607065	1991.301660134457	1	0	1	3.2547474734776234
234200.0	3000.0	1791.3016601342074	0.0	0	343.4873301584739	1991.301660134457	1	0	1	3.2547474734776234
235200.0	3000.0	1791.3016601342217	0.0	0	570.6238017496944	1991.301660134457	1	0	1	3.2547474734776234
236200.0	3000.0	1791.301660134211	0.0	0	559.2803643187799	1991.301660134457	1	0	1	3.2547474734776234
237200.0	3000.0	1791.3016601342379	0.0	0	527.2997706690512	1991.301660134428	1	0	1	3.254747473477626
238200.0	3000.0	1791.3016601342385	0.0	0	564.6088806094776	1991.301660134428	1	0	1	3.254747473477626
239200.0	3000.0	1791.3016601342626	0.0	0	534.42859445262	1991.301660134428	1	0	1	3.254747473477626
240310.09939417033	6000.0	1681.2022659639124	0.0	0	0.0	1991.301660134428	1	0	1	3.601321063757599
241200.0	3000.0	1791.3016601342067	0.0	0	481.71015745634213	1991.3016601343988	1	0	1	2.561600292917684
242200.0	3000.0	1791.3016601341865	0.0	0	575.2911668805173	1991.3016601343697	1	0	1	3.254747473477632
243343.92029430476	3000.0	1647.3813658294268	0.0	0	0.0	1991.3016601343406	1	0	1	3.254747473477635
244200.0	3000.0	1791.301660134197	0.0	0	417.1767612642143	1991.3016601343406	1	0	1	3.254747473477635
245200.0	3000.0	1791.3016601342085	0.0	0	599.9610460186377	1991.3016601343115	1	0	1	3.2547474734776385
246200.0	3000.0	1791.3016601342288	0.0	0	228.0878887916624	1991.3016601343115	1	0	1	3.2547474734776385
247200.0	3000.0	1791.3016601342297	0.0	0	438.7550817167503	1991.3016601343406	1	0	1	3.254747473477635
248200.0	3000.0	1791.3016601342015	0.0	0	296.0357655970147	1991.3016601343406	1	0	1	3.254747473477635
249200.0	3000.0	1791.3016601341917	0.0	0	439.8642590052623	1991.3016601343406	1	0	1	3.254747473477635
250200.0	3000.0	1791.3016601341965	0.0	0	501.30256685518543	1991.3016601343697	1	0	1	3.2547474734776323
251200.0	3000.0	1791.3016601341874	0.0	0	492.90715453989105	1991.3016601343697	1	0	1	3.2547474734776323
252200.0	3000.0	1791.3016601341906	0.0	0	366.7240705002623	1991.3016601343697	1	0	1	3.2547474734776323
253200.0	3000.0	1791.3016601341835	0.0	0	459.10603113789693	1991.3016601343988	1	0	1	3.2547474734776296
254200.0	3000.0	1791.301660134211	0.0	0	409.19188626666437	1991.3016601343697	1	0	1	3.2547474734776323
255200.0	3000.0	1791.3016601341794	0.0	0	456.6471689097525	1991.3016601343697	1	0	1	3.2547474734776323
256200.0	3000.0	1791.3016601341747	0.0	0	592.7657533570018	1991.3016601343697	1	0	1	3.2547474734776323
257200.0	3000.0	1791.3016601341478	0.0	0	710.376275510207	1991.3016601343406	1	0	1	3.2547474734776345
258200.0	3000.0	1791.3016601341662	0.0	0	476.96877783024684	1991.3016601343115	1	0	1	3.2547474734776385
259200.0	3000.0	1791.3016601342151	0.0	0	170.4979544157395	1991.3016601342824	1	0	1	3.254747473477641
260200.0	3000.0	1791.301660134206	0.0	0	209.59552425943548	1991.3016601342533	1	0	1	3.254747473477644
261200.0	3000.0	1791.3016601341844	0.0	0	458.8909243634844	1991.3016601342533	1	0	1	3.254747473477644
262200.0	3000.0	1791.3016601341694	0.0	0	527.3213367735152	1991.3016601342533	1	0	1	3.254747473477644
263200.0	3000.0	1791.301660134154	0.0	0	378.4827772707213	1991.3016601342533	1	0	1	3.254747473477644
264200.0	3000.0	1791.3016601341508	0.0	0	82.6157596859266	1991.3016601342242	1	0	1	3.2547474734776434
265200.0	3000.0	1791.3016601341224	0.0	0	238.40533739130478	1991.3016601342242	1	0	1	3.2547474734776465
266200.0	3000.0	1791.3016601340908	0.0	0	426.4011193017359	1991.3016601342824	1	0	1	3.254747473477641
267200.0	3000.0	1791.3016601340896	0.0	0	602.0176588420873	1991.3016601342824	1	0	1	3.254747473477641
268200.0	3000.0	1791.301660134118	0.0	0	417.18285035627196	1991.3016601342824	1	0	1	3.254747473477641
269200.0	3000.0	1791.3016601340792	0.0	0	133.35804588580504	1991.3016601342242	1	0	1	3.2547474734776465
270200.0	3000.0	1791.3016601340755	0.0	0	320.8067567566759	1991.3016601342242	1	0	1	3.2547474734776465
271200.0	3000.0	1791.3016601340555	0.0	0	560.6497416279744	1991.3016601342242	1	0	1	3.2547474734776465
272200.0	3000.0	1791.3016601340225	0.0	0	510.26083806104725	1991.3016601342824	1	0	1	3.254747473477641
273200.0	3000.0	1791.301660133999	0.0	0	680.7477467121789	1991.3016601342242	1	0	1	3.2547474734776465
274200.0	3000.0	1791.3016601340287	0.0	0	572.699141663441	1991.301660134166	1	0	1	3.2547474734776527
275200.0	3000.0	1791.3016601340526	0.0	0	547.1646855759318	1991.301660134166	1	0	1	3.2547474734776527
276200.0	3000.0	1791.3016601341333	0.0	0	399.7304162008222	1991.3016601342242	1	0	1	3.2547474734776465
277200.0	3000.0	1791.3016601341164	0.0	0	477.61511963343946	1991.3016601342824	1	0	1	3.254747473477641
278200.0	3000.0	1791.3016601340778	0.0	0	539.6665766395745	1991.3016601342824	1	0	1	3.254747473477641
279200.0	3000.0	1791.3016601340416	0.0	0	435.6060101966141	1991.3016601343406	1	0	1	3.254747473477635
280200.0	3000.0	1791.3016601341074	0.0	0	476.327022769372	1991.3016601342824	1	0	1	3.254747473477641
281200.0	3000.0	1791.3016601341067	0.0	0	580.5540566094569	1991.3016601342824	1	0	1	3.254747473477641
282200.0	6000.0	1791.301660134104	0.0	0	434.2415554714971	1991.3016601342824	1	0	1	3.601321063757614
283200.0	6000.0	1791.3016601341358	0.0	0	140.8330742305261	1991.3016601342824	1	0	1	4.294468244317558
284200.0	6000.0	1791.3016601341228	0.0	0	149.08043536677724	1991.3016601342824	1	0	1	4.294468244317558
285200.0	3000.0	1791.3016601341092	0.0	0	427.06020141375484	1991.3016601343406	1	0	1	2.56160029291769
286200.0	3000.0	1791.3016601339982	0.0	0	229.74459767498774	1991.3016601342824	1	0	1	3.254747473477641
287200.0	3000.0	1791.3016601339393	0.0	0	621.1921435872791	1991.3016601342824	1	0	1	3.254747473477641
288200.0	3000.0	1791.3016601339789	0.0	0	484.3974125838722	1991.3016601342824	1	0	1	3.254747473477641
289200.0	3000.0	1791.301660134015	0.0	0	333.837711029395	1991.3016601342824	1	0	1	3.254747473477641
290200.0	3000.0	1791.301660134041	0.0	0	453.64020589808933	1991.3016601342824	1	0	1	3.254747473477641
291200.0	3000.0	1791.3016601340212	0.0	0	561.6210161041236	1991.3016601342824	1	0	1	3.254747473477641
292200.0	3000.0	1791.3016601340282	0.0	0	531.5347566747805	1991.3016601343406	1	0	1	3.2547474734776363
293200.0	3000.0	1791.3016601340148	0.0	0	624.058676218614	1991.3016601342824	1	0	1	3.254747473477641
294200.0	3000.0	1791.3016601340428	0.0	0	546.6262435032986	1991.3016601342824	1	0	1	3.254747473477641
295200.0	3000.0	1791.3016601340532	0.0	0	574.9803941650316	1991.3016601343406	1	0	1	3.254747473477635
296200.0	3000.0	1791.3016601340712	0.0	0	448.4699869672186	1991.3016601343406	1	0	1	3.254747473477635
297200.0	3000.0	1791.3016601341199	0.0	0	439.1398463273654	1991.3016601343988	1	0	1	3.2547474734776296
298200.0	3000.0	1791.3016601341196	0.0	0	551.0841269860393	1991.3016601343988	1	0	1	3.2547474734776296
299200.0	3000.0	1791.301660134074	0.0	0	575.3353283983306	1991.3016601343988	1	0	1	3.2547474734776296
300200.0	3000.0	1791.3016601340637	0.0	0	139.2854593442171	1991.3016601343988	1	0	1	3.2547474734776296
6.44	7.0	6.31	5.99	5.44	7.56	6.6	6.15	8.64	9.72	4.09	5.37	6.36	7.81	6.9	6.92	6.82	7.54	6.22	7.21	8.32	8.24	5.18	5.84	4.97	6.87	6.14	8.91	7.12	4.65	7.43	8.61	6.67	6.75	5.2	6.39	5.63	5.17	6.29	6.58	5.76	8.19	4.98	8.36	7.66	4.93	5.99	6.74	7.4	4.33	6.02	6.89	7.41	6.85	9.07	6.73	6.28	9.17	7.27	5.69	6.19	6.99	3.63	5.8	5.85	6.79	6.28	5.06	5.46	5.54	6.16	6.65	4.67	7.1	7.01	6.54	8.48	7.15	6.48	5.62	6.65	7.34	7.63	9.01	7.46	4.39	7.89	6.16	3.08	6.36	5.6	4.44	4.68	5.07	6.37	7.38	5.66	5.72	6.27	7.16	6.72	9.1	7.88	5.44	4.97	4.93	5.61	5.15	4.03	4.37	5.42	7.63	5.46	5.03	4.75	5.38	6.59	8.21	9.05	7.6	6.46	7.1	5.48	7.85	5.97	6.8	8.79	7.87	7.3	9.13	6.02	4.89	8.02	7.69	6.1	7.05	8.04	5.72	7.51	7.18	4.58	5.83	6.33	6.7	6.16	4.54	5.66	6.51	7.63	5.66	6.44	7.0	6.31	5.99	5.44	7.56	6.6	6.15	8.64	9.72	4.09	5.37	6.36	7.81	6.9	6.92	6.82	7.54	6.22	7.21	8.32	8.24	5.18	5.84	4.97	6.87	6.14	8.91	7.12	4.65	7.43	8.61	6.67	6.75	5.2	6.39	5.63	5.17	6.29	6.58	5.76	8.19	4.98	8.36	7.66	4.93	5.99	6.74	7.4	4.33	6.02	6.89	7.41	6.85	9.07	6.73	6.28	9.17	7.27	5.69	6.19	6.99	3.63	5.8	5.85	6.79	6.28	5.06	5.46	5.54	6.16	6.65	4.67	7.1	7.01	6.54	8.48	7.15	6.48	5.62	6.65	7.34	7.63	9.01	7.46	4.39	7.89	6.16	3.08	6.36	5.6	4.44	4.68	5.07	6.37	7.38	5.66	5.72	6.27	7.16	6.72	9.1	7.88	5.44	4.97	4.93	5.61	5.15	4.03	4.37	5.42	7.63	5.46	5.03	4.75	5.38	6.59	8.21	9.05	7.6	6.46	7.1	5.48	7.85	5.97	6.8	8.79	7.87	7.3	9.13	6.02	4.89	8.02	7.69	6.1	7.05	8.04	5.72	7.51	7.18	4.58	5.83	6.33	6.7	6.16	4.54	5.66	6.51
1.0	2.0	3.0	4.0	5.0	6.0	7.0	8.0	9.0	10.0	11.0	12.0	13.0	14.0	15.0	16.0	17.0	18.0	19.0	20.0	21.0	22.0	23.0	24.0	25.0	26.0	27.0	28.0	29.0	30.0	31.0	32.0	33.0	34.0	35.0	36.0	37.0	38.0	39.0	40.0	41.0	42.0	43.0	44.0	45.0	46.0	47.0	48.0	49.0	50.0	51.0	52.0	53.0	54.0	55.0	56.0	57.0	58.0	59.0	60.0	61.0	62.0	63.0	64.0	65.0	66.0	67.0	68.0	69.0	70.0	71.0	72.0	73.0	74.0	75.0	76.0	77.0	78.0	79.0	80.0	81.0	82.0	83.0	84.0	85.0	86.0	87.0	88.0	89.0	90.0	91.0	92.0	93.0	94.0	95.0	96.0	97.0	98.0	99.0	100.0	101.0	102.0	103.0	104.0	105.0	106.0	107.0	108.0	109.0	110.0	111.0	112.0	113.0	114.0	115.0	116.0	117.0	118.0	119.0	120.0	121.0	122.0	123.0	124.0	125.0	126.0	127.0	128.0	129.0	130.0	131.0	132.0	133.0	134.0	135.0	136.0	137.0	138.0	139.0	140.0	141.0	142.0	143.0	144.0	145.0	146.0	147.0	148.0	149.0	149.0	150.0	151.0	152.0	153.0	154.0	155.0	156.0	157.0	158.0	159.0	160.0	161.0	162.0	163.0	164.0	165.0	166.0	167.0	168.0	169.0	170.0	171.0	172.0	173.0	174.0	175.0	176.0	177.0	178.0	179.0	180.0	181.0	182.0	183.0	184.0	185.0	186.0	187.0	188.0	189.0	190.0	191.0	192.0	193.0	194.0	195.0	196.0	197.0	198.0	199.0	200.0	201.0	202.0	203.0	204.0	205.0	206.0	207.0	208.0	209.0	210.0	211.0	212.0	213.0	214.0	215.0	216.0	217.0	218.0	219.0	220.0	221.0	222.0	223.0	224.0	225.0	226.0	227.0	228.0	229.0	230.0	231.0	232.0	233.0	234.0	235.0	236.0	237.0	238.0	239.0	240.0	241.0	242.0	243.0	244.0	245.0	246.0	247.0	248.0	249.0	250.0	251.0	252.0	253.0	254.0	255.0	256.0	257.0	258.0	259.0	260.0	261.0	262.0	263.0	264.0	265.0	266.0	267.0	268.0	269.0	270.0	271.0	272.0	273.0	274.0	275.0	276.0	277.0	278.0	279.0	280.0	281.0	282.0	283.0	284.0	285.0	286.0	287.0	288.0	289.0	290.0	291.0	292.0	293.0	294.0	295.0	296.0	297.0
5404.614283128649
