4812.079693095797	300.0	2000.0	57.029579140489524	0	0.0	4812.079693095797	1	0	1	-0.8227842301594294
4890.317012229566	300.0	2913.9389489528544	0.0	0	0.0	4804.255961182421	1	0	2	-0.880544344066809
4961.994459218949	300.0	3835.0937572645335	0.0	0	0.0	4797.088216483482	1	0	2	-0.6797986586509006
5200.0	300.0	4573.287662405376	0.0	0	173.5737133776447	4773.287662405376	1	0	2	-0.6788052428329105
6200.0	300.0	4473.287662405377	0.0	0	933.2982016455126	4673.287662405376	1	0	2	-0.6713287662405378
7200.0	300.0	4373.287662405376	0.0	0	915.6980789990885	4573.287662405375	1	0	2	-0.6613287662405378
8200.0	300.0	4273.287662405374	0.0	0	907.6959900323263	4473.287662405376	1	0	2	-0.6513287662405378
9200.0	300.0	4173.287662405373	0.0	0	919.4104906570119	4373.287662405374	1	0	2	-0.6413287662405378
10200.0	300.0	4073.2876624053724	0.0	0	943.4032389750028	4273.287662405373	1	0	2	-0.6313287662405375
11200.0	300.0	3973.2876624053742	0.0	0	938.1599006895176	4173.287662405376	1	0	2	-0.6213287662405378
12200.0	300.0	3873.287662405374	0.0	0	900.0382210979405	4073.2876624053724	1	0	2	-0.6113287662405376
13200.0	300.0	3773.287662405372	0.0	0	925.1078798897888	3973.2876624053697	1	0	2	-0.6013287662405373
14200.0	300.0	3673.287662405372	0.0	0	935.0385654009606	3873.2876624053697	1	0	2	-0.5913287662405373
15200.0	300.0	3573.287662405374	0.0	0	936.5073092663042	3773.2876624053715	1	0	2	-0.5813287662405373
16200.0	300.0	3473.2876624053742	0.0	0	946.6091771114989	3673.2876624053715	1	0	2	-0.5713287662405374
17200.0	300.0	3373.2876624053765	0.0	0	940.5932109469722	3573.287662405379	1	0	2	-0.5613287662405378
18200.0	300.0	3273.287662405378	0.0	0	932.308213294913	3473.287662405379	1	0	2	-0.5513287662405381
19200.0	300.0	3173.2876624053733	0.0	0	935.4698063649557	3373.2876624053697	1	0	2	-0.5413287662405376
20200.0	300.0	3073.2876624053756	0.0	0	934.9070933293224	3273.287662405368	1	0	2	-0.531328766240537
21200.0	300.0	2973.287662405379	0.0	0	917.5575019769713	3173.2876624053715	1	0	2	-0.5213287662405371
22200.0	300.0	2873.2876624053824	0.0	0	935.1272908573119	3073.2876624053715	1	0	2	-0.5113287662405375
23200.0	300.0	2773.287662405381	0.0	0	926.6920591407688	2973.287662405375	1	0	2	-0.5013287662405373
24200.0	300.0	2673.287662405382	0.0	0	937.5273369827373	2873.287662405375	1	0	2	-0.4913287662405377
25200.0	300.0	2573.287662405382	0.0	0	928.4749429786316	2773.2876624053715	1	0	2	-0.4813287662405376
26200.0	300.0	2473.2876624053806	0.0	0	913.4816431906947	2673.2876624053715	1	0	2	-0.47132876624053743
27200.0	300.0	2373.287662405381	0.0	0	923.6141605627854	2573.287662405375	1	0	2	-0.46132876624053776
28200.0	300.0	2273.287662405382	0.0	0	943.1443835760329	2473.287662405379	1	0	2	-0.451328766240538
29200.0	300.0	2173.287662405381	0.0	0	929.546864738084	2373.2876624053824	1	0	2	-0.44132876624053824
30200.0	300.0	2073.287662405379	0.0	0	922.0708817616796	2273.287662405379	1	0	2	-0.4313287662405384
31200.0	300.0	1973.2876624053802	0.0	0	921.1776299573139	2173.2876624053824	1	0	2	-0.4213287662405384
32200.0	300.0	1873.2876624053804	0.0	0	931.6545073111411	2073.2876624053824	1	0	2	-0.41132876624053816
33200.0	500.0	1773.2876624053763	0.0	0	912.0895938417561	1973.2876624053788	1	0	2	-0.1459159543575429
34200.0	1000.0	1773.2876624053736	0.0	0	826.1225514393154	1973.2876624053715	1	0	1	0.7154832596884213
35200.0	1000.0	1773.2876624053717	0.0	0	814.7462638835932	1973.2876624053752	1	0	1	1.6086304402483669
36200.0	2000.0	1773.287662405368	0.0	0	604.4241575421838	1973.2876624053752	1	0	1	1.9552040305283394
37200.0	3000.0	1773.2876624053617	0.0	0	536.1752540775269	1973.2876624053679	1	0	1	2.8510837651423673
38200.0	3000.0	1773.287662405367	0.0	0	594.0386789063705	1973.2876624053679	1	0	1	3.256548873250532
39200.0	3000.0	1773.2876624053638	0.0	0	501.5651672982058	1973.2876624053606	1	0	1	3.2565488732505323
40200.0	3000.0	1773.2876624053645	0.0	0	304.6561876232663	1973.2876624053533	1	0	1	3.2565488732505337
41200.0	3000.0	1773.2876624053679	0.0	0	540.2838476272082	1973.2876624053533	1	0	1	3.2565488732505337
42200.0	3000.0	1773.2876624053717	0.0	0	684.4393964321571	1973.2876624053533	1	0	1	3.2565488732505337
43200.0	3000.0	1773.287662405366	0.0	0	618.6071448856383	1973.287662405346	1	0	1	3.2565488732505345
44200.0	6000.0	1773.2876624053606	0.0	0	252.82474737841403	1973.2876624053533	1	0	1	3.6031224635305064
45200.0	6000.0	1773.2876624053615	0.0	0	248.32535752550757	1973.287662405346	1	0	1	4.296269644090452
46200.0	6000.0	1773.2876624053565	0.0	0	333.9963317144575	1973.287662405346	1	0	1	4.296269644090452
47200.0	6000.0	1773.28766240536	0.0	0	279.5547866058041	1973.2876624053533	1	0	1	4.296269644090451
48200.0	6000.0	1773.287662405362	0.0	0	399.01387700664054	1973.2876624053606	1	0	1	4.296269644090451
49200.0	6000.0	1773.2876624053636	0.0	0	414.3014961915251	1973.2876624053606	1	0	1	4.296269644090451
50200.0	6000.0	1773.287662405367	0.0	0	395.9323033797191	1973.2876624053606	1	0	1	4.296269644090451
51200.0	6000.0	1773.2876624053688	0.0	0	360.95069882621465	1973.2876624053533	1	0	1	4.296269644090451
52200.0	6000.0	1773.2876624053736	0.0	0	256.97244895991025	1973.2876624053533	1	0	1	4.296269644090451
53200.0	6000.0	1773.2876624053808	0.0	0	217.95234022060322	1973.2876624053533	1	0	1	4.296269644090451
54200.0	6000.0	1773.2876624053702	0.0	0	330.4791351331078	1973.287662405346	1	0	1	4.296269644090452
55200.0	6000.0	1773.2876624053777	0.0	0	60.65691462034738	1973.2876624053533	1	0	1	4.296269644090451
56200.0	6000.0	1773.2876624053774	0.0	0	322.9179328755854	1973.2876624053533	1	0	1	4.296269644090451
57200.0	6000.0	1773.2876624053836	0.0	0	363.5255598236108	1973.2876624053533	1	0	1	4.296269644090451
58200.0	6000.0	1773.2876624053813	0.0	0	426.6419739585108	1973.2876624053533	1	0	1	4.296269644090451
59200.0	6000.0	1773.287662405382	0.0	0	345.70664050424966	1973.2876624053533	1	0	1	4.296269644090451
60217.48165397539	6000.0	1755.8060084299993	0.0	0	0.0	1973.2876624053533	1	0	1	4.296269644090451
61200.0	6000.0	1773.2876624053833	0.0	0	24.982689631659014	1973.2876624053533	1	0	1	4.296269644090451
62246.353329757374	6000.0	1726.9343326480082	0.0	0	0.0	1973.2876624053533	1	0	1	4.296269644090451
63200.0	6000.0	1773.2876624053858	0.0	0	243.95544823659293	1973.2876624053606	1	0	1	4.296269644090451
64200.0	6000.0	1773.2876624053931	0.0	0	393.39953192023677	1973.2876624053606	1	0	1	4.296269644090451
65200.0	6000.0	1773.2876624053922	0.0	0	97.35015818414831	1973.2876624053606	1	0	1	4.296269644090451
66200.0	6000.0	1773.287662405387	0.0	0	315.31653727065714	1973.2876624053606	1	0	1	4.29626964409045
67200.0	6000.0	1773.2876624053984	0.0	0	45.42726470156049	1973.2876624053824	1	0	1	4.296269644090449
68222.50552146153	6000.0	1750.7821409438534	0.0	0	0.0	1973.2876624053752	1	0	1	4.296269644090449
69200.0	6000.0	1773.2876624053872	0.0	0	254.7079751265701	1973.2876624053897	1	0	1	4.296269644090448
70200.0	6000.0	1773.2876624053915	0.0	0	210.62779090910044	1973.2876624053897	1	0	1	4.296269644090448
71200.0	6000.0	1773.2876624053936	0.0	0	267.4566138814116	1973.2876624053897	1	0	1	4.296269644090448
72200.0	6000.0	1773.2876624054104	0.0	0	163.85464907891583	1973.2876624053897	1	0	1	4.296269644090448
73200.0	6000.0	1773.287662405396	0.0	0	232.56908032133651	1973.2876624053897	1	0	1	4.296269644090448
74200.0	6000.0	1773.2876624054047	0.0	0	307.80331511227996	1973.2876624053897	1	0	1	4.296269644090448
75200.0	6000.0	1773.287662405406	0.0	0	450.14296700200066	1973.2876624053897	1	0	1	4.296269644090448
76200.0	6000.0	1773.2876624054006	0.0	0	37.01747530423745	1973.2876624053897	1	0	1	4.296269644090448
77200.0	6000.0	1773.2876624053943	0.0	0	248.44911032398522	1973.2876624053897	1	0	1	4.296269644090448
78200.0	6000.0	1773.2876624053968	0.0	0	408.347237987502	1973.2876624053752	1	0	1	4.296269644090449
79200.0	6000.0	1773.2876624053874	0.0	0	258.9569719173887	1973.2876624053752	1	0	1	4.296269644090449
80344.95588166906	6000.0	1628.331780736323	0.0	0	0.0	1973.2876624053752	1	0	1	4.296269644090449
81541.47251569902	6000.0	1431.8151467063606	0.0	0	0.0	1973.2876624053752	1	0	1	4.296269644090449
82533.87680853611	6000.0	1439.4108538692556	0.0	0	0.0	1973.2876624053752	1	0	1	4.296269644090449
83200.0	6000.0	1773.2876624053583	0.0	0	47.77147701362264	1973.2876624053752	1	0	1	4.296269644090449
84200.0	6000.0	1773.2876624053615	0.0	0	490.21453828904487	1973.2876624053752	1	0	1	4.296269644090449
85200.0	6000.0	1773.2876624053577	0.0	0	523.33232796019	1973.2876624053752	1	0	1	4.296269644090449
86200.0	6000.0	1773.287662405343	0.0	0	314.9030035313044	1973.2876624053752	1	0	1	4.296269644090449
87200.0	6000.0	1773.2876624053401	0.0	0	453.6125110516732	1973.2876624053752	1	0	1	4.296269644090449
88200.0	6000.0	1773.2876624053283	0.0	0	272.40235154281254	1973.2876624053752	1	0	1	4.296269644090449
89200.0	6000.0	1773.2876624053195	0.0	0	420.40390786979697	1973.2876624053752	1	0	1	4.296269644090449
90200.0	6000.0	1773.287662405314	0.0	0	145.2108516064909	1973.2876624053752	1	0	1	4.296269644090449
91200.0	6000.0	1773.2876624053147	0.0	0	350.75883223656274	1973.2876624053752	1	0	1	4.296269644090449
92200.0	6000.0	1773.2876624053258	0.0	0	528.2173018441827	1973.2876624053752	1	0	1	4.296269644090449
93200.0	6000.0	1773.2876624053233	0.0	0	290.55081282438186	1973.2876624053752	1	0	1	4.296269644090449
94256.57748200245	6000.0	1716.7101804028753	0.0	0	0.0	1973.2876624053752	1	0	1	4.296269644090449
95356.92177029017	6000.0	1616.3658921151487	0.0	0	0.0	1973.2876624053752	1	0	1	4.296269644090449
96200.0	6000.0	1773.2876624053333	0.0	0	61.17846288118744	1973.2876624053752	1	0	1	4.296269644090449
97200.0	6000.0	1773.2876624053317	0.0	0	369.25105881014315	1973.2876624053752	1	0	1	4.296269644090449
98200.0	6000.0	1773.2876624053235	0.0	0	239.4882178996486	1973.2876624053752	1	0	1	4.296269644090449
99200.0	6000.0	1773.2876624053288	0.0	0	404.46710921062913	1973.2876624053897	1	0	1	4.296269644090448
100200.0	6000.0	1773.287662405326	0.0	0	244.72607987880474	1973.2876624054043	1	0	1	4.296269644090446
101239.50995009333	6000.0	1733.7777123119965	0.0	0	0.0	1973.2876624054043	1	0	1	4.296269644090446
102200.0	6000.0	1773.2876624053306	0.0	0	309.5163809158694	1973.2876624054043	1	0	1	4.296269644090446
103200.0	6000.0	1773.2876624053347	0.0	0	394.30556401380454	1973.2876624054043	1	0	1	4.296269644090446
104200.0	6000.0	1773.2876624053333	0.0	0	404.1376030944957	1973.2876624054043	1	0	1	4.296269644090446
105200.0	6000.0	1773.2876624053288	0.0	0	87.77032858553866	1973.2876624053897	1	0	1	4.296269644090448
106200.0	6000.0	1773.287662405345	0.0	0	188.4641335086344	1973.2876624053897	1	0	1	4.296269644090448
107200.0	6000.0	1773.2876624053342	0.0	0	265.06292971453513	1973.2876624053897	1	0	1	4.296269644090448
108200.0	6000.0	1773.287662405346	0.0	0	251.71230476221535	1973.2876624054043	1	0	1	4.296269644090446
109200.0	6000.0	1773.2876624053429	0.0	0	280.56702479299565	1973.2876624054043	1	0	1	4.296269644090446
110280.6325010655	6000.0	1692.6551613398478	0.0	0	0.0	1973.2876624054043	1	0	1	4.296269644090446
111200.0	6000.0	1773.2876624053501	0.0	0	63.120091035729274	1973.2876624054043	1	0	1	4.296269644090446
112247.74476392735	6000.0	1725.5428984779992	0.0	0	0.0	1973.2876624054043	1	0	1	4.296269644090446
113231.23275057813	6000.0	1742.0549118272015	0.0	0	0.0	1973.2876624053897	1	0	1	4.296269644090448
114200.0	6000.0	1773.2876624053374	0.0	0	212.20566740745562	1973.2876624053897	1	0	1	4.296269644090448
115200.0	6000.0	1773.2876624053406	0.0	0	370.4348283922154	1973.2876624053752	1	0	1	4.296269644090449
116200.0	6000.0	1773.2876624053335	0.0	0	260.2514139917621	1973.2876624053606	1	0	1	4.296269644090451
117200.0	6000.0	1773.287662405312	0.0	0	384.87152661030996	1973.2876624053606	1	0	1	4.296269644090451
118200.0	6000.0	1773.2876624053133	0.0	0	579.7639471666334	1973.2876624053606	1	0	1	4.296269644090451
119200.0	6000.0	1773.2876624053192	0.0	0	162.26815948545118	1973.287662405346	1	0	1	4.296269644090452
120425.33540615588	6000.0	1547.952256249439	0.0	0	0.0	1973.287662405346	1	0	1	4.296269644090452
121318.0925894521	6000.0	1655.1950729532152	0.0	0	0.0	1973.287662405346	1	0	1	4.296269644090452
122325.16779926735	6000.0	1648.1198631379734	0.0	0	0.0	1973.287662405346	1	0	1	4.296269644090452
123368.3028398654	6000.0	1604.9848225399235	0.0	0	0.0	1973.287662405346	1	0	1	4.296269644090452
124200.0	6000.0	1773.2876624053222	0.0	0	201.68296248230035	1973.2876624053606	1	0	1	4.296269644090451
125200.0	6000.0	1773.2876624053326	0.0	0	196.33756912211538	1973.2876624053606	1	0	1	4.296269644090451
126200.0	6000.0	1773.2876624053526	0.0	0	370.7940677329316	1973.2876624053752	1	0	1	4.296269644090449
127200.0	6000.0	1773.2876624053447	0.0	0	373.35340411214565	1973.2876624053752	1	0	1	4.296269644090449
128200.0	6000.0	1773.2876624053372	0.0	0	311.9622022512485	1973.2876624053606	1	0	1	4.296269644090451
129200.0	6000.0	1773.2876624053288	0.0	0	406.82479670502653	1973.2876624053606	1	0	1	4.296269644090451
130200.0	6000.0	1773.2876624053108	0.0	0	132.21515407237166	1973.287662405346	1	0	1	4.296269644090452
131200.0	6000.0	1773.2876624053092	0.0	0	59.36253019107971	1973.2876624053606	1	0	1	4.296269644090452
132200.0	6000.0	1773.2876624053047	0.0	0	223.9594821536739	1973.287662405346	1	0	1	4.296269644090452
133200.0	6000.0	1773.2876624053213	0.0	0	118.85729351389455	1973.2876624053752	1	0	1	4.296269644090451
134200.0	6000.0	1773.2876624053329	0.0	0	135.4802830388653	1973.2876624053752	1	0	1	4.296269644090449
135200.0	6000.0	1773.2876624053063	0.0	0	128.7782419086725	1973.2876624053752	1	0	1	4.296269644090449
136468.4364089641	6000.0	1504.8512534412412	0.0	0	0.0	1973.2876624053752	1	0	1	4.296269644090449
137200.0	6000.0	1773.2876624053606	0.0	0	90.58295602595899	1973.2876624054043	1	0	1	4.296269644090446
138200.0	6000.0	1773.2876624053843	0.0	0	384.8038447794097	1973.2876624054043	1	0	1	4.296269644090446
139200.0	6000.0	1773.28766240539	0.0	0	377.27806901722215	1973.2876624054334	1	0	1	4.296269644090444
140200.0	6000.0	1773.287662405404	0.0	0	2.332679852115689	1973.2876624054334	1	0	1	4.296269644090444
141200.0	6000.0	1773.2876624054206	0.0	0	20.143565476348158	1973.2876624054334	1	0	1	4.296269644090444
142200.0	6000.0	1773.287662405416	0.0	0	90.56352141173556	1973.2876624054334	1	0	1	4.296269644090444
143200.0	6000.0	1773.2876624054572	0.0	0	390.1899919924326	1973.2876624054334	1	0	1	4.296269644090444
144200.0	6000.0	1773.2876624054568	0.0	0	236.28935618323158	1973.2876624054334	1	0	1	4.296269644090444
145200.0	6000.0	1773.28766240545	0.0	0	61.86797171694343	1973.2876624054334	1	0	1	4.296269644090444
146200.0	6000.0	1773.2876624054054	0.0	0	70.1376722160494	1973.2876624054334	1	0	1	4.296269644090444
147200.0	6000.0	1773.2876624054352	0.0	0	390.29285738195176	1973.2876624054334	1	0	1	4.296269644090444
148200.0	6000.0	1773.2876624054345	0.0	0	338.5468949631613	1973.2876624054043	1	0	1	4.296269644090446
149200.0	6000.0	1773.2876624054181	0.0	0	219.43332108846516	1973.2876624054043	1	0	1	4.296269644090446
150200.0	6000.0	1773.2876624054313	0.0	0	170.1532306324807	1973.2876624054043	1	0	1	4.296269644090446
151200.0	6000.0	1773.2876624054165	0.0	0	270.26719231318566	1973.2876624054043	1	0	1	4.296269644090446
152200.0	6000.0	1773.2876624054145	0.0	0	77.16240685415687	1973.2876624054043	1	0	1	4.296269644090446
153200.0	6000.0	1773.2876624054363	0.0	0	236.40162949915975	1973.2876624054043	1	0	1	4.296269644090446
154200.0	6000.0	1773.28766240545	0.0	0	198.0401483415044	1973.2876624054043	1	0	1	4.296269644090446
155200.0	6000.0	1773.287662405438	0.0	0	271.93749903223943	1973.287662405346	1	0	1	4.296269644090451
156200.0	6000.0	1773.2876624054468	0.0	0	278.2507520848594	1973.287662405346	1	0	1	4.296269644090452
157200.0	6000.0	1773.2876624054466	0.0	0	77.54299205672578	1973.287662405346	1	0	1	4.296269644090452
158200.0	6000.0	1773.2876624054302	0.0	0	124.02489713701652	1973.287662405346	1	0	1	4.296269644090452
159200.0	6000.0	1773.2876624054506	0.0	0	262.2894380268699	1973.287662405346	1	0	1	4.296269644090452
160200.0	6000.0	1773.2876624054545	0.0	0	34.20258884283248	1973.287662405317	1	0	1	4.296269644090454
161206.16053846086	6000.0	1767.127123944592	0.0	0	0.0	1973.287662405317	1	0	1	4.296269644090455
162200.0	6000.0	1773.2876624054356	0.0	0	159.88981834298465	1973.287662405317	1	0	1	4.296269644090455
163200.0	6000.0	1773.287662405429	0.0	0	578.2791163761285	1973.287662405317	1	0	1	4.296269644090455
164200.0	6000.0	1773.287662405426	0.0	0	414.25811962457374	1973.287662405317	1	0	1	4.296269644090455
165200.0	6000.0	1773.2876624054086	0.0	0	545.0423251885513	1973.287662405317	1	0	1	4.296269644090455
166200.0	6000.0	1773.2876624054225	0.0	0	415.22641618410125	1973.287662405317	1	0	1	4.296269644090455
167200.0	6000.0	1773.2876624054368	0.0	0	443.46352096271585	1973.287662405317	1	0	1	4.296269644090455
168200.0	6000.0	1773.287662405436	0.0	0	386.99435062421253	1973.287662405317	1	0	1	4.296269644090455
169200.0	6000.0	1773.28766240544	0.0	0	248.63119032193208	1973.287662405317	1	0	1	4.296269644090455
170200.0	6000.0	1773.287662405434	0.0	0	71.09553191016312	1973.287662405317	1	0	1	4.296269644090455
171200.0	6000.0	1773.2876624053956	0.0	0	194.889526190178	1973.287662405317	1	0	1	4.296269644090455
172200.0	6000.0	1773.2876624053972	0.0	0	285.13070710530155	1973.287662405317	1	0	1	4.296269644090455
173200.0	6000.0	1773.2876624053808	0.0	0	145.37463320980896	1973.287662405346	1	0	1	4.296269644090453
174200.0	6000.0	1773.2876624053656	0.0	0	358.6059633126133	1973.287662405346	1	0	1	4.296269644090452
175333.85642531788	6000.0	1639.4312370875095	0.0	0	0.0	1973.287662405346	1	0	1	4.296269644090452
176200.0	6000.0	1773.287662405369	0.0	0	88.55960423263605	1973.287662405346	1	0	1	4.296269644090452
177200.0	6000.0	1773.287662405413	0.0	0	324.4403877448058	1973.2876624053752	1	0	1	4.296269644090449
178200.0	6000.0	1773.287662405389	0.0	0	11.731133603141643	1973.2876624053752	1	0	1	4.296269644090449
179200.0	6000.0	1773.287662405395	0.0	0	242.9364994285279	1973.2876624053752	1	0	1	4.296269644090449
180200.0	6000.0	1773.287662405419	0.0	0	178.79345452328562	1973.2876624053752	1	0	1	4.296269644090449
181200.0	6000.0	1773.2876624053922	0.0	0	6.645200908387778	1973.2876624053752	1	0	1	4.296269644090449
182200.0	6000.0	1773.287662405392	0.0	0	201.35285142040811	1973.2876624053752	1	0	1	4.296269644090449
183200.0	6000.0	1773.2876624054077	0.0	0	202.53442264342448	1973.2876624054043	1	0	1	4.296269644090446
184200.0	6000.0	1773.2876624054256	0.0	0	226.95779330318328	1973.2876624054043	1	0	1	4.296269644090446
185200.0	6000.0	1773.2876624054268	0.0	0	92.17539853529888	1973.2876624054043	1	0	1	4.296269644090446
186200.34926950998	6000.0	1772.9383928954342	0.0	0	0.0	1973.2876624053752	1	0	1	4.296269644090449
187200.0	6000.0	1773.2876624054247	0.0	0	227.92970767625957	1973.2876624053752	1	0	1	4.296269644090449
188457.19991705302	6000.0	1516.087745352392	0.0	0	0.0	1973.2876624053752	1	0	1	4.296269644090449
189200.0	3000.0	1773.2876624054138	0.0	0	230.98137130902614	1973.2876624054043	1	0	1	2.563401692690584
190200.0	3000.0	1773.2876624054115	0.0	0	634.208583400381	1973.2876624054043	1	0	1	3.2565488732505288
191200.0	6000.0	1773.287662405417	0.0	0	512.3914620763389	1973.2876624053752	1	0	1	3.603122463530504
192200.0	6000.0	1773.2876624054056	0.0	0	116.9835930672707	1973.2876624053752	1	0	1	4.296269644090449
193200.0	6000.0	1773.2876624053945	0.0	0	293.6804090134974	1973.287662405346	1	0	1	4.296269644090451
194200.0	6000.0	1773.287662405368	0.0	0	468.8878540196165	1973.287662405346	1	0	1	4.296269644090452
195200.0	6000.0	1773.2876624054088	0.0	0	287.0608653287054	1973.2876624053752	1	0	1	4.29626964409045
196200.0	6000.0	1773.2876624053854	0.0	0	228.6540162053716	1973.287662405346	1	0	1	4.296269644090452
197200.0	6000.0	1773.2876624053831	0.0	0	279.76231663054205	1973.287662405346	1	0	1	4.296269644090452
198200.0	6000.0	1773.2876624053977	0.0	0	374.3062472282036	1973.287662405346	1	0	1	4.296269644090452
199200.0	6000.0	1773.287662405359	0.0	0	525.4726420181687	1973.287662405317	1	0	1	4.296269644090455
200200.0	6000.0	1773.287662405354	0.0	0	496.85045733946026	1973.287662405317	1	0	1	4.296269644090455
201200.0	6000.0	1773.2876624053465	0.0	0	220.86179402825655	1973.2876624052878	1	0	1	4.296269644090458
202200.0	6000.0	1773.2876624053524	0.0	0	125.15571713249665	1973.287662405317	1	0	1	4.296269644090455
203200.0	6000.0	1773.287662405331	0.0	0	218.07143584924052	1973.2876624052878	1	0	1	4.296269644090457
204200.0	6000.0	1773.287662405315	0.0	0	151.25677234467003	1973.2876624052878	1	0	1	4.296269644090458
205200.0	6000.0	1773.2876624053047	0.0	0	506.5366144691361	1973.2876624052878	1	0	1	4.296269644090458
206200.0	6000.0	1773.2876624053165	0.0	0	459.59652193044894	1973.2876624052878	1	0	1	4.296269644090458
207200.0	6000.0	1773.287662405344	0.0	0	269.0542476294504	1973.2876624052587	1	0	1	4.29626964409046
208200.0	6000.0	1773.28766240534	0.0	0	400.17513004961074	1973.2876624052587	1	0	1	4.296269644090461
209200.0	6000.0	1773.2876624053474	0.0	0	200.60662557947217	1973.2876624052587	1	0	1	4.296269644090461
210200.0	6000.0	1773.2876624053606	0.0	0	258.94706161200884	1973.2876624052587	1	0	1	4.296269644090461
211255.9104996129	6000.0	1717.3771627924393	0.0	0	0.0	1973.2876624052587	1	0	1	4.296269644090461
212200.0	6000.0	1773.2876624053144	0.0	0	181.50122887291946	1973.2876624052587	1	0	1	4.296269644090461
213200.0	6000.0	1773.2876624053013	0.0	0	106.61995267431485	1973.2876624052587	1	0	1	4.296269644090461
214200.0	6000.0	1773.287662405315	0.0	0	175.85529240907636	1973.2876624052587	1	0	1	4.296269644090461
215200.0	6000.0	1773.2876624053083	0.0	0	337.1215440101805	1973.2876624052587	1	0	1	4.296269644090461
216200.0	6000.0	1773.287662405293	0.0	0	181.59032936542644	1973.2876624052587	1	0	1	4.296269644090461
217200.0	6000.0	1773.287662405299	0.0	0	156.29380194997066	1973.2876624052587	1	0	1	4.296269644090461
218200.0	6000.0	1773.2876624053208	0.0	0	219.9742212400597	1973.2876624052587	1	0	1	4.296269644090461
219200.0	6000.0	1773.2876624052983	0.0	0	229.92415799267474	1973.2876624052296	1	0	1	4.296269644090463
220200.0	6000.0	1773.2876624052883	0.0	0	419.30192939491826	1973.2876624052296	1	0	1	4.296269644090463
221200.0	6000.0	1773.2876624052842	0.0	0	126.01674384521903	1973.2876624052296	1	0	1	4.296269644090463
222200.0	6000.0	1773.2876624052924	0.0	0	462.2971776629274	1973.2876624052587	1	0	1	4.296269644090461
223200.0	6000.0	1773.2876624052653	0.0	0	329.06308075253037	1973.2876624052587	1	0	1	4.296269644090461
224200.0	6000.0	1773.2876624052924	0.0	0	205.29329149748082	1973.2876624052878	1	0	1	4.296269644090458
225200.0	6000.0	1773.287662405302	0.0	0	307.82010352722136	1973.287662405317	1	0	1	4.296269644090455
226200.0	6000.0	1773.2876624053176	0.0	0	227.89210159162758	1973.287662405317	1	0	1	4.296269644090455
227200.0	6000.0	1773.2876624052901	0.0	0	134.6234867174062	1973.2876624052878	1	0	1	4.296269644090458
228217.17934807553	6000.0	1756.108314329789	0.0	0	0.0	1973.287662405317	1	0	1	4.296269644090455
229273.06146089753	6000.0	1700.2262015077818	0.0	0	0.0	1973.2876624052878	1	0	1	4.296269644090458
230339.4323230307	6000.0	1633.8553393746254	0.0	0	0.0	1973.2876624052878	1	0	1	4.296269644090458
231204.6418095041	6000.0	1768.6458529012175	0.0	0	0.0	1973.2876624052587	1	0	1	4.296269644090461
232200.0	6000.0	1773.2876624053042	0.0	0	300.05147881875746	1973.2876624052587	1	0	1	4.296269644090461
233200.0	6000.0	1773.2876624053229	0.0	0	227.75386739886017	1973.2876624052587	1	0	1	4.296269644090461
234200.0	6000.0	1773.2876624052994	0.0	0	255.87858934883843	1973.2876624052296	1	0	1	4.296269644090463
235200.0	6000.0	1773.2876624052792	0.0	0	453.07852037867997	1973.2876624052296	1	0	1	4.296269644090463
236200.0	6000.0	1773.287662405287	0.0	0	525.9099924714828	1973.2876624052587	1	0	1	4.296269644090461
237200.0	6000.0	1773.2876624052672	0.0	0	381.9653601216851	1973.2876624052587	1	0	1	4.296269644090461
238200.0	6000.0	1773.287662405281	0.0	0	480.8430142895086	1973.2876624052587	1	0	1	4.296269644090461
239200.0	6000.0	1773.2876624052374	0.0	0	389.38898682783474	1973.2876624052587	1	0	1	4.296269644090461
240200.0	6000.0	1773.2876624051999	0.0	0	225.72803044816828	1973.2876624052587	1	0	1	4.296269644090461
241200.0	6000.0	1773.2876624052067	0.0	0	406.7546409050119	1973.2876624052878	1	0	1	4.296269644090458
242200.0	6000.0	1773.2876624051944	0.0	0	378.9309199040872	1973.2876624052878	1	0	1	4.296269644090458
243315.34369345842	6000.0	1657.9439689467756	0.0	0	0.0	1973.287662405317	1	0	1	4.296269644090455
244261.7582585168	6000.0	1711.5294038883544	0.0	0	0.0	1973.287662405317	1	0	1	4.296269644090455
245200.0	6000.0	1773.287662405182	0.0	0	340.0122729941213	1973.287662405317	1	0	1	4.296269644090455
246200.0	6000.0	1773.2876624052053	0.0	0	432.10482116008643	1973.287662405317	1	0	1	4.296269644090455
247200.0	6000.0	1773.2876624052055	0.0	0	430.76837438650546	1973.287662405317	1	0	1	4.296269644090455
248200.0	6000.0	1773.2876624052265	0.0	0	508.7714017298713	1973.287662405317	1	0	1	4.296269644090455
249200.0	6000.0	1773.287662405227	0.0	0	320.47946305558435	1973.2876624052878	1	0	1	4.296269644090458
250200.0	6000.0	1773.2876624052376	0.0	0	37.43914743626374	1973.2876624052878	1	0	1	4.296269644090458
251200.0	6000.0	1773.2876624052224	0.0	0	247.11748232939863	1973.2876624052878	1	0	1	4.296269644090458
252200.0	6000.0	1773.287662405172	0.0	0	236.27887086736155	1973.2876624052587	1	0	1	4.29626964409046
253200.0	6000.0	1773.2876624051803	0.0	0	556.9492957869952	1973.2876624052587	1	0	1	4.296269644090461
254200.0	6000.0	1773.287662405209	0.0	0	396.8919856749999	1973.2876624052587	1	0	1	4.296269644090461
255200.0	6000.0	1773.287662405212	0.0	0	354.8331736171094	1973.2876624052878	1	0	1	4.296269644090458
256200.0	6000.0	1773.2876624052255	0.0	0	532.0235307510011	1973.2876624052878	1	0	1	4.296269644090458
257200.0	6000.0	1773.2876624052358	0.0	0	399.6026477246487	1973.2876624052878	1	0	1	4.296269644090458
258200.0	6000.0	1773.2876624052624	0.0	0	291.0556758369203	1973.2876624052878	1	0	1	4.296269644090458
259319.87301522391	6000.0	1653.4146471813656	0.0	0	0.0	1973.2876624052587	1	0	1	4.296269644090461
260200.0	6000.0	1773.2876624052776	0.0	0	18.858444877434522	1973.2876624052587	1	0	1	4.296269644090461
261243.2625726636	6000.0	1730.0250897416754	0.0	0	0.0	1973.2876624052005	1	0	1	4.296269644090466
262200.0	6000.0	1773.2876624052594	0.0	0	350.486873865535	1973.2876624052005	1	0	1	4.296269644090467
263200.0	6000.0	1773.2876624052872	0.0	0	470.3090110786725	1973.2876624052005	1	0	1	4.296269644090467
264200.0	6000.0	1773.2876624053033	0.0	0	356.40997226408217	1973.2876624051714	1	0	1	4.296269644090466
265200.0	6000.0	1773.287662405261	0.0	0	307.57473710458726	1973.2876624051714	1	0	1	4.296269644090472
266200.0	6000.0	1773.2876624052708	0.0	0	339.1078796223155	1973.2876624051714	1	0	1	4.2962696440904695
267200.0	6000.0	1773.2876624052872	0.0	0	297.7083742998657	1973.2876624051714	1	0	1	4.2962696440904695
268200.0	6000.0	1773.2876624052824	0.0	0	49.56830589444144	1973.2876624051714	1	0	1	4.2962696440904695
269200.0	6000.0	1773.287662405322	0.0	0	193.8702953167376	1973.2876624052296	1	0	1	4.296269644090466
270200.0	6000.0	1773.2876624053358	0.0	0	93.49641148361843	1973.2876624052878	1	0	1	4.296269644090459
271406.8517010242	6000.0	1566.4359613811716	0.0	0	0.0	1973.2876624052878	1	0	1	4.296269644090458
272200.0	6000.0	1773.287662405442	0.0	0	112.39144164690515	1973.287662405346	1	0	1	4.296269644090452
273200.0	6000.0	1773.2876624054243	0.0	0	314.95839770539897	1973.2876624052878	1	0	1	4.296269644090458
274200.0	6000.0	1773.2876624053945	0.0	0	164.17399484151974	1973.2876624051714	1	0	1	4.296269644090469
275200.0	6000.0	1773.2876624054202	0.0	0	427.52938863041345	1973.2876624051714	1	0	1	4.2962696440904695
276200.0	6000.0	1773.2876624053765	0.0	0	301.00924695219146	1973.287662405055	1	0	1	4.296269644090478
277200.0	6000.0	1773.2876624053856	0.0	0	159.01831137010595	1973.2876624051132	1	0	1	4.296269644090475
278200.0	6000.0	1773.2876624053472	0.0	0	461.0466284095892	1973.2876624051132	1	0	1	4.296269644090475
279200.0	6000.0	1773.2876624053333	0.0	0	410.73225940717384	1973.2876624051132	1	0	1	4.296269644090475
280345.89865605405	6000.0	1627.3890063512565	0.0	0	0.0	1973.2876624051132	1	0	1	4.296269644090475
281200.0	6000.0	1773.2876624053422	0.0	0	230.96172194415703	1973.2876624051132	1	0	1	4.296269644090475
282200.0	6000.0	1773.2876624053529	0.0	0	373.5266469247872	1973.2876624051714	1	0	1	4.2962696440904695
283419.86215787794	6000.0	1553.4255045274062	0.0	0	0.0	1973.2876624051714	1	0	1	4.2962696440904695
284341.15951250104	6000.0	1632.1281499043166	0.0	0	0.0	1973.2876624051714	1	0	1	4.2962696440904695
285720.0877730757	6000.0	1253.1998893296168	0.0	0	0.0	1973.2876624051132	1	0	1	4.29626964409047
286564.20653150015	6000.0	1409.0811309051678	0.0	0	0.0	1973.2876624051132	1	0	1	4.296269644090475
287200.0	6000.0	1773.2876624053054	0.0	0	149.608775933797	1973.2876624051132	1	0	1	4.296269644090475
288200.0	6000.0	1773.2876624053376	0.0	0	437.23442881711526	1973.2876624051132	1	0	1	4.296269644090475
289200.0	6000.0	1773.2876624053383	0.0	0	344.34813304792624	1973.2876624051132	1	0	1	4.296269644090475
290276.75593008986	6000.0	1696.5317323155246	0.0	0	0.0	1973.2876624051714	1	0	1	4.2962696440904695
291324.6462254352	6000.0	1648.641436970169	0.0	0	0.0	1973.2876624051714	1	0	1	4.2962696440904695
292200.0	6000.0	1773.2876624052872	0.0	0	275.3780657342286	1973.2876624051132	1	0	1	4.296269644090474
293200.0	6000.0	1773.287662405259	0.0	0	284.1925926479744	1973.2876624051132	1	0	1	4.296269644090475
294200.0	6000.0	1773.2876624052124	0.0	0	280.1626850293833	1973.2876624051132	1	0	1	4.296269644090475
295200.0	6000.0	1773.2876624052258	0.0	0	330.27913198817987	1973.2876624052296	1	0	1	4.296269644090466
296200.0	6000.0	1773.287662405201	0.0	0	208.4268741637934	1973.2876624052878	1	0	1	4.296269644090458
297200.0	6000.0	1773.2876624051707	0.0	0	289.32344195240876	1973.2876624052878	1	0	1	4.296269644090458
298200.0	6000.0	1773.2876624051619	0.0	0	167.4769936024677	1973.2876624052296	1	0	1	4.296269644090461
299200.0	6000.0	1773.2876624051694	0.0	0	104.72821934038075	1973.2876624052296	1	0	1	4.296269644090463
300200.0	6000.0	1773.2876624051632	0.0	0	186.79965983354487	1973.287662405346	1	0	1	4.296269644090454
9.28	7.75	5.75	6.96	8.91	10.7	7.2	5.42	11.1	12.0	11.6	11.3	11.0	12.2	10.3	6.15	8.98	8.88	9.33	8.75	6.45	7.29	13.1	6.12	10.0	7.61	6.07	7.17	8.75	11.3	5.78	7.39	8.22	5.55	4.0	9.01	11.3	8.06	8.64	8.86	8.72	8.34	11.7	10.7	14.2	11.3	6.65	10.7	8.22	7.25	9.73	10.9	11.3	9.16	8.82	7.94	6.26	8.2	8.97	8.65	7.38	8.34	6.09	8.24	8.88	10.3	6.65	9.5	9.81	8.56	9.01	5.07	8.95	7.45	5.49	7.81	5.97	8.48	8.69	9.86	9.53	11.6	11.1	9.29	8.13	9.09	11.8	14.4	7.16	4.9	8.62	8.6	7.98	10.2	10.1	6.78	7.39	10.8	11.0	9.81	8.24	10.1	11.0	10.4	6.89	7.22	7.74	6.8	9.51	9.06	8.22	8.54	14.1	8.29	8.36	4.81	6.58	6.59	8.77	7.33	12.3	9.57	8.77	11.3	11.4	6.54	7.62	9.08	8.64	5.48	8.29	5.02	9.22	10.5	7.06	7.96	6.64	8.36	9.41	10.7	7.29	8.29	6.54	10.2	7.96	8.84	8.39	8.2	6.06	7.01	9.28	7.75	5.75	6.96	8.91	10.7	7.2	5.42	11.1	12.0	11.6	11.3	11.0	12.2	10.3	6.15	8.98	8.88	9.33	8.75	6.45	7.29	13.1	6.12	10.0	7.61	6.07	7.17	8.75	11.3	5.78	7.39	8.22	5.55	4.0	9.01	11.3	8.06	8.64	8.86	8.72	8.34	11.7	10.7	14.2	11.3	6.65	10.7	8.22	7.25	9.73	10.9	11.3	9.16	8.82	7.94	6.26	8.2	8.97	8.65	7.38	8.34	6.09	8.24	8.88	10.3	6.65	9.5	9.81	8.56	9.01	5.07	8.95	7.45	5.49	7.81	5.97	8.48	8.69	9.86	9.53	11.6	11.1	9.29	8.13	9.09	11.8	14.4	7.16	4.9	8.62	8.6	7.98	10.2	10.1	6.78	7.39	10.8	11.0	9.81	8.24	10.1	11.0	10.4	6.89	7.22	7.74	6.8	9.51	9.06	8.22	8.54	14.1	8.29	8.36	4.81	6.58	6.59	8.77	7.33	12.3	9.57	8.77	11.3	11.4	6.54	7.62	9.08	8.64	5.48	8.29	5.02	9.22	10.5	7.06	7.96	6.64	8.36	9.41	10.7	7.29	8.29	6.54	10.2	7.96	8.84	8.39	8.2	6.06	7.01
1.0	2.0	3.0	4.0	5.0	6.0	7.0	8.0	9.0	10.0	11.0	12.0	13.0	14.0	15.0	16.0	17.0	18.0	19.0	20.0	21.0	22.0	23.0	24.0	25.0	26.0	27.0	28.0	29.0	30.0	31.0	32.0	33.0	34.0	35.0	36.0	37.0	38.0	39.0	40.0	41.0	42.0	43.0	44.0	45.0	46.0	47.0	48.0	49.0	50.0	51.0	52.0	53.0	54.0	55.0	56.0	57.0	58.0	59.0	60.0	61.0	62.0	63.0	64.0	65.0	66.0	67.0	68.0	69.0	70.0	71.0	72.0	73.0	74.0	75.0	76.0	77.0	78.0	79.0	80.0	81.0	82.0	83.0	84.0	85.0	86.0	87.0	88.0	89.0	90.0	91.0	92.0	93.0	94.0	95.0	96.0	97.0	98.0	99.0	100.0	101.0	102.0	103.0	104.0	105.0	106.0	107.0	108.0	109.0	110.0	111.0	112.0	113.0	114.0	115.0	116.0	117.0	118.0	119.0	120.0	121.0	122.0	123.0	124.0	125.0	126.0	127.0	128.0	129.0	130.0	131.0	132.0	133.0	134.0	135.0	136.0	137.0	138.0	139.0	140.0	141.0	142.0	143.0	144.0	145.0	146.0	147.0	148.0	149.0	149.0	150.0	151.0	152.0	153.0	154.0	155.0	156.0	157.0	158.0	159.0	160.0	161.0	162.0	163.0	164.0	165.0	166.0	167.0	168.0	169.0	170.0	171.0	172.0	173.0	174.0	175.0	176.0	177.0	178.0	179.0	180.0	181.0	182.0	183.0	184.0	185.0	186.0	187.0	188.0	189.0	190.0	191.0	192.0	193.0	194.0	195.0	196.0	197.0	198.0	199.0	200.0	201.0	202.0	203.0	204.0	205.0	206.0	207.0	208.0	209.0	210.0	211.0	212.0	213.0	214.0	215.0	216.0	217.0	218.0	219.0	220.0	221.0	222.0	223.0	224.0	225.0	226.0	227.0	228.0	229.0	230.0	231.0	232.0	233.0	234.0	235.0	236.0	237.0	238.0	239.0	240.0	241.0	242.0	243.0	244.0	245.0	246.0	247.0	248.0	249.0	250.0	251.0	252.0	253.0	254.0	255.0	256.0	257.0	258.0	259.0	260.0	261.0	262.0	263.0	264.0	265.0	266.0	267.0	268.0	269.0	270.0	271.0	272.0	273.0	274.0	275.0	276.0	277.0	278.0	279.0	280.0	281.0	282.0	283.0	284.0	285.0	286.0	287.0	288.0	289.0	290.0	291.0	292.0	293.0	294.0	295.0	296.0	297.0	298.0	298.0
4696.947768023223
