4346.374872054056	300.0	2000.0	87.17224543972753	0	0.0	4346.374872054056	1	0	1	-0.9563312273895708
4421.328196205347	300.0	2917.5513434335803	0.0	0	0.0	4338.879539638927	1	0	2	-0.8339883679274898
4504.449647083055	300.0	3826.1177474681003	0.0	0	0.0	4330.567394551155	1	0	2	-0.6331906574167648
5200.0	300.0	4061.012359259461	0.0	0	623.6572082470911	4261.012359259461	1	0	2	-0.6297880147873907
6200.0	300.0	3961.0123592594623	0.0	0	935.1455734786014	4161.012359259462	1	0	2	-0.6201012359259465
7200.0	300.0	3861.0123592594623	0.0	0	946.016105081384	4061.0123592594623	1	0	2	-0.6101012359259465
8200.0	300.0	3761.0123592594623	0.0	0	933.8381469163824	3961.012359259462	1	0	2	-0.6001012359259464
9200.0	300.0	3661.012359259463	0.0	0	934.9867908760461	3861.0123592594628	1	0	2	-0.5901012359259465
10200.0	300.0	3561.0123592594628	0.0	0	927.9526133961754	3761.0123592594637	1	0	2	-0.5801012359259465
11200.0	300.0	3461.0123592594637	0.0	0	912.1463949246863	3661.0123592594646	1	0	2	-0.5701012359259467
12200.0	300.0	3361.012359259464	0.0	0	933.2478048052944	3561.0123592594628	1	0	2	-0.5601012359259466
13200.0	300.0	3261.012359259465	0.0	0	922.1068483206418	3461.012359259461	1	0	2	-0.5501012359259466
14200.0	300.0	3161.0123592594673	0.0	0	921.7646541369049	3361.0123592594573	1	0	2	-0.5401012359259462
15200.0	300.0	3061.012359259467	0.0	0	941.0968613611149	3261.0123592594555	1	0	2	-0.5301012359259458
16200.0	300.0	2961.0123592594678	0.0	0	918.3914957819652	3161.0123592594537	1	0	2	-0.5201012359259457
17200.0	300.0	2861.0123592594705	0.0	0	920.0350329925695	3061.0123592594573	1	0	2	-0.5101012359259459
18200.0	300.0	2761.012359259471	0.0	0	931.1634334297851	2961.0123592594555	1	0	2	-0.5001012359259458
19200.0	300.0	2661.012359259467	0.0	0	926.3634541228166	2861.0123592594555	1	0	2	-0.4901012359259457
20200.0	300.0	2561.0123592594687	0.0	0	928.2865013131668	2761.0123592594573	1	0	2	-0.4801012359259459
21200.0	300.0	2461.0123592594714	0.0	0	926.4321274880203	2661.0123592594573	1	0	2	-0.4701012359259461
22200.0	300.0	2361.012359259469	0.0	0	919.6032973734873	2561.0123592594537	1	0	2	-0.4601012359259456
23200.0	300.0	2261.0123592594696	0.0	0	938.7296846335303	2461.0123592594573	1	0	2	-0.45010123592594586
24200.0	300.0	2161.0123592594705	0.0	0	923.2012538862473	2361.0123592594573	1	0	2	-0.44010123592594597
25200.0	300.0	2061.0123592594714	0.0	0	941.1582314315965	2261.012359259461	1	0	2	-0.4301012359259462
26200.0	300.0	1961.0123592594732	0.0	0	920.6167031649493	2161.012359259461	1	0	2	-0.4201012359259463
27200.0	300.0	1861.01235925947	0.0	0	923.3274094378648	2061.012359259461	1	0	2	-0.4101012359259463
28200.0	500.0	1761.0123592594678	0.0	0	915.7907581150939	1961.012359259461	1	0	2	-0.14468842404295082
29200.0	1000.0	1761.0123592594648	0.0	0	836.6921772367496	1961.012359259461	1	0	1	0.7167107900030125
30200.0	1000.0	1761.0123592594657	0.0	0	863.4923537137474	1961.012359259461	1	0	1	1.609857970562958
31200.0	2000.0	1761.0123592594691	0.0	0	807.4137824873033	1961.012359259461	1	0	1	1.9564315608429308
32200.0	3000.0	1761.01235925947	0.0	0	406.39152357717103	1961.012359259461	1	0	1	2.8523112954569583
33200.0	3000.0	1761.0123592594741	0.0	0	601.1521688254616	1961.0123592594646	1	0	1	3.257776403565123
34200.0	3000.0	1761.012359259476	0.0	0	365.6068416531998	1961.0123592594646	1	0	1	3.2577764035651224
35200.0	3000.0	1761.012359259475	0.0	0	622.2000818110901	1961.012359259461	1	0	1	3.2577764035651224
36200.0	3000.0	1761.0123592594812	0.0	0	543.9991325483934	1961.012359259461	1	0	1	3.257776403565123
37200.0	3000.0	1761.012359259483	0.0	0	672.56398752729	1961.012359259461	1	0	1	3.257776403565123
38200.0	3000.0	1761.0123592594812	0.0	0	545.250979299708	1961.012359259461	1	0	1	3.257776403565123
39200.0	3000.0	1761.0123592594762	0.0	0	661.6494507198731	1961.012359259461	1	0	1	3.257776403565123
40200.0	6000.0	1761.0123592594714	0.0	0	139.82028563851054	1961.012359259461	1	0	1	3.6043499938450956
41200.0	6000.0	1761.0123592594753	0.0	0	405.5391947770986	1961.0123592594682	1	0	1	4.29749717440504
42200.0	6000.0	1761.0123592594784	0.0	0	329.40799131037784	1961.0123592594682	1	0	1	4.29749717440504
43200.0	6000.0	1761.012359259468	0.0	0	139.50412040798983	1961.012359259461	1	0	1	4.2974971744050405
44200.0	6000.0	1761.012359259458	0.0	0	342.2227949044682	1961.012359259461	1	0	1	4.2974971744050405
45200.0	6000.0	1761.012359259453	0.0	0	270.836464251639	1961.012359259461	1	0	1	4.2974971744050405
46200.0	6000.0	1761.01235925945	0.0	0	352.4962338753103	1961.012359259461	1	0	1	4.2974971744050405
47200.0	6000.0	1761.0123592594462	0.0	0	340.418581890066	1961.0123592594537	1	0	1	4.297497174405041
48200.0	6000.0	1761.0123592594375	0.0	0	91.83500361908227	1961.0123592594537	1	0	1	4.297497174405041
49902.36158773137	6000.0	1058.650771528071	0.0	0	0.0	1961.0123592594537	1	0	1	4.297497174405041
51007.066572585536	6000.0	953.9457866739012	0.0	0	0.0	1961.0123592594464	1	0	1	4.297497174405042
51908.08639614884	6000.0	1052.9259631105915	0.0	0	0.0	1961.0123592594464	1	0	1	4.297497174405042
52545.77613084035	6000.0	1415.2362284190854	0.0	0	0.0	1961.0123592594464	1	0	1	4.297497174405042
53368.683392159226	6000.0	1592.3289671002128	0.0	0	0.0	1961.0123592594464	1	0	1	4.297497174405042
54567.42197221655	6000.0	1393.590387042896	0.0	0	0.0	1961.0123592594464	1	0	1	4.297497174405042
55970.37586928771	6000.0	990.6364899717423	0.0	0	0.0	1961.0123592594464	1	0	1	4.297497174405042
56576.460514937084	3000.0	1384.5518443223632	0.0	0	0.0	1961.0123592594464	1	0	1	2.5646292230051797
57200.0	3000.0	1761.0123592594416	0.0	0	22.623021624822286	1961.0123592594464	1	0	1	3.2577764035651247
58200.0	3000.0	1761.0123592594546	0.0	0	483.6775819120812	1961.0123592594464	1	0	1	3.2577764035651247
59200.0	3000.0	1761.0123592594541	0.0	0	641.7797435590401	1961.0123592594537	1	0	1	3.2577764035651233
60200.0	3000.0	1761.0123592594475	0.0	0	524.7781342684466	1961.0123592594537	1	0	1	3.2577764035651233
61200.0	3000.0	1761.0123592594502	0.0	0	412.7899599468801	1961.0123592594537	1	0	1	3.2577764035651233
62200.0	3000.0	1761.0123592594534	0.0	0	467.60286391517	1961.012359259461	1	0	1	3.257776403565123
63200.0	3000.0	1761.0123592594548	0.0	0	687.0821533623821	1961.012359259461	1	0	1	3.257776403565123
64200.0	3000.0	1761.0123592594532	0.0	0	594.6965114789346	1961.0123592594537	1	0	1	3.2577764035651233
65200.0	3000.0	1761.0123592594534	0.0	0	533.1496040080674	1961.0123592594537	1	0	1	3.2577764035651233
66200.0	3000.0	1761.0123592594439	0.0	0	460.2294448680914	1961.0123592594464	1	0	1	3.2577764035651238
67200.0	3000.0	1761.0123592594553	0.0	0	536.3805130607216	1961.0123592594537	1	0	1	3.2577764035651233
68200.0	3000.0	1761.0123592594457	0.0	0	732.4510192934395	1961.0123592594464	1	0	1	3.2577764035651247
69200.0	3000.0	1761.01235925944	0.0	0	494.28886130818864	1961.0123592594464	1	0	1	3.2577764035651247
70200.0	3000.0	1761.0123592594293	0.0	0	510.02825469209347	1961.0123592594464	1	0	1	3.2577764035651247
71200.0	3000.0	1761.0123592594373	0.0	0	557.2850435135188	1961.012359259461	1	0	1	3.257776403565123
72200.0	3000.0	1761.0123592594368	0.0	0	618.9070139896066	1961.0123592594464	1	0	1	3.2577764035651247
73200.0	3000.0	1761.012359259445	0.0	0	707.3721383069351	1961.0123592594318	1	0	1	3.257776403565126
74200.0	3000.0	1761.012359259448	0.0	0	581.0435528061935	1961.0123592594464	1	0	1	3.2577764035651247
75200.0	6000.0	1761.012359259455	0.0	0	215.00141656334745	1961.012359259461	1	0	1	3.6043499938450956
76200.0	6000.0	1761.0123592594518	0.0	0	395.1693416767812	1961.0123592594464	1	0	1	4.297497174405042
77200.0	6000.0	1761.0123592594366	0.0	0	375.03436300953035	1961.0123592594318	1	0	1	4.297497174405043
78200.0	6000.0	1761.0123592594541	0.0	0	19.074751379797817	1961.0123592594464	1	0	1	4.297497174405042
79243.45575231203	6000.0	1717.556606947425	0.0	0	0.0	1961.0123592594464	1	0	1	4.297497174405042
80200.0	3000.0	1761.0123592594525	0.0	0	484.850067098203	1961.0123592594464	1	0	1	2.5646292230051797
81200.0	6000.0	1761.0123592594512	0.0	0	141.0905160926195	1961.0123592594318	1	0	1	3.6043499938450982
82200.0	3000.0	1761.0123592594518	0.0	0	163.334286361438	1961.0123592594318	1	0	1	2.5646292230051806
83200.0	3000.0	1761.0123592594357	0.0	0	485.93299794102495	1961.0123592594318	1	0	1	3.257776403565126
84200.0	3000.0	1761.0123592594377	0.0	0	701.8458847943984	1961.0123592594318	1	0	1	3.257776403565126
85200.0	3000.0	1761.0123592594398	0.0	0	703.068333807285	1961.0123592594318	1	0	1	3.257776403565126
86200.0	3000.0	1761.0123592594366	0.0	0	737.7771151716588	1961.0123592594318	1	0	1	3.257776403565126
87200.0	3000.0	1761.012359259439	0.0	0	517.0194533140457	1961.0123592594464	1	0	1	3.2577764035651247
88200.0	3000.0	1761.0123592594507	0.0	0	637.9220875862084	1961.0123592594464	1	0	1	3.2577764035651247
89200.0	3000.0	1761.0123592594493	0.0	0	675.2339291666431	1961.0123592594464	1	0	1	3.2577764035651247
90200.0	3000.0	1761.0123592594455	0.0	0	522.4927859251184	1961.0123592594464	1	0	1	3.2577764035651247
91200.0	3000.0	1761.0123592594334	0.0	0	428.62496021851257	1961.0123592594464	1	0	1	3.2577764035651247
92200.0	3000.0	1761.0123592594357	0.0	0	324.16835806479503	1961.012359259461	1	0	1	3.257776403565123
93200.0	6000.0	1761.012359259424	0.0	0	247.58735688286833	1961.012359259461	1	0	1	3.6043499938450956
94200.0	3000.0	1761.012359259425	0.0	0	657.0616689698509	1961.012359259461	1	0	1	2.564629223005178
95200.0	3000.0	1761.012359259407	0.0	0	581.3477659895143	1961.0123592594464	1	0	1	3.2577764035651247
96200.0	3000.0	1761.0123592594089	0.0	0	646.8812547496491	1961.0123592594464	1	0	1	3.2577764035651247
97200.0	3000.0	1761.012359259397	0.0	0	672.114827516838	1961.0123592594464	1	0	1	3.2577764035651247
98200.0	3000.0	1761.012359259402	0.0	0	662.113708112578	1961.0123592594318	1	0	1	3.257776403565126
99200.0	3000.0	1761.0123592593816	0.0	0	397.10250452869514	1961.0123592594318	1	0	1	3.257776403565126
100200.0	3000.0	1761.0123592593688	0.0	0	427.2949764308578	1961.0123592594318	1	0	1	3.257776403565126
101200.0	3000.0	1761.0123592593807	0.0	0	576.0570848136995	1961.0123592594173	1	0	1	3.2577764035651273
102200.0	3000.0	1761.0123592593875	0.0	0	693.4395136251551	1961.0123592594173	1	0	1	3.2577764035651273
103200.0	3000.0	1761.0123592593989	0.0	0	548.3415441779653	1961.0123592594173	1	0	1	3.2577764035651273
104200.0	3000.0	1761.0123592593889	0.0	0	607.4663204375829	1961.0123592594027	1	0	1	3.257776403565129
105200.0	3000.0	1761.0123592593795	0.0	0	471.8719023871381	1961.0123592594027	1	0	1	3.257776403565129
106200.0	3000.0	1761.0123592593736	0.0	0	471.8858912541036	1961.0123592594027	1	0	1	3.257776403565129
107200.0	3000.0	1761.012359259382	0.0	0	580.7148835536354	1961.0123592594027	1	0	1	3.257776403565129
108200.0	3000.0	1761.0123592593952	0.0	0	467.20006371854106	1961.0123592594173	1	0	1	3.2577764035651273
109203.39487569968	3000.0	1757.6174835597199	0.0	0	0.0	1961.0123592594173	1	0	1	3.2577764035651273
110200.0	3000.0	1761.012359259406	0.0	0	483.05659493233543	1961.0123592594173	1	0	1	3.2577764035651273
111200.0	3000.0	1761.012359259392	0.0	0	336.7042617575353	1961.0123592594173	1	0	1	3.2577764035651273
112200.0	3000.0	1761.0123592593845	0.0	0	498.83569619912305	1961.0123592594173	1	0	1	3.2577764035651273
113200.0	3000.0	1761.0123592593795	0.0	0	430.0911710605578	1961.0123592594173	1	0	1	3.2577764035651273
114200.0	3000.0	1761.012359259383	0.0	0	512.7523220507865	1961.0123592594173	1	0	1	3.2577764035651273
115200.0	3000.0	1761.012359259392	0.0	0	665.2672879566817	1961.0123592594173	1	0	1	3.2577764035651273
116200.0	3000.0	1761.0123592593852	0.0	0	381.98337556530896	1961.0123592594173	1	0	1	3.2577764035651273
117200.0	3000.0	1761.0123592593989	0.0	0	453.4354811111698	1961.0123592594173	1	0	1	3.2577764035651273
118200.0	3000.0	1761.0123592594227	0.0	0	579.8202124606032	1961.0123592594173	1	0	1	3.2577764035651273
119200.0	3000.0	1761.0123592594223	0.0	0	431.57159909365873	1961.0123592594173	1	0	1	3.2577764035651273
120200.0	3000.0	1761.0123592594457	0.0	0	568.3509563323169	1961.0123592594173	1	0	1	3.2577764035651273
121200.0	3000.0	1761.0123592594455	0.0	0	524.4629435312672	1961.0123592594173	1	0	1	3.2577764035651273
122200.0	3000.0	1761.0123592594298	0.0	0	384.6216847242904	1961.0123592594173	1	0	1	3.2577764035651273
123200.0	3000.0	1761.0123592594339	0.0	0	456.2146740479802	1961.0123592594173	1	0	1	3.2577764035651273
124200.0	3000.0	1761.0123592594418	0.0	0	604.9305942295905	1961.0123592594173	1	0	1	3.2577764035651273
125200.0	3000.0	1761.0123592594412	0.0	0	664.582488177155	1961.0123592594173	1	0	1	3.2577764035651273
126200.0	3000.0	1761.0123592594464	0.0	0	693.6253974532156	1961.0123592594173	1	0	1	3.2577764035651273
127200.0	6000.0	1761.01235925944	0.0	0	214.79516441366286	1961.0123592594173	1	0	1	3.6043499938451
128200.0	6000.0	1761.0123592594366	0.0	0	266.0280573963537	1961.0123592594173	1	0	1	4.297497174405045
129200.0	6000.0	1761.0123592594477	0.0	0	519.2967218864651	1961.0123592594318	1	0	1	4.297497174405043
130200.0	6000.0	1761.012359259448	0.0	0	539.0316231617617	1961.0123592594318	1	0	1	4.297497174405043
131200.0	6000.0	1761.0123592594525	0.0	0	349.8474800430995	1961.0123592594464	1	0	1	4.297497174405043
132625.4132597506	6000.0	1335.5990995088716	0.0	0	0.0	1961.0123592594755	1	0	1	4.2974971744050405
133483.06782552696	6000.0	1477.9445337325342	0.0	0	0.0	1961.0123592594755	1	0	1	4.29749717440504
134200.0	6000.0	1761.0123592595041	0.0	0	70.03058558926568	1961.0123592595046	1	0	1	4.297497174405036
135200.0	6000.0	1761.0123592595119	0.0	0	225.32683880790137	1961.0123592595046	1	0	1	4.297497174405036
136200.0	6000.0	1761.012359259493	0.0	0	328.34049572231015	1961.0123592595337	1	0	1	4.297497174405033
137245.01248903963	6000.0	1715.9998702198918	0.0	0	0.0	1961.0123592595337	1	0	1	4.297497174405033
138200.0	6000.0	1761.012359259527	0.0	0	385.4512914563238	1961.0123592595337	1	0	1	4.297497174405033
139200.0	6000.0	1761.0123592595348	0.0	0	182.34439826000016	1961.0123592595337	1	0	1	4.297497174405033
140200.0	6000.0	1761.0123592595444	0.0	0	90.42698161790031	1961.0123592595337	1	0	1	4.297497174405033
141200.0	3000.0	1761.0123592595644	0.0	0	589.8164474964724	1961.0123592595628	1	0	1	2.564629223005168
142200.0	3000.0	1761.0123592595617	0.0	0	679.9174337838776	1961.0123592595628	1	0	1	3.257776403565113
143200.0	6000.0	1761.0123592595962	0.0	0	582.2013364064042	1961.0123592595628	1	0	1	3.6043499938450854
144200.0	6000.0	1761.0123592596224	0.0	0	253.8261759755551	1961.0123592595628	1	0	1	4.297497174405031
145200.0	6000.0	1761.0123592596376	0.0	0	410.0144887144852	1961.0123592595628	1	0	1	4.297497174405031
146200.0	6000.0	1761.0123592596478	0.0	0	387.5725613897084	1961.0123592595628	1	0	1	4.297497174405031
147200.0	6000.0	1761.012359259647	0.0	0	187.88405250932556	1961.0123592595628	1	0	1	4.297497174405031
148200.0	6000.0	1761.012359259635	0.0	0	26.688626732269768	1961.0123592595628	1	0	1	4.297497174405031
149200.0	6000.0	1761.0123592596246	0.0	0	347.48234218993457	1961.0123592595628	1	0	1	4.297497174405031
150200.0	6000.0	1761.0123592596158	0.0	0	203.84618194168434	1961.0123592595628	1	0	1	4.297497174405031
151200.0	6000.0	1761.0123592596217	0.0	0	296.1601902846887	1961.0123592595628	1	0	1	4.297497174405031
152200.0	6000.0	1761.012359259652	0.0	0	397.42089318999206	1961.0123592595628	1	0	1	4.297497174405031
153352.74811047362	6000.0	1608.264248786054	0.0	0	0.0	1961.0123592595628	1	0	1	4.297497174405031
154200.0	6000.0	1761.0123592596792	0.0	0	159.36644318996696	1961.0123592595628	1	0	1	4.297497174405031
155200.0	6000.0	1761.012359259678	0.0	0	35.623652717098594	1961.0123592595628	1	0	1	4.297497174405031
156200.0	6000.0	1761.0123592596678	0.0	0	457.3338839827629	1961.0123592595628	1	0	1	4.297497174405031
157200.0	6000.0	1761.0123592596815	0.0	0	541.4397465251386	1961.0123592595337	1	0	1	4.297497174405033
158200.0	6000.0	1761.012359259646	0.0	0	458.30026439155336	1961.0123592595337	1	0	1	4.297497174405033
159200.0	6000.0	1761.0123592596235	0.0	0	175.3344065909041	1961.0123592595337	1	0	1	4.297497174405033
160379.05155544443	6000.0	1581.960803815174	0.0	0	0.0	1961.0123592595628	1	0	1	4.297497174405031
161200.0	6000.0	1761.012359259605	0.0	0	147.49040671947296	1961.012359259592	1	0	1	4.297497174405028
162200.0	6000.0	1761.0123592595871	0.0	0	130.41989350688527	1961.0123592595628	1	0	1	4.297497174405031
163200.0	6000.0	1761.0123592596208	0.0	0	4.844261290098075	1961.0123592595628	1	0	1	4.297497174405031
164200.0	6000.0	1761.0123592595962	0.0	0	288.98184070864227	1961.0123592595628	1	0	1	4.297497174405031
165200.0	6000.0	1761.0123592595949	0.0	0	51.71921804378508	1961.0123592595628	1	0	1	4.297497174405031
166381.1595465073	6000.0	1579.8528127523286	0.0	0	0.0	1961.012359259592	1	0	1	4.297497174405029
167200.0	6000.0	1761.0123592596292	0.0	0	255.48349328080076	1961.012359259592	1	0	1	4.297497174405028
168200.0	6000.0	1761.012359259614	0.0	0	370.6687207893701	1961.0123592595628	1	0	1	4.297497174405031
169200.0	6000.0	1761.0123592596092	0.0	0	90.25875782434014	1961.0123592595628	1	0	1	4.297497174405031
170200.0	6000.0	1761.0123592596133	0.0	0	252.5666032899171	1961.0123592595337	1	0	1	4.297497174405033
171200.0	6000.0	1761.012359259628	0.0	0	224.1507826402376	1961.0123592595337	1	0	1	4.297497174405033
172200.0	6000.0	1761.0123592596144	0.0	0	160.20517063501757	1961.0123592595046	1	0	1	4.297497174405036
173200.0	6000.0	1761.0123592596128	0.0	0	257.66767649780377	1961.0123592595046	1	0	1	4.297497174405036
174200.0	6000.0	1761.0123592596287	0.0	0	419.1142332798627	1961.0123592595337	1	0	1	4.297497174405033
175200.0	6000.0	1761.012359259647	0.0	0	142.04089210525854	1961.0123592595337	1	0	1	4.297497174405033
176200.0	6000.0	1761.0123592595962	0.0	0	7.495197921991348	1961.0123592595046	1	0	1	4.297497174405036
177200.0	6000.0	1761.0123592596149	0.0	0	356.47596054998576	1961.0123592595046	1	0	1	4.297497174405036
178200.0	6000.0	1761.012359259635	0.0	0	321.2371408929466	1961.0123592595046	1	0	1	4.297497174405036
179200.0	6000.0	1761.0123592596276	0.0	0	332.4443513273436	1961.0123592594755	1	0	1	4.29749717440504
180200.0	6000.0	1761.012359259638	0.0	0	348.21051137830364	1961.0123592594755	1	0	1	4.29749717440504
181200.0	6000.0	1761.0123592596663	0.0	0	159.48938672532677	1961.0123592594755	1	0	1	4.29749717440504
182428.29582296536	6000.0	1532.7165362943	0.0	0	0.0	1961.0123592594755	1	0	1	4.29749717440504
183399.68237688526	6000.0	1561.3299823744035	0.0	0	0.0	1961.0123592594755	1	0	1	4.29749717440504
184278.73795708522	6000.0	1682.2744021744186	0.0	0	0.0	1961.0123592594755	1	0	1	4.29749717440504
185200.0	6000.0	1761.012359259633	0.0	0	246.00536458543502	1961.0123592594464	1	0	1	4.297497174405042
186200.0	6000.0	1761.012359259633	0.0	0	266.7060927595885	1961.0123592594755	1	0	1	4.29749717440504
187200.0	6000.0	1761.0123592596522	0.0	0	170.3081436463981	1961.0123592594755	1	0	1	4.29749717440504
188200.0	6000.0	1761.0123592596738	0.0	0	452.7027115023229	1961.0123592594755	1	0	1	4.29749717440504
189200.0	6000.0	1761.0123592596829	0.0	0	166.94172306286055	1961.0123592594464	1	0	1	4.297497174405042
190200.0	6000.0	1761.0123592597056	0.0	0	134.9708896711818	1961.0123592594464	1	0	1	4.297497174405042
191200.0	6000.0	1761.0123592597142	0.0	0	191.38966320332838	1961.0123592594464	1	0	1	4.297497174405042
192200.0	6000.0	1761.0123592596929	0.0	0	180.29644816037035	1961.0123592594464	1	0	1	4.297497174405042
193200.0	6000.0	1761.0123592596897	0.0	0	221.3196068237885	1961.0123592594464	1	0	1	4.297497174405042
194200.0	6000.0	1761.0123592597033	0.0	0	416.3752720193588	1961.0123592594464	1	0	1	4.297497174405042
195200.0	6000.0	1761.0123592597045	0.0	0	414.1676661084348	1961.0123592594464	1	0	1	4.297497174405042
196200.0	6000.0	1761.0123592596913	0.0	0	343.54704862527433	1961.0123592594464	1	0	1	4.297497174405042
197367.71162655225	6000.0	1593.3007327074238	0.0	0	0.0	1961.0123592594173	1	0	1	4.297497174405043
198663.77379199007	6000.0	1297.238567269598	0.0	0	0.0	1961.0123592594173	1	0	1	4.297497174405045
199567.36126579074	6000.0	1393.651093468915	0.0	0	0.0	1961.0123592593882	1	0	1	4.297497174405047
200420.73853586905	6000.0	1540.273823390567	0.0	0	0.0	1961.0123592593882	1	0	1	4.297497174405048
201206.90532911953	6000.0	1754.1070301400935	0.0	0	0.0	1961.0123592593882	1	0	1	4.297497174405048
202200.0	6000.0	1761.012359259644	0.0	0	241.5593053032935	1961.0123592593882	1	0	1	4.297497174405048
203300.27125954878	6000.0	1660.7410997108927	0.0	0	0.0	1961.0123592594173	1	0	1	4.297497174405047
204200.0	3000.0	1761.012359259654	0.0	0	240.08565406268463	1961.0123592594173	1	0	1	2.5646292230051824
205200.0	3000.0	1761.0123592596658	0.0	0	527.6964207545097	1961.0123592594173	1	0	1	3.2577764035651273
206200.0	3000.0	1761.0123592596774	0.0	0	400.6142125810147	1961.0123592594173	1	0	1	3.2577764035651273
207200.0	3000.0	1761.0123592596951	0.0	0	457.64362913384684	1961.0123592594173	1	0	1	3.2577764035651273
208200.0	3000.0	1761.0123592596792	0.0	0	517.6847096711863	1961.0123592594173	1	0	1	3.2577764035651273
209200.0	3000.0	1761.0123592596906	0.0	0	532.2518810112088	1961.0123592594173	1	0	1	3.2577764035651273
210200.0	3000.0	1761.0123592596715	0.0	0	324.07277447983506	1961.0123592594173	1	0	1	3.2577764035651273
211200.0	3000.0	1761.012359259639	0.0	0	298.5377767000173	1961.0123592594173	1	0	1	3.2577764035651273
212200.0	3000.0	1761.012359259615	0.0	0	710.2104659047909	1961.0123592594173	1	0	1	3.2577764035651273
213200.0	3000.0	1761.0123592596137	0.0	0	630.3213021161791	1961.0123592594464	1	0	1	3.2577764035651247
214200.0	3000.0	1761.0123592596094	0.0	0	372.7508025234274	1961.0123592594464	1	0	1	3.2577764035651247
215200.0	3000.0	1761.0123592596176	0.0	0	554.4191609531699	1961.0123592594464	1	0	1	3.2577764035651247
216200.0	3000.0	1761.012359259628	0.0	0	378.7067423380795	1961.0123592594464	1	0	1	3.2577764035651247
217200.0	3000.0	1761.0123592596628	0.0	0	648.6038733226596	1961.0123592594464	1	0	1	3.2577764035651247
218200.0	3000.0	1761.0123592596663	0.0	0	622.676468941936	1961.0123592594755	1	0	1	3.2577764035651215
219200.0	3000.0	1761.0123592596753	0.0	0	167.6131998648052	1961.0123592594755	1	0	1	3.2577764035651215
220200.0	3000.0	1761.012359259657	0.0	0	639.3662666237797	1961.0123592594755	1	0	1	3.2577764035651215
221200.0	3000.0	1761.012359259633	0.0	0	603.2662090937665	1961.0123592594464	1	0	1	3.2577764035651247
222200.0	3000.0	1761.0123592596212	0.0	0	652.4710026569956	1961.0123592594464	1	0	1	3.2577764035651247
223200.0	3000.0	1761.0123592596633	0.0	0	550.0703389005503	1961.0123592594755	1	0	1	3.2577764035651215
224200.0	6000.0	1761.01235925967	0.0	0	535.0725565853063	1961.0123592594755	1	0	1	3.6043499938450942
225200.0	6000.0	1761.012359259678	0.0	0	101.75141358736437	1961.0123592594755	1	0	1	4.29749717440504
226200.0	6000.0	1761.012359259669	0.0	0	439.00466627583955	1961.0123592595046	1	0	1	4.297497174405036
227417.86643019607	6000.0	1543.1459290635976	0.0	0	0.0	1961.0123592595046	1	0	1	4.297497174405036
228450.1503433758	6000.0	1510.862015883851	0.0	0	0.0	1961.0123592595337	1	0	1	4.297497174405034
229344.49470992517	6000.0	1616.517649334467	0.0	0	0.0	1961.0123592595337	1	0	1	4.297497174405033
230556.22863307298	6000.0	1404.783726186661	0.0	0	0.0	1961.0123592595628	1	0	1	4.2974971744050325
231200.0	3000.0	1761.0123592596658	0.0	0	76.17048710610834	1961.0123592595628	1	0	1	2.564629223005168
232200.0	3000.0	1761.0123592596685	0.0	0	475.50035753683187	1961.0123592595628	1	0	1	3.257776403565113
233200.0	3000.0	1761.0123592596667	0.0	0	697.152483331738	1961.0123592595628	1	0	1	3.257776403565113
234200.0	3000.0	1761.012359259653	0.0	0	682.9144534691877	1961.012359259592	1	0	1	3.25777640356511
235200.0	3000.0	1761.012359259655	0.0	0	573.3254612272722	1961.012359259592	1	0	1	3.25777640356511
236200.0	3000.0	1761.0123592596576	0.0	0	648.0321731187287	1961.012359259592	1	0	1	3.25777640356511
237200.0	3000.0	1761.01235925965	0.0	0	622.5921624882612	1961.012359259592	1	0	1	3.25777640356511
238200.0	3000.0	1761.0123592596426	0.0	0	675.4583979204181	1961.012359259592	1	0	1	3.25777640356511
239200.0	3000.0	1761.0123592596403	0.0	0	553.3179476616788	1961.012359259592	1	0	1	3.25777640356511
240200.0	3000.0	1761.0123592596315	0.0	0	626.831939934491	1961.012359259592	1	0	1	3.25777640356511
241200.0	3000.0	1761.012359259633	0.0	0	544.0308473008045	1961.012359259592	1	0	1	3.25777640356511
242200.0	3000.0	1761.0123592596315	0.0	0	455.75258729365305	1961.012359259592	1	0	1	3.25777640356511
243200.0	3000.0	1761.0123592596128	0.0	0	603.9196890388848	1961.012359259592	1	0	1	3.25777640356511
244200.0	3000.0	1761.0123592595967	0.0	0	579.7140919175581	1961.0123592595628	1	0	1	3.257776403565113
245200.0	3000.0	1761.0123592596049	0.0	0	577.0090683155286	1961.0123592595628	1	0	1	3.257776403565113
246200.0	3000.0	1761.012359259602	0.0	0	700.979430813517	1961.0123592595628	1	0	1	3.257776403565113
247200.0	3000.0	1761.0123592596096	0.0	0	508.59092298854375	1961.0123592595628	1	0	1	3.257776403565113
248200.0	3000.0	1761.0123592596115	0.0	0	418.9878457420855	1961.0123592595628	1	0	1	3.257776403565113
249200.0	3000.0	1761.0123592596096	0.0	0	435.3856558004918	1961.0123592595628	1	0	1	3.257776403565113
250200.0	3000.0	1761.012359259586	0.0	0	467.60952624402125	1961.0123592595628	1	0	1	3.257776403565113
251200.0	3000.0	1761.0123592595953	0.0	0	647.1487916627084	1961.0123592595628	1	0	1	3.257776403565113
252200.0	3000.0	1761.012359259598	0.0	0	551.6963061593124	1961.0123592595337	1	0	1	3.2577764035651158
253200.0	3000.0	1761.0123592596465	0.0	0	626.5620557536022	1961.0123592595628	1	0	1	3.257776403565113
254200.0	3000.0	1761.0123592596544	0.0	0	647.4245669497468	1961.0123592595628	1	0	1	3.257776403565113
255200.0	3000.0	1761.0123592596974	0.0	0	537.4758403596061	1961.0123592595628	1	0	1	3.257776403565113
256200.0	3000.0	1761.0123592596815	0.0	0	680.1071302703058	1961.0123592595628	1	0	1	3.257776403565113
257200.0	3000.0	1761.012359259689	0.0	0	495.8566664318205	1961.0123592595628	1	0	1	3.257776403565113
258200.0	3000.0	1761.0123592597226	0.0	0	410.6332118077262	1961.012359259592	1	0	1	3.25777640356511
259200.0	3000.0	1761.01235925971	0.0	0	413.59816824964946	1961.012359259592	1	0	1	3.25777640356511
260200.0	3000.0	1761.012359259757	0.0	0	537.697854720318	1961.012359259592	1	0	1	3.25777640356511
261200.0	3000.0	1761.012359259748	0.0	0	524.7819762199942	1961.0123592595628	1	0	1	3.257776403565113
262200.0	3000.0	1761.0123592597424	0.0	0	376.41313481112593	1961.0123592595628	1	0	1	3.257776403565113
263200.0	3000.0	1761.0123592596847	0.0	0	524.3127111239592	1961.0123592594755	1	0	1	3.257776403565117
264200.0	3000.0	1761.01235925968	0.0	0	545.542663028813	1961.0123592594755	1	0	1	3.2577764035651215
265200.0	3000.0	1761.0123592596383	0.0	0	316.73148737230804	1961.0123592594755	1	0	1	3.2577764035651215
266200.0	3000.0	1761.0123592596615	0.0	0	566.8260453005787	1961.0123592594173	1	0	1	3.2577764035651273
267200.0	3000.0	1761.012359259696	0.0	0	715.3512998232618	1961.0123592594173	1	0	1	3.2577764035651273
268200.0	3000.0	1761.012359259742	0.0	0	403.2243115491583	1961.0123592594173	1	0	1	3.2577764035651273
269200.0	3000.0	1761.0123592597502	0.0	0	641.5136001748033	1961.0123592594173	1	0	1	3.2577764035651273
270200.0	3000.0	1761.0123592596935	0.0	0	451.4973300298443	1961.0123592594173	1	0	1	3.2577764035651273
271200.0	3000.0	1761.012359259678	0.0	0	343.6119516255567	1961.012359259359	1	0	1	3.257776403565133
272200.0	3000.0	1761.0123592596624	0.0	0	354.63315785868326	1961.012359259359	1	0	1	3.257776403565133
273200.0	3000.0	1761.0123592596403	0.0	0	588.9476273025502	1961.012359259359	1	0	1	3.257776403565133
274200.0	3000.0	1761.0123592595892	0.0	0	741.0605716126738	1961.0123592593009	1	0	1	3.2577764035651393
275200.0	3000.0	1761.0123592595833	0.0	0	712.8287509410293	1961.0123592593009	1	0	1	3.2577764035651393
276200.0	6000.0	1761.0123592595337	0.0	0	211.66110442992067	1961.0123592593009	1	0	1	3.6043499938451116
277200.0	6000.0	1761.012359259479	0.0	0	478.0428674770519	1961.0123592592427	1	0	1	4.297497174405062
278200.0	6000.0	1761.0123592594196	0.0	0	434.30126151797595	1961.0123592592427	1	0	1	4.297497174405062
279200.0	6000.0	1761.0123592594314	0.0	0	465.84316462266725	1961.0123592591844	1	0	1	4.297497174405068
280200.0	6000.0	1761.0123592593852	0.0	0	350.6674450733699	1961.0123592591844	1	0	1	4.297497174405068
281874.8517541723	6000.0	1086.1606050870228	0.0	0	0.0	1961.0123592591262	1	0	1	4.297497174405073
282772.9473591744	6000.0	1188.0650000849323	0.0	0	0.0	1961.0123592591262	1	0	1	4.297497174405073
283566.3229383975	6000.0	1394.6894208618019	0.0	0	0.0	1961.0123592591262	1	0	1	4.297497174405073
284254.8572860292	6000.0	1706.1550732301612	0.0	0	0.0	1961.0123592591844	1	0	1	4.2974971744050725
285200.0	6000.0	1761.0123592593325	0.0	0	380.86734741117107	1961.0123592591262	1	0	1	4.297497174405073
286378.9238486791	6000.0	1582.0885105801613	0.0	0	0.0	1961.012359259068	1	0	1	4.297497174405078
287311.92416694574	6000.0	1649.0881923134853	0.0	0	0.0	1961.012359259068	1	0	1	4.29749717440508
288200.0	6000.0	1761.0123592592593	0.0	0	157.33866030938225	1961.012359259068	1	0	1	4.29749717440508
289200.0	6000.0	1761.0123592592574	0.0	0	171.36548235762166	1961.012359259068	1	0	1	4.29749717440508
290200.0	6000.0	1761.01235925924	0.0	0	426.38027790148044	1961.012359259068	1	0	1	4.29749717440508
291200.0	6000.0	1761.0123592592727	0.0	0	315.88696374284336	1961.012359259068	1	0	1	4.29749717440508
292200.0	6000.0	1761.0123592592242	0.0	0	519.254163180769	1961.012359259068	1	0	1	4.29749717440508
293200.0	6000.0	1761.01235925919	0.0	0	237.06937916268362	1961.012359259068	1	0	1	4.29749717440508
294200.0	6000.0	1761.012359259191	0.0	0	379.6291891958099	1961.0123592590098	1	0	1	4.297497174405086
295200.0	6000.0	1761.0123592592195	0.0	0	352.5141078257002	1961.0123592590098	1	0	1	4.297497174405086
296200.0	6000.0	1761.0123592593152	0.0	0	168.86758793354966	1961.0123592590098	1	0	1	4.297497174405086
297200.0	6000.0	1761.012359259316	0.0	0	58.01680534740444	1961.0123592590098	1	0	1	4.297497174405086
298200.0	6000.0	1761.0123592593113	0.0	0	19.471595189359505	1961.0123592590098	1	0	1	4.297497174405086
299200.0	6000.0	1761.0123592592856	0.0	0	266.86194255721057	1961.0123592589516	1	0	1	4.297497174405091
300200.0	6000.0	1761.0123592593304	0.0	0	524.0770729728392	1961.0123592590098	1	0	1	4.297497174405086
7.44	8.32	12.9	11.1	9.12	7.31	5.32	8.24	7.82	6.86	10.4	6.45	5.61	8.4	9.57	6.26	8.92	6.15	9.67	8.78	11.7	8.34	7.55	10.3	7.47	7.83	9.28	6.04	6.36	5.38	8.29	9.35	11.6	8.72	9.19	8.97	8.11	6.94	9.16	10.1	11.1	10.7	11.0	7.53	3.81	5.64	6.64	7.76	10.4	6.65	4.73	5.73	6.53	4.65	8.55	7.33	6.13	5.75	8.5	7.15	6.68	7.34	6.52	9.58	8.1	4.97	9.34	9.83	10.3	9.36	10.6	8.53	8.21	5.07	5.91	7.56	5.69	4.12	7.11	10.6	8.33	10.5	8.19	11.0	8.24	5.51	6.66	6.04	6.15	8.21	7.96	10.0	10.7	7.49	4.38	5.95	7.49	10.0	6.96	9.05	7.41	7.91	10.2	6.02	4.07	5.13	5.43	5.62	6.05	6.75	8.36	5.12	6.87	8.88	7.18	8.05	7.82	6.3	6.21	9.13	11.3	11.1	6.71	9.64	10.9	12.0	10.6	4.65	3.74	8.7	8.46	10.5	5.25	8.99	10.1	6.3	8.68	11.9	12.2	6.72	7.89	9.96	8.2	8.12	7.9	8.05	10.3	9.29	6.83	10.1	7.44	8.32	12.9	11.1	9.12	7.31	5.32	8.24	7.82	6.86	10.4	6.45	5.61	8.4	9.57	6.26	8.92	6.15	9.67	8.78	11.7	8.34	7.55	10.3	7.47	7.83	9.28	6.04	6.36	5.38	8.29	9.35	11.6	8.72	9.19	8.97	8.11	6.94	9.16	10.1	11.1	10.7	11.0	7.53	3.81	5.64	6.64	7.76	10.4	6.65	4.73	5.73	6.53	4.65	8.55	7.33	6.13	5.75	8.5	7.15	6.68	7.34	6.52	9.58	8.1	4.97	9.34	9.83	10.3	9.36	10.6	8.53	8.21	5.07	5.91	7.56	5.69	4.12	7.11	10.6	8.33	10.5	8.19	11.0	8.24	5.51	6.66	6.04	6.15	8.21	7.96	10.0	10.7	7.49	4.38	5.95	7.49	10.0	6.96	9.05	7.41	7.91	10.2	6.02	4.07	5.13	5.43	5.62	6.05	6.75	8.36	5.12	6.87	8.88	7.18	8.05	7.82	6.3	6.21	9.13	11.3	11.1	6.71	9.64	10.9	12.0	10.6	4.65	3.74	8.7	8.46	10.5	5.25	8.99	10.1	6.3	8.68	11.9	12.2	6.72	7.89	9.96	8.2	8.12	7.9	8.05	10.3	9.29	6.83	10.1
1.0	2.0	3.0	4.0	5.0	6.0	7.0	8.0	9.0	10.0	11.0	12.0	13.0	14.0	15.0	16.0	17.0	18.0	19.0	20.0	21.0	22.0	23.0	24.0	25.0	26.0	27.0	28.0	29.0	30.0	31.0	32.0	33.0	34.0	35.0	36.0	37.0	38.0	39.0	40.0	41.0	42.0	43.0	44.0	45.0	46.0	47.0	48.0	49.0	50.0	51.0	52.0	53.0	54.0	55.0	56.0	57.0	58.0	59.0	60.0	61.0	62.0	63.0	64.0	65.0	66.0	67.0	68.0	69.0	70.0	71.0	72.0	73.0	74.0	75.0	76.0	77.0	78.0	79.0	80.0	81.0	82.0	83.0	84.0	85.0	86.0	87.0	88.0	89.0	90.0	91.0	92.0	93.0	94.0	95.0	96.0	97.0	98.0	99.0	100.0	101.0	102.0	103.0	104.0	105.0	106.0	107.0	108.0	109.0	110.0	111.0	112.0	113.0	114.0	115.0	116.0	117.0	118.0	119.0	120.0	121.0	122.0	123.0	124.0	125.0	126.0	127.0	128.0	129.0	130.0	131.0	132.0	133.0	134.0	135.0	136.0	137.0	138.0	139.0	140.0	141.0	142.0	143.0	144.0	145.0	146.0	147.0	148.0	149.0	149.0	150.0	151.0	152.0	153.0	154.0	155.0	156.0	157.0	158.0	159.0	160.0	161.0	162.0	163.0	164.0	165.0	166.0	167.0	168.0	169.0	170.0	171.0	172.0	173.0	174.0	175.0	176.0	177.0	178.0	179.0	180.0	181.0	182.0	183.0	184.0	185.0	186.0	187.0	188.0	189.0	190.0	191.0	192.0	193.0	194.0	195.0	196.0	197.0	198.0	199.0	200.0	201.0	202.0	203.0	204.0	205.0	206.0	207.0	208.0	209.0	210.0	211.0	212.0	213.0	214.0	215.0	216.0	217.0	218.0	219.0	220.0	221.0	222.0	223.0	224.0	225.0	226.0	227.0	228.0	229.0	230.0	231.0	232.0	233.0	234.0	235.0	236.0	237.0	238.0	239.0	240.0	241.0	242.0	243.0	244.0	245.0	246.0	247.0	248.0	249.0	250.0	251.0	252.0	253.0	254.0	255.0	256.0	257.0	258.0	259.0	260.0	261.0	262.0	263.0	264.0	265.0	266.0	267.0	268.0	269.0	270.0	271.0	272.0	273.0	274.0	275.0	276.0	277.0	278.0	279.0	280.0	281.0	282.0	283.0	284.0	285.0	286.0	287.0	288.0	289.0	290.0	291.0	292.0	293.0	294.0	295.0	296.0	297.0	298.0	298.0
4179.540010106464
