3351.3000551186146	300.0	2000.0	132.98960652345562	0	0.0	3351.3000551186146	1	0	1	-1.1304755488440406
3476.75564884233	300.0	2861.998846903913	0.0	0	0.0	3338.754495746243	1	0	2	-0.7341050710078855
4200.0	300.0	3066.430060630476	0.0	0	596.7954525568844	3266.4300606304755	1	0	2	-0.5303319008388643
5200.0	300.0	2966.430060630475	0.0	0	832.765105266064	3166.430060630475	1	0	2	-0.5206430060630478
6200.0	300.0	2866.4300606304746	0.0	0	862.635147842052	3066.4300606304746	1	0	2	-0.5106430060630477
7200.0	300.0	2766.4300606304755	0.0	0	824.5425384218133	2966.430060630475	1	0	2	-0.5006430060630478
8200.0	300.0	2666.4300606304746	0.0	0	879.6617677049207	2866.430060630475	1	0	2	-0.49064300606304767
9200.0	300.0	2566.430060630476	0.0	0	855.0507131518116	2766.430060630477	1	0	2	-0.4806430060630479
10200.0	300.0	2466.4300606304755	0.0	0	863.517384507606	2666.430060630476	1	0	2	-0.4706430060630478
11200.0	300.0	2366.430060630477	0.0	0	806.7418832089552	2566.430060630477	1	0	2	-0.46064300606304787
12200.0	300.0	2266.4300606304773	0.0	0	867.246982536537	2466.4300606304787	1	0	2	-0.45064300606304813
13200.0	300.0	2166.430060630475	0.0	0	810.465610361447	2366.430060630477	1	0	2	-0.44064300606304807
14200.0	300.0	2066.430060630474	0.0	0	812.2445167162059	2266.430060630477	1	0	2	-0.43064300606304795
15200.0	300.0	1966.4300606304755	0.0	0	830.1618931208595	2166.4300606304787	1	0	2	-0.420643006063048
16200.0	300.0	1866.4300606304737	0.0	0	787.686133263991	2066.430060630475	1	0	2	-0.41064300606304793
17200.0	300.0	1766.4300606304748	0.0	0	811.6093560294412	1966.4300606304769	1	0	2	-0.40064300606304787
18200.0	300.0	1766.4300606304732	0.0	0	778.9570311490243	1966.4300606304769	1	0	1	-0.39664300606304803
19200.0	500.0	1766.430060630476	0.0	0	566.6789213791526	1966.4300606304787	1	0	1	0.058769805819947646
20200.0	500.0	1766.4300606304755	0.0	0	602.7694535129922	1966.4300606304787	1	0	1	0.5695954295859383
21200.0	500.0	1766.430060630474	0.0	0	670.3848569198562	1966.4300606304787	1	0	1	0.5695954295859383
22200.0	500.0	1766.4300606304778	0.0	0	724.5621561675835	1966.4300606304787	1	0	1	0.5695954295859383
23200.0	1000.0	1766.4300606304796	0.0	0	450.04529465088854	1966.4300606304787	1	0	1	0.9161690198659111
24200.0	1000.0	1766.4300606304796	0.0	0	592.1247473113581	1966.430060630475	1	0	1	1.6093162004258568
25200.0	1000.0	1766.4300606304798	0.0	0	497.60364791721804	1966.430060630475	1	0	1	1.6093162004258568
26200.0	1000.0	1766.4300606304764	0.0	0	674.4681196326201	1966.430060630475	1	0	1	1.6093162004258568
27200.0	1000.0	1766.4300606304726	0.0	0	492.76788568488337	1966.430060630475	1	0	1	1.6093162004258568
28200.0	1000.0	1766.4300606304716	0.0	0	700.876041493324	1966.4300606304787	1	0	1	1.6093162004258565
29200.0	1000.0	1766.4300606304737	0.0	0	462.0351091010052	1966.4300606304823	1	0	1	1.609316200425856
30200.0	1000.0	1766.4300606304732	0.0	0	463.4003331702879	1966.430060630486	1	0	1	1.6093162004258557
31200.0	1000.0	1766.4300606304685	0.0	0	371.923165475313	1966.4300606304823	1	0	1	1.609316200425856
32200.0	1000.0	1766.4300606304719	0.0	0	571.6600454537875	1966.4300606304823	1	0	1	1.609316200425856
33200.0	1000.0	1766.4300606304741	0.0	0	570.9735556575797	1966.4300606304823	1	0	1	1.609316200425856
34200.0	1000.0	1766.4300606304757	0.0	0	325.5522677010158	1966.4300606304823	1	0	1	1.609316200425856
35200.0	1000.0	1766.4300606304844	0.0	0	440.73733854692546	1966.4300606304969	1	0	1	1.6093162004258552
36200.0	1000.0	1766.430060630477	0.0	0	361.20599899071385	1966.4300606304969	1	0	1	1.6093162004258545
37200.0	1000.0	1766.4300606304832	0.0	0	322.6416643040793	1966.4300606304969	1	0	1	1.6093162004258545
38309.64474969096	1000.0	1656.7853109395257	0.0	0	0.0	1966.4300606304969	1	0	1	1.6093162004258545
39200.0	1000.0	1766.430060630486	0.0	0	215.4566365263163	1966.4300606304969	1	0	1	1.6093162004258545
40200.0	1000.0	1766.4300606304807	0.0	0	383.75317348532553	1966.4300606304969	1	0	1	1.6093162004258545
41200.0	1000.0	1766.4300606304785	0.0	0	548.4991969418625	1966.4300606304969	1	0	1	1.6093162004258545
42200.0	1000.0	1766.4300606304844	0.0	0	405.38459096712177	1966.4300606305042	1	0	1	1.6093162004258539
43200.0	1000.0	1766.4300606304787	0.0	0	525.1956206397736	1966.4300606305042	1	0	1	1.6093162004258539
44200.0	1000.0	1766.4300606304735	0.0	0	367.77459966325114	1966.4300606305042	1	0	1	1.6093162004258539
45200.0	1000.0	1766.4300606304757	0.0	0	531.53079596522	1966.4300606305042	1	0	1	1.6093162004258539
46200.0	1000.0	1766.4300606304687	0.0	0	602.111081664596	1966.4300606305042	1	0	1	1.6093162004258539
47200.0	1000.0	1766.4300606304712	0.0	0	612.7212553686477	1966.4300606305042	1	0	1	1.6093162004258539
48200.0	1000.0	1766.4300606304762	0.0	0	712.8433623713281	1966.4300606305042	1	0	1	1.6093162004258539
49200.0	1000.0	1766.43006063047	0.0	0	467.31291215278907	1966.4300606305042	1	0	1	1.6093162004258539
50200.0	1000.0	1766.4300606304628	0.0	0	490.9256298173277	1966.4300606305114	1	0	1	1.6093162004258532
51200.0	1000.0	1766.430060630466	0.0	0	390.35676982034784	1966.4300606305114	1	0	1	1.6093162004258532
52200.0	1000.0	1766.4300606304587	0.0	0	515.8339654395095	1966.4300606305042	1	0	1	1.6093162004258539
53200.0	1000.0	1766.4300606304612	0.0	0	484.9797123295866	1966.4300606305042	1	0	1	1.6093162004258539
54200.0	1000.0	1766.4300606304546	0.0	0	512.5862267893972	1966.4300606305042	1	0	1	1.6093162004258539
55200.0	1000.0	1766.4300606304548	0.0	0	629.5411976604155	1966.4300606305042	1	0	1	1.6093162004258539
56200.0	1000.0	1766.4300606304625	0.0	0	639.2824366251953	1966.4300606305042	1	0	1	1.6093162004258539
57200.0	1000.0	1766.4300606304635	0.0	0	445.9277556173038	1966.4300606305042	1	0	1	1.6093162004258539
58200.0	1000.0	1766.4300606304587	0.0	0	721.8872176793593	1966.4300606305042	1	0	1	1.6093162004258539
59200.0	1000.0	1766.4300606304646	0.0	0	705.9297242589964	1966.4300606305042	1	0	1	1.6093162004258539
60200.0	1000.0	1766.4300606304678	0.0	0	418.5010734847019	1966.4300606305042	1	0	1	1.6093162004258539
62003.26104192083	2000.0	963.1690187096373	0.0	0	0.0	1966.4300606304969	1	0	1	1.9558897907058272
62632.62282961639	1000.0	1333.807231014074	0.0	0	0.0	1966.4300606304896	1	0	1	0.9161690198659103
63206.46467785327	1000.0	1759.9653827771947	0.0	0	0.0	1966.4300606304823	1	0	1	1.609316200425856
64200.0	1000.0	1766.4300606304676	0.0	0	650.5386693983601	1966.4300606304823	1	0	1	1.609316200425856
65200.0	1000.0	1766.430060630456	0.0	0	562.0562208671254	1966.4300606304823	1	0	1	1.609316200425856
66200.0	1000.0	1766.4300606304662	0.0	0	692.6788288114112	1966.4300606304969	1	0	1	1.6093162004258552
67200.0	1000.0	1766.4300606304914	0.0	0	630.8539710721961	1966.4300606305187	1	0	1	1.6093162004258528
68200.0	1000.0	1766.4300606304919	0.0	0	288.144501772229	1966.4300606305187	1	0	1	1.6093162004258523
69200.0	1000.0	1766.430060630486	0.0	0	571.0065311039507	1966.4300606305187	1	0	1	1.6093162004258523
70200.0	1000.0	1766.4300606304835	0.0	0	481.20564502959314	1966.4300606305042	1	0	1	1.6093162004258539
71200.0	1000.0	1766.4300606304857	0.0	0	545.4308758261614	1966.4300606305042	1	0	1	1.6093162004258539
72200.0	2000.0	1766.4300606304862	0.0	0	21.73267759961891	1966.4300606305187	1	0	1	1.955889790705825
73200.0	2000.0	1766.4300606304942	0.0	0	95.27334980477463	1966.4300606305187	1	0	1	2.64903697126577
74200.0	2000.0	1766.430060630501	0.0	0	349.7819386377523	1966.4300606305187	1	0	1	2.64903697126577
75200.0	2000.0	1766.4300606305017	0.0	0	612.2655194032122	1966.4300606305187	1	0	1	2.64903697126577
76200.0	2000.0	1766.4300606305137	0.0	0	479.3548674394551	1966.4300606305042	1	0	1	2.649036971265772
77277.34125571125	2000.0	1689.0888049192592	0.0	0	0.0	1966.4300606305187	1	0	1	2.64903697126577
78200.0	2000.0	1766.4300606305046	0.0	0	12.007180780754425	1966.4300606305187	1	0	1	2.64903697126577
79200.0	2000.0	1766.4300606304919	0.0	0	448.91325251308444	1966.4300606305187	1	0	1	2.64903697126577
80200.0	2000.0	1766.4300606305083	0.0	0	425.2557785187382	1966.4300606305187	1	0	1	2.64903697126577
81200.0	2000.0	1766.430060630505	0.0	0	144.14145387540339	1966.4300606305187	1	0	1	2.64903697126577
82200.0	2000.0	1766.4300606305217	0.0	0	66.70881404670945	1966.4300606305042	1	0	1	2.649036971265772
83620.3760129292	2000.0	1346.054047701317	0.0	0	0.0	1966.4300606305042	1	0	1	2.649036971265772
84674.13425096008	2000.0	1292.2958096704385	0.0	0	0.0	1966.4300606305042	1	0	1	2.649036971265772
85507.41037635549	1000.0	1459.0196842750315	0.0	0	0.0	1966.4300606305042	1	0	1	0.9161690198659086
86200.0	1000.0	1766.430060630523	0.0	0	2.4408022671123035	1966.4300606305042	1	0	1	1.6093162004258539
87200.0	1000.0	1766.430060630537	0.0	0	410.5810361329204	1966.4300606305187	1	0	1	1.6093162004258523
88200.0	1000.0	1766.430060630549	0.0	0	134.45177576852439	1966.4300606305042	1	0	1	1.6093162004258539
89200.0	1000.0	1766.4300606305364	0.0	0	459.9050637439068	1966.4300606305042	1	0	1	1.6093162004258539
90200.0	1000.0	1766.4300606305374	0.0	0	685.4671903080161	1966.4300606305187	1	0	1	1.6093162004258523
91200.0	1000.0	1766.4300606305567	0.0	0	772.6840677724686	1966.4300606305333	1	0	1	1.609316200425851
92200.0	1000.0	1766.4300606305603	0.0	0	602.0795251422533	1966.4300606305333	1	0	1	1.609316200425851
93200.0	1000.0	1766.4300606305624	0.0	0	307.3438123404194	1966.4300606305333	1	0	1	1.609316200425851
94200.0	1000.0	1766.4300606305646	0.0	0	586.2405384640297	1966.4300606305187	1	0	1	1.6093162004258523
95200.0	1000.0	1766.430060630578	0.0	0	614.8190388679213	1966.4300606305187	1	0	1	1.6093162004258523
96200.0	1000.0	1766.430060630581	0.0	0	710.1825253096176	1966.4300606305333	1	0	1	1.609316200425851
97200.0	1000.0	1766.4300606305858	0.0	0	474.8462256863859	1966.4300606305333	1	0	1	1.609316200425851
98200.0	1000.0	1766.4300606305653	0.0	0	380.5494065344974	1966.4300606305187	1	0	1	1.6093162004258523
99200.0	1000.0	1766.4300606305603	0.0	0	351.9529207872256	1966.4300606305042	1	0	1	1.6093162004258539
100200.0	1000.0	1766.4300606305492	0.0	0	555.6265806271404	1966.4300606304896	1	0	1	1.6093162004258554
101200.0	1000.0	1766.4300606305462	0.0	0	548.990128172838	1966.4300606304896	1	0	1	1.6093162004258554
102200.0	1000.0	1766.4300606305462	0.0	0	588.609647328427	1966.4300606304896	1	0	1	1.6093162004258554
103200.0	1000.0	1766.430060630535	0.0	0	466.19361433340237	1966.430060630475	1	0	1	1.6093162004258568
104200.0	1000.0	1766.430060630537	0.0	0	623.5844606612955	1966.430060630475	1	0	1	1.6093162004258568
105200.0	1000.0	1766.4300606305376	0.0	0	85.90278735275206	1966.430060630475	1	0	1	1.6093162004258568
106200.0	1000.0	1766.4300606305485	0.0	0	659.0048078737309	1966.430060630475	1	0	1	1.6093162004258568
107200.0	1000.0	1766.4300606305478	0.0	0	443.90445666917367	1966.430060630475	1	0	1	1.6093162004258568
108200.0	1000.0	1766.4300606305335	0.0	0	288.0059474149457	1966.4300606304605	1	0	1	1.6093162004258583
109200.0	1000.0	1766.4300606305417	0.0	0	547.5927185854962	1966.4300606304605	1	0	1	1.6093162004258583
110200.0	1000.0	1766.4300606305312	0.0	0	370.6968116912176	1966.4300606304605	1	0	1	1.6093162004258583
111200.0	1000.0	1766.4300606305237	0.0	0	558.6329325919069	1966.4300606304605	1	0	1	1.6093162004258583
112200.0	1000.0	1766.4300606305346	0.0	0	696.6337696243572	1966.4300606304605	1	0	1	1.6093162004258583
113200.0	1000.0	1766.4300606305396	0.0	0	565.9035660173104	1966.4300606304605	1	0	1	1.6093162004258583
114200.0	1000.0	1766.430060630531	0.0	0	492.71413911088894	1966.4300606304605	1	0	1	1.6093162004258583
115200.0	1000.0	1766.430060630523	0.0	0	407.2332516072056	1966.430060630446	1	0	1	1.6093162004258597
116200.0	1000.0	1766.4300606305235	0.0	0	609.4897067738493	1966.430060630446	1	0	1	1.6093162004258597
117200.0	1000.0	1766.4300606305164	0.0	0	731.9067731772957	1966.430060630446	1	0	1	1.6093162004258597
118200.0	1000.0	1766.4300606305235	0.0	0	421.5188515263435	1966.430060630446	1	0	1	1.6093162004258597
119200.0	1000.0	1766.4300606305176	0.0	0	534.2096331503562	1966.430060630446	1	0	1	1.6093162004258597
120200.0	1000.0	1766.430060630516	0.0	0	505.1058258409321	1966.4300606304605	1	0	1	1.6093162004258583
121200.0	1000.0	1766.4300606305094	0.0	0	495.8085995834699	1966.4300606304605	1	0	1	1.6093162004258583
122200.0	1000.0	1766.4300606305173	0.0	0	565.7898447759217	1966.4300606304605	1	0	1	1.6093162004258583
123200.0	1000.0	1766.4300606305176	0.0	0	578.1038537063141	1966.430060630475	1	0	1	1.6093162004258568
124200.0	1000.0	1766.4300606305283	0.0	0	463.7339244470495	1966.430060630475	1	0	1	1.6093162004258568
125200.0	1000.0	1766.4300606305217	0.0	0	651.3721934037021	1966.430060630475	1	0	1	1.6093162004258568
126200.0	1000.0	1766.430060630519	0.0	0	651.155661926241	1966.430060630475	1	0	1	1.6093162004258568
127200.0	1000.0	1766.4300606305083	0.0	0	531.7675795555697	1966.430060630475	1	0	1	1.6093162004258568
128200.0	1000.0	1766.4300606305078	0.0	0	366.9308056293521	1966.430060630475	1	0	1	1.6093162004258568
129200.0	1000.0	1766.430060630517	0.0	0	556.2197183091339	1966.430060630475	1	0	1	1.6093162004258568
130200.0	1000.0	1766.4300606305312	0.0	0	529.2975949107349	1966.430060630475	1	0	1	1.6093162004258568
131200.0	1000.0	1766.4300606305405	0.0	0	599.8123166665318	1966.430060630475	1	0	1	1.6093162004258568
132200.0	1000.0	1766.4300606305353	0.0	0	683.9087252435565	1966.430060630475	1	0	1	1.6093162004258565
133200.0	1000.0	1766.4300606305405	0.0	0	743.1753171335149	1966.4300606304896	1	0	1	1.6093162004258548
134200.0	1000.0	1766.4300606305394	0.0	0	686.108437126939	1966.4300606304896	1	0	1	1.6093162004258554
135200.0	1000.0	1766.4300606305287	0.0	0	538.7453435970529	1966.4300606305187	1	0	1	1.6093162004258523
136200.0	1000.0	1766.430060630537	0.0	0	625.800266259379	1966.4300606305478	1	0	1	1.6093162004258497
137200.0	1000.0	1766.4300606305335	0.0	0	584.6891818194999	1966.430060630577	1	0	1	1.6093162004258466
138200.0	1000.0	1766.4300606305103	0.0	0	489.50718059565406	1966.430060630577	1	0	1	1.6093162004258466
139200.0	1000.0	1766.430060630547	0.0	0	684.6404568544531	1966.430060630577	1	0	1	1.6093162004258466
140200.0	2000.0	1766.4300606305333	0.0	0	390.0863836093922	1966.430060630577	1	0	1	1.9558897907058195
141200.0	2000.0	1766.4300606305208	0.0	0	185.07738252231502	1966.430060630606	1	0	1	2.6490369712657613
142200.0	2000.0	1766.4300606304942	0.0	0	134.51525335444603	1966.430060630606	1	0	1	2.6490369712657613
143200.0	2000.0	1766.43006063048	0.0	0	281.06387265690137	1966.430060630606	1	0	1	2.6490369712657613
144200.0	2000.0	1766.4300606304628	0.0	0	40.72253297435236	1966.430060630606	1	0	1	2.6490369712657613
145200.0	2000.0	1766.430060630502	0.0	0	40.61119983979734	1966.430060630606	1	0	1	2.6490369712657613
146200.0	2000.0	1766.430060630529	0.0	0	251.08243086087168	1966.430060630606	1	0	1	2.6490369712657613
147200.0	2000.0	1766.4300606305255	0.0	0	220.52067172215902	1966.4300606306351	1	0	1	2.6490369712657587
148200.0	2000.0	1766.430060630542	0.0	0	121.2257487984607	1966.4300606306351	1	0	1	2.6490369712657587
149200.0	2000.0	1766.4300606305528	0.0	0	267.8926788259705	1966.4300606306351	1	0	1	2.6490369712657587
150219.90968779608	2000.0	1746.5203728344563	0.0	0	0.0	1966.4300606306351	1	0	1	2.6490369712657587
151200.0	2000.0	1766.4300606305217	0.0	0	265.16224103057175	1966.4300606306351	1	0	1	2.6490369712657587
152200.0	2000.0	1766.4300606305178	0.0	0	293.7535915147164	1966.4300606306351	1	0	1	2.6490369712657587
153200.0	2000.0	1766.4300606305412	0.0	0	173.97788553446298	1966.4300606306351	1	0	1	2.6490369712657587
154200.0	2000.0	1766.4300606305728	0.0	0	362.85032026914996	1966.4300606306351	1	0	1	2.6490369712657587
155361.136393129	2000.0	1605.2936675015515	0.0	0	0.0	1966.4300606306351	1	0	1	2.6490369712657587
156517.16385682256	2000.0	1449.2662038080039	0.0	0	0.0	1966.4300606306351	1	0	1	2.6490369712657587
157491.04158417467	2000.0	1475.388476455847	0.0	0	0.0	1966.430060630606	1	0	1	2.6490369712657613
158502.71681940742	2000.0	1463.713241223101	0.0	0	0.0	1966.430060630606	1	0	1	2.6490369712657613
159514.69831306388	2000.0	1451.7317475666189	0.0	0	0.0	1966.430060630606	1	0	1	2.6490369712657613
160228.5898864546	2000.0	1737.8401741758992	0.0	0	0.0	1966.430060630606	1	0	1	2.6490369712657613
161257.63190054448	2000.0	1708.798160086013	0.0	0	0.0	1966.430060630606	1	0	1	2.6490369712657595
162200.0	2000.0	1766.4300606305383	0.0	0	328.50677953721606	1966.430060630606	1	0	1	2.6490369712657613
163200.0	2000.0	1766.4300606305305	0.0	0	236.14008129067952	1966.430060630606	1	0	1	2.6490369712657613
164642.0032729604	2000.0	1324.426787670088	0.0	0	0.0	1966.430060630606	1	0	1	2.6490369712657613
165442.81071779967	1000.0	1523.6193428307804	0.0	0	0.0	1966.430060630606	1	0	1	0.9161690198658986
166294.27975441716	1000.0	1672.1503062132822	0.0	0	0.0	1966.430060630606	1	0	1	1.6093162004258437
167200.0	1000.0	1766.4300606304366	0.0	0	235.37690882672905	1966.430060630606	1	0	1	1.6093162004258437
168200.0	1000.0	1766.430060630432	0.0	0	135.4667233734508	1966.430060630606	1	0	1	1.6093162004258437
169200.0	1000.0	1766.4300606304225	0.0	0	453.85278050776105	1966.430060630606	1	0	1	1.6093162004258437
170200.0	1000.0	1766.43006063039	0.0	0	288.21270966052543	1966.430060630606	1	0	1	1.6093162004258437
171200.0	1000.0	1766.4300606303714	0.0	0	372.7421762601007	1966.430060630577	1	0	1	1.6093162004258443
172200.0	1000.0	1766.4300606303616	0.0	0	561.0372348732199	1966.430060630577	1	0	1	1.6093162004258466
173200.0	1000.0	1766.4300606303884	0.0	0	402.5286548869044	1966.4300606306351	1	0	1	1.6093162004258432
174200.0	1000.0	1766.430060630406	0.0	0	481.1467642520729	1966.4300606306351	1	0	1	1.6093162004258408
175200.0	1000.0	1766.4300606304212	0.0	0	480.2189999220136	1966.4300606306351	1	0	1	1.6093162004258408
176200.0	1000.0	1766.4300606304184	0.0	0	537.6267203714815	1966.4300606306351	1	0	1	1.6093162004258408
177200.0	1000.0	1766.4300606304155	0.0	0	591.4483716053655	1966.4300606306351	1	0	1	1.6093162004258408
178200.0	1000.0	1766.4300606304346	0.0	0	591.2456788258278	1966.4300606306642	1	0	1	1.609316200425838
179200.0	1000.0	1766.4300606304125	0.0	0	388.8059213735105	1966.4300606306351	1	0	1	1.6093162004258408
180200.0	1000.0	1766.4300606304025	0.0	0	458.4641505765612	1966.4300606306351	1	0	1	1.6093162004258408
181200.0	1000.0	1766.4300606303946	0.0	0	615.4962358497141	1966.4300606306351	1	0	1	1.6093162004258408
182200.0	1000.0	1766.4300606304223	0.0	0	629.6750213557389	1966.4300606306351	1	0	1	1.6093162004258408
183200.0	1000.0	1766.4300606304048	0.0	0	252.58365469716955	1966.4300606306642	1	0	1	1.6093162004258401
184200.0	1000.0	1766.4300606303905	0.0	0	379.7991029791883	1966.4300606306642	1	0	1	1.609316200425838
185200.0	1000.0	1766.4300606303975	0.0	0	394.852740810893	1966.4300606306642	1	0	1	1.609316200425838
186200.0	1000.0	1766.4300606303825	0.0	0	304.67644235750777	1966.4300606306351	1	0	1	1.6093162004258408
187200.0	1000.0	1766.430060630387	0.0	0	158.46174960784265	1966.4300606306351	1	0	1	1.6093162004258408
188200.0	1000.0	1766.4300606303564	0.0	0	232.90139049928985	1966.4300606306351	1	0	1	1.6093162004258408
189200.0	1000.0	1766.4300606303677	0.0	0	448.56980536843184	1966.4300606306351	1	0	1	1.6093162004258408
190200.0	1000.0	1766.4300606303411	0.0	0	593.1169502266857	1966.4300606306351	1	0	1	1.6093162004258408
191200.0	1000.0	1766.430060630346	0.0	0	468.47675674577476	1966.4300606306351	1	0	1	1.6093162004258408
192200.0	1000.0	1766.4300606303161	0.0	0	631.3740627822699	1966.4300606306351	1	0	1	1.6093162004258408
193200.0	1000.0	1766.4300606303273	0.0	0	481.4275106660207	1966.4300606306351	1	0	1	1.6093162004258408
194200.0	1000.0	1766.4300606303398	0.0	0	484.5527856317058	1966.4300606306351	1	0	1	1.6093162004258408
195200.0	1000.0	1766.4300606303277	0.0	0	704.7562928812986	1966.4300606306351	1	0	1	1.6093162004258408
196200.0	1000.0	1766.4300606303382	0.0	0	693.4700695987267	1966.4300606306351	1	0	1	1.6093162004258408
197200.0	1000.0	1766.430060630318	0.0	0	573.4498296419624	1966.430060630606	1	0	1	1.6093162004258437
198200.0	1000.0	1766.4300606303304	0.0	0	476.8895971722668	1966.4300606306351	1	0	1	1.6093162004258408
199200.0	1000.0	1766.4300606303213	0.0	0	417.1157057262608	1966.4300606306351	1	0	1	1.6093162004258408
200200.0	1000.0	1766.4300606302977	0.0	0	525.3475245472509	1966.430060630606	1	0	1	1.6093162004258437
201200.0	1000.0	1766.4300606302738	0.0	0	507.44249942561146	1966.430060630606	1	0	1	1.6093162004258437
202200.0	1000.0	1766.4300606302738	0.0	0	568.5710771234299	1966.430060630577	1	0	1	1.6093162004258466
203200.0	1000.0	1766.4300606302475	0.0	0	597.1734767747985	1966.430060630577	1	0	1	1.6093162004258466
204200.0	1000.0	1766.4300606302559	0.0	0	638.717250100337	1966.430060630577	1	0	1	1.6093162004258466
205200.0	1000.0	1766.430060630238	0.0	0	508.28063574328553	1966.430060630577	1	0	1	1.6093162004258466
206200.0	1000.0	1766.430060630259	0.0	0	617.9019597048755	1966.430060630577	1	0	1	1.6093162004258466
207200.0	1000.0	1766.4300606302463	0.0	0	556.1444361753238	1966.430060630577	1	0	1	1.6093162004258466
208200.0	1000.0	1766.4300606302447	0.0	0	656.3562933198118	1966.430060630577	1	0	1	1.6093162004258466
209200.0	1000.0	1766.4300606302324	0.0	0	507.76014946220675	1966.4300606305478	1	0	1	1.6093162004258497
210200.0	1000.0	1766.4300606302143	0.0	0	193.61281704474823	1966.4300606305478	1	0	1	1.6093162004258497
211200.0	1000.0	1766.4300606301993	0.0	0	466.89430584420916	1966.4300606305478	1	0	1	1.6093162004258497
212200.0	1000.0	1766.430060630188	0.0	0	490.233308273484	1966.4300606305187	1	0	1	1.6093162004258523
213200.0	1000.0	1766.4300606301938	0.0	0	619.0483390032896	1966.4300606305187	1	0	1	1.6093162004258523
214200.0	1000.0	1766.430060630206	0.0	0	570.4564645256905	1966.4300606305187	1	0	1	1.6093162004258523
215200.0	1000.0	1766.430060630213	0.0	0	600.8301320857427	1966.4300606305187	1	0	1	1.6093162004258523
216200.0	1000.0	1766.4300606301915	0.0	0	727.315536073409	1966.4300606305187	1	0	1	1.6093162004258523
217200.0	1000.0	1766.4300606301927	0.0	0	311.3020630379906	1966.4300606305187	1	0	1	1.6093162004258523
218200.0	1000.0	1766.4300606301772	0.0	0	690.0023698416771	1966.4300606305187	1	0	1	1.6093162004258523
219200.0	1000.0	1766.4300606301877	0.0	0	640.5710772783495	1966.4300606305187	1	0	1	1.6093162004258523
220200.0	1000.0	1766.4300606302338	0.0	0	692.3523527374491	1966.4300606305478	1	0	1	1.6093162004258497
221200.0	1000.0	1766.4300606301902	0.0	0	400.5190367605246	1966.4300606305478	1	0	1	1.6093162004258497
222200.0	2000.0	1766.4300606301738	0.0	0	311.44157142945915	1966.430060630577	1	0	1	1.9558897907058217
223200.0	2000.0	1766.4300606301856	0.0	0	393.62583458196605	1966.430060630577	1	0	1	2.6490369712657644
224200.0	2000.0	1766.4300606301963	0.0	0	517.9790302260953	1966.430060630577	1	0	1	2.6490369712657644
225200.0	2000.0	1766.430060630189	0.0	0	354.609380411217	1966.430060630606	1	0	1	2.6490369712657613
226200.0	2000.0	1766.4300606301915	0.0	0	37.74079927045386	1966.4300606305478	1	0	1	2.6490369712657653
227200.0	1000.0	1766.430060630196	0.0	0	535.1463900082163	1966.4300606305478	1	0	1	0.9161690198659045
228200.0	2000.0	1766.4300606301713	0.0	0	280.86003156597144	1966.430060630577	1	0	1	1.9558897907058217
229200.0	2000.0	1766.4300606301645	0.0	0	307.0369130822364	1966.430060630577	1	0	1	2.6490369712657644
230200.0	2000.0	1766.430060630136	0.0	0	237.99837386081344	1966.4300606305478	1	0	1	2.6490369712657675
231200.0	2000.0	1766.4300606301522	0.0	0	124.07623021499603	1966.4300606305478	1	0	1	2.6490369712657675
232521.90896127536	2000.0	1444.5210993547885	0.0	0	0.0	1966.4300606305478	1	0	1	2.6490369712657675
234116.5102337236	2000.0	849.9198269065483	0.0	0	0.0	1966.4300606305478	1	0	1	2.6490369712657675
235179.97884394904	1000.0	786.451216681102	0.0	0	0.0	1966.430060630577	1	0	1	0.9161690198659032
235741.4067052841	1000.0	1225.0233553460125	0.0	0	0.0	1966.430060630577	1	0	1	1.6093162004258466
236264.41868148983	1000.0	1702.0113791402969	0.0	0	0.0	1966.430060630577	1	0	1	1.6093162004258466
237200.0	1000.0	1766.4300606301256	0.0	0	21.246841814834625	1966.430060630577	1	0	1	1.6093162004258466
238200.0	1000.0	1766.4300606301138	0.0	0	233.9163523890893	1966.430060630577	1	0	1	1.6093162004258466
239200.0	1000.0	1766.4300606301194	0.0	0	596.2129543017072	1966.430060630577	1	0	1	1.6093162004258466
240200.0	1000.0	1766.430060630099	0.0	0	666.1699302230554	1966.430060630577	1	0	1	1.6093162004258466
241200.0	1000.0	1766.4300606300787	0.0	0	693.3123433286964	1966.430060630577	1	0	1	1.6093162004258466
242200.0	1000.0	1766.4300606301147	0.0	0	413.4497934828105	1966.4300606305478	1	0	1	1.6093162004258472
243200.0	1000.0	1766.4300606301213	0.0	0	423.2805975242518	1966.4300606305478	1	0	1	1.6093162004258497
244200.0	1000.0	1766.4300606301456	0.0	0	558.7913528754143	1966.4300606305478	1	0	1	1.6093162004258497
245200.0	1000.0	1766.4300606301708	0.0	0	673.4185255582852	1966.430060630577	1	0	1	1.6093162004258466
246200.0	1000.0	1766.4300606302036	0.0	0	604.156480231235	1966.430060630577	1	0	1	1.6093162004258466
247200.0	1000.0	1766.430060630231	0.0	0	222.01548679251573	1966.430060630577	1	0	1	1.6093162004258466
248200.0	1000.0	1766.4300606302716	0.0	0	536.5286320369632	1966.430060630577	1	0	1	1.6093162004258466
249200.0	1000.0	1766.4300606302288	0.0	0	520.6544106117508	1966.430060630577	1	0	1	1.6093162004258466
250200.0	1000.0	1766.4300606302183	0.0	0	624.5481763377611	1966.430060630577	1	0	1	1.6093162004258466
251200.0	1000.0	1766.4300606302177	0.0	0	600.837242830894	1966.430060630577	1	0	1	1.6093162004258466
252200.0	1000.0	1766.4300606302243	0.0	0	534.1899862837454	1966.430060630577	1	0	1	1.6093162004258466
253200.0	1000.0	1766.430060630185	0.0	0	421.5705026210344	1966.4300606305478	1	0	1	1.6093162004258497
254200.0	1000.0	1766.4300606302093	0.0	0	208.43577961207484	1966.4300606305187	1	0	1	1.6093162004258523
255200.0	1000.0	1766.430060630225	0.0	0	675.3263904107735	1966.4300606305187	1	0	1	1.6093162004258523
256200.0	1000.0	1766.4300606302525	0.0	0	322.5743602178409	1966.4300606305187	1	0	1	1.6093162004258523
257200.0	1000.0	1766.4300606302716	0.0	0	435.56667599407956	1966.4300606305478	1	0	1	1.6093162004258497
258200.0	1000.0	1766.4300606302538	0.0	0	391.2796742718201	1966.4300606305478	1	0	1	1.6093162004258497
259200.0	1000.0	1766.4300606302604	0.0	0	287.4945436055714	1966.430060630577	1	0	1	1.6093162004258466
260200.0	1000.0	1766.430060630262	0.0	0	587.6256388887705	1966.430060630577	1	0	1	1.6093162004258466
261200.0	1000.0	1766.4300606302224	0.0	0	618.1363489027135	1966.4300606305478	1	0	1	1.6093162004258497
262200.0	1000.0	1766.4300606302472	0.0	0	443.6674988408631	1966.4300606305187	1	0	1	1.6093162004258523
263200.0	1000.0	1766.4300606302056	0.0	0	523.7258913539117	1966.4300606304605	1	0	1	1.6093162004258548
264200.0	1000.0	1766.4300606301822	0.0	0	332.6490203480935	1966.4300606304314	1	0	1	1.6093162004258594
265200.0	1000.0	1766.4300606301788	0.0	0	585.8935556637589	1966.4300606304314	1	0	1	1.6093162004258612
266200.0	1000.0	1766.430060630145	0.0	0	616.7818028662005	1966.4300606304314	1	0	1	1.6093162004258612
267200.0	1000.0	1766.4300606301335	0.0	0	351.9653327509877	1966.4300606304314	1	0	1	1.6093162004258612
268200.0	1000.0	1766.4300606301106	0.0	0	495.6375694469898	1966.4300606303732	1	0	1	1.6093162004258672
269200.0	1000.0	1766.430060630099	0.0	0	430.78413540753536	1966.4300606303732	1	0	1	1.6093162004258672
270200.0	1000.0	1766.4300606300994	0.0	0	633.1160864397534	1966.4300606303732	1	0	1	1.6093162004258672
271200.0	1000.0	1766.4300606300797	0.0	0	539.0171996959252	1966.4300606303732	1	0	1	1.6093162004258672
272200.0	1000.0	1766.4300606301051	0.0	0	380.20061425253516	1966.4300606304314	1	0	1	1.6093162004258612
273200.0	1000.0	1766.4300606301292	0.0	0	592.8572364936699	1966.4300606304314	1	0	1	1.6093162004258612
274200.0	1000.0	1766.4300606301692	0.0	0	653.0223201898043	1966.4300606304314	1	0	1	1.6093162004258612
275200.0	1000.0	1766.4300606301804	0.0	0	571.3736248624045	1966.4300606304314	1	0	1	1.6093162004258612
276200.0	1000.0	1766.4300606301983	0.0	0	667.4981740651419	1966.4300606304896	1	0	1	1.6093162004258554
277200.0	1000.0	1766.4300606301758	0.0	0	268.1595130163478	1966.4300606304896	1	0	1	1.6093162004258554
278200.0	1000.0	1766.4300606302693	0.0	0	304.52574744517915	1966.4300606305478	1	0	1	1.6093162004258497
279200.0	1000.0	1766.4300606302465	0.0	0	479.5321834872593	1966.4300606305478	1	0	1	1.6093162004258497
280200.0	1000.0	1766.4300606302422	0.0	0	598.8397469096235	1966.4300606305478	1	0	1	1.6093162004258497
281200.0	1000.0	1766.430060630253	0.0	0	651.6469434138271	1966.4300606305478	1	0	1	1.6093162004258497
282200.0	1000.0	1766.4300606302786	0.0	0	804.353301947529	1966.4300606305478	1	0	1	1.6093162004258497
283200.0	1000.0	1766.4300606302807	0.0	0	632.2154239134397	1966.4300606305478	1	0	1	1.6093162004258497
284200.0	1000.0	1766.4300606303148	0.0	0	644.0792087682639	1966.4300606305478	1	0	1	1.6093162004258497
285200.0	1000.0	1766.4300606302493	0.0	0	665.0854389226879	1966.4300606305478	1	0	1	1.6093162004258497
286200.0	1000.0	1766.430060630245	0.0	0	491.289690256468	1966.4300606304896	1	0	1	1.6093162004258554
287200.0	1000.0	1766.430060630298	0.0	0	537.4232438075705	1966.4300606304896	1	0	1	1.6093162004258554
288200.0	1000.0	1766.430060630292	0.0	0	773.0807726608473	1966.4300606304896	1	0	1	1.6093162004258554
289200.0	2000.0	1766.4300606302486	0.0	0	425.4585318741156	1966.4300606304896	1	0	1	1.955889790705828
290200.0	2000.0	1766.4300606302666	0.0	0	86.45450662844814	1966.4300606304896	1	0	1	2.649036971265773
291200.0	2000.0	1766.430060630303	0.0	0	216.8792943932931	1966.4300606304896	1	0	1	2.649036971265773
292200.0	2000.0	1766.4300606302475	0.0	0	295.77372582489625	1966.4300606303732	1	0	1	2.6490369712657804
293200.0	2000.0	1766.430060630203	0.0	0	86.65737194707617	1966.4300606303732	1	0	1	2.649036971265785
294200.0	2000.0	1766.4300606302272	0.0	0	264.05843474547146	1966.4300606304314	1	0	1	2.6490369712657835
295200.0	2000.0	1766.430060630211	0.0	0	255.3867512976285	1966.4300606304896	1	0	1	2.649036971265773
296200.0	2000.0	1766.4300606302381	0.0	0	141.4150120737031	1966.4300606304896	1	0	1	2.649036971265773
297200.0	2000.0	1766.4300606303075	0.0	0	42.238848998444155	1966.4300606304896	1	0	1	2.649036971265773
298431.1418479421	2000.0	1535.2882126882378	0.0	0	0.0	1966.4300606304896	1	0	1	2.649036971265773
299478.473677414	2000.0	1487.9563832163572	0.0	0	0.0	1966.4300606304896	1	0	1	2.649036971265773
300258.9287360141	2000.0	1707.5013246162516	0.0	0	0.0	1966.4300606304314	1	0	1	2.6490369712657764
3.2	2.61	2.47	1.85	2.68	2.43	2.35	2.28	2.59	2.56	2.04	1.7	1.66	1.64	1.44	1.29	1.75	1.62	2.12	1.95	1.95	2.65	2.53	2.64	3.54	2.28	2.11	1.66	2.44	2.4	1.87	1.77	1.61	1.48	1.07	1.46	2.17	2.47	2.05	2.28	1.51	2.54	2.78	3.64	3.35	2.44	1.63	2.29	2.2	2.21	2.25	2.47	2.36	2.42	3.35	3.23	2.35	1.24	1.56	2.03	2.7	3.23	2.76	3.57	1.77	2.68	2.51	2.77	2.27	2.7	3.52	4.53	3.26	1.84	2.84	3.0	3.78	2.7	2.19	2.04	1.77	1.31	1.01	2.12	1.27	1.6	2.62	3.94	2.71	1.9	2.04	2.94	4.23	2.17	1.62	2.15	2.33	2.94	3.56	2.27	2.19	1.34	2.77	1.96	1.92	2.14	1.32	2.28	3.2	1.93	2.26	1.59	2.92	3.21	1.95	1.99	2.47	2.58	2.34	1.96	2.64	2.58	3.01	2.88	1.49	1.98	1.92	2.66	3.79	5.03	3.2	2.7	3.2	2.35	2.77	3.92	3.98	2.68	3.2	3.57	2.64	2.72	2.42	2.59	2.15	2.25	1.9	2.94	3.51	2.33	3.2	2.61	2.47	1.85	2.68	2.43	2.35	2.28	2.59	2.56	2.04	1.7	1.66	1.64	1.44	1.29	1.75	1.62	2.12	1.95	1.95	2.65	2.53	2.64	3.54	2.28	2.11	1.66	2.44	2.4	1.87	1.77	1.61	1.48	1.07	1.46	2.17	2.47	2.05	2.28	1.51	2.54	2.78	3.64	3.35	2.44	1.63	2.29	2.2	2.21	2.25	2.47	2.36	2.42	3.35	3.23	2.35	1.24	1.56	2.03	2.7	3.23	2.76	3.57	1.77	2.68	2.51	2.77	2.27	2.7	3.52	4.53	3.26	1.84	2.84	3.0	3.78	2.7	2.19	2.04	1.77	1.31	1.01	2.12	1.27	1.6	2.62	3.94	2.71	1.9	2.04	2.94	4.23	2.17	1.62	2.15	2.33	2.94	3.56	2.27	2.19	1.34	2.77	1.96	1.92	2.14	1.32	2.28	3.2	1.93	2.26	1.59	2.92	3.21	1.95	1.99	2.47	2.58	2.34	1.96	2.64	2.58	3.01	2.88	1.49	1.98	1.92	2.66	3.79	5.03	3.2	2.7	3.2	2.35	2.77	3.92	3.98	2.68	3.2	3.57	2.64	2.72	2.42	2.59	2.15	2.25	1.9	2.94	3.51	2.33	3.2
1.0	2.0	3.0	4.0	5.0	6.0	7.0	8.0	9.0	10.0	11.0	12.0	13.0	14.0	15.0	16.0	17.0	18.0	19.0	20.0	21.0	22.0	23.0	24.0	25.0	26.0	27.0	28.0	29.0	30.0	31.0	32.0	33.0	34.0	35.0	36.0	37.0	38.0	39.0	40.0	41.0	42.0	43.0	44.0	45.0	46.0	47.0	48.0	49.0	50.0	51.0	52.0	53.0	54.0	55.0	56.0	57.0	58.0	59.0	60.0	61.0	62.0	63.0	64.0	65.0	66.0	67.0	68.0	69.0	70.0	71.0	72.0	73.0	74.0	75.0	76.0	77.0	78.0	79.0	80.0	81.0	82.0	83.0	84.0	85.0	86.0	87.0	88.0	89.0	90.0	91.0	92.0	93.0	94.0	95.0	96.0	97.0	98.0	99.0	100.0	101.0	102.0	103.0	104.0	105.0	106.0	107.0	108.0	109.0	110.0	111.0	112.0	113.0	114.0	115.0	116.0	117.0	118.0	119.0	120.0	121.0	122.0	123.0	124.0	125.0	126.0	127.0	128.0	129.0	130.0	131.0	132.0	133.0	134.0	135.0	136.0	137.0	138.0	139.0	140.0	141.0	142.0	143.0	144.0	145.0	146.0	147.0	148.0	149.0	149.0	150.0	151.0	152.0	153.0	154.0	155.0	156.0	157.0	158.0	159.0	160.0	161.0	162.0	163.0	164.0	165.0	166.0	167.0	168.0	169.0	170.0	171.0	172.0	173.0	174.0	175.0	176.0	177.0	178.0	179.0	180.0	181.0	182.0	183.0	184.0	185.0	186.0	187.0	188.0	189.0	190.0	191.0	192.0	193.0	194.0	195.0	196.0	197.0	198.0	199.0	200.0	201.0	202.0	203.0	204.0	205.0	206.0	207.0	208.0	209.0	210.0	211.0	212.0	213.0	214.0	215.0	216.0	217.0	218.0	219.0	220.0	221.0	222.0	223.0	224.0	225.0	226.0	227.0	228.0	229.0	230.0	231.0	232.0	233.0	234.0	235.0	236.0	237.0	238.0	239.0	240.0	241.0	242.0	243.0	244.0	245.0	246.0	247.0	248.0	249.0	250.0	251.0	252.0	253.0	254.0	255.0	256.0	257.0	258.0	259.0	260.0	261.0	262.0	263.0	264.0	265.0	266.0	267.0	268.0	269.0	270.0	271.0	272.0	273.0	274.0	275.0	276.0	277.0	278.0	279.0	280.0	281.0	282.0	283.0	284.0	285.0	286.0	287.0	288.0	289.0	290.0	291.0	292.0	293.0	294.0	295.0	296.0	297.0	298.0	298.0	299.0
3074.609633635878
