5637.736176641201	300.0	2000.0	341.148149531039	0	0.0	5637.736176641201	1	0	1	-2.6024117344601105
5886.20629120736	300.0	2726.682873977225	0.0	0	0.0	5612.889165184585	1	0	2	-0.9618938313363219
6125.482078482469	300.0	3463.479507974606	0.0	0	0.0	5588.961586457075	1	0	2	-0.7594312695418511
6420.309160519261	300.0	4139.169717734134	0.0	0	0.0	5559.478878253395	1	0	2	-0.7566566274377922
6695.939316998275	300.0	4835.976545607219	0.0	0	0.0	5531.915862605492	1	0	2	-0.7538546997761624
7200.0	300.0	5281.5097943053215	0.0	0	211.87739469073313	5481.5097943053215	1	0	2	-0.7504159001692325
8200.0	300.0	5181.5097943053215	0.0	0	731.8110055776779	5381.509794305322	1	0	2	-0.7421509794305324
9200.0	300.0	5081.509794305325	0.0	0	784.7365635621791	5281.509794305325	1	0	2	-0.7321509794305328
10200.0	300.0	4981.509794305328	0.0	0	624.3047404112895	5181.509794305328	1	0	2	-0.722150979430533
11200.0	300.0	4881.509794305327	0.0	0	756.1179535450938	5081.509794305327	1	0	2	-0.712150979430533
12200.0	300.0	4781.509794305326	0.0	0	806.4627653619882	4981.509794305326	1	0	2	-0.702150979430533
13200.0	300.0	4681.509794305327	0.0	0	692.9998506869815	4881.509794305328	1	0	2	-0.6921509794305329
14200.0	300.0	4581.509794305326	0.0	0	757.4684795795893	4781.509794305326	1	0	2	-0.6821509794305329
15200.0	300.0	4481.509794305324	0.0	0	765.3922767796957	4681.509794305326	1	0	2	-0.6721509794305329
16200.0	300.0	4381.509794305325	0.0	0	798.7140978576426	4581.509794305326	1	0	2	-0.6621509794305329
17200.0	300.0	4281.509794305328	0.0	0	756.9383119455542	4481.509794305328	1	0	2	-0.6521509794305329
18200.0	300.0	4181.509794305324	0.0	0	787.686603587772	4381.509794305324	1	0	2	-0.6421509794305329
19200.0	300.0	4081.5097943053297	0.0	0	827.3487167071617	4281.509794305328	1	0	2	-0.6321509794305329
20200.0	300.0	3981.5097943053283	0.0	0	750.8558232818177	4181.509794305326	1	0	2	-0.622150979430533
21200.0	300.0	3881.509794305332	0.0	0	723.3730535685281	4081.509794305326	1	0	2	-0.6121509794305331
22200.0	300.0	3781.5097943053343	0.0	0	790.3681174510348	3981.509794305326	1	0	2	-0.6021509794305329
23200.0	300.0	3681.5097943053306	0.0	0	606.3025619047112	3881.509794305319	1	0	2	-0.5921509794305323
24200.0	300.0	3581.509794305331	0.0	0	650.6807709244458	3781.5097943053224	1	0	2	-0.5821509794305322
25200.0	300.0	3481.5097943053297	0.0	0	727.9530634495823	3681.509794305315	1	0	2	-0.5721509794305323
26200.0	300.0	3381.509794305331	0.0	0	834.9672463581155	3581.509794305319	1	0	2	-0.5621509794305319
27200.0	300.0	3281.5097943053283	0.0	0	785.9865551650291	3481.509794305319	1	0	2	-0.5521509794305322
28200.0	300.0	3181.509794305325	0.0	0	765.475547717866	3381.509794305315	1	0	2	-0.5421509794305319
29200.0	300.0	3081.5097943053256	0.0	0	707.0789353464061	3281.509794305315	1	0	2	-0.5321509794305318
30200.0	300.0	2981.509794305327	0.0	0	747.6210077110227	3181.5097943053115	1	0	2	-0.5221509794305315
31200.0	300.0	2881.5097943053274	0.0	0	779.4318456340698	3081.509794305308	1	0	2	-0.5121509794305315
32200.0	300.0	2781.509794305332	0.0	0	813.221802769116	2981.509794305319	1	0	2	-0.5021509794305316
33200.0	300.0	2681.509794305334	0.0	0	793.1612771015825	2881.509794305319	1	0	2	-0.4921509794305323
34200.0	300.0	2581.5097943053297	0.0	0	824.0309056472033	2781.5097943053224	1	0	2	-0.4821509794305324
35200.0	300.0	2481.509794305324	0.0	0	830.8600192327503	2681.509794305315	1	0	2	-0.47215097943053197
36200.0	300.0	2381.509794305333	0.0	0	814.4245768044566	2581.509794305326	1	0	2	-0.4621509794305325
37200.0	300.0	2281.5097943053343	0.0	0	794.7064024784922	2481.5097943053333	1	0	2	-0.4521509794305337
38200.0	300.0	2181.509794305335	0.0	0	653.7781758733472	2381.5097943053333	1	0	2	-0.4421509794305331
39200.0	300.0	2081.5097943053374	0.0	0	647.8466414143113	2281.5097943053406	1	0	2	-0.4321509794305337
40200.0	300.0	1981.5097943053374	0.0	0	675.1301556576727	2181.509794305348	1	0	2	-0.42215097943053503
41200.0	300.0	1881.509794305346	0.0	0	755.9432116442258	2081.509794305348	1	0	2	-0.41215097943053547
42200.0	300.0	1781.5097943053402	0.0	0	699.4264753072712	1981.509794305348	1	0	2	-0.402150979430535
43200.0	300.0	1781.509794305339	0.0	0	779.0278493819351	1981.509794305348	1	0	1	-0.39815097943053496
44200.0	300.0	1781.5097943053395	0.0	0	749.8967183697969	1981.5097943053406	1	0	1	-0.1981509794305341
45200.0	300.0	1781.5097943053386	0.0	0	772.8169756410643	1981.509794305348	1	0	1	-0.19815097943053483
46200.0	500.0	1781.509794305338	0.0	0	530.9067719996383	1981.509794305348	1	0	1	0.05726183245246072
47200.0	500.0	1781.5097943053327	0.0	0	512.8663103844447	1981.509794305348	1	0	1	0.5680874562184514
48200.0	500.0	1781.509794305334	0.0	0	693.0222013335151	1981.509794305348	1	0	1	0.5680874562184514
49200.0	500.0	1781.5097943053363	0.0	0	707.6298765719621	1981.509794305348	1	0	1	0.5680874562184514
50200.0	1000.0	1781.5097943053433	0.0	0	295.31497407238203	1981.509794305348	1	0	1	0.9146610464984242
51200.0	1000.0	1781.5097943053445	0.0	0	292.506286407719	1981.509794305348	1	0	1	1.6078082270583696
52200.0	1000.0	1781.5097943053513	0.0	0	296.6028612046648	1981.509794305348	1	0	1	1.6078082270583696
53200.0	1000.0	1781.5097943053515	0.0	0	588.570780929258	1981.5097943053406	1	0	1	1.6078082270583702
54200.0	1000.0	1781.5097943053559	0.0	0	324.83245361978334	1981.5097943053333	1	0	1	1.6078082270583711
55200.0	1000.0	1781.5097943053513	0.0	0	456.7045247440328	1981.5097943053333	1	0	1	1.6078082270583711
56200.0	1000.0	1781.5097943053486	0.0	0	149.52181896509865	1981.5097943053333	1	0	1	1.6078082270583711
57318.727462913324	1000.0	1662.7823313920337	0.0	0	0.0	1981.5097943053333	1	0	1	1.6078082270583711
58225.71496157624	1000.0	1755.7948327291153	0.0	0	0.0	1981.5097943053333	1	0	1	1.6078082270583711
59200.0	1000.0	1781.5097943053488	0.0	0	51.2225761785885	1981.5097943053333	1	0	1	1.6078082270583711
60200.0	1000.0	1781.5097943053481	0.0	0	356.7151304871368	1981.5097943053333	1	0	1	1.6078082270583711
61200.0	1000.0	1781.5097943053536	0.0	0	394.43430668941437	1981.5097943053333	1	0	1	1.6078082270583711
62200.0	1000.0	1781.5097943053613	0.0	0	419.667695528653	1981.5097943053333	1	0	1	1.6078082270583711
63200.0	1000.0	1781.509794305359	0.0	0	375.29799766283395	1981.5097943053333	1	0	1	1.6078082270583711
64516.15369684989	1000.0	1465.3560974554614	0.0	0	0.0	1981.5097943053333	1	0	1	1.6078082270583711
65739.79959800473	1000.0	1241.710196300624	0.0	0	0.0	1981.5097943053333	1	0	1	1.6078082270583707
66205.63681842579	1000.0	1775.8729758795655	0.0	0	0.0	1981.5097943053406	1	0	1	1.6078082270583705
67200.0	1000.0	1781.5097943053495	0.0	0	403.61795655236347	1981.509794305348	1	0	1	1.60780822705837
68200.0	1000.0	1781.5097943053643	0.0	0	395.33960247143114	1981.5097943053552	1	0	1	1.607808227058369
69200.0	1000.0	1781.509794305343	0.0	0	34.20532019235543	1981.5097943053552	1	0	1	1.607808227058369
70200.0	1000.0	1781.5097943053506	0.0	0	296.599952457138	1981.5097943053552	1	0	1	1.607808227058369
71274.8592466318	1000.0	1706.6505476735604	0.0	0	0.0	1981.5097943053552	1	0	1	1.607808227058369
72200.0	1000.0	1781.5097943053463	0.0	0	246.20754473625857	1981.5097943053552	1	0	1	1.607808227058369
73200.0	1000.0	1781.5097943053402	0.0	0	392.7281700998574	1981.5097943053552	1	0	1	1.607808227058369
74200.0	1000.0	1781.5097943053502	0.0	0	561.9166049925989	1981.5097943053552	1	0	1	1.607808227058369
75200.0	1000.0	1781.5097943053502	0.0	0	551.6372836237861	1981.5097943053552	1	0	1	1.607808227058369
76200.0	1000.0	1781.5097943053513	0.0	0	422.8052742758009	1981.5097943053552	1	0	1	1.607808227058369
77200.0	1000.0	1781.509794305372	0.0	0	328.00351054625935	1981.5097943053552	1	0	1	1.607808227058369
78200.0	1000.0	1781.509794305363	0.0	0	420.371162862255	1981.5097943053552	1	0	1	1.607808227058369
79200.0	1000.0	1781.5097943053838	0.0	0	459.47362915973645	1981.5097943053552	1	0	1	1.607808227058369
80200.0	1000.0	1781.509794305383	0.0	0	262.9449086659006	1981.5097943053697	1	0	1	1.6078082270583673
81200.0	1000.0	1781.509794305386	0.0	0	201.6870076940686	1981.5097943053697	1	0	1	1.6078082270583673
82200.0	1000.0	1781.5097943054109	0.0	0	149.42658070144535	1981.5097943053697	1	0	1	1.6078082270583673
83200.0	1000.0	1781.5097943054236	0.0	0	193.80098601229838	1981.5097943053697	1	0	1	1.6078082270583673
84200.0	1000.0	1781.5097943054404	0.0	0	288.42175753549964	1981.5097943053697	1	0	1	1.6078082270583673
85439.7540168298	1000.0	1541.7557774756256	0.0	0	0.0	1981.5097943053697	1	0	1	1.6078082270583673
86357.12591667926	1000.0	1624.3838776261784	0.0	0	0.0	1981.5097943053697	1	0	1	1.6078082270583673
87200.0	1000.0	1781.5097943054334	0.0	0	164.20670165064803	1981.5097943053843	1	0	1	1.607808227058366
88200.0	1000.0	1781.509794305423	0.0	0	218.4406107070099	1981.5097943053697	1	0	1	1.6078082270583673
89200.0	1000.0	1781.5097943054207	0.0	0	364.4064374179288	1981.5097943053552	1	0	1	1.607808227058369
90200.0	1000.0	1781.509794305411	0.0	0	385.22330885850533	1981.5097943053406	1	0	1	1.6078082270583702
91200.0	1000.0	1781.5097943054107	0.0	0	42.199679882163764	1981.5097943053552	1	0	1	1.607808227058369
92200.0	1000.0	1781.509794305413	0.0	0	182.88766275142552	1981.5097943053552	1	0	1	1.607808227058369
93200.0	1000.0	1781.5097943054125	0.0	0	17.4496586483001	1981.5097943053552	1	0	1	1.607808227058369
94200.0	1000.0	1781.509794305402	0.0	0	395.63085970527027	1981.5097943053406	1	0	1	1.6078082270583702
95200.0	1000.0	1781.5097943054175	0.0	0	90.4857650414051	1981.5097943053552	1	0	1	1.607808227058369
96231.68880010136	1000.0	1749.820994204052	0.0	0	0.0	1981.5097943053552	1	0	1	1.607808227058369
97200.0	1000.0	1781.5097943054127	0.0	0	232.09304036856338	1981.5097943053552	1	0	1	1.607808227058369
98200.0	1000.0	1781.5097943053925	0.0	0	531.6045552003343	1981.5097943053406	1	0	1	1.6078082270583702
99200.0	1000.0	1781.5097943053934	0.0	0	362.4144941613631	1981.5097943053406	1	0	1	1.6078082270583702
100200.0	1000.0	1781.509794305414	0.0	0	445.6595086978923	1981.5097943053406	1	0	1	1.6078082270583702
101200.0	1000.0	1781.5097943054168	0.0	0	377.237391212926	1981.5097943053406	1	0	1	1.6078082270583702
102200.0	1000.0	1781.5097943054234	0.0	0	93.32087899159524	1981.5097943053406	1	0	1	1.6078082270583702
103200.0	1000.0	1781.509794305415	0.0	0	61.23664155504957	1981.5097943053406	1	0	1	1.6078082270583702
104221.07636861823	1000.0	1760.4334256871928	0.0	0	97.03279264752928	1981.5097943053406	1	0	1	1.6078082270583702
105295.39617848124	1000.0	1686.1136158241738	0.0	0	0.0	1981.509794305326	1	0	1	1.6078082270583716
106703.12506004312	1000.0	1278.3847342622983	0.0	0	0.0	1981.509794305326	1	0	1	1.6078082270583716
107337.57933471433	500.0	1643.9304595910858	0.0	0	0.0	1981.509794305326	1	0	1	-0.12505972434149187
108200.0	500.0	1781.5097943054197	0.0	0	433.28106216758897	1981.509794305326	1	0	1	0.5680874562184536
109200.0	500.0	1781.5097943054202	0.0	0	679.6846371015563	1981.5097943053115	1	0	1	0.568087456218455
110200.0	500.0	1781.509794305414	0.0	0	721.832241427488	1981.5097943053115	1	0	1	0.568087456218455
111200.0	500.0	1781.5097943054245	0.0	0	479.6839268893673	1981.509794305297	1	0	1	0.5680874562184566
112200.0	500.0	1781.509794305416	0.0	0	512.5802602388285	1981.5097943052824	1	0	1	0.568087456218458
113200.0	500.0	1781.509794305417	0.0	0	532.2141168226663	1981.5097943052679	1	0	1	0.5680874562184595
114200.0	500.0	1781.5097943054127	0.0	0	494.56340958111105	1981.5097943052533	1	0	1	0.5680874562184609
115200.0	500.0	1781.5097943054081	0.0	0	766.9437815167621	1981.5097943052679	1	0	1	0.5680874562184595
116200.0	1000.0	1781.5097943054136	0.0	0	633.0646879866545	1981.5097943052679	1	0	1	0.9146610464984319
117200.0	1000.0	1781.5097943054238	0.0	0	592.4911761069088	1981.5097943052679	1	0	1	1.6078082270583773
118200.0	1000.0	1781.509794305426	0.0	0	503.3427650339145	1981.5097943052679	1	0	1	1.6078082270583773
119200.0	1000.0	1781.5097943054286	0.0	0	340.39272650677594	1981.5097943052824	1	0	1	1.607808227058376
120200.0	1000.0	1781.5097943054448	0.0	0	388.26664951797284	1981.5097943052824	1	0	1	1.607808227058376
121277.57336066835	1000.0	1703.9364336370993	0.0	0	0.0	1981.5097943052824	1	0	1	1.607808227058376
122535.10006072787	1000.0	1446.4097335775796	0.0	0	0.0	1981.5097943052824	1	0	1	1.607808227058376
123555.80279903795	1000.0	1425.7069952674954	0.0	0	0.0	1981.5097943052824	1	0	1	1.607808227058376
124635.83877581038	1000.0	1345.6710184950518	0.0	0	0.0	1981.5097943052824	1	0	1	1.607808227058376
125969.50724905172	1000.0	1012.0025452537152	0.0	0	0.0	1981.509794305297	1	0	1	1.6078082270583747
126244.6668632671	500.0	1736.842931038324	0.0	0	0.0	1981.509794305297	1	0	1	-0.12505972434148893
127200.0	500.0	1781.5097943054336	0.0	0	615.5569179382146	1981.509794305297	1	0	1	0.5680874562184566
128200.0	500.0	1781.5097943054352	0.0	0	337.2567762666149	1981.5097943053115	1	0	1	0.568087456218455
129200.0	500.0	1781.509794305437	0.0	0	349.6082774649112	1981.5097943053115	1	0	1	0.568087456218455
130200.0	500.0	1781.509794305434	0.0	0	583.362672670235	1981.5097943053115	1	0	1	0.568087456218455
131200.0	500.0	1781.509794305438	0.0	0	638.6577276128373	1981.509794305326	1	0	1	0.5680874562184536
132200.0	500.0	1781.509794305424	0.0	0	632.1946823706385	1981.5097943053115	1	0	1	0.568087456218455
133200.0	500.0	1781.5097943054384	0.0	0	508.13015766229364	1981.5097943053115	1	0	1	0.568087456218455
134200.0	500.0	1781.5097943054363	0.0	0	534.0370915210515	1981.5097943053115	1	0	1	0.568087456218455
135200.0	500.0	1781.5097943054311	0.0	0	619.5207767472602	1981.5097943053115	1	0	1	0.568087456218455
136200.0	1000.0	1781.5097943054323	0.0	0	145.29469514419907	1981.5097943053115	1	0	1	0.9146610464984278
137328.39256587296	1000.0	1653.117228432476	0.0	0	0.0	1981.5097943053115	1	0	1	1.6078082270583733
138690.99715760432	1000.0	1290.5126367011073	0.0	0	0.0	1981.5097943053115	1	0	1	1.6078082270583733
139755.5215712167	1000.0	1225.9882230887306	0.0	0	0.0	1981.5097943053115	1	0	1	1.6078082270583733
140771.2374258507	1000.0	1210.27236845473	0.0	0	0.0	1981.5097943053406	1	0	1	1.6078082270583702
141746.23133200145	1000.0	1235.278462304006	0.0	0	0.0	1981.5097943053406	1	0	1	1.6078082270583702
142412.5298584472	1000.0	1568.9799358582422	0.0	0	0.0	1981.5097943053115	1	0	1	1.6078082270583725
143677.290890375	1000.0	1304.2189039304799	0.0	0	0.0	1981.5097943053406	1	0	1	1.6078082270583702
144253.12321443358	500.0	1728.3865798719291	0.0	0	0.0	1981.5097943053697	1	0	1	-0.12505972434149615
145200.0	500.0	1781.5097943055166	0.0	0	426.3521916382888	1981.5097943053988	1	0	1	0.5680874562184464
146200.0	500.0	1781.5097943055493	0.0	0	655.3270354505221	1981.5097943053988	1	0	1	0.5680874562184464
147200.0	500.0	1781.509794305561	0.0	0	655.8212062850071	1981.5097943053988	1	0	1	0.5680874562184464
148200.0	500.0	1781.5097943055375	0.0	0	725.7138328174769	1981.5097943053988	1	0	1	0.5680874562184464
149200.0	500.0	1781.509794305529	0.0	0	747.726387554314	1981.5097943053988	1	0	1	0.5680874562184464
150200.0	1000.0	1781.5097943055016	0.0	0	362.82761314697564	1981.5097943053988	1	0	1	0.914661046498419
151200.0	1000.0	1781.5097943054998	0.0	0	199.42846924933838	1981.5097943053988	1	0	1	1.6078082270583645
152200.0	1000.0	1781.5097943054923	0.0	0	485.99043447279837	1981.5097943053697	1	0	1	1.6078082270583673
153200.0	1000.0	1781.5097943055287	0.0	0	123.97540512139676	1981.5097943053697	1	0	1	1.6078082270583673
154200.0	1000.0	1781.5097943055325	0.0	0	270.2906193866511	1981.5097943053988	1	0	1	1.6078082270583645
155200.0	1000.0	1781.5097943055362	0.0	0	240.88568470146856	1981.509794305428	1	0	1	1.6078082270583616
156227.47161397562	1000.0	1754.0381803299144	0.0	0	0.0	1981.509794305457	1	0	1	1.6078082270583596
157200.0	1000.0	1781.5097943055446	0.0	0	371.6190777468728	1981.509794305457	1	0	1	1.6078082270583585
158200.0	1000.0	1781.509794305539	0.0	0	36.2031443718879	1981.509794305457	1	0	1	1.6078082270583585
159379.82199688538	1000.0	1601.687797420122	0.0	0	0.0	1981.509794305457	1	0	1	1.6078082270583585
160200.0	1000.0	1781.5097943055282	0.0	0	11.851226618746296	1981.509794305457	1	0	1	1.6078082270583585
161200.0	1000.0	1781.5097943055414	0.0	0	152.1332950713113	1981.509794305457	1	0	1	1.6078082270583585
162277.37880476384	1000.0	1704.1309895417044	0.0	0	0.0	1981.509794305457	1	0	1	1.6078082270583585
163323.94717075376	1000.0	1657.5626235517675	0.0	0	0.0	1981.509794305457	1	0	1	1.607808227058359
164200.0	1000.0	1781.5097943055155	0.0	0	300.94894184949226	1981.509794305457	1	0	1	1.6078082270583585
165200.0	1000.0	1781.5097943054946	0.0	0	312.65283773909323	1981.509794305428	1	0	1	1.6078082270583616
166200.0	1000.0	1781.5097943054936	0.0	0	246.7866449978028	1981.509794305428	1	0	1	1.6078082270583616
167200.0	1000.0	1781.5097943054961	0.0	0	166.99069490496186	1981.509794305428	1	0	1	1.6078082270583616
168200.0	1000.0	1781.5097943055077	0.0	0	445.8412960875139	1981.509794305428	1	0	1	1.6078082270583616
169200.0	1000.0	1781.5097943055168	0.0	0	310.7994245598966	1981.509794305428	1	0	1	1.6078082270583616
170200.0	1000.0	1781.5097943054986	0.0	0	449.52833156634006	1981.509794305457	1	0	1	1.6078082270583585
171200.0	1000.0	1781.509794305488	0.0	0	295.9289751694887	1981.509794305428	1	0	1	1.6078082270583616
172262.044307689	1000.0	1719.4654866164847	0.0	0	0.0	1981.509794305428	1	0	1	1.6078082270583616
173200.0	1000.0	1781.5097943055237	0.0	0	61.8143633074651	1981.509794305428	1	0	1	1.6078082270583616
174200.0	1000.0	1781.5097943054939	0.0	0	58.99939484882634	1981.509794305428	1	0	1	1.6078082270583616
175200.0	1000.0	1781.5097943054868	0.0	0	243.3736593191279	1981.509794305428	1	0	1	1.6078082270583616
176200.0	1000.0	1781.5097943054745	0.0	0	167.61059626954375	1981.5097943053988	1	0	1	1.6078082270583645
177200.0	1000.0	1781.5097943055084	0.0	0	287.02074371496565	1981.509794305428	1	0	1	1.6078082270583616
178200.0	1000.0	1781.5097943055248	0.0	0	352.3592890506843	1981.509794305428	1	0	1	1.6078082270583616
179200.0	1000.0	1781.509794305528	0.0	0	51.18503319218871	1981.509794305428	1	0	1	1.6078082270583616
180200.0	1000.0	1781.5097943055262	0.0	0	145.12194762309082	1981.509794305428	1	0	1	1.6078082270583616
181200.0	1000.0	1781.5097943055323	0.0	0	351.3629614695674	1981.509794305428	1	0	1	1.6078082270583616
182200.0	1000.0	1781.5097943055455	0.0	0	256.285579553165	1981.509794305428	1	0	1	1.6078082270583616
183200.0	1000.0	1781.509794305565	0.0	0	259.103430458199	1981.509794305428	1	0	1	1.6078082270583616
184200.0	1000.0	1781.509794305554	0.0	0	586.2910243777733	1981.509794305428	1	0	1	1.6078082270583616
185200.0	1000.0	1781.5097943055403	0.0	0	374.4530541622953	1981.509794305428	1	0	1	1.6078082270583616
186200.0	1000.0	1781.5097943055102	0.0	0	363.5425313421001	1981.509794305428	1	0	1	1.6078082270583616
187200.0	1000.0	1781.5097943054889	0.0	0	384.3775568601559	1981.509794305428	1	0	1	1.6078082270583616
188408.52248856766	1000.0	1572.987305737865	0.0	0	0.0	1981.509794305457	1	0	1	1.6078082270583585
189306.68790441522	1000.0	1674.8218898903415	0.0	0	0.0	1981.509794305457	1	0	1	1.6078082270583585
190200.0	1000.0	1781.5097943055503	0.0	0	164.35708085028455	1981.509794305457	1	0	1	1.6078082270583585
191200.0	1000.0	1781.5097943055596	0.0	0	79.88053334123106	1981.509794305428	1	0	1	1.6078082270583616
192200.0	1000.0	1781.5097943055425	0.0	0	121.74820624841959	1981.509794305428	1	0	1	1.6078082270583616
193200.0	1000.0	1781.5097943054946	0.0	0	289.01745990864583	1981.509794305428	1	0	1	1.6078082270583616
194200.0	1000.0	1781.5097943054868	0.0	0	294.0789697507862	1981.5097943053988	1	0	1	1.6078082270583645
195200.0	1000.0	1781.509794305463	0.0	0	139.78481630093302	1981.5097943053988	1	0	1	1.6078082270583645
196200.0	1000.0	1781.5097943054902	0.0	0	110.53376436798135	1981.5097943053988	1	0	1	1.6078082270583645
197200.0	1000.0	1781.5097943055	0.0	0	403.4080232612614	1981.5097943053988	1	0	1	1.6078082270583645
198200.0	1000.0	1781.5097943054923	0.0	0	197.26989691704512	1981.5097943053988	1	0	1	1.6078082270583645
199200.0	1000.0	1781.5097943055125	0.0	0	302.5324398254161	1981.509794305428	1	0	1	1.6078082270583616
200200.0	1000.0	1781.5097943054639	0.0	0	267.6343408364919	1981.509794305428	1	0	1	1.6078082270583616
201200.0	1000.0	1781.5097943054793	0.0	0	388.7369987705024	1981.509794305457	1	0	1	1.6078082270583585
202200.0	1000.0	1781.5097943054986	0.0	0	505.0971046324994	1981.509794305457	1	0	1	1.6078082270583585
203200.0	1000.0	1781.5097943055046	0.0	0	500.7764245654107	1981.509794305428	1	0	1	1.6078082270583616
204200.0	1000.0	1781.509794305506	0.0	0	162.67754348687595	1981.509794305428	1	0	1	1.6078082270583616
205200.0	1000.0	1781.509794305491	0.0	0	309.22909152766806	1981.509794305428	1	0	1	1.6078082270583616
206200.0	1000.0	1781.5097943054702	0.0	0	353.4396423686703	1981.509794305428	1	0	1	1.6078082270583616
207432.42035401645	1000.0	1549.0894402890233	0.0	0	0.0	1981.5097943053988	1	0	1	1.6078082270583645
208200.0	1000.0	1781.509794305482	0.0	0	61.06147474353202	1981.509794305428	1	0	1	1.6078082270583627
209200.0	1000.0	1781.5097943055048	0.0	0	534.4286924023472	1981.509794305457	1	0	1	1.6078082270583585
210200.0	1000.0	1781.5097943055002	0.0	0	576.5398450183857	1981.509794305457	1	0	1	1.6078082270583585
211200.0	1000.0	1781.509794305494	0.0	0	376.00424071989255	1981.509794305457	1	0	1	1.6078082270583585
212200.0	1000.0	1781.5097943054468	0.0	0	352.0375482471427	1981.509794305457	1	0	1	1.6078082270583585
213385.35869937265	1000.0	1596.1510949327724	0.0	0	0.0	1981.5097943053988	1	0	1	1.6078082270583631
214245.54883585637	1000.0	1735.9609584490659	0.0	0	0.0	1981.5097943053988	1	0	1	1.607808227058365
215200.0	1000.0	1781.5097943054543	0.0	0	98.50508809502935	1981.5097943053697	1	0	1	1.6078082270583673
216200.0	1000.0	1781.5097943054157	0.0	0	403.94102786888834	1981.5097943053406	1	0	1	1.6078082270583702
217200.0	1000.0	1781.5097943053927	0.0	0	371.4734193145414	1981.5097943053406	1	0	1	1.6078082270583702
218200.0	1000.0	1781.5097943054059	0.0	0	33.46041424907162	1981.5097943053697	1	0	1	1.6078082270583673
219200.0	1000.0	1781.5097943054034	0.0	0	340.6432564204151	1981.5097943053697	1	0	1	1.6078082270583673
220200.0	1000.0	1781.5097943053788	0.0	0	33.20858016127022	1981.5097943053406	1	0	1	1.6078082270583702
221200.0	1000.0	1781.5097943053702	0.0	0	93.27070444647688	1981.5097943053406	1	0	1	1.6078082270583702
222200.0	1000.0	1781.5097943053431	0.0	0	171.2699556707812	1981.5097943052824	1	0	1	1.6078082270583742
223200.0	1000.0	1781.5097943053527	0.0	0	419.5592238593963	1981.5097943052533	1	0	1	1.6078082270583791
224200.0	1000.0	1781.5097943053354	0.0	0	469.4206392430933	1981.5097943052533	1	0	1	1.6078082270583791
225200.0	1000.0	1781.5097943053331	0.0	0	175.75388938817196	1981.5097943052533	1	0	1	1.6078082270583791
226200.0	1000.0	1781.5097943053481	0.0	0	328.3156163106032	1981.5097943052533	1	0	1	1.6078082270583791
227200.0	1000.0	1781.5097943053602	0.0	0	376.43346826406196	1981.5097943052533	1	0	1	1.6078082270583791
228200.0	1000.0	1781.509794305363	0.0	0	494.1506740588811	1981.5097943052533	1	0	1	1.6078082270583791
229200.0	1000.0	1781.5097943053763	0.0	0	207.99688232774497	1981.5097943052533	1	0	1	1.6078082270583791
230200.0	1000.0	1781.509794305364	0.0	0	327.51703485738835	1981.5097943052533	1	0	1	1.6078082270583791
231200.0	1000.0	1781.5097943053759	0.0	0	108.05645495717181	1981.5097943052242	1	0	1	1.6078082270583818
232200.0	1000.0	1781.5097943053734	0.0	0	203.2483939092781	1981.5097943052242	1	0	1	1.6078082270583818
233200.14003531134	1000.0	1781.369758994041	0.0	0	0.0	1981.5097943052242	1	0	1	1.6078082270583818
234330.51906457994	1000.0	1650.9907297253985	0.0	0	0.0	1981.509794305195	1	0	1	1.6078082270583836
235302.89219524668	1000.0	1678.617599058651	0.0	0	0.0	1981.509794305166	1	0	1	1.6078082270583876
236200.0	1000.0	1781.5097943053215	0.0	0	126.184006073192	1981.509794305166	1	0	1	1.6078082270583876
237200.0	1000.0	1781.509794305322	0.0	0	289.0612935332174	1981.509794305166	1	0	1	1.6078082270583876
238200.0	1000.0	1781.509794305297	0.0	0	280.31157194575644	1981.509794305166	1	0	1	1.6078082270583876
239200.0	1000.0	1781.5097943053377	0.0	0	398.16039589530556	1981.509794305166	1	0	1	1.6078082270583876
240200.0	1000.0	1781.509794305367	0.0	0	358.7034014996607	1981.509794305166	1	0	1	1.6078082270583876
241200.0	1000.0	1781.5097943053452	0.0	0	179.473229476891	1981.509794305166	1	0	1	1.6078082270583876
242200.0	1000.0	1781.5097943053322	0.0	0	273.0125892848009	1981.509794305166	1	0	1	1.6078082270583876
243200.0	1000.0	1781.5097943053536	0.0	0	154.10733252979117	1981.509794305166	1	0	1	1.6078082270583858
244200.0	1000.0	1781.5097943053534	0.0	0	149.59821949404432	1981.509794305166	1	0	1	1.6078082270583876
245268.56633262493	1000.0	1712.9434616804106	0.0	0	0.0	1981.509794305166	1	0	1	1.6078082270583876
246200.0	1000.0	1781.509794305306	0.0	0	136.23466186737642	1981.509794305137	1	0	1	1.6078082270583889
247200.0	1000.0	1781.5097943052776	0.0	0	468.83682777750073	1981.509794305137	1	0	1	1.6078082270583907
248200.0	1000.0	1781.509794305263	0.0	0	381.94384515524143	1981.5097943051078	1	0	1	1.6078082270583935
249200.0	1000.0	1781.5097943052945	0.0	0	372.4630388128571	1981.5097943051078	1	0	1	1.6078082270583935
250200.0	1000.0	1781.5097943053158	0.0	0	101.30034407766652	1981.5097943051078	1	0	1	1.6078082270583935
251379.4756255673	1000.0	1602.0341687379794	0.0	0	0.0	1981.5097943051078	1	0	1	1.6078082270583935
252200.0	1000.0	1781.5097943052892	0.0	0	171.41435384977376	1981.5097943050787	1	0	1	1.6078082270583947
253262.89420100255	1000.0	1718.615593302718	0.0	0	0.0	1981.5097943050496	1	0	1	1.6078082270583993
254313.6293015874	1000.0	1667.880492717844	0.0	0	0.0	1981.5097943050787	1	0	1	1.6078082270583978
255266.14916025518	1000.0	1715.3606340500548	0.0	0	0.0	1981.5097943050496	1	0	1	1.6078082270583982
256200.0	500.0	1781.5097943052679	0.0	0	285.1531960494467	1981.5097943050496	1	0	1	-0.12505972434146417
257200.0	500.0	1781.5097943053106	0.0	0	395.4630318216223	1981.5097943050787	1	0	1	0.5680874562184783
258200.0	500.0	1781.5097943053024	0.0	0	596.2311131334282	1981.5097943050787	1	0	1	0.5680874562184783
259200.0	500.0	1781.5097943053142	0.0	0	732.6614154527779	1981.5097943050787	1	0	1	0.5680874562184783
260200.0	500.0	1781.5097943053083	0.0	0	510.77247215801617	1981.5097943051078	1	0	1	0.5680874562184755
261200.0	500.0	1781.509794305307	0.0	0	612.5420031204412	1981.5097943051078	1	0	1	0.5680874562184755
262200.0	500.0	1781.5097943053215	0.0	0	505.2702921097225	1981.5097943050787	1	0	1	0.5680874562184783
263200.0	500.0	1781.509794305336	0.0	0	506.5147038702271	1981.5097943050787	1	0	1	0.5680874562184771
264200.0	500.0	1781.5097943052722	0.0	0	680.7772414392675	1981.5097943050205	1	0	1	0.568087456218483
265200.0	500.0	1781.5097943052162	0.0	0	713.0269756775815	1981.5097943050205	1	0	1	0.5680874562184841
266200.0	1000.0	1781.5097943051771	0.0	0	607.7750032879994	1981.5097943050787	1	0	1	0.9146610464984511
267200.0	1000.0	1781.509794305192	0.0	0	569.8265962044243	1981.5097943050787	1	0	1	1.6078082270583964
268200.0	1000.0	1781.5097943052112	0.0	0	56.4721334950882	1981.509794305137	1	0	1	1.6078082270583907
269200.0	1000.0	1781.5097943052738	0.0	0	251.03235149529064	1981.509794305195	1	0	1	1.6078082270583849
270200.0	1000.0	1781.5097943053177	0.0	0	161.15734768565744	1981.5097943052533	1	0	1	1.6078082270583791
271200.0	1000.0	1781.5097943053565	0.0	0	5.769560977758374	1981.5097943052533	1	0	1	1.6078082270583791
272393.5513064425	1000.0	1587.9584878628484	0.0	0	0.0	1981.5097943052533	1	0	1	1.6078082270583791
273200.0	1000.0	1781.5097943052892	0.0	0	110.910998669744	1981.509794305195	1	0	1	1.6078082270583849
274200.0	1000.0	1781.509794305249	0.0	0	275.7069777463912	1981.509794305195	1	0	1	1.6078082270583849
275200.0	500.0	1781.509794305247	0.0	0	223.60505760402884	1981.509794305195	1	0	1	-0.12505972434147877
276200.0	500.0	1781.5097943052656	0.0	0	576.8517703628168	1981.509794305195	1	0	1	0.5680874562184667
277200.0	500.0	1781.5097943052717	0.0	0	462.4724268838181	1981.5097943052533	1	0	1	0.5680874562184609
278200.0	500.0	1781.5097943052829	0.0	0	394.9015939036617	1981.509794305195	1	0	1	0.5680874562184667
279200.0	500.0	1781.509794305297	0.0	0	741.1968785794452	1981.509794305137	1	0	1	0.5680874562184725
280200.0	500.0	1781.5097943052658	0.0	0	704.2648027248797	1981.509794305137	1	0	1	0.5680874562184725
281200.0	500.0	1781.5097943052174	0.0	0	489.2995749260881	1981.5097943050787	1	0	1	0.5680874562184783
282200.0	500.0	1781.5097943051699	0.0	0	457.818128488143	1981.5097943050787	1	0	1	0.5680874562184783
283200.0	500.0	1781.5097943051871	0.0	0	585.6293407806661	1981.5097943050205	1	0	1	0.5680874562184841
284200.0	500.0	1781.509794305177	0.0	0	690.3526651498978	1981.5097943050205	1	0	1	0.5680874562184841
285200.0	500.0	1781.5097943051826	0.0	0	524.254157819727	1981.5097943050205	1	0	1	0.5680874562184841
286200.0	1000.0	1781.5097943051528	0.0	0	222.54427330679027	1981.5097943050205	1	0	1	0.914661046498457
287200.0	1000.0	1781.5097943051594	0.0	0	40.699396391632035	1981.5097943050205	1	0	1	1.6078082270584024
288271.9261647684	1000.0	1709.5836295368188	0.0	0	0.0	1981.5097943050787	1	0	1	1.6078082270583987
289227.7667180006	1000.0	1753.7430763046677	0.0	0	0.0	1981.509794305137	1	0	1	1.6078082270583929
290200.0	1000.0	1781.5097943052344	0.0	0	370.3065776156145	1981.509794305195	1	0	1	1.6078082270583849
291349.22366267955	1000.0	1632.2861316256601	0.0	0	0.0	1981.509794305137	1	0	1	1.6078082270583893
292507.4200277989	1000.0	1474.0897665063364	0.0	0	0.0	1981.509794305137	1	0	1	1.6078082270583907
293449.2214228932	1000.0	1532.288371412054	0.0	0	0.0	1981.509794305195	1	0	1	1.6078082270583849
294200.0	500.0	1781.5097943052867	0.0	0	225.69197235052707	1981.509794305195	1	0	1	-0.12505972434147877
295200.0	500.0	1781.5097943053458	0.0	0	613.0792845314136	1981.509794305195	1	0	1	0.5680874562184667
296200.0	500.0	1781.5097943053902	0.0	0	704.4608244015253	1981.509794305195	1	0	1	0.5680874562184667
297200.0	500.0	1781.5097943053927	0.0	0	692.5144100447069	1981.509794305195	1	0	1	0.5680874562184667
298200.0	1000.0	1781.509794305426	0.0	0	507.2012888028403	1981.509794305195	1	0	1	0.9146610464984395
299200.0	1000.0	1781.5097943054036	0.0	0	241.45789623819292	1981.509794305195	1	0	1	1.6078082270583849
300200.0	1000.0	1781.5097943054202	0.0	0	285.9387253342429	1981.509794305195	1	0	1	1.6078082270583849
1.26	1.33	1.29	1.26	1.04	1.25	1.41	1.04	1.17	1.59	1.6	1.36	1.66	1.68	1.75	1.63	1.52	0.94	0.89	1.25	1.9	1.33	1.76	1.47	1.45	1.15	1.81	1.73	1.53	2.15	2.04	1.67	1.31	0.94	1.22	1.24	1.23	1.55	1.64	1.75	1.31	1.1	1.37	1.44	1.64	1.7	1.91	1.88	2.15	1.63	1.37	1.22	1.04	1.19	1.82	1.99	1.55	1.33	1.0	0.9	1.11	2.2	1.6	1.29	1.41	1.04	1.41	1.48	1.95	2.17	1.66	1.91	2.33	1.86	1.7	1.47	1.2	1.24	1.22	0.95	1.04	1.89	1.26	1.59	1.64	1.44	1.23	1.16	1.26	1.29	1.19	1.33	1.73	1.96	2.26	1.59	0.85	1.27	1.52	0.69	0.88	0.88	1.14	1.34	1.96	1.37	1.38	1.33	1.32	1.93	2.62	2.54	2.13	1.2	1.36	1.3	0.9	1.04	1.2	1.29	0.59	1.85	0.97	0.97	1.76	1.64	1.51	1.02	1.24	1.39	1.31	1.42	0.81	0.93	1.16	1.36	1.02	1.39	0.81	1.05	1.82	1.62	1.58	1.62	1.93	1.77	1.61	1.41	1.61	1.53	1.26	1.33	1.29	1.26	1.04	1.25	1.41	1.04	1.17	1.59	1.6	1.36	1.66	1.68	1.75	1.63	1.52	0.94	0.89	1.25	1.9	1.33	1.76	1.47	1.45	1.15	1.81	1.73	1.53	2.15	2.04	1.67	1.31	0.94	1.22	1.24	1.23	1.55	1.64	1.75	1.31	1.1	1.37	1.44	1.64	1.7	1.91	1.88	2.15	1.63	1.37	1.22	1.04	1.19	1.82	1.99	1.55	1.33	1.0	0.9	1.11	2.2	1.6	1.29	1.41	1.04	1.41	1.48	1.95	2.17	1.66	1.91	2.33	1.86	1.7	1.47	1.2	1.24	1.22	0.95	1.04	1.89	1.26	1.59	1.64	1.44	1.23	1.16	1.26	1.29	1.19	1.33	1.73	1.96	2.26	1.59	0.85	1.27	1.52	0.69	0.88	0.88	1.14	1.34	1.96	1.37	1.38	1.33	1.32	1.93	2.62	2.54	2.13	1.2	1.36	1.3	0.9	1.04	1.2	1.29	0.59	1.85	0.97	0.97	1.76	1.64	1.51	1.02	1.24	1.39	1.31	1.42	0.81	0.93	1.16	1.36	1.02	1.39	0.81	1.05	1.82	1.62	1.58	1.62	1.93	1.77	1.61	1.41	1.61	1.53
1.0	2.0	3.0	4.0	5.0	6.0	7.0	8.0	9.0	10.0	11.0	12.0	13.0	14.0	15.0	16.0	17.0	18.0	19.0	20.0	21.0	22.0	23.0	24.0	25.0	26.0	27.0	28.0	29.0	30.0	31.0	32.0	33.0	34.0	35.0	36.0	37.0	38.0	39.0	40.0	41.0	42.0	43.0	44.0	45.0	46.0	47.0	48.0	49.0	50.0	51.0	52.0	53.0	54.0	55.0	56.0	57.0	58.0	59.0	60.0	61.0	62.0	63.0	64.0	65.0	66.0	67.0	68.0	69.0	70.0	71.0	72.0	73.0	74.0	75.0	76.0	77.0	78.0	79.0	80.0	81.0	82.0	83.0	84.0	85.0	86.0	87.0	88.0	89.0	90.0	91.0	92.0	93.0	94.0	95.0	96.0	97.0	98.0	99.0	100.0	101.0	102.0	103.0	104.0	105.0	106.0	107.0	108.0	109.0	110.0	111.0	112.0	113.0	114.0	115.0	116.0	117.0	118.0	119.0	120.0	121.0	122.0	123.0	124.0	125.0	126.0	127.0	128.0	129.0	130.0	131.0	132.0	133.0	134.0	135.0	136.0	137.0	138.0	139.0	140.0	141.0	142.0	143.0	144.0	145.0	146.0	147.0	148.0	149.0	149.0	150.0	151.0	152.0	153.0	154.0	155.0	156.0	157.0	158.0	159.0	160.0	161.0	162.0	163.0	164.0	165.0	166.0	167.0	168.0	169.0	170.0	171.0	172.0	173.0	174.0	175.0	176.0	177.0	178.0	179.0	180.0	181.0	182.0	183.0	184.0	185.0	186.0	187.0	188.0	189.0	190.0	191.0	192.0	193.0	194.0	195.0	196.0	197.0	198.0	199.0	200.0	201.0	202.0	203.0	204.0	205.0	206.0	207.0	208.0	209.0	210.0	211.0	212.0	213.0	214.0	215.0	216.0	217.0	218.0	219.0	220.0	221.0	222.0	223.0	224.0	225.0	226.0	227.0	228.0	229.0	230.0	231.0	232.0	233.0	234.0	235.0	236.0	237.0	238.0	239.0	240.0	241.0	242.0	243.0	244.0	245.0	246.0	247.0	248.0	249.0	250.0	251.0	252.0	253.0	254.0	255.0	256.0	257.0	258.0	259.0	260.0	261.0	262.0	263.0	264.0	265.0	266.0	267.0	268.0	269.0	270.0	271.0	272.0	273.0	274.0	275.0	276.0	277.0	278.0	279.0	280.0	281.0	282.0	283.0	284.0	285.0	286.0	287.0	288.0	289.0	290.0	291.0	292.0	293.0	294.0	295.0	296.0	297.0	298.0	298.0
4946.713018743271
