3650.7113990112525	300.0	2000.0	184.05253985141448	0	0.0	3650.7113990112525	1	0	1	-1.4657387447924721
3847.0600390776426	300.0	2784.016495926971	0.0	0	0.0	3631.0765350046136	1	0	2	-0.7635153476687518
4200.0	300.0	3395.782538912378	0.0	0	157.93839648351786	3595.782538912378	1	0	2	-0.56128200909634
5200.0	300.0	3295.7825389123786	0.0	0	824.609866120235	3495.782538912378	1	0	2	-0.5535782538912379
6200.0	300.0	3195.782538912378	0.0	0	697.5608662185286	3395.7825389123777	1	0	2	-0.5435782538912382
7200.0	300.0	3095.782538912378	0.0	0	777.7623254458586	3295.7825389123777	1	0	2	-0.5335782538912381
8200.0	300.0	2995.782538912377	0.0	0	788.0133011615608	3195.782538912379	1	0	2	-0.5235782538912381
9200.0	300.0	2895.782538912375	0.0	0	702.3905068527711	3095.7825389123764	1	0	2	-0.5135782538912379
10200.0	300.0	2795.7825389123745	0.0	0	751.2193335189131	2995.7825389123755	1	0	2	-0.5035782538912377
11200.0	300.0	2695.7825389123736	0.0	0	775.5734342834967	2895.7825389123736	1	0	2	-0.49357825389123766
12200.0	300.0	2595.782538912376	0.0	0	832.5456287612924	2795.7825389123755	1	0	2	-0.48357825389123776
13200.0	300.0	2495.7825389123764	0.0	0	796.9833834957171	2695.7825389123755	1	0	2	-0.47357825389123775
14200.0	300.0	2395.782538912378	0.0	0	780.3919099916711	2595.7825389123773	1	0	2	-0.4635782538912377
15200.0	300.0	2295.782538912379	0.0	0	757.2532648607084	2495.7825389123773	1	0	2	-0.45357825389123785
16200.0	300.0	2195.7825389123773	0.0	0	607.2118852361273	2395.7825389123773	1	0	2	-0.44357825389123795
17200.0	300.0	2095.78253891238	0.0	0	759.0441655778541	2295.7825389123827	1	0	2	-0.4335782538912383
18200.0	300.0	1995.7825389123768	0.0	0	682.9962772164399	2195.7825389123827	1	0	2	-0.42357825389123854
19200.0	300.0	1895.7825389123777	0.0	0	760.0824219119131	2095.7825389123827	1	0	2	-0.41357825389123826
20200.0	300.0	1795.7825389123768	0.0	0	817.4454259366139	1995.782538912379	1	0	2	-0.4035782538912381
21200.0	300.0	1795.7825389123761	0.0	0	797.1835604269618	1995.782538912379	1	0	1	-0.3995782538912382
22200.0	300.0	1795.7825389123761	0.0	0	679.3030637251395	1995.782538912379	1	0	1	-0.19957825389123796
23200.0	300.0	1795.7825389123777	0.0	0	673.4060539908896	1995.782538912379	1	0	1	-0.19957825389123796
24200.0	500.0	1795.78253891238	0.0	0	260.95879325054557	1995.782538912379	1	0	1	0.055834557991757544
25200.0	500.0	1795.7825389123823	0.0	0	415.0020892917528	1995.782538912379	1	0	1	0.5666601817577483
26200.0	500.0	1795.782538912385	0.0	0	550.3196376614796	1995.782538912379	1	0	1	0.5666601817577483
27200.0	500.0	1795.7825389123802	0.0	0	714.3277062939669	1995.7825389123755	1	0	1	0.5666601817577487
28200.0	500.0	1795.7825389123807	0.0	0	477.44411941803264	1995.7825389123718	1	0	1	0.566660181757749
29200.0	500.0	1795.7825389123827	0.0	0	401.9849075279162	1995.7825389123718	1	0	1	0.566660181757749
30200.0	500.0	1795.7825389123793	0.0	0	577.5293897299671	1995.7825389123718	1	0	1	0.566660181757749
31200.0	500.0	1795.7825389123789	0.0	0	685.2510629390345	1995.7825389123755	1	0	1	0.5666601817577487
32200.0	500.0	1795.7825389123796	0.0	0	715.0096859498735	1995.7825389123755	1	0	1	0.5666601817577487
33200.0	500.0	1795.7825389123807	0.0	0	473.2671380873908	1995.782538912379	1	0	1	0.5666601817577485
34200.0	500.0	1795.7825389123875	0.0	0	213.26581855677796	1995.7825389123827	1	0	1	0.5666601817577481
35200.0	500.0	1795.7825389123836	0.0	0	468.3962961571524	1995.78253891239	1	0	1	0.5666601817577475
36200.0	500.0	1795.7825389123873	0.0	0	424.31083311104885	1995.78253891239	1	0	1	0.5666601817577472
37200.0	500.0	1795.7825389123884	0.0	0	503.21509417043126	1995.78253891239	1	0	1	0.5666601817577472
38200.0	500.0	1795.7825389123916	0.0	0	472.99772719894827	1995.7825389123973	1	0	1	0.5666601817577465
39200.0	500.0	1795.7825389123977	0.0	0	708.7906944563365	1995.7825389124046	1	0	1	0.5666601817577457
40200.0	500.0	1795.7825389123966	0.0	0	722.4193108869804	1995.7825389123973	1	0	1	0.5666601817577465
41200.0	500.0	1795.7825389123898	0.0	0	751.9449820203881	1995.7825389123973	1	0	1	0.5666601817577465
42200.0	500.0	1795.7825389123889	0.0	0	398.5652384118148	1995.7825389123973	1	0	1	0.5666601817577465
43200.0	500.0	1795.7825389123846	0.0	0	258.0127340012914	1995.7825389123973	1	0	1	0.5666601817577465
44200.0	500.0	1795.782538912383	0.0	0	628.1818355490614	1995.7825389123973	1	0	1	0.5666601817577465
45200.0	500.0	1795.7825389123823	0.0	0	808.7745553024652	1995.7825389123973	1	0	1	0.5666601817577465
46200.0	500.0	1795.782538912376	0.0	0	750.6228175554425	1995.7825389123973	1	0	1	0.5666601817577465
47200.0	1000.0	1795.7825389123707	0.0	0	494.17327591274807	1995.7825389123973	1	0	1	0.9132337720377193
48200.0	1000.0	1795.7825389123739	0.0	0	463.8833434905828	1995.7825389123973	1	0	1	1.6063809525976647
49484.096646181446	1000.0	1511.6858927309258	0.0	0	0.0	1995.7825389123973	1	0	1	1.6063809525976647
50200.0	1000.0	1795.7825389123757	0.0	0	150.36136058210832	1995.7825389123973	1	0	1	1.6063809525976647
51200.0	1000.0	1795.7825389123825	0.0	0	287.39691278934333	1995.7825389124046	1	0	1	1.6063809525976638
52350.386315751624	1000.0	1645.3962231607552	0.0	0	0.0	1995.7825389124046	1	0	1	1.6063809525976638
53200.0	1000.0	1795.7825389123736	0.0	0	152.86450260240235	1995.7825389124046	1	0	1	1.6063809525976638
54200.0	1000.0	1795.7825389123748	0.0	0	331.46244389247295	1995.7825389124046	1	0	1	1.6063809525976638
55200.0	1000.0	1795.7825389123796	0.0	0	232.50140177709545	1995.7825389124046	1	0	1	1.6063809525976638
56200.0	1000.0	1795.7825389123793	0.0	0	427.257003218976	1995.7825389124046	1	0	1	1.6063809525976638
57200.0	1000.0	1795.7825389123868	0.0	0	422.94852619546873	1995.7825389124046	1	0	1	1.6063809525976638
58200.0	1000.0	1795.7825389123911	0.0	0	65.61734658444038	1995.7825389124046	1	0	1	1.6063809525976638
59200.0	1000.0	1795.7825389123914	0.0	0	166.74906307008496	1995.7825389123973	1	0	1	1.6063809525976647
60200.0	1000.0	1795.7825389123984	0.0	0	212.4746190724618	1995.7825389123973	1	0	1	1.6063809525976647
61200.0	1000.0	1795.7825389124023	0.0	0	98.10850193858641	1995.7825389123973	1	0	1	1.6063809525976647
62589.80792814025	1000.0	1405.9746107721412	0.0	0	0.0	1995.78253891239	1	0	1	1.6063809525976653
63457.8679230544	1000.0	1537.9146158579915	0.0	0	0.0	1995.78253891239	1	0	1	1.6063809525976653
64277.587995179805	1000.0	1718.1945437325833	0.0	0	0.0	1995.7825389123973	1	0	1	1.6063809525976647
65200.0	1000.0	1795.7825389123961	0.0	0	304.3694202779225	1995.7825389123973	1	0	1	1.6063809525976647
66200.0	1000.0	1795.7825389123866	0.0	0	571.7480060313756	1995.7825389123827	1	0	1	1.606380952597665
67200.0	1000.0	1795.7825389123811	0.0	0	446.93811140627076	1995.7825389123755	1	0	1	1.6063809525976664
68200.0	1000.0	1795.7825389123936	0.0	0	470.76946204442356	1995.78253891239	1	0	1	1.6063809525976653
69200.0	1000.0	1795.7825389123966	0.0	0	230.305802625895	1995.78253891239	1	0	1	1.6063809525976653
70200.0	1000.0	1795.7825389124077	0.0	0	297.80861343345896	1995.78253891239	1	0	1	1.6063809525976653
71200.0	1000.0	1795.7825389123905	0.0	0	465.9689971764892	1995.7825389123755	1	0	1	1.606380952597667
72200.0	1000.0	1795.7825389123848	0.0	0	252.2283704718575	1995.78253891239	1	0	1	1.6063809525976653
73200.0	1000.0	1795.7825389123957	0.0	0	446.75637636611646	1995.78253891239	1	0	1	1.6063809525976653
74200.0	1000.0	1795.7825389123866	0.0	0	258.8137271362066	1995.78253891239	1	0	1	1.6063809525976653
75261.65524150421	1000.0	1734.1272974081824	0.0	0	0.0	1995.78253891239	1	0	1	1.6063809525976653
76200.0	1000.0	1795.7825389124046	0.0	0	200.53820267242554	1995.78253891239	1	0	1	1.6063809525976653
77200.0	1000.0	1795.7825389123998	0.0	0	108.0902515812777	1995.78253891239	1	0	1	1.6063809525976653
78200.0	1000.0	1795.7825389124064	0.0	0	376.15363637676637	1995.78253891239	1	0	1	1.6063809525976653
79200.0	1000.0	1795.7825389124307	0.0	0	141.49096060129523	1995.78253891239	1	0	1	1.6063809525976653
80200.0	1000.0	1795.782538912421	0.0	0	56.58313711732626	1995.7825389124046	1	0	1	1.6063809525976638
81204.29489988112	1000.0	1791.487639031298	0.0	0	0.0	1995.78253891239	1	0	1	1.6063809525976653
82200.0	1000.0	1795.7825389124062	0.0	0	335.6979775146174	1995.78253891239	1	0	1	1.6063809525976653
83200.0	1000.0	1795.782538912418	0.0	0	3.2939478291664273	1995.7825389124046	1	0	1	1.606380952597665
84606.57054620735	1000.0	1389.2119927050624	0.0	0	0.0	1995.7825389124046	1	0	1	1.6063809525976638
85333.92652044333	1000.0	1661.8560184690607	0.0	0	0.0	1995.7825389124046	1	0	1	1.6063809525976638
86200.0	1000.0	1795.78253891238	0.0	0	16.555086992681026	1995.7825389124046	1	0	1	1.6063809525976638
87200.0	1000.0	1795.782538912369	0.0	0	368.7050308942853	1995.78253891239	1	0	1	1.6063809525976653
88200.0	1000.0	1795.782538912353	0.0	0	3.1132487309077987	1995.78253891239	1	0	1	1.6063809525976653
89200.0	1000.0	1795.7825389123673	0.0	0	149.26344157934363	1995.7825389124046	1	0	1	1.6063809525976638
90200.0	1000.0	1795.7825389123636	0.0	0	342.8804337128531	1995.78253891239	1	0	1	1.6063809525976653
91200.0	1000.0	1795.7825389123695	0.0	0	282.1290618281055	1995.78253891239	1	0	1	1.6063809525976653
92200.0	1000.0	1795.7825389123675	0.0	0	363.00475143565563	1995.78253891239	1	0	1	1.6063809525976653
93200.0	1000.0	1795.7825389123727	0.0	0	24.44026232676697	1995.78253891239	1	0	1	1.6063809525976653
94200.0	500.0	1795.7825389123777	0.0	0	535.1953864619281	1995.7825389123755	1	0	1	-0.12648699880219677
95200.0	500.0	1795.782538912395	0.0	0	472.8876794320822	1995.7825389123755	1	0	1	0.5666601817577487
96200.0	500.0	1795.7825389123975	0.0	0	341.4320070381509	1995.7825389123755	1	0	1	0.5666601817577487
97200.0	500.0	1795.782538912401	0.0	0	620.3758584116731	1995.7825389123755	1	0	1	0.5666601817577487
98200.0	500.0	1795.7825389124027	0.0	0	403.51085009842063	1995.78253891239	1	0	1	0.5666601817577472
99200.0	500.0	1795.7825389124132	0.0	0	481.60332689601637	1995.78253891239	1	0	1	0.5666601817577472
100200.0	500.0	1795.7825389124284	0.0	0	521.428110058172	1995.78253891239	1	0	1	0.5666601817577472
101200.0	500.0	1795.7825389124312	0.0	0	774.6577629038802	1995.78253891239	1	0	1	0.5666601817577472
102200.0	500.0	1795.782538912428	0.0	0	737.6583319953497	1995.78253891239	1	0	1	0.5666601817577472
103200.0	500.0	1795.7825389124241	0.0	0	432.8682142601756	1995.78253891239	1	0	1	0.5666601817577472
104200.0	500.0	1795.782538912419	0.0	0	487.0653946982202	1995.78253891239	1	0	1	0.5666601817577472
105200.0	500.0	1795.782538912415	0.0	0	503.5606035402452	1995.78253891239	1	0	1	0.5666601817577472
106200.0	500.0	1795.7825389124184	0.0	0	568.8902904585557	1995.78253891239	1	0	1	0.5666601817577472
107200.0	500.0	1795.7825389124057	0.0	0	762.7422605850734	1995.78253891239	1	0	1	0.5666601817577472
108200.0	500.0	1795.7825389124066	0.0	0	793.8939559604332	1995.78253891239	1	0	1	0.5666601817577472
109200.0	500.0	1795.782538912395	0.0	0	680.6967326546	1995.78253891239	1	0	1	0.5666601817577472
110200.0	1000.0	1795.7825389124137	0.0	0	276.1752255583997	1995.7825389124046	1	0	1	0.9132337720377184
111200.0	1000.0	1795.7825389124096	0.0	0	526.3628379924776	1995.7825389124046	1	0	1	1.6063809525976638
112200.0	1000.0	1795.7825389124116	0.0	0	602.4368062735011	1995.7825389124046	1	0	1	1.6063809525976638
113200.0	1000.0	1795.7825389124032	0.0	0	116.15100172162056	1995.7825389124046	1	0	1	1.6063809525976638
114200.0	1000.0	1795.7825389123802	0.0	0	35.10346114024287	1995.78253891239	1	0	1	1.6063809525976653
115200.0	1000.0	1795.7825389123923	0.0	0	495.36940144853725	1995.7825389124046	1	0	1	1.6063809525976638
116200.0	1000.0	1795.7825389123805	0.0	0	328.29594008415006	1995.7825389124046	1	0	1	1.6063809525976638
117200.0	1000.0	1795.7825389123732	0.0	0	225.4284263857262	1995.782538912419	1	0	1	1.6063809525976624
118200.0	1000.0	1795.782538912379	0.0	0	563.5099687790207	1995.7825389124337	1	0	1	1.606380952597661
119200.0	1000.0	1795.7825389123798	0.0	0	282.0196386054158	1995.7825389124337	1	0	1	1.606380952597661
120200.0	1000.0	1795.7825389123739	0.0	0	378.6259626357205	1995.7825389124337	1	0	1	1.606380952597661
121200.0	1000.0	1795.782538912376	0.0	0	62.30046598621993	1995.7825389124337	1	0	1	1.606380952597661
122232.25644407624	1000.0	1763.5260948361417	0.0	0	0.0	1995.7825389124337	1	0	1	1.606380952597661
123200.0	1000.0	1795.7825389123782	0.0	0	6.692718688893365	1995.7825389124337	1	0	1	1.606380952597661
124200.0	1000.0	1795.7825389123732	0.0	0	212.30796757960343	1995.7825389124337	1	0	1	1.606380952597661
125200.0	1000.0	1795.7825389123627	0.0	0	336.8771946632478	1995.7825389124337	1	0	1	1.606380952597661
126200.0	1000.0	1795.7825389123693	0.0	0	59.00736720014538	1995.7825389124337	1	0	1	1.606380952597661
127200.0	1000.0	1795.782538912361	0.0	0	468.8963469838345	1995.7825389124337	1	0	1	1.606380952597661
128200.0	1000.0	1795.7825389123605	0.0	0	306.5837517641485	1995.782538912419	1	0	1	1.6063809525976624
129200.0	1000.0	1795.782538912334	0.0	0	235.69611262282706	1995.7825389124046	1	0	1	1.6063809525976638
130200.0	1000.0	1795.7825389123261	0.0	0	576.2383058971172	1995.7825389124046	1	0	1	1.6063809525976638
131200.0	1000.0	1795.7825389123393	0.0	0	191.5226085701579	1995.7825389124046	1	0	1	1.606380952597665
132200.0	1000.0	1795.7825389123273	0.0	0	327.4932328579307	1995.78253891239	1	0	1	1.6063809525976631
133200.0	1000.0	1795.7825389122759	0.0	0	530.746530269389	1995.7825389123172	1	0	1	1.6063809525976689
134200.0	1000.0	1795.7825389122522	0.0	0	482.8067362717702	1995.7825389123172	1	0	1	1.6063809525976724
135200.0	1000.0	1795.7825389122568	0.0	0	558.5218994467286	1995.7825389123172	1	0	1	1.6063809525976724
136200.0	1000.0	1795.7825389122795	0.0	0	502.0499018433038	1995.7825389123464	1	0	1	1.6063809525976698
137200.0	1000.0	1795.7825389122706	0.0	0	578.7347433384275	1995.7825389123464	1	0	1	1.6063809525976698
138302.73437261948	1000.0	1693.0481662927925	0.0	0	0.0	1995.7825389123464	1	0	1	1.6063809525976698
139583.23218667266	1000.0	1412.550352239643	0.0	0	0.0	1995.7825389123464	1	0	1	1.6063809525976698
140470.86916682485	1000.0	1524.9133720874731	0.0	0	0.0	1995.7825389123464	1	0	1	1.6063809525976698
141200.0	1000.0	1795.7825389123202	0.0	0	103.47681719332468	1995.7825389123172	1	0	1	1.6063809525976724
142200.0	1000.0	1795.782538912329	0.0	0	334.5309414268122	1995.7825389123172	1	0	1	1.6063809525976724
143200.0	1000.0	1795.7825389123268	0.0	0	319.60394106799504	1995.7825389123172	1	0	1	1.6063809525976724
144200.0	1000.0	1795.7825389123325	0.0	0	216.5983308693103	1995.7825389123172	1	0	1	1.6063809525976724
145200.0	1000.0	1795.782538912315	0.0	0	274.03437353196205	1995.7825389123172	1	0	1	1.6063809525976724
146200.0	1000.0	1795.782538912307	0.0	0	399.17427665615105	1995.7825389123172	1	0	1	1.6063809525976724
147200.0	1000.0	1795.7825389123236	0.0	0	419.61078371611075	1995.7825389123172	1	0	1	1.6063809525976724
148200.0	1000.0	1795.7825389123293	0.0	0	298.5772888844949	1995.7825389123172	1	0	1	1.6063809525976724
149200.0	1000.0	1795.7825389123677	0.0	0	306.991407763795	1995.7825389123172	1	0	1	1.6063809525976724
150200.0	1000.0	1795.7825389123752	0.0	0	467.9720345045498	1995.7825389123172	1	0	1	1.6063809525976724
151200.0	1000.0	1795.7825389123975	0.0	0	170.20046737234225	1995.7825389123172	1	0	1	1.6063809525976724
152200.0	1000.0	1795.782538912428	0.0	0	143.89131586501026	1995.7825389123464	1	0	1	1.6063809525976698
153200.0	1000.0	1795.7825389124569	0.0	0	604.517919896578	1995.7825389123464	1	0	1	1.6063809525976698
154200.0	1000.0	1795.7825389124614	0.0	0	495.9846549217182	1995.7825389123172	1	0	1	1.6063809525976724
155292.03006595306	1000.0	1703.7524729594181	0.0	0	0.0	1995.7825389123172	1	0	1	1.6063809525976724
156200.0	1000.0	1795.7825389124757	0.0	0	265.40203414368443	1995.7825389123172	1	0	1	1.6063809525976724
157200.0	1000.0	1795.7825389124841	0.0	0	327.8715185841429	1995.7825389123464	1	0	1	1.6063809525976698
158212.8979715956	1000.0	1782.8845673169105	0.0	0	0.0	1995.7825389123464	1	0	1	1.6063809525976698
159200.0	1000.0	1795.7825389125207	0.0	0	351.28026984707685	1995.7825389123464	1	0	1	1.6063809525976698
160200.0	1000.0	1795.782538912496	0.0	0	549.2548043836723	1995.7825389123464	1	0	1	1.6063809525976698
161200.0	1000.0	1795.7825389125278	0.0	0	483.00089472855325	1995.7825389123464	1	0	1	1.6063809525976698
162200.0	1000.0	1795.7825389125207	0.0	0	561.2205053941288	1995.7825389123464	1	0	1	1.6063809525976698
163200.0	1000.0	1795.782538912522	0.0	0	431.5344506787078	1995.7825389123464	1	0	1	1.6063809525976698
164200.0	1000.0	1795.7825389125421	0.0	0	442.4752932462434	1995.7825389123464	1	0	1	1.6063809525976698
165200.0	1000.0	1795.7825389125392	0.0	0	253.8046953670564	1995.7825389123755	1	0	1	1.606380952597667
166200.0	1000.0	1795.782538912545	0.0	0	338.8980130543641	1995.7825389123755	1	0	1	1.606380952597667
167200.0	1000.0	1795.7825389125487	0.0	0	43.63445327122463	1995.7825389123755	1	0	1	1.606380952597667
168200.0	1000.0	1795.7825389125398	0.0	0	294.8383070208365	1995.7825389123464	1	0	1	1.6063809525976698
169200.0	1000.0	1795.782538912556	0.0	0	537.5990582836384	1995.7825389123464	1	0	1	1.6063809525976698
170200.0	1000.0	1795.782538912565	0.0	0	579.0842184390349	1995.7825389123464	1	0	1	1.6063809525976698
171200.0	1000.0	1795.782538912587	0.0	0	145.09860025290982	1995.7825389123464	1	0	1	1.6063809525976698
172245.06780292155	1000.0	1750.7147359910675	0.0	0	0.0	1995.7825389123755	1	0	1	1.606380952597667
173431.8262125535	1000.0	1563.9563263591315	0.0	0	0.0	1995.7825389124046	1	0	1	1.6063809525976638
174200.0	500.0	1795.782538912671	0.0	0	261.8565077257517	1995.7825389124046	1	0	1	-0.1264869988021997
175200.0	500.0	1795.7825389126779	0.0	0	515.2283950507408	1995.7825389123755	1	0	1	0.5666601817577487
176200.0	500.0	1795.78253891271	0.0	0	670.5666510606825	1995.7825389124046	1	0	1	0.5666601817577457
177200.0	500.0	1795.7825389126883	0.0	0	518.9144442042452	1995.7825389124046	1	0	1	0.5666601817577457
178200.0	500.0	1795.78253891272	0.0	0	367.4612179767282	1995.7825389124337	1	0	1	0.5666601817577428
179200.0	500.0	1795.7825389127022	0.0	0	566.4837185683718	1995.7825389124628	1	0	1	0.5666601817577399
180200.0	500.0	1795.7825389127304	0.0	0	719.2635711740877	1995.7825389124628	1	0	1	0.5666601817577399
181200.0	500.0	1795.782538912713	0.0	0	681.0180193972483	1995.7825389124628	1	0	1	0.5666601817577399
182200.0	500.0	1795.7825389127147	0.0	0	484.8735641921812	1995.7825389124628	1	0	1	0.5666601817577399
183200.0	500.0	1795.7825389126922	0.0	0	483.33194830143475	1995.7825389124919	1	0	1	0.566660181757737
184200.0	500.0	1795.7825389126806	0.0	0	522.0684127653658	1995.7825389124919	1	0	1	0.566660181757737
185200.0	500.0	1795.7825389126845	0.0	0	439.5018909946084	1995.7825389124628	1	0	1	0.5666601817577399
186200.0	500.0	1795.782538912734	0.0	0	559.5229232918646	1995.7825389124628	1	0	1	0.5666601817577399
187200.0	500.0	1795.7825389127183	0.0	0	481.46552020832314	1995.7825389124628	1	0	1	0.5666601817577399
188200.0	500.0	1795.7825389127163	0.0	0	611.9629049493524	1995.7825389124628	1	0	1	0.5666601817577399
189200.0	500.0	1795.7825389127072	0.0	0	597.4500323822431	1995.7825389124628	1	0	1	0.5666601817577399
190200.0	500.0	1795.7825389127158	0.0	0	710.337323823449	1995.7825389124337	1	0	1	0.5666601817577428
191200.0	500.0	1795.7825389127277	0.0	0	555.9313019298133	1995.7825389124337	1	0	1	0.5666601817577428
192200.0	500.0	1795.7825389127074	0.0	0	404.1622705786722	1995.7825389124337	1	0	1	0.5666601817577428
193200.0	500.0	1795.7825389126858	0.0	0	678.7189099068637	1995.7825389124337	1	0	1	0.5666601817577428
194200.0	500.0	1795.7825389126679	0.0	0	756.7179982790258	1995.7825389124046	1	0	1	0.5666601817577457
195200.0	500.0	1795.7825389126338	0.0	0	617.1255477156083	1995.7825389124046	1	0	1	0.5666601817577457
196200.0	1000.0	1795.78253891265	0.0	0	576.188393772085	1995.7825389124046	1	0	1	0.9132337720377184
197200.0	1000.0	1795.7825389126485	0.0	0	159.54744078946533	1995.7825389124046	1	0	1	1.6063809525976638
198488.03954788303	1000.0	1507.7429910296394	0.0	0	0.0	1995.7825389124337	1	0	1	1.606380952597661
199200.0	1000.0	1795.7825389126567	0.0	0	206.04529940421344	1995.7825389124337	1	0	1	1.606380952597661
200200.0	1000.0	1795.7825389126588	0.0	0	337.54848637923715	1995.7825389124046	1	0	1	1.6063809525976638
201200.0	1000.0	1795.7825389126315	0.0	0	316.67174937951495	1995.7825389123755	1	0	1	1.606380952597667
202200.0	1000.0	1795.782538912629	0.0	0	240.4252464484016	1995.7825389123464	1	0	1	1.6063809525976698
203258.45827704092	1000.0	1737.3242618716874	0.0	0	0.0	1995.7825389123172	1	0	1	1.6063809525976702
204200.0	1000.0	1795.782538912579	0.0	0	180.34447132001515	1995.7825389123172	1	0	1	1.6063809525976724
205200.0	1000.0	1795.782538912573	0.0	0	349.46943348576315	1995.7825389123172	1	0	1	1.6063809525976724
206200.0	1000.0	1795.782538912574	0.0	0	458.28978105224087	1995.7825389123172	1	0	1	1.6063809525976724
207200.0	1000.0	1795.782538912551	0.0	0	426.47721313792863	1995.7825389122881	1	0	1	1.6063809525976755
208200.0	1000.0	1795.782538912573	0.0	0	368.65171259845374	1995.7825389122881	1	0	1	1.6063809525976755
209200.0	1000.0	1795.782538912574	0.0	0	420.6487402963394	1995.7825389122881	1	0	1	1.6063809525976755
210200.0	1000.0	1795.7825389125826	0.0	0	18.668137431581272	1995.7825389122881	1	0	1	1.6063809525976755
211352.9755311037	1000.0	1642.807007808861	0.0	0	0.0	1995.782538912259	1	0	1	1.6063809525976787
212200.0	1000.0	1795.7825389125735	0.0	0	287.62932280942914	1995.782538912259	1	0	1	1.6063809525976787
213200.0	1000.0	1795.7825389125953	0.0	0	137.72964066531858	1995.782538912259	1	0	1	1.6063809525976787
214200.0	1000.0	1795.7825389125958	0.0	0	327.89984429767355	1995.7825389122881	1	0	1	1.6063809525976755
215200.0	1000.0	1795.782538912588	0.0	0	509.98430209438084	1995.7825389123172	1	0	1	1.6063809525976724
216200.0	1000.0	1795.7825389125967	0.0	0	337.1841698862845	1995.7825389123172	1	0	1	1.6063809525976724
217200.0	1000.0	1795.7825389126278	0.0	0	524.244773823244	1995.7825389123464	1	0	1	1.6063809525976698
218200.0	1000.0	1795.7825389126428	0.0	0	345.25710697399336	1995.7825389123464	1	0	1	1.6063809525976698
219200.0	1000.0	1795.7825389126356	0.0	0	308.2168868948356	1995.7825389123172	1	0	1	1.6063809525976724
220200.0	1000.0	1795.7825389126624	0.0	0	175.1579791585973	1995.7825389123464	1	0	1	1.6063809525976698
221200.0	1000.0	1795.7825389126497	0.0	0	229.14468534608022	1995.7825389123464	1	0	1	1.6063809525976698
222200.0	1000.0	1795.7825389126426	0.0	0	468.84337772635627	1995.7825389123172	1	0	1	1.6063809525976724
223200.0	1000.0	1795.7825389126408	0.0	0	55.565033856226364	1995.7825389123464	1	0	1	1.6063809525976698
224200.0	1000.0	1795.7825389126479	0.0	0	23.402499266638188	1995.7825389123464	1	0	1	1.6063809525976698
225200.0	1000.0	1795.7825389126133	0.0	0	159.84028314656462	1995.7825389123464	1	0	1	1.6063809525976698
226200.0	1000.0	1795.782538912594	0.0	0	303.291153485683	1995.7825389123172	1	0	1	1.6063809525976724
227200.0	1000.0	1795.7825389125844	0.0	0	429.5895659044909	1995.7825389122881	1	0	1	1.6063809525976755
228200.0	1000.0	1795.7825389125908	0.0	0	231.992334134673	1995.7825389122881	1	0	1	1.6063809525976755
229200.0	1000.0	1795.7825389126126	0.0	0	416.93856535764644	1995.7825389123172	1	0	1	1.6063809525976724
230272.42054040811	1000.0	1723.361998504511	0.0	0	0.0	1995.7825389123172	1	0	1	1.6063809525976724
231200.0	1000.0	1795.7825389126256	0.0	0	100.48364894482074	1995.7825389123172	1	0	1	1.6063809525976724
232200.0	1000.0	1795.7825389126351	0.0	0	201.69378573220456	1995.7825389123172	1	0	1	1.6063809525976724
233587.96813560766	1000.0	1407.814403304959	0.0	0	0.0	1995.7825389123172	1	0	1	1.6063809525976724
234628.18964114593	1000.0	1367.592897766669	0.0	0	0.0	1995.7825389123172	1	0	1	1.6063809525976724
235458.8519151841	1000.0	1536.9306237285232	0.0	0	0.0	1995.7825389123172	1	0	1	1.6063809525976724
236200.0	1000.0	1795.7825389126047	0.0	0	64.09719241069979	1995.7825389123172	1	0	1	1.6063809525976724
237230.12141812235	1000.0	1765.661120790249	0.0	0	0.0	1995.7825389122881	1	0	1	1.6063809525976755
238200.0	1000.0	1795.7825389126124	0.0	0	281.4029980523628	1995.7825389122881	1	0	1	1.6063809525976755
239200.0	1000.0	1795.7825389126	0.0	0	137.34788074405515	1995.7825389122881	1	0	1	1.6063809525976755
240200.0	1000.0	1795.7825389125915	0.0	0	265.48001780710183	1995.7825389122881	1	0	1	1.6063809525976755
241200.0	1000.0	1795.78253891259	0.0	0	550.7127532277955	1995.7825389122881	1	0	1	1.6063809525976755
242363.59209353506	1000.0	1632.1904453775232	0.0	0	0.0	1995.7825389123464	1	0	1	1.606380952597672
243200.0	500.0	1795.7825389125926	0.0	0	445.391591463238	1995.7825389123464	1	0	1	-0.12648699880219394
244200.0	1000.0	1795.7825389125567	0.0	0	150.45132648045546	1995.7825389123464	1	0	1	0.9132337720377243
245200.0	500.0	1795.7825389125499	0.0	0	328.792307699041	1995.7825389123464	1	0	1	-0.12648699880219394
246200.0	500.0	1795.7825389125228	0.0	0	628.2382661458105	1995.7825389123172	1	0	1	0.5666601817577545
247200.0	500.0	1795.782538912537	0.0	0	366.2034330726892	1995.7825389123172	1	0	1	0.5666601817577545
248200.0	500.0	1795.782538912555	0.0	0	441.3297484135546	1995.7825389123172	1	0	1	0.5666601817577545
249200.0	500.0	1795.782538912562	0.0	0	447.4997688474832	1995.7825389123464	1	0	1	0.5666601817577516
250200.0	500.0	1795.7825389125571	0.0	0	786.8902972485521	1995.7825389123464	1	0	1	0.5666601817577516
251200.0	500.0	1795.7825389125305	0.0	0	742.4472574151878	1995.7825389123464	1	0	1	0.5666601817577516
252200.0	500.0	1795.782538912498	0.0	0	398.25395606367965	1995.7825389123172	1	0	1	0.5666601817577545
253200.0	500.0	1795.782538912476	0.0	0	461.4649543281412	1995.7825389123172	1	0	1	0.5666601817577545
254200.0	500.0	1795.782538912461	0.0	0	470.84445513083483	1995.7825389122881	1	0	1	0.5666601817577575
255200.0	500.0	1795.7825389124384	0.0	0	671.2939665012527	1995.7825389122881	1	0	1	0.5666601817577575
256200.0	500.0	1795.782538912442	0.0	0	817.4109557010815	1995.782538912259	1	0	1	0.5666601817577603
257200.0	500.0	1795.7825389124591	0.0	0	764.642952809605	1995.7825389122881	1	0	1	0.5666601817577575
258200.0	500.0	1795.7825389124264	0.0	0	544.704248573631	1995.7825389122881	1	0	1	0.5666601817577575
259200.0	1000.0	1795.7825389124437	0.0	0	201.25095623385278	1995.7825389123172	1	0	1	0.913233772037727
260200.0	1000.0	1795.7825389124407	0.0	0	418.34185158723267	1995.7825389123172	1	0	1	1.6063809525976724
261200.0	1000.0	1795.7825389124544	0.0	0	658.2316900475416	1995.7825389123172	1	0	1	1.6063809525976724
262211.60110641475	1000.0	1784.1814324977408	0.0	0	0.0	1995.7825389123755	1	0	1	1.606380952597669
263200.0	1000.0	1795.78253891255	0.0	0	389.05869573017117	1995.7825389124337	1	0	1	1.6063809525976636
264200.0	1000.0	1795.7825389125505	0.0	0	269.00869303237414	1995.7825389123755	1	0	1	1.6063809525976627
265200.0	1000.0	1795.7825389125258	0.0	0	264.653515711776	1995.7825389123755	1	0	1	1.606380952597667
266200.0	1000.0	1795.7825389124932	0.0	0	189.43582407594658	1995.7825389123755	1	0	1	1.606380952597667
267200.0	1000.0	1795.7825389124805	0.0	0	467.8578073998797	1995.7825389124337	1	0	1	1.606380952597661
268200.0	1000.0	1795.7825389124928	0.0	0	308.96436703088693	1995.7825389123755	1	0	1	1.606380952597667
269200.0	1000.0	1795.782538912507	0.0	0	332.22705594386207	1995.7825389123755	1	0	1	1.606380952597667
270200.0	1000.0	1795.782538912525	0.0	0	20.376551519380882	1995.7825389123755	1	0	1	1.606380952597667
271431.92419477017	1000.0	1563.8583441423268	0.0	0	0.0	1995.7825389124337	1	0	1	1.606380952597661
272200.0	1000.0	1795.7825389125119	0.0	0	30.39112880436005	1995.7825389124337	1	0	1	1.606380952597661
273200.0	1000.0	1795.7825389125564	0.0	0	242.17593750025844	1995.7825389124919	1	0	1	1.6063809525976551
274200.0	1000.0	1795.7825389125621	0.0	0	202.70597998495214	1995.7825389124919	1	0	1	1.6063809525976551
275391.33279729093	1000.0	1604.4497416216495	0.0	0	0.0	1995.7825389124919	1	0	1	1.6063809525976551
276225.32463123626	1000.0	1770.457907676389	0.0	0	0.0	1995.7825389124337	1	0	1	1.606380952597661
277200.0	1000.0	1795.7825389126485	0.0	0	303.8173357110354	1995.7825389124337	1	0	1	1.606380952597661
278200.0	1000.0	1795.7825389126563	0.0	0	388.39094120037043	1995.7825389124337	1	0	1	1.606380952597661
279200.0	1000.0	1795.7825389126242	0.0	0	542.0244391847518	1995.7825389124337	1	0	1	1.606380952597661
280200.0	1000.0	1795.7825389126115	0.0	0	295.28878598846495	1995.7825389124919	1	0	1	1.6063809525976551
281200.0	1000.0	1795.7825389125526	0.0	0	340.8906856563408	1995.7825389124919	1	0	1	1.6063809525976551
282200.0	1000.0	1795.7825389125426	0.0	0	555.7131040737731	1995.7825389124919	1	0	1	1.6063809525976551
283200.0	1000.0	1795.7825389125628	0.0	0	245.85487417364493	1995.7825389124919	1	0	1	1.6063809525976551
284200.0	1000.0	1795.782538912603	0.0	0	360.7985952657764	1995.7825389124919	1	0	1	1.6063809525976551
285200.0	1000.0	1795.7825389126237	0.0	0	452.54345732182264	1995.78253891255	1	0	1	1.6063809525976493
286200.0	1000.0	1795.782538912606	0.0	0	661.933973045263	1995.78253891255	1	0	1	1.6063809525976493
287200.0	1000.0	1795.782538912567	0.0	0	263.35557297663763	1995.7825389124919	1	0	1	1.6063809525976551
288200.0	1000.0	1795.7825389125662	0.0	0	15.448675909021404	1995.7825389124919	1	0	1	1.6063809525976551
289200.0	1000.0	1795.7825389126222	0.0	0	0.34506524086464196	1995.7825389124919	1	0	1	1.6063809525976551
290200.0	1000.0	1795.7825389125792	0.0	0	376.30463501263876	1995.7825389124337	1	0	1	1.606380952597661
291200.0	1000.0	1795.782538912596	0.0	0	355.9777901947964	1995.7825389123755	1	0	1	1.606380952597667
292200.0	1000.0	1795.7825389126074	0.0	0	452.6077778741019	1995.7825389123755	1	0	1	1.606380952597667
293324.16153926105	1000.0	1671.6209996514763	0.0	0	0.0	1995.7825389123755	1	0	1	1.606380952597667
294200.0	1000.0	1795.7825389125785	0.0	0	389.18364525871584	1995.7825389123755	1	0	1	1.606380952597667
295200.0	1000.0	1795.7825389125571	0.0	0	383.8721735761501	1995.7825389123755	1	0	1	1.606380952597667
296200.0	1000.0	1795.7825389125885	0.0	0	507.8005199334002	1995.7825389123172	1	0	1	1.6063809525976724
297200.0	1000.0	1795.7825389125733	0.0	0	411.4098543190048	1995.7825389123172	1	0	1	1.6063809525976724
298200.0	1000.0	1795.782538912584	0.0	0	72.73867713520303	1995.7825389123172	1	0	1	1.6063809525976724
299200.0	1000.0	1795.7825389126099	0.0	0	479.82081894006114	1995.7825389123755	1	0	1	1.606380952597667
300200.0	1000.0	1795.7825389126622	0.0	0	332.01156886375975	1995.7825389123755	1	0	1	1.606380952597667
2.14	2.69	1.18	1.62	1.29	1.25	1.31	1.89	2.31	2.09	1.3	1.82	1.09	1.91	1.07	1.89	2.44	1.93	0.91	1.3	0.88	1.11	1.45	1.51	1.32	1.04	1.1	1.74	1.96	1.14	0.82	0.94	0.89	1.3	1.33	1.56	1.6	1.73	0.9	0.87	1.91	2.43	1.68	1.84	1.59	0.74	2.12	1.36	1.15	1.83	1.26	1.23	1.67	1.55	1.46	1.53	1.45	0.92	0.7	1.51	1.49	1.31	2.35	2.02	1.7	1.41	1.9	1.45	1.8	1.71	1.34	1.24	1.27	1.6	2.04	1.15	1.4	1.16	1.45	1.18	0.64	1.22	1.46	1.32	1.0	1.39	1.59	1.76	2.19	0.98	1.02	1.31	0.91	1.48	0.74	1.07	1.22	2.25	2.24	1.05	1.04	1.0	1.66	2.49	2.25	1.26	1.26	1.89	2.4	1.16	1.45	1.77	1.4	1.53	1.89	1.74	1.55	1.27	0.93	1.14	1.6	1.55	0.96	1.54	1.54	1.86	2.03	1.71	1.69	2.03	1.54	1.86	2.58	2.69	1.1	0.92	1.3	1.6	1.26	2.06	1.16	1.63	1.97	2.02	1.41	1.12	2.2	1.66	1.42	2.18	2.14	2.69	1.18	1.62	1.29	1.25	1.31	1.89	2.31	2.09	1.3	1.82	1.09	1.91	1.07	1.89	2.44	1.93	0.91	1.3	0.88	1.11	1.45	1.51	1.32	1.04	1.1	1.74	1.96	1.14	0.82	0.94	0.89	1.3	1.33	1.56	1.6	1.73	0.9	0.87	1.91	2.43	1.68	1.84	1.59	0.74	2.12	1.36	1.15	1.83	1.26	1.23	1.67	1.55	1.46	1.53	1.45	0.92	0.7	1.51	1.49	1.31	2.35	2.02	1.7	1.41	1.9	1.45	1.8	1.71	1.34	1.24	1.27	1.6	2.04	1.15	1.4	1.16	1.45	1.18	0.64	1.22	1.46	1.32	1.0	1.39	1.59	1.76	2.19	0.98	1.02	1.31	0.91	1.48	0.74	1.07	1.22	2.25	2.24	1.05	1.04	1.0	1.66	2.49	2.25	1.26	1.26	1.89	2.4	1.16	1.45	1.77	1.4	1.53	1.89	1.74	1.55	1.27	0.93	1.14	1.6	1.55	0.96	1.54	1.54	1.86	2.03	1.71	1.69	2.03	1.54	1.86	2.58	2.69	1.1	0.92	1.3	1.6	1.26	2.06	1.16	1.63	1.97	2.02	1.41	1.12	2.2	1.66	1.42	2.18	2.14
1.0	2.0	3.0	4.0	5.0	6.0	7.0	8.0	9.0	10.0	11.0	12.0	13.0	14.0	15.0	16.0	17.0	18.0	19.0	20.0	21.0	22.0	23.0	24.0	25.0	26.0	27.0	28.0	29.0	30.0	31.0	32.0	33.0	34.0	35.0	36.0	37.0	38.0	39.0	40.0	41.0	42.0	43.0	44.0	45.0	46.0	47.0	48.0	49.0	50.0	51.0	52.0	53.0	54.0	55.0	56.0	57.0	58.0	59.0	60.0	61.0	62.0	63.0	64.0	65.0	66.0	67.0	68.0	69.0	70.0	71.0	72.0	73.0	74.0	75.0	76.0	77.0	78.0	79.0	80.0	81.0	82.0	83.0	84.0	85.0	86.0	87.0	88.0	89.0	90.0	91.0	92.0	93.0	94.0	95.0	96.0	97.0	98.0	99.0	100.0	101.0	102.0	103.0	104.0	105.0	106.0	107.0	108.0	109.0	110.0	111.0	112.0	113.0	114.0	115.0	116.0	117.0	118.0	119.0	120.0	121.0	122.0	123.0	124.0	125.0	126.0	127.0	128.0	129.0	130.0	131.0	132.0	133.0	134.0	135.0	136.0	137.0	138.0	139.0	140.0	141.0	142.0	143.0	144.0	145.0	146.0	147.0	148.0	149.0	149.0	150.0	151.0	152.0	153.0	154.0	155.0	156.0	157.0	158.0	159.0	160.0	161.0	162.0	163.0	164.0	165.0	166.0	167.0	168.0	169.0	170.0	171.0	172.0	173.0	174.0	175.0	176.0	177.0	178.0	179.0	180.0	181.0	182.0	183.0	184.0	185.0	186.0	187.0	188.0	189.0	190.0	191.0	192.0	193.0	194.0	195.0	196.0	197.0	198.0	199.0	200.0	201.0	202.0	203.0	204.0	205.0	206.0	207.0	208.0	209.0	210.0	211.0	212.0	213.0	214.0	215.0	216.0	217.0	218.0	219.0	220.0	221.0	222.0	223.0	224.0	225.0	226.0	227.0	228.0	229.0	230.0	231.0	232.0	233.0	234.0	235.0	236.0	237.0	238.0	239.0	240.0	241.0	242.0	243.0	244.0	245.0	246.0	247.0	248.0	249.0	250.0	251.0	252.0	253.0	254.0	255.0	256.0	257.0	258.0	259.0	260.0	261.0	262.0	263.0	264.0	265.0	266.0	267.0	268.0	269.0	270.0	271.0	272.0	273.0	274.0	275.0	276.0	277.0	278.0	279.0	280.0	281.0	282.0	283.0	284.0	285.0	286.0	287.0	288.0	289.0	290.0	291.0	292.0	293.0	294.0	295.0	296.0	297.0	298.0	298.0	299.0
3252.377690635416
