5200.264526140724	300.0	2000.0	102.00770124562203	0	0.0	5200.264526140724	1	0	1	-1.130416818275824
5305.535034719372	300.0	2884.202440563489	0.0	0	0.0	5189.73747528286	1	0	2	-0.919151729765868
5430.9879810883085	300.0	3746.2041995576574	0.0	0	0.0	5177.192180645966	1	0	2	-0.7179597741412922
5539.729983889122	300.0	4626.587996476762	0.0	0	0.0	5166.317980365884	1	0	2	-0.7168397503044661
6200.0	300.0	4900.290978754797	0.0	0	555.1495320602589	5100.290978754796	1	0	2	-0.7136058942973729
7200.0	300.0	4800.290978754795	0.0	0	859.8825053295614	5000.290978754796	1	0	2	-0.7040290978754798
8200.0	300.0	4700.290978754795	0.0	0	762.0077749642505	4900.290978754796	1	0	2	-0.69402909787548
9200.0	300.0	4600.290978754793	0.0	0	836.6895361806946	4800.290978754794	1	0	2	-0.6840290978754798
10200.0	300.0	4500.290978754792	0.0	0	876.6937420644008	4700.290978754793	1	0	2	-0.6740290978754797
11200.0	300.0	4400.290978754793	0.0	0	880.05073431456	4600.290978754794	1	0	2	-0.6640290978754797
12200.0	300.0	4300.290978754791	0.0	0	870.4808962634197	4500.2909787547915	1	0	2	-0.6540290978754795
13200.0	300.0	4200.290978754792	0.0	0	824.570068964531	4400.290978754792	1	0	2	-0.6440290978754795
14200.0	300.0	4100.29097875479	0.0	0	782.7854001383694	4300.290978754794	1	0	2	-0.6340290978754796
15200.0	300.0	4000.290978754791	0.0	0	839.082726299388	4200.290978754794	1	0	2	-0.6240290978754797
16200.0	300.0	3900.2909787547906	0.0	0	820.1175180071114	4100.290978754791	1	0	2	-0.6140290978754794
17200.0	300.0	3800.290978754793	0.0	0	823.9564558313341	4000.2909787547906	1	0	2	-0.6040290978754792
18200.0	300.0	3700.2909787547906	0.0	0	795.8228372916892	3900.2909787547924	1	0	2	-0.5940290978754794
19200.0	300.0	3600.2909787547915	0.0	0	841.1920295711025	3800.290978754794	1	0	2	-0.5840290978754797
20200.0	300.0	3500.2909787547947	0.0	0	803.7911540931273	3700.290978754794	1	0	2	-0.5740290978754797
21200.0	300.0	3400.2909787547965	0.0	0	851.7938072295328	3600.2909787548015	1	0	2	-0.5640290978754803
22200.0	300.0	3300.290978754794	0.0	0	789.1766411518147	3500.290978754798	1	0	2	-0.5540290978754799
23200.0	300.0	3200.2909787547933	0.0	0	655.9829263478387	3400.290978754798	1	0	2	-0.5440290978754797
24200.0	300.0	3100.2909787547933	0.0	0	659.543445633808	3300.290978754794	1	0	2	-0.53402909787548
25200.0	300.0	3000.290978754794	0.0	0	840.1256652730408	3200.290978754794	1	0	2	-0.5240290978754796
26200.0	300.0	2900.290978754797	0.0	0	858.2787904815232	3100.290978754798	1	0	2	-0.51402909787548
27200.0	300.0	2800.290978754793	0.0	0	833.0526953338958	3000.290978754798	1	0	2	-0.50402909787548
28200.0	300.0	2700.290978754797	0.0	0	756.9529614972271	2900.290978754798	1	0	2	-0.4940290978754801
29200.0	300.0	2600.290978754799	0.0	0	748.9541643292541	2800.2909787548015	1	0	2	-0.4840290978754804
30200.0	300.0	2500.2909787547974	0.0	0	867.5933005164334	2700.290978754798	1	0	2	-0.4740290978754802
31200.0	300.0	2400.2909787547974	0.0	0	834.7036169203529	2600.2909787548015	1	0	2	-0.46402909787548036
32200.0	300.0	2300.2909787547956	0.0	0	858.6766685872935	2500.2909787548015	1	0	2	-0.45402909787548024
33200.0	300.0	2200.2909787547937	0.0	0	854.2538126399886	2400.2909787548015	1	0	2	-0.44402909787548034
34200.0	300.0	2100.290978754787	0.0	0	867.3419450911315	2300.290978754798	1	0	2	-0.4340290978754797
35200.0	300.0	2000.290978754786	0.0	0	845.0738135397551	2200.290978754798	1	0	2	-0.4240290978754801
36200.0	300.0	1900.2909787547837	0.0	0	831.2249754320073	2100.2909787547906	1	0	2	-0.4140290978754796
37200.0	300.0	1800.2909787547792	0.0	0	828.2128599148273	2000.2909787547906	1	0	2	-0.40402909787547925
38200.0	300.0	1700.2909787547796	0.0	0	798.9355948839802	1900.2909787547906	1	0	2	-0.39402909787547913
39200.0	500.0	1700.290978754779	0.0	0	727.8774466674004	1900.2909787547906	1	0	1	-0.1346162859924837
40200.0	500.0	1700.290978754781	0.0	0	788.2868226558567	1900.2909787547833	1	0	1	0.5762093377735079
41200.0	1000.0	1700.2909787547812	0.0	0	491.44731186001445	1900.2909787547833	1	0	1	0.9227829280534805
42200.0	1000.0	1700.2909787547874	0.0	0	537.7276590563924	1900.2909787547833	1	0	1	1.615930108613426
43200.0	1000.0	1700.2909787547974	0.0	0	576.9303791533093	1900.2909787547833	1	0	1	1.615930108613426
44200.0	1000.0	1700.2909787547992	0.0	0	444.7598088487721	1900.2909787547833	1	0	1	1.615930108613426
45200.0	1000.0	1700.2909787547976	0.0	0	485.3835720784555	1900.290978754776	1	0	1	1.6159301086134268
46200.0	1000.0	1700.290978754792	0.0	0	207.6783892346939	1900.2909787547687	1	0	1	1.6159301086134277
47200.0	1000.0	1700.2909787547906	0.0	0	522.0764649287376	1900.2909787547687	1	0	1	1.6159301086134277
48202.75269256615	1000.0	1697.5382861886353	0.0	0	0.0	1900.2909787547687	1	0	1	1.6159301086134277
49200.0	1000.0	1700.290978754789	0.0	0	169.5621319709826	1900.2909787547687	1	0	1	1.6159301086134277
50200.0	1000.0	1700.2909787547846	0.0	0	449.4943236736799	1900.2909787547687	1	0	1	1.6159301086134277
51200.0	1000.0	1700.2909787547758	0.0	0	604.6880362381053	1900.2909787547687	1	0	1	1.6159301086134277
52200.0	1000.0	1700.2909787547749	0.0	0	511.84488708033314	1900.2909787547687	1	0	1	1.6159301086134277
53200.0	1000.0	1700.2909787547703	0.0	0	643.0593026639399	1900.2909787547687	1	0	1	1.6159301086134277
54200.0	1000.0	1700.290978754773	0.0	0	496.4548464153777	1900.2909787547687	1	0	1	1.6159301086134277
55200.0	1000.0	1700.2909787547699	0.0	0	337.4320285245267	1900.2909787547687	1	0	1	1.6159301086134277
56200.0	1000.0	1700.290978754767	0.0	0	164.18997334160667	1900.2909787547687	1	0	1	1.6159301086134277
57200.0	1000.0	1700.290978754772	0.0	0	58.86363965462806	1900.2909787547687	1	0	1	1.6159301086134277
58200.0	1000.0	1700.2909787547756	0.0	0	280.1711113538695	1900.2909787547687	1	0	1	1.6159301086134277
59200.0	1000.0	1700.2909787547792	0.0	0	493.53551483514457	1900.2909787547687	1	0	1	1.6159301086134277
60200.0	1000.0	1700.290978754779	0.0	0	207.05420212767058	1900.2909787547615	1	0	1	1.6159301086134281
61200.0	1000.0	1700.2909787547776	0.0	0	428.0883322630398	1900.2909787547687	1	0	1	1.6159301086134277
62200.0	1000.0	1700.2909787547696	0.0	0	574.4403973564331	1900.2909787547687	1	0	1	1.6159301086134277
63200.0	1000.0	1700.290978754778	0.0	0	652.0038558880551	1900.2909787547687	1	0	1	1.6159301086134277
64200.0	1000.0	1700.290978754776	0.0	0	589.9703924096611	1900.2909787547687	1	0	1	1.6159301086134277
65200.0	1000.0	1700.290978754782	0.0	0	198.80470375483128	1900.2909787547687	1	0	1	1.6159301086134277
66200.0	1000.0	1700.2909787547817	0.0	0	664.214940291371	1900.2909787547687	1	0	1	1.6159301086134277
67200.0	1000.0	1700.290978754788	0.0	0	584.9070078501682	1900.2909787547687	1	0	1	1.6159301086134281
68200.0	1000.0	1700.2909787547912	0.0	0	606.2794030267396	1900.2909787547687	1	0	1	1.6159301086134277
69200.0	1000.0	1700.2909787547917	0.0	0	695.5450693071762	1900.2909787547687	1	0	1	1.6159301086134277
70200.0	1000.0	1700.2909787547874	0.0	0	614.9061226906051	1900.2909787547687	1	0	1	1.6159301086134277
71332.69969961942	2000.0	1567.5912791353755	0.0	0	0.0	1900.2909787547687	1	0	1	1.9625036988934
72200.0	2000.0	1700.2909787547885	0.0	0	0.23156042785558384	1900.2909787547687	1	0	1	2.6556508794533453
73200.0	1000.0	1700.2909787547883	0.0	0	633.5126531296555	1900.2909787547687	1	0	1	0.9227829280534824
74200.0	1000.0	1700.290978754785	0.0	0	448.4195146000129	1900.2909787547542	1	0	1	1.615930108613429
75200.0	1000.0	1700.290978754804	0.0	0	603.8535182729247	1900.2909787547542	1	0	1	1.615930108613429
76329.56754297181	2000.0	1570.7234357830046	0.0	0	0.0	1900.2909787547542	1	0	1	1.9625036988934017
77782.38202006527	2000.0	1117.908958689538	0.0	0	0.0	1900.2909787547542	1	0	1	2.6556508794533467
78521.13870395006	1000.0	1379.1522748047535	0.0	0	0.0	1900.2909787547542	1	0	1	0.9227829280534838
79487.15267355436	1000.0	1413.1383052004574	0.0	0	0.0	1900.2909787547542	1	0	1	1.615930108613429
80431.59668108162	1000.0	1468.6942976731916	0.0	0	0.0	1900.2909787547542	1	0	1	1.615930108613429
81200.0	1000.0	1700.2909787548138	0.0	0	75.57542625091446	1900.2909787547542	1	0	1	1.615930108613429
82200.0	1000.0	1700.2909787548201	0.0	0	187.406118902014	1900.2909787547542	1	0	1	1.615930108613429
83200.0	1000.0	1700.2909787548433	0.0	0	405.6904809764819	1900.2909787547687	1	0	1	1.6159301086134277
84200.0	1000.0	1700.2909787548383	0.0	0	527.9115055137081	1900.2909787547687	1	0	1	1.6159301086134277
85200.0	1000.0	1700.290978754847	0.0	0	688.6461392756319	1900.2909787547687	1	0	1	1.6159301086134277
86200.0	1000.0	1700.290978754848	0.0	0	546.713230651425	1900.2909787547833	1	0	1	1.615930108613426
87200.0	1000.0	1700.2909787548504	0.0	0	401.8950642045529	1900.2909787547833	1	0	1	1.615930108613426
88200.0	1000.0	1700.2909787548424	0.0	0	28.57352405131678	1900.2909787547833	1	0	1	1.615930108613426
89244.94232292706	1000.0	1655.3486558277696	0.0	0	0.0	1900.2909787547833	1	0	1	1.615930108613426
90200.0	1000.0	1700.2909787548465	0.0	0	240.18896573246457	1900.2909787547978	1	0	1	1.6159301086134246
91200.0	1000.0	1700.2909787548601	0.0	0	458.0769099076424	1900.2909787547978	1	0	1	1.6159301086134246
92200.0	1000.0	1700.2909787548508	0.0	0	461.0832379087369	1900.2909787547833	1	0	1	1.615930108613426
93200.0	1000.0	1700.2909787548433	0.0	0	426.13868713851843	1900.2909787547687	1	0	1	1.6159301086134277
94200.0	1000.0	1700.2909787548394	0.0	0	670.5693702714198	1900.2909787547687	1	0	1	1.6159301086134277
95200.0	1000.0	1700.2909787548354	0.0	0	515.8421946098097	1900.2909787547542	1	0	1	1.615930108613429
96200.0	1000.0	1700.2909787548506	0.0	0	414.7469496961712	1900.2909787547542	1	0	1	1.615930108613429
97200.0	1000.0	1700.2909787548383	0.0	0	425.86136921934667	1900.2909787547542	1	0	1	1.615930108613429
98200.0	1000.0	1700.2909787548456	0.0	0	367.74753410418634	1900.2909787547542	1	0	1	1.615930108613429
99200.0	1000.0	1700.2909787548358	0.0	0	174.7214821614907	1900.2909787547542	1	0	1	1.615930108613429
100200.0	1000.0	1700.2909787548344	0.0	0	242.7648972314346	1900.2909787547542	1	0	1	1.615930108613429
101200.0	1000.0	1700.2909787548276	0.0	0	404.1871258149331	1900.2909787547542	1	0	1	1.615930108613429
102200.0	1000.0	1700.2909787548292	0.0	0	209.94168390438426	1900.2909787547542	1	0	1	1.615930108613429
103200.0	1000.0	1700.2909787548147	0.0	0	477.993294560074	1900.2909787547542	1	0	1	1.615930108613429
104200.0	1000.0	1700.2909787548167	0.0	0	80.44636508937401	1900.2909787547542	1	0	1	1.615930108613429
105200.0	1000.0	1700.2909787548322	0.0	0	438.1901823057415	1900.2909787547542	1	0	1	1.615930108613429
106200.0	1000.0	1700.2909787548315	0.0	0	486.3521271318168	1900.2909787547542	1	0	1	1.615930108613429
107200.0	1000.0	1700.2909787548524	0.0	0	536.9863347373466	1900.2909787547542	1	0	1	1.615930108613429
108200.0	1000.0	1700.2909787548674	0.0	0	610.6882035316958	1900.2909787547687	1	0	1	1.6159301086134277
109200.0	1000.0	1700.2909787548801	0.0	0	654.4419687705231	1900.2909787547833	1	0	1	1.615930108613426
110200.0	1000.0	1700.2909787548863	0.0	0	484.87945739032875	1900.2909787547833	1	0	1	1.615930108613426
111200.0	1000.0	1700.2909787548942	0.0	0	30.668896666917135	1900.2909787547833	1	0	1	1.615930108613426
112200.0	1000.0	1700.2909787548763	0.0	0	107.49794155433483	1900.2909787547833	1	0	1	1.615930108613426
113200.0	1000.0	1700.2909787548738	0.0	0	425.45776719127025	1900.2909787547833	1	0	1	1.615930108613426
114200.0	1000.0	1700.2909787548758	0.0	0	379.0443774539308	1900.2909787547833	1	0	1	1.615930108613426
115200.0	1000.0	1700.2909787548924	0.0	0	344.3273782311153	1900.2909787547833	1	0	1	1.615930108613426
116200.0	1000.0	1700.2909787548908	0.0	0	526.4987084952882	1900.2909787547833	1	0	1	1.615930108613426
117200.0	1000.0	1700.2909787549006	0.0	0	497.0077808024216	1900.2909787547833	1	0	1	1.615930108613426
118200.0	1000.0	1700.2909787549193	0.0	0	479.5621947307809	1900.2909787547833	1	0	1	1.615930108613426
119200.0	1000.0	1700.2909787549188	0.0	0	697.8138481824426	1900.2909787547687	1	0	1	1.6159301086134277
120200.0	1000.0	1700.2909787549258	0.0	0	528.9561136827251	1900.2909787547687	1	0	1	1.6159301086134277
121200.0	1000.0	1700.290978754926	0.0	0	468.31995523119986	1900.2909787547687	1	0	1	1.6159301086134277
122200.0	1000.0	1700.2909787549265	0.0	0	438.8777904412418	1900.2909787547687	1	0	1	1.6159301086134277
123200.0	1000.0	1700.2909787549058	0.0	0	490.69520924931567	1900.2909787547687	1	0	1	1.6159301086134277
124200.0	1000.0	1700.2909787549047	0.0	0	358.56229989402345	1900.2909787547687	1	0	1	1.6159301086134277
125200.0	1000.0	1700.290978754909	0.0	0	488.92002831189893	1900.2909787547687	1	0	1	1.6159301086134277
126200.0	1000.0	1700.2909787548974	0.0	0	392.0122261546203	1900.2909787547687	1	0	1	1.6159301086134277
127200.0	1000.0	1700.2909787548904	0.0	0	258.9352952102345	1900.2909787547687	1	0	1	1.6159301086134277
128200.0	1000.0	1700.2909787548722	0.0	0	45.26781134775956	1900.2909787547687	1	0	1	1.6159301086134277
129200.0	1000.0	1700.2909787548647	0.0	0	449.251399249566	1900.2909787547687	1	0	1	1.6159301086134277
130200.0	1000.0	1700.2909787548635	0.0	0	262.79954780760454	1900.2909787547687	1	0	1	1.6159301086134277
131200.0	1000.0	1700.290978754867	0.0	0	377.1393612293614	1900.2909787547687	1	0	1	1.6159301086134277
132200.0	1000.0	1700.2909787548815	0.0	0	534.1499885890807	1900.2909787547833	1	0	1	1.6159301086134257
133200.0	1000.0	1700.290978754857	0.0	0	380.8030965885846	1900.2909787547542	1	0	1	1.6159301086134281
134200.0	1000.0	1700.2909787548303	0.0	0	424.989990211674	1900.2909787547542	1	0	1	1.615930108613429
135200.0	1000.0	1700.2909787548142	0.0	0	484.90842263336526	1900.2909787547542	1	0	1	1.615930108613429
136200.0	1000.0	1700.2909787547896	0.0	0	265.8397828603338	1900.290978754725	1	0	1	1.6159301086134317
137200.0	1000.0	1700.290978754801	0.0	0	356.61464330283343	1900.2909787547542	1	0	1	1.615930108613429
138200.0	1000.0	1700.2909787548276	0.0	0	297.55937592094415	1900.2909787547542	1	0	1	1.615930108613429
139200.0	1000.0	1700.2909787548313	0.0	0	528.3871379346238	1900.2909787547542	1	0	1	1.615930108613429
140200.0	1000.0	1700.2909787548604	0.0	0	378.6895125589799	1900.2909787547542	1	0	1	1.615930108613429
141200.0	1000.0	1700.290978754849	0.0	0	99.86941422190284	1900.2909787547833	1	0	1	1.615930108613426
142200.0	1000.0	1700.2909787548683	0.0	0	217.60416760109365	1900.2909787547833	1	0	1	1.615930108613426
143208.89497791874	1000.0	1691.3960008361114	0.0	0	0.0	1900.2909787547833	1	0	1	1.615930108613426
144200.0	1000.0	1700.2909787548565	0.0	0	458.01715966823394	1900.2909787547833	1	0	1	1.615930108613426
145200.0	1000.0	1700.2909787548472	0.0	0	498.5295057448384	1900.2909787547833	1	0	1	1.615930108613426
146200.0	1000.0	1700.2909787548474	0.0	0	646.2568947431864	1900.2909787547833	1	0	1	1.615930108613426
147200.0	1000.0	1700.2909787548626	0.0	0	677.3431689238641	1900.2909787547833	1	0	1	1.615930108613426
148200.0	1000.0	1700.2909787548524	0.0	0	648.6382941539923	1900.2909787547833	1	0	1	1.615930108613426
149200.0	1000.0	1700.2909787548392	0.0	0	423.5011658096046	1900.2909787547833	1	0	1	1.615930108613426
150200.0	1000.0	1700.2909787548444	0.0	0	651.6802648555895	1900.2909787547833	1	0	1	1.615930108613426
151200.0	1000.0	1700.2909787548294	0.0	0	638.1238451689424	1900.2909787547833	1	0	1	1.615930108613426
152200.0	1000.0	1700.290978754853	0.0	0	345.9640225384792	1900.2909787548124	1	0	1	1.6159301086134232
153200.0	1000.0	1700.2909787548363	0.0	0	315.87181850062916	1900.2909787547833	1	0	1	1.615930108613426
154200.0	1000.0	1700.2909787548226	0.0	0	135.56581962347263	1900.2909787547833	1	0	1	1.615930108613426
155200.0	1000.0	1700.2909787547956	0.0	0	662.1278555397585	1900.2909787547833	1	0	1	1.615930108613426
156200.0	1000.0	1700.2909787548003	0.0	0	603.5284876406658	1900.2909787547833	1	0	1	1.615930108613426
157200.0	1000.0	1700.2909787547824	0.0	0	278.47024514278746	1900.2909787547542	1	0	1	1.615930108613429
158200.0	1000.0	1700.2909787547637	0.0	0	527.770334294968	1900.2909787547542	1	0	1	1.615930108613429
159200.0	1000.0	1700.290978754782	0.0	0	664.5388104369922	1900.2909787547542	1	0	1	1.615930108613429
160200.0	1000.0	1700.290978754781	0.0	0	549.1559575183783	1900.2909787547542	1	0	1	1.615930108613429
161200.0	1000.0	1700.2909787547767	0.0	0	597.3559705167136	1900.2909787547542	1	0	1	1.615930108613429
162200.0	1000.0	1700.2909787547892	0.0	0	670.3723367752973	1900.2909787547542	1	0	1	1.615930108613429
163200.0	1000.0	1700.290978754812	0.0	0	464.6905510435754	1900.290978754725	1	0	1	1.6159301086134317
164200.0	1000.0	1700.2909787548122	0.0	0	479.51087946543703	1900.2909787547542	1	0	1	1.615930108613429
165200.0	1000.0	1700.2909787547906	0.0	0	334.17128546896856	1900.2909787547833	1	0	1	1.615930108613426
166200.0	1000.0	1700.2909787547928	0.0	0	262.7414431901125	1900.2909787547833	1	0	1	1.615930108613426
167200.0	1000.0	1700.2909787547921	0.0	0	643.8692564749799	1900.2909787547833	1	0	1	1.615930108613426
168200.0	1000.0	1700.290978754789	0.0	0	632.5653597642377	1900.2909787547833	1	0	1	1.615930108613426
169200.0	1000.0	1700.2909787548006	0.0	0	626.4165069313603	1900.2909787547833	1	0	1	1.615930108613426
170200.0	1000.0	1700.2909787547928	0.0	0	553.9024063365068	1900.2909787547833	1	0	1	1.615930108613426
171200.0	1000.0	1700.290978754783	0.0	0	360.6839274618542	1900.2909787547833	1	0	1	1.615930108613426
172200.0	1000.0	1700.2909787547496	0.0	0	121.37728399632033	1900.2909787547833	1	0	1	1.615930108613426
173200.0	1000.0	1700.2909787547553	0.0	0	138.9766526905878	1900.2909787547833	1	0	1	1.615930108613426
174200.0	1000.0	1700.2909787547308	0.0	0	517.9379227830213	1900.2909787547542	1	0	1	1.615930108613429
175200.0	1000.0	1700.2909787547217	0.0	0	676.4537517592835	1900.2909787547542	1	0	1	1.615930108613429
176200.0	1000.0	1700.290978754708	0.0	0	535.765094778908	1900.2909787547542	1	0	1	1.615930108613429
177200.0	1000.0	1700.2909787547312	0.0	0	217.0157402951154	1900.2909787547542	1	0	1	1.615930108613429
178200.0	1000.0	1700.290978754741	0.0	0	222.17890600740793	1900.2909787547542	1	0	1	1.615930108613429
179200.0	1000.0	1700.2909787547155	0.0	0	440.442225930281	1900.2909787547542	1	0	1	1.615930108613429
180200.0	1000.0	1700.2909787547378	0.0	0	475.6321578169882	1900.2909787547542	1	0	1	1.615930108613429
181200.0	1000.0	1700.2909787547196	0.0	0	626.5621014983626	1900.2909787547542	1	0	1	1.615930108613429
182200.0	1000.0	1700.29097875471	0.0	0	438.02267361743725	1900.2909787547542	1	0	1	1.615930108613429
183200.0	1000.0	1700.2909787547128	0.0	0	440.4284751647501	1900.2909787547542	1	0	1	1.615930108613429
184200.0	1000.0	1700.2909787547067	0.0	0	597.4654517123126	1900.2909787547542	1	0	1	1.615930108613429
185200.0	1000.0	1700.290978754701	0.0	0	441.0700475051126	1900.2909787547542	1	0	1	1.615930108613429
186200.0	1000.0	1700.2909787546823	0.0	0	503.90226185004576	1900.2909787547542	1	0	1	1.615930108613429
187200.0	1000.0	1700.2909787546723	0.0	0	429.89792556338944	1900.2909787547542	1	0	1	1.615930108613429
188200.0	1000.0	1700.2909787546525	0.0	0	480.2899995332991	1900.2909787547542	1	0	1	1.615930108613429
189200.0	2000.0	1700.2909787546473	0.0	0	90.12511872575851	1900.2909787547542	1	0	1	1.9625036988934017
190200.0	2000.0	1700.2909787546705	0.0	0	208.10197569360025	1900.2909787547542	1	0	1	2.6556508794533467
191200.0	2000.0	1700.2909787546832	0.0	0	236.0000382004073	1900.2909787547542	1	0	1	2.6556508794533467
192200.0	2000.0	1700.2909787547	0.0	0	424.8044795174792	1900.2909787547833	1	0	1	2.655650879453344
193363.30886192282	2000.0	1536.9821168318933	0.0	0	0.0	1900.2909787547833	1	0	1	2.655650879453344
194802.99909743766	2000.0	1097.2918813170368	0.0	0	0.0	1900.2909787547833	1	0	1	2.655650879453344
195565.99117515405	1000.0	1334.299803600626	0.0	0	0.0	1900.2909787547833	1	0	1	0.9227829280534807
196332.7910788947	1000.0	1567.4998998599533	0.0	0	0.0	1900.2909787547542	1	0	1	1.615930108613428
197343.5855006419	1000.0	1556.7054781127563	0.0	0	0.0	1900.2909787547542	1	0	1	1.615930108613429
198200.0	1000.0	1700.2909787546414	0.0	0	318.194990208518	1900.2909787547542	1	0	1	1.615930108613429
199200.0	1000.0	1700.2909787546348	0.0	0	627.8669276585861	1900.2909787547542	1	0	1	1.615930108613429
200200.0	1000.0	1700.2909787546364	0.0	0	664.3160136566148	1900.2909787547542	1	0	1	1.615930108613429
201200.0	1000.0	1700.2909787546412	0.0	0	681.546625285875	1900.2909787547542	1	0	1	1.615930108613429
202200.0	1000.0	1700.290978754637	0.0	0	667.4304119441949	1900.2909787547542	1	0	1	1.615930108613429
203200.0	1000.0	1700.2909787546344	0.0	0	471.1657390347973	1900.2909787547542	1	0	1	1.615930108613429
204200.0	1000.0	1700.2909787546307	0.0	0	530.6570747341029	1900.2909787547833	1	0	1	1.615930108613426
205200.0	1000.0	1700.2909787546039	0.0	0	496.9072538931796	1900.2909787547542	1	0	1	1.615930108613429
206200.0	1000.0	1700.2909787545573	0.0	0	25.294304543116596	1900.290978754725	1	0	1	1.6159301086134306
207200.0	1000.0	1700.2909787545595	0.0	0	440.67877227201825	1900.290978754725	1	0	1	1.6159301086134317
208200.0	1000.0	1700.290978754564	0.0	0	413.7432390337344	1900.290978754725	1	0	1	1.6159301086134317
209200.0	1000.0	1700.2909787545748	0.0	0	150.16717549893656	1900.290978754725	1	0	1	1.6159301086134317
210200.0	1000.0	1700.2909787545768	0.0	0	557.8351474358642	1900.290978754725	1	0	1	1.6159301086134317
211200.0	1000.0	1700.2909787545582	0.0	0	601.0815837025293	1900.290978754696	1	0	1	1.6159301086134348
212200.0	1000.0	1700.290978754583	0.0	0	616.1450712688384	1900.290978754725	1	0	1	1.6159301086134317
213200.0	1000.0	1700.2909787546116	0.0	0	463.6400032930833	1900.290978754725	1	0	1	1.6159301086134317
214200.0	1000.0	1700.2909787545914	0.0	0	137.43618588757818	1900.2909787547542	1	0	1	1.615930108613429
215200.0	1000.0	1700.2909787545832	0.0	0	606.9832351865189	1900.2909787547542	1	0	1	1.615930108613429
216200.0	1000.0	1700.2909787545825	0.0	0	620.8079931935936	1900.2909787547542	1	0	1	1.615930108613429
217200.0	1000.0	1700.2909787545975	0.0	0	695.3242855653516	1900.2909787547542	1	0	1	1.615930108613429
218200.0	1000.0	1700.2909787546193	0.0	0	665.4131967308931	1900.2909787547542	1	0	1	1.615930108613429
219200.0	1000.0	1700.2909787546043	0.0	0	618.7926899734885	1900.290978754725	1	0	1	1.6159301086134317
220384.3763543423	2000.0	1515.9146244123153	0.0	0	0.0	1900.290978754725	1	0	1	1.9625036988934044
221200.0	2000.0	1700.2909787546305	0.0	0	94.12156968319323	1900.290978754725	1	0	1	2.6556508794533498
222200.0	2000.0	1700.2909787546498	0.0	0	261.13348176141153	1900.2909787547542	1	0	1	2.6556508794533467
223200.0	1000.0	1700.2909787546357	0.0	0	623.2014294262917	1900.2909787547542	1	0	1	0.9227829280534838
224200.0	2000.0	1700.2909787546873	0.0	0	257.19878741024877	1900.2909787547542	1	0	1	1.9625036988934017
225200.0	2000.0	1700.2909787547098	0.0	0	131.35451680753613	1900.2909787547542	1	0	1	2.6556508794533467
226730.3653965695	2000.0	1169.9255821852441	0.0	0	0.0	1900.2909787547833	1	0	1	2.655650879453345
227782.76881237494	1000.0	1117.5221663798134	0.0	0	0.0	1900.2909787548124	1	0	1	0.922782928053478
228622.96828194347	1000.0	1277.3226968112704	0.0	0	0.0	1900.2909787547833	1	0	1	1.615930108613426
229231.54042998256	1000.0	1668.7505487721653	0.0	0	0.0	1900.2909787547542	1	0	1	1.615930108613429
230200.0	1000.0	1700.2909787547255	0.0	0	99.10744714492466	1900.2909787547542	1	0	1	1.615930108613429
231200.0	1000.0	1700.2909787547549	0.0	0	112.60400400374783	1900.2909787547833	1	0	1	1.615930108613426
232200.0	1000.0	1700.290978754765	0.0	0	494.28421271021944	1900.2909787547833	1	0	1	1.615930108613426
233200.0	1000.0	1700.290978754741	0.0	0	643.5956603310478	1900.2909787547833	1	0	1	1.615930108613426
234200.0	1000.0	1700.2909787547637	0.0	0	741.4490695983695	1900.2909787548124	1	0	1	1.6159301086134232
235200.0	1000.0	1700.290978754749	0.0	0	611.1381872744823	1900.2909787548124	1	0	1	1.6159301086134232
236200.0	1000.0	1700.290978754727	0.0	0	462.48474069093936	1900.2909787548124	1	0	1	1.6159301086134232
237215.9059135293	1000.0	1684.3850652254455	0.0	0	0.0	1900.2909787548124	1	0	1	1.6159301086134232
238200.0	1000.0	1700.2909787547612	0.0	0	275.3613644480065	1900.2909787548124	1	0	1	1.6159301086134232
239200.0	1000.0	1700.29097875477	0.0	0	250.9775722612394	1900.2909787548124	1	0	1	1.6159301086134232
240200.0	1000.0	1700.2909787547342	0.0	0	477.2419564081647	1900.2909787547833	1	0	1	1.615930108613426
241200.0	1000.0	1700.290978754736	0.0	0	679.2800090262026	1900.2909787547833	1	0	1	1.615930108613426
242200.0	1000.0	1700.2909787547403	0.0	0	304.19034859660314	1900.2909787547833	1	0	1	1.615930108613426
243200.0	1000.0	1700.2909787547312	0.0	0	637.4697569980926	1900.2909787547542	1	0	1	1.615930108613429
244200.0	1000.0	1700.2909787547458	0.0	0	509.1885668524483	1900.2909787547833	1	0	1	1.615930108613426
245200.0	1000.0	1700.2909787547562	0.0	0	389.6617928680207	1900.2909787547833	1	0	1	1.615930108613426
246200.0	1000.0	1700.29097875476	0.0	0	421.8358794389642	1900.2909787547833	1	0	1	1.615930108613426
247200.0	1000.0	1700.290978754785	0.0	0	422.14075412930106	1900.2909787547833	1	0	1	1.615930108613426
248200.0	1000.0	1700.2909787547992	0.0	0	202.3622159966908	1900.2909787547833	1	0	1	1.615930108613426
249200.0	1000.0	1700.2909787548308	0.0	0	314.7467519576894	1900.2909787547833	1	0	1	1.615930108613426
250200.0	1000.0	1700.2909787548554	0.0	0	337.90076600405155	1900.2909787548124	1	0	1	1.6159301086134232
251200.0	1000.0	1700.2909787548292	0.0	0	465.1362606557959	1900.2909787548124	1	0	1	1.6159301086134232
252200.0	1000.0	1700.2909787548151	0.0	0	400.52649764108355	1900.2909787548124	1	0	1	1.6159301086134232
253200.0	1000.0	1700.2909787547987	0.0	0	21.94158589153085	1900.2909787547833	1	0	1	1.6159301086134248
254200.0	1000.0	1700.2909787547858	0.0	0	501.89021480685915	1900.2909787547833	1	0	1	1.615930108613426
255200.0	1000.0	1700.290978754779	0.0	0	560.9839312564	1900.2909787547542	1	0	1	1.615930108613429
256200.0	1000.0	1700.290978754781	0.0	0	535.6740506235219	1900.290978754725	1	0	1	1.6159301086134317
257200.0	1000.0	1700.2909787547635	0.0	0	734.6695443654025	1900.290978754725	1	0	1	1.6159301086134317
258200.0	1000.0	1700.290978754762	0.0	0	614.2134220893786	1900.290978754725	1	0	1	1.6159301086134317
259200.0	1000.0	1700.2909787547683	0.0	0	445.60421808771207	1900.290978754725	1	0	1	1.6159301086134317
260200.0	1000.0	1700.2909787547621	0.0	0	421.799029924965	1900.290978754725	1	0	1	1.6159301086134317
261200.0	1000.0	1700.290978754777	0.0	0	438.6560390959203	1900.290978754725	1	0	1	1.6159301086134317
262200.0	1000.0	1700.2909787547878	0.0	0	215.863747586729	1900.290978754725	1	0	1	1.6159301086134317
263200.0	1000.0	1700.2909787547453	0.0	0	473.1162207577727	1900.2909787546669	1	0	1	1.6159301086134334
264200.0	1000.0	1700.2909787547728	0.0	0	379.6702944430872	1900.290978754696	1	0	1	1.6159301086134377
265200.0	1000.0	1700.2909787547283	0.0	0	533.859251974267	1900.290978754696	1	0	1	1.6159301086134348
266200.0	1000.0	1700.2909787547064	0.0	0	635.9999079129775	1900.290978754696	1	0	1	1.6159301086134348
267200.0	1000.0	1700.2909787546973	0.0	0	231.0037490458344	1900.290978754696	1	0	1	1.6159301086134348
268200.0	1000.0	1700.2909787546942	0.0	0	542.3034196487861	1900.2909787546378	1	0	1	1.615930108613438
269200.0	1000.0	1700.2909787546669	0.0	0	367.68833999626804	1900.290978754696	1	0	1	1.6159301086134348
270200.0	1000.0	1700.290978754576	0.0	0	620.6832081789616	1900.2909787546378	1	0	1	1.6159301086134406
271200.0	1000.0	1700.2909787545905	0.0	0	487.7968661112827	1900.2909787545796	1	0	1	1.6159301086134463
272200.0	1000.0	1700.2909787545384	0.0	0	238.19621710048523	1900.2909787545796	1	0	1	1.6159301086134463
273200.0	1000.0	1700.2909787545257	0.0	0	327.48008873598883	1900.2909787545796	1	0	1	1.6159301086134463
274200.0	1000.0	1700.2909787544552	0.0	0	364.74908269173466	1900.2909787546378	1	0	1	1.6159301086134406
275200.0	1000.0	1700.2909787544247	0.0	0	546.3450898355222	1900.2909787546378	1	0	1	1.6159301086134406
276200.0	1000.0	1700.2909787544354	0.0	0	151.94009343907237	1900.290978754696	1	0	1	1.6159301086134348
277200.0	1000.0	1700.290978754451	0.0	0	7.5453825343283825	1900.290978754696	1	0	1	1.6159301086134348
278200.0	1000.0	1700.2909787543656	0.0	0	508.30995167873334	1900.290978754696	1	0	1	1.6159301086134348
279200.0	1000.0	1700.2909787544384	0.0	0	445.9772230858216	1900.290978754696	1	0	1	1.6159301086134348
280200.0	1000.0	1700.290978754493	0.0	0	539.4457466476597	1900.290978754696	1	0	1	1.6159301086134348
281200.0	1000.0	1700.2909787544666	0.0	0	462.8941697780392	1900.290978754696	1	0	1	1.6159301086134348
282200.0	1000.0	1700.290978754426	0.0	0	560.3969884000835	1900.2909787546378	1	0	1	1.6159301086134406
283200.0	1000.0	1700.2909787543829	0.0	0	586.8454099974479	1900.2909787546378	1	0	1	1.6159301086134406
284200.0	1000.0	1700.290978754387	0.0	0	220.24921344255563	1900.2909787546378	1	0	1	1.6159301086134406
285200.0	1000.0	1700.2909787544245	0.0	0	393.0858593664598	1900.2909787546378	1	0	1	1.6159301086134406
286200.0	1000.0	1700.290978754384	0.0	0	456.768862152996	1900.2909787546378	1	0	1	1.6159301086134406
287200.0	1000.0	1700.290978754371	0.0	0	526.0731475851499	1900.2909787546378	1	0	1	1.6159301086134406
288200.0	1000.0	1700.2909787544118	0.0	0	447.3868866515695	1900.290978754696	1	0	1	1.6159301086134348
289200.0	1000.0	1700.2909787544377	0.0	0	258.3479294455028	1900.2909787547542	1	0	1	1.615930108613429
290200.0	1000.0	1700.2909787544352	0.0	0	33.49544591526501	1900.290978754696	1	0	1	1.6159301086134348
291200.0	1000.0	1700.290978754468	0.0	0	157.9525281760143	1900.290978754696	1	0	1	1.6159301086134348
292200.0	1000.0	1700.2909787545032	0.0	0	12.015433202090207	1900.290978754696	1	0	1	1.6159301086134348
293200.0	1000.0	1700.2909787545304	0.0	0	285.6755101296003	1900.290978754696	1	0	1	1.6159301086134348
294200.0	1000.0	1700.2909787545166	0.0	0	487.24906971515156	1900.290978754696	1	0	1	1.6159301086134348
295200.0	1000.0	1700.2909787544947	0.0	0	592.4455415370176	1900.290978754696	1	0	1	1.6159301086134348
296200.0	1000.0	1700.2909787545516	0.0	0	665.9673289649654	1900.290978754696	1	0	1	1.6159301086134348
297200.0	1000.0	1700.2909787545502	0.0	0	645.593226811965	1900.290978754696	1	0	1	1.6159301086134348
298200.0	1000.0	1700.2909787545766	0.0	0	367.3124044404831	1900.290978754696	1	0	1	1.6159301086134348
299200.0	1000.0	1700.2909787545686	0.0	0	550.8443963365862	1900.290978754696	1	0	1	1.6159301086134348
300200.0	1000.0	1700.2909787545827	0.0	0	498.8966065389104	1900.290978754696	1	0	1	1.6159301086134348
3.76	2.21	1.89	1.84	2.6	2.78	3.06	2.78	1.71	2.03	2.24	1.73	2.2	2.42	2.48	2.09	1.42	1.25	1.04	1.78	2.47	3.2	1.75	1.3	2.11	2.53	2.41	2.21	2.27	3.06	2.29	2.75	2.37	2.33	2.65	2.28	2.61	3.5	2.17	1.88	1.46	1.91	1.18	1.62	2.12	2.51	2.48	2.76	1.85	2.07	1.85	1.01	1.71	1.54	1.42	2.31	3.2	3.44	2.51	0.98	3.1	3.27	3.58	3.2	2.51	2.11	2.39	2.44	2.39	2.37	2.56	1.83	0.93	1.24	1.32	1.23	1.27	1.71	2.53	3.34	3.72	1.74	1.19	1.26	1.42	2.17	2.77	1.67	2.57	2.49	2.19	2.41	2.24	1.14	1.3	1.87	1.67	1.81	1.19	1.99	2.58	2.75	3.53	3.51	2.42	1.38	1.46	1.63	1.97	2.09	2.44	2.56	1.74	2.73	2.12	2.07	2.34	1.58	1.42	1.71	1.96	1.78	1.1	1.52	1.74	2.1	2.29	1.81	2.21	1.69	1.85	1.62	1.67	1.99	1.37	1.36	1.11	1.25	1.42	2.17	3.13	3.73	3.28	1.9	2.51	2.55	2.58	1.1	1.2	3.46	3.76	2.21	1.89	1.84	2.6	2.78	3.06	2.78	1.71	2.03	2.24	1.73	2.2	2.42	2.48	2.09	1.42	1.25	1.04	1.78	2.47	3.2	1.75	1.3	2.11	2.53	2.41	2.21	2.27	3.06	2.29	2.75	2.37	2.33	2.65	2.28	2.61	3.5	2.17	1.88	1.46	1.91	1.18	1.62	2.12	2.51	2.48	2.76	1.85	2.07	1.85	1.01	1.71	1.54	1.42	2.31	3.2	3.44	2.51	0.98	3.1	3.27	3.58	3.2	2.51	2.11	2.39	2.44	2.39	2.37	2.56	1.83	0.93	1.24	1.32	1.23	1.27	1.71	2.53	3.34	3.72	1.74	1.19	1.26	1.42	2.17	2.77	1.67	2.57	2.49	2.19	2.41	2.24	1.14	1.3	1.87	1.67	1.81	1.19	1.99	2.58	2.75	3.53	3.51	2.42	1.38	1.46	1.63	1.97	2.09	2.44	2.56	1.74	2.73	2.12	2.07	2.34	1.58	1.42	1.71	1.96	1.78	1.1	1.52	1.74	2.1	2.29	1.81	2.21	1.69	1.85	1.62	1.67	1.99	1.37	1.36	1.11	1.25	1.42	2.17	3.13	3.73	3.28	1.9	2.51	2.55	2.58	1.1
1.0	2.0	3.0	4.0	5.0	6.0	7.0	8.0	9.0	10.0	11.0	12.0	13.0	14.0	15.0	16.0	17.0	18.0	19.0	20.0	21.0	22.0	23.0	24.0	25.0	26.0	27.0	28.0	29.0	30.0	31.0	32.0	33.0	34.0	35.0	36.0	37.0	38.0	39.0	40.0	41.0	42.0	43.0	44.0	45.0	46.0	47.0	48.0	49.0	50.0	51.0	52.0	53.0	54.0	55.0	56.0	57.0	58.0	59.0	60.0	61.0	62.0	63.0	64.0	65.0	66.0	67.0	68.0	69.0	70.0	71.0	72.0	73.0	74.0	75.0	76.0	77.0	78.0	79.0	80.0	81.0	82.0	83.0	84.0	85.0	86.0	87.0	88.0	89.0	90.0	91.0	92.0	93.0	94.0	95.0	96.0	97.0	98.0	99.0	100.0	101.0	102.0	103.0	104.0	105.0	106.0	107.0	108.0	109.0	110.0	111.0	112.0	113.0	114.0	115.0	116.0	117.0	118.0	119.0	120.0	121.0	122.0	123.0	124.0	125.0	126.0	127.0	128.0	129.0	130.0	131.0	132.0	133.0	134.0	135.0	136.0	137.0	138.0	139.0	140.0	141.0	142.0	143.0	144.0	145.0	146.0	147.0	148.0	149.0	149.0	150.0	151.0	152.0	153.0	154.0	155.0	156.0	157.0	158.0	159.0	160.0	161.0	162.0	163.0	164.0	165.0	166.0	167.0	168.0	169.0	170.0	171.0	172.0	173.0	174.0	175.0	176.0	177.0	178.0	179.0	180.0	181.0	182.0	183.0	184.0	185.0	186.0	187.0	188.0	189.0	190.0	191.0	192.0	193.0	194.0	195.0	196.0	197.0	198.0	199.0	200.0	201.0	202.0	203.0	204.0	205.0	206.0	207.0	208.0	209.0	210.0	211.0	212.0	213.0	214.0	215.0	216.0	217.0	218.0	219.0	220.0	221.0	222.0	223.0	224.0	225.0	226.0	227.0	228.0	229.0	230.0	231.0	232.0	233.0	234.0	235.0	236.0	237.0	238.0	239.0	240.0	241.0	242.0	243.0	244.0	245.0	246.0	247.0	248.0	249.0	250.0	251.0	252.0	253.0	254.0	255.0	256.0	257.0	258.0	259.0	260.0	261.0	262.0	263.0	264.0	265.0	266.0	267.0	268.0	269.0	270.0	271.0	272.0	273.0	274.0	275.0	276.0	277.0	278.0	279.0	280.0	281.0	282.0	283.0	284.0	285.0	286.0	287.0	288.0	289.0	290.0	291.0	292.0	293.0	294.0	295.0	296.0	297.0
4979.477547547132
