3823.3437253396155	300.0	2000.0	197.57046839578842	0	0.0	3823.3437253396155	1	0	1	-1.5636243828439418
4024.598964631557	300.0	2778.619236778865	0.0	0	0.0	3803.2182014104214	1	0	2	-0.7807425491376864
4211.60276706697	300.0	3572.91505409991	0.0	0	0.0	3784.51782116688	1	0	2	-0.5788533313277656
5200.0	300.0	3485.6780978735774	0.0	0	730.8805244358555	3685.678097873577	1	0	2	-0.5725678097873579
6200.0	300.0	3385.678097873578	0.0	0	764.9607950052705	3585.678097873578	1	0	2	-0.562567809787358
7200.0	300.0	3285.6780978735783	0.0	0	767.8056840135932	3485.6780978735783	1	0	2	-0.552567809787358
8200.0	300.0	3185.6780978735783	0.0	0	786.4964156597298	3385.678097873577	1	0	2	-0.5425678097873581
9200.0	300.0	3085.6780978735787	0.0	0	686.4114280500053	3285.6780978735787	1	0	2	-0.5325678097873581
10200.0	300.0	2985.6780978735774	0.0	0	594.8943113321802	3185.678097873577	1	0	2	-0.5225125560006995
11200.0	300.0	2885.6780978735783	0.0	0	682.078145389898	3085.6780978735787	1	0	2	-0.512567809787358
12200.0	300.0	2785.6780978735787	0.0	0	814.312197498879	2985.6780978735806	1	0	2	-0.5025678097873583
13200.0	300.0	2685.6780978735796	0.0	0	834.9547420143499	2885.6780978735824	1	0	2	-0.49256780978735837
14200.0	300.0	2585.678097873579	0.0	0	801.8438486693558	2785.6780978735806	1	0	2	-0.4825678097873584
15200.0	300.0	2485.6780978735787	0.0	0	804.3849938026506	2685.6780978735787	1	0	2	-0.47256780978735824
16200.0	300.0	2385.6780978735783	0.0	0	745.0896265281026	2585.6780978735806	1	0	2	-0.4625678097873581
17200.0	300.0	2285.6780978735787	0.0	0	819.8554829609839	2485.678097873584	1	0	2	-0.45256780978735844
18200.0	300.0	2185.6780978735796	0.0	0	828.2264763999046	2385.678097873584	1	0	2	-0.44256780978735855
19200.0	300.0	2085.6780978735774	0.0	0	787.82492297301	2285.678097873577	1	0	2	-0.4325678097873582
20200.0	300.0	1985.6780978735762	0.0	0	714.0569296439389	2185.678097873577	1	0	2	-0.42256780978735764
21200.0	300.0	1885.678097873574	0.0	0	738.738207307244	2085.6780978735733	1	0	2	-0.4125678097873575
22200.0	300.0	1785.678097873574	0.0	0	729.6275794066787	1985.6780978735696	1	0	2	-0.40256780978735734
23200.0	300.0	1785.6780978735776	0.0	0	865.6992010287613	1985.6780978735696	1	0	1	-0.3985678097873571
24200.0	300.0	1785.6780978735796	0.0	0	893.8627668087138	1985.6780978735696	1	0	1	-0.198567809787357
25200.0	500.0	1785.6780978735837	0.0	0	817.8348344080077	1985.6780978735696	1	0	1	0.05684500209563856
26200.0	500.0	1785.6780978735842	0.0	0	577.2080713150935	1985.6780978735696	1	0	1	0.5676706258616292
27200.0	500.0	1785.6780978735833	0.0	0	506.39889956051775	1985.6780978735733	1	0	1	0.5676706258616289
28200.0	500.0	1785.6780978735815	0.0	0	666.7917158710407	1985.6780978735696	1	0	1	0.5676706258616292
29200.0	500.0	1785.6780978735796	0.0	0	622.8668501086213	1985.6780978735733	1	0	1	0.5676706258616289
30200.0	500.0	1785.6780978735817	0.0	0	780.4756008994627	1985.6780978735733	1	0	1	0.5676706258616289
31200.0	1000.0	1785.678097873582	0.0	0	472.71185386192883	1985.6780978735733	1	0	1	0.9142442161416015
32200.0	1000.0	1785.6780978735833	0.0	0	489.664590463497	1985.6780978735733	1	0	1	1.607391396701547
33200.0	1000.0	1785.678097873583	0.0	0	136.757757171712	1985.6780978735733	1	0	1	1.607391396701547
34200.0	1000.0	1785.6780978735903	0.0	0	387.7943995922178	1985.6780978735806	1	0	1	1.6073913967015465
35200.0	1000.0	1785.6780978735865	0.0	0	284.52118885796517	1985.6780978735842	1	0	1	1.607391396701546
36200.0	1000.0	1785.6780978735896	0.0	0	233.54361947534926	1985.6780978735915	1	0	1	1.6073913967015452
37200.0	1000.0	1785.6780978735885	0.0	0	242.84057388717338	1985.6780978735915	1	0	1	1.6073913967015452
38200.0	1000.0	1785.678097873592	0.0	0	479.7415909451447	1985.6780978735915	1	0	1	1.6073913967015452
39200.0	1000.0	1785.678097873592	0.0	0	505.9007530126328	1985.6780978735915	1	0	1	1.6073913967015452
40200.0	1000.0	1785.6780978735985	0.0	0	540.5395654253589	1985.6780978735915	1	0	1	1.6073913967015452
41200.0	1000.0	1785.6780978736015	0.0	0	372.3698738833118	1985.6780978735987	1	0	1	1.6073913967015443
42200.0	1000.0	1785.678097873606	0.0	0	381.36302226164844	1985.6780978735987	1	0	1	1.6073913967015443
43200.0	1000.0	1785.678097873607	0.0	0	362.84363094651053	1985.6780978735987	1	0	1	1.6073913967015443
44200.0	1000.0	1785.678097873611	0.0	0	344.7778578312282	1985.6780978735987	1	0	1	1.6073913967015443
45200.0	1000.0	1785.6780978736067	0.0	0	515.1536039776256	1985.6780978735987	1	0	1	1.6073913967015443
46200.0	1000.0	1785.6780978736042	0.0	0	476.5804934175394	1985.6780978735987	1	0	1	1.6073913967015443
47200.0	1000.0	1785.6780978736144	0.0	0	551.6713958423279	1985.6780978735987	1	0	1	1.6073913967015443
48200.0	1000.0	1785.678097873608	0.0	0	469.3334096757608	1985.6780978735987	1	0	1	1.6073913967015443
49200.0	1000.0	1785.6780978736099	0.0	0	219.30654710797535	1985.6780978735987	1	0	1	1.6073913967015443
50200.0	1000.0	1785.6780978736115	0.0	0	217.54487190004147	1985.6780978735915	1	0	1	1.6073913967015452
51200.0	1000.0	1785.6780978736124	0.0	0	329.956371196291	1985.6780978735915	1	0	1	1.6073913967015452
52200.0	1000.0	1785.6780978736163	0.0	0	526.7106789764002	1985.6780978735915	1	0	1	1.6073913967015452
53200.0	1000.0	1785.6780978736108	0.0	0	296.87833683233475	1985.6780978735915	1	0	1	1.6073913967015452
54200.0	1000.0	1785.678097873607	0.0	0	462.0569748052585	1985.6780978735915	1	0	1	1.6073913967015452
55200.0	1000.0	1785.6780978736028	0.0	0	629.7881848706893	1985.6780978735842	1	0	1	1.6073913967015456
56200.0	1000.0	1785.6780978736035	0.0	0	340.1331621736681	1985.6780978735842	1	0	1	1.6073913967015456
57200.0	1000.0	1785.6780978736074	0.0	0	440.54971657004353	1985.6780978735915	1	0	1	1.6073913967015452
58200.0	1000.0	1785.6780978736067	0.0	0	384.2054181791318	1985.6780978735987	1	0	1	1.6073913967015443
59200.0	1000.0	1785.6780978736003	0.0	0	546.5235871861587	1985.6780978735987	1	0	1	1.6073913967015443
60200.0	1000.0	1785.6780978736042	0.0	0	550.009148304096	1985.6780978735987	1	0	1	1.6073913967015443
61200.0	1000.0	1785.6780978736117	0.0	0	656.026086320504	1985.678097873606	1	0	1	1.6073913967015439
62200.0	1000.0	1785.6780978736133	0.0	0	612.050485746644	1985.678097873606	1	0	1	1.6073913967015439
63200.0	1000.0	1785.6780978736256	0.0	0	530.5794020039757	1985.6780978736133	1	0	1	1.607391396701543
64200.0	1000.0	1785.6780978736294	0.0	0	171.73061962278734	1985.6780978736133	1	0	1	1.607391396701543
65556.16488525821	1000.0	1429.5132126154106	0.0	0	0.0	1985.6780978736133	1	0	1	1.607391396701543
66203.98033015967	1000.0	1781.6977677139573	0.0	0	0.0	1985.678097873606	1	0	1	1.6073913967015436
67200.0	1000.0	1785.6780978736156	0.0	0	274.4482089846715	1985.6780978735915	1	0	1	1.6073913967015443
68200.0	1000.0	1785.6780978736172	0.0	0	489.1047191060643	1985.6780978735915	1	0	1	1.6073913967015452
69200.0	1000.0	1785.678097873624	0.0	0	531.5421829855768	1985.6780978735915	1	0	1	1.6073913967015452
70200.0	1000.0	1785.678097873619	0.0	0	590.9755925118807	1985.6780978735915	1	0	1	1.6073913967015452
71200.0	1000.0	1785.6780978736256	0.0	0	295.4258070953074	1985.6780978735915	1	0	1	1.6073913967015452
72200.0	1000.0	1785.6780978736267	0.0	0	245.7548046382144	1985.6780978735915	1	0	1	1.6073913967015452
73200.0	1000.0	1785.678097873618	0.0	0	203.96304611017695	1985.6780978735915	1	0	1	1.6073913967015452
74200.0	1000.0	1785.6780978736053	0.0	0	251.1778634244256	1985.6780978735915	1	0	1	1.6073913967015452
75200.0	1000.0	1785.6780978736099	0.0	0	51.68389486768865	1985.6780978735915	1	0	1	1.6073913967015452
76200.0	1000.0	1785.6780978735987	0.0	0	216.3918464869639	1985.6780978735915	1	0	1	1.6073913967015452
77200.0	1000.0	1785.678097873593	0.0	0	483.4722025395313	1985.678097873577	1	0	1	1.6073913967015465
78200.0	1000.0	1785.678097873586	0.0	0	329.267349331727	1985.678097873577	1	0	1	1.6073913967015465
79200.0	1000.0	1785.678097873587	0.0	0	451.4444394123275	1985.678097873577	1	0	1	1.6073913967015465
80200.0	1000.0	1785.6780978735746	0.0	0	453.12968129351793	1985.678097873577	1	0	1	1.6073913967015465
81200.0	1000.0	1785.6780978735671	0.0	0	533.7857618794369	1985.678097873577	1	0	1	1.6073913967015465
82200.0	1000.0	1785.6780978735646	0.0	0	343.16898901095556	1985.678097873577	1	0	1	1.6073913967015465
83200.0	1000.0	1785.678097873573	0.0	0	390.7566191011283	1985.678097873577	1	0	1	1.6073913967015465
84200.0	1000.0	1785.6780978735753	0.0	0	282.35975776474515	1985.678097873577	1	0	1	1.6073913967015465
85200.0	1000.0	1785.6780978735821	0.0	0	238.96726992554613	1985.678097873577	1	0	1	1.6073913967015465
86200.0	1000.0	1785.678097873599	0.0	0	308.0727637113305	1985.678097873577	1	0	1	1.6073913967015465
87200.0	1000.0	1785.6780978736015	0.0	0	319.45456018240657	1985.6780978735915	1	0	1	1.6073913967015452
88200.0	1000.0	1785.6780978735935	0.0	0	531.9685784450267	1985.6780978735915	1	0	1	1.6073913967015452
89200.0	1000.0	1785.6780978735906	0.0	0	722.3796919320303	1985.6780978735915	1	0	1	1.6073913967015452
90200.0	1000.0	1785.6780978735922	0.0	0	619.6463504731219	1985.6780978735915	1	0	1	1.6073913967015452
91200.0	1000.0	1785.6780978735985	0.0	0	558.7145712027122	1985.678097873606	1	0	1	1.6073913967015439
92200.0	1000.0	1785.6780978736097	0.0	0	226.6092069120932	1985.678097873606	1	0	1	1.6073913967015439
93502.82720391249	1000.0	1482.8508939611293	0.0	0	0.0	1985.678097873606	1	0	1	1.6073913967015439
94200.0	1000.0	1785.6780978736092	0.0	0	77.21004152463865	1985.678097873606	1	0	1	1.6073913967015439
95200.0	1000.0	1785.6780978736306	0.0	0	418.80570507423545	1985.6780978736206	1	0	1	1.607391396701542
96200.0	1000.0	1785.6780978736126	0.0	0	590.1950887025014	1985.6780978736206	1	0	1	1.607391396701542
97200.0	1000.0	1785.678097873625	0.0	0	671.6851341714646	1985.6780978736351	1	0	1	1.6073913967015407
98200.0	1000.0	1785.6780978736256	0.0	0	369.3334614871419	1985.6780978736351	1	0	1	1.6073913967015407
99200.0	1000.0	1785.678097873628	0.0	0	235.34207582594536	1985.6780978736497	1	0	1	1.6073913967015394
100200.0	1000.0	1785.6780978736258	0.0	0	477.492820904823	1985.6780978736351	1	0	1	1.6073913967015407
101200.0	1000.0	1785.6780978736283	0.0	0	344.7100342376216	1985.6780978736497	1	0	1	1.6073913967015394
102200.0	1000.0	1785.6780978736333	0.0	0	318.00382517743856	1985.6780978736642	1	0	1	1.607391396701538
103200.0	1000.0	1785.678097873624	0.0	0	286.1018090562866	1985.6780978736497	1	0	1	1.6073913967015394
104200.0	1000.0	1785.678097873633	0.0	0	409.429660785303	1985.6780978736497	1	0	1	1.6073913967015394
105200.0	1000.0	1785.6780978736306	0.0	0	463.9732264235936	1985.6780978736642	1	0	1	1.607391396701538
106200.0	1000.0	1785.6780978736535	0.0	0	270.2973014626914	1985.6780978736642	1	0	1	1.607391396701538
107200.0	1000.0	1785.6780978736538	0.0	0	409.9381839469861	1985.6780978736788	1	0	1	1.6073913967015363
108200.0	1000.0	1785.678097873668	0.0	0	218.37967478144856	1985.6780978736788	1	0	1	1.6073913967015363
109200.0	1000.0	1785.6780978736642	0.0	0	242.33162180426007	1985.6780978736788	1	0	1	1.6073913967015363
110391.12224501987	1000.0	1594.555852853783	0.0	0	0.0	1985.6780978736642	1	0	1	1.607391396701538
111265.16798942804	1000.0	1720.5101084455946	0.0	0	0.0	1985.6780978736642	1	0	1	1.607391396701538
112200.0	1000.0	1785.6780978736347	0.0	0	64.25735358911334	1985.6780978736642	1	0	1	1.607391396701538
113200.0	500.0	1785.6780978736201	0.0	0	631.2451747643208	1985.6780978736642	1	0	1	-0.1254765546983257
114200.0	500.0	1785.6780978736135	0.0	0	572.3512008163525	1985.6780978736642	1	0	1	0.5676706258616198
115200.0	500.0	1785.6780978736242	0.0	0	612.4770248208079	1985.6780978736642	1	0	1	0.5676706258616198
116200.0	500.0	1785.6780978736115	0.0	0	639.5384362116602	1985.6780978736642	1	0	1	0.5676706258616198
117200.0	1000.0	1785.678097873609	0.0	0	159.782985918122	1985.6780978736642	1	0	1	0.9142442161415926
118200.0	500.0	1785.6780978736	0.0	0	426.8373369832552	1985.6780978736642	1	0	1	-0.1254765546983257
119200.0	500.0	1785.678097873596	0.0	0	421.6529865018092	1985.6780978736642	1	0	1	0.5676706258616198
120200.0	500.0	1785.6780978735935	0.0	0	554.8432537151966	1985.6780978736497	1	0	1	0.5676706258616213
121200.0	1000.0	1785.6780978735756	0.0	0	257.260095292746	1985.6780978736497	1	0	1	0.914244216141594
122200.0	1000.0	1785.6780978735715	0.0	0	394.3784154728637	1985.6780978736497	1	0	1	1.6073913967015394
123200.0	1000.0	1785.678097873561	0.0	0	538.2407872788172	1985.6780978736497	1	0	1	1.6073913967015394
124200.0	1000.0	1785.6780978735637	0.0	0	516.906823837955	1985.6780978736497	1	0	1	1.6073913967015394
125200.0	1000.0	1785.6780978735792	0.0	0	587.003716733394	1985.6780978736497	1	0	1	1.6073913967015394
126200.0	1000.0	1785.6780978735742	0.0	0	535.0519935781631	1985.6780978736497	1	0	1	1.6073913967015394
127200.0	1000.0	1785.6780978735915	0.0	0	440.2325018753909	1985.6780978736642	1	0	1	1.607391396701538
128200.0	1000.0	1785.678097873578	0.0	0	594.6841997210722	1985.6780978736497	1	0	1	1.6073913967015394
129200.0	1000.0	1785.6780978735749	0.0	0	191.3600859923754	1985.6780978736351	1	0	1	1.6073913967015407
130200.0	1000.0	1785.6780978735774	0.0	0	531.1266186613793	1985.6780978736351	1	0	1	1.6073913967015407
131200.0	1000.0	1785.6780978735583	0.0	0	192.5175971048302	1985.678097873606	1	0	1	1.6073913967015425
132200.0	1000.0	1785.6780978735478	0.0	0	342.6045462701295	1985.678097873606	1	0	1	1.6073913967015439
133200.0	1000.0	1785.6780978735196	0.0	0	234.6394354441727	1985.678097873577	1	0	1	1.6073913967015454
134200.0	1000.0	1785.6780978735053	0.0	0	424.00767124208505	1985.678097873577	1	0	1	1.6073913967015465
135200.0	1000.0	1785.6780978735285	0.0	0	343.749824847735	1985.678097873606	1	0	1	1.6073913967015439
136200.0	1000.0	1785.6780978735144	0.0	0	400.6514505133382	1985.678097873606	1	0	1	1.6073913967015439
137200.0	1000.0	1785.6780978734778	0.0	0	296.2416478598316	1985.678097873606	1	0	1	1.6073913967015439
138227.78947699443	1000.0	1757.888620879062	0.0	0	0.0	1985.678097873606	1	0	1	1.6073913967015439
139200.0	1000.0	1785.67809787348	0.0	0	145.57448766505695	1985.678097873606	1	0	1	1.6073913967015439
140200.0	1000.0	1785.6780978734932	0.0	0	398.3628691592603	1985.678097873606	1	0	1	1.6073913967015439
141200.0	1000.0	1785.6780978735114	0.0	0	164.44817040127236	1985.678097873606	1	0	1	1.6073913967015439
142200.0	1000.0	1785.6780978735164	0.0	0	172.1970385060995	1985.6780978736351	1	0	1	1.6073913967015407
143200.0	1000.0	1785.6780978734844	0.0	0	183.7613347634324	1985.6780978736351	1	0	1	1.6073913967015407
144200.0	1000.0	1785.6780978734878	0.0	0	304.2287816996104	1985.6780978736351	1	0	1	1.6073913967015407
145200.0	1000.0	1785.6780978734719	0.0	0	235.06424481759313	1985.6780978736351	1	0	1	1.6073913967015407
146200.0	1000.0	1785.6780978734766	0.0	0	325.30526473987265	1985.678097873606	1	0	1	1.6073913967015439
147200.0	1000.0	1785.678097873486	0.0	0	223.44596514862496	1985.678097873606	1	0	1	1.6073913967015439
148200.0	1000.0	1785.678097873494	0.0	0	528.455422376428	1985.6780978736351	1	0	1	1.6073913967015407
149200.0	1000.0	1785.6780978734755	0.0	0	344.91228088896605	1985.6780978736351	1	0	1	1.6073913967015407
150200.0	1000.0	1785.6780978735005	0.0	0	174.22052608587546	1985.6780978736351	1	0	1	1.6073913967015407
151321.0513439309	1000.0	1664.6267539425894	0.0	0	0.0	1985.6780978736351	1	0	1	1.6073913967015407
152200.0	1000.0	1785.6780978734746	0.0	0	55.24301426188322	1985.6780978736351	1	0	1	1.6073913967015407
153200.0	1000.0	1785.6780978734594	0.0	0	191.14878470479744	1985.6780978736351	1	0	1	1.6073913967015407
154200.0	1000.0	1785.6780978734341	0.0	0	232.84573053510394	1985.6780978736642	1	0	1	1.607391396701538
155200.0	1000.0	1785.678097873479	0.0	0	336.4587576034537	1985.6780978736642	1	0	1	1.607391396701538
156200.0	1000.0	1785.6780978734976	0.0	0	534.1474555771856	1985.6780978736933	1	0	1	1.6073913967015356
157200.0	1000.0	1785.6780978734923	0.0	0	385.33870453978307	1985.6780978736933	1	0	1	1.607391396701535
158200.0	1000.0	1785.6780978734869	0.0	0	26.783505564322695	1985.6780978736642	1	0	1	1.607391396701538
159308.89644219427	1000.0	1676.7816556791902	0.0	0	0.0	1985.6780978736642	1	0	1	1.607391396701538
160200.0	1000.0	1785.6780978734705	0.0	0	245.82597650727257	1985.6780978736642	1	0	1	1.607391396701538
161200.0	1000.0	1785.6780978734796	0.0	0	441.43181252197246	1985.6780978736933	1	0	1	1.607391396701535
162200.0	1000.0	1785.6780978734955	0.0	0	416.9673203282	1985.6780978736933	1	0	1	1.607391396701535
163200.0	1000.0	1785.6780978734673	0.0	0	448.15458547737217	1985.6780978736933	1	0	1	1.607391396701535
164200.0	1000.0	1785.6780978734644	0.0	0	179.28796593204606	1985.6780978736933	1	0	1	1.607391396701535
165200.0	1000.0	1785.6780978734696	0.0	0	418.15822552586906	1985.6780978736642	1	0	1	1.607391396701538
166200.0	1000.0	1785.678097873464	0.0	0	309.3118773222668	1985.6780978736642	1	0	1	1.607391396701538
167200.0	1000.0	1785.678097873439	0.0	0	380.22096294380026	1985.6780978736351	1	0	1	1.6073913967015407
168200.0	1000.0	1785.6780978734541	0.0	0	440.76420438906644	1985.6780978736642	1	0	1	1.6073913967015385
169454.5886171816	1000.0	1531.0894806918257	0.0	0	0.0	1985.6780978736933	1	0	1	1.6073913967015374
170451.20387692112	1000.0	1534.4742209523145	0.0	0	0.0	1985.6780978736933	1	0	1	1.607391396701535
171200.0	1000.0	1785.678097873432	0.0	0	247.61233285284834	1985.6780978736933	1	0	1	1.607391396701535
172200.0	1000.0	1785.678097873408	0.0	0	457.517453799519	1985.6780978736642	1	0	1	1.607391396701538
173200.0	1000.0	1785.678097873389	0.0	0	630.4658544666308	1985.6780978736642	1	0	1	1.607391396701538
174200.0	1000.0	1785.6780978733595	0.0	0	652.7152795420552	1985.6780978736351	1	0	1	1.6073913967015407
175200.0	1000.0	1785.6780978733673	0.0	0	210.42653294606134	1985.6780978736351	1	0	1	1.6073913967015407
176200.0	1000.0	1785.6780978733664	0.0	0	216.32111180885113	1985.6780978736351	1	0	1	1.6073913967015407
177200.0	1000.0	1785.6780978733057	0.0	0	138.69528149694088	1985.6780978736351	1	0	1	1.6073913967015407
178200.0	1000.0	1785.6780978733048	0.0	0	278.6147922151722	1985.6780978736351	1	0	1	1.6073913967015407
179200.0	1000.0	1785.6780978733466	0.0	0	438.48699166291044	1985.6780978736351	1	0	1	1.6073913967015407
180200.0	1000.0	1785.6780978733511	0.0	0	453.9910606741032	1985.6780978736351	1	0	1	1.6073913967015407
181200.0	1000.0	1785.6780978733489	0.0	0	645.7038911904965	1985.6780978736351	1	0	1	1.6073913967015407
182200.0	1000.0	1785.6780978733773	0.0	0	186.82335600163788	1985.6780978736351	1	0	1	1.6073913967015407
183200.0	1000.0	1785.678097873375	0.0	0	389.69237711594906	1985.678097873606	1	0	1	1.6073913967015439
184200.0	1000.0	1785.6780978733616	0.0	0	152.077055296686	1985.678097873577	1	0	1	1.6073913967015458
185200.0	1000.0	1785.6780978733782	0.0	0	10.448937260982348	1985.678097873577	1	0	1	1.6073913967015465
186200.0	1000.0	1785.6780978733532	0.0	0	252.73388348790468	1985.678097873577	1	0	1	1.6073913967015465
187200.0	1000.0	1785.6780978733657	0.0	0	492.06113157389336	1985.678097873577	1	0	1	1.6073913967015465
188200.0	1000.0	1785.6780978733696	0.0	0	254.93065591034247	1985.678097873577	1	0	1	1.6073913967015465
189200.0	1000.0	1785.6780978733925	0.0	0	507.7368027683988	1985.678097873606	1	0	1	1.6073913967015439
190200.0	1000.0	1785.6780978733818	0.0	0	373.22654406391666	1985.678097873606	1	0	1	1.6073913967015439
191200.0	1000.0	1785.6780978733937	0.0	0	584.4823125394469	1985.678097873606	1	0	1	1.6073913967015439
192200.0	1000.0	1785.6780978733923	0.0	0	458.44382149592275	1985.678097873606	1	0	1	1.6073913967015439
193200.0	1000.0	1785.678097873378	0.0	0	389.21068253411795	1985.678097873606	1	0	1	1.6073913967015439
194200.0	1000.0	1785.6780978733477	0.0	0	325.8194827011903	1985.678097873606	1	0	1	1.6073913967015439
195200.0	1000.0	1785.6780978733434	0.0	0	657.4432144807361	1985.678097873606	1	0	1	1.6073913967015439
196200.0	1000.0	1785.678097873333	0.0	0	629.015438855713	1985.678097873606	1	0	1	1.6073913967015439
197200.0	1000.0	1785.6780978733293	0.0	0	437.441901981656	1985.678097873606	1	0	1	1.6073913967015439
198200.0	1000.0	1785.6780978733243	0.0	0	408.78561835715664	1985.678097873577	1	0	1	1.6073913967015465
199200.0	1000.0	1785.6780978733245	0.0	0	296.3989873289829	1985.678097873577	1	0	1	1.6073913967015465
200200.0	1000.0	1785.6780978733057	0.0	0	233.7617333633243	1985.678097873577	1	0	1	1.6073913967015465
201200.0	1000.0	1785.6780978733143	0.0	0	567.6531313729938	1985.6780978735478	1	0	1	1.607391396701549
202200.0	1000.0	1785.6780978732868	0.0	0	532.3522072289197	1985.6780978735187	1	0	1	1.6073913967015523
203200.0	1000.0	1785.6780978732852	0.0	0	513.370735145174	1985.6780978735478	1	0	1	1.6073913967015496
204200.0	1000.0	1785.6780978733098	0.0	0	502.5101394386438	1985.6780978735478	1	0	1	1.6073913967015496
205200.0	1000.0	1785.6780978732916	0.0	0	563.0613416567503	1985.678097873577	1	0	1	1.6073913967015465
206200.0	1000.0	1785.6780978732763	0.0	0	476.8238934467372	1985.678097873606	1	0	1	1.6073913967015439
207200.0	1000.0	1785.6780978732609	0.0	0	560.3651003396662	1985.678097873577	1	0	1	1.6073913967015458
208200.0	1000.0	1785.6780978732402	0.0	0	560.6435186042509	1985.6780978735478	1	0	1	1.6073913967015496
209200.0	1000.0	1785.6780978732559	0.0	0	598.7116837366775	1985.678097873577	1	0	1	1.607391396701547
210200.0	1000.0	1785.6780978732586	0.0	0	641.6787399101013	1985.678097873577	1	0	1	1.6073913967015465
211200.0	1000.0	1785.6780978732618	0.0	0	710.2204889093991	1985.678097873577	1	0	1	1.6073913967015465
212200.0	1000.0	1785.6780978732913	0.0	0	687.0001276720723	1985.678097873577	1	0	1	1.6073913967015465
214574.24822269904	2000.0	411.42987517427	0.0	0	0.0	1985.678097873577	1	0	1	1.9539649869815203
215469.29506829302	1000.0	530.3573001430036	13.974270562698564	0	0.0	1999.6523684362764	1	0	1	0.8290011657091401
216103.19831161457	1000.0	896.4540568214903	0.0	0	0.0	1999.6523684362764	1	0	1	1.6059939696452765
216719.38866773594	1000.0	1280.263700700139	0.0	0	0.0	1999.6523684362764	1	0	1	1.6059939696452765
217486.0964159168	1000.0	1513.555952519307	0.0	0	0.0	1999.6523684363056	1	0	1	1.6059939696452739
218200.0	1000.0	1799.6523684360993	0.0	0	103.79587246256415	1999.6523684362764	1	0	1	1.6059939696452765
219200.0	1000.0	1799.652368436097	0.0	0	520.1017351372866	1999.6523684363056	1	0	1	1.6059939696452739
220200.0	1000.0	1799.6523684361118	0.0	0	314.17056648180005	1999.6523684363056	1	0	1	1.6059939696452739
221200.0	1000.0	1799.6523684361193	0.0	0	256.55162972802646	1999.6523684363056	1	0	1	1.6059939696452739
222200.0	1000.0	1799.6523684361396	0.0	0	289.4153560932027	1999.6523684363056	1	0	1	1.6059939696452739
223200.0	1000.0	1799.6523684361248	0.0	0	361.3715247128566	1999.6523684363347	1	0	1	1.6059939696452707
224200.0	1000.0	1799.652368436104	0.0	0	32.51997398410458	1999.6523684363347	1	0	1	1.6059939696452707
225200.0	1000.0	1799.6523684360718	0.0	0	394.95926571139717	1999.6523684363056	1	0	1	1.6059939696452739
226200.0	1000.0	1799.6523684360577	0.0	0	402.36351899954025	1999.6523684363056	1	0	1	1.6059939696452739
227200.0	1000.0	1799.6523684360645	0.0	0	543.3074906265538	1999.6523684362764	1	0	1	1.6059939696452759
228200.0	1000.0	1799.6523684360377	0.0	0	311.09019840857945	1999.6523684362764	1	0	1	1.6059939696452765
229200.0	1000.0	1799.6523684360536	0.0	0	357.4791287155531	1999.6523684362764	1	0	1	1.6059939696452765
230200.0	1000.0	1799.6523684360252	0.0	0	459.3372136510152	1999.6523684363056	1	0	1	1.6059939696452739
231200.0	1000.0	1799.652368436045	0.0	0	354.8569155417499	1999.6523684363347	1	0	1	1.6059939696452707
232200.0	1000.0	1799.6523684360532	0.0	0	440.45247572031803	1999.6523684363347	1	0	1	1.6059939696452707
233200.0	1000.0	1799.6523684360595	0.0	0	288.60218252052437	1999.6523684363347	1	0	1	1.6059939696452707
234200.0	1000.0	1799.6523684360775	0.0	0	96.64540327413124	1999.6523684363638	1	0	1	1.6059939696452679
235200.0	1000.0	1799.65236843608	0.0	0	309.78241464536404	1999.6523684363347	1	0	1	1.6059939696452707
236200.0	1000.0	1799.652368436079	0.0	0	476.7251199982129	1999.6523684363056	1	0	1	1.6059939696452739
237200.0	1000.0	1799.6523684360604	0.0	0	535.4390241870424	1999.6523684363056	1	0	1	1.6059939696452739
238200.0	1000.0	1799.6523684360084	0.0	0	645.0822533839673	1999.6523684363056	1	0	1	1.6059939696452739
239200.0	1000.0	1799.65236843601	0.0	0	628.3374697002873	1999.6523684363056	1	0	1	1.6059939696452739
240200.0	1000.0	1799.6523684360131	0.0	0	318.147175062506	1999.6523684363056	1	0	1	1.6059939696452739
241200.0	1000.0	1799.6523684360045	0.0	0	400.15848711066064	1999.6523684363056	1	0	1	1.6059939696452739
242486.60926902862	1000.0	1513.0430994073645	0.0	0	0.0	1999.6523684363347	1	0	1	1.6059939696452707
243200.0	1000.0	1799.652368435994	0.0	0	86.69665267752134	1999.6523684363347	1	0	1	1.6059939696452707
244200.0	1000.0	1799.6523684359668	0.0	0	543.7746915603348	1999.6523684363056	1	0	1	1.6059939696452734
245200.0	1000.0	1799.6523684359954	0.0	0	530.2084006441	1999.6523684363056	1	0	1	1.6059939696452739
246200.0	1000.0	1799.6523684360177	0.0	0	615.902858551417	1999.6523684362764	1	0	1	1.6059939696452765
247200.0	1000.0	1799.6523684359981	0.0	0	602.0846808910137	1999.6523684362764	1	0	1	1.6059939696452765
248200.0	1000.0	1799.6523684359802	0.0	0	432.8336355071806	1999.6523684362764	1	0	1	1.6059939696452765
249200.0	1000.0	1799.6523684360238	0.0	0	600.6049584254797	1999.6523684362764	1	0	1	1.6059939696452765
250200.0	1000.0	1799.6523684360316	0.0	0	586.4498585231486	1999.6523684362764	1	0	1	1.6059939696452765
251200.0	1000.0	1799.6523684360122	0.0	0	466.2904440878192	1999.6523684362473	1	0	1	1.6059939696452796
252200.0	1000.0	1799.652368436039	0.0	0	246.92604956263676	1999.6523684362473	1	0	1	1.6059939696452796
253200.0	1000.0	1799.652368436005	0.0	0	620.372441026353	1999.6523684362182	1	0	1	1.605993969645282
254200.0	1000.0	1799.6523684360027	0.0	0	503.5702616638155	1999.6523684362182	1	0	1	1.6059939696452825
255200.0	1000.0	1799.6523684360304	0.0	0	226.9786447697552	1999.6523684362182	1	0	1	1.6059939696452825
256200.0	1000.0	1799.652368436046	0.0	0	320.84372427815106	1999.6523684361891	1	0	1	1.6059939696452854
257200.0	1000.0	1799.6523684360288	0.0	0	217.45624407872674	1999.6523684362182	1	0	1	1.6059939696452825
258281.5500644756	1000.0	1718.1023039604424	0.0	0	0.0	1999.6523684361891	1	0	1	1.6059939696452854
259320.66520145038	1000.0	1678.9871669856582	0.0	0	0.0	1999.6523684361891	1	0	1	1.6059939696452854
260320.57444293183	1000.0	1679.0779255042155	0.0	0	0.0	1999.65236843616	1	0	1	1.6059939696452883
261471.92538596166	1000.0	1527.7269824743914	0.0	0	0.0	1999.6523684361891	1	0	1	1.6059939696452854
262200.0	500.0	1799.6523684360625	0.0	0	328.1245976181526	1999.6523684361891	1	0	1	-0.1268739817545781
263200.0	500.0	1799.652368436101	0.0	0	618.6587646811386	1999.6523684362182	1	0	1	0.566273198805365
264200.0	500.0	1799.6523684360905	0.0	0	600.5855104028014	1999.6523684362182	1	0	1	0.566273198805365
265200.0	500.0	1799.6523684360989	0.0	0	600.9744523778791	1999.6523684362764	1	0	1	0.5662731988053599
266200.0	1000.0	1799.6523684360284	0.0	0	151.7319199720514	1999.6523684362764	1	0	1	0.9128467890853311
267200.0	500.0	1799.652368436023	0.0	0	602.4200743940892	1999.6523684363347	1	0	1	-0.12687398175459275
268200.0	500.0	1799.6523684360366	0.0	0	415.95980238285847	1999.6523684363347	1	0	1	0.5662731988053528
269200.0	500.0	1799.6523684361068	0.0	0	592.5343673341558	1999.6523684363347	1	0	1	0.5662731988053528
270200.0	1000.0	1799.6523684360457	0.0	0	437.8150078173494	1999.6523684363347	1	0	1	0.9128467890853253
271200.0	1000.0	1799.6523684360336	0.0	0	507.41794909065356	1999.6523684363347	1	0	1	1.6059939696452707
272200.0	1000.0	1799.652368436041	0.0	0	466.4840130235534	1999.6523684363347	1	0	1	1.6059939696452707
273200.0	1000.0	1799.652368436106	0.0	0	632.5771641978645	1999.6523684363347	1	0	1	1.6059939696452707
274200.0	1000.0	1799.652368436155	0.0	0	667.6421692235162	1999.6523684363347	1	0	1	1.6059939696452707
275200.0	1000.0	1799.6523684361712	0.0	0	464.82290929101873	1999.6523684363347	1	0	1	1.6059939696452707
276200.0	1000.0	1799.6523684360707	0.0	0	528.4362123739556	1999.6523684363929	1	0	1	1.605993969645265
277200.0	1000.0	1799.6523684359997	0.0	0	462.7363462825306	1999.6523684363929	1	0	1	1.605993969645265
278200.0	1000.0	1799.6523684360245	0.0	0	317.3978703840985	1999.652368436451	1	0	1	1.605993969645259
279200.0	1000.0	1799.6523684360175	0.0	0	542.9306972544291	1999.652368436451	1	0	1	1.605993969645259
280200.0	1000.0	1799.652368436036	0.0	0	461.8033112032572	1999.652368436451	1	0	1	1.605993969645259
281200.0	1000.0	1799.6523684360366	0.0	0	371.9066793367383	1999.6523684363929	1	0	1	1.605993969645265
282200.0	1000.0	1799.6523684360614	0.0	0	278.8625546427211	1999.652368436451	1	0	1	1.605993969645259
283200.0	1000.0	1799.6523684360845	0.0	0	477.09100447484525	1999.652368436451	1	0	1	1.605993969645259
284200.0	1000.0	1799.6523684360668	0.0	0	517.7988494862802	1999.652368436451	1	0	1	1.605993969645259
285200.0	1000.0	1799.6523684361503	0.0	0	401.2824610780808	1999.652368436451	1	0	1	1.605993969645259
286200.0	1000.0	1799.6523684361466	0.0	0	135.7190807419829	1999.6523684365093	1	0	1	1.6059939696452532
287225.3354895872	1000.0	1774.3168788489031	0.0	0	0.0	1999.652368436451	1	0	1	1.605993969645259
288200.0	1000.0	1799.6523684360814	0.0	0	57.4615159733803	1999.6523684365093	1	0	1	1.6059939696452532
289200.0	1000.0	1799.6523684360818	0.0	0	454.53028399520554	1999.6523684365675	1	0	1	1.6059939696452474
290200.0	1000.0	1799.652368436114	0.0	0	171.62630853574956	1999.6523684366257	1	0	1	1.6059939696452419
291200.0	1000.0	1799.6523684361414	0.0	0	176.3905888805748	1999.652368436684	1	0	1	1.6059939696452359
292200.0	1000.0	1799.6523684361277	0.0	0	392.1340015977039	1999.652368436684	1	0	1	1.6059939696452359
293200.0	1000.0	1799.6523684360386	0.0	0	365.4814724147436	1999.652368436684	1	0	1	1.6059939696452359
294200.0	1000.0	1799.6523684361018	0.0	0	362.13761192181846	1999.652368436742	1	0	1	1.6059939696452301
295200.0	1000.0	1799.652368436107	0.0	0	290.1139508197084	1999.6523684368003	1	0	1	1.6059939696452241
296200.0	1000.0	1799.652368436102	0.0	0	318.31346620217664	1999.6523684368003	1	0	1	1.6059939696452241
297200.0	1000.0	1799.6523684360222	0.0	0	468.34633152151946	1999.652368436742	1	0	1	1.6059939696452301
298200.0	1000.0	1799.6523684360056	0.0	0	392.3459774731309	1999.652368436742	1	0	1	1.6059939696452301
299200.0	1000.0	1799.6523684359956	0.0	0	216.64247234957293	1999.652368436742	1	0	1	1.6059939696452301
300301.2012034979	1000.0	1698.45116493817	0.0	0	0.0	1999.652368436742	1	0	1	1.6059939696452301
1.49	1.8	1.85	1.84	2.36	0.81	1.22	1.8	2.54	2.1	1.83	1.66	1.69	2.09	2.02	1.44	0.98	1.38	2.14	2.94	3.22	2.33	1.2	1.04	1.49	1.87	2.04	3.01	2.39	1.11	2.25	0.94	1.27	1.41	1.69	1.8	2.29	2.15	1.69	1.47	1.38	2.13	2.65	2.97	1.86	1.38	1.59	1.89	2.0	2.09	2.53	2.76	1.42	2.27	2.18	2.43	2.92	2.88	3.42	2.62	0.95	0.71	1.39	2.02	1.8	2.1	2.17	1.76	1.58	1.67	1.78	1.29	1.73	2.12	1.84	1.55	1.92	1.95	1.77	2.13	1.76	1.31	1.58	2.06	2.79	3.63	2.4	1.41	1.71	0.82	1.97	2.06	2.72	2.78	1.7	1.89	2.4	1.58	1.46	1.88	2.36	1.45	1.09	1.74	1.78	1.12	0.72	1.01	1.1	1.71	1.68	1.87	1.93	1.24	1.19	1.22	1.23	1.81	2.27	2.97	2.72	2.29	2.09	2.9	1.9	1.58	1.95	1.55	1.74	1.52	1.67	1.71	2.03	1.47	1.24	1.46	1.56	1.29	1.73	1.25	1.38	1.63	2.06	1.44	2.06	1.77	1.02	1.12	1.77	1.19	1.49	1.8	1.85	1.84	2.36	0.81	1.22	1.8	2.54	2.1	1.83	1.66	1.69	2.09	2.02	1.44	0.98	1.38	2.14	2.94	3.22	2.33	1.2	1.04	1.49	1.87	2.04	3.01	2.39	1.11	2.25	0.94	1.27	1.41	1.69	1.8	2.29	2.15	1.69	1.47	1.38	2.13	2.65	2.97	1.86	1.38	1.59	1.89	2.0	2.09	2.53	2.76	1.42	2.27	2.18	2.43	2.92	2.88	3.42	2.62	0.95	0.71	1.39	2.02	1.8	2.1	2.17	1.76	1.58	1.67	1.78	1.29	1.73	2.12	1.84	1.55	1.92	1.95	1.77	2.13	1.76	1.31	1.58	2.06	2.79	3.63	2.4	1.41	1.71	0.82	1.97	2.06	2.72	2.78	1.7	1.89	2.4	1.58	1.46	1.88	2.36	1.45	1.09	1.74	1.78	1.12	0.72	1.01	1.1	1.71	1.68	1.87	1.93	1.24	1.19	1.22	1.23	1.81	2.27	2.97	2.72	2.29	2.09	2.9	1.9	1.58	1.95	1.55	1.74	1.52	1.67	1.71	2.03	1.47	1.24	1.46	1.56	1.29	1.73	1.25	1.38	1.63	2.06	1.44	2.06	1.77	1.02	1.12	1.77	1.19	1.49
1.0	2.0	3.0	4.0	5.0	6.0	7.0	8.0	9.0	10.0	11.0	12.0	13.0	14.0	15.0	16.0	17.0	18.0	19.0	20.0	21.0	22.0	23.0	24.0	25.0	26.0	27.0	28.0	29.0	30.0	31.0	32.0	33.0	34.0	35.0	36.0	37.0	38.0	39.0	40.0	41.0	42.0	43.0	44.0	45.0	46.0	47.0	48.0	49.0	50.0	51.0	52.0	53.0	54.0	55.0	56.0	57.0	58.0	59.0	60.0	61.0	62.0	63.0	64.0	65.0	66.0	67.0	68.0	69.0	70.0	71.0	72.0	73.0	74.0	75.0	76.0	77.0	78.0	79.0	80.0	81.0	82.0	83.0	84.0	85.0	86.0	87.0	88.0	89.0	90.0	91.0	92.0	93.0	94.0	95.0	96.0	97.0	98.0	99.0	100.0	101.0	102.0	103.0	104.0	105.0	106.0	107.0	108.0	109.0	110.0	111.0	112.0	113.0	114.0	115.0	116.0	117.0	118.0	119.0	120.0	121.0	122.0	123.0	124.0	125.0	126.0	127.0	128.0	129.0	130.0	131.0	132.0	133.0	134.0	135.0	136.0	137.0	138.0	139.0	140.0	141.0	142.0	143.0	144.0	145.0	146.0	147.0	148.0	149.0	149.0	150.0	151.0	152.0	153.0	154.0	155.0	156.0	157.0	158.0	159.0	160.0	161.0	162.0	163.0	164.0	165.0	166.0	167.0	168.0	169.0	170.0	171.0	172.0	173.0	174.0	175.0	176.0	177.0	178.0	179.0	180.0	181.0	182.0	183.0	184.0	185.0	186.0	187.0	188.0	189.0	190.0	191.0	192.0	193.0	194.0	195.0	196.0	197.0	198.0	199.0	200.0	201.0	202.0	203.0	204.0	205.0	206.0	207.0	208.0	209.0	210.0	211.0	212.0	213.0	214.0	215.0	216.0	217.0	218.0	219.0	220.0	221.0	222.0	223.0	224.0	225.0	226.0	227.0	228.0	229.0	230.0	231.0	232.0	233.0	234.0	235.0	236.0	237.0	238.0	239.0	240.0	241.0	242.0	243.0	244.0	245.0	246.0	247.0	248.0	249.0	250.0	251.0	252.0	253.0	254.0	255.0	256.0	257.0	258.0	259.0	260.0	261.0	262.0	263.0	264.0	265.0	266.0	267.0	268.0	269.0	270.0	271.0	272.0	273.0	274.0	275.0	276.0	277.0	278.0	279.0	280.0	281.0	282.0	283.0	284.0	285.0	286.0	287.0	288.0	289.0	290.0	291.0	292.0	293.0	294.0	295.0	296.0	297.0	298.0	298.0	299.0
3448.7970493087278
