3414.237116224969	300.0	2000.0	162.44929873744954	0	0.0	3414.237116224969	1	0	1	-1.3124927881726078
3577.886354457699	300.0	2819.9858379439966	0.0	0	0.0	3397.872192401696	1	0	2	-0.7401167459495214
4200.0	300.0	3135.6608278474655	0.0	0	419.2219464842942	3335.6608278474655	1	0	2	-0.5367813844114901
5200.0	300.0	3035.660827847466	0.0	0	842.5906595904207	3235.660827847466	1	0	2	-0.5275660827847468
6200.0	300.0	2935.6608278474664	0.0	0	835.0890298323584	3135.6608278474664	1	0	2	-0.5175660827847468
7200.0	300.0	2835.6608278474655	0.0	0	827.4672063844782	3035.660827847465	1	0	2	-0.5075660827847467
8200.0	300.0	2735.660827847466	0.0	0	834.950434498508	2935.660827847464	1	0	2	-0.4975660827847467
9200.0	300.0	2635.6608278474664	0.0	0	849.9949771559059	2835.6608278474623	1	0	2	-0.48756608278474656
10200.0	300.0	2535.660827847467	0.0	0	804.554515995269	2735.6608278474614	1	0	2	-0.47756608278474644
11200.0	300.0	2435.660827847465	0.0	0	872.8676660805831	2635.6608278474614	1	0	2	-0.46756608278474643
12200.0	300.0	2335.6608278474646	0.0	0	861.4010282669733	2535.6608278474578	1	0	2	-0.45756608278474603
13200.0	300.0	2235.660827847463	0.0	0	823.1105896481531	2435.660827847454	1	0	2	-0.44756608278474586
14200.0	300.0	2135.6608278474637	0.0	0	853.4942059818259	2335.660827847454	1	0	2	-0.4375660827847457
15200.0	300.0	2035.6608278474628	0.0	0	814.6951221341096	2235.6608278474523	1	0	2	-0.42756608278474545
16200.0	300.0	1935.6608278474603	0.0	0	784.8000274141614	2135.6608278474487	1	0	2	-0.4175660827847452
17200.0	300.0	1835.6608278474632	0.0	0	839.1240809560695	2035.6608278474487	1	0	2	-0.4075660827847451
18200.0	300.0	1735.6608278474653	0.0	0	839.9083827238537	1935.6608278474505	1	0	2	-0.39756608278474515
19200.0	300.0	1735.6608278474582	0.0	0	758.899550152426	1935.6608278474487	1	0	1	-0.3935660827847451
20200.0	500.0	1735.6608278474569	0.0	0	606.0244975366622	1935.6608278474487	1	0	1	0.06184672909825062
21200.0	500.0	1735.6608278474578	0.0	0	725.4677009659317	1935.6608278474487	1	0	1	0.5726723528642413
22200.0	500.0	1735.6608278474625	0.0	0	580.1492743449817	1935.6608278474487	1	0	1	0.5726723528642413
23200.0	500.0	1735.660827847462	0.0	0	526.2924430159292	1935.6608278474487	1	0	1	0.5726723528642413
24200.0	1000.0	1735.660827847463	0.0	0	117.6029822498349	1935.660827847445	1	0	1	0.9192459431442144
25200.0	1000.0	1735.6608278474612	0.0	0	55.33713899223585	1935.6608278474414	1	0	1	1.6123931237041602
26200.0	1000.0	1735.6608278474623	0.0	0	441.9438336445164	1935.6608278474414	1	0	1	1.6123931237041602
27200.0	1000.0	1735.6608278474623	0.0	0	438.8999692861398	1935.6608278474414	1	0	1	1.6123931237041602
28200.0	1000.0	1735.6608278474616	0.0	0	293.1349754385956	1935.6608278474414	1	0	1	1.6123931237041602
29200.0	1000.0	1735.6608278474605	0.0	0	506.3837610920309	1935.6608278474414	1	0	1	1.6123931237041602
30200.0	1000.0	1735.6608278474573	0.0	0	653.4298962126923	1935.6608278474414	1	0	1	1.6123931237041602
31200.0	1000.0	1735.6608278474584	0.0	0	554.1788985640414	1935.6608278474414	1	0	1	1.6123931237041602
32200.0	1000.0	1735.660827847459	0.0	0	659.5766648446224	1935.6608278474414	1	0	1	1.6123931237041602
33200.0	1000.0	1735.6608278474607	0.0	0	600.4299797683852	1935.660827847445	1	0	1	1.6123931237041602
34200.0	1000.0	1735.6608278474596	0.0	0	352.5191416407906	1935.660827847445	1	0	1	1.61239312370416
35200.0	1000.0	1735.6608278474591	0.0	0	413.78521069771523	1935.660827847445	1	0	1	1.61239312370416
36200.0	1000.0	1735.6608278474612	0.0	0	558.6112403558654	1935.660827847445	1	0	1	1.6123931237041598
37200.0	1000.0	1735.6608278474646	0.0	0	511.93334270993364	1935.6608278474378	1	0	1	1.6123931237041607
38200.0	1000.0	1735.6608278474655	0.0	0	251.03551040625462	1935.6608278474378	1	0	1	1.6123931237041607
39200.0	1000.0	1735.6608278474685	0.0	0	41.81152623651724	1935.6608278474378	1	0	1	1.6123931237041607
40337.58192615677	1000.0	1598.0789016906926	0.0	0	0.0	1935.6608278474378	1	0	1	1.6123931237041607
41200.0	1000.0	1735.6608278474648	0.0	0	69.6206483080532	1935.660827847445	1	0	1	1.6123931237041598
42200.0	1000.0	1735.6608278474664	0.0	0	151.29649156438973	1935.660827847445	1	0	1	1.6123931237041598
43200.0	1000.0	1735.6608278474737	0.0	0	374.2877708258311	1935.660827847445	1	0	1	1.6123931237041598
44200.0	1000.0	1735.6608278474716	0.0	0	675.7674008935064	1935.660827847445	1	0	1	1.6123931237041598
45200.0	1000.0	1735.6608278474769	0.0	0	699.4385876674496	1935.660827847445	1	0	1	1.6123931237041598
46200.0	1000.0	1735.6608278474648	0.0	0	656.7786276117986	1935.660827847445	1	0	1	1.6123931237041598
47200.0	1000.0	1735.6608278474637	0.0	0	698.1958772120488	1935.660827847445	1	0	1	1.6123931237041598
48200.0	1000.0	1735.6608278474728	0.0	0	700.0957072996462	1935.6608278474523	1	0	1	1.612393123704159
49200.0	1000.0	1735.6608278474712	0.0	0	624.2788097843659	1935.660827847445	1	0	1	1.6123931237041598
50200.0	1000.0	1735.6608278474719	0.0	0	597.3183722953472	1935.660827847445	1	0	1	1.6123931237041598
51200.0	1000.0	1735.6608278474644	0.0	0	467.122327556448	1935.660827847445	1	0	1	1.6123931237041598
52612.38433433335	2000.0	1323.276493514115	0.0	0	0.0	1935.660827847445	1	0	1	1.9589667139841325
53908.29400901203	2000.0	1027.366818835434	0.0	0	0.0	1935.660827847445	1	0	1	2.6521138945440774
55250.891130133015	2000.0	684.7696977144449	0.0	0	0.0	1935.6608278474378	1	0	1	2.652113894544078
55643.01072370854	1000.0	1292.6501041389258	0.0	0	0.0	1935.6608278474305	1	0	1	0.9192459431442159
56200.0	1000.0	1735.6608278474646	0.0	0	34.411997338262154	1935.6608278474305	1	0	1	1.612393123704161
57200.0	1000.0	1735.6608278474678	0.0	0	556.4260460880614	1935.6608278474305	1	0	1	1.612393123704161
58200.0	1000.0	1735.6608278474594	0.0	0	490.6256628789706	1935.6608278474305	1	0	1	1.612393123704161
59200.0	1000.0	1735.6608278474534	0.0	0	68.76026887101762	1935.6608278474305	1	0	1	1.612393123704161
60200.0	1000.0	1735.6608278474507	0.0	0	375.7171109278497	1935.6608278474305	1	0	1	1.612393123704161
61200.0	1000.0	1735.6608278474484	0.0	0	522.8684677896672	1935.6608278474232	1	0	1	1.612393123704162
62200.0	1000.0	1735.6608278474434	0.0	0	99.19833377904433	1935.6608278474305	1	0	1	1.612393123704161
63200.0	1000.0	1735.6608278474444	0.0	0	240.066496159714	1935.6608278474305	1	0	1	1.612393123704161
64200.0	1000.0	1735.660827847443	0.0	0	490.45356877125596	1935.6608278474305	1	0	1	1.612393123704161
65200.0	1000.0	1735.660827847439	0.0	0	22.880571401408815	1935.6608278474305	1	0	1	1.612393123704161
66344.08394587593	1000.0	1591.5768819715154	0.0	0	0.0	1935.660827847445	1	0	1	1.61239312370416
67200.0	1000.0	1735.6608278474407	0.0	0	50.48263265557762	1935.6608278474378	1	0	1	1.6123931237041602
68200.0	1000.0	1735.6608278474469	0.0	0	282.22641344078875	1935.660827847445	1	0	1	1.6123931237041598
69200.0	1000.0	1735.6608278474505	0.0	0	144.83835514137172	1935.660827847445	1	0	1	1.6123931237041598
70200.0	1000.0	1735.6608278474343	0.0	0	429.16270207686466	1935.660827847445	1	0	1	1.6123931237041598
71200.0	1000.0	1735.6608278474228	0.0	0	293.57191261913977	1935.6608278474305	1	0	1	1.6123931237041609
72200.0	1000.0	1735.6608278474241	0.0	0	550.3825358808099	1935.6608278474305	1	0	1	1.612393123704161
73200.0	1000.0	1735.6608278474257	0.0	0	601.4736072434898	1935.6608278474305	1	0	1	1.612393123704161
74200.0	1000.0	1735.6608278474243	0.0	0	532.6394988274988	1935.660827847416	1	0	1	1.6123931237041629
75200.0	1000.0	1735.6608278474234	0.0	0	460.72517016013444	1935.660827847416	1	0	1	1.6123931237041629
76200.0	1000.0	1735.6608278474	0.0	0	519.5681155678758	1935.660827847416	1	0	1	1.6123931237041629
77200.0	1000.0	1735.660827847386	0.0	0	616.3131590421399	1935.6608278474014	1	0	1	1.6123931237041642
78200.0	1000.0	1735.6608278473832	0.0	0	531.8925400868466	1935.6608278474014	1	0	1	1.6123931237041642
79200.0	1000.0	1735.6608278473898	0.0	0	236.0482570227614	1935.660827847416	1	0	1	1.6123931237041629
80200.0	1000.0	1735.6608278474062	0.0	0	610.7196651505947	1935.660827847416	1	0	1	1.6123931237041629
81200.0	1000.0	1735.6608278474064	0.0	0	476.725540143394	1935.660827847416	1	0	1	1.6123931237041629
82200.0	1000.0	1735.6608278474139	0.0	0	311.28396048724244	1935.660827847416	1	0	1	1.6123931237041629
83200.0	1000.0	1735.6608278474105	0.0	0	329.6427033340733	1935.6608278474305	1	0	1	1.612393123704161
84200.0	1000.0	1735.6608278474191	0.0	0	511.3344914523768	1935.6608278474305	1	0	1	1.612393123704161
85200.0	1000.0	1735.660827847411	0.0	0	96.64215800503734	1935.660827847416	1	0	1	1.6123931237041629
86200.0	1000.0	1735.660827847407	0.0	0	512.3580906478892	1935.660827847416	1	0	1	1.6123931237041629
87200.0	1000.0	1735.6608278474025	0.0	0	593.6718041192798	1935.660827847416	1	0	1	1.6123931237041629
88200.0	1000.0	1735.6608278473889	0.0	0	458.6183312507201	1935.6608278474305	1	0	1	1.612393123704161
89200.0	1000.0	1735.6608278473902	0.0	0	288.2255419138528	1935.6608278474305	1	0	1	1.612393123704161
90200.0	1000.0	1735.6608278473925	0.0	0	38.854926447354956	1935.6608278474305	1	0	1	1.612393123704161
91200.0	1000.0	1735.6608278474034	0.0	0	75.39823907338723	1935.6608278474305	1	0	1	1.612393123704161
92200.0	1000.0	1735.6608278473961	0.0	0	361.60722631907265	1935.6608278474305	1	0	1	1.612393123704161
93200.0	1000.0	1735.6608278473939	0.0	0	564.726612748258	1935.6608278474305	1	0	1	1.612393123704161
94200.0	1000.0	1735.6608278473961	0.0	0	579.005599625787	1935.6608278474305	1	0	1	1.612393123704161
95200.0	1000.0	1735.6608278474	0.0	0	478.0524645306141	1935.6608278474305	1	0	1	1.612393123704161
96200.0	1000.0	1735.6608278474023	0.0	0	662.2058738791529	1935.6608278474305	1	0	1	1.612393123704161
97200.0	1000.0	1735.660827847402	0.0	0	496.35750806573196	1935.660827847416	1	0	1	1.6123931237041629
98200.0	1000.0	1735.6608278474228	0.0	0	576.8291799065482	1935.660827847416	1	0	1	1.6123931237041629
99200.0	1000.0	1735.6608278474298	0.0	0	712.6865291851573	1935.6608278474305	1	0	1	1.612393123704161
100200.0	1000.0	1735.6608278474305	0.0	0	634.0542448798806	1935.660827847416	1	0	1	1.6123931237041629
101200.0	1000.0	1735.6608278474364	0.0	0	434.83726601507806	1935.660827847416	1	0	1	1.6123931237041629
102346.00965622395	2000.0	1589.651171623471	0.0	0	0.0	1935.660827847416	1	0	1	1.9589667139841351
103200.0	2000.0	1735.6608278474168	0.0	0	3.7475029291090323	1935.6608278474014	1	0	1	2.652113894544082
104200.0	2000.0	1735.660827847412	0.0	0	214.4702529054921	1935.6608278474014	1	0	1	2.652113894544082
105200.0	2000.0	1735.6608278474116	0.0	0	353.54880135622807	1935.6608278474014	1	0	1	2.652113894544082
106200.0	2000.0	1735.660827847405	0.0	0	326.8654317165492	1935.6608278474014	1	0	1	2.652113894544082
107200.0	2000.0	1735.6608278474057	0.0	0	369.0235835224157	1935.6608278473868	1	0	1	2.6521138945440836
108200.0	2000.0	1735.6608278474089	0.0	0	91.9489710485359	1935.6608278473723	1	0	1	2.652113894544085
109844.71650654603	2000.0	1090.9443213013747	0.0	0	0.0	1935.6608278473723	1	0	1	2.652113894544085
110507.13335237473	1000.0	1428.5274754726724	0.0	0	0.0	1935.6608278473723	1	0	1	0.919245943144222
111200.0	1000.0	1735.6608278473977	0.0	0	131.01870797864103	1935.6608278473723	1	0	1	1.6123931237041673
112200.0	1000.0	1735.6608278473987	0.0	0	514.9290369434457	1935.6608278473723	1	0	1	1.6123931237041673
113200.0	1000.0	1735.6608278473875	0.0	0	658.7812719609065	1935.6608278473723	1	0	1	1.6123931237041673
114200.0	1000.0	1735.6608278473966	0.0	0	693.4319047915633	1935.6608278473723	1	0	1	1.6123931237041673
115200.0	1000.0	1735.6608278474114	0.0	0	727.3137181582279	1935.6608278473723	1	0	1	1.6123931237041673
116200.0	1000.0	1735.6608278474137	0.0	0	394.91891160998784	1935.6608278473723	1	0	1	1.6123931237041673
117200.0	1000.0	1735.660827847413	0.0	0	37.04422659314878	1935.6608278473723	1	0	1	1.6123931237041673
118200.0	1000.0	1735.6608278474203	0.0	0	603.641157802529	1935.6608278473723	1	0	1	1.6123931237041673
119200.0	1000.0	1735.6608278474205	0.0	0	680.4008099193888	1935.6608278473723	1	0	1	1.6123931237041673
120220.21478808754	1000.0	1715.4460397598784	0.0	0	0.0	1935.6608278473723	1	0	1	1.6123931237041673
121200.0	1000.0	1735.660827847415	0.0	0	228.1957879303518	1935.6608278473723	1	0	1	1.6123931237041673
122200.0	1000.0	1735.6608278474123	0.0	0	543.2320951655856	1935.6608278473723	1	0	1	1.6123931237041673
123200.0	1000.0	1735.6608278474218	0.0	0	609.2954650756001	1935.6608278473723	1	0	1	1.6123931237041673
124200.0	1000.0	1735.6608278474216	0.0	0	724.9967111921287	1935.6608278473868	1	0	1	1.6123931237041655
125200.0	1000.0	1735.6608278474184	0.0	0	502.6207834494853	1935.6608278473723	1	0	1	1.6123931237041673
126200.0	1000.0	1735.6608278474264	0.0	0	182.89557389066613	1935.6608278473723	1	0	1	1.6123931237041673
127200.0	1000.0	1735.660827847397	0.0	0	383.536542894537	1935.6608278473577	1	0	1	1.6123931237041687
128200.0	1000.0	1735.6608278473982	0.0	0	602.6816491669742	1935.6608278473723	1	0	1	1.6123931237041673
129200.0	1000.0	1735.6608278474023	0.0	0	435.3042990990798	1935.6608278473868	1	0	1	1.6123931237041655
130200.0	1000.0	1735.6608278474116	0.0	0	533.8861500915227	1935.6608278473868	1	0	1	1.6123931237041655
131200.0	1000.0	1735.660827847405	0.0	0	539.2316074756964	1935.6608278473723	1	0	1	1.6123931237041673
132200.0	1000.0	1735.6608278474375	0.0	0	733.8445565836446	1935.660827847416	1	0	1	1.6123931237041647
133200.0	1000.0	1735.6608278474625	0.0	0	637.0634397006652	1935.6608278474014	1	0	1	1.612393123704164
134200.0	1000.0	1735.6608278474646	0.0	0	437.8258779067546	1935.6608278474014	1	0	1	1.6123931237041642
135200.0	1000.0	1735.6608278474694	0.0	0	383.06435352400877	1935.6608278474305	1	0	1	1.612393123704161
136200.0	1000.0	1735.6608278474334	0.0	0	278.73652115266304	1935.6608278474305	1	0	1	1.612393123704161
137200.0	1000.0	1735.6608278474375	0.0	0	121.86917042679852	1935.6608278474305	1	0	1	1.612393123704161
138200.0	1000.0	1735.6608278474305	0.0	0	374.30083729542093	1935.6608278474596	1	0	1	1.6123931237041584
139200.0	1000.0	1735.6608278474341	0.0	0	201.77895095059648	1935.6608278474596	1	0	1	1.6123931237041584
140200.0	1000.0	1735.6608278474534	0.0	0	654.3066671955166	1935.6608278474887	1	0	1	1.6123931237041556
141200.0	1000.0	1735.6608278474505	0.0	0	668.5123168939608	1935.6608278474887	1	0	1	1.6123931237041556
142200.0	1000.0	1735.660827847454	0.0	0	649.9448312985478	1935.6608278474887	1	0	1	1.6123931237041556
143200.0	1000.0	1735.6608278474375	0.0	0	651.5982995729137	1935.6608278474887	1	0	1	1.6123931237041556
144200.0	1000.0	1735.6608278474462	0.0	0	618.8366536798712	1935.6608278474887	1	0	1	1.6123931237041556
145200.0	1000.0	1735.6608278474484	0.0	0	537.6374419509375	1935.6608278474887	1	0	1	1.6123931237041556
146200.0	1000.0	1735.6608278474328	0.0	0	620.9594772878045	1935.6608278474887	1	0	1	1.6123931237041556
147200.0	1000.0	1735.6608278474368	0.0	0	712.6033769916976	1935.6608278474887	1	0	1	1.6123931237041556
148200.0	2000.0	1735.6608278474323	0.0	0	410.1518583293655	1935.6608278474887	1	0	1	1.958966713984128
149200.0	2000.0	1735.6608278474143	0.0	0	67.31962057988858	1935.6608278474596	1	0	1	2.6521138945440765
150605.67104945728	2000.0	1329.989778390166	0.0	0	0.0	1935.6608278474596	1	0	1	2.6521138945440765
151693.23080184474	2000.0	1242.430026002683	0.0	0	0.0	1935.6608278474596	1	0	1	2.6521138945440765
152843.29097564527	2000.0	1092.3698522021596	0.0	0	0.0	1935.6608278474596	1	0	1	2.6521138945440765
153242.23811505575	1000.0	1693.4227127916722	0.0	0	0.0	1935.6608278474596	1	0	1	0.9192459431442132
154200.0	1000.0	1735.6608278473961	0.0	0	454.00118014830514	1935.6608278474596	1	0	1	1.6123931237041584
155200.0	1000.0	1735.6608278473957	0.0	0	553.2339425692044	1935.6608278474596	1	0	1	1.6123931237041584
156200.0	1000.0	1735.6608278474207	0.0	0	584.6342478879087	1935.6608278474596	1	0	1	1.6123931237041584
157200.0	1000.0	1735.6608278474296	0.0	0	476.9257792105782	1935.6608278474596	1	0	1	1.6123931237041584
158200.0	1000.0	1735.6608278474291	0.0	0	701.836317794252	1935.6608278474596	1	0	1	1.6123931237041584
159200.0	1000.0	1735.6608278474584	0.0	0	474.1124917235866	1935.6608278474596	1	0	1	1.6123931237041584
160200.0	1000.0	1735.660827847443	0.0	0	696.2319637783221	1935.6608278474596	1	0	1	1.6123931237041584
161200.0	1000.0	1735.6608278474155	0.0	0	662.9529629865428	1935.6608278474887	1	0	1	1.6123931237041556
162200.0	1000.0	1735.6608278474193	0.0	0	460.65463445332716	1935.6608278474887	1	0	1	1.6123931237041556
163200.0	1000.0	1735.6608278474364	0.0	0	629.9882330518158	1935.6608278475178	1	0	1	1.6123931237041524
164200.0	2000.0	1735.6608278474223	0.0	0	25.003719383705175	1935.6608278475178	1	0	1	1.9589667139841251
165528.0534494583	2000.0	1407.6073783891393	0.0	0	0.0	1935.6608278475178	1	0	1	2.6521138945440703
166200.0	2000.0	1735.6608278474428	0.0	0	4.492328620079206	1935.6608278475178	1	0	1	2.6521138945440703
167200.0	2000.0	1735.660827847448	0.0	0	340.5723633657035	1935.660827847547	1	0	1	2.6521138945440677
168506.27989494448	2000.0	1429.3809329029507	0.0	0	0.0	1935.660827847547	1	0	1	2.6521138945440677
169200.0	1000.0	1735.6608278474462	0.0	0	70.30949142336613	1935.660827847576	1	0	1	0.9192459431442033
170200.0	1000.0	1735.6608278474607	0.0	0	511.01545985633857	1935.660827847576	1	0	1	1.6123931237041467
171212.5057329359	1000.0	1723.1550949115617	0.0	0	0.0	1935.660827847605	1	0	1	1.6123931237041438
172200.0	1000.0	1735.6608278474575	0.0	0	401.4374163566681	1935.660827847605	1	0	1	1.6123931237041438
173200.0	1000.0	1735.6608278474491	0.0	0	376.70148214531946	1935.660827847576	1	0	1	1.6123931237041444
174200.0	1000.0	1735.6608278474232	0.0	0	90.57605015538866	1935.660827847547	1	0	1	1.6123931237041473
175200.0	1000.0	1735.6608278474191	0.0	0	431.99820377494325	1935.6608278475178	1	0	1	1.6123931237041524
176200.0	1000.0	1735.6608278474491	0.0	0	304.88978609925834	1935.6608278474887	1	0	1	1.6123931237041556
177200.0	1000.0	1735.66082784745	0.0	0	410.94098763892544	1935.6608278474887	1	0	1	1.6123931237041556
178200.0	1000.0	1735.6608278474632	0.0	0	639.5246884183434	1935.6608278474887	1	0	1	1.6123931237041556
179200.0	1000.0	1735.6608278474569	0.0	0	650.6128853966075	1935.6608278474887	1	0	1	1.6123931237041556
180200.0	1000.0	1735.6608278474582	0.0	0	596.7729763511452	1935.6608278474887	1	0	1	1.6123931237041556
181200.0	1000.0	1735.6608278474434	0.0	0	697.1219321442186	1935.6608278474887	1	0	1	1.6123931237041556
182200.0	1000.0	1735.6608278474523	0.0	0	562.3300432402175	1935.6608278474887	1	0	1	1.6123931237041556
183200.0	1000.0	1735.6608278474428	0.0	0	335.21587285300484	1935.6608278474887	1	0	1	1.6123931237041556
184200.0	1000.0	1735.6608278474464	0.0	0	494.12194744794397	1935.6608278474887	1	0	1	1.6123931237041556
185200.0	1000.0	1735.6608278474307	0.0	0	470.8559303629445	1935.6608278474596	1	0	1	1.6123931237041584
186200.0	1000.0	1735.6608278474434	0.0	0	619.3642207326193	1935.6608278474596	1	0	1	1.6123931237041584
187200.0	1000.0	1735.660827847463	0.0	0	314.5785440362815	1935.6608278474596	1	0	1	1.6123931237041584
188200.0	1000.0	1735.660827847472	0.0	0	315.56568973345566	1935.6608278474596	1	0	1	1.6123931237041584
189623.955596092	1000.0	1311.705231755491	0.0	0	0.0	1935.6608278474596	1	0	1	1.6123931237041584
190639.9308229543	1000.0	1295.7300048931838	0.0	0	0.0	1935.6608278474596	1	0	1	1.6123931237041584
191311.38423803865	1000.0	1624.276589808867	0.0	0	0.0	1935.6608278474887	1	0	1	1.612393123704156
192200.0	1000.0	1735.6608278475169	0.0	0	418.8156338177214	1935.6608278475178	1	0	1	1.6123931237041524
193200.0	1000.0	1735.6608278474941	0.0	0	636.6733246025688	1935.6608278475178	1	0	1	1.6123931237041524
194200.0	1000.0	1735.6608278475082	0.0	0	646.2261369508924	1935.6608278475178	1	0	1	1.6123931237041524
195200.0	1000.0	1735.6608278475296	0.0	0	647.7232400145731	1935.660827847547	1	0	1	1.6123931237041498
196200.0	1000.0	1735.6608278474994	0.0	0	674.2343187047809	1935.660827847547	1	0	1	1.6123931237041498
197200.0	1000.0	1735.6608278474787	0.0	0	747.8387511750334	1935.660827847576	1	0	1	1.6123931237041467
198200.0	1000.0	1735.6608278474703	0.0	0	591.4048931762518	1935.660827847576	1	0	1	1.6123931237041467
199200.0	1000.0	1735.660827847509	0.0	0	566.0491599815723	1935.660827847576	1	0	1	1.6123931237041467
200465.21240788762	2000.0	1470.4484199598412	0.0	0	0.0	1935.660827847547	1	0	1	1.9589667139841223
201837.91371941066	2000.0	1097.747108436777	0.0	0	0.0	1935.660827847547	1	0	1	2.6521138945440677
202761.66294061064	2000.0	1173.9978872368247	0.0	0	0.0	1935.6608278475178	1	0	1	2.6521138945440703
203386.7027681019	1000.0	1548.9580597455624	0.0	0	0.0	1935.6608278475178	1	0	1	0.9192459431442073
204200.0	1000.0	1735.6608278474907	0.0	0	154.4056991552934	1935.660827847547	1	0	1	1.612393123704152
205200.0	1000.0	1735.6608278475278	0.0	0	498.1746112192923	1935.660827847576	1	0	1	1.6123931237041467
206200.0	1000.0	1735.6608278474969	0.0	0	608.5857313743327	1935.660827847576	1	0	1	1.6123931237041467
207200.0	1000.0	1735.6608278475226	0.0	0	708.8032981702127	1935.660827847576	1	0	1	1.6123931237041467
208200.0	1000.0	1735.66082784755	0.0	0	75.12584072409663	1935.660827847605	1	0	1	1.6123931237041456
209200.0	1000.0	1735.6608278475696	0.0	0	448.6044206879451	1935.660827847605	1	0	1	1.6123931237041438
210200.0	1000.0	1735.660827847554	0.0	0	621.4662955379754	1935.660827847605	1	0	1	1.6123931237041438
211200.0	1000.0	1735.6608278475849	0.0	0	418.69399890257046	1935.660827847605	1	0	1	1.6123931237041438
212200.0	1000.0	1735.6608278475721	0.0	0	212.31937561533414	1935.6608278476342	1	0	1	1.6123931237041433
213200.0	1000.0	1735.6608278475687	0.0	0	543.8439817511244	1935.6608278476342	1	0	1	1.612393123704141
214200.0	1000.0	1735.6608278475935	0.0	0	322.4766322608921	1935.6608278476633	1	0	1	1.612393123704138
215200.0	1000.0	1735.660827847589	0.0	0	90.34497928980272	1935.6608278476633	1	0	1	1.612393123704138
216200.0	1000.0	1735.6608278475944	0.0	0	162.65765432955232	1935.6608278476633	1	0	1	1.612393123704138
217200.0	1000.0	1735.6608278475896	0.0	0	167.42426870719646	1935.6608278476924	1	0	1	1.612393123704135
218200.0	1000.0	1735.6608278476183	0.0	0	106.76421903507435	1935.6608278477215	1	0	1	1.6123931237041345
219200.0	1000.0	1735.6608278476167	0.0	0	261.69456254219403	1935.6608278477215	1	0	1	1.6123931237041322
220200.0	1000.0	1735.6608278476008	0.0	0	478.97087234572973	1935.6608278477215	1	0	1	1.6123931237041322
221200.0	1000.0	1735.6608278475983	0.0	0	621.94229151943	1935.6608278477215	1	0	1	1.6123931237041322
222200.0	1000.0	1735.6608278476242	0.0	0	520.9443669104658	1935.6608278477215	1	0	1	1.6123931237041322
223200.0	1000.0	1735.6608278476072	0.0	0	558.1462694006332	1935.6608278476924	1	0	1	1.612393123704135
224200.0	1000.0	1735.66082784759	0.0	0	553.0579897238349	1935.6608278476633	1	0	1	1.612393123704138
225200.0	1000.0	1735.6608278475733	0.0	0	492.236963838659	1935.6608278476342	1	0	1	1.612393123704141
226200.0	1000.0	1735.660827847574	0.0	0	469.9913815294276	1935.660827847605	1	0	1	1.6123931237041438
227200.0	1000.0	1735.6608278475662	0.0	0	418.06542147442815	1935.660827847605	1	0	1	1.6123931237041438
228200.0	1000.0	1735.6608278475783	0.0	0	58.78563798259711	1935.660827847605	1	0	1	1.6123931237041438
229200.0	1000.0	1735.6608278475555	0.0	0	403.1471094508306	1935.660827847576	1	0	1	1.6123931237041444
230200.0	1000.0	1735.6608278475717	0.0	0	436.8272212028387	1935.660827847576	1	0	1	1.6123931237041467
231200.0	1000.0	1735.6608278475617	0.0	0	130.04107972647762	1935.660827847576	1	0	1	1.6123931237041467
232200.0	1000.0	1735.6608278475394	0.0	0	406.53176148814964	1935.660827847547	1	0	1	1.6123931237041498
233200.0	1000.0	1735.660827847529	0.0	0	533.2732922437426	1935.660827847547	1	0	1	1.6123931237041498
234200.0	1000.0	1735.6608278475157	0.0	0	114.80179668412893	1935.660827847547	1	0	1	1.6123931237041498
235200.0	1000.0	1735.6608278475292	0.0	0	339.0667717833712	1935.660827847547	1	0	1	1.6123931237041498
236200.0	1000.0	1735.660827847546	0.0	0	438.3370051536185	1935.660827847547	1	0	1	1.6123931237041498
237200.0	1000.0	1735.6608278475392	0.0	0	486.73294511291897	1935.660827847547	1	0	1	1.6123931237041498
238200.0	1000.0	1735.66082784751	0.0	0	264.9168106952857	1935.6608278475178	1	0	1	1.6123931237041502
239200.0	1000.0	1735.6608278475155	0.0	0	112.06908004108118	1935.660827847547	1	0	1	1.612393123704152
240200.0	1000.0	1735.6608278474932	0.0	0	407.282510177698	1935.660827847547	1	0	1	1.6123931237041498
241200.0	1000.0	1735.6608278474534	0.0	0	490.23562946435413	1935.660827847547	1	0	1	1.6123931237041498
242200.0	1000.0	1735.6608278474453	0.0	0	547.5656519324111	1935.6608278475178	1	0	1	1.6123931237041524
243200.0	1000.0	1735.6608278474237	0.0	0	632.7988236801466	1935.6608278475178	1	0	1	1.6123931237041524
244200.0	1000.0	1735.6608278474391	0.0	0	494.0272099096328	1935.660827847547	1	0	1	1.6123931237041498
245200.0	1000.0	1735.6608278474503	0.0	0	624.078169465909	1935.660827847547	1	0	1	1.6123931237041498
246200.0	1000.0	1735.660827847464	0.0	0	497.8211010870291	1935.660827847576	1	0	1	1.6123931237041491
247200.0	1000.0	1735.6608278474328	0.0	0	528.7651142914547	1935.660827847576	1	0	1	1.6123931237041467
248200.0	1000.0	1735.6608278474291	0.0	0	574.3322426457598	1935.660827847605	1	0	1	1.6123931237041438
249200.0	1000.0	1735.6608278474525	0.0	0	632.4528773728525	1935.660827847605	1	0	1	1.6123931237041438
250200.0	1000.0	1735.6608278474794	0.0	0	618.9230882312113	1935.660827847605	1	0	1	1.6123931237041438
251201.01972812146	2000.0	1734.6410997260105	0.0	0	0.0	1935.6608278476342	1	0	1	1.9589667139841151
252200.0	2000.0	1735.660827847482	0.0	0	166.34049088860047	1935.6608278476342	1	0	1	2.6521138945440588
253209.80407595664	2000.0	1725.8567518908465	0.0	0	0.0	1935.6608278476342	1	0	1	2.6521138945440588
254200.0	2000.0	1735.6608278474864	0.0	0	68.07330810721032	1935.6608278476342	1	0	1	2.6521138945440588
255200.0	2000.0	1735.6608278474835	0.0	0	531.1686234382505	1935.6608278476342	1	0	1	2.6521138945440588
256200.0	2000.0	1735.660827847478	0.0	0	481.4909066767141	1935.6608278476342	1	0	1	2.6521138945440588
257236.72612580366	2000.0	1698.934702043839	0.0	0	89.6396428985754	1935.6608278476342	1	0	1	2.6521138945440588
258741.23544323686	2000.0	1194.4253846106253	0.0	0	0.0	1935.6608278476342	1	0	1	2.6521138945440588
259394.34031774625	1000.0	1541.3205101012493	0.0	0	0.0	1935.6608278476342	1	0	1	0.9192459431441957
260200.0	1000.0	1735.6608278474766	0.0	0	115.24389880002127	1935.660827847605	1	0	1	1.6123931237041416
261200.0	1000.0	1735.6608278474614	0.0	0	389.49656337464694	1935.660827847547	1	0	1	1.6123931237041473
262200.0	1000.0	1735.6608278474607	0.0	0	520.5918366148544	1935.660827847576	1	0	1	1.6123931237041491
263200.0	1000.0	1735.660827847482	0.0	0	577.8047676886781	1935.660827847576	1	0	1	1.6123931237041473
264200.0	1000.0	1735.660827847505	0.0	0	777.3043955718167	1935.660827847605	1	0	1	1.6123931237041473
265200.0	1000.0	1735.6608278474853	0.0	0	272.2036443221732	1935.6608278476633	1	0	1	1.612393123704138
266310.31942421733	1000.0	1625.3414036301338	0.0	0	0.0	1935.6608278476633	1	0	1	1.612393123704138
267200.0	1000.0	1735.6608278474935	0.0	0	579.5459042196162	1935.6608278476633	1	0	1	1.612393123704138
268200.0	1000.0	1735.6608278475112	0.0	0	538.3513922435232	1935.660827847605	1	0	1	1.6123931237041438
269200.0	1000.0	1735.660827847458	0.0	0	19.749528992339037	1935.660827847605	1	0	1	1.6123931237041438
270200.0	1000.0	1735.6608278475335	0.0	0	211.0214446800528	1935.6608278476633	1	0	1	1.612393123704138
271200.0	1000.0	1735.6608278474791	0.0	0	561.9052776869503	1935.6608278476633	1	0	1	1.612393123704138
272200.0	1000.0	1735.6608278475137	0.0	0	491.75870207493426	1935.6608278476633	1	0	1	1.612393123704138
273200.0	1000.0	1735.6608278475221	0.0	0	730.5847736717551	1935.6608278476633	1	0	1	1.612393123704138
274200.0	1000.0	1735.6608278474707	0.0	0	352.7464947575354	1935.6608278476633	1	0	1	1.612393123704138
275200.0	1000.0	1735.660827847483	0.0	0	171.6419125807006	1935.6608278476633	1	0	1	1.612393123704138
276200.0	1000.0	1735.6608278475321	0.0	0	322.42542687623063	1935.6608278476633	1	0	1	1.612393123704138
277200.0	1000.0	1735.6608278474932	0.0	0	456.4929606136866	1935.660827847605	1	0	1	1.6123931237041438
278200.0	1000.0	1735.6608278474664	0.0	0	400.444844535843	1935.660827847605	1	0	1	1.6123931237041438
279200.0	1000.0	1735.6608278474898	0.0	0	603.1730873505585	1935.660827847605	1	0	1	1.6123931237041438
280200.0	1000.0	1735.6608278475312	0.0	0	605.6245093508624	1935.6608278476633	1	0	1	1.612393123704138
281200.0	1000.0	1735.660827847563	0.0	0	655.8744663666585	1935.6608278476633	1	0	1	1.612393123704138
282200.0	1000.0	1735.6608278475196	0.0	0	564.8617424225085	1935.6608278476633	1	0	1	1.612393123704138
283200.0	1000.0	1735.6608278475705	0.0	0	321.01425779925194	1935.6608278476633	1	0	1	1.612393123704138
284200.0	1000.0	1735.6608278475123	0.0	0	505.0027560322196	1935.6608278476633	1	0	1	1.612393123704138
285200.0	1000.0	1735.6608278474887	0.0	0	49.733086059684865	1935.6608278476633	1	0	1	1.612393123704138
286200.0	1000.0	1735.660827847447	0.0	0	93.98660078935791	1935.6608278476633	1	0	1	1.612393123704138
287200.0	1000.0	1735.6608278474039	0.0	0	530.966379595804	1935.6608278476633	1	0	1	1.612393123704138
288200.0	1000.0	1735.6608278473302	0.0	0	330.5200878442847	1935.6608278476633	1	0	1	1.612393123704138
289200.0	1000.0	1735.6608278473382	0.0	0	593.3776371957501	1935.6608278477215	1	0	1	1.6123931237041322
290200.0	1000.0	1735.6608278473147	0.0	0	489.03579956805333	1935.6608278476633	1	0	1	1.612393123704138
291200.0	1000.0	1735.6608278473536	0.0	0	622.8450674079941	1935.6608278477215	1	0	1	1.6123931237041322
292200.0	1000.0	1735.6608278473805	0.0	0	715.5646881663124	1935.6608278477215	1	0	1	1.6123931237041322
293200.0	1000.0	1735.6608278473564	0.0	0	656.6771117422613	1935.6608278477215	1	0	1	1.6123931237041322
294200.0	1000.0	1735.6608278473632	0.0	0	613.0215663000708	1935.6608278477215	1	0	1	1.6123931237041322
295200.0	1000.0	1735.6608278473113	0.0	0	669.1952023130725	1935.6608278477215	1	0	1	1.6123931237041322
296200.0	1000.0	1735.6608278472902	0.0	0	758.5673821488745	1935.6608278477797	1	0	1	1.6123931237041265
297200.0	2000.0	1735.6608278472845	0.0	0	513.1616510973545	1935.6608278477215	1	0	1	1.958966713984105
298610.7038901432	2000.0	1324.956937704069	0.0	0	0.0	1935.6608278477797	1	0	1	2.652113894544044
299585.5864494722	2000.0	1350.0743783751236	0.0	0	0.0	1935.6608278477797	1	0	1	2.652113894544044
300644.4383836875	2000.0	1291.222444159722	0.0	0	0.0	1935.6608278477797	1	0	1	2.652113894544044
2.15	1.82	2.37	2.28	2.19	2.85	2.39	2.72	3.19	2.51	2.87	2.08	1.77	2.35	2.7	1.66	1.52	1.84	1.3	1.34	1.56	1.33	2.36	1.69	1.78	2.33	2.39	3.08	2.72	2.19	1.42	1.62	2.22	2.27	1.84	1.19	0.65	1.02	1.52	2.15	2.94	3.85	3.81	3.83	3.74	3.29	2.71	1.74	1.88	1.34	2.17	1.99	2.29	2.56	2.84	0.98	2.17	2.29	1.47	1.27	2.07	1.18	0.75	1.59	1.61	1.22	1.46	1.87	2.25	2.48	2.53	2.17	2.12	2.66	2.17	1.1	2.27	1.66	1.4	1.4	1.75	1.48	2.0	2.35	2.29	1.47	0.9	1.29	2.14	2.0	2.4	2.58	2.81	2.69	2.63	3.43	3.43	2.44	1.81	2.32	2.44	2.83	3.57	4.44	2.98	1.02	1.15	1.64	2.32	2.46	3.2	4.1	1.97	0.66	2.7	3.13	1.29	1.59	2.17	2.87	3.28	2.15	1.26	1.89	2.06	2.32	2.58	3.08	4.12	2.94	1.97	2.05	1.42	1.42	2.09	1.54	2.83	2.66	3.39	4.17	3.2	2.99	3.74	4.27	3.61	1.88	2.04	1.77	2.03	2.25	2.15	1.82	2.37	2.28	2.19	2.85	2.39	2.72	3.19	2.51	2.87	2.08	1.77	2.35	2.7	1.66	1.52	1.84	1.3	1.34	1.56	1.33	2.36	1.69	1.78	2.33	2.39	3.08	2.72	2.19	1.42	1.62	2.22	2.27	1.84	1.19	0.65	1.02	1.52	2.15	2.94	3.85	3.81	3.83	3.74	3.29	2.71	1.74	1.88	1.34	2.17	1.99	2.29	2.56	2.84	0.98	2.17	2.29	1.47	1.27	2.07	1.18	0.75	1.59	1.61	1.22	1.46	1.87	2.25	2.48	2.53	2.17	2.12	2.66	2.17	1.1	2.27	1.66	1.4	1.4	1.75	1.48	2.0	2.35	2.29	1.47	0.9	1.29	2.14	2.0	2.4	2.58	2.81	2.69	2.63	3.43	3.43	2.44	1.81	2.32	2.44	2.83	3.57	4.44	2.98	1.02	1.15	1.64	2.32	2.46	3.2	4.1	1.97	0.66	2.7	3.13	1.29	1.59	2.17	2.87	3.28	2.15	1.26	1.89	2.06	2.32	2.58	3.08	4.12	2.94	1.97	2.05	1.42	1.42	2.09	1.54	2.83	2.66	3.39	4.17	3.2	2.99	3.74	4.27	3.61	1.88	2.04	1.77	2.03	2.25	2.15
1.0	2.0	3.0	4.0	5.0	6.0	7.0	8.0	9.0	10.0	11.0	12.0	13.0	14.0	15.0	16.0	17.0	18.0	19.0	20.0	21.0	22.0	23.0	24.0	25.0	26.0	27.0	28.0	29.0	30.0	31.0	32.0	33.0	34.0	35.0	36.0	37.0	38.0	39.0	40.0	41.0	42.0	43.0	44.0	45.0	46.0	47.0	48.0	49.0	50.0	51.0	52.0	53.0	54.0	55.0	56.0	57.0	58.0	59.0	60.0	61.0	62.0	63.0	64.0	65.0	66.0	67.0	68.0	69.0	70.0	71.0	72.0	73.0	74.0	75.0	76.0	77.0	78.0	79.0	80.0	81.0	82.0	83.0	84.0	85.0	86.0	87.0	88.0	89.0	90.0	91.0	92.0	93.0	94.0	95.0	96.0	97.0	98.0	99.0	100.0	101.0	102.0	103.0	104.0	105.0	106.0	107.0	108.0	109.0	110.0	111.0	112.0	113.0	114.0	115.0	116.0	117.0	118.0	119.0	120.0	121.0	122.0	123.0	124.0	125.0	126.0	127.0	128.0	129.0	130.0	131.0	132.0	133.0	134.0	135.0	136.0	137.0	138.0	139.0	140.0	141.0	142.0	143.0	144.0	145.0	146.0	147.0	148.0	149.0	149.0	150.0	151.0	152.0	153.0	154.0	155.0	156.0	157.0	158.0	159.0	160.0	161.0	162.0	163.0	164.0	165.0	166.0	167.0	168.0	169.0	170.0	171.0	172.0	173.0	174.0	175.0	176.0	177.0	178.0	179.0	180.0	181.0	182.0	183.0	184.0	185.0	186.0	187.0	188.0	189.0	190.0	191.0	192.0	193.0	194.0	195.0	196.0	197.0	198.0	199.0	200.0	201.0	202.0	203.0	204.0	205.0	206.0	207.0	208.0	209.0	210.0	211.0	212.0	213.0	214.0	215.0	216.0	217.0	218.0	219.0	220.0	221.0	222.0	223.0	224.0	225.0	226.0	227.0	228.0	229.0	230.0	231.0	232.0	233.0	234.0	235.0	236.0	237.0	238.0	239.0	240.0	241.0	242.0	243.0	244.0	245.0	246.0	247.0	248.0	249.0	250.0	251.0	252.0	253.0	254.0	255.0	256.0	257.0	258.0	259.0	260.0	261.0	262.0	263.0	264.0	265.0	266.0	267.0	268.0	269.0	270.0	271.0	272.0	273.0	274.0	275.0	276.0	277.0	278.0	279.0	280.0	281.0	282.0	283.0	284.0	285.0	286.0	287.0	288.0	289.0	290.0	291.0	292.0	293.0	294.0	295.0	296.0	297.0	298.0	298.0	299.0
3056.666014100586
