6180.533835814634	300.0	2000.0	105.86002316728361	0	0.0	6180.533835814634	1	0	1	-2.785605232342887
6263.347453164067	300.0	2917.1863826505682	0.0	0	0.0	6180.533835814635	1	0	1	-2.1701545991567204
6403.967953092163	500.0	3762.503832729662	0.0	0	0.0	6166.471785821825	1	0	2	-2.5588065835570397
6522.392032262767	500.0	4632.237345641997	0.0	0	0.0	6154.629377904765	1	0	2	-1.8358680879773217
6635.946740243661	500.0	5507.327166863013	0.0	0	0.0	6143.273907106674	1	0	2	-1.824350009516027
7200.0	500.0	5886.868581131041	0.0	0	441.61390025923356	6086.8685811310415	1	0	2	-1.7975237787494214
8200.0	1000.0	5786.868581131038	0.0	0	637.1375958038052	5986.868581131041	1	0	2	-1.7061454772337576
9200.0	1000.0	5686.868581131041	0.0	0	710.1169868056986	5886.868581131042	1	0	2	-0.9130524571743925
10200.0	1000.0	5586.868581131041	0.0	0	744.2660243069968	5786.8685811310415	1	0	2	-0.813470727118468
11200.0	3000.0	5486.8685811310415	0.0	0	517.0606297869617	5686.868581131042	1	0	2	-0.7139883968666252
12200.0	3000.0	5386.86858113104	0.0	0	347.2348097671493	5586.868581131041	1	0	2	0.4839994710291826
13200.0	3000.0	5286.868581131039	0.0	0	253.94219902163059	5486.86858113104	1	0	2	0.5804288875521557
14200.0	3000.0	5186.868581131036	0.0	0	251.6896696246531	5386.868581131035	1	0	2	0.6742472255341796
15402.158364310117	3000.0	4864.494380389908	0.0	0	0.0	5266.652744700021	1	0	2	0.7868618470417157
16241.951379521592	3000.0	4940.722063657282	0.0	0	0.0	5182.67344317887	1	0	2	0.8742640251263029
17200.0	3000.0	4886.868581131038	0.0	0	349.735111713635	5086.868581131035	1	0	2	0.9369474913202774
18200.0	3000.0	4786.868581131035	0.0	0	698.6052232978836	4986.868581131033	1	0	2	1.0153046892585444
19200.0	3000.0	4686.868581131035	0.0	0	466.4725536574988	4886.86858113103	1	0	2	1.0939237067362049
20200.0	3000.0	4586.868581131033	0.0	0	467.4247055300766	4786.868581131028	1	0	2	1.1681535709462056
21200.0	3000.0	4486.868581131032	0.0	0	561.7176083058475	4686.868581131028	1	0	2	1.23771972668598
22200.0	3000.0	4386.868581131034	0.0	0	196.07963778813792	4586.868581131028	1	0	2	1.3079754901036538
23200.0	3000.0	4286.868581131035	0.0	0	241.93532176708686	4486.868581131024	1	0	2	1.3695026762214324
24200.0	3000.0	4186.868581131041	0.0	0	286.70931938695867	4386.8685811310315	1	0	2	1.4282005612359208
25200.0	3000.0	4086.8685811310443	0.0	0	658.8740363099278	4286.868581131035	1	0	2	1.4803014951615436
26235.099834250297	6000.0	3948.258763455719	0.0	0	0.0	4183.358597706007	1	0	2	1.538755454278792
27200.0	6000.0	3886.868581131045	0.0	0	105.16016977224717	4086.868581131035	1	0	2	2.2786266648194395
28200.0	6000.0	3786.868581131048	0.0	0	140.40638242807836	3986.868581131035	1	0	2	2.3205287863190023
29200.0	6000.0	3686.86858113105	0.0	0	25.511049761065806	3886.868581131035	1	0	2	2.3618386782213117
30296.85755552704	6000.0	3480.325270051309	0.0	0	0.0	3777.1828255783366	1	0	2	2.4051243009659853
31200.0	3000.0	3486.8685811310525	0.0	0	196.61699406355183	3686.868581131039	1	0	2	1.0483223613997472
32200.0	3000.0	3386.86858113105	0.0	0	536.9867555798228	3586.868581131039	1	0	2	1.7717420362844096
33200.0	3000.0	3286.8685811310447	0.0	0	524.5363920319251	3486.8685811310315	1	0	2	1.801516173449523
34200.0	3000.0	3186.8685811310456	0.0	0	84.31943476009474	3386.8685811310315	1	0	2	1.832259299087752
35200.0	3000.0	3086.868581131043	0.0	0	431.17531029474776	3286.868581131028	1	0	2	1.8545990572698252
36200.0	3000.0	2986.868581131035	0.0	0	431.9029067545707	3186.8685811310206	1	0	2	1.8774906723838127
37200.0	3000.0	2886.8685811310384	0.0	0	155.17360168388404	3086.8685811310206	1	0	2	1.899842332832494
38200.0	3000.0	2786.868581131044	0.0	0	167.2506214841269	2986.8685811310206	1	0	2	1.9189133076949245
39200.0	3000.0	2686.8685811310393	0.0	0	238.43915117973665	2886.868581131006	1	0	2	1.9362344492505459
40200.0	3000.0	2586.868581131039	0.0	0	226.9016656725289	2786.868581130999	1	0	2	1.9525890425757813
41200.0	3000.0	2486.8685811310283	0.0	0	132.0082006919256	2686.8685811309915	1	0	2	1.967330461809527
42200.0	3000.0	2386.868581131019	0.0	0	307.0751911808329	2586.868581130977	1	0	2	1.9803613222409508
43296.173793051006	3000.0	2181.0774087749037	0.0	0	0.0	2477.251201825864	1	0	2	1.9948478113897619
44200.0	3000.0	2186.868581131004	0.0	0	283.37572814548184	2386.868581130948	1	0	2	2.0038444212116753
45200.0	3000.0	2086.868581130989	0.0	0	296.82432150218665	2286.8685811309333	1	0	2	2.0136821183796396
46200.0	3000.0	1986.8685811309822	0.0	0	114.91109467023489	2186.868581130926	1	0	2	2.0233870074909595
47200.0	3000.0	1886.8685811309815	0.0	0	191.4169336209452	2086.868581130926	1	0	2	2.0313609544626616
48200.0	3000.0	1786.8685811309892	0.0	0	102.51222448943736	1986.8685811309333	1	0	2	2.0392742273702504
49200.0	3000.0	1686.8685811309863	0.0	0	221.93557514347776	1886.868581130926	1	0	2	2.045865774696613
50200.0	3000.0	1586.868581130985	0.0	0	513.4017196011118	1786.868581130926	1	0	2	2.051817112477804
51200.0	3000.0	1486.8685811309902	0.0	0	398.9772301645571	1686.8685811309479	1	0	2	2.057551288077528
52200.0	3000.0	1386.8685811309863	0.0	0	273.6270696789725	1586.8685811309406	1	0	2	2.0628745485021627
53200.0	3000.0	1286.868581130989	0.0	0	374.1864431126596	1486.8685811309479	1	0	2	2.0674501530341143
54200.0	3000.0	1186.8685811309847	0.0	0	372.6127892028162	1386.8685811309551	1	0	2	2.071678634080188
55200.0	3000.0	1186.8685811309863	0.0	0	286.5354322906278	1386.8685811309551	1	0	1	2.0731825848877588
56200.0	3000.0	1186.8685811309883	0.0	0	181.5244437633446	1386.8685811309551	1	0	1	2.273182584887759
57200.0	3000.0	1186.8685811309865	0.0	0	94.11425012151449	1386.8685811309551	1	0	1	2.273182584887759
58200.0	3000.0	1186.868581130987	0.0	0	290.4045146541539	1386.8685811309479	1	0	1	2.273182584887759
59200.0	3000.0	1186.868581130987	0.0	0	327.2432473856534	1386.8685811309479	1	0	1	2.273182584887759
60200.0	3000.0	1186.8685811309836	0.0	0	267.48115899293043	1386.8685811309479	1	0	1	2.273182584887759
61200.0	3000.0	1186.8685811309829	0.0	0	166.30439076675248	1386.8685811309479	1	0	1	2.273182584887759
62200.0	3000.0	1186.8685811309817	0.0	0	404.898788800303	1386.8685811309406	1	0	1	2.2731825848877594
63200.0	3000.0	1186.868581130986	0.0	0	501.3758406719717	1386.8685811309406	1	0	1	2.2731825848877594
64200.0	3000.0	1186.8685811309801	0.0	0	428.1484790199029	1386.8685811309406	1	0	1	2.2731825848877594
65234.44269005436	3000.0	1152.4258910766143	0.0	0	0.0	1386.8685811309406	1	0	1	2.2731825848877594
66200.0	3000.0	1186.868581130977	0.0	0	245.9519847164629	1386.8685811309479	1	0	1	2.2731825848877594
67200.0	3000.0	1186.8685811309704	0.0	0	506.21296053503465	1386.8685811309551	1	0	1	2.273182584887759
68200.0	3000.0	1186.868581130981	0.0	0	163.21679853188107	1386.8685811309551	1	0	1	2.273182584887759
69204.8464072954	3000.0	1182.0221738355685	0.0	0	0.0	1386.8685811309406	1	0	1	2.2731825848877594
70200.0	3000.0	1186.8685811309624	0.0	0	236.94036392416456	1386.8685811309406	1	0	1	2.2731825848877594
71200.0	3000.0	1186.868581130958	0.0	0	250.39825535716955	1386.8685811309406	1	0	1	2.2731825848877594
72200.0	3000.0	1186.8685811309545	0.0	0	383.8561936138576	1386.8685811309406	1	0	1	2.2731825848877594
73200.0	3000.0	1186.8685811309651	0.0	0	469.3945684069622	1386.8685811309406	1	0	1	2.2731825848877594
74200.0	3000.0	1186.868581130977	0.0	0	417.39971912119654	1386.8685811309406	1	0	1	2.2731825848877594
75200.0	3000.0	1186.868581130976	0.0	0	545.7047779120912	1386.8685811309406	1	0	1	2.2731825848877594
76200.0	3000.0	1186.868581130973	0.0	0	468.92687401449075	1386.8685811309406	1	0	1	2.2731825848877594
77200.0	3000.0	1186.8685811309747	0.0	0	410.61652942484943	1386.868581130926	1	0	1	2.27318258488776
78200.0	3000.0	1186.8685811309797	0.0	0	87.94967146358977	1386.8685811309406	1	0	1	2.2731825848877594
79200.0	3000.0	1186.868581130975	0.0	0	389.5755731588579	1386.8685811309406	1	0	1	2.2731825848877594
80200.0	3000.0	1186.868581130956	0.0	0	336.5252150338929	1386.8685811309406	1	0	1	2.2731825848877594
81206.28492974976	3000.0	1180.5836513812014	0.0	0	0.0	1386.8685811309406	1	0	1	2.2731825848877594
82200.0	3000.0	1186.868581130943	0.0	0	245.8947880701744	1386.8685811309406	1	0	1	2.2731825848877594
83200.0	3000.0	1186.8685811309394	0.0	0	429.1047170053498	1386.8685811309406	1	0	1	2.2731825848877594
84200.0	3000.0	1186.868581130933	0.0	0	566.7555395236559	1386.8685811309406	1	0	1	2.2731825848877594
85200.0	3000.0	1186.8685811309272	0.0	0	448.4849198303418	1386.8685811309406	1	0	1	2.2731825848877594
86200.0	3000.0	1186.8685811309385	0.0	0	420.3781108761905	1386.8685811309406	1	0	1	2.2731825848877594
87200.0	3000.0	1186.868581130944	0.0	0	217.23577322687197	1386.8685811309551	1	0	1	2.273182584887759
88200.0	3000.0	1186.8685811309365	0.0	0	433.98922455779393	1386.8685811309551	1	0	1	2.273182584887759
89200.0	3000.0	1186.8685811309226	0.0	0	149.46189117300673	1386.8685811309551	1	0	1	2.273182584887759
90200.0	3000.0	1186.8685811309256	0.0	0	455.1247106905648	1386.8685811309697	1	0	1	2.273182584887758
91200.0	3000.0	1186.8685811309401	0.0	0	635.5222621971188	1386.8685811309697	1	0	1	2.273182584887758
92200.0	3000.0	1186.8685811309324	0.0	0	260.76674760426977	1386.8685811309697	1	0	1	2.273182584887758
93200.0	3000.0	1186.868581130911	0.0	0	266.0679523988947	1386.8685811309697	1	0	1	2.273182584887758
94333.58709868893	3000.0	1053.2814824419656	0.0	0	0.0	1386.8685811309697	1	0	1	2.273182584887758
95200.0	3000.0	1186.8685811309033	0.0	0	20.0322762333235	1386.8685811309697	1	0	1	2.273182584887758
96200.0	3000.0	1186.8685811308926	0.0	0	214.68146698483906	1386.8685811309697	1	0	1	2.273182584887758
97389.98235404577	3000.0	996.8862270851203	0.0	0	0.0	1386.8685811309697	1	0	1	2.273182584887758
98200.0	3000.0	1186.8685811309063	0.0	0	91.77179536134645	1386.8685811309697	1	0	1	2.273182584887758
99227.41513925914	3000.0	1159.4534418717808	0.0	0	0.0	1386.8685811309697	1	0	1	2.273182584887758
100200.0	3000.0	1186.8685811309367	0.0	0	261.8108499103255	1386.8685811309551	1	0	1	2.273182584887759
101200.0	3000.0	1186.8685811309426	0.0	0	263.75029257233837	1386.8685811309551	1	0	1	2.273182584887759
102200.0	3000.0	1186.868581130938	0.0	0	294.9130964301148	1386.8685811309551	1	0	1	2.273182584887759
103478.96905371618	3000.0	907.8995274147571	0.0	0	0.0	1386.8685811309551	1	0	1	2.273182584887759
104342.5849521816	3000.0	1044.2836289493334	0.0	0	0.0	1386.8685811309551	1	0	1	2.273182584887759
105200.0	3000.0	1186.868581130919	0.0	0	311.32571888114035	1386.8685811309406	1	0	1	2.2731825848877594
106200.0	3000.0	1186.8685811309322	0.0	0	461.04192427812086	1386.868581130926	1	0	1	2.27318258488776
107200.0	3000.0	1186.8685811309283	0.0	0	463.4661800665781	1386.868581130926	1	0	1	2.27318258488776
108200.0	3000.0	1186.8685811309385	0.0	0	208.4268854840484	1386.868581130926	1	0	1	2.27318258488776
109235.59290483945	3000.0	1151.2756762914937	0.0	0	0.0	1386.868581130926	1	0	1	2.27318258488776
110200.0	3000.0	1186.8685811309535	0.0	0	104.91350454378698	1386.868581130926	1	0	1	2.27318258488776
111200.0	3000.0	1186.8685811309613	0.0	0	164.30499776091892	1386.8685811309406	1	0	1	2.2731825848877594
112200.0	3000.0	1186.8685811309676	0.0	0	231.8724347222451	1386.8685811309406	1	0	1	2.2731825848877594
113200.0	3000.0	1186.8685811309583	0.0	0	300.6625209394697	1386.8685811309406	1	0	1	2.2731825848877594
114200.0	3000.0	1186.8685811309654	0.0	0	184.0583931041183	1386.868581130926	1	0	1	2.27318258488776
115200.0	3000.0	1186.8685811309758	0.0	0	507.9059012564394	1386.868581130926	1	0	1	2.27318258488776
116200.0	3000.0	1186.868581130983	0.0	0	427.90359427237127	1386.8685811309406	1	0	1	2.2731825848877594
117200.0	3000.0	1186.8685811309897	0.0	0	562.2493338063359	1386.8685811309406	1	0	1	2.2731825848877594
118200.0	3000.0	1186.8685811309933	0.0	0	427.28529779674136	1386.868581130926	1	0	1	2.27318258488776
119300.23377319142	3000.0	1086.6348079395693	0.0	0	0.0	1386.868581130926	1	0	1	2.27318258488776
120200.0	3000.0	1186.8685811309936	0.0	0	146.48294013240957	1386.868581130926	1	0	1	2.27318258488776
121200.0	3000.0	1186.868581131	0.0	0	432.78924629952235	1386.868581130926	1	0	1	2.27318258488776
122290.89593503426	3000.0	1095.9726460967304	0.0	0	0.0	1386.868581130926	1	0	1	2.27318258488776
123200.0	3000.0	1186.8685811309983	0.0	0	296.6770750798314	1386.868581130926	1	0	1	2.27318258488776
124200.0	3000.0	1186.8685811309895	0.0	0	380.0500252830825	1386.868581130926	1	0	1	2.27318258488776
125200.0	3000.0	1186.868581130998	0.0	0	459.8203498942603	1386.8685811309115	1	0	1	2.2731825848877603
126200.0	3000.0	1186.8685811309988	0.0	0	5.743879644549452	1386.8685811309115	1	0	1	2.2731825848877603
127200.0	3000.0	1186.8685811310052	0.0	0	185.76089250820223	1386.8685811309115	1	0	1	2.2731825848877603
128200.0	3000.0	1186.8685811310033	0.0	0	173.00856538953667	1386.868581130897	1	0	1	2.273182584887761
129200.0	3000.0	1186.8685811309879	0.0	0	386.3939765100804	1386.868581130897	1	0	1	2.273182584887761
130200.0	3000.0	1186.868581130982	0.0	0	242.1730485025182	1386.868581130897	1	0	1	2.273182584887761
131200.0	3000.0	1186.868581130996	0.0	0	234.67894124650047	1386.8685811309115	1	0	1	2.2731825848877607
132200.0	3000.0	1186.8685811310127	0.0	0	186.1110207377351	1386.868581130926	1	0	1	2.27318258488776
133200.0	3000.0	1186.868581131005	0.0	0	206.46232784786844	1386.868581130926	1	0	1	2.27318258488776
134200.0	3000.0	1186.8685811309808	0.0	0	45.131405005813576	1386.868581130897	1	0	1	2.2731825848877603
135200.0	3000.0	1186.8685811309772	0.0	0	405.3380029677355	1386.8685811308678	1	0	1	2.273182584887762
136200.0	3000.0	1186.868581130953	0.0	0	314.2961023855023	1386.8685811308678	1	0	1	2.273182584887762
137200.0	3000.0	1186.868581130946	0.0	0	290.5155030002352	1386.8685811308387	1	0	1	2.2731825848877634
138200.0	3000.0	1186.8685811309283	0.0	0	196.60153279316728	1386.8685811308387	1	0	1	2.2731825848877634
139504.4380344572	3000.0	882.4305466737138	0.0	0	0.0	1386.8685811308678	1	0	1	2.273182584887762
140200.0	3000.0	1186.8685811309178	0.0	0	11.867541662039002	1386.8685811308678	1	0	1	2.273182584887762
141200.0	3000.0	1186.8685811309304	0.0	0	484.40169139389764	1386.8685811308678	1	0	1	2.273182584887762
142200.0	3000.0	1186.868581130925	0.0	0	543.0414226764115	1386.8685811308387	1	0	1	2.2731825848877634
143200.0	3000.0	1186.868581130924	0.0	0	579.7488272496848	1386.8685811308678	1	0	1	2.273182584887762
144200.0	3000.0	1186.8685811309033	0.0	0	495.95912077394314	1386.8685811308678	1	0	1	2.273182584887762
145200.0	3000.0	1186.8685811308826	0.0	0	118.52541588136228	1386.8685811308678	1	0	1	2.273182584887762
146200.0	3000.0	1186.8685811308642	0.0	0	452.3437809999741	1386.8685811308678	1	0	1	2.273182584887762
147200.0	3000.0	1186.8685811308562	0.0	0	228.61797507756273	1386.8685811308678	1	0	1	2.273182584887762
148200.0	3000.0	1186.8685811308774	0.0	0	400.00180020093103	1386.8685811308678	1	0	1	2.273182584887762
149200.0	3000.0	1186.8685811308683	0.0	0	381.73318513992126	1386.868581130897	1	0	1	2.273182584887761
150200.0	3000.0	1186.868581130876	0.0	0	250.6233564982249	1386.868581130897	1	0	1	2.273182584887761
151200.0	3000.0	1186.8685811308633	0.0	0	571.7918288702786	1386.868581130897	1	0	1	2.273182584887761
152200.0	3000.0	1186.8685811308644	0.0	0	429.757660545205	1386.868581130897	1	0	1	2.273182584887761
153200.0	3000.0	1186.86858113085	0.0	0	434.5203851516126	1386.868581130897	1	0	1	2.273182584887761
154200.0	3000.0	1186.8685811308226	0.0	0	280.6074535397929	1386.868581130897	1	0	1	2.273182584887761
155200.0	3000.0	1186.8685811308223	0.0	0	345.7551426666323	1386.868581130897	1	0	1	2.273182584887761
156200.0	3000.0	1186.8685811308035	0.0	0	349.6260619047389	1386.868581130897	1	0	1	2.273182584887761
157200.0	3000.0	1186.8685811308067	0.0	0	71.67454195561004	1386.868581130897	1	0	1	2.273182584887761
158200.0	3000.0	1186.868581130808	0.0	0	400.2467759641877	1386.868581130897	1	0	1	2.273182584887761
159200.0	3000.0	1186.8685811308399	0.0	0	585.7614292856306	1386.868581130897	1	0	1	2.273182584887761
160200.0	3000.0	1186.8685811308476	0.0	0	423.4925562912831	1386.868581130926	1	0	1	2.27318258488776
161200.0	3000.0	1186.8685811308383	0.0	0	590.8307786944788	1386.868581130926	1	0	1	2.27318258488776
162200.0	3000.0	1186.868581130832	0.0	0	558.6864887019619	1386.868581130926	1	0	1	2.27318258488776
163266.0716250015	3000.0	1120.796956129359	0.0	0	0.0	1386.868581130897	1	0	1	2.273182584887761
164200.0	3000.0	1186.8685811308774	0.0	0	168.24844389935606	1386.868581130897	1	0	1	2.273182584887761
165233.22961020234	3000.0	1153.6389709285488	0.0	0	0.0	1386.868581130926	1	0	1	2.2731825848877603
166200.0	3000.0	1186.8685811308978	0.0	0	574.5598951907014	1386.868581130926	1	0	1	2.27318258488776
167200.0	3000.0	1186.8685811308615	0.0	0	508.365829317685	1386.868581130926	1	0	1	2.27318258488776
168200.0	3000.0	1186.8685811308462	0.0	0	499.6541992095008	1386.868581130926	1	0	1	2.27318258488776
169200.0	3000.0	1186.868581130869	0.0	0	542.9827151341306	1386.868581130926	1	0	1	2.27318258488776
170200.0	3000.0	1186.8685811308676	0.0	0	441.9866184114362	1386.868581130926	1	0	1	2.27318258488776
171200.0	3000.0	1186.868581130865	0.0	0	479.6920056762465	1386.868581130926	1	0	1	2.27318258488776
172200.0	3000.0	1186.8685811308674	0.0	0	216.23208800822613	1386.8685811309551	1	0	1	2.273182584887759
173200.0	3000.0	1186.868581130865	0.0	0	537.159314299206	1386.8685811309551	1	0	1	2.273182584887759
174200.0	3000.0	1186.8685811308833	0.0	0	467.8330974022683	1386.8685811309551	1	0	1	2.273182584887759
175200.0	3000.0	1186.8685811308933	0.0	0	425.6961452109681	1386.8685811309551	1	0	1	2.273182584887759
176353.75054297774	6000.0	1033.1180381531635	0.0	0	0.0	1386.8685811309842	1	0	1	2.273182584887757
177271.12606130887	6000.0	1115.7425198220508	0.0	0	0.0	1386.8685811309551	1	0	1	2.966329765447703
178330.31029821665	6000.0	1056.558282914275	0.0	0	0.0	1386.8685811309551	1	0	1	2.9663297654477034
179669.0101090039	6000.0	717.8584721270252	0.0	0	0.0	1386.8685811309551	1	0	1	2.9663297654477034
180200.0	3000.0	1186.8685811308992	0.0	0	57.792884901340585	1386.8685811309551	1	0	1	1.5800354043278135
181200.0	3000.0	1186.8685811309017	0.0	0	307.9415771670174	1386.8685811309551	1	0	1	2.273182584887759
182200.0	3000.0	1186.8685811309292	0.0	0	529.5730905307573	1386.8685811309551	1	0	1	2.273182584887759
183402.88242306546	6000.0	983.9861580654657	0.0	0	0.0	1386.8685811309842	1	0	1	2.273182584887757
184200.0	3000.0	1186.8685811309265	0.0	0	347.1019268773962	1386.8685811309842	1	0	1	1.5800354043278124
185200.0	3000.0	1186.8685811309192	0.0	0	483.9484711114783	1386.8685811309551	1	0	1	2.273182584887759
186200.0	3000.0	1186.8685811309426	0.0	0	69.33371989859734	1386.8685811309842	1	0	1	2.273182584887757
187200.0	3000.0	1186.8685811309651	0.0	0	423.74784611418727	1386.8685811309842	1	0	1	2.273182584887757
188200.0	3000.0	1186.8685811309592	0.0	0	209.3241178043827	1386.8685811309842	1	0	1	2.273182584887757
189200.0	3000.0	1186.8685811309483	0.0	0	58.44086417584913	1386.8685811309842	1	0	1	2.273182584887757
190200.0	3000.0	1186.8685811309545	0.0	0	250.3378817992634	1386.8685811309842	1	0	1	2.273182584887757
191295.26909991496	3000.0	1091.599481215977	0.0	0	0.0	1386.8685811309551	1	0	1	2.273182584887759
192297.98393951857	3000.0	1088.884641612387	0.0	0	0.0	1386.868581130926	1	0	1	2.2731825848877594
193200.0	3000.0	1186.8685811309444	0.0	0	153.79291297041345	1386.868581130926	1	0	1	2.27318258488776
194200.0	3000.0	1186.8685811309697	0.0	0	482.92669572430896	1386.8685811309551	1	0	1	2.273182584887759
195200.0	3000.0	1186.8685811309817	0.0	0	142.7230673749291	1386.8685811309551	1	0	1	2.273182584887759
196200.0	3000.0	1186.8685811309556	0.0	0	434.72981586202513	1386.8685811309551	1	0	1	2.273182584887759
197200.0	3000.0	1186.8685811309472	0.0	0	350.724374047888	1386.8685811309842	1	0	1	2.273182584887757
198200.0	3000.0	1186.8685811309044	0.0	0	549.769049231516	1386.8685811309842	1	0	1	2.273182584887757
199200.0	3000.0	1186.8685811308726	0.0	0	514.7381671472685	1386.8685811309842	1	0	1	2.273182584887757
200200.0	3000.0	1186.8685811308508	0.0	0	426.88996740203584	1386.8685811309842	1	0	1	2.273182584887757
201200.0	3000.0	1186.868581130845	0.0	0	414.78006679404643	1386.8685811309842	1	0	1	2.273182584887757
202200.0	3000.0	1186.8685811308278	0.0	0	46.41339244574192	1386.8685811309551	1	0	1	2.273182584887758
203200.0	3000.0	1186.8685811308005	0.0	0	185.52768856997136	1386.8685811309551	1	0	1	2.273182584887759
204200.0	3000.0	1186.8685811308153	0.0	0	113.53517168041435	1386.8685811309551	1	0	1	2.273182584887759
205200.0	3000.0	1186.8685811308355	0.0	0	292.0082807603467	1386.8685811309551	1	0	1	2.273182584887759
206200.0	3000.0	1186.8685811308217	0.0	0	359.16383416298777	1386.8685811309551	1	0	1	2.273182584887759
207200.0	3000.0	1186.8685811308287	0.0	0	440.78978050261503	1386.8685811309551	1	0	1	2.273182584887759
208200.0	3000.0	1186.8685811308421	0.0	0	159.68473538089893	1386.8685811309551	1	0	1	2.273182584887759
209200.8920798977	3000.0	1185.9765012331222	0.0	0	0.0	1386.8685811309551	1	0	1	2.273182584887759
210200.0	3000.0	1186.8685811308283	0.0	0	321.6618159316422	1386.8685811309551	1	0	1	2.273182584887759
211200.0	3000.0	1186.868581130806	0.0	0	330.8156665167189	1386.868581130926	1	0	1	2.27318258488776
212200.0	3000.0	1186.8685811308071	0.0	0	441.83112507566693	1386.868581130926	1	0	1	2.27318258488776
213200.0	3000.0	1186.8685811307987	0.0	0	467.86619533839985	1386.868581130926	1	0	1	2.27318258488776
214200.0	3000.0	1186.868581130821	0.0	0	208.86674476540065	1386.868581130926	1	0	1	2.27318258488776
215200.0	3000.0	1186.8685811307994	0.0	0	260.97337778436486	1386.868581130897	1	0	1	2.273182584887761
216200.0	3000.0	1186.8685811307914	0.0	0	241.77405794226797	1386.868581130897	1	0	1	2.273182584887761
217200.0	3000.0	1186.868581130794	0.0	0	60.7115191508783	1386.868581130926	1	0	1	2.27318258488776
218379.9155940169	3000.0	1006.9529871138876	0.0	0	0.0	1386.8685811309551	1	0	1	2.273182584887759
219200.0	3000.0	1186.8685811307887	0.0	0	205.67700893289293	1386.8685811309551	1	0	1	2.273182584887759
220200.0	3000.0	1186.8685811308192	0.0	0	151.4688726425229	1386.8685811309842	1	0	1	2.273182584887757
221200.0	3000.0	1186.8685811307926	0.0	0	403.34883709883434	1386.8685811309842	1	0	1	2.273182584887757
222200.0	3000.0	1186.8685811307978	0.0	0	385.8562477421365	1386.8685811309842	1	0	1	2.273182584887757
223200.0	3000.0	1186.8685811308128	0.0	0	292.51886658839067	1386.8685811310133	1	0	1	2.2731825848877563
224200.0	3000.0	1186.8685811308146	0.0	0	459.72144804216805	1386.8685811310424	1	0	1	2.2731825848877554
225200.0	3000.0	1186.8685811307992	0.0	0	427.517127669591	1386.8685811310424	1	0	1	2.2731825848877554
226200.0	3000.0	1186.868581130792	0.0	0	160.69220470724395	1386.8685811310424	1	0	1	2.2731825848877554
227200.0	3000.0	1186.8685811307773	0.0	0	86.22766554355621	1386.8685811309842	1	0	1	2.2731825848877567
228200.0	3000.0	1186.8685811307826	0.0	0	420.05860815834603	1386.8685811310133	1	0	1	2.2731825848877563
229200.0	3000.0	1186.86858113081	0.0	0	316.83232060988666	1386.8685811310424	1	0	1	2.2731825848877554
230257.50457490946	3000.0	1129.3640062213337	0.0	0	0.0	1386.8685811310424	1	0	1	2.2731825848877554
231200.0	3000.0	1186.8685811307803	0.0	0	145.88076942338375	1386.8685811310133	1	0	1	2.2731825848877563
232200.0	3000.0	1186.8685811307498	0.0	0	602.7500410691719	1386.8685811310133	1	0	1	2.2731825848877563
233200.0	3000.0	1186.8685811307807	0.0	0	547.6777337793028	1386.8685811310133	1	0	1	2.2731825848877563
234200.0	3000.0	1186.8685811307655	0.0	0	367.200405721087	1386.8685811310133	1	0	1	2.2731825848877563
235200.0	3000.0	1186.8685811308055	0.0	0	307.88762982582557	1386.8685811310424	1	0	1	2.2731825848877554
236200.0	3000.0	1186.868581130822	0.0	0	31.789574640628416	1386.8685811310424	1	0	1	2.2731825848877554
237200.0	3000.0	1186.8685811308035	0.0	0	306.6526772600191	1386.8685811310424	1	0	1	2.2731825848877554
238200.0	3000.0	1186.8685811308171	0.0	0	425.586310508108	1386.8685811310424	1	0	1	2.2731825848877554
239200.0	3000.0	1186.8685811307791	0.0	0	481.5016356053238	1386.8685811310424	1	0	1	2.2731825848877554
240200.0	3000.0	1186.8685811307762	0.0	0	452.86352973489556	1386.8685811310716	1	0	1	2.273182584887754
241200.0	3000.0	1186.8685811308076	0.0	0	427.9535063217918	1386.8685811310716	1	0	1	2.273182584887754
242376.4044052104	3000.0	1010.4641759203996	0.0	0	0.0	1386.8685811311007	1	0	1	2.2731825848877527
243380.07612416553	3000.0	1006.792456965281	0.0	0	0.0	1386.8685811310716	1	0	1	2.273182584887754
244236.51985389905	3000.0	1150.3487272317439	0.0	0	0.0	1386.8685811310716	1	0	1	2.273182584887754
245200.0	3000.0	1186.8685811307864	0.0	0	240.22239867589087	1386.8685811310716	1	0	1	2.273182584887754
246237.14749623317	3000.0	1149.7210848976147	0.0	0	0.0	1386.8685811310716	1	0	1	2.273182584887754
247200.0	3000.0	1186.868581130772	0.0	0	368.1071869088046	1386.8685811310716	1	0	1	2.273182584887754
248200.0	3000.0	1186.8685811307855	0.0	0	21.33353866924881	1386.8685811310716	1	0	1	2.273182584887754
249200.0	3000.0	1186.8685811307903	0.0	0	318.38151121058036	1386.8685811310716	1	0	1	2.273182584887754
250291.09865525636	3000.0	1095.7699258744256	0.0	0	0.0	1386.8685811310716	1	0	1	2.273182584887754
251200.0	3000.0	1186.8685811307896	0.0	0	120.93461598060094	1386.8685811311007	1	0	1	2.2731825848877527
252446.40919884216	3000.0	940.4593822886326	0.0	0	0.0	1386.8685811311298	1	0	1	2.273182584887752
253368.02039776224	3000.0	1018.8481833685382	0.0	0	0.0	1386.8685811311007	1	0	1	2.2731825848877527
254200.0	3000.0	1186.8685811307823	0.0	0	87.44688030629186	1386.8685811311007	1	0	1	2.2731825848877527
255200.0	3000.0	1186.8685811308073	0.0	0	366.9288957580284	1386.8685811311298	1	0	1	2.273182584887752
256200.0	3000.0	1186.8685811308244	0.0	0	437.24536834441824	1386.8685811311589	1	0	1	2.273182584887751
257200.0	3000.0	1186.868581130856	0.0	0	172.13166649028426	1386.8685811311589	1	0	1	2.273182584887751
258434.4619398963	3000.0	952.4066412345632	0.0	0	0.0	1386.8685811311589	1	0	1	2.273182584887751
259379.7801315765	3000.0	1007.0884495543751	0.0	0	0.0	1386.868581131188	1	0	1	2.27318258488775
260200.0	3000.0	1186.8685811309012	0.0	0	108.70722962589934	1386.868581131188	1	0	1	2.2731825848877496
261200.0	3000.0	1186.8685811309156	0.0	0	276.0477828599978	1386.8685811311589	1	0	1	2.273182584887751
262200.0	3000.0	1186.8685811309322	0.0	0	381.7213530933368	1386.8685811311589	1	0	1	2.273182584887751
263200.0	3000.0	1186.86858113088	0.0	0	137.21427439618856	1386.8685811311007	1	0	1	2.273182584887752
264200.0	3000.0	1186.8685811308874	0.0	0	354.32649206148926	1386.8685811311007	1	0	1	2.273182584887753
265200.0	3000.0	1186.8685811308383	0.0	0	514.0483564968454	1386.8685811310424	1	0	1	2.2731825848877554
266200.0	3000.0	1186.8685811307957	0.0	0	659.6599801173434	1386.8685811309842	1	0	1	2.273182584887757
267200.0	3000.0	1186.8685811308078	0.0	0	501.1258670850657	1386.8685811309842	1	0	1	2.273182584887757
268412.32275016763	3000.0	974.5458309631779	0.0	0	0.0	1386.8685811309842	1	0	1	2.273182584887757
269200.0	3000.0	1186.8685811308355	0.0	0	231.36990967567544	1386.8685811309842	1	0	1	2.273182584887757
270200.0	3000.0	1186.8685811308267	0.0	0	433.7632803945453	1386.868581130926	1	0	1	2.27318258488776
271200.0	3000.0	1186.8685811308535	0.0	0	241.68872403388377	1386.8685811309842	1	0	1	2.273182584887757
272200.0	3000.0	1186.8685811308983	0.0	0	148.496855542704	1386.8685811310424	1	0	1	2.2731825848877554
273200.0	3000.0	1186.8685811309388	0.0	0	319.0782796483254	1386.8685811310424	1	0	1	2.2731825848877554
274200.0	3000.0	1186.8685811309292	0.0	0	483.1315242756973	1386.8685811309842	1	0	1	2.273182584887757
275200.0	3000.0	1186.8685811309485	0.0	0	126.22647891798988	1386.868581130926	1	0	1	2.27318258488776
276200.0	3000.0	1186.8685811309972	0.0	0	459.76887466659537	1386.868581130926	1	0	1	2.27318258488776
277200.0	3000.0	1186.8685811309379	0.0	0	407.77973007416585	1386.868581130926	1	0	1	2.27318258488776
278200.0	3000.0	1186.8685811309324	0.0	0	296.47225921507925	1386.868581130926	1	0	1	2.27318258488776
279200.0	3000.0	1186.868581130963	0.0	0	243.17702016152907	1386.868581130926	1	0	1	2.27318258488776
280200.0	3000.0	1186.868581130933	0.0	0	34.348336810129695	1386.8685811308678	1	0	1	2.2731825848877607
281200.0	3000.0	1186.8685811309663	0.0	0	288.39405050477944	1386.8685811308096	1	0	1	2.2731825848877643
282200.0	3000.0	1186.8685811309438	0.0	0	274.2524260620703	1386.8685811308678	1	0	1	2.273182584887762
283200.0	3000.0	1186.8685811309902	0.0	0	39.330920228152536	1386.8685811308678	1	0	1	2.273182584887762
284200.0	3000.0	1186.8685811309906	0.0	0	563.8374666579766	1386.8685811308678	1	0	1	2.273182584887762
285200.0	3000.0	1186.868581131013	0.0	0	381.3167040597182	1386.8685811308678	1	0	1	2.273182584887762
286490.2096199879	3000.0	896.6589611431009	0.0	0	0.0	1386.8685811308678	1	0	1	2.273182584887762
287655.1462935114	3000.0	731.7222876195607	0.0	0	0.0	1386.8685811308096	1	0	1	2.2731825848877643
289031.1009815273	3000.0	355.76759960362347	0.0	0	0.0	1386.8685811307514	1	0	1	2.2731825848877647
289564.9890737992	3000.0	821.8795073316331	0.0	0	0.0	1386.8685811306932	1	0	1	2.2731825848877687
290200.0	3000.0	1186.86858113084	0.0	0	143.60747458261903	1386.868581130635	1	0	1	2.273182584887771
291200.0	3000.0	1186.8685811308644	0.0	0	386.2452165399445	1386.868581130635	1	0	1	2.273182584887771
292200.0	3000.0	1186.8685811308362	0.0	0	589.751122639922	1386.868581130635	1	0	1	2.273182584887771
293200.0	3000.0	1186.8685811308376	0.0	0	447.9800218035816	1386.868581130635	1	0	1	2.273182584887771
294200.0	3000.0	1186.8685811309397	0.0	0	37.331695782602765	1386.8685811306932	1	0	1	2.2731825848877687
295200.0	3000.0	1186.868581130869	0.0	0	355.4222092702985	1386.8685811306932	1	0	1	2.2731825848877687
296200.0	3000.0	1186.868581130872	0.0	0	475.00921108265175	1386.868581130635	1	0	1	2.273182584887771
297200.0	3000.0	1186.8685811308385	0.0	0	60.8958732400788	1386.868581130635	1	0	1	2.273182584887771
298251.8598624128	3000.0	1135.008718718078	0.0	0	0.0	1386.868581130635	1	0	1	2.273182584887771
299200.0	3000.0	1186.8685811309688	0.0	0	282.7592064194614	1386.8685811306932	1	0	1	2.2731825848877687
300200.0	3000.0	1186.8685811309783	0.0	0	400.1094666943536	1386.8685811306932	1	0	1	2.2731825848877687
4.5852765957446815	2.281276595744681	4.549276595744681	6.025276595744682	6.661276595744681	5.725276595744681	6.301276595744681	3.397276595744681	3.0132765957446814	3.157276595744681	6.145276595744681	8.71327659574468	6.613276595744681	7.705276595744681	7.34527659574468	4.645276595744681	5.197276595744681	5.377276595744681	8.24527659574468	6.757276595744681	5.185276595744681	8.089276595744682	7.34527659574468	4.729276595744682	5.461276595744681	5.689276595744682	6.661276595744681	3.745276595744681	6.325276595744682	8.401276595744681	3.7932765957446812	4.753276595744681	3.745276595744681	4.273276595744681	4.009276595744681	3.3612765957446813	3.517276595744681	3.8772765957446813	4.945276595744681	3.9492765957446814	4.597276595744681	3.709276595744681	4.86127659574468	7.549276595744681	5.629276595744681	4.057276595744681	3.9	4.84	4.15	3.99	3.67	4.24	4.17	3.83	4.67	5.8	6.02	4.55	3.7	3.73	4.88	4.54	2.61	4.2	4.45	5.38	6.75	5.83	5.14	7.01	4.32	3.51	4.76	4.82	3.94	3.96	5.93	7.61	5.65	5.62	4.0	4.3	4.63	7.21	7.85	4.43	3.32	2.66	4.84	3.64	2.49	4.114380952380953	3.8863809523809527	4.498380952380952	3.3223809523809527	3.9223809523809527	2.6143809523809525	3.8263809523809527	5.1943809523809525	5.950380952380952	6.478380952380952	3.4063809523809527	2.3383809523809527	3.3343809523809527	3.9463809523809523	4.618380952380953	6.034380952380952	4.822380952380953	5.158380952380952	6.826380952380953	9.682380952380953	9.766380952380953	2.578380952380953	4.414380952380953	4.582380952380952	3.2743809523809526	3.8503809523809527	6.070380952380953	5.290380952380953	3.466380952380953	4.534380952380952	4.030380952380953	5.602380952380952	4.054380952380952	3.490380952380953	4.342380952380952	4.438380952380952	3.8863809523809527	5.1463809523809525	6.250380952380953	3.2503809523809526	3.1783809523809525	2.3863809523809527	2.925125	4.473125	6.5131250000000005	9.285125	7.989125	3.4531250000000004	4.3771249999999995	5.301125000000001	4.317125	3.8011250000000008	3.9331249999999995	6.8371249999999995	5.001125	3.9571250000000004	5.001125	5.625125	3.157276595744681	4.5852765957446815	2.281276595744681	4.549276595744681	6.025276595744682	6.661276595744681	5.725276595744681	6.301276595744681	3.397276595744681	3.0132765957446814	3.157276595744681	6.145276595744681	8.71327659574468	6.613276595744681	7.705276595744681	7.34527659574468	4.645276595744681	5.197276595744681	5.377276595744681	8.24527659574468	6.757276595744681	5.185276595744681	8.089276595744682	7.34527659574468	4.729276595744682	5.461276595744681	5.689276595744682	6.661276595744681	3.745276595744681	6.325276595744682	8.401276595744681	3.7932765957446812	4.753276595744681	3.745276595744681	4.273276595744681	4.009276595744681	3.3612765957446813	3.517276595744681	3.8772765957446813	4.945276595744681	3.9492765957446814	4.597276595744681	3.709276595744681	4.86127659574468	7.549276595744681	5.629276595744681	4.057276595744681	3.9	4.84	4.15	3.99	3.67	4.24	4.17	3.83	4.67	5.8	6.02	4.55	3.7	3.73	4.88	4.54	2.61	4.2	4.45	5.38	6.75	5.83	5.14	7.01	4.32	3.51	4.76	4.82	3.94	3.96	5.93	7.61	5.65	5.62	4.0	4.3	4.63	7.21	7.85	4.43	3.32	2.66	4.84	3.64	2.49	4.114380952380953	3.8863809523809527	4.498380952380952	3.3223809523809527	3.9223809523809527	2.6143809523809525	3.8263809523809527	5.1943809523809525	5.950380952380952	6.478380952380952	3.4063809523809527	2.3383809523809527	3.3343809523809527	3.9463809523809523	4.618380952380953	6.034380952380952	4.822380952380953	5.158380952380952	6.826380952380953	9.682380952380953	9.766380952380953	2.578380952380953	4.414380952380953	4.582380952380952	3.2743809523809526	3.8503809523809527	6.070380952380953	5.290380952380953	3.466380952380953	4.534380952380952	4.030380952380953	5.602380952380952	4.054380952380952	3.490380952380953	4.342380952380952	4.438380952380952	3.8863809523809527	5.1463809523809525	6.250380952380953	3.2503809523809526	3.1783809523809525	2.3863809523809527	2.925125	4.473125	6.5131250000000005	9.285125	7.989125	3.4531250000000004	4.3771249999999995	5.301125000000001	4.317125	3.8011250000000008	3.9331249999999995	6.8371249999999995	5.001125	3.9571250000000004
1.0	2.0	3.0	4.0	5.0	6.0	7.0	8.0	9.0	10.0	11.0	12.0	13.0	14.0	15.0	16.0	17.0	18.0	19.0	20.0	21.0	22.0	23.0	24.0	25.0	26.0	27.0	28.0	29.0	30.0	31.0	32.0	33.0	34.0	35.0	36.0	37.0	38.0	39.0	40.0	41.0	42.0	43.0	44.0	45.0	46.0	47.0	48.0	49.0	50.0	51.0	52.0	53.0	54.0	55.0	56.0	57.0	58.0	59.0	60.0	61.0	62.0	63.0	64.0	65.0	66.0	67.0	68.0	69.0	70.0	71.0	72.0	73.0	74.0	75.0	76.0	77.0	78.0	79.0	80.0	81.0	82.0	83.0	84.0	85.0	86.0	87.0	88.0	89.0	90.0	91.0	92.0	93.0	94.0	95.0	96.0	97.0	98.0	99.0	100.0	101.0	102.0	103.0	104.0	105.0	106.0	107.0	108.0	109.0	110.0	111.0	112.0	113.0	114.0	115.0	116.0	117.0	118.0	119.0	120.0	121.0	122.0	123.0	124.0	125.0	126.0	127.0	128.0	129.0	130.0	131.0	132.0	133.0	134.0	135.0	136.0	137.0	138.0	139.0	140.0	141.0	142.0	143.0	144.0	145.0	146.0	147.0	148.0	149.0	149.0	150.0	151.0	152.0	153.0	154.0	155.0	156.0	157.0	158.0	159.0	160.0	161.0	162.0	163.0	164.0	165.0	166.0	167.0	168.0	169.0	170.0	171.0	172.0	173.0	174.0	175.0	176.0	177.0	178.0	179.0	180.0	181.0	182.0	183.0	184.0	185.0	186.0	187.0	188.0	189.0	190.0	191.0	192.0	193.0	194.0	195.0	196.0	197.0	198.0	199.0	200.0	201.0	202.0	203.0	204.0	205.0	206.0	207.0	208.0	209.0	210.0	211.0	212.0	213.0	214.0	215.0	216.0	217.0	218.0	219.0	220.0	221.0	222.0	223.0	224.0	225.0	226.0	227.0	228.0	229.0	230.0	231.0	232.0	233.0	234.0	235.0	236.0	237.0	238.0	239.0	240.0	241.0	242.0	243.0	244.0	245.0	246.0	247.0	248.0	249.0	250.0	251.0	252.0	253.0	254.0	255.0	256.0	257.0	258.0	259.0	260.0	261.0	262.0	263.0	264.0	265.0	266.0	267.0	268.0	269.0	270.0	271.0	272.0	273.0	274.0	275.0	276.0	277.0	278.0	279.0	280.0	281.0	282.0	283.0	284.0	285.0	286.0	287.0	288.0	289.0	290.0	291.0	292.0	293.0	294.0	295.0	296.0
5979.477547547132
