3985.5754554384366	300.0	2000.0	208.3864362132839	0	0.0	3985.5754554384366	1	0	1	-1.6443504378010494
4553.308647481144	1000.0	2432.2668079572927	0.0	0	0.0	3985.5754554384366	1	0	1	0.20342885661912447
5288.705728582873	2000.0	2623.3300187453906	0.0	0	0.0	3912.035747328263	1	0	2	1.3595654637437287
5984.945244359243	2000.0	2857.4665513913847	0.0	0	0.0	3842.4117957506273	1	0	2	2.259721464107093
6763.995102748786	2000.0	3000.5117071628856	0.0	0	0.0	3764.5068099116716	1	0	2	2.2670746724748057
8446.96283904291	2000.0	2149.2471972393505	0.0	0	0.0	3596.2100362822603	1	0	2	2.2811596353027745
9756.856446973792	2000.0	1708.36422851538	0.0	0	0.0	3465.2206754891713	1	0	2	2.2958435851141576
11177.283587867516	2000.0	1145.8943735322823	0.0	0	0.0	3323.177961399797	1	0	2	2.3099226036492166
11643.095258569458	1000.0	1633.5015357601449	0.0	0	0.0	3276.596794329602	1	0	2	0.584045674314077
12521.666310620962	2000.0	1754.930483708641	0.0	0	0.0	3276.596794329602	1	0	1	1.6248731173359168
13292.993450810145	2000.0	1983.6033435194572	0.0	0	0.0	3276.596794329602	1	0	1	2.518020297895862
14682.632059171277	2000.0	1455.000874322213	0.0	0	0.0	3137.632933493487	1	0	2	2.127860546672267
15407.140403467192	1000.0	1658.041695596707	0.0	0	0.0	3065.182099063897	1	0	2	0.6045410554079949
16237.05298452198	1000.0	1745.1378564364413	0.0	0	0.0	2982.190840958421	1	0	2	1.3056591013178147
17265.87402592361	1000.0	1613.4347108946429	0.0	0	0.0	2879.3087368182532	1	0	2	1.3155976456431198
17883.675190179358	1000.0	1933.853430213323	0.0	0	0.0	2817.5286203926808	1	0	2	1.3227914504162412
19567.942125217858	2000.0	1249.5864951748251	0.0	0	0.0	2817.5286203926808	1	0	1	1.6707799347296088
20485.53533711898	1000.0	1331.9932832737054	0.0	0	0.0	2817.5286203926808	1	0	1	0.831059163889691
21772.54181732306	1000.0	1044.9868030696277	0.0	0	0.0	2817.5286203926808	1	0	1	1.5242063444496363
22793.17673584216	1000.0	1024.3518845505296	0.0	0	0.0	2817.5286203926808	1	0	1	1.5242063444496363
23676.11156653791	1000.0	1141.4170538547778	0.0	0	0.0	2817.5286203926808	1	0	1	1.5242063444496363
24155.73979732501	1000.0	1661.788823067679	0.0	0	0.0	2817.5286203926808	1	0	1	1.5242063444496363
25094.74093143205	2000.0	1722.7876889606423	0.0	0	0.0	2817.5286203926808	1	0	1	1.870779934729609
25741.18779563563	2000.0	2076.34082475706	0.0	0	0.0	2817.5286203926844	1	0	1	2.5639271152895535
26803.734666928005	2000.0	2013.7939534646878	0.0	0	0.0	2817.5286203926844	1	0	1	2.5639271152895535
27816.313405233363	2000.0	1899.9573413287978	0.0	0	0.0	2716.2707465621497	1	0	2	2.171532443303521
28963.456355878632	2000.0	1638.1000956189991	0.0	0	0.0	2601.556451497625	1	0	2	2.3828651118274156
30241.717768783175	2000.0	1359.8386827144545	0.0	0	0.0	2601.556451497625	1	0	1	2.385524332179059
30945.85501281524	1000.0	1655.701438682389	0.0	0	0.0	2601.556451497625	1	0	1	0.8526563807791967
31624.397477641134	1000.0	1977.1589738564921	0.0	0	0.0	2601.556451497625	1	0	1	1.5458035613391419
32205.00231187818	1000.0	2396.554139619444	0.0	0	0.0	2601.5564514976213	1	0	1	1.545803561339142
34042.52783812016	2000.0	1375.276060753255	0.0	0	0.0	2417.8038988734115	1	0	2	1.506718366915452
34538.16744876556	1000.0	1830.072489043313	0.0	0	0.0	2368.239937808874	1	0	2	0.6747951387988879
35784.01796363135	2000.0	1584.2219741775325	0.0	0	0.0	2368.239937808881	1	0	1	1.7157088029879888
36700.432425408	1000.0	1667.8075124008853	0.0	0	0.0	2368.239937808881	1	0	1	0.8759880321480709
37508.16794689808	1000.0	1860.0719909108034	0.0	0	0.0	2368.239937808881	1	0	1	1.569135212708016
38480.744035049414	2000.0	1887.495902759476	0.0	0	0.0	2368.239937808881	1	0	1	1.915708802987989
40150.270610390595	2000.0	1217.9693274182966	0.0	0	0.0	2368.239937808881	1	0	1	2.608855983547934
41004.75766748823	1000.0	1363.4822703206605	0.0	0	0.0	2368.239937808881	1	0	1	0.8759880321480709
42044.48790660875	2000.0	1323.752031200132	0.0	0	0.0	2368.239937808881	1	0	1	1.915708802987989
42704.41562702803	2000.0	1663.8243107808514	0.0	0	0.0	2368.239937808881	1	0	1	2.608855983547934
43451.186813197426	2000.0	1917.053124611448	0.0	0	0.0	2368.239937808881	1	0	1	2.608855983547934
44202.60406733315	2000.0	2165.6358704757167	0.0	0	0.0	2368.239937808881	1	0	1	2.608855983547934
45846.6829994266	2000.0	1521.5569383822753	0.0	0	0.0	2368.239937808881	1	0	1	2.608855983547934
46788.771082727864	1000.0	1579.4688550810101	0.0	0	0.0	2368.239937808881	1	0	1	0.8759880321480709
47804.33546189117	1000.0	1563.9044759177116	0.0	0	0.0	2368.239937808881	1	0	1	1.569135212708016
48353.453696295226	1000.0	2014.786241513652	0.0	0	0.0	2368.239937808881	1	0	1	1.569135212708016
49675.69790900366	2000.0	1692.54202880522	0.0	0	0.0	2368.239937808874	1	0	1	1.9157088029879894
51144.13516335849	2000.0	1224.1047744503965	0.0	0	0.0	2368.239937808874	1	0	1	2.608855983547935
51868.7447837298	1000.0	1499.4951540790778	0.0	0	0.0	2368.239937808874	1	0	1	0.8759880321480717
52982.07438589898	2000.0	1386.1655519099024	0.0	0	0.0	2368.239937808874	1	0	1	1.9157088029879894
54155.12506811253	2000.0	1213.1148696963542	0.0	0	0.0	2368.239937808874	1	0	1	2.608855983547935
54949.28305587429	1000.0	1418.9568819345923	0.0	0	0.0	2368.239937808874	1	0	1	0.8759880321480717
55895.98392449782	1000.0	1472.2560133110726	0.0	0	0.0	2368.239937808874	1	0	1	1.569135212708017
56422.80877016295	1000.0	1945.4311676459513	0.0	0	0.0	2368.239937808874	1	0	1	1.569135212708017
57471.52078133309	2000.0	1896.7191564758077	0.0	0	0.0	2368.239937808874	1	0	1	1.9157088029879894
58749.07665558377	2000.0	1619.1632822251377	0.0	0	0.0	2368.239937808874	1	0	1	2.608855983547935
59596.69157835428	2000.0	1771.5483594546297	0.0	0	0.0	2368.239937808881	1	0	1	2.608855983547934
61055.817694471254	2000.0	1312.4222433376576	0.0	0	0.0	2368.2399378088885	1	0	1	2.608855983547933
62116.095172409645	2000.0	1252.14476539926	0.0	0	0.0	2368.2399378088885	1	0	1	2.608855983547933
62984.340122071415	1000.0	1383.8998157374901	0.0	0	0.0	2368.2399378088885	1	0	1	0.8759880321480703
63704.13088650837	1000.0	1664.1090513005317	0.0	0	0.0	2368.2399378088885	1	0	1	1.5691352127080154
65004.62776545622	2000.0	1363.6121723526776	0.0	0	0.0	2368.2399378088885	1	0	1	1.9157088029879878
66154.39297275616	2000.0	1213.846965052729	0.0	0	0.0	2368.239937808881	1	0	1	2.608855983547934
67198.08520728367	2000.0	1170.1547305252159	0.0	0	0.0	2368.239937808881	1	0	1	2.608855983547934
68400.49303365771	2000.0	967.746904151174	0.0	0	0.0	2368.2399378088885	1	0	1	2.608855983547933
69134.53836366134	1000.0	1233.7015741475373	0.0	0	0.0	2368.239937808874	1	0	1	0.8759880321480717
69769.96890053175	1000.0	1598.2710372771478	0.0	0	0.0	2368.2399378088885	1	0	1	1.5691352127080154
70604.32638371279	2000.0	1763.9135540961126	0.0	0	0.0	2368.2399378088885	1	0	1	1.9157088029879878
71389.06732582513	2000.0	1979.1726119837717	0.0	0	0.0	2368.2399378088885	1	0	1	2.608855983547933
72937.56451936114	2000.0	1430.6754184477622	0.0	0	0.0	2368.2399378088885	1	0	1	2.608855983547933
73854.69950619459	1000.0	1513.5404316143015	0.0	0	0.0	2368.239937808874	1	0	1	0.8759880321480717
75224.02443116461	2000.0	1144.2155066442958	0.0	0	0.0	2368.2399378088885	1	0	1	1.9157088029879878
75928.32848465131	1000.0	1439.9114531575915	0.0	0	0.0	2368.2399378088885	1	0	1	0.8759880321480703
76831.52635813644	2000.0	1536.7135796724674	0.0	0	0.0	2368.2399378088885	1	0	1	1.9157088029879878
77639.11829061525	2000.0	1729.121647193661	0.0	0	0.0	2368.2399378088885	1	0	1	2.608855983547933
78630.38650772994	2000.0	1737.8534300789775	0.0	0	0.0	2368.2399378088885	1	0	1	2.608855983547933
79356.29567344193	2000.0	2011.9442643669995	0.0	0	0.0	2368.2399378088885	1	0	1	2.608855983547933
80272.3137864695	2000.0	2095.9261513394185	0.0	0	0.0	2368.2399378088885	1	0	1	2.608855983547933
81200.0	2000.0	2168.2399378089312	0.0	0	226.86931660068512	2368.2399378088885	1	0	1	2.608855983547933
82200.0	2000.0	2168.23993780893	0.0	0	93.99166116496781	2368.2399378088885	1	0	1	2.608855983547933
83523.78098991209	2000.0	1844.4589478968446	0.0	0	0.0	2368.2399378088885	1	0	1	2.608855983547933
85883.28715671	2000.0	484.95278109895474	0.0	0	0.0	2368.239937808903	1	0	1	2.608855983547932
86179.12575424691	300.0	1189.1141835620333	0.0	0	0.0	2368.239937808903	1	0	1	-2.1339439786667715
86940.86944884647	1000.0	1427.3704889624769	0.0	0	0.0	2368.239937808903	1	0	1	0.36516240838207786
87795.58416694596	1000.0	1572.6557708629775	0.0	0	0.0	2368.239937808903	1	0	1	1.569135212708014
89005.7873961125	2000.0	1362.4525416964398	0.0	0	0.0	2368.239937808903	1	0	1	1.9157088029879867
90356.32057551498	2000.0	1011.9193622939752	0.0	0	0.0	2368.239937808903	1	0	1	2.608855983547932
92263.71456027392	1000.0	200.0	95.47462246494953	0	0.0	2463.71456027386	1	0	1	0.3009038253821657
92851.39151343651	300.0	730.4920066383396	118.16895980092607	0	0.0	2581.8835200747853	1	0	1	-2.171174915138971
93833.42849137603	1000.0	748.4550286988123	0.0	0	0.0	2581.8835200747853	1	0	1	0.34379805015548964
94086.72218116991	300.0	1495.1613389049435	0.0	0	0.0	2581.8835200747853	1	0	1	-1.4621611563334151
94907.09366164228	1000.0	1674.7898584325712	0.0	0	0.0	2581.883520074771	1	0	1	0.34379805015549103
95658.74141799075	1000.0	1923.1421020841094	0.0	0	0.0	2581.883520074771	1	0	1	1.5477708544814273
96640.93809052743	1000.0	1940.9454295474138	0.0	0	0.0	2581.883520074771	1	0	1	1.5477708544814273
97319.44681364953	1000.0	2194.585834113096	0.0	0	0.0	2514.032647762564	1	0	2	1.1528785897712852
98736.00354969084	2000.0	1636.3734244676402	0.0	0	0.0	2372.3769741583965	1	0	2	1.7113674042506921
99365.14768029696	1000.0	2007.22929386152	0.0	0	0.0	2372.3769741583965	1	0	1	0.6755743285131193
101034.95437645644	2000.0	1337.4225977020237	0.0	0	0.0	2372.3769741583965	1	0	1	1.9152950993530373
101679.0230278718	1000.0	1693.3539462866809	0.0	0	0.0	2372.3769741583965	1	0	1	0.8755743285131194
103244.20697822137	2000.0	1128.16999593711	0.0	0	0.0	2372.3769741583965	1	0	1	1.9152950993530373
103949.01108904752	1000.0	1423.3658851109528	0.0	0	0.0	2372.3769741583965	1	0	1	0.8755743285131194
104663.52310659009	1000.0	1708.8538675683787	0.0	0	0.0	2372.3769741583965	1	0	1	1.5687215090730646
105751.56493802772	1000.0	1620.8120361307779	0.0	0	0.0	2372.3769741583965	1	0	1	1.5687215090730646
106847.90067387513	1000.0	1524.4763002833597	0.0	0	0.0	2372.3769741583965	1	0	1	1.5687215090730646
107448.5494888272	1000.0	1923.8274853312719	0.0	0	0.0	2372.3769741583965	1	0	1	1.5687215090730646
108429.18071806498	1000.0	1943.1962560934833	0.0	0	0.0	2372.3769741583965	1	0	1	1.5687215090730646
109641.59838658097	1000.0	1730.7785875774944	0.0	0	0.0	2372.3769741583965	1	0	1	1.5687215090730646
110274.51210867835	1000.0	2034.5734932703715	0.0	0	0.0	2309.0856019486528	1	0	2	1.1735594096827835
111975.4320981066	2000.0	1333.6535038421312	0.0	0	0.0	2309.0856019486528	1	0	1	1.7216242365740118
112984.08227571404	1000.0	1325.003326234672	0.0	0	0.0	2309.085601948638	1	0	1	0.8819034657340954
113500.78514807376	1000.0	1808.300453874966	0.0	0	0.0	2309.085601948638	1	0	1	1.5750506462940406
114349.90456512294	2000.0	1959.1810368258116	0.0	0	0.0	2309.085601948638	1	0	1	1.9216242365740133
115351.9394999762	2000.0	1957.1461019725564	0.0	0	0.0	2309.085601948638	1	0	1	2.614771417133958
116992.50553972159	2000.0	1316.5800622271647	0.0	0	0.0	2309.085601948638	1	0	1	2.614771417133958
118462.84082026951	2000.0	846.2447816792435	0.0	0	0.0	2309.0856019486237	1	0	1	2.6147714171339596
119133.17323603628	1000.0	1175.9123659124743	0.0	0	0.0	2309.0856019486237	1	0	1	0.8819034657340967
120204.45454208279	2000.0	1104.6310598659625	0.0	0	0.0	2309.0856019486237	1	0	1	1.9216242365740146
120819.34183554126	2000.0	1489.7437664075062	0.0	0	0.0	2309.0856019486237	1	0	1	2.6147714171339596
121336.89679870904	2000.0	1972.188803239723	0.0	0	0.0	2309.085601948609	1	0	1	2.6147714171339613
122595.92009515723	3000.0	1713.1655067915328	0.0	0	0.0	2309.085601948609	1	0	1	2.817503971188044
124883.41349853751	2000.0	425.6721034112554	0.0	0	0.0	2309.085601948609	1	0	1	2.2093063090257967
125497.09041880988	1000.0	811.9951831388979	0.0	0	0.0	2309.0856019486237	1	0	1	0.8819034657340967
125992.27244611745	1000.0	1316.8131558313403	0.0	0	0.0	2309.0856019486237	1	0	1	1.575050646294042
126922.13198556709	2000.0	1386.9536163816986	0.0	0	0.0	2309.085601948609	1	0	1	1.921624236574016
127949.9195167355	2000.0	1359.1660852132666	0.0	0	0.0	2309.0856019485946	1	0	1	2.6147714171339627
129135.75199394231	2000.0	1173.3336080064669	0.0	0	0.0	2309.0856019485946	1	0	1	2.6147714171339627
130178.91672696934	1000.0	1130.1688749794152	0.0	0	0.0	2309.08560194858	1	0	1	0.8819034657341012
131067.49063164218	1000.0	1241.5949703065785	0.0	0	0.0	2309.08560194858	1	0	1	1.5750506462940463
131792.77624243477	1000.0	1516.3093595139806	0.0	0	0.0	2309.0856019485655	1	0	1	1.5750506462940481
132549.4639923506	1000.0	1759.6216095981565	0.0	0	0.0	2309.085601948551	1	0	1	1.5750506462940486
134282.36455128418	1000.0	1026.7210506645492	0.0	0	0.0	2309.085601948522	1	0	1	1.5750506462940517
134805.25607027934	300.0	1503.8295316693873	0.0	0	0.0	2309.085601948522	1	0	1	-1.4348813645207885
136554.8316124761	1000.0	754.2539894726162	0.0	0	0.0	2309.085601948522	1	0	1	0.371077841968116
136917.46973425374	300.0	1391.6158676949817	0.0	0	0.0	2309.085601948522	1	0	1	-1.4348813645207885
138144.03929738436	1000.0	1165.0463045643419	0.0	0	0.0	2309.085601948522	1	0	1	0.371077841968116
138782.17557408608	1000.0	1526.9100278626147	0.0	0	0.0	2309.085601948522	1	0	1	1.5750506462940521
139738.77040742064	1000.0	1570.3151945280633	0.0	0	0.0	2309.085601948522	1	0	1	1.5750506462940521
140838.127832045	1000.0	1470.9577699037177	0.0	0	0.0	2309.085601948522	1	0	1	1.5750506462940521
141579.8445407073	1000.0	1729.2410612413782	0.0	0	0.0	2309.085601948522	1	0	1	1.5750506462940521
142240.4556351666	1000.0	2068.629966782035	0.0	0	0.0	2309.085601948522	1	0	1	1.5750506462940521
143589.8132442374	2000.0	1719.272357711241	0.0	0	0.0	2309.085601948522	1	0	1	1.9216242365740246
145274.9463186699	2000.0	1034.1392832787155	0.0	0	0.0	2309.085601948522	1	0	1	2.6147714171339698
146203.85869762607	1000.0	1105.226904322572	0.0	0	0.0	2309.0856019484927	1	0	1	0.8819034657341098
147174.85222563214	1000.0	1134.2333763164993	0.0	0	0.0	2309.0856019484927	1	0	1	1.575050646294055
147777.39642678024	1000.0	1531.6891751684195	0.0	0	0.0	2309.0856019484927	1	0	1	1.575050646294055
148718.75883258093	2000.0	1590.326769367738	0.0	0	0.0	2309.0856019484927	1	0	1	1.921624236574028
149665.63201377582	2000.0	1643.4535881728511	0.0	0	0.0	2309.0856019484927	1	0	1	2.614771417133973
150632.7392626268	2000.0	1676.3463393218683	0.0	0	0.0	2309.0856019484927	1	0	1	2.614771417133973
151780.5724787244	2000.0	1528.513123224264	0.0	0	0.0	2309.0856019484927	1	0	1	2.614771417133973
152942.52200815908	2000.0	1366.563593789593	0.0	0	0.0	2309.0856019484927	1	0	1	2.614771417133973
153962.0827583318	2000.0	1347.0028436169073	0.0	0	0.0	2309.0856019484927	1	0	1	2.614771417133973
154965.62338919484	2000.0	1343.462212753846	0.0	0	0.0	2309.0856019484927	1	0	1	2.614771417133973
156242.34161423173	2000.0	1066.7439877169968	0.0	0	0.0	2309.085601948551	1	0	1	2.614771417133968
156850.06271903226	1000.0	1459.0228829164598	0.0	0	0.0	2309.085601948551	1	0	1	0.881903465734104
157565.82765287464	1000.0	1743.2579490740795	0.0	0	0.0	2309.085601948522	1	0	1	1.5750506462940521
158646.90202441494	2000.0	1662.1835775338102	0.0	0	0.0	2309.0856019484927	1	0	1	1.921624236574028
159825.2023840983	2000.0	1483.8832178504495	0.0	0	0.0	2309.0856019484927	1	0	1	2.614771417133973
161193.72887809167	2000.0	1115.3567238570542	0.0	0	0.0	2309.0856019484927	1	0	1	2.614771417133973
161623.3669704833	1000.0	1685.7186314653989	0.0	0	0.0	2309.0856019484927	1	0	1	0.8819034657341098
162454.3108099242	2000.0	1854.7747920244958	0.0	0	0.0	2309.085601948522	1	0	1	1.9216242365740246
164007.85410110012	2000.0	1301.2315008485778	0.0	0	0.0	2309.085601948522	1	0	1	2.6147714171339698
164776.2765481443	1000.0	1532.809053804393	0.0	0	0.0	2309.085601948522	1	0	1	0.881903465734107
165670.6261161477	1000.0	1638.4594858009882	0.0	0	0.0	2309.085601948522	1	0	1	1.5750506462940521
166451.429327856	1000.0	1857.6562740926931	0.0	0	0.0	2309.085601948522	1	0	1	1.5750506462940521
167601.0414983122	2000.0	1708.0441036364755	0.0	0	0.0	2309.085601948522	1	0	1	1.9216242365740246
169194.81926994046	2000.0	1114.2663320082293	0.0	0	0.0	2309.085601948522	1	0	1	2.6147714171339698
170003.02677204768	1000.0	1306.0588299010153	0.0	0	0.0	2309.0856019484927	1	0	1	0.8819034657341093
170906.41205514842	1000.0	1402.673546800299	0.0	0	0.0	2309.085601948522	1	0	1	1.5750506462940534
171962.394341583	1000.0	1346.6912603656974	0.0	0	0.0	2309.085601948522	1	0	1	1.5750506462940521
172733.94908293587	1000.0	1575.1365190128618	0.0	0	0.0	2309.08560194858	1	0	1	1.575050646294048
173268.24727600443	1000.0	2040.8383259443096	0.0	0	0.0	2309.085601948609	1	0	1	1.5750506462940432
174200.0	2000.0	2109.085601948764	0.0	0	170.55819119350053	2309.085601948609	1	0	1	1.921624236574016
175200.0	2000.0	2109.08560194876	0.0	0	173.52656630575075	2309.085601948609	1	0	1	2.6147714171339613
176200.0	2000.0	2109.0856019487674	0.0	0	167.83009891942493	2309.085601948609	1	0	1	2.6147714171339613
177726.9889319614	2000.0	1582.0966699873557	0.0	0	0.0	2309.085601948609	1	0	1	2.6147714171339613
178807.47482689738	2000.0	1501.610775051356	0.0	0	0.0	2309.085601948609	1	0	1	2.6147714171339613
180599.32480896296	2000.0	709.7607929857872	0.0	0	0.0	2309.085601948609	1	0	1	2.6147714171339613
181371.94768742513	1000.0	937.137914523624	0.0	0	0.0	2309.085601948609	1	0	1	0.8819034657340982
182044.60499281218	1000.0	1264.4806091365817	0.0	0	0.0	2309.085601948609	1	0	1	1.5750506462940432
182733.38858979603	1000.0	1575.6970121527493	0.0	0	0.0	2309.085601948609	1	0	1	1.5750506462940432
183200.0	1000.0	2109.0856019487637	0.0	0	45.453429379616864	2309.085601948609	1	0	1	1.5750506462940432
184411.9514163396	2000.0	1897.1341856091299	0.0	0	0.0	2309.085601948609	1	0	1	1.921624236574016
186421.87654816202	2000.0	887.2090537867107	0.0	0	0.0	2309.085601948609	1	0	1	2.6147714171339613
187078.24091146133	1000.0	1230.8446904874108	0.0	0	0.0	2309.085601948609	1	0	1	0.8819034657340982
187786.4026381034	1000.0	1522.6829638453298	0.0	0	0.0	2309.085601948638	1	0	1	1.5750506462940423
188467.37622225497	1000.0	1841.7093796937784	0.0	0	0.0	2309.085601948638	1	0	1	1.5750506462940406
189509.2707138525	1000.0	1799.8148880962538	0.0	0	0.0	2309.085601948609	1	0	1	1.5750506462940432
190200.0	1000.0	2109.085601948761	0.0	0	139.8788498759386	2309.085601948609	1	0	1	1.5750506462940432
191200.0	2000.0	2109.0856019487196	0.0	0	4.063379388273461	2309.08560194858	1	0	1	1.921624236574019
192200.0	2000.0	2109.0856019487333	0.0	0	411.0469396279368	2309.085601948609	1	0	1	2.614771417133962
193200.0	2000.0	2109.08560194874	0.0	0	440.0021774880006	2309.085601948638	1	0	1	2.6147714171339596
195225.01847285952	2000.0	1084.0671290892158	0.0	0	0.0	2309.085601948638	1	0	1	2.614771417133958
196092.2472537535	1000.0	1216.8383481952496	0.0	0	0.0	2309.085601948638	1	0	1	0.8819034657340954
197061.23799255592	1000.0	1247.8476093928148	0.0	0	0.0	2309.085601948638	1	0	1	1.5750506462940406
198170.8567099864	2000.0	1138.2288919623218	0.0	0	0.0	2309.085601948638	1	0	1	1.9216242365740133
198821.59376306427	1000.0	1487.4918388844396	0.0	0	0.0	2309.085601948638	1	0	1	0.8819034657340954
199583.53762260574	2000.0	1725.5479793429586	0.0	0	0.0	2309.085601948638	1	0	1	1.9216242365740133
201121.34903889333	2000.0	1187.7365630553818	0.0	0	0.0	2309.085601948638	1	0	1	2.614771417133958
202068.76201139492	2000.0	1240.3235905537952	0.0	0	0.0	2309.085601948638	1	0	1	2.614771417133958
203481.19411590064	2000.0	827.89148604807	0.0	0	0.0	2309.085601948638	1	0	1	2.614771417133958
204209.77819691322	1000.0	1099.3074050354824	0.0	0	0.0	2309.085601948609	1	0	1	0.8819034657340982
204850.5461339227	1000.0	1458.5394680259712	0.0	0	0.0	2309.08560194858	1	0	1	1.5750506462940457
205724.4736980005	1000.0	1584.6119039481657	0.0	0	0.0	2309.085601948551	1	0	1	1.5750506462940492
206631.4180439635	1000.0	1677.6675579851626	0.0	0	0.0	2309.085601948522	1	0	1	1.5750506462940521
207228.10702122396	1000.0	2080.9785807246926	0.0	0	0.0	2309.0856019484927	1	0	1	1.575050646294055
208200.0	2000.0	2109.085601948641	0.0	0	120.40820327584515	2309.0856019484636	1	0	1	1.9216242365740306
209696.6157588658	2000.0	1612.4698430828491	0.0	0	0.0	2309.0856019484927	1	0	1	2.6147714171339755
211466.02792961005	2000.0	843.0576723386187	0.0	0	0.0	2309.085601948522	1	0	1	2.6147714171339698
212354.933937617	1000.0	954.1516643316847	0.0	0	0.0	2309.085601948522	1	0	1	0.881903465734107
213023.84882255364	1000.0	1285.2367793950539	0.0	0	0.0	2309.085601948551	1	0	1	1.5750506462940492
213516.46469476185	1000.0	1792.6209071868075	0.0	0	0.0	2309.085601948551	1	0	1	1.5750506462940492
214284.41149955153	2000.0	2024.6741023970878	0.0	0	0.0	2309.085601948522	1	0	1	1.9216242365740246
215351.84119898494	2000.0	1957.244402963714	0.0	0	0.0	2309.085601948522	1	0	1	2.6147714171339698
216257.00536124123	2000.0	2052.0802407074198	0.0	0	0.0	2309.085601948522	1	0	1	2.6147714171339698
217637.2096296234	2000.0	1671.8759723252379	0.0	0	0.0	2309.085601948522	1	0	1	2.6147714171339698
218238.41541829798	1000.0	2070.670183650668	0.0	0	0.0	2309.085601948522	1	0	1	0.881903465734107
219204.42728202874	2000.0	2104.6583199199063	0.0	0	0.0	2309.085601948522	1	0	1	1.9216242365740246
220200.0	2000.0	2109.085601948652	0.0	0	97.67124225993757	2309.0856019484927	1	0	1	2.614771417133973
221200.0	2000.0	2109.0856019486155	0.0	0	169.2552420354623	2309.0856019484636	1	0	1	2.614771417133976
222772.57240152117	2000.0	1536.5132004274492	0.0	0	0.0	2309.0856019484636	1	0	1	2.614771417133976
224203.78999225286	2000.0	1105.2956096957623	0.0	0	0.0	2309.0856019484345	1	0	1	2.614771417133978
224996.05628767316	1000.0	1313.0293142754283	0.0	0	0.0	2309.0856019484345	1	0	1	0.8819034657341156
225917.8599405524	2000.0	1391.225661396214	0.0	0	0.0	2309.0856019484345	1	0	1	1.9216242365740335
226846.46465345702	2000.0	1462.6209484915778	0.0	0	0.0	2309.0856019484636	1	0	1	2.6147714171339773
227613.22094252123	2000.0	1695.8646594273707	0.0	0	0.0	2309.0856019484345	1	0	1	2.6147714171339786
228697.2360879639	2000.0	1611.849513984751	0.0	0	0.0	2309.0856019484636	1	0	1	2.614771417133976
229353.19474265267	2000.0	1955.890859295961	0.0	0	0.0	2309.0856019484636	1	0	1	2.614771417133976
230227.93859216856	2000.0	2081.1470097800657	0.0	0	0.0	2309.0856019484636	1	0	1	2.614771417133976
231747.6859029136	2000.0	1561.399699035042	0.0	0	0.0	2309.0856019484636	1	0	1	2.614771417133976
233496.38025121109	2000.0	812.7053507375543	0.0	0	0.0	2309.0856019484636	1	0	1	2.614771417133976
234529.1449784322	1000.0	779.9406235164688	0.0	0	0.0	2309.0856019484927	1	0	1	0.8819034657341098
235379.33632398487	1000.0	929.7492779637874	0.0	0	0.0	2309.085601948522	1	0	1	1.5750506462940521
236216.43572625518	1000.0	1092.6498756934814	0.0	0	0.0	2309.085601948522	1	0	1	1.5750506462940521
236801.2540786647	1000.0	1507.8315232839866	0.0	0	0.0	2309.085601948522	1	0	1	1.5750506462940521
238007.98069548208	2000.0	1301.1049064666288	0.0	0	0.0	2309.08560194858	1	0	1	1.9216242365740202
239534.4643997831	2000.0	774.6212021656195	0.0	0	0.0	2309.08560194858	1	0	1	2.614771417133964
241331.1639820259	1000.0	200.0	222.07838007720397	0	0.0	2531.1639820259006	1	0	1	-0.46650973347177627
241735.3299982002	300.0	809.0735504847917	13.239566659090116	0	0.0	2544.40354868499	1	0	1	-1.5378505591489762
242113.7474227466	300.0	1430.6561259384016	0.0	0	0.0	2544.40354868499	1	0	1	-0.25444035486849903
243062.91864703374	1000.0	1481.4849016512128	0.0	0	0.0	2544.4035486849607	1	0	1	0.347546047294472
243919.5593114692	1000.0	1624.8442372157604	0.0	0	0.0	2544.4035486849607	1	0	1	1.5515188516204081
244635.26631160872	1000.0	1909.1372370762017	0.0	0	0.0	2544.4035486849607	1	0	1	1.5515188516204081
245287.91130198663	1000.0	2256.4922466982894	0.0	0	0.0	2544.4035486849607	1	0	1	1.5515188516204081
246537.9776205833	2000.0	2006.4259281016007	0.0	0	0.0	2544.4035486849316	1	0	1	1.898092441900384
248455.06337913487	2000.0	1089.3401695500556	0.0	0	0.0	2544.4035486849316	1	0	1	2.591239622460329
249195.35723749193	1000.0	1349.0463111929967	0.0	0	0.0	2544.4035486849607	1	0	1	0.858371671060463
249755.35701789305	1000.0	1789.0465307918905	0.0	0	0.0	2544.4035486849607	1	0	1	1.5515188516204081
251268.3541816657	2000.0	1276.0493670192648	0.0	0	0.0	2544.40354868499	1	0	1	1.8980924419003777
252175.92346073428	1000.0	1368.480087950698	0.0	0	0.0	2544.40354868499	1	0	1	0.8583716710604602
252853.02081802816	1000.0	1691.3827306568503	0.0	0	0.0	2544.403548685019	1	0	1	1.551518851620403
253569.65931570862	1000.0	1974.7442329764197	0.0	0	0.0	2544.403548685048	1	0	1	1.5515188516203995
255042.6767094935	1000.0	1354.4250998130378	0.0	0	0.0	2397.101809306536	1	0	2	1.1624253988888613
256038.3622654102	1000.0	1358.739543896364	0.0	0	0.0	2397.101809306565	1	0	1	1.3662490255582478
256782.2576118973	1000.0	1614.844197409239	0.0	0	0.0	2397.101809306594	1	0	1	1.5662490255582466
257556.41309990035	1000.0	1840.6887094061915	0.0	0	0.0	2397.101809306594	1	0	1	1.5662490255582449
258375.67460373542	1000.0	2021.4272055711735	0.0	0	0.0	2397.101809306623	1	0	1	1.566249025558242
259200.0	1000.0	2197.101809306574	0.0	0	186.46555286771036	2397.101809306623	1	0	1	1.566249025558242
260615.3270999696	2000.0	1781.7747093369649	0.0	0	0.0	2397.101809306623	1	0	1	1.9128226158382147
261460.98864963706	1000.0	1936.1131596695016	0.0	0	0.0	2397.101809306623	1	0	1	0.8731018449982968
262578.58224461257	2000.0	1818.5195646939942	0.0	0	0.0	2397.1018093066523	1	0	1	1.9128226158382113
264030.68001400674	2000.0	1366.4217952998215	0.0	0	0.0	2397.1018093066814	1	0	1	2.605969796398154
265538.09145882376	2000.0	859.0103504827446	0.0	0	0.0	2397.1018093066523	1	0	1	2.605969796398157
266089.61674746807	1000.0	1307.4850618384557	0.0	0	0.0	2397.1018093066523	1	0	1	0.8731018449982938
266838.2985953797	1000.0	1558.8032139267248	0.0	0	0.0	2397.101809306594	1	0	1	1.5662490255582449
267933.8981400385	2000.0	1463.2036692678846	0.0	0	0.0	2397.101809306594	1	0	1	1.9128226158382176
268825.39734414994	2000.0	1571.704465156481	0.0	0	0.0	2397.1018093066523	1	0	1	2.605969796398157
269505.5400540009	2000.0	1891.5617553054983	0.0	0	0.0	2397.1018093066523	1	0	1	2.605969796398157
270359.544956201	2000.0	2037.5568531054262	0.0	0	0.0	2397.101809306594	1	0	1	2.6059697963981625
271491.1221583692	3000.0	1905.9796509371479	0.0	0	0.0	2397.1018093066523	1	0	1	2.8087023504522395
273710.9139090198	2000.0	686.1879002866365	0.0	0	0.0	2397.1018093066523	1	0	1	2.2005046882899957
274269.70519719867	1000.0	1127.3966121078238	0.0	0	0.0	2397.1018093066523	1	0	1	0.8731018449982938
274796.94281642284	1000.0	1600.158992883637	0.0	0	0.0	2397.1018093066523	1	0	1	1.566249025558239
275632.46782329696	2000.0	1764.6339860095422	0.0	0	0.0	2397.1018093066523	1	0	1	1.9128226158382118
276545.10921173595	2000.0	1851.9925975705494	0.0	0	0.0	2397.101809306594	1	0	1	2.6059697963981625
277301.3058628495	2000.0	2095.7959464570677	0.0	0	0.0	2397.1018093066523	1	0	1	2.605969796398157
278601.17321410007	2000.0	1795.9285952065352	0.0	0	0.0	2397.1018093066523	1	0	1	2.605969796398157
280447.76582827524	2000.0	764.6767196138435	0.0	0	0.0	2212.4425478891353	1	0	2	2.2204260613600177
281012.16463120206	1000.0	1200.2779166869873	0.0	0	0.0	2212.4425478891353	1	0	1	0.6915677711400455
281935.21909598995	1000.0	1277.2234518990701	0.0	0	0.0	2212.442547889077	1	0	1	1.5847149516999968
283391.73854114366	1000.0	820.704006745324	0.0	0	0.0	2212.442547889077	1	0	1	1.5847149516999968
284076.84715156094	300.0	1135.5953963279826	0.0	0	0.0	2212.442547889077	1	0	1	-1.4252170591148443
284745.7309835403	300.0	1466.7115643486381	0.0	0	0.0	2212.4425478891353	1	0	1	-0.22124425478891357
286308.542097921	1000.0	903.9004499679129	0.0	0	0.0	2212.4425478891353	1	0	1	0.38074214737405465
287154.19937159086	1000.0	1058.2431762980866	0.0	0	0.0	2212.4425478891353	1	0	1	1.5847149516999908
288189.7431800471	1000.0	1022.699367841796	0.0	0	0.0	2212.4425478891353	1	0	1	1.5847149516999908
289184.08016105613	1000.0	1028.3623868327736	0.0	0	0.0	2212.4425478891935	1	0	1	1.584714951699985
289913.3622600991	1000.0	1299.0802877898996	0.0	0	0.0	2212.4425478892517	1	0	1	1.5847149516999792
290848.0857140203	1000.0	1364.356833868724	0.0	0	0.0	2212.4425478891935	1	0	1	1.5847149516999826
291488.55876115046	1000.0	1723.8837867386019	0.0	0	0.0	2212.4425478891935	1	0	1	1.584714951699985
293308.5360876066	2000.0	903.9064602824819	0.0	0	0.0	2212.4425478892517	1	0	1	1.9312885419799555
294535.1890584787	1000.0	677.253489410436	0.0	0	0.0	2212.4425478891935	1	0	1	0.8915677711400398
295288.5695232577	1000.0	923.8730246313479	0.0	0	0.0	2212.4425478891353	1	0	1	1.5847149516999908
295970.9742410871	1000.0	1241.4683068020206	0.0	0	0.0	2212.4425478891353	1	0	1	1.5847149516999908
296720.2924121756	1000.0	1492.1501357134882	0.0	0	0.0	2212.4425478891353	1	0	1	1.5847149516999908
298067.5585329222	2000.0	1144.8840149669884	0.0	0	0.0	2212.442547889077	1	0	1	1.9312885419799692
298583.2671764951	1000.0	1629.17537139407	0.0	0	0.0	2212.442547889077	1	0	1	0.8915677711400516
299374.54484132805	2000.0	1837.897706561123	0.0	0	0.0	2212.442547889019	1	0	1	1.931288541979975
300365.307653762	2000.0	1847.1348941271854	0.0	0	0.0	2212.442547889077	1	0	1	2.6244357225399146
2.17	2.49	2.41	1.69	1.44	1.7	1.86	1.9	1.9	2.28	1.38	1.33	1.09	1.48	1.95	1.34	1.16	1.07	0.79	1.39	1.88	2.49	2.18	1.59	1.48	1.93	1.56	1.2	1.59	1.15	1.84	1.73	1.17	1.41	1.66	1.16	1.33	1.93	2.54	2.99	2.24	1.08	1.17	0.71	2.0	1.74	2.09	1.49	1.87	2.15	1.0	1.03	1.53	1.48	1.75	2.02	1.56	1.73	1.3	1.3	1.78	2.06	2.0	2.07	1.33	1.52	2.07	2.33	1.45	1.34	1.67	1.62	1.69	2.06	2.44	2.32	2.97	2.24	1.63	1.73	1.2	0.76	0.88	1.33	2.09	2.15	1.22	0.65	0.6	0.8	1.03	1.15	1.33	1.69	1.17	1.56	1.48	1.81	1.37	1.26	1.36	0.86	0.9	1.45	1.31	1.1	1.77	1.3	1.33	1.56	1.75	1.82	1.36	1.66	1.75	2.18	2.75	3.17	1.9	1.17	1.17	1.41	1.82	1.88	2.18	1.71	0.97	1.44	1.45	0.65	0.57	0.58	0.65	0.88	1.15	1.42	1.23	1.31	1.8	1.47	0.9	0.94	1.36	1.41	1.67	1.76	2.37	1.68	1.78	1.67	2.17	2.49	2.41	1.69	1.44	1.7	1.86	1.9	1.9	2.28	1.38	1.33	1.09	1.48	1.95	1.34	1.16	1.07	0.79	1.39	1.88	2.49	2.18	1.59	1.48	1.93	1.56	1.2	1.59	1.15	1.84	1.73	1.17	1.41	1.66	1.16	1.33	1.93	2.54	2.99	2.24	1.08	1.17	0.71	2.0	1.74	2.09	1.49	1.87	2.15	1.0	1.03	1.53	1.48	1.75	2.02	1.56	1.73	1.3	1.3	1.78	2.06	2.0	2.07	1.33	1.52	2.07	2.33	1.45	1.34	1.67	1.62	1.69	2.06	2.44	2.32	2.97	2.24	1.63	1.73	1.2	0.76	0.88	1.33	2.09	2.15	1.22	0.65	0.6	0.8	1.03	1.15	1.33	1.69	1.17	1.56	1.48	1.81	1.37	1.26	1.36	0.86	0.9	1.45	1.31	1.1	1.77	1.3	1.33	1.56	1.75	1.82	1.36	1.66	1.75	2.18	2.75	3.17	1.9	1.17	1.17	1.41	1.82	1.88	2.18	1.71	0.97	1.44	1.45	0.65	0.57	0.58	0.65	0.88	1.15	1.42	1.23	1.31	1.8	1.47	0.9	0.94	1.36	1.41	1.67	1.76	2.37	1.68	1.78	1.67	2.17
1.0	2.0	3.0	4.0	5.0	6.0	7.0	8.0	9.0	10.0	11.0	12.0	13.0	14.0	15.0	16.0	17.0	18.0	19.0	20.0	21.0	22.0	23.0	24.0	25.0	26.0	27.0	28.0	29.0	30.0	31.0	32.0	33.0	34.0	35.0	36.0	37.0	38.0	39.0	40.0	41.0	42.0	43.0	44.0	45.0	46.0	47.0	48.0	49.0	50.0	51.0	52.0	53.0	54.0	55.0	56.0	57.0	58.0	59.0	60.0	61.0	62.0	63.0	64.0	65.0	66.0	67.0	68.0	69.0	70.0	71.0	72.0	73.0	74.0	75.0	76.0	77.0	78.0	79.0	80.0	81.0	82.0	83.0	84.0	85.0	86.0	87.0	88.0	89.0	90.0	91.0	92.0	93.0	94.0	95.0	96.0	97.0	98.0	99.0	100.0	101.0	102.0	103.0	104.0	105.0	106.0	107.0	108.0	109.0	110.0	111.0	112.0	113.0	114.0	115.0	116.0	117.0	118.0	119.0	120.0	121.0	122.0	123.0	124.0	125.0	126.0	127.0	128.0	129.0	130.0	131.0	132.0	133.0	134.0	135.0	136.0	137.0	138.0	139.0	140.0	141.0	142.0	143.0	144.0	145.0	146.0	147.0	148.0	149.0	149.0	150.0	151.0	152.0	153.0	154.0	155.0	156.0	157.0	158.0	159.0	160.0	161.0	162.0	163.0	164.0	165.0	166.0	167.0	168.0	169.0	170.0	171.0	172.0	173.0	174.0	175.0	176.0	177.0	178.0	179.0	180.0	181.0	182.0	183.0	184.0	185.0	186.0	187.0	188.0	189.0	190.0	191.0	192.0	193.0	194.0	195.0	196.0	197.0	198.0	199.0	200.0	201.0	202.0	203.0	204.0	205.0	206.0	207.0	208.0	209.0	210.0	211.0	212.0	213.0	214.0	215.0	216.0	217.0	218.0	219.0	220.0	221.0	222.0	223.0	224.0	225.0	226.0	227.0	228.0	229.0	230.0	231.0	232.0	233.0	234.0	235.0	236.0	237.0	238.0	239.0	240.0	241.0	242.0	243.0	244.0	245.0	246.0	247.0	248.0	249.0	250.0	251.0	252.0	253.0	254.0	255.0	256.0	257.0	258.0	259.0	260.0	261.0	262.0	263.0	264.0	265.0	266.0	267.0	268.0	269.0	270.0	271.0	272.0	273.0	274.0	275.0	276.0	277.0	278.0	279.0	280.0	281.0	282.0	283.0	284.0	285.0	286.0	287.0	288.0	289.0	290.0	291.0	292.0	293.0	294.0	295.0	296.0	297.0	298.0	298.0	299.0
3619.077094763953
