6861.474898802331	300.0	2000.0	1025.8875697154315	0	0.0	6861.474898802331	1	0	1	-6.809731867293802
7792.928574576933	500.0	1975.4009566479365	0.0	0	0.0	6768.32953122487	1	0	2	-0.8233078794209445
9601.109007878322	1000.0	986.4024800164079	0.0	0	0.0	6587.51148789473	1	0	2	0.2497925945976314
10506.515104399758	500.0	990.4557738428292	0.0	0	0.0	6496.970878242587	1	0	2	-0.7790238890268555
11373.865598015822	500.0	1036.3702308651605	0.0	0	0.0	6410.235828880983	1	0	2	-0.07710085856213275
12132.684828989108	500.0	1201.6690767945447	0.0	0	0.0	6334.353905783652	1	0	2	-0.06899785367042363
12938.73610995807	500.0	1315.0126677286876	0.0	0	0.0	6253.748777686759	1	0	2	-0.06118833888613934
13704.748338246445	1000.0	1472.3992166114763	0.0	0	0.0	6177.147554857925	1	0	2	0.2933361385084479
14933.10783019733	1000.0	1121.2037754655043	0.0	0	0.0	6054.311605662837	1	0	2	0.9974470928379575
15775.025875877038	1000.0	1195.093925217826	0.0	0	0.0	5970.119801094868	1	0	2	1.0067028375340494
17396.93328849882	1000.0	410.99577133386083	0.0	0	0.0	5807.929059832688	1	0	2	1.0200037939723472
18017.49721486024	300.0	728.375452336299	0.0	0	0.0	5745.872667196541	1	0	2	-1.9801647228671544
18494.782523261572	300.0	1203.3616130948294	0.0	0	0.0	5698.144136356406	1	0	2	-0.7709274858079949
18978.958230301647	300.0	1670.7683353507498	0.0	0	0.0	5649.726565652401	1	0	2	-0.7661278687870698
20417.475675552247	1000.0	1088.3991455750897	0.0	0	0.0	5505.87482112734	1	0	2	-0.1525174522597792
22062.07717822173	1000.0	279.33749263865127	0.0	0	0.0	5341.414670860384	1	0	2	1.0681993673502967
22359.562704032196	300.0	952.1034142471439	0.0	0	0.0	5311.666118279347	1	0	2	-1.9358665041595782
22785.897213742148	300.0	1483.1354535661983	0.0	0	0.0	5269.032667308351	1	0	2	-0.7279873775301018
24284.195318620234	1000.0	835.0075382003056	0.0	0	0.0	5119.202856820539	1	0	2	-0.11374046430432166
25317.60399226506	1000.0	698.2579971909933	0.0	0	0.0	5015.861989456058	1	0	2	1.101585268224496
26542.66534977907	1000.0	350.6905039255838	0.0	0	0.0	4893.355853704659	1	0	2	1.1135559325734867
26838.831207543753	300.0	1024.9080603844282	0.0	0	0.0	4863.739267928195	1	0	2	-1.890979195577927
28062.32881316616	1000.0	679.0606941997794	0.0	0	0.0	4741.389507365951	1	0	2	-0.07538256060961013
28857.461425020083	1000.0	804.4148211604619	0.0	0	0.0	4661.876246180556	1	0	2	1.1376911735557198
29689.49437889095	1000.0	889.1785719025044	0.0	0	0.0	4578.6729507934615	1	0	2	1.145931190424844
30303.633302249596	1000.0	1213.6257562079934	0.0	0	0.0	4517.259058457592	1	0	2	1.1528021337822747
30904.272838315293	1000.0	1552.9222665357247	0.0	0	0.0	4457.195104851027	1	0	2	1.158663598481104
31886.443345792406	1000.0	1472.5347083109023	0.0	0	0.0	4358.978054103318	1	0	2	1.1675048727838095
33437.40231795425	1000.0	766.4798389328741	0.0	0	0.0	4203.882156887128	1	0	2	1.1832131310574614
34258.54443646267	1000.0	863.223508573617	0.0	0	0.0	4121.767945036292	1	0	2	1.1914976921433313
35081.704281878876	1000.0	957.7476786157846	0.0	0	0.0	4039.451960494669	1	0	2	1.1998491902752217
35886.74195020876	1000.0	1072.206243452913	0.0	0	0.0	3958.948193661683	1	0	2	1.2081417448719363
37583.54862952781	1000.0	205.71889620195014	0.0	0	0.0	3789.267525729774	1	0	2	1.2226839618799192
38019.27848159522	300.0	773.7445556171108	3.755511482564856	0	0.0	3793.0230372123406	1	0	1	-1.8058081769425594
38637.881767967105	500.0	1093.2809406080387	0.0	0	0.0	3731.1627085751534	1	0	2	-0.5192420730501596
39356.11023836388	1000.0	1375.0524702112673	0.0	0	0.0	3731.1627085751534	1	0	1	0.5396957550714432
40120.823845244675	1000.0	1533.867502642386	0.0	0	0.0	3654.69134788707	1	0	2	1.0385707938319837
40800.86184065732	1000.0	1785.8257076884868	0.0	0	0.0	3586.687548345806	1	0	2	1.2454603266202735
41487.93178459193	1000.0	2030.0487693604173	0.0	0	0.0	3517.980553952337	1	0	2	1.2523790222952789
42176.75766857479	1000.0	2272.3402969792683	0.0	0	0.0	3449.0979655540505	1	0	2	1.2591474649882914
43486.98648931843	1000.0	1831.088594161263	0.0	0	0.0	3318.0750834796854	1	0	2	1.2704924040398078
44731.57421917482	1000.0	1462.042091319228	0.0	0	0.0	3193.6163104940424	1	0	2	1.2836092496039158
46198.04963892079	1000.0	848.9191295986614	0.0	0	0.0	3046.9687685194367	1	0	2	1.2974776935417092
47334.969414984604	1000.0	711.9993535348569	0.0	0	0.0	3046.9687685194367	1	0	1	1.3012623296369605
48376.9368366424	1000.0	670.0319318770598	0.0	0	0.0	3046.9687685194367	1	0	1	1.5012623296369607
48994.66809485506	1000.0	1052.3006736644102	0.0	0	0.0	3046.9687685194367	1	0	1	1.5012623296369607
50433.773650964016	1000.0	613.1951175554481	0.0	0	0.0	3046.9687685194367	1	0	1	1.5012623296369607
51793.78508366676	1000.0	253.18368485270176	0.0	0	0.0	3046.9687685194367	1	0	1	1.5012623296369607
52340.708351477915	300.0	762.6753350389449	56.41491799739492	0	0.0	3103.383686516834	1	0	1	-1.8528006809619892
52984.290325919515	500.0	1183.4515580415048	0.0	0	0.0	3167.741883960989	1	0	0	-0.4597176598122793
53649.27580980028	500.0	1584.964622548821	0.0	0	0.0	3234.2404323490773	1	0	0	0.2444650472587127
54745.30111346929	1000.0	1379.3367885129137	0.0	0	0.0	3124.6379019821834	1	0	2	0.19779329813742957
55667.997918986395	1000.0	1364.3703024441131	0.0	0	0.0	3032.3682214304863	1	0	2	1.2998975082186608
56697.95801187745	1000.0	1231.4142002639574	0.0	0	0.0	2929.372212141381	1	0	2	1.3104568165080657
58021.40115827429	1000.0	775.626739227421	0.0	0	0.0	2797.027897501677	1	0	2	1.3229920183231294
58982.40399002196	1000.0	814.6239074797536	0.0	0	0.0	2797.027897501677	1	0	1	1.3262564167387363
59801.0822103125	1000.0	995.9456871892041	0.0	0	0.0	2797.027897501677	1	0	1	1.5262564167387365
60957.569655232575	1000.0	839.4582422691342	0.0	0	0.0	2797.027897501677	1	0	1	1.5262564167387365
62234.17890982845	1000.0	562.8489876732632	0.0	0	0.0	2797.027897501677	1	0	1	1.5262564167387365
63027.422410357445	1000.0	769.6054871442644	0.0	0	0.0	2797.02789750167	1	0	1	1.5262564167387374
63966.77401096034	1000.0	830.2538865413633	0.0	0	0.0	2797.02789750167	1	0	1	1.5262564167387374
65494.60020367452	1000.0	302.427693827179	0.0	0	0.0	2797.02789750167	1	0	1	1.5262564167387374
65862.38874034297	300.0	934.639157158726	0.0	0	0.0	2797.02789750167	1	0	1	-1.4836755940761024
67653.72782846802	1000.0	200.0	56.69993096632021	0	0.0	2853.7278284679996	1	0	1	-0.019152302537036148
68109.41709687962	300.0	779.8085146460144	35.49778305761262	0	0.0	2889.225611525617	1	0	1	-1.7058820638241732
68462.6069729711	300.0	1426.618638554532	0.0	0	0.0	2889.2256115256023	1	0	1	-0.28892256115256115
70152.03007024678	1000.0	737.1955412788526	0.0	0	0.0	2889.2256115256023	1	0	1	0.3130638410104078
70588.05844037746	300.0	1301.1671711481827	0.0	0	0.0	2889.2256115255877	1	0	1	-1.4928953654784953
71501.48211626305	1000.0	1387.743495262592	0.0	0	0.0	2889.2256115256023	1	0	1	0.3130638410104078
72817.69253923625	1000.0	1071.5330722894014	0.0	0	0.0	2889.2256115256023	1	0	1	1.517036645336344
74005.77268786948	1000.0	764.6449087928488	0.0	0	0.0	2770.4175966622715	1	0	2	1.1259531077738316
74462.91881425184	500.0	1261.7841697722665	0.0	0	0.0	2724.702984024043	1	0	2	-0.4003964084156148
75150.09220582191	1000.0	1574.6107782021818	0.0	0	0.0	2724.702984024043	1	0	1	0.6403417275265544
75820.00601705087	1000.0	1837.7055858503215	0.0	0	0.0	2657.7116029011377	1	0	2	1.138595445404987
76281.30686840827	1000.0	2330.2746493571767	0.0	0	0.0	2611.581517765415	1	0	2	1.3435816526518183
77200.0	1000.0	2319.7122046062796	0.0	0	336.1387592197134	2519.7122046062286	1	0	2	1.3504484322973522
81032.62723279205	3000.0	200.0	996.5252286045139	0	0.0	3232.627232792045	1	0	2	-4.081485616585701
81565.55573365238	300.0	719.8683548911929	96.44518712504782	0	0.0	3285.424088543572	1	0	2	-3.4110647685315163
82160.4763299043	300.0	1124.9477586392777	0.0	0	0.0	3285.4240885435574	1	0	1	-0.5285424088543561
83014.40730314673	1000.0	1271.0167853968326	0.0	0	0.0	3285.4240885435574	1	0	1	0.27344399330861247
84045.85639490433	1000.0	1136.4227844634622	0.0	0	0.0	3182.2791793677898	1	0	2	1.0849525992171483
85493.94160626999	1000.0	688.3375730978172	0.0	0	0.0	3182.2791793677898	1	0	1	1.2877312885521253
86421.42234720838	1000.0	760.8568321594349	0.0	0	0.0	3182.2791793677898	1	0	1	1.4877312885521254
87787.95757241541	1000.0	394.32160695242516	0.0	0	0.0	3182.2791793678043	1	0	1	1.4877312885521237
88369.07560713356	500.0	871.3153757060888	0.0	0	0.0	3240.3909828396136	1	0	0	-0.6490485321337488
88849.45816111435	300.0	1390.932821725317	0.0	0	0.0	3240.3909828396136	1	0	1	-1.034864722049952
90156.33131932221	500.0	1214.7469793382556	0.0	0	0.0	3371.0782986604027	1	0	0	-0.47832714857729125
90747.93121452356	300.0	1623.147084136901	0.0	0	0.0	3371.0782986604027	1	0	1	-1.0479334536320308
92965.83615884768	1000.0	200.0	15.043958745133153	0	0.0	3165.8361588476255	1	0	2	-0.2088469439909711
93552.99217807819	300.0	689.3246404959949	76.48065972650483	0	0.0	3242.3168185741233	1	0	1	-2.1870884445423773
94124.14049371053	300.0	1118.1763248636698	0.0	0	0.0	3242.3168185741233	1	0	1	-0.32423168185741236
94841.54748566051	300.0	1400.7693329137028	0.0	0	0.0	3242.3168185741233	1	0	1	-0.32423168185741236
95862.27197906139	500.0	1482.117288852913	0.0	0	0.0	3344.3892679142155	1	0	0	-0.47637939972499255
97503.24176379814	1000.0	677.0505256424867	0.0	0	0.0	3180.2922894405347	1	0	2	0.1898964415024439
98191.30909937261	300.0	988.9831900680157	0.0	0	0.0	3180.2922894405347	1	0	1	-1.7220020332699897
98756.21528251274	300.0	1424.0770069278951	0.0	0	0.0	3180.2922894405347	1	0	1	-0.3180292289440535
99879.93451105246	1000.0	1187.9858555342175	0.0	0	0.0	3067.9203665865934	1	0	2	-0.10737741126207456
100486.04262670137	1000.0	1521.26692832042	0.0	0	0.0	3007.3095550217113	1	0	2	1.3039469428603165
101195.23111561408	1000.0	1741.1595905164397	0.0	0	0.0	2936.3907061304344	1	0	2	1.3105293418657882
102249.41815042644	1000.0	1581.5538522228458	0.0	0	0.0	2830.9720026491996	1	0	2	1.3199616409261998
103142.766329827	1000.0	1598.87085488221	0.0	0	0.0	2741.637184709136	1	0	2	1.3295492876243702
104113.65979866286	1000.0	1530.888039162764	0.0	0	0.0	2644.5478378255357	1	0	2	1.3391154424059701
105526.42710279088	1000.0	976.8440046219295	0.0	0	0.0	2503.2711074127146	1	0	2	1.3517565383861951
107017.59177795521	1000.0	485.6793294576105	0.0	0	0.0	2503.271107412729	1	0	1	1.355632095747631
107498.32795218333	500.0	1053.0167726523114	0.0	0	0.0	2551.3447248355515	1	0	0	-0.5809440632537295
108693.52388754387	1000.0	857.8208372917893	0.0	0	0.0	2551.3447248355515	1	0	1	0.6576775534454038
110075.06921065933	1000.0	476.2755141763243	0.0	0	0.0	2551.3447248355515	1	0	1	1.5508247340053491
110783.6395471683	1000.0	767.7051776673442	0.0	0	0.0	2551.3447248355515	1	0	1	1.5508247340053491
111547.11490725835	1000.0	1004.2298175773082	0.0	0	0.0	2551.344724835566	1	0	1	1.5508247340053476
112586.0655785393	1000.0	965.2791462963527	0.0	0	0.0	2551.3447248355806	1	0	1	1.5508247340053463
113435.63373970037	1000.0	1115.7109851353027	0.0	0	0.0	2551.3447248355806	1	0	1	1.5508247340053463
114564.79498957498	1000.0	986.5497352606765	0.0	0	0.0	2551.344724835566	1	0	1	1.5508247340053476
115858.28710892626	1000.0	693.0576159094084	0.0	0	0.0	2551.3447248355806	1	0	1	1.5508247340053463
117212.50678118155	1000.0	338.83794365411956	0.0	0	0.0	2551.344724835566	1	0	1	1.5508247340053476
117596.94594284955	300.0	954.3987819861429	0.0	0	0.0	2551.344724835566	1	0	1	-1.459107276809493
118499.48187850203	1000.0	1051.8628463336654	0.0	0	0.0	2551.3447248355515	1	0	1	0.34685192967941286
119684.98775883723	1000.0	866.3569659984397	0.0	0	0.0	2551.3447248355515	1	0	1	1.5508247340053491
120715.45877125334	1000.0	835.8859535823398	0.0	0	0.0	2551.344724835566	1	0	1	1.5508247340053476
121477.83974975062	1000.0	1073.5049750850562	0.0	0	0.0	2551.3447248355515	1	0	1	1.5508247340053491
122028.27288175553	1000.0	1523.0718430801344	0.0	0	0.0	2551.344724835537	1	0	1	1.5508247340053505
122672.70052254165	1000.0	1814.2014382154098	0.0	0	0.0	2486.9019607569207	1	0	2	1.1556130799918485
123914.98008031283	1000.0	1447.6939246671218	0.0	0	0.0	2362.6740049798245	1	0	2	1.3656325425917875
125895.76120358791	1000.0	268.8346890645367	0.0	0	0.0	2164.5958926523017	1	0	2	1.3844159874393713
126436.57416289886	300.0	738.2757334361789	10.254003682579139	0	0.0	2174.8498963348684	1	0	1	-1.6829818160548986
127067.91840684853	300.0	1106.931489486501	0.0	0	0.0	2174.8498963348684	1	0	1	-0.2174849896334869
127504.41906097575	500.0	1714.0809007719984	0.0	0	0.0	2218.499961747584	1	0	0	-0.36545013661982156
128755.07784028097	1000.0	1463.4221214667816	0.0	0	0.0	2218.499961747584	1	0	1	0.6909620297542004
129870.20187339505	1000.0	1236.7856850412832	0.0	0	0.0	2106.9875584361725	1	0	2	1.192314002726029
131508.75394232527	1000.0	434.3784092180422	0.0	0	0.0	1943.1323515431286	1	0	2	1.4075690000764078
131896.94815253318	300.0	1046.1841990101466	0.0	0	0.0	1943.1323515431286	1	0	1	-1.5982860394802487
133372.5818578059	1000.0	570.5504937374526	0.0	0	0.0	1943.1323515431432	1	0	1	0.40767316700865497
133851.29011637386	300.0	1091.8422351694935	0.0	0	0.0	1943.1323515431432	1	0	1	-1.3982860394802503
135520.80512553407	1000.0	422.32722600926127	0.0	0	0.0	1943.132351543085	1	0	1	0.4076731670086578
136257.66737081765	500.0	759.1512052540681	0.0	0	0.0	2016.8185760714405	1	0	0	-0.5264757135493363
136667.1916919973	300.0	1349.6268840744326	0.0	0	0.0	2016.8185760714405	1	0	1	-0.9125074813731345
137953.15748103976	1000.0	1063.66109503194	0.0	0	0.0	2016.8185760714405	1	0	1	0.4003045445558241
139166.94594463534	1000.0	849.8726314363779	0.0	0	0.0	2016.8185760714114	1	0	1	1.6042773488817632
140017.7270536789	1000.0	999.0915223928364	0.0	0	0.0	2016.8185760714114	1	0	1	1.6042773488817632
140872.13103636584	1000.0	1144.68753970584	0.0	0	0.0	2016.8185760713823	1	0	1	1.604277348881766
142416.8808993747	1000.0	599.93767669697	0.0	0	0.0	2016.8185760714114	1	0	1	1.6042773488817632
142815.6684059656	300.0	1201.1501701060242	0.0	0	0.0	2016.8185760714114	1	0	1	-1.4056546619330772
143956.52440251777	1000.0	1060.2941735538766	0.0	0	0.0	2016.8185760713823	1	0	1	0.4003045445558298
144788.791889581	1000.0	1228.0266864906248	0.0	0	0.0	2016.8185760714114	1	0	1	1.6042773488817632
145453.66681800075	1000.0	1563.1517580708778	0.0	0	0.0	2016.8185760714405	1	0	1	1.60427734888176
146469.2474186364	1000.0	1547.5711574352233	0.0	0	0.0	2016.8185760714405	1	0	1	1.60427734888176
147360.0259177082	1000.0	1567.7148084562346	0.0	0	0.0	1927.7407261642802	1	0	2	1.2105314288993165
149148.49130006463	1000.0	600.4028878641777	0.0	0	0.0	1748.894187928643	1	0	2	1.425890967105929
150522.76348257263	1000.0	288.5239457664046	62.39324041022081	0	0.0	1811.2874283388956	1	0	1	1.0505570235236514
151078.86355557013	500.0	788.0338800686735	0.0	0	0.0	1866.8974356386752	1	0	0	-0.5122095037902931
151523.85701820886	1000.0	1343.0404174299424	0.0	0	0.0	1866.8974356386752	1	0	1	0.7261222823650915
152200.0	1000.0	1666.8974356388335	0.0	0	231.04710489496938	1866.8974356386752	1	0	1	1.6192694629250368
154314.24668252293	3000.0	552.6507531159165	0.0	0	0.0	1866.8974356386752	1	0	1	2.1685756072590916
156827.57839888008	1000.0	200.0	1160.6809632412221	0	0.0	3027.578398880083	1	0	1	-6.543426011354308
157220.84243017648	300.0	806.7359687036419	0.0	0	0.0	3027.578398880083	1	0	1	-1.5067306442139434
157640.08810393518	300.0	1387.4902949449506	0.0	0	0.0	3027.578398880083	1	0	1	-0.3027578398880084
158339.40144910692	500.0	1758.108284290374	0.0	0	0.0	3097.5097333972517	1	0	0	-0.45260775006718035
160097.1847441481	1000.0	824.5466597451043	0.0	0	0.0	2921.73140389318	1	0	2	0.2160182185454495
160850.08599514997	500.0	996.3552836430209	0.0	0	0.0	2846.441278792947	1	0	2	-0.41347397010498854
161650.5681327454	500.0	1115.8249322880413	0.0	0	0.0	2766.393065033364	1	0	2	0.28779264909600677
162766.73971760648	1000.0	999.6533474269177	0.0	0	0.0	2766.393065033364	1	0	1	0.6361727194256223
163635.74067309662	1000.0	1130.6523919367974	0.0	0	0.0	2766.393065033335	1	0	1	1.5293198999855708
164465.20382987848	1000.0	1301.189235154929	0.0	0	0.0	2766.393065033306	1	0	1	1.5293198999855737
165228.89498452574	1000.0	1461.1289650429483	0.0	0	0.0	2690.0239495685673	1	0	2	1.134824969454335
167184.387275751	1000.0	310.0874446951449	0.0	0	0.0	2494.4747204460145	1	0	2	1.3506947814241095
167684.258252015	300.0	810.2164684311676	0.0	0	0.0	2494.4747204460145	1	0	1	-1.653420276370538
168142.75194583565	300.0	1351.7227746104675	0.0	0	0.0	2494.4747204459563	1	0	1	-0.249447472044598
170019.21525200273	1000.0	475.2594684433786	0.0	0	0.0	2494.4747204459854	1	0	1	0.35253893011837023
170429.80537340025	300.0	1064.6693470458406	0.0	0	0.0	2494.4747204459563	1	0	1	-1.4534202763705322
171503.49665980472	1000.0	990.9780606413866	0.0	0	0.0	2494.4747204459563	1	0	1	0.35253893011837245
172709.37238345353	1000.0	785.102336992543	0.0	0	0.0	2494.4747204459563	1	0	1	1.5565117344443085
174009.34162469965	1000.0	485.1330957464123	0.0	0	0.0	2494.4747204459563	1	0	1	1.5565117344443085
174972.11220826753	1000.0	522.3625121785494	0.0	0	0.0	2494.4747204459563	1	0	1	1.5565117344443085
176108.92281877773	1000.0	395.12066913747407	9.56876746914628	0	0.0	2504.0434879150707	1	0	1	1.4981422528825195
177183.8105300488	1000.0	462.41573564989	142.18277778346766	0	0.0	2646.226265698526	1	0	1	0.6882399132182457
177827.53469437145	1000.0	818.6915713272712	0.0	0	0.0	2646.226265698555	1	0	1	1.5413365799190486
178718.42382404915	1000.0	927.8024416495577	0.0	0	0.0	2646.226265698526	1	0	1	1.5413365799190517
179281.0891439049	1000.0	1365.1371217938458	0.0	0	0.0	2646.226265698526	1	0	1	1.5413365799190517
179744.76808068942	1000.0	1901.458185009323	0.0	0	0.0	2646.226265698526	1	0	1	1.5413365799190517
180598.87805458906	1000.0	1961.937213719724	0.0	0	0.0	2560.8152683085937	1	0	2	1.147285091539977
181698.558960523	1000.0	1752.288217192388	0.0	0	0.0	2450.8471777151863	1	0	2	1.3569750326551588
182600.32246542018	1000.0	1850.5247122952014	0.0	0	0.0	2450.8471777151863	1	0	1	1.3608744887173854
183867.62004916454	2000.0	1583.2271285508505	0.0	0	0.0	2450.8471777151863	1	0	1	1.907448078997359
184847.97313680305	1000.0	1504.8387321484831	0.0	0	0.0	2352.811868951336	1	0	2	0.47500097744271147
186033.58501586717	1000.0	1200.665665177969	0.0	0	0.0	2234.2506810449413	1	0	2	1.3793464272982567
187398.66708564197	1000.0	835.5835954031855	0.0	0	0.0	2234.2506810449413	1	0	1	1.38253413838441
188656.55688104758	1000.0	577.6937999975705	0.0	0	0.0	2234.250681044912	1	0	1	1.5825341383844123
189374.66615136527	1000.0	859.5845296799204	0.0	0	0.0	2234.2506810449413	1	0	1	1.5825341383844103
189963.5612296653	1000.0	1270.6894513799018	0.0	0	0.0	2234.2506810449413	1	0	1	1.5825341383844103
190641.76799392572	1000.0	1592.482687119513	0.0	0	0.0	2234.2506810449704	1	0	1	1.5825341383844072
191792.19196416123	1000.0	1327.0163198604644	0.0	0	0.0	2119.2082840214134	1	0	2	1.1899362769482873
193162.81229955095	1000.0	956.3959844707263	0.0	0	0.0	2119.2082840214134	1	0	1	1.3940383780867627
194722.86850099164	1000.0	396.3397830300462	0.0	0	0.0	2119.2082840214425	1	0	1	1.5940383780867613
195164.18392159074	300.0	955.0243624309676	0.0	0	0.0	2119.2082840214716	1	0	1	-1.4158936327280816
195900.3505948911	500.0	1292.474356460652	0.0	0	0.0	2192.8249513514747	1	0	0	-0.36208127627338965
196992.5354528619	1000.0	1200.2894984898658	0.0	0	0.0	2192.8249513514747	1	0	1	0.6935295307938116
197639.8194882698	1000.0	1553.0054630819502	0.0	0	0.0	2192.8249513514456	1	0	1	1.5866767113537597
198310.413834142	1000.0	1882.411117209767	0.0	0	0.0	2192.8249513514747	1	0	1	1.5866767113537588
199746.85212377537	1000.0	1302.328998613041	0.0	0	0.0	2049.1811223880795	1	0	2	1.1976814122698936
201351.14601464596	1000.0	537.6057186553857	0.0	0	0.0	1888.7517333010328	1	0	2	1.4128014272917437
201829.55518523906	300.0	1059.196548062272	0.0	0	0.0	1888.7517333010328	1	0	1	-1.5928479776560394
202709.15957092302	1000.0	1179.5921623783445	0.0	0	0.0	1888.751733301062	1	0	1	0.413111228832862
203671.35158381533	1000.0	1217.4001494860277	0.0	0	0.0	1888.751733301062	1	0	1	1.6170840331587981
204603.10903327508	1000.0	1285.6427000263118	0.0	0	0.0	1888.75173330112	1	0	1	1.6170840331587928
205902.41299426	1000.0	986.338739041405	0.0	0	0.0	1888.751733301091	1	0	1	1.6170840331587952
206876.49305355342	1000.0	1012.2586797479742	0.0	0	0.0	1888.75173330112	1	0	1	1.6170840331587923
207993.43404641002	1000.0	895.3176868913763	0.0	0	0.0	1888.751733301091	1	0	1	1.6170840331587952
208678.63035969945	1000.0	1210.1213736019347	0.0	0	0.0	1888.751733301091	1	0	1	1.6170840331587952
209832.29087166037	1000.0	1056.460861640995	0.0	0	0.0	1888.751733301062	1	0	1	1.6170840331587977
210755.53164596015	1000.0	1133.2200873411991	0.0	0	0.0	1888.7517333010328	1	0	1	1.617084033158801
211632.15281109884	1000.0	1256.59892220252	0.0	0	0.0	1888.751733301062	1	0	1	1.6170840331587981
212614.3999684291	1000.0	1274.3517648723034	0.0	0	0.0	1888.751733301091	1	0	1	1.6170840331587952
214057.8804447013	1000.0	830.871288600138	0.0	0	0.0	1888.751733301091	1	0	1	1.6170840331587952
215642.78456670707	1000.0	245.9671665943938	0.0	0	0.0	1888.751733301091	1	0	1	1.6170840331587952
216214.1249568122	300.0	699.8697678376911	25.24299134841121	0	0.0	1913.9947246494994	1	0	1	-1.546830224881355
216721.1165573086	300.0	1192.878167341264	0.0	0	0.0	1913.9947246494994	1	0	1	-0.19139947246494998
217662.62824749848	1000.0	1251.366477151373	0.0	0	0.0	1913.9947246494994	1	0	1	0.41058692969801813
218841.37232648203	1000.0	1072.6223981678334	0.0	0	0.0	1913.9947246494703	1	0	1	1.6145597340239572
220334.22479934673	1000.0	579.769925303108	0.0	0	0.0	1913.9947246494994	1	0	1	1.6145597340239544
221481.55879173096	1000.0	432.43593291888203	0.0	0	0.0	1913.9947246495285	1	0	1	1.6145597340239515
222989.77490596706	1000.0	200.0	275.7801813172117	0	0.0	2189.7749059670605	1	0	1	-0.06548397303532241
223244.52816829164	300.0	945.2467376754278	0.0	0	0.0	2189.7749059670896	1	0	1	-1.4229502949226451
224242.42069544908	1000.0	947.354210518	0.0	0	0.0	2189.7749059670896	1	0	1	0.3830089115662591
224860.01282639074	1000.0	1329.7620795763567	0.0	0	0.0	2189.7749059670896	1	0	1	1.5869817158921953
226133.03647706634	2000.0	1056.7384289007546	0.0	0	0.0	2189.7749059670896	1	0	1	1.933555306172168
227918.3878901597	2000.0	271.38701580739496	0.0	0	0.0	2189.7749059670314	1	0	1	2.6267024867321176
230103.81476517225	1000.0	200.0	1114.0398592051542	0	0.0	3303.8147651721956	1	0	1	-5.876997935318519
230753.99582880514	300.0	663.345022395688	113.52608602856358	0	0.0	3417.3408512007736	1	0	1	-2.2268634056173955
231147.1353624438	300.0	1270.2054887570102	0.0	0	0.0	3417.3408512007736	1	0	1	-0.3417340851200774
231666.35049121696	500.0	1802.911872861159	0.0	0	0.0	3469.2623640780803	1	0	0	-0.49017919486599554
232910.06553062887	1000.0	1434.8253295080658	0.0	0	0.0	3344.8908601369185	1	0	2	0.1746887954094397
234400.92569082847	1000.0	794.8791532884919	0.0	0	0.0	3195.804844116996	1	0	2	1.2831364864872494
235177.77235522016	1000.0	940.3478224576195	0.0	0	0.0	3118.1201776777743	1	0	2	1.2922159145655556
236535.7031798912	1000.0	582.416997786594	0.0	0	0.0	3118.1201776777743	1	0	1	1.2941471887211253
237879.47703305603	1000.0	238.6431446217528	0.0	0	0.0	3118.1201776777743	1	0	1	1.4941471887211262
238623.75120587638	300.0	574.4056627934642	80.03669099207998	0	0.0	3198.156868669874	1	0	1	-2.0040086371454033
239310.68578595328	300.0	887.4710827165782	0.0	0	0.0	3198.1568686698447	1	0	1	-0.31981568686698447
239881.53109161975	300.0	1316.625777050089	0.0	0	0.0	3198.1568686698447	1	0	1	-0.31981568686698447
240422.82819971946	300.0	1775.328668950382	0.0	0	0.0	3198.156868669874	1	0	1	-0.3198156868669874
242562.96290215172	1000.0	421.18049627489563	0.0	0	0.0	2984.1433984266478	1	0	2	-0.10240932700105887
243212.73047484257	300.0	771.412923584014	0.0	0	0.0	2984.1433984266478	1	0	1	-1.7023871441686016
243783.61254597863	300.0	1200.5308524479312	0.0	0	0.0	2984.1433984266478	1	0	1	-0.2984143398426648
244536.20366516156	500.0	1523.1988451832822	0.0	0	0.0	3059.402510344982	1	0	0	-0.448887669360748
245910.48341483995	1000.0	1011.4911205370715	0.0	0	0.0	2921.974535377143	1	0	2	0.2172783952704465
247546.95320299244	1000.0	375.021332384583	0.0	0	0.0	2921.9745353771723	1	0	1	1.313761752951187
247932.4698847242	300.0	989.5046506528289	0.0	0	0.0	2921.9745353771723	1	0	1	-1.496170257863653
248381.08894315248	300.0	1540.8855922245466	0.0	0	0.0	2921.9745353771723	1	0	1	-0.2921974535377173
249457.0080057966	1000.0	1464.9665295804084	0.0	0	0.0	2921.9745353771723	1	0	1	0.30978894862525086
250001.10529249246	1000.0	1866.4595142149622	0.0	0	0.0	2867.5648067075817	1	0	2	1.1177986318203257
250818.84328303047	1000.0	1966.9477246231581	0.0	0	0.0	2785.79100765381	1	0	2	1.3252061872403673
252023.00099136456	1000.0	1642.3742454556614	0.0	0	0.0	2665.3752368203714	1	0	2	1.3363418948845336
253021.69266064625	1000.0	1543.8134092458254	0.0	0	0.0	2565.5060698922025	1	0	2	1.3467138864055483
254538.024599024	1000.0	875.848277030295	0.0	0	0.0	2413.8728760544036	1	0	2	1.3601652575491059
255798.50648597156	1000.0	615.3663900827535	0.0	0	0.0	2413.8728760544036	1	0	1	1.3645719188834637
256837.5907964368	1000.0	576.2820796175365	0.0	0	0.0	2413.8728760544327	1	0	1	1.5645719188834613
257849.0404759808	1000.0	564.8324000735328	0.0	0	0.0	2413.872876054462	1	0	1	1.5645719188834581
258229.74707502217	300.0	1184.1258010321671	0.0	0	0.0	2413.872876054462	1	0	1	-1.4453600919313818
259180.3144831646	1000.0	1233.5583928897436	0.0	0	0.0	2413.872876054462	1	0	1	0.36059911455752186
259782.5655858083	1000.0	1631.3072902460563	0.0	0	0.0	2413.872876054491	1	0	1	1.5645719188834553
260582.12469028297	1000.0	1751.7922753238981	0.0	0	0.0	2333.9169656070007	1	0	2	1.170340270206499
261740.2849955553	1000.0	1477.8159395243267	0.0	0	0.0	2218.1009350797685	1	0	2	1.3798438805908497
262747.3486381567	1000.0	1470.752296922909	0.0	0	0.0	2218.1009350797976	1	0	1	1.3841491129809267
263743.06167908694	1000.0	1475.03925599271	0.0	0	0.0	2218.1009350798267	1	0	1	1.5841491129809215
265027.7849020556	1000.0	1061.8437107272048	0.0	0	0.0	2089.6286127829226	1	0	2	1.1932471102076676
266442.403373261	1000.0	647.225239521731	0.0	0	0.0	2089.6286127829226	1	0	1	1.3969963452106118
267800.43830729224	1000.0	289.19030549047443	0.0	0	0.0	2089.628612783039	1	0	1	1.5969963452106017
268274.7731901431	300.0	814.8554226395598	0.0	0	0.0	2089.628612782981	1	0	1	-1.412935665604234
269300.76471249334	1000.0	788.8639002892953	0.0	0	0.0	2089.628612782981	1	0	1	0.39302354088467006
269940.4129722845	1000.0	1149.2156404981033	0.0	0	0.0	2089.6286127829226	1	0	1	1.596996345210612
270509.7944193508	1000.0	1579.8341934317195	0.0	0	0.0	2089.6286127829226	1	0	1	1.596996345210612
271200.0	1000.0	1889.6286127825583	0.0	0	140.14416352892295	2089.6286127829226	1	0	1	1.596996345210612
272729.8767159258	2000.0	1359.7518968567167	0.0	0	0.0	2089.6286127829226	1	0	1	1.9435699354905847
274163.3621314554	1000.0	926.2664813271846	0.0	0	0.0	2089.628612782981	1	0	1	0.9038491646506657
275752.40280110796	1000.0	337.2258116745851	0.0	0	0.0	2089.6286127829226	1	0	1	1.5969963452106106
276196.34098954423	300.0	893.2876232383837	0.0	0	0.0	2089.628612782981	1	0	1	-1.4129356656042307
276906.6269250162	500.0	1254.0302813136543	0.0	0	0.0	2160.6572063301574	1	0	0	-0.3588252343828159
277743.8608993379	1000.0	1416.7963069918826	0.0	0	0.0	2160.6572063301574	1	0	1	0.6967463052959433
278820.3447066734	1000.0	1232.6641189228894	0.0	0	0.0	2053.008825596713	1	0	2	1.198025759347026
279958.84159948723	1000.0	980.3175368276593	0.0	0	0.0	1939.159136315342	1	0	2	1.4086859129286942
280859.2181251878	1000.0	1079.9410111270977	0.0	0	0.0	1939.1591363152838	1	0	1	1.4120432928573756
282031.15485199454	1000.0	908.0042843203618	0.0	0	0.0	1939.1591363152838	1	0	1	1.6120432928573758
283405.5105023343	1000.0	533.6486339805463	0.0	0	0.0	1939.1591363152838	1	0	1	1.6120432928573758
283736.1416785673	300.0	1203.017457747515	0.0	0	0.0	1939.1591363152256	1	0	1	-1.3978887179574588
284822.0509425912	1000.0	1117.1081937236206	0.0	0	0.0	1939.1591363152256	1	0	1	0.4080704885314454
286285.14607441437	1000.0	654.013061900474	0.0	0	0.0	1939.1591363152256	1	0	1	1.6120432928573816
287134.02738810185	1000.0	805.1317482129788	0.0	0	0.0	1939.1591363152256	1	0	1	1.6120432928573816
288122.93860446784	1000.0	816.2205318470922	0.0	0	0.0	1939.1591363152256	1	0	1	1.6120432928573816
289100.0507537764	1000.0	839.1083825385455	0.0	0	0.0	1939.1591363152256	1	0	1	1.6120432928573816
290092.6457609848	1000.0	846.5133753301384	0.0	0	0.0	1939.1591363152256	1	0	1	1.6120432928573816
291576.5500189207	1000.0	362.6091173942763	0.0	0	0.0	1939.1591363152256	1	0	1	1.6120432928573816
292068.2402498218	300.0	870.9188864931467	0.0	0	0.0	1939.1591363152256	1	0	1	-1.3978887179574588
292354.79564395885	300.0	1584.3634923560317	0.0	0	0.0	1939.1591363151674	1	0	1	-0.19391591363151678
293200.0	1000.0	1739.1591363149025	0.0	0	17.332769247179385	1939.1591363151674	1	0	1	0.40807048853145134
294200.0	1000.0	1639.159136314896	0.0	0	2.7351873121224344	1839.1591363152256	1	0	2	1.2194673294194935
295200.0	1000.0	1539.159136314949	0.0	0	231.2132705618278	1739.1591363152838	1	0	2	1.4285563237671495
296200.0	1000.0	1439.1591363150026	0.0	0	70.32379623304587	1639.159136315342	1	0	2	1.4391317908428667
297693.36028610624	1000.0	796.4628215981394	0.0	0	0.0	1489.823107704753	1	0	2	1.4527824862669614
299314.98193891306	1000.0	233.3135117372049	58.472342945916736	0	0.0	1548.2954506506212	1	0	1	1.101927930272392
300126.02808226284	1000.0	580.813707942159	158.54633955472679	0	0.0	1706.8417902053334	1	0	1	0.6839969901400101
300714.6652098236	1000.0	992.1765803814354	0.0	0	0.0	1706.8417902053916	1	0	1	1.6352750274683654
0.56	0.28	0.61	0.67	0.75	0.66	0.65	0.78	1.09	1.02	1.16	0.75	0.56	0.7	0.74	0.64	0.89	0.91	0.87	1.01	1.04	1.05	1.02	1.4	1.38	1.68	1.23	0.54	1.66	1.08	1.03	0.73	0.82	1.01	1.04	1.51	1.47	0.72	0.6	0.86	0.68	0.95	0.94	1.37	0.89	1.02	0.66	0.83	1.11	1.27	0.87	0.87	1.08	1.24	1.56	0.96	0.73	1.04	1.22	0.76	0.96	0.68	0.67	0.9	0.73	0.83	1.26	0.82	0.75	1.22	1.73	1.64	1.29	0.74	0.56	0.43	0.58	1.01	0.76	0.81	1.04	0.98	1.0	0.53	0.34	0.45	0.56	0.59	0.51	0.56	0.7	0.76	0.5	0.64	1.11	1.63	1.16	1.02	1.22	0.83	0.73	1.03	1.24	0.76	0.98	1.61	1.42	0.64	1.29	1.1	0.86	0.82	1.03	0.75	1.0	1.31	1.63	1.29	0.67	0.57	0.54	0.63	0.94	0.98	1.01	0.63	1.01	0.75	0.7	0.76	0.81	0.69	0.94	0.83	1.09	1.14	0.74	0.75	1.03	1.26	1.37	1.15	0.83	0.65	0.85	1.05	1.81	1.48	1.05	1.1	0.56	0.28	0.61	0.67	0.75	0.66	0.65	0.78	1.09	1.02	1.16	0.75	0.56	0.7	0.74	0.64	0.89	0.91	0.87	1.01	1.04	1.05	1.02	1.4	1.38	1.68	1.23	0.54	1.66	1.08	1.03	0.73	0.82	1.01	1.04	1.51	1.47	0.72	0.6	0.86	0.68	0.95	0.94	1.37	0.89	1.02	0.66	0.83	1.11	1.27	0.87	0.87	1.08	1.24	1.56	0.96	0.73	1.04	1.22	0.76	0.96	0.68	0.67	0.9	0.73	0.83	1.26	0.82	0.75	1.22	1.73	1.64	1.29	0.74	0.56	0.43	0.58	1.01	0.76	0.81	1.04	0.98	1.0	0.53	0.34	0.45	0.56	0.59	0.51	0.56	0.7	0.76	0.5	0.64	1.11	1.63	1.16	1.02	1.22	0.83	0.73	1.03	1.24	0.76	0.98	1.61	1.42	0.64	1.29	1.1	0.86	0.82	1.03	0.75	1.0	1.31	1.63	1.29	0.67	0.57	0.54	0.63	0.94	0.98	1.01	0.63	1.01	0.75	0.7	0.76	0.81	0.69	0.94	0.83	1.09	1.14	0.74	0.75	1.03	1.26	1.37	1.15	0.83	0.65	0.85	1.05	1.81	1.48
1.0	2.0	3.0	4.0	5.0	6.0	7.0	8.0	9.0	10.0	11.0	12.0	13.0	14.0	15.0	16.0	17.0	18.0	19.0	20.0	21.0	22.0	23.0	24.0	25.0	26.0	27.0	28.0	29.0	30.0	31.0	32.0	33.0	34.0	35.0	36.0	37.0	38.0	39.0	40.0	41.0	42.0	43.0	44.0	45.0	46.0	47.0	48.0	49.0	50.0	51.0	52.0	53.0	54.0	55.0	56.0	57.0	58.0	59.0	60.0	61.0	62.0	63.0	64.0	65.0	66.0	67.0	68.0	69.0	70.0	71.0	72.0	73.0	74.0	75.0	76.0	77.0	78.0	79.0	80.0	81.0	82.0	83.0	84.0	85.0	86.0	87.0	88.0	89.0	90.0	91.0	92.0	93.0	94.0	95.0	96.0	97.0	98.0	99.0	100.0	101.0	102.0	103.0	104.0	105.0	106.0	107.0	108.0	109.0	110.0	111.0	112.0	113.0	114.0	115.0	116.0	117.0	118.0	119.0	120.0	121.0	122.0	123.0	124.0	125.0	126.0	127.0	128.0	129.0	130.0	131.0	132.0	133.0	134.0	135.0	136.0	137.0	138.0	139.0	140.0	141.0	142.0	143.0	144.0	145.0	146.0	147.0	148.0	149.0	149.0	150.0	151.0	152.0	153.0	154.0	155.0	156.0	157.0	158.0	159.0	160.0	161.0	162.0	163.0	164.0	165.0	166.0	167.0	168.0	169.0	170.0	171.0	172.0	173.0	174.0	175.0	176.0	177.0	178.0	179.0	180.0	181.0	182.0	183.0	184.0	185.0	186.0	187.0	188.0	189.0	190.0	191.0	192.0	193.0	194.0	195.0	196.0	197.0	198.0	199.0	200.0	201.0	202.0	203.0	204.0	205.0	206.0	207.0	208.0	209.0	210.0	211.0	212.0	213.0	214.0	215.0	216.0	217.0	218.0	219.0	220.0	221.0	222.0	223.0	224.0	225.0	226.0	227.0	228.0	229.0	230.0	231.0	232.0	233.0	234.0	235.0	236.0	237.0	238.0	239.0	240.0	241.0	242.0	243.0	244.0	245.0	246.0	247.0	248.0	249.0	250.0	251.0	252.0	253.0	254.0	255.0	256.0	257.0	258.0	259.0	260.0	261.0	262.0	263.0	264.0	265.0	266.0	267.0	268.0	269.0	270.0	271.0	272.0	273.0	274.0	275.0	276.0	277.0	278.0	279.0	280.0	281.0	282.0	283.0	284.0	285.0	286.0	287.0	288.0	289.0	290.0	291.0	292.0	293.0	294.0	295.0	296.0	297.0
5118.107387643414
