5433.93975421183	300.0	2000.0	107.99841405633026	0	0.0	5433.93975421183	1	0	1	-1.1893276298559794
5700.757056179355	1000.0	2706.5009678357237	0.0	0	0.0	5407.258024015078	1	0	2	-0.3394010143988325
6543.741591773753	2000.0	2779.2179786818856	0.0	0	0.0	5322.959570455639	1	0	2	1.4177465396809121
7325.8691068692115	2000.0	2918.877712076881	0.0	0	0.0	5244.746818946092	1	0	2	2.11875366475276
8951.489152708511	2000.0	2130.6956616536495	0.0	0	0.0	5082.18481436216	1	0	2	2.133843251764488
9979.353199458781	2000.0	2000.045210228352	0.0	0	0.0	4979.398409687133	1	0	2	2.1451695515130287
10805.608621331867	2000.0	2091.164246167957	0.0	0	0.0	4896.772867499823	1	0	2	2.1539402105225145
11700.86556766776	2000.0	2106.381605198475	0.0	0	0.0	4807.247172866235	1	0	2	2.162534564796993
12254.531113025992	2000.0	2497.3495053044207	0.0	0	0.0	4751.880618330412	1	0	2	2.1691600246989995
13117.599123313807	2000.0	2547.9746939878264	0.0	0	0.0	4665.5738173016325	1	0	2	2.176955974527584
13774.7368278119	2000.0	2825.123219039924	0.0	0	0.0	4599.860046851823	1	0	2	2.1840633365327946
14275.511089464684	2000.0	3274.271531221861	0.0	0	0.0	4549.782620686545	1	0	2	2.1895454604958497
14722.69283415246	2000.0	3782.37161206531	0.0	0	0.0	4505.06444621777	1	0	2	2.194078950586072
15456.640514600687	2000.0	3975.0291635722597	0.0	0	0.0	4431.66967817295	1	0	2	2.200622297850079
16200.0	2000.0	4157.333729633015	0.0	0	118.19167572987499	4357.333729633021	1	0	2	2.2074929357401287
18537.656767201857	6000.0	2585.9112857109712	0.0	0	0.0	4123.568052912835	1	0	2	2.7770596080236323
19123.25177341813	2000.0	2941.756778873071	0.0	0	0.0	4065.008552291207	1	0	2	1.1390738575825528
19535.006594981576	2000.0	3488.82647515328	0.0	0	0.0	4023.8330701348623	1	0	2	2.2423521540453004
21000.262013188094	6000.0	2877.0455151261135	0.0	0	0.0	3877.3075283142134	1	0	2	2.803062334350715
21573.350499955683	2000.0	3246.648179681764	0.0	0	0.0	3819.998679637454	1	0	2	1.163539763623805
22362.92768613283	2000.0	3378.113274886902	0.0	0	0.0	3741.0409610197385	1	0	2	2.2700492275235313
23532.40555730305	6000.0	3091.687616599653	0.0	0	0.0	3624.0931739027146	1	0	2	2.829129238073172
24200.0	2000.0	3357.333729633005	0.0	0	97.19485869001801	3557.3337296330174	1	0	2	1.1891436935840072
26376.309588175405	6000.0	1963.3931826400594	0.0	0	0.0	3339.7027708154783	1	0	2	2.8557460603881024
27663.250746776735	6000.0	1547.7579081785964	0.0	0	0.0	3211.008654955349	1	0	2	3.9689074001294875
28125.128778173763	2000.0	2039.6920736418683	0.0	0	0.0	3164.82085181565	1	0	2	1.2294837402352221
29199.230924891952	3000.0	1965.5899269236772	0.0	0	0.0	3164.82085181565	1	0	1	2.53193044620134
29944.180436462444	3000.0	2220.640415353183	0.0	0	0.0	3164.82085181565	1	0	1	3.1373955543095047
30563.48354540538	3000.0	2601.337306410249	0.0	0	0.0	3164.82085181565	1	0	1	3.1373955543095047
31808.914263959337	6000.0	2231.363516000898	0.0	0	0.0	3040.277779960259	1	0	2	3.0929648207525116
34095.36440538902	6000.0	716.2683604282415	0.0	0	0.0	2811.6327658172813	1	0	2	4.00638829983064
34980.67641470344	2000.0	830.9563511138165	0.0	0	0.0	2811.6327658172813	1	0	1	1.265904412078984
35750.24129052574	2000.0	1061.3914752915211	0.0	0	0.0	2811.6327658172813	1	0	1	2.5645167007470944
36361.956841739484	2000.0	1449.6759240777728	0.0	0	0.0	2811.6327658172813	1	0	1	2.5645167007470935
36998.88428749309	2000.0	1812.7484783241666	0.0	0	0.0	2811.6327658172813	1	0	1	2.5645167007470935
37608.071057343266	2000.0	2203.5617084739943	0.0	0	0.0	2811.632765817274	1	0	1	2.564516700747095
38423.363778820225	3000.0	2388.2689869970463	0.0	0	0.0	2811.632765817274	1	0	1	2.767249254801177
39200.0	2000.0	2533.9691436992994	0.0	0	186.6085192010578	2733.9691436992944	1	0	2	1.7639545954951048
40200.0	2000.0	2433.969143699303	0.0	0	363.9402520588046	2633.969143699287	1	0	2	2.378543245330018
41200.0	3000.0	2433.969143699309	0.0	0	246.4589692493755	2633.969143699287	1	0	1	2.5850156170129757
42200.0	3000.0	2433.9691436992966	0.0	0	58.873126931990555	2633.96914369928	1	0	1	3.190480725121141
43200.0	3000.0	2433.9691436992994	0.0	0	392.4305720201519	2633.96914369928	1	0	1	3.190480725121141
45463.550558317846	6000.0	944.0635295496782	0.0	0	0.0	2407.614087867507	1	0	2	3.153320568016106
46183.12010570816	3000.0	1224.4939821593641	0.0	0	0.0	2407.614087867514	1	0	1	2.3199690501443726
46925.985659356294	3000.0	1481.6284285112326	0.0	0	0.0	2407.614087867514	1	0	1	3.2131162307043177
47802.235975662225	3000.0	1605.378112205298	0.0	0	0.0	2407.6140878675214	1	0	1	3.2131162307043173
48553.74644887317	3000.0	1853.8676389943487	0.0	0	0.0	2407.6140878675214	1	0	1	3.2131162307043173
49249.72614017243	3000.0	2157.88794769508	0.0	0	0.0	2407.6140878675214	1	0	1	3.2131162307043173
50200.25105014853	3000.0	2207.363037718972	0.0	0	0.0	2407.614087867514	1	0	1	3.2131162307043177
51200.0	3000.0	2207.614087867504	0.0	0	442.19396160479664	2407.614087867514	1	0	1	3.2131162307043177
52200.0	3000.0	2207.6140878675	0.0	0	117.84260365409864	2407.614087867514	1	0	1	3.2131162307043177
53988.63064162067	6000.0	1240.1203820847654	0.0	0	0.0	2228.751023705445	1	0	2	3.1739023992950752
54572.55989665793	3000.0	1656.1911270475152	0.0	0	0.0	2228.751023705445	1	0	1	2.3378553565605795
55420.08766772568	3000.0	1808.663355979763	0.0	0	0.0	2228.751023705445	1	0	1	3.2310025371205247
56373.80148001192	3000.0	1854.9495436935167	0.0	0	0.0	2228.751023705445	1	0	1	3.2310025371205247
57506.29687853381	3000.0	1722.4541451716266	0.0	0	0.0	2228.751023705445	1	0	1	3.2310025371205247
58526.954642833865	3000.0	1701.7963808715608	0.0	0	0.0	2228.7510237054375	1	0	1	3.231002537120525
59376.34835194942	3000.0	1852.4026717560064	0.0	0	0.0	2228.751023705445	1	0	1	3.2310025371205247
60200.0	2000.0	2028.751023705434	0.0	0	27.482040602080815	2228.7510237054375	1	0	1	2.2173397668501136
61200.0	2000.0	2028.7510237054312	0.0	0	186.3851379739499	2228.7510237054375	1	0	1	2.622804874958278
62341.737636685284	3000.0	1887.0133870201428	0.0	0	0.0	2228.7510237054375	1	0	1	2.8255374290123605
63444.38434282954	3000.0	1784.3666808758908	0.0	0	0.0	2228.751023705445	1	0	1	3.2310025371205247
64468.41218282377	3000.0	1760.3388408816604	0.0	0	0.0	2228.751023705445	1	0	1	3.2310025371205247
65200.0	2000.0	2028.751023705423	0.0	0	211.84366861213493	2228.7510237054375	1	0	1	2.2173397668501136
66200.0	3000.0	2028.7510237054275	0.0	0	78.81782746470708	2228.7510237054375	1	0	1	2.8255374290123605
67200.0	3000.0	2028.7510237054398	0.0	0	362.7090996039624	2228.751023705452	1	0	1	3.2310025371205247
68200.0	3000.0	2028.7510237054416	0.0	0	428.13908411949524	2228.7510237054375	1	0	1	3.231002537120525
69832.91440485488	6000.0	1232.5451783650797	0.0	0	0.0	2065.4595832199557	1	0	2	3.189166135037799
70700.25358635341	3000.0	1365.205996866548	0.0	0	0.0	2065.4595832199557	1	0	1	2.3541845006091284
71478.34740733627	3000.0	1587.1121758836857	0.0	0	0.0	2065.4595832199557	1	0	1	3.247331681169073
72649.18974160307	3000.0	1416.269841616901	0.0	0	0.0	2065.4595832199557	1	0	1	3.247331681169073
73419.74887995627	3000.0	1645.7107032636868	0.0	0	0.0	2065.4595832199557	1	0	1	3.247331681169073
74208.07934351348	3000.0	1857.3802397064683	0.0	0	0.0	2065.4595832199557	1	0	1	3.247331681169073
75200.0	3000.0	1865.4595832199557	0.0	0	210.3797950905864	2065.459583219941	1	0	1	3.247331681169075
76346.15240825865	3000.0	1719.3071749613061	0.0	0	0.0	2065.4595832199266	1	0	1	3.2473316811690767
77200.0	3000.0	1865.4595832199593	0.0	0	268.78484611095337	2065.4595832199266	1	0	1	3.2473316811690767
78649.80408194792	6000.0	1270.6750930772391	0.0	0	0.0	1920.479175025146	1	0	2	3.2049189649553247
79632.76006134423	3000.0	1287.7191136809297	0.0	0	0.0	1920.479175025146	1	0	1	2.3686825414286092
80395.61175146066	3000.0	1524.8674235645212	0.0	0	0.0	1920.479175025146	1	0	1	3.2618297219885544
81200.0	3000.0	1720.4791750251811	0.0	0	174.7215684077819	1920.479175025146	1	0	1	3.2618297219885544
82200.0	3000.0	1720.4791750251802	0.0	0	392.0955341268709	1920.479175025146	1	0	1	3.2618297219885544
83200.0	3000.0	1720.4791750251684	0.0	0	22.75950430938974	1920.4791750251316	1	0	1	3.261829721988556
84200.0	3000.0	1720.4791750251734	0.0	0	107.65765354745963	1920.479175025146	1	0	1	3.2618297219885544
85200.0	3000.0	1720.4791750251807	0.0	0	49.54510645363189	1920.479175025146	1	0	1	3.2618297219885544
86200.0	3000.0	1720.4791750251782	0.0	0	206.77205676937592	1920.479175025146	1	0	1	3.2618297219885544
87200.0	3000.0	1720.4791750251961	0.0	0	348.18535782523395	1920.479175025146	1	0	1	3.2618297219885544
88306.85270156238	3000.0	1613.6264734628144	0.0	0	0.0	1920.4791750251316	1	0	1	3.261829721988556
89501.87652470607	2000.0	1418.60265031914	0.0	0	0.0	1920.4791750251316	1	0	1	2.2481669517181446
90258.39712082056	2000.0	1662.0820542046363	0.0	0	0.0	1920.4791750251316	1	0	1	2.6536320598263092
91200.0	3000.0	1720.4791750251966	0.0	0	57.62284166095196	1920.4791750251316	1	0	1	2.8563646138803915
92228.51936303578	3000.0	1691.9598119894058	0.0	0	0.0	1920.4791750251316	1	0	1	3.261829721988556
93200.0	3000.0	1720.4791750251902	0.0	0	222.54587934193842	1920.4791750251316	1	0	1	3.261829721988556
94200.0	3000.0	1720.479175025181	0.0	0	245.97321303178614	1920.4791750251316	1	0	1	3.261829721988556
95200.0	3000.0	1720.4791750251861	0.0	0	320.82434355422447	1920.479175025117	1	0	1	3.2618297219885575
96200.0	3000.0	1720.4791750251798	0.0	0	201.7004153948219	1920.4791750251024	1	0	1	3.261829721988559
97200.0	3000.0	1720.479175025181	0.0	0	94.9666679227812	1920.4791750251024	1	0	1	3.261829721988559
98200.0	3000.0	1720.479175025186	0.0	0	234.98660454622586	1920.479175025117	1	0	1	3.2618297219885575
99200.0	3000.0	1720.4791750251732	0.0	0	238.57620219656383	1920.479175025117	1	0	1	3.2618297219885575
100200.0	3000.0	1720.4791750251784	0.0	0	299.9743493724527	1920.479175025117	1	0	1	3.2618297219885575
101371.5845796244	3000.0	1548.894595400786	0.0	0	0.0	1920.479175025117	1	0	1	3.2618297219885575
102293.90324578177	3000.0	1626.5759292434268	0.0	0	0.0	1920.479175025117	1	0	1	3.2618297219885575
103305.56832599628	3000.0	1614.9108490289125	0.0	0	0.0	1920.479175025117	1	0	1	3.2618297219885575
104200.0	2000.0	1720.4791750252054	0.0	0	392.28356268582866	1920.4791750251024	1	0	1	2.2481669517181473
105258.09911886853	3000.0	1662.3800561566748	0.0	0	0.0	1920.4791750251024	1	0	1	2.856364613880394
106200.0	3000.0	1720.4791750252123	0.0	0	357.2736851496593	1920.4791750251024	1	0	1	3.261829721988559
107200.0	3000.0	1720.4791750252193	0.0	0	106.68485334400611	1920.4791750251024	1	0	1	3.261829721988559
108200.0	3000.0	1720.4791750252239	0.0	0	279.4729272644181	1920.4791750251024	1	0	1	3.261829721988559
109518.21466368133	6000.0	1534.0859777120177	0.0	0	0.0	2052.300641393216	1	0	0	3.198753886784452
110345.87857027548	3000.0	1706.4220711178652	0.0	0	0.0	2052.300641393216	1	0	1	2.3555003947918025
111200.0	3000.0	1852.3006413933479	0.0	0	264.4907992275548	2052.300641393216	1	0	1	3.2486475753517476
112200.0	3000.0	1852.300641393326	0.0	0	363.3995175747259	2052.3006413932017	1	0	1	3.248647575351749
113786.77552470042	6000.0	1106.84756422284	0.0	0	0.0	1893.6230889231374	1	0	2	3.206006458007641
114560.47215313959	2000.0	1333.150935783674	0.0	0	0.0	1893.6230889231374	1	0	1	1.357705379768399
115376.19677132939	3000.0	1517.4263175938718	0.0	0	0.0	1893.6230889231229	1	0	1	2.859050222490592
116200.0	3000.0	1693.6230889232643	0.0	0	127.69289138652675	1893.6230889231083	1	0	1	3.2645153305987584
117200.0	3000.0	1693.6230889232802	0.0	0	320.9195814343402	1893.6230889231083	1	0	1	3.2645153305987584
118200.0	3000.0	1693.6230889232845	0.0	0	381.9766567095794	1893.6230889231083	1	0	1	3.2645153305987584
119334.02756572056	6000.0	1446.1927666306767	0.0	0	0.0	1780.2203323510766	1	0	2	3.2192696075813725
120500.59251833473	6000.0	1396.2843092779212	0.0	0	0.0	1896.8768276124756	1	0	0	3.7068811562499455
121447.31779934719	3000.0	1449.5590282654375	0.0	0	0.0	1896.8768276124756	1	0	1	2.371042776169877
122442.69332301518	3000.0	1454.1835045974487	0.0	0	0.0	1896.8768276124756	1	0	1	3.2641899567298216
123403.2716787449	3000.0	1493.6051488677203	0.0	0	0.0	1896.8768276124756	1	0	1	3.2641899567298216
124200.0	3000.0	1696.8768276126314	0.0	0	225.61546827520942	1896.8768276124756	1	0	1	3.2641899567298216
125200.0	3000.0	1696.876827612638	0.0	0	509.5929025912192	1896.8768276124756	1	0	1	3.2641899567298216
126470.02649622876	6000.0	1299.8476817609912	0.0	0	0.0	1769.874177989579	1	0	2	3.2202563531449533
127200.0	3000.0	1569.8741779897587	0.0	0	99.65353256950038	1769.874177989579	1	0	1	2.383743041132166
128200.0	3000.0	1569.8741779897593	0.0	0	5.065009892074158	1769.874177989579	1	0	1	3.2768902216921116
129200.0	3000.0	1569.8741779897532	0.0	0	315.9738893220783	1769.874177989579	1	0	1	3.2768902216921116
130200.0	3000.0	1569.8741779897473	0.0	0	121.91455974515702	1769.8741779895645	1	0	1	3.2768902216921125
131200.0	3000.0	1569.8741779897239	0.0	0	32.504049020732054	1769.87417798955	1	0	1	3.276890221692113
132221.07912673848	3000.0	1548.795051251259	0.0	0	0.0	1769.87417798955	1	0	1	3.276890221692114
133200.0	3000.0	1569.874177989715	0.0	0	344.1801891262876	1769.8741779895208	1	0	1	3.276890221692116
134305.85698816445	3000.0	1464.017189825242	0.0	0	0.0	1769.8741779895208	1	0	1	3.276890221692117
135217.60670221664	3000.0	1552.267475773084	0.0	0	0.0	1769.87417798955	1	0	1	3.2768902216921143
136517.35094375763	3000.0	1252.5232342321099	0.0	0	0.0	1769.87417798955	1	0	1	3.2768902216921143
137543.67734294638	3000.0	1226.1968350433754	0.0	0	0.0	1769.87417798955	1	0	1	3.2768902216921143
138362.378583149	2000.0	1407.4955948407685	0.0	0	0.0	1769.87417798955	1	0	1	2.2632274514217023
139200.0	3000.0	1569.8741779897696	0.0	0	267.38987964377156	1769.87417798955	1	0	1	2.8714251135839497
140200.0	3000.0	1569.8741779897887	0.0	0	469.9439530122618	1769.87417798955	1	0	1	3.2768902216921143
141200.0	3000.0	1569.8741779898028	0.0	0	120.28905710155959	1769.87417798955	1	0	1	3.2768902216921143
142200.0	3000.0	1569.874177989808	0.0	0	9.384736443025758	1769.87417798955	1	0	1	3.2768902216921143
143212.35723807738	3000.0	1557.5169399123904	0.0	0	0.0	1769.8741779895208	1	0	1	3.276890221692117
144200.0	3000.0	1569.8741779897666	0.0	0	132.1012816435541	1769.8741779895208	1	0	1	3.276890221692117
145344.76279859128	3000.0	1425.1113793984755	0.0	0	0.0	1769.8741779895208	1	0	1	3.276890221692117
146200.0	3000.0	1569.8741779897532	0.0	0	111.96528213727288	1769.8741779895208	1	0	1	3.276890221692117
147380.17394682922	3000.0	1389.7002311605386	0.0	0	0.0	1769.8741779895208	1	0	1	3.276890221692117
148200.0	3000.0	1569.8741779897084	0.0	0	146.6185905371094	1769.8741779895208	1	0	1	3.276890221692117
149277.73552497177	3000.0	1492.1386530179434	0.0	0	0.0	1769.8741779894917	1	0	1	3.2768902216921196
150200.0	3000.0	1569.874177989706	0.0	0	86.32342085978598	1769.8741779895208	1	0	1	3.276890221692117
151477.87592711812	3000.0	1291.998250871574	0.0	0	0.0	1769.8741779894917	1	0	1	3.2768902216921196
152513.64426546823	3000.0	1256.229912521448	0.0	0	0.0	1769.8741779894917	1	0	1	3.2768902216921196
153455.93454347036	2000.0	1313.9396345193184	0.0	0	0.0	1769.8741779894917	1	0	1	2.263227451421708
154200.0	2000.0	1569.8741779896573	0.0	0	17.144042633852223	1769.8741779894917	1	0	1	2.6686925595298727
155200.0	2000.0	1569.8741779896893	0.0	0	412.4193687980005	1769.8741779894917	1	0	1	2.6686925595298727
156446.5249030503	3000.0	1323.3492749393972	0.0	0	0.0	1769.8741779894917	1	0	1	2.871425113583955
157692.31404711126	2000.0	1077.560130878406	0.0	0	0.0	1769.8741779894917	1	0	1	2.263227451421708
158430.85974176507	2000.0	1339.014436224593	0.0	0	0.0	1769.8741779894626	1	0	1	2.668692559529875
159200.0	2000.0	1569.8741779896345	0.0	0	162.54751401187968	1769.8741779894626	1	0	1	2.668692559529876
160200.0	2000.0	1569.874177989664	0.0	0	158.41992424445925	1769.8741779894917	1	0	1	2.6686925595298727
161200.0	2000.0	1569.874177989657	0.0	0	195.21746179042384	1769.8741779895208	1	0	1	2.66869255952987
162471.47371246084	3000.0	1298.4004655287945	0.0	0	0.0	1769.8741779894626	1	0	1	2.871425113583957
163487.9416241644	3000.0	1281.9325538252583	0.0	0	0.0	1769.8741779894917	1	0	1	3.2768902216921196
164404.02363512875	3000.0	1365.850542860894	0.0	0	0.0	1769.8741779894626	1	0	1	3.2768902216921214
165259.52846523718	3000.0	1510.3457127524878	0.0	0	0.0	1769.8741779894917	1	0	1	3.2768902216921196
166365.58685411752	3000.0	1404.2873238721536	0.0	0	0.0	1769.8741779894917	1	0	1	3.2768902216921196
167242.7401494743	2000.0	1527.1340285153742	0.0	0	0.0	1769.8741779894917	1	0	1	2.263227451421708
168200.0	2000.0	1569.8741779896366	0.0	0	164.67214037920348	1769.8741779894626	1	0	1	2.668692559529876
169200.0	2000.0	1569.8741779896236	0.0	0	420.62272450112505	1769.8741779894626	1	0	1	2.668692559529876
170200.0	3000.0	1569.8741779895947	0.0	0	199.09241784337792	1769.8741779894626	1	0	1	2.8714251135839586
171200.0	3000.0	1569.8741779895993	0.0	0	96.62782393625821	1769.8741779894626	1	0	1	3.276890221692123
172203.8529789765	3000.0	1566.021199013119	0.0	0	0.0	1769.8741779894626	1	0	1	3.276890221692123
173200.0	3000.0	1569.8741779896031	0.0	0	241.09684806657606	1769.8741779894626	1	0	1	3.276890221692123
174200.0	3000.0	1569.8741779896025	0.0	0	116.59491937491111	1769.8741779894626	1	0	1	3.276890221692123
175200.0	3000.0	1569.8741779895859	0.0	0	401.9279902292765	1769.8741779894917	1	0	1	3.2768902216921196
176200.0	3000.0	1569.8741779896193	0.0	0	313.6142628218804	1769.8741779894917	1	0	1	3.2768902216921196
177282.23699040516	3000.0	1487.6371875844918	0.0	0	0.0	1769.8741779895208	1	0	1	3.276890221692117
178374.97706445467	3000.0	1394.8971135349614	0.0	0	0.0	1769.8741779894917	1	0	1	3.276890221692118
179200.0	3000.0	1569.8741779896213	0.0	0	9.407118016766617	1769.8741779894917	1	0	1	3.2768902216921196
180200.0	3000.0	1569.8741779896052	0.0	0	230.0834343189199	1769.8741779894626	1	0	1	3.276890221692123
181200.0	3000.0	1569.8741779895956	0.0	0	42.47144775139168	1769.8741779894626	1	0	1	3.276890221692123
182637.07901788087	3000.0	1132.7951601087088	0.0	0	0.0	1769.8741779894626	1	0	1	3.276890221692123
183961.9056332124	3000.0	807.9685447771747	0.0	0	0.0	1769.8741779894335	1	0	1	3.276890221692126
184579.59119667637	2000.0	1190.2829813132041	0.0	0	0.0	1769.8741779894335	1	0	1	2.2632274514217143
185200.0	2000.0	1569.8741779896034	0.0	0	16.819678454194218	1769.8741779894626	1	0	1	2.6686925595298785
186200.0	2000.0	1569.874177989618	0.0	0	231.84830730428803	1769.8741779894626	1	0	1	2.668692559529876
187200.0	2000.0	1569.874177989586	0.0	0	535.6524936660717	1769.8741779894626	1	0	1	2.668692559529876
188200.0	3000.0	1569.8741779895781	0.0	0	84.18330457556294	1769.8741779894626	1	0	1	2.8714251135839586
189200.0	3000.0	1569.874177989551	0.0	0	15.745935591839952	1769.8741779894335	1	0	1	3.2768902216921236
190350.78963128978	3000.0	1419.0845466997741	0.0	0	0.0	1769.8741779894335	1	0	1	3.276890221692126
191200.0	3000.0	1569.874177989545	0.0	0	168.32841421914054	1769.8741779894335	1	0	1	3.276890221692126
192200.0	3000.0	1569.8741779895504	0.0	0	62.709445538552245	1769.8741779894335	1	0	1	3.276890221692126
193200.0	3000.0	1569.874177989546	0.0	0	256.17230353693594	1769.8741779894335	1	0	1	3.276890221692126
194585.92298503037	3000.0	1183.951192959175	0.0	0	0.0	1769.8741779894335	1	0	1	3.276890221692126
195387.5517611587	3000.0	1382.3224168308143	0.0	0	0.0	1769.8741779894044	1	0	1	3.276890221692127
196200.0	3000.0	1569.8741779895386	0.0	0	43.1998128911946	1769.8741779894044	1	0	1	3.2768902216921285
197200.0	3000.0	1569.8741779895804	0.0	0	98.15220703880186	1769.8741779894044	1	0	1	3.2768902216921285
198200.0	3000.0	1569.8741779895633	0.0	0	266.1575139495835	1769.8741779894044	1	0	1	3.2768902216921285
199200.0	3000.0	1569.8741779895734	0.0	0	99.61988508029026	1769.8741779894044	1	0	1	3.2768902216921285
200200.0	3000.0	1569.8741779895893	0.0	0	267.37612072503543	1769.8741779894044	1	0	1	3.2768902216921285
201200.0	3000.0	1569.8741779895772	0.0	0	270.24171107442817	1769.8741779894044	1	0	1	3.2768902216921285
202200.0	3000.0	1569.8741779895572	0.0	0	106.74141651421087	1769.8741779894044	1	0	1	3.2768902216921285
203200.0	3000.0	1569.874177989546	0.0	0	468.7076970390917	1769.8741779894044	1	0	1	3.2768902216921285
204200.0	3000.0	1569.8741779895297	0.0	0	81.07225145059056	1769.8741779894044	1	0	1	3.2768902216921285
205200.0	3000.0	1569.8741779894885	0.0	0	80.91528269919218	1769.8741779893753	1	0	1	3.276890221692131
206380.52872097256	3000.0	1389.3454570169272	0.0	0	0.0	1769.8741779893753	1	0	1	3.276890221692131
207429.59103509126	3000.0	1340.2831428982247	0.0	0	0.0	1769.8741779893753	1	0	1	3.276890221692131
208398.9169691693	3000.0	1370.9572088201708	0.0	0	0.0	1769.8741779893753	1	0	1	3.276890221692131
209265.76785028022	2000.0	1504.106327709267	0.0	0	0.0	1769.8741779893753	1	0	1	2.2632274514217197
210200.0	3000.0	1569.87417798947	0.0	0	108.90687653966597	1769.8741779893753	1	0	1	2.8714251135839666
211506.30999314671	3000.0	1263.564184842729	0.0	0	0.0	1769.8741779893462	1	0	1	3.2768902216921347
212229.3744158641	2000.0	1540.499762125343	0.0	0	0.0	1769.8741779893462	1	0	1	2.263227451421723
213244.44278785205	3000.0	1525.4313901374092	0.0	0	0.0	1769.8741779893462	1	0	1	2.87142511358397
214408.48259221166	3000.0	1361.3915857778165	0.0	0	0.0	1769.8741779893462	1	0	1	3.2768902216921347
215372.57643751605	3000.0	1397.2977404734195	0.0	0	0.0	1769.8741779893462	1	0	1	3.2768902216921347
216200.0	3000.0	1569.8741779894708	0.0	0	146.21794573092484	1769.874177989317	1	0	1	3.2768902216921374
217200.0	3000.0	1569.8741779894838	0.0	0	502.0189066544117	1769.874177989288	1	0	1	3.27689022169214
218200.0	3000.0	1569.8741779894817	0.0	0	187.93943250039592	1769.874177989288	1	0	1	3.27689022169214
219435.22484894976	3000.0	1334.649329039707	0.0	0	0.0	1769.874177989288	1	0	1	3.27689022169214
220311.28940691933	3000.0	1458.584771070112	0.0	0	0.0	1769.874177989288	1	0	1	3.27689022169214
221200.0	3000.0	1569.8741779894344	0.0	0	93.24411489564227	1769.874177989288	1	0	1	3.27689022169214
222239.69404091957	3000.0	1530.1801370698684	0.0	0	0.0	1769.874177989288	1	0	1	3.27689022169214
223313.42569195776	3000.0	1456.4484860316932	0.0	0	0.0	1769.874177989288	1	0	1	3.27689022169214
224200.0	3000.0	1569.8741779894665	0.0	0	401.77851252045366	1769.874177989288	1	0	1	3.27689022169214
225200.0	3000.0	1569.8741779894865	0.0	0	23.606418067909544	1769.874177989317	1	0	1	3.2768902216921374
226200.0	3000.0	1569.8741779894924	0.0	0	475.76218158824486	1769.874177989288	1	0	1	3.27689022169214
227200.0	3000.0	1569.8741779894651	0.0	0	188.3131977005396	1769.874177989259	1	0	1	3.276890221692143
228200.0	3000.0	1569.8741779894794	0.0	0	236.72014419041807	1769.874177989288	1	0	1	3.27689022169214
229200.0	3000.0	1569.8741779894572	0.0	0	301.7290291353711	1769.874177989288	1	0	1	3.27689022169214
230200.0	3000.0	1569.874177989456	0.0	0	199.64107654988766	1769.874177989259	1	0	1	3.276890221692143
231200.0	3000.0	1569.874177989458	0.0	0	99.14322490800987	1769.874177989259	1	0	1	3.276890221692143
232200.0	3000.0	1569.874177989464	0.0	0	81.55016552918823	1769.874177989288	1	0	1	3.27689022169214
233200.0	3000.0	1569.8741779894447	0.0	0	372.2985276989639	1769.874177989288	1	0	1	3.27689022169214
234200.0	3000.0	1569.8741779894522	0.0	0	7.792302649380872	1769.874177989288	1	0	1	3.27689022169214
235230.75103047187	3000.0	1539.1231475176232	0.0	0	0.0	1769.874177989317	1	0	1	3.2768902216921396
236200.0	3000.0	1569.8741779894788	0.0	0	267.29752899258165	1769.874177989317	1	0	1	3.2768902216921374
237651.0152391299	3000.0	1118.858938859571	0.0	0	0.0	1769.874177989288	1	0	1	3.2768902216921383
238725.55105668656	2000.0	1044.3231213028826	0.0	0	0.0	1769.874177989288	1	0	1	2.2632274514217285
239268.9150049268	2000.0	1500.9591730626357	0.0	0	0.0	1769.874177989317	1	0	1	2.6686925595298905
240200.0	3000.0	1569.8741779894258	0.0	0	154.6365405858669	1769.874177989317	1	0	1	2.871425113583973
241200.0	3000.0	1569.8741779894194	0.0	0	183.7323525607644	1769.874177989317	1	0	1	3.2768902216921374
242200.0	3000.0	1569.8741779894024	0.0	0	57.04717259903555	1769.874177989288	1	0	1	3.27689022169214
243200.0	3000.0	1569.874177989429	0.0	0	23.310805490240455	1769.874177989288	1	0	1	3.27689022169214
244200.0	3000.0	1569.8741779894056	0.0	0	370.74829318359843	1769.874177989288	1	0	1	3.27689022169214
245200.0	3000.0	1569.8741779894033	0.0	0	77.49725494257291	1769.874177989288	1	0	1	3.27689022169214
246200.0	3000.0	1569.8741779894015	0.0	0	145.3937463130569	1769.874177989288	1	0	1	3.27689022169214
247200.0	3000.0	1569.874177989443	0.0	0	226.4292692997551	1769.874177989288	1	0	1	3.27689022169214
248200.0	3000.0	1569.874177989422	0.0	0	11.305844417918706	1769.874177989259	1	0	1	3.276890221692143
249200.0	3000.0	1569.874177989425	0.0	0	243.82636609583278	1769.874177989259	1	0	1	3.276890221692143
250422.11429295532	3000.0	1347.7598850340942	0.0	0	0.0	1769.874177989259	1	0	1	3.276890221692143
251200.0	2000.0	1569.8741779894108	0.0	0	2.6635758202755824	1769.874177989259	1	0	1	2.2632274514217317
252200.0	3000.0	1569.8741779894146	0.0	0	266.9568346559827	1769.874177989259	1	0	1	2.8714251135839786
253200.0	3000.0	1569.874177989398	0.0	0	85.50809410127113	1769.8741779892298	1	0	1	3.2768902216921463
254253.5974465362	3000.0	1516.2767314531843	0.0	0	0.0	1769.8741779892298	1	0	1	3.2768902216921463
255200.0	3000.0	1569.8741779893746	0.0	0	258.565944218135	1769.8741779892298	1	0	1	3.2768902216921463
256200.0	3000.0	1569.874177989379	0.0	0	389.72583929018583	1769.8741779892298	1	0	1	3.2768902216921463
257200.0	3000.0	1569.8741779893994	0.0	0	270.74569557295763	1769.8741779892298	1	0	1	3.2768902216921463
258200.0	3000.0	1569.8741779893837	0.0	0	389.17972796657705	1769.8741779892298	1	0	1	3.2768902216921463
259477.09392866638	6000.0	1420.4896421896467	0.0	0	0.0	1897.5835708558734	1	0	0	3.2138922668868464
260200.0	3000.0	1697.583570856042	0.0	0	146.67650608738768	1897.5835708559025	1	0	1	2.370972101845534
261200.0	3000.0	1697.5835708560703	0.0	0	336.4696060998249	1897.5835708559316	1	0	1	3.264119282405476
262679.1254132494	6000.0	1070.5456162817059	0.0	0	0.0	1749.6710295309895	1	0	2	3.220484192175177
263503.796583797	2000.0	1245.8744457340747	0.0	0	0.0	1749.6710295309895	1	0	1	1.3721005857076134
264223.5572368367	3000.0	1526.113792694406	0.0	0	0.0	1749.6710295310477	1	0	1	2.8734454284298043
265214.3718869227	3000.0	1535.2991426084052	0.0	0	0.0	1749.6710295309895	1	0	1	3.278910536537966
266200.0	3000.0	1549.671029531061	0.0	0	205.12537807715125	1749.6710295310477	1	0	1	3.2789105365379645
267200.0	3000.0	1549.671029531117	0.0	0	497.8109187716036	1749.6710295310477	1	0	1	3.2789105365379645
268826.50433667644	6000.0	1085.81712652232	0.0	0	0.0	1912.3214631986339	1	0	0	3.213166144783193
269635.8090798338	3000.0	1276.5123833649936	0.0	0	0.0	1912.3214631986339	1	0	1	2.3694983126112605
270237.6236431374	3000.0	1674.6978200614406	0.0	0	0.0	1912.3214631986339	1	0	1	3.2626454931712057
271364.6081451937	3000.0	1547.7133180051392	0.0	0	0.0	1912.3214631986339	1	0	1	3.2626454931712057
272312.78940407507	3000.0	1599.5320591238528	0.0	0	0.0	1912.321463198692	1	0	1	3.2626454931712
273200.0	3000.0	1712.3214631989213	0.0	0	72.18646011064993	1912.321463198692	1	0	1	3.2626454931712
274200.0	3000.0	1712.3214631989154	0.0	0	188.60612959816353	1912.321463198692	1	0	1	3.2626454931712
275780.2184383167	6000.0	974.0811810505385	0.0	0	0.0	1754.2996193671133	1	0	2	3.2210383783635868
276595.1991632593	3000.0	1159.100456107879	0.0	0	0.0	1754.2996193671133	1	0	1	2.3853004969944127
277531.57023322256	3000.0	1222.7293861446387	0.0	0	0.0	1754.2996193670551	1	0	1	3.2784476775543627
278319.8380827544	3000.0	1434.4615366128573	0.0	0	0.0	1754.2996193670551	1	0	1	3.2784476775543636
279200.0	3000.0	1554.2996193672666	0.0	0	256.82790045131696	1754.299619366997	1	0	1	3.27844767755437
280200.0	3000.0	1554.299619367258	0.0	0	97.62706306111068	1754.299619366997	1	0	1	3.27844767755437
281200.0	3000.0	1554.2996193672527	0.0	0	181.79088765976485	1754.299619366997	1	0	1	3.27844767755437
282200.0	3000.0	1554.2996193672084	0.0	0	422.0058487429051	1754.299619366997	1	0	1	3.27844767755437
283207.1344468071	3000.0	1547.165172560042	0.0	0	0.0	1754.2996193669387	1	0	1	3.278447677554375
284200.0	3000.0	1554.299619367142	0.0	0	72.25495983759174	1754.2996193669387	1	0	1	3.278447677554375
285553.588933686	3000.0	1200.7106856810842	0.0	0	0.0	1754.2996193669387	1	0	1	3.278447677554375
286392.91101370665	3000.0	1361.3886056604642	0.0	0	0.0	1754.2996193669387	1	0	1	3.278447677554375
287200.0	2000.0	1554.2996193671038	0.0	0	127.51287584850797	1754.2996193669387	1	0	1	2.2647849072839636
288200.0	3000.0	1554.2996193671092	0.0	0	210.2005694480613	1754.2996193669387	1	0	1	2.8729825694462106
289200.0	3000.0	1554.2996193671186	0.0	0	128.127512921812	1754.2996193669387	1	0	1	3.278447677554375
290200.0	3000.0	1554.2996193671436	0.0	0	366.82194684044225	1754.2996193669387	1	0	1	3.278447677554375
291200.0	3000.0	1554.2996193671595	0.0	0	21.683684728865046	1754.2996193669387	1	0	1	3.278447677554375
292200.0	3000.0	1554.2996193671866	0.0	0	52.18030708486913	1754.299619366997	1	0	1	3.27844767755437
293200.0	3000.0	1554.299619367241	0.0	0	479.41660054348176	1754.299619366997	1	0	1	3.27844767755437
294244.0707544588	3000.0	1510.2288649084821	0.0	0	0.0	1754.2996193669387	1	0	1	3.2784476775543707
295200.0	3000.0	1554.2996193672084	0.0	0	92.48692251188913	1754.2996193668805	1	0	1	3.2784476775543814
296478.7783875091	3000.0	1275.5212318581493	0.0	0	0.0	1754.2996193669387	1	0	1	3.278447677554375
297535.51291599305	3000.0	1218.7867033741263	0.0	0	0.0	1754.2996193668805	1	0	1	3.2784476775543814
298248.74732730177	2000.0	1505.552292065498	0.0	0	0.0	1754.2996193668805	1	0	1	2.2647849072839694
299200.0	3000.0	1554.2996193672682	0.0	0	3.2716711343382485	1754.2996193668805	1	0	1	2.8729825694462168
300419.3869705797	3000.0	1334.9126487875958	0.0	0	0.0	1754.2996193668805	1	0	1	3.2784476775543814
3.14	2.84	1.22	2.1	2.84	2.97	2.92	3.05	3.39	3.8	3.64	2.37	2.47	3.15	4.38	3.79	2.81	4.12	3.52	3.76	3.88	4.29	3.46	3.41	4.56	4.33	3.85	2.59	3.29	2.47	2.84	3.06	3.54	3.07	2.79	3.21	4.09	3.86	3.34	2.37	3.82	4.47	3.66	3.65	3.41	4.8	3.79	3.39	4.78	3.76	3.89	3.73	3.26	3.72	2.4	3.22	2.99	2.73	3.68	3.05	3.31	4.46	4.89	4.25	3.37	3.28	2.98	3.08	3.29	4.98	3.09	5.47	3.35	3.75	3.88	4.15	4.09	3.82	4.07	3.38	3.13	5.09	3.01	1.55	2.83	4.56	2.88	3.31	4.01	4.31	4.03	3.17	3.89	3.52	3.9	2.88	2.64	4.31	3.46	3.67	4.43	4.38	4.18	4.01	4.25	4.36	5.16	4.84	2.8	3.45	3.38	4.92	6.26	4.0	4.15	4.1	3.57	4.0	4.44	5.19	3.68	4.45	4.04	4.68	4.2	4.29	3.73	5.0	3.15	3.44	2.78	3.92	2.9	4.39	4.41	3.71	3.66	3.02	4.56	3.13	3.81	2.69	3.93	2.92	3.22	3.27	3.14	2.64	2.72	4.31	3.14	2.84	1.22	2.1	2.84	2.97	2.92	3.05	3.39	3.8	3.64	2.37	2.47	3.15	4.38	3.79	2.81	4.12	3.52	3.76	3.88	4.29	3.46	3.41	4.56	4.33	3.85	2.59	3.29	2.47	2.84	3.06	3.54	3.07	2.79	3.21	4.09	3.86	3.34	2.37	3.82	4.47	3.66	3.65	3.41	4.8	3.79	3.39	4.78	3.76	3.89	3.73	3.26	3.72	2.4	3.22	2.99	2.73	3.68	3.05	3.31	4.46	4.89	4.25	3.37	3.28	2.98	3.08	3.29	4.98	3.09	5.47	3.35	3.75	3.88	4.15	4.09	3.82	4.07	3.38	3.13	5.09	3.01	1.55	2.83	4.56	2.88	3.31	4.01	4.31	4.03	3.17	3.89	3.52	3.9	2.88	2.64	4.31	3.46	3.67	4.43	4.38	4.18	4.01	4.25	4.36	5.16	4.84	2.8	3.45	3.38	4.92	6.26	4.0	4.15	4.1	3.57	4.0	4.44	5.19	3.68	4.45	4.04	4.68	4.2	4.29	3.73	5.0	3.15	3.44	2.78	3.92	2.9	4.39	4.41	3.71	3.66	3.02	4.56	3.13	3.81	2.69	3.93	2.92	3.22	3.27	3.14	2.64
1.0	2.0	3.0	4.0	5.0	6.0	7.0	8.0	9.0	10.0	11.0	12.0	13.0	14.0	15.0	16.0	17.0	18.0	19.0	20.0	21.0	22.0	23.0	24.0	25.0	26.0	27.0	28.0	29.0	30.0	31.0	32.0	33.0	34.0	35.0	36.0	37.0	38.0	39.0	40.0	41.0	42.0	43.0	44.0	45.0	46.0	47.0	48.0	49.0	50.0	51.0	52.0	53.0	54.0	55.0	56.0	57.0	58.0	59.0	60.0	61.0	62.0	63.0	64.0	65.0	66.0	67.0	68.0	69.0	70.0	71.0	72.0	73.0	74.0	75.0	76.0	77.0	78.0	79.0	80.0	81.0	82.0	83.0	84.0	85.0	86.0	87.0	88.0	89.0	90.0	91.0	92.0	93.0	94.0	95.0	96.0	97.0	98.0	99.0	100.0	101.0	102.0	103.0	104.0	105.0	106.0	107.0	108.0	109.0	110.0	111.0	112.0	113.0	114.0	115.0	116.0	117.0	118.0	119.0	120.0	121.0	122.0	123.0	124.0	125.0	126.0	127.0	128.0	129.0	130.0	131.0	132.0	133.0	134.0	135.0	136.0	137.0	138.0	139.0	140.0	141.0	142.0	143.0	144.0	145.0	146.0	147.0	148.0	149.0	149.0	150.0	151.0	152.0	153.0	154.0	155.0	156.0	157.0	158.0	159.0	160.0	161.0	162.0	163.0	164.0	165.0	166.0	167.0	168.0	169.0	170.0	171.0	172.0	173.0	174.0	175.0	176.0	177.0	178.0	179.0	180.0	181.0	182.0	183.0	184.0	185.0	186.0	187.0	188.0	189.0	190.0	191.0	192.0	193.0	194.0	195.0	196.0	197.0	198.0	199.0	200.0	201.0	202.0	203.0	204.0	205.0	206.0	207.0	208.0	209.0	210.0	211.0	212.0	213.0	214.0	215.0	216.0	217.0	218.0	219.0	220.0	221.0	222.0	223.0	224.0	225.0	226.0	227.0	228.0	229.0	230.0	231.0	232.0	233.0	234.0	235.0	236.0	237.0	238.0	239.0	240.0	241.0	242.0	243.0	244.0	245.0	246.0	247.0	248.0	249.0	250.0	251.0	252.0	253.0	254.0	255.0	256.0	257.0	258.0	259.0	260.0	261.0	262.0	263.0	264.0	265.0	266.0	267.0	268.0	269.0	270.0	271.0	272.0	273.0	274.0	275.0	276.0	277.0	278.0	279.0	280.0	281.0	282.0	283.0	284.0	285.0	286.0	287.0	288.0	289.0	290.0	291.0	292.0	293.0	294.0	295.0	296.0	297.0
5179.408468515749
