5344.227727535845	1000.0	2000.0	120.44069613239611	0	0.0	5344.227727535845	1	0	0	-1.052814317270562
5628.408135589485	3000.0	2687.4015511409966	0.0	0	0.0	5315.809686730482	1	0	2	1.2230153912886608
6063.744793909202	3000.0	3208.5312269893093	0.0	0	0.0	5272.27602089851	1	0	2	2.7256059300597855
6347.701830020297	3000.0	3896.1784872671046	0.0	0	0.0	5243.880317287401	1	0	2	2.7288173079104494
7147.637202239021	6000.0	4016.249577826509	0.0	0	0.0	5163.886780065528	1	0	2	3.082047843412514
7868.9865131124425	6000.0	4222.765335865744	0.0	0	0.0	5091.751848978185	1	0	2	3.782613309564276
8653.844494329644	6000.0	4437.907354648542	0.0	0	0.0	5091.751848978186	1	0	1	3.7844232254331676
9538.620440077175	6000.0	4553.131408901011	0.0	0	0.0	5091.751848978186	1	0	1	3.9844232254331677
10435.31959344704	6000.0	4656.432255531146	0.0	0	0.0	5091.751848978187	1	0	1	3.9844232254331677
11200.0	6000.0	4815.283808322891	0.0	0	153.94959539747833	5015.283808322891	1	0	2	3.589288113993452
12200.0	6000.0	4715.283808322891	0.0	0	276.54342284190534	4915.283808322891	1	0	2	3.79845628968624
13200.0	6000.0	4615.283808322892	0.0	0	168.75210536471423	4815.283808322891	1	0	2	3.8086535924621616
14200.0	6000.0	4615.283808322894	0.0	0	94.36481748551705	4815.283808322893	1	0	1	3.812070029498697
15200.0	6000.0	4615.283808322895	0.0	0	450.520864346925	4815.283808322893	1	0	1	4.012070029498697
16200.0	6000.0	4615.283808322897	0.0	0	79.57913021411514	4815.283808322894	1	0	1	4.012070029498697
17200.0	6000.0	4615.283808322895	0.0	0	375.8270835654221	4815.283808322893	1	0	1	4.012070029498697
18200.0	6000.0	4615.283808322894	0.0	0	490.21048741207414	4815.283808322894	1	0	1	4.012070029498697
19200.0	6000.0	4615.283808322896	0.0	0	393.69066205007766	4815.283808322896	1	0	1	4.012070029498696
20200.0	6000.0	4615.283808322891	0.0	0	516.9787318608105	4815.283808322891	1	0	1	4.012070029498697
21200.0	6000.0	4615.28380832289	0.0	0	22.34916876081843	4815.283808322889	1	0	1	4.012070029498698
22200.0	6000.0	4615.283808322888	0.0	0	414.6581719015885	4815.283808322889	1	0	1	4.012070029498698
23200.0	6000.0	4615.283808322884	0.0	0	169.8323928330792	4815.283808322889	1	0	1	4.012070029498698
24200.0	6000.0	4615.2838083228835	0.0	0	414.7596441964997	4815.283808322889	1	0	1	4.012070029498698
25200.0	6000.0	4615.283808322884	0.0	0	200.69070586572343	4815.283808322889	1	0	1	4.012070029498698
26200.0	6000.0	4615.283808322883	0.0	0	245.4516796039352	4815.283808322889	1	0	1	4.012070029498698
27200.0	6000.0	4615.283808322889	0.0	0	502.73192326589924	4815.283808322889	1	0	1	4.012070029498698
28200.0	6000.0	4615.28380832289	0.0	0	453.1574200128489	4815.283808322885	1	0	1	4.012070029498698
29200.0	6000.0	4615.283808322887	0.0	0	116.14456494120896	4815.283808322885	1	0	1	4.012070029498698
30200.0	6000.0	4615.283808322888	0.0	0	126.53904110846997	4815.283808322889	1	0	1	4.012070029498698
31200.0	6000.0	4615.283808322887	0.0	0	42.12357137707295	4815.283808322889	1	0	1	4.012070029498698
32200.0	6000.0	4615.283808322888	0.0	0	299.7825232729738	4815.283808322889	1	0	1	4.012070029498698
33200.0	6000.0	4615.28380832289	0.0	0	519.425303070253	4815.283808322889	1	0	1	4.012070029498698
34200.0	6000.0	4615.283808322882	0.0	0	565.7833902747079	4815.283808322882	1	0	1	4.012070029498698
35200.0	6000.0	4615.283808322882	0.0	0	210.42950723916147	4815.283808322878	1	0	1	4.012070029498699
36200.0	6000.0	4615.2838083228735	0.0	0	63.7850293275842	4815.283808322871	1	0	1	4.012070029498699
37200.0	6000.0	4615.283808322873	0.0	0	273.05210136642563	4815.283808322871	1	0	1	4.0120700294987
38200.0	6000.0	4615.283808322863	0.0	0	484.7687535002624	4815.283808322871	1	0	1	4.012070029498699
39200.0	6000.0	4615.283808322857	0.0	0	144.36739905579452	4815.2838083228635	1	0	1	4.0120700294987
40200.0	6000.0	4615.283808322845	0.0	0	299.73036923023756	4815.2838083228635	1	0	1	4.0120700294987
41200.0	6000.0	4615.283808322851	0.0	0	321.76274822926644	4815.2838083228635	1	0	1	4.0120700294987
42200.0	6000.0	4615.283808322843	0.0	0	128.9679457835664	4815.2838083228635	1	0	1	4.0120700294987
43200.0	6000.0	4615.283808322843	0.0	0	423.31170828975155	4815.2838083228635	1	0	1	4.0120700294987
44200.0	6000.0	4615.283808322841	0.0	0	199.0758004206291	4815.2838083228635	1	0	1	4.0120700294987
45200.0	6000.0	4615.283808322842	0.0	0	68.16132184795424	4815.283808322856	1	0	1	4.012070029498701
46200.0	6000.0	4615.283808322849	0.0	0	276.6622902514573	4815.283808322856	1	0	1	4.012070029498701
47200.0	6000.0	4615.283808322849	0.0	0	224.63345844425203	4815.283808322856	1	0	1	4.012070029498701
48200.0	6000.0	4615.283808322851	0.0	0	429.63926849321433	4815.283808322856	1	0	1	4.012070029498701
49200.0	6000.0	4615.283808322853	0.0	0	351.4150011610327	4815.283808322856	1	0	1	4.012070029498701
50200.0	6000.0	4615.283808322856	0.0	0	404.96910867288534	4815.283808322856	1	0	1	4.012070029498701
51493.391817443124	6000.0	4321.891990879732	0.0	0	0.0	4815.283808322856	1	0	1	4.012070029498701
52432.485695783966	6000.0	4382.7981125389	0.0	0	0.0	4815.283808322856	1	0	1	4.012070029498701
53309.78447746608	6000.0	4505.499330856781	0.0	0	0.0	4815.283808322856	1	0	1	4.012070029498701
54498.3390726836	6000.0	4316.94473563925	0.0	0	0.0	4815.283808322856	1	0	1	4.012070029498701
55556.26288496693	6000.0	4259.020923355927	0.0	0	0.0	4815.283808322856	1	0	1	4.012070029498701
57006.59011786555	6000.0	3808.6936904573154	0.0	0	0.0	4815.2838083228635	1	0	1	4.0120700294987
57961.80875357439	6000.0	3853.475054748472	0.0	0	0.0	4815.283808322871	1	0	1	4.012070029498699
58748.010174387135	6000.0	4067.273633935731	0.0	0	0.0	4815.283808322871	1	0	1	4.012070029498699
59535.4952760482	6000.0	4279.788532274671	0.0	0	0.0	4815.283808322871	1	0	1	4.012070029498699
60200.0	6000.0	4615.283808322873	0.0	0	103.59810942722106	4815.283808322871	1	0	1	4.012070029498699
61200.0	6000.0	4515.283808322875	0.0	0	397.7829302273167	4715.283808322878	1	0	2	3.618253544361788
62330.67311990343	6000.0	4271.543376429097	0.0	0	0.0	4602.2164963325195	1	0	2	3.830605357095541
63200.0	6000.0	4402.216496332524	0.0	0	11.689638337404176	4602.2164963325195	1	0	1	3.8333767606977345
64200.0	6000.0	4402.216496332523	0.0	0	308.55712032651354	4602.2164963325195	1	0	1	4.033376760697735
65200.0	6000.0	4402.216496332525	0.0	0	338.6877079142432	4602.2164963325195	1	0	1	4.033376760697735
66200.0	6000.0	4402.216496332519	0.0	0	92.08437167426746	4602.2164963325195	1	0	1	4.033376760697735
67200.0	6000.0	4402.216496332519	0.0	0	441.5258410546521	4602.2164963325195	1	0	1	4.033376760697735
68200.0	6000.0	4402.216496332526	0.0	0	191.96752662300423	4602.2164963325195	1	0	1	4.033376760697735
69200.0	6000.0	4402.21649633253	0.0	0	440.77403964642144	4602.2164963325195	1	0	1	4.033376760697734
70200.0	6000.0	4402.2164963325295	0.0	0	515.69263145687	4602.2164963325195	1	0	1	4.0333767606977355
71200.0	6000.0	4402.2164963325295	0.0	0	31.335666638522525	4602.216496332534	1	0	1	4.033376760697733
72200.0	6000.0	4402.216496332535	0.0	0	164.9341085399792	4602.216496332534	1	0	1	4.033376760697733
73200.0	6000.0	4402.2164963325295	0.0	0	282.8084556865215	4602.216496332534	1	0	1	4.033376760697733
74200.0	6000.0	4402.216496332511	0.0	0	159.1210652042064	4602.216496332534	1	0	1	4.033376760697733
75220.3213207351	6000.0	4381.895175597412	0.0	0	0.0	4602.216496332549	1	0	1	4.033376760697732
76200.0	6000.0	4402.2164963325195	0.0	0	257.8428251561563	4602.216496332563	1	0	1	4.03337676069773
77200.0	6000.0	4402.216496332534	0.0	0	38.63213648064993	4602.216496332563	1	0	1	4.03337676069773
78200.0	6000.0	4402.216496332546	0.0	0	35.562039320298936	4602.216496332563	1	0	1	4.03337676069773
79259.53802764614	6000.0	4342.67846868641	0.0	0	0.0	4602.216496332563	1	0	1	4.03337676069773
80479.2664888675	6000.0	4122.950007465051	0.0	0	0.0	4602.216496332563	1	0	1	4.03337676069773
81635.48723908239	6000.0	3966.729257250167	0.0	0	0.0	4602.216496332563	1	0	1	4.03337676069773
82278.29176079019	6000.0	4323.924735542361	0.0	0	0.0	4602.216496332563	1	0	1	4.03337676069773
83200.0	6000.0	4402.216496332538	0.0	0	263.6696691651159	4602.216496332563	1	0	1	4.03337676069773
84200.0	6000.0	4402.216496332539	0.0	0	122.40036124970356	4602.216496332563	1	0	1	4.03337676069773
85200.0	6000.0	4402.216496332522	0.0	0	374.5350539156789	4602.216496332563	1	0	1	4.03337676069773
86200.0	6000.0	4402.2164963325195	0.0	0	271.8339066547196	4602.216496332563	1	0	1	4.03337676069773
87200.0	6000.0	4402.21649633252	0.0	0	19.905451634447672	4602.216496332563	1	0	1	4.03337676069773
88200.0	6000.0	4402.216496332515	0.0	0	227.22668222038192	4602.216496332563	1	0	1	4.03337676069773
89200.0	6000.0	4402.216496332517	0.0	0	107.54654154485615	4602.216496332549	1	0	1	4.033376760697732
90200.0	6000.0	4402.21649633251	0.0	0	278.0197321294545	4602.216496332549	1	0	1	4.033376760697732
91200.0	6000.0	4402.21649633252	0.0	0	220.01050127290364	4602.216496332549	1	0	1	4.033376760697732
92200.0	6000.0	4402.216496332528	0.0	0	417.87839632914984	4602.216496332549	1	0	1	4.033376760697732
93200.0	6000.0	4402.216496332522	0.0	0	495.5028530958225	4602.216496332549	1	0	1	4.033376760697732
94200.0	6000.0	4402.216496332509	0.0	0	120.87589290490723	4602.216496332549	1	0	1	4.033376760697732
95200.0	6000.0	4402.216496332526	0.0	0	409.54468942648964	4602.216496332549	1	0	1	4.033376760697732
96200.0	6000.0	4402.216496332522	0.0	0	447.81081544124754	4602.216496332549	1	0	1	4.033376760697732
97200.0	6000.0	4402.216496332518	0.0	0	408.72671079174324	4602.216496332549	1	0	1	4.033376760697732
98200.0	6000.0	4402.216496332529	0.0	0	266.48429213692725	4602.216496332549	1	0	1	4.033376760697732
99200.0	6000.0	4402.216496332512	0.0	0	449.4684084103501	4602.216496332563	1	0	1	4.03337676069773
100200.0	6000.0	4402.216496332519	0.0	0	492.0538647187641	4602.216496332563	1	0	1	4.03337676069773
101200.0	6000.0	4402.216496332497	0.0	0	205.01256787817692	4602.216496332563	1	0	1	4.03337676069773
102200.0	6000.0	4402.216496332516	0.0	0	331.0434620244487	4602.216496332563	1	0	1	4.03337676069773
103200.0	6000.0	4402.216496332511	0.0	0	141.08492420094262	4602.216496332563	1	0	1	4.03337676069773
104547.49386383874	6000.0	4054.7226324937724	0.0	0	0.0	4602.216496332563	1	0	1	4.03337676069773
105352.32752316618	6000.0	4249.888973166315	0.0	0	0.0	4602.216496332563	1	0	1	4.03337676069773
106200.0	6000.0	4402.216496332495	0.0	0	204.542671407311	4602.216496332563	1	0	1	4.03337676069773
107200.0	6000.0	4402.216496332491	0.0	0	197.84091607510345	4602.216496332563	1	0	1	4.03337676069773
108200.0	6000.0	4402.216496332496	0.0	0	431.26124259561766	4602.216496332563	1	0	1	4.03337676069773
109223.04693162949	6000.0	4379.169564703019	0.0	0	0.0	4602.216496332563	1	0	1	4.03337676069773
110200.0	6000.0	4402.216496332492	0.0	0	456.8205923429341	4602.216496332563	1	0	1	4.03337676069773
111507.71015181569	6000.0	4094.506344516815	0.0	0	0.0	4602.216496332563	1	0	1	4.03337676069773
112296.14021392443	6000.0	4306.076282408077	0.0	0	0.0	4602.216496332563	1	0	1	4.03337676069773
113200.0	6000.0	4402.21649633249	0.0	0	397.748444856843	4602.216496332563	1	0	1	4.03337676069773
114200.0	6000.0	4402.216496332495	0.0	0	448.7322863634472	4602.216496332563	1	0	1	4.03337676069773
115200.0	6000.0	4402.216496332499	0.0	0	412.70161333784927	4602.216496332549	1	0	1	4.033376760697732
116200.0	6000.0	4402.21649633251	0.0	0	224.07951687455352	4602.216496332549	1	0	1	4.033376760697732
117200.0	6000.0	4402.216496332497	0.0	0	551.9111131375685	4602.216496332549	1	0	1	4.033376760697732
118200.0	6000.0	4402.216496332496	0.0	0	303.5038525058917	4602.216496332549	1	0	1	4.033376760697732
119200.0	6000.0	4402.216496332501	0.0	0	262.36319403981906	4602.216496332563	1	0	1	4.03337676069773
120246.06243552167	6000.0	4356.154060810831	0.0	0	0.0	4602.216496332563	1	0	1	4.03337676069773
121200.0	6000.0	4402.21649633251	0.0	0	181.9307392322371	4602.216496332563	1	0	1	4.03337676069773
122200.0	6000.0	4402.216496332506	0.0	0	119.78923361943453	4602.216496332563	1	0	1	4.03337676069773
123200.0	6000.0	4402.216496332496	0.0	0	382.7429573009431	4602.216496332563	1	0	1	4.03337676069773
124200.0	6000.0	4402.216496332483	0.0	0	233.1637228103209	4602.216496332563	1	0	1	4.03337676069773
125200.0	6000.0	4402.216496332476	0.0	0	379.6890538944572	4602.216496332563	1	0	1	4.03337676069773
126200.0	6000.0	4402.216496332472	0.0	0	212.15078847119003	4602.216496332563	1	0	1	4.03337676069773
127348.43512049697	6000.0	4253.781375835502	0.0	0	0.0	4602.216496332563	1	0	1	4.03337676069773
128227.08899445344	6000.0	4375.127501879022	0.0	0	0.0	4602.216496332563	1	0	1	4.03337676069773
129200.0	6000.0	4402.216496332462	0.0	0	283.574364401662	4602.216496332563	1	0	1	4.03337676069773
130373.15842710421	6000.0	4229.05806922824	0.0	0	0.0	4602.216496332549	1	0	1	4.033376760697732
131567.13202252312	6000.0	4035.084473809331	0.0	0	0.0	4602.216496332534	1	0	1	4.033376760697733
132212.2048366014	6000.0	4390.011659731058	0.0	0	0.0	4602.2164963325195	1	0	1	4.033376760697735
133200.0	6000.0	4402.2164963324685	0.0	0	373.5629670970666	4602.216496332549	1	0	1	4.033376760697734
134200.0	6000.0	4402.216496332439	0.0	0	10.956029651511926	4602.2164963325195	1	0	1	4.033376760697734
135200.0	6000.0	4402.216496332411	0.0	0	273.92361980097485	4602.216496332505	1	0	1	4.033376760697735
136200.0	6000.0	4402.216496332424	0.0	0	263.2451896147395	4602.2164963325195	1	0	1	4.0333767606977355
137200.0	6000.0	4402.216496332425	0.0	0	209.08566657383926	4602.2164963325195	1	0	1	4.033376760697735
138200.0	6000.0	4402.21649633238	0.0	0	154.515025482513	4602.21649633249	1	0	1	4.033376760697738
139200.46942909804	6000.0	4401.747067234329	0.0	0	0.0	4602.21649633249	1	0	1	4.033376760697738
140200.0	6000.0	4402.216496332381	0.0	0	344.7496488740435	4602.21649633249	1	0	1	4.033376760697738
141200.0	6000.0	4402.21649633238	0.0	0	297.9826373910182	4602.216496332461	1	0	1	4.033376760697741
142200.0	6000.0	4402.216496332352	0.0	0	466.26429422505316	4602.216496332461	1	0	1	4.033376760697741
143200.0	6000.0	4402.216496332372	0.0	0	308.5836759467493	4602.216496332432	1	0	1	4.0333767606977435
144220.1108679079	6000.0	4382.105628424443	0.0	0	0.0	4602.216496332432	1	0	1	4.0333767606977435
145200.0	6000.0	4402.216496332368	0.0	0	216.3601428641996	4602.216496332432	1	0	1	4.0333767606977435
146200.0	6000.0	4402.21649633236	0.0	0	505.09604093816597	4602.216496332432	1	0	1	4.0333767606977435
147200.0	6000.0	4402.216496332318	0.0	0	337.63753794078366	4602.216496332403	1	0	1	4.033376760697747
148200.0	6000.0	4402.21649633229	0.0	0	150.44774710136699	4602.216496332403	1	0	1	4.033376760697747
149200.0	6000.0	4402.216496332289	0.0	0	475.31334114205674	4602.216496332374	1	0	1	4.03337676069775
150200.0	6000.0	4402.21649633233	0.0	0	287.1514444407658	4602.216496332374	1	0	1	4.03337676069775
151200.0	6000.0	4402.216496332325	0.0	0	37.62076173146488	4602.216496332374	1	0	1	4.03337676069775
152200.0	6000.0	4402.216496332314	0.0	0	565.9934683461615	4602.216496332374	1	0	1	4.03337676069775
153200.0	6000.0	4402.216496332308	0.0	0	82.67336383406655	4602.216496332374	1	0	1	4.03337676069775
154200.0	6000.0	4402.2164963322975	0.0	0	239.29246880102437	4602.216496332374	1	0	1	4.03337676069775
155200.0	6000.0	4402.216496332288	0.0	0	234.5894344014523	4602.216496332374	1	0	1	4.03337676069775
156200.0	6000.0	4402.216496332299	0.0	0	378.1957131867239	4602.216496332374	1	0	1	4.03337676069775
157302.11314471962	6000.0	4300.103351612678	0.0	0	0.0	4602.216496332374	1	0	1	4.03337676069775
158346.5095614601	6000.0	4255.70693487222	0.0	0	0.0	4602.216496332374	1	0	1	4.03337676069775
159200.0	6000.0	4402.216496332317	0.0	0	3.0485209844773635	4602.216496332374	1	0	1	4.03337676069775
160200.0	6000.0	4402.216496332305	0.0	0	277.9165022780944	4602.216496332345	1	0	1	4.033376760697752
161200.0	6000.0	4402.216496332302	0.0	0	455.14063509216066	4602.216496332345	1	0	1	4.033376760697752
162200.0	6000.0	4402.216496332306	0.0	0	229.74327783755143	4602.216496332345	1	0	1	4.033376760697752
163200.0	6000.0	4402.216496332298	0.0	0	87.91925262409495	4602.216496332345	1	0	1	4.033376760697752
164200.0	6000.0	4402.2164963322975	0.0	0	437.5636633410759	4602.216496332345	1	0	1	4.033376760697752
165200.0	6000.0	4402.2164963322975	0.0	0	241.93272612415603	4602.216496332345	1	0	1	4.033376760697752
166200.0	6000.0	4402.216496332318	0.0	0	285.5976255950809	4602.216496332345	1	0	1	4.033376760697752
167200.0	6000.0	4402.216496332309	0.0	0	86.82724646222778	4602.216496332345	1	0	1	4.033376760697752
168200.0	6000.0	4402.216496332305	0.0	0	245.08737993295654	4602.216496332345	1	0	1	4.033376760697752
169200.0	6000.0	4402.216496332343	0.0	0	354.37046839192044	4602.216496332345	1	0	1	4.033376760697752
170200.0	6000.0	4402.216496332334	0.0	0	28.542303510388592	4602.216496332345	1	0	1	4.033376760697752
171200.0	6000.0	4402.216496332338	0.0	0	142.35682997712865	4602.216496332345	1	0	1	4.033376760697752
172200.0	6000.0	4402.216496332347	0.0	0	305.5082921445719	4602.216496332374	1	0	1	4.03337676069775
173200.0	6000.0	4402.216496332371	0.0	0	75.56181528180605	4602.216496332374	1	0	1	4.03337676069775
174200.0	6000.0	4402.2164963323685	0.0	0	345.338263079786	4602.216496332374	1	0	1	4.03337676069775
175200.0	6000.0	4402.216496332385	0.0	0	429.1683320016891	4602.216496332374	1	0	1	4.03337676069775
176200.0	6000.0	4402.216496332359	0.0	0	410.4783444987552	4602.216496332345	1	0	1	4.033376760697752
177200.0	6000.0	4402.2164963323485	0.0	0	386.6929067359597	4602.216496332345	1	0	1	4.033376760697752
178503.29293091322	6000.0	4098.923565419096	0.0	0	0.0	4602.216496332345	1	0	1	4.033376760697752
179262.89066038321	6000.0	4339.3258359490665	0.0	0	0.0	4602.216496332316	1	0	1	4.033376760697753
180200.0	6000.0	4402.216496332274	0.0	0	248.8204258889309	4602.216496332345	1	0	1	4.033376760697752
181200.0	6000.0	4402.2164963322775	0.0	0	213.51499194206554	4602.216496332374	1	0	1	4.03337676069775
182200.0	6000.0	4402.216496332291	0.0	0	419.91350581109873	4602.216496332374	1	0	1	4.03337676069775
183200.0	6000.0	4402.216496332318	0.0	0	458.9930845736235	4602.216496332403	1	0	1	4.033376760697747
184200.0	6000.0	4402.216496332296	0.0	0	220.50581588310888	4602.216496332403	1	0	1	4.033376760697747
185200.0	6000.0	4402.216496332281	0.0	0	322.5932331967924	4602.216496332403	1	0	1	4.033376760697747
186200.0	6000.0	4402.216496332257	0.0	0	480.14389640439185	4602.216496332403	1	0	1	4.033376760697747
187200.0	6000.0	4402.2164963322475	0.0	0	458.8588853139081	4602.216496332403	1	0	1	4.033376760697747
188200.0	6000.0	4402.216496332229	0.0	0	365.3789232452982	4602.216496332403	1	0	1	4.033376760697747
189200.0	6000.0	4402.216496332231	0.0	0	134.88383603811963	4602.216496332432	1	0	1	4.0333767606977435
190200.0	6000.0	4402.21649633222	0.0	0	282.2301810113713	4602.216496332432	1	0	1	4.0333767606977435
191322.36023460462	6000.0	4279.856261727591	0.0	0	0.0	4602.216496332432	1	0	1	4.0333767606977435
192200.0	6000.0	4402.216496332241	0.0	0	141.80805581828463	4602.216496332432	1	0	1	4.0333767606977435
193200.0	6000.0	4402.216496332221	0.0	0	340.8702547279245	4602.216496332432	1	0	1	4.0333767606977435
194200.0	6000.0	4402.216496332236	0.0	0	87.77779083757196	4602.216496332461	1	0	1	4.033376760697741
195200.0	6000.0	4402.216496332241	0.0	0	258.5782273601799	4602.216496332461	1	0	1	4.033376760697741
196200.0	6000.0	4402.216496332256	0.0	0	407.95548218418844	4602.216496332461	1	0	1	4.033376760697741
197200.0	6000.0	4402.216496332287	0.0	0	387.7834722448315	4602.21649633249	1	0	1	4.033376760697738
198200.0	6000.0	4402.2164963323	0.0	0	519.5033774372423	4602.21649633249	1	0	1	4.033376760697738
199200.0	6000.0	4402.216496332308	0.0	0	255.31916552167968	4602.21649633249	1	0	1	4.033376760697738
200309.7989668375	6000.0	4292.417529494849	0.0	0	0.0	4602.21649633249	1	0	1	4.033376760697738
201694.57618865249	6000.0	3907.6403076798756	0.0	0	0.0	4602.2164963325195	1	0	1	4.033376760697735
202424.4425532845	6000.0	4177.773943047837	0.0	0	0.0	4602.2164963325195	1	0	1	4.033376760697735
203571.97969387422	6000.0	4030.2368024580774	0.0	0	0.0	4602.2164963325195	1	0	1	4.033376760697735
204370.27438305182	6000.0	4231.942113280476	0.0	0	0.0	4602.2164963325195	1	0	1	4.033376760697735
205200.0	6000.0	4402.2164963322475	0.0	0	117.49978099070722	4602.2164963325195	1	0	1	4.033376760697735
206304.22898079923	6000.0	4297.987515532995	0.0	0	0.0	4602.21649633249	1	0	1	4.0333767606977355
207200.0	6000.0	4402.216496332249	0.0	0	162.7461875738809	4602.2164963325195	1	0	1	4.033376760697735
208200.0	6000.0	4402.216496332246	0.0	0	300.10497937441687	4602.21649633249	1	0	1	4.033376760697738
209200.0	6000.0	4402.216496332229	0.0	0	247.7083983514458	4602.21649633249	1	0	1	4.033376760697738
210200.0	6000.0	4402.216496332222	0.0	0	204.57366166068823	4602.21649633249	1	0	1	4.033376760697738
211309.56914898872	6000.0	4292.6473473435	0.0	0	0.0	4602.216496332461	1	0	1	4.033376760697739
212216.0033090022	6000.0	4386.2131873300195	0.0	0	0.0	4602.216496332461	1	0	1	4.033376760697741
213200.0	6000.0	4402.216496332245	0.0	0	426.7996643699298	4602.216496332461	1	0	1	4.033376760697741
214200.0	6000.0	4402.216496332228	0.0	0	148.59864789288258	4602.216496332461	1	0	1	4.033376760697741
215200.0	6000.0	4402.216496332224	0.0	0	230.60358941138838	4602.216496332461	1	0	1	4.033376760697741
216200.0	6000.0	4402.216496332256	0.0	0	476.394317516766	4602.21649633249	1	0	1	4.033376760697738
217264.2654443361	6000.0	4337.951051996129	0.0	0	0.0	4602.216496332461	1	0	1	4.033376760697741
218200.0	6000.0	4402.2164963322575	0.0	0	327.35430407046806	4602.21649633249	1	0	1	4.033376760697738
219200.0	6000.0	4402.216496332259	0.0	0	229.46352103742538	4602.21649633249	1	0	1	4.033376760697738
220200.0	6000.0	4402.216496332256	0.0	0	29.104191256774357	4602.21649633249	1	0	1	4.033376760697738
221200.0	6000.0	4402.216496332248	0.0	0	221.66182207985548	4602.21649633249	1	0	1	4.033376760697738
222200.0	6000.0	4402.216496332229	0.0	0	217.91276677072165	4602.216496332461	1	0	1	4.033376760697741
223427.85843238435	6000.0	4174.358063947875	0.0	0	0.0	4602.21649633249	1	0	1	4.03337676069774
224200.0	6000.0	4402.216496332209	0.0	0	89.94653947956976	4602.21649633249	1	0	1	4.033376760697738
225200.0	6000.0	4402.216496332175	0.0	0	528.9361280250014	4602.21649633249	1	0	1	4.033376760697738
226200.0	6000.0	4402.216496332174	0.0	0	60.86162267142208	4602.21649633249	1	0	1	4.033376760697738
227200.0	6000.0	4402.2164963321875	0.0	0	298.7191426624195	4602.21649633249	1	0	1	4.033376760697738
228200.0	6000.0	4402.2164963322	0.0	0	332.3434565262287	4602.21649633249	1	0	1	4.033376760697738
229697.11525208966	6000.0	3905.1012442425367	0.0	0	0.0	4602.2164963325195	1	0	1	4.033376760697735
230568.7338299207	6000.0	4033.48266641148	0.0	0	0.0	4602.2164963325195	1	0	1	4.033376760697735
231475.55422210947	6000.0	4126.662274222735	0.0	0	0.0	4602.2164963325195	1	0	1	4.033376760697735
232265.8312306817	6000.0	4336.385265650504	0.0	0	0.0	4602.216496332549	1	0	1	4.033376760697733
233200.0	6000.0	4402.216496332229	0.0	0	187.85523520354764	4602.216496332578	1	0	1	4.033376760697729
234228.18455989173	6000.0	4374.031936440499	0.0	0	0.0	4602.216496332549	1	0	1	4.033376760697729
235200.0	6000.0	4402.216496332208	0.0	0	157.77920025205822	4602.2164963325195	1	0	1	4.033376760697735
236267.23967656994	6000.0	4334.976819762268	0.0	0	0.0	4602.216496332549	1	0	1	4.033376760697732
237200.0	6000.0	4402.216496332226	0.0	0	301.0307021756016	4602.216496332549	1	0	1	4.033376760697732
238278.68645086378	6000.0	4323.530045468446	0.0	0	0.0	4602.216496332578	1	0	1	4.033376760697729
239200.0	6000.0	4402.216496332208	0.0	0	30.89560831626295	4602.216496332549	1	0	1	4.033376760697729
240200.0	6000.0	4402.216496332227	0.0	0	372.3888597856276	4602.216496332549	1	0	1	4.033376760697732
241200.0	6000.0	4402.216496332208	0.0	0	302.0182512611209	4602.216496332549	1	0	1	4.033376760697732
242200.0	6000.0	4402.216496332223	0.0	0	428.21774185670074	4602.216496332549	1	0	1	4.033376760697732
243200.0	6000.0	4402.216496332229	0.0	0	324.90005135457614	4602.2164963325195	1	0	1	4.033376760697735
244200.0	6000.0	4402.216496332225	0.0	0	478.18825379779446	4602.2164963325195	1	0	1	4.033376760697735
245200.0	6000.0	4402.216496332213	0.0	0	620.1124434771773	4602.2164963325195	1	0	1	4.033376760697735
246200.0	6000.0	4402.216496332225	0.0	0	248.47017885904643	4602.2164963325195	1	0	1	4.033376760697735
247200.0	6000.0	4402.216496332222	0.0	0	481.7684437565913	4602.2164963325195	1	0	1	4.033376760697735
248200.0	6000.0	4402.216496332195	0.0	0	450.6018598450464	4602.2164963325195	1	0	1	4.033376760697735
249200.0	6000.0	4402.216496332197	0.0	0	176.3757355409325	4602.2164963325195	1	0	1	4.033376760697735
250200.0	6000.0	4402.216496332194	0.0	0	288.52390322467545	4602.2164963325195	1	0	1	4.033376760697735
251200.0	6000.0	4402.216496332181	0.0	0	182.67404794532922	4602.2164963325195	1	0	1	4.033376760697735
252200.0	6000.0	4402.216496332197	0.0	0	127.44077536652912	4602.2164963325195	1	0	1	4.033376760697735
253690.962511841	6000.0	3911.253984491166	0.0	0	0.0	4602.21649633249	1	0	1	4.033376760697738
254516.5831174867	6000.0	4085.6333788454817	0.0	0	0.0	4602.2164963325195	1	0	1	4.033376760697735
255200.0	6000.0	4402.216496332158	0.0	0	126.39950389985461	4602.2164963325195	1	0	1	4.033376760697735
256200.0	6000.0	4402.216496332187	0.0	0	231.0658165314817	4602.216496332549	1	0	1	4.033376760697732
257200.0	6000.0	4402.216496332187	0.0	0	415.9114367082948	4602.216496332549	1	0	1	4.033376760697732
258200.0	6000.0	4402.216496332198	0.0	0	71.85829271987313	4602.216496332549	1	0	1	4.033376760697732
259200.0	6000.0	4402.216496332194	0.0	0	484.8458784489776	4602.216496332549	1	0	1	4.033376760697732
260418.7509941913	6000.0	4183.46550214091	0.0	0	0.0	4602.216496332549	1	0	1	4.033376760697732
261258.12829156837	6000.0	4344.088204763847	0.0	0	0.0	4602.216496332549	1	0	1	4.033376760697732
262200.0	6000.0	4402.216496332219	0.0	0	392.0790121333848	4602.2164963325195	1	0	1	4.033376760697735
263200.0	6000.0	4402.216496332164	0.0	0	393.9127075562719	4602.21649633249	1	0	1	4.033376760697735
264200.0	6000.0	4402.216496332117	0.0	0	407.0386218428612	4602.216496332403	1	0	1	4.033376760697743
265200.0	6000.0	4402.2164963321475	0.0	0	350.37820677645504	4602.216496332461	1	0	1	4.033376760697741
266200.0	6000.0	4402.216496332185	0.0	0	540.148076001904	4602.2164963325195	1	0	1	4.0333767606977355
267200.0	6000.0	4402.216496332124	0.0	0	320.13083755772095	4602.216496332432	1	0	1	4.033376760697742
268200.0	6000.0	4402.216496332103	0.0	0	276.5101654160535	4602.21649633249	1	0	1	4.033376760697738
269200.0	6000.0	4402.216496332133	0.0	0	109.94212486274773	4602.216496332549	1	0	1	4.033376760697732
270200.0	6000.0	4402.21649633211	0.0	0	257.0507896823692	4602.21649633249	1	0	1	4.033376760697738
271200.0	6000.0	4402.216496332169	0.0	0	378.26275204267586	4602.21649633249	1	0	1	4.033376760697738
272200.0	6000.0	4402.216496332181	0.0	0	427.8111743867048	4602.21649633249	1	0	1	4.033376760697738
273200.0	6000.0	4402.216496332168	0.0	0	270.3552207298344	4602.21649633249	1	0	1	4.033376760697738
274200.0	6000.0	4402.216496332162	0.0	0	395.8019593738136	4602.21649633249	1	0	1	4.033376760697738
275200.0	6000.0	4402.2164963321675	0.0	0	419.74015063612023	4602.21649633249	1	0	1	4.033376760697738
276224.062148861	6000.0	4378.154347471115	0.0	0	0.0	4602.216496332432	1	0	1	4.033376760697739
277200.0	6000.0	4402.2164963320865	0.0	0	76.34133245254634	4602.216496332374	1	0	1	4.03337676069775
278200.0	6000.0	4402.216496332051	0.0	0	427.73320169211365	4602.216496332374	1	0	1	4.03337676069775
279866.9587792418	6000.0	3735.257717090314	0.0	0	0.0	4602.216496332374	1	0	1	4.03337676069775
280640.6686795458	6000.0	3961.5478167862766	0.0	0	0.0	4602.216496332432	1	0	1	4.0333767606977435
281534.383507452	6000.0	4067.8329888801077	0.0	0	0.0	4602.216496332432	1	0	1	4.0333767606977435
282200.0	6000.0	4402.216496332021	0.0	0	92.56265279522631	4602.216496332432	1	0	1	4.0333767606977435
283200.0	6000.0	4402.216496332032	0.0	0	376.9220570868929	4602.216496332432	1	0	1	4.0333767606977435
284200.0	6000.0	4402.216496332004	0.0	0	331.8268735415186	4602.216496332374	1	0	1	4.03337676069775
285200.0	6000.0	4402.216496332054	0.0	0	535.1882924350793	4602.216496332374	1	0	1	4.03337676069775
286200.0	6000.0	4402.216496332088	0.0	0	169.6216181332129	4602.216496332374	1	0	1	4.03337676069775
287248.5057415926	6000.0	4353.710754739507	0.0	0	0.0	4602.216496332374	1	0	1	4.03337676069775
288200.0	6000.0	4402.216496332078	0.0	0	325.5749294788111	4602.216496332374	1	0	1	4.03337676069775
289200.0	6000.0	4402.216496332091	0.0	0	284.1625448031118	4602.216496332316	1	0	1	4.033376760697755
290200.0	6000.0	4402.216496331997	0.0	0	44.725778980006	4602.216496332316	1	0	1	4.033376760697755
291200.0	6000.0	4402.216496331968	0.0	0	288.2431000985671	4602.216496332316	1	0	1	4.033376760697755
292200.0	6000.0	4402.216496331968	0.0	0	385.82713884080295	4602.216496332316	1	0	1	4.033376760697755
293200.0	6000.0	4402.21649633198	0.0	0	333.1125527093536	4602.216496332316	1	0	1	4.033376760697755
294200.0	6000.0	4402.216496332001	0.0	0	249.97545035509393	4602.216496332316	1	0	1	4.033376760697755
295200.0	6000.0	4402.216496331892	0.0	0	264.50808475504164	4602.216496332316	1	0	1	4.033376760697755
296200.0	6000.0	4402.216496331942	0.0	0	518.1843487541191	4602.216496332374	1	0	1	4.03337676069775
297200.0	6000.0	4402.216496331951	0.0	0	111.29403627873398	4602.216496332432	1	0	1	4.0333767606977435
298200.0	6000.0	4402.216496331961	0.0	0	250.21230622241274	4602.21649633249	1	0	1	4.033376760697738
299200.0	6000.0	4402.216496331977	0.0	0	242.9648416666896	4602.21649633249	1	0	1	4.033376760697738
300213.4613867949	6000.0	4388.755109537016	0.0	0	0.0	4602.21649633249	1	0	1	4.033376760697738
9.05	9.49	6.56	7.34	6.2	9.23	9.45	8.91	8.7	8.92	9.06	8.2	8.75	11.0	11.2	7.16	8.09	7.59	8.33	9.27	10.7	13.7	9.02	6.44	6.38	8.42	8.58	13.6	12.4	9.74	8.1	11.4	15.3	9.74	8.13	9.83	6.27	8.86	9.41	7.72	8.36	8.72	11.7	10.5	8.46	5.72	6.08	5.55	7.53	6.15	7.34	4.66	8.94	9.61	8.78	9.06	6.23	7.08	11.6	7.22	9.02	8.93	6.42	9.38	10.6	8.05	7.39	7.24	6.27	7.48	10.1	7.19	6.75	7.33	5.65	5.33	9.11	7.63	9.09	8.0	7.73	5.5	10.7	6.82	8.0	7.95	8.09	11.0	7.74	14.4	13.3	9.86	10.0	11.2	9.7	9.05	9.57	7.84	3.61	6.17	8.68	8.86	8.91	7.03	12.4	4.76	6.34	10.1	10.5	9.01	10.1	16.0	10.3	10.1	7.21	9.81	7.98	8.26	7.1	7.98	9.21	6.86	8.82	10.7	4.78	4.33	7.37	8.51	7.48	9.5	11.3	8.99	6.9	7.61	7.63	7.78	10.1	11.5	7.67	10.4	10.6	10.4	8.39	9.56	7.96	7.41	12.0	7.37	7.91	6.05	9.05	9.49	6.56	7.34	6.2	9.23	9.45	8.91	8.7	8.92	9.06	8.2	8.75	11.0	11.2	7.16	8.09	7.59	8.33	9.27	10.7	13.7	9.02	6.44	6.38	8.42	8.58	13.6	12.4	9.74	8.1	11.4	15.3	9.74	8.13	9.83	6.27	8.86	9.41	7.72	8.36	8.72	11.7	10.5	8.46	5.72	6.08	5.55	7.53	6.15	7.34	4.66	8.94	9.61	8.78	9.06	6.23	7.08	11.6	7.22	9.02	8.93	6.42	9.38	10.6	8.05	7.39	7.24	6.27	7.48	10.1	7.19	6.75	7.33	5.65	5.33	9.11	7.63	9.09	8.0	7.73	5.5	10.7	6.82	8.0	7.95	8.09	11.0	7.74	14.4	13.3	9.86	10.0	11.2	9.7	9.05	9.57	7.84	3.61	6.17	8.68	8.86	8.91	7.03	12.4	4.76	6.34	10.1	10.5	9.01	10.1	16.0	10.3	10.1	7.21	9.81	7.98	8.26	7.1	7.98	9.21	6.86	8.82	10.7	4.78	4.33	7.37	8.51	7.48	9.5	11.3	8.99	6.9	7.61	7.63	7.78	10.1	11.5	7.67	10.4	10.6	10.4	8.39	9.56	7.96	7.41	12.0	7.37	7.91	6.05	9.05	9.49
1.0	2.0	3.0	4.0	5.0	6.0	7.0	8.0	9.0	10.0	11.0	12.0	13.0	14.0	15.0	16.0	17.0	18.0	19.0	20.0	21.0	22.0	23.0	24.0	25.0	26.0	27.0	28.0	29.0	30.0	31.0	32.0	33.0	34.0	35.0	36.0	37.0	38.0	39.0	40.0	41.0	42.0	43.0	44.0	45.0	46.0	47.0	48.0	49.0	50.0	51.0	52.0	53.0	54.0	55.0	56.0	57.0	58.0	59.0	60.0	61.0	62.0	63.0	64.0	65.0	66.0	67.0	68.0	69.0	70.0	71.0	72.0	73.0	74.0	75.0	76.0	77.0	78.0	79.0	80.0	81.0	82.0	83.0	84.0	85.0	86.0	87.0	88.0	89.0	90.0	91.0	92.0	93.0	94.0	95.0	96.0	97.0	98.0	99.0	100.0	101.0	102.0	103.0	104.0	105.0	106.0	107.0	108.0	109.0	110.0	111.0	112.0	113.0	114.0	115.0	116.0	117.0	118.0	119.0	120.0	121.0	122.0	123.0	124.0	125.0	126.0	127.0	128.0	129.0	130.0	131.0	132.0	133.0	134.0	135.0	136.0	137.0	138.0	139.0	140.0	141.0	142.0	143.0	144.0	145.0	146.0	147.0	148.0	149.0	149.0	150.0	151.0	152.0	153.0	154.0	155.0	156.0	157.0	158.0	159.0	160.0	161.0	162.0	163.0	164.0	165.0	166.0	167.0	168.0	169.0	170.0	171.0	172.0	173.0	174.0	175.0	176.0	177.0	178.0	179.0	180.0	181.0	182.0	183.0	184.0	185.0	186.0	187.0	188.0	189.0	190.0	191.0	192.0	193.0	194.0	195.0	196.0	197.0	198.0	199.0	200.0	201.0	202.0	203.0	204.0	205.0	206.0	207.0	208.0	209.0	210.0	211.0	212.0	213.0	214.0	215.0	216.0	217.0	218.0	219.0	220.0	221.0	222.0	223.0	224.0	225.0	226.0	227.0	228.0	229.0	230.0	231.0	232.0	233.0	234.0	235.0	236.0	237.0	238.0	239.0	240.0	241.0	242.0	243.0	244.0	245.0	246.0	247.0	248.0	249.0	250.0	251.0	252.0	253.0	254.0	255.0	256.0	257.0	258.0	259.0	260.0	261.0	262.0	263.0	264.0	265.0	266.0	267.0	268.0	269.0	270.0	271.0	272.0	273.0	274.0	275.0	276.0	277.0	278.0	279.0	280.0	281.0	282.0	283.0	284.0	285.0	286.0	287.0	288.0	289.0	290.0	291.0	292.0	293.0	294.0	295.0	296.0	297.0	298.0	298.0	299.0	300.0
5154.8066439025815
