3942.2129335705076	300.0	2000.0	139.47642605403712	0	0.0	3942.2129335705076	1	0	1	-1.228282138714038
4684.29791440188	2000.0	2257.915019168628	0.0	0	0.0	3942.2129335705076	1	0	1	0.55433869908589
5231.8184137433145	2000.0	2655.6424698930496	0.0	0	0.0	3887.4608836363645	1	0	2	2.055648484065042
5886.320492906277	2000.0	2935.6901828137925	0.0	0	0.0	3822.010675720069	1	0	2	2.26187438506052
6303.84417175278	2000.0	3476.4141360826384	0.0	0	0.0	3780.2583078354182	1	0	2	2.266542817631042
8396.947148229914	6000.0	2174.0008619577916	0.0	0	0.0	3570.948010187705	1	0	2	2.832201388356845
8873.44459064947	2000.0	2649.8536752962814	0.0	0	0.0	3523.298265945751	1	0	2	1.193523536859186
9461.748133063254	2000.0	3002.719778641117	0.0	0	0.0	3464.4679117043725	1	0	2	2.2978096086668796
11212.356794222305	6000.0	2077.0502513661595	0.0	0	0.0	3289.4070455884657	1	0	2	2.8616209358897793
11751.189878200703	2000.0	2484.3338589899226	0.0	0	0.0	3235.523737190628	1	0	2	1.2223824093206794
12370.768782012135	2000.0	2802.7970647973466	0.0	0	0.0	3173.5658468094825	1	0	2	2.326833074362688
13200.0	2000.0	2890.642725010696	0.0	0	296.5248199217258	3090.642725010697	1	0	2	2.3332966706610234
14200.0	2000.0	2790.6427250106954	0.0	0	518.8663490796043	2990.642725010697	1	0	2	2.3426491455919995
16291.10480881058	6000.0	1490.4274353190563	0.0	0	0.0	2781.5322441296394	1	0	2	2.9111067552656493
17123.285995898037	3000.0	1658.2462482315996	0.0	0	0.0	2781.532244129641	1	0	1	2.28257723451816
17987.042326323288	3000.0	1794.4899178063474	0.0	0	0.0	2781.532244129641	1	0	1	3.175724415078105
19177.352854443736	3000.0	1604.1793896858967	0.0	0	0.0	2781.5322441296375	1	0	1	3.175724415078105
20160.607042452244	3000.0	1620.9252016773876	0.0	0	0.0	2781.5322441296375	1	0	1	3.1757244150781054
21033.005097914356	3000.0	1748.5271462152728	0.0	0	0.0	2781.532244129634	1	0	1	3.1757244150781054
21746.967486564874	3000.0	2034.5647575647556	0.0	0	0.0	2781.532244129634	1	0	1	3.1757244150781054
22429.772242969826	3000.0	2351.7600011598024	0.0	0	0.0	2781.532244129634	1	0	1	3.1757244150781054
23729.626486665853	6000.0	1921.9203330941723	0.0	0	0.0	2651.5468197600276	1	0	2	3.1318268524925372
24692.666781881384	3000.0	1958.8800378786411	0.0	0	0.0	2651.546819760031	1	0	1	2.295575776955121
25540.45732522981	3000.0	2111.0894945302166	0.0	0	0.0	2651.546819760031	1	0	1	3.188722957515066
26379.69996595227	3000.0	2271.8468538077555	0.0	0	0.0	2651.546819760031	1	0	1	3.188722957515066
27533.067217827276	3000.0	2118.479601932754	0.0	0	0.0	2651.546819760031	1	0	1	3.188722957515066
28263.441877253517	2000.0	2315.0674765638923	0.0	0	0.0	2578.5093538174115	1	0	2	1.7805154798916365
29200.0	3000.0	2378.509353817405	0.0	0	110.44263198770204	2578.5093538174115	1	0	1	2.590561596001163
30200.0	3000.0	2378.509353817409	0.0	0	114.59806323850353	2578.5093538174115	1	0	1	3.196026704109328
31537.69339780868	6000.0	1907.0466162278615	0.0	0	0.0	2444.7400140365426	1	0	2	3.1523261703716994
32929.968099808764	6000.0	1375.5444440277722	0.0	0	0.0	2305.5125438365394	1	0	2	4.059606297681096
33645.18476138808	3000.0	1660.3277824484499	0.0	0	0.0	2305.5125438365358	1	0	1	2.3301792045474703
34941.32012612492	3000.0	1364.1924177116198	0.0	0	0.0	2305.512543836543	1	0	1	3.223326385107415
35562.35792813775	3000.0	1743.1546156987852	0.0	0	0.0	2305.512543836543	1	0	1	3.2233263851074145
36394.20375619219	3000.0	1911.3087876443471	0.0	0	0.0	2305.512543836543	1	0	1	3.2233263851074145
37200.0	2000.0	2105.512543836538	0.0	0	250.4645225569693	2305.5125438365358	1	0	1	2.209663614837004
38200.0	3000.0	2105.5125438365376	0.0	0	286.4864658397637	2305.5125438365358	1	0	1	2.817861276999251
39200.0	3000.0	2105.512543836546	0.0	0	295.2035085692114	2305.5125438365358	1	0	1	3.2233263851074154
40238.16481299463	3000.0	2067.3477308419046	0.0	0	0.0	2305.5125438365358	1	0	1	3.2233263851074154
41200.0	3000.0	2105.5125438365367	0.0	0	172.7828089435643	2305.5125438365358	1	0	1	3.2233263851074154
42200.0	3000.0	2105.512543836544	0.0	0	425.99502702864265	2305.5125438365358	1	0	1	3.2233263851074154
44060.75790404125	6000.0	1058.6788493911513	0.0	0	0.0	2119.4367534324047	1	0	2	3.183458328969347
44883.94395071345	3000.0	1235.4928027189524	0.0	0	0.0	2119.4367534324047	1	0	1	2.348786783587883
45521.38474984253	3000.0	1598.052003589879	0.0	0	0.0	2119.4367534324047	1	0	1	3.2419339641478286
46255.36879098313	3000.0	1864.0679624492902	0.0	0	0.0	2119.4367534324047	1	0	1	3.2419339641478286
47200.0	3000.0	1919.4367534324178	0.0	0	289.37968745364196	2119.436753432412	1	0	1	3.2419339641478278
48200.0	3000.0	1919.4367534324188	0.0	0	9.111802239553072	2119.4367534324047	1	0	1	3.2419339641478286
49200.0	3000.0	1919.4367534324192	0.0	0	37.27912652948726	2119.4367534324047	1	0	1	3.2419339641478286
50449.66525704281	6000.0	1544.804970685322	0.0	0	0.0	1994.4702277281176	1	0	2	3.1977263382975023
51272.40849648911	3000.0	1722.0617312390277	0.0	0	0.0	1994.4702277281176	1	0	1	2.3612834361583124
52200.0	3000.0	1794.4702277281438	0.0	0	96.344767004397	1994.4702277281176	1	0	1	3.2544306167182575
53216.294558298556	3000.0	1778.1756694295866	0.0	0	0.0	1994.4702277281103	1	0	1	3.254430616718258
54200.0	2000.0	1794.4702277281456	0.0	0	22.97817887252313	1994.4702277281103	1	0	1	2.2407678464478464
55200.0	3000.0	1794.4702277281415	0.0	0	172.99193626605847	1994.4702277281103	1	0	1	2.8489655086100933
56200.0	3000.0	1794.4702277281403	0.0	0	228.505409104102	1994.4702277281103	1	0	1	3.254430616718258
57200.0	3000.0	1794.4702277281397	0.0	0	16.13815320791764	1994.4702277281103	1	0	1	3.254430616718258
58466.85589238635	3000.0	1527.6143353417765	0.0	0	0.0	1994.4702277281103	1	0	1	3.254430616718258
59330.05052741047	2000.0	1664.41970031766	0.0	0	0.0	1994.4702277281103	1	0	1	2.2407678464478464
60200.0	3000.0	1794.4702277281403	0.0	0	73.17472182779602	1994.4702277281176	1	0	1	2.848965508610093
61200.0	3000.0	1794.4702277281358	0.0	0	258.3513916591037	1994.4702277281176	1	0	1	3.2544306167182575
62200.0	3000.0	1794.470227728136	0.0	0	177.87186431515147	1994.4702277281176	1	0	1	3.2544306167182575
63200.0	3000.0	1794.4702277281424	0.0	0	338.14433601824567	1994.4702277281249	1	0	1	3.254430616718257
64200.0	3000.0	1794.4702277281378	0.0	0	95.64233439556847	1994.4702277281322	1	0	1	3.2544306167182557
65493.57970056616	3000.0	1500.890527161977	0.0	0	0.0	1994.4702277281322	1	0	1	3.2544306167182557
66200.0	3000.0	1794.470227728149	0.0	0	142.65995370024757	1994.4702277281467	1	0	1	3.2544306167182553
67200.0	3000.0	1794.4702277281372	0.0	0	126.62445435659902	1994.4702277281394	1	0	1	3.254430616718255
68200.0	2000.0	1794.470227728154	0.0	0	47.76819127536146	1994.4702277281467	1	0	1	2.240767846447843
69378.20143715391	3000.0	1616.268790574237	0.0	0	0.0	1994.4702277281467	1	0	1	2.84896550861009
70304.78702658352	3000.0	1689.6832011446177	0.0	0	0.0	1994.4702277281467	1	0	1	3.2544306167182544
71402.18020512571	3000.0	1592.2900226024399	0.0	0	0.0	1994.4702277281467	1	0	1	3.2544306167182544
72502.40798153596	3000.0	1492.0622461921982	0.0	0	0.0	1994.4702277281467	1	0	1	3.2544306167182544
73399.21723901015	3000.0	1595.2529887180021	0.0	0	0.0	1994.4702277281467	1	0	1	3.2544306167182544
74260.36383054513	3000.0	1734.1063971830338	0.0	0	0.0	1994.4702277281467	1	0	1	3.2544306167182544
75200.0	3000.0	1794.4702277281622	0.0	0	253.06512099817337	1994.4702277281467	1	0	1	3.2544306167182544
76200.0	3000.0	1794.47022772816	0.0	0	341.7778980524163	1994.4702277281467	1	0	1	3.2544306167182544
77200.0	3000.0	1794.4702277281526	0.0	0	228.14431517652702	1994.4702277281467	1	0	1	3.2544306167182544
78200.0	3000.0	1794.4702277281458	0.0	0	127.82667537746602	1994.4702277281613	1	0	1	3.254430616718253
79200.0	2000.0	1794.4702277281485	0.0	0	163.91277801824617	1994.4702277281467	1	0	1	2.240767846447843
80200.0	3000.0	1794.470227728157	0.0	0	267.8708271981013	1994.4702277281467	1	0	1	2.84896550861009
81200.0	3000.0	1794.4702277281501	0.0	0	142.75518864508194	1994.4702277281467	1	0	1	3.2544306167182544
82200.0	3000.0	1794.4702277281506	0.0	0	291.2817588859616	1994.4702277281467	1	0	1	3.2544306167182544
83200.0	3000.0	1794.4702277281597	0.0	0	119.41874980786815	1994.4702277281613	1	0	1	3.254430616718253
84200.0	3000.0	1794.4702277281706	0.0	0	85.0149630993401	1994.4702277281613	1	0	1	3.254430616718253
85200.0	3000.0	1794.4702277281565	0.0	0	334.3011878792313	1994.4702277281613	1	0	1	3.254430616718253
86200.0	3000.0	1794.4702277281535	0.0	0	168.18733539342065	1994.4702277281613	1	0	1	3.254430616718253
87200.0	3000.0	1794.4702277281594	0.0	0	30.910791364251054	1994.4702277281758	1	0	1	3.2544306167182513
88200.0	3000.0	1794.4702277281467	0.0	0	329.8202650571475	1994.4702277281758	1	0	1	3.2544306167182513
89378.66592906222	3000.0	1615.8042986659311	0.0	0	0.0	1994.4702277281613	1	0	1	3.254430616718253
90260.51347145977	3000.0	1733.9567562683592	0.0	0	0.0	1994.4702277281467	1	0	1	3.2544306167182544
91200.0	3000.0	1794.4702277281356	0.0	0	320.1554418917658	1994.4702277281467	1	0	1	3.2544306167182544
92254.28802374715	3000.0	1740.1822039809858	0.0	0	0.0	1994.4702277281322	1	0	1	3.2544306167182557
93200.0	3000.0	1794.470227728152	0.0	0	269.8080110365554	1994.4702277281176	1	0	1	3.2544306167182575
94200.0	3000.0	1794.470227728168	0.0	0	317.88678101492405	1994.4702277281176	1	0	1	3.2544306167182575
95200.0	3000.0	1794.4702277281679	0.0	0	186.08552397531457	1994.4702277281322	1	0	1	3.2544306167182557
96200.0	3000.0	1794.4702277281633	0.0	0	185.3752436596551	1994.4702277281322	1	0	1	3.2544306167182557
97236.59465834481	6000.0	1654.2161035488707	0.0	0	0.0	1890.8107618936483	1	0	2	3.2089253349133835
98802.80898449801	6000.0	931.3803447803483	0.0	0	0.0	1734.1893292783207	1	0	2	4.1154874386650455
99939.19780941214	3000.0	794.9915198662115	0.0	0	0.0	1734.1893292783207	1	0	1	2.387311526003292
100760.10819070823	2000.0	974.0811385701379	0.0	0	0.0	1734.1893292783207	1	0	1	2.2667959362928256
101311.10249707814	2000.0	1423.0868322002293	0.0	0	0.0	1734.1893292783207	1	0	1	2.67226104440099
102205.26912368105	3000.0	1528.9202055973096	0.0	0	0.0	1734.189329278306	1	0	1	2.874993598455074
103226.98042086231	3000.0	1507.2089084160382	0.0	0	0.0	1734.189329278306	1	0	1	3.2804587065632385
104200.0	3000.0	1534.1893292783493	0.0	0	340.6359443860856	1734.189329278306	1	0	1	3.2804587065632385
105200.0	3000.0	1534.189329278351	0.0	0	398.8903336793155	1734.189329278306	1	0	1	3.2804587065632385
106200.0	3000.0	1534.1893292783736	0.0	0	309.9383715678414	1734.1893292783207	1	0	1	3.2804587065632376
107304.19750111218	3000.0	1429.991828166185	0.0	0	0.0	1734.1893292783207	1	0	1	3.2804587065632376
108315.14583509308	3000.0	1419.0434941852786	0.0	0	0.0	1734.189329278306	1	0	1	3.2804587065632385
109443.50869282572	3000.0	1290.680636452635	0.0	0	0.0	1734.189329278306	1	0	1	3.2804587065632385
110458.6925535013	3000.0	1275.4967757770555	0.0	0	0.0	1734.189329278306	1	0	1	3.2804587065632385
111345.949853802	3000.0	1388.239475476373	0.0	0	0.0	1734.189329278306	1	0	1	3.2804587065632385
112356.47487271446	3000.0	1377.7144565639126	0.0	0	0.0	1734.189329278306	1	0	1	3.2804587065632385
113200.0	3000.0	1534.1893292783834	0.0	0	21.720641250212793	1734.189329278306	1	0	1	3.2804587065632385
114200.0	3000.0	1534.1893292783643	0.0	0	17.416399491761695	1734.189329278306	1	0	1	3.2804587065632385
115200.0	3000.0	1534.189329278368	0.0	0	29.906557500362396	1734.1893292782916	1	0	1	3.2804587065632402
116200.0	3000.0	1534.1893292783657	0.0	0	116.30167666742636	1734.189329278277	1	0	1	3.280458706563241
117200.0	3000.0	1534.1893292783654	0.0	0	208.84398488250736	1734.189329278277	1	0	1	3.280458706563241
118200.0	3000.0	1534.1893292783832	0.0	0	162.22170946585538	1734.189329278277	1	0	1	3.280458706563241
119200.0	3000.0	1534.1893292783789	0.0	0	8.02385867931298	1734.1893292782916	1	0	1	3.2804587065632402
120200.0	3000.0	1534.1893292783677	0.0	0	109.47079144149029	1734.1893292782916	1	0	1	3.2804587065632402
121200.0	3000.0	1534.1893292783743	0.0	0	165.97520438564243	1734.1893292782916	1	0	1	3.2804587065632402
122200.0	3000.0	1534.18932927836	0.0	0	157.52439203874383	1734.1893292782916	1	0	1	3.2804587065632402
123200.0	3000.0	1534.1893292783536	0.0	0	277.3153390073858	1734.189329278277	1	0	1	3.280458706563241
124275.25009829237	3000.0	1458.9392309859838	0.0	0	0.0	1734.189329278277	1	0	1	3.280458706563241
125200.0	3000.0	1534.1893292783566	0.0	0	12.797438624547794	1734.189329278277	1	0	1	3.280458706563241
126200.0	3000.0	1534.1893292783564	0.0	0	185.90653102537908	1734.189329278277	1	0	1	3.280458706563241
127200.0	3000.0	1534.1893292783654	0.0	0	198.80121039177175	1734.189329278277	1	0	1	3.280458706563241
128324.81082150288	3000.0	1409.3785077754762	0.0	0	0.0	1734.189329278277	1	0	1	3.280458706563241
129200.0	3000.0	1534.189329278354	0.0	0	57.06465874213609	1734.189329278277	1	0	1	3.280458706563241
130287.75743710258	3000.0	1446.431892175759	0.0	0	0.0	1734.189329278277	1	0	1	3.280458706563241
131460.5258580561	3000.0	1273.6634712222349	0.0	0	0.0	1734.189329278277	1	0	1	3.2804587065632416
132251.03828952453	3000.0	1483.1510397538127	0.0	0	0.0	1734.1893292782916	1	0	1	3.2804587065632416
133200.0	3000.0	1534.189329278314	0.0	0	74.41385024396004	1734.189329278306	1	0	1	3.2804587065632393
134200.0	3000.0	1534.1893292782968	0.0	0	366.6222514671099	1734.189329278306	1	0	1	3.2804587065632385
135200.0	3000.0	1534.1893292782893	0.0	0	156.29207548787235	1734.189329278306	1	0	1	3.280458706563239
136214.52866493	3000.0	1519.6606643483167	0.0	0	0.0	1734.189329278306	1	0	1	3.2804587065632385
137200.0	3000.0	1534.1893292783172	0.0	0	128.8125461693562	1734.189329278306	1	0	1	3.2804587065632385
138200.0	3000.0	1534.1893292782947	0.0	0	200.0411899436731	1734.189329278277	1	0	1	3.280458706563241
139200.0	3000.0	1534.1893292783086	0.0	0	253.81139220183832	1734.189329278277	1	0	1	3.280458706563241
140492.56711558413	6000.0	1370.8789252525592	0.0	0	0.0	1863.4460408366867	1	0	0	3.2174742292590155
142334.46822645998	6000.0	713.1679254643128	0.0	0	0.0	2047.6361519242637	1	0	0	4.093844671758966
143247.9299585332	3000.0	799.7061933911036	0.0	0	0.0	2047.6361519242637	1	0	1	2.355966843738698
143948.4124226998	3000.0	1099.2237292245222	0.0	0	0.0	2047.6361519242637	1	0	1	3.2491140242986427
144856.63935427248	3000.0	1190.9967976518355	0.0	0	0.0	2047.6361519242346	1	0	1	3.2491140242986454
145422.28456150016	2000.0	1625.3515904241538	0.0	0	0.0	2047.6361519242346	1	0	1	2.235451254028234
146644.8761616765	3000.0	1402.7599902477868	0.0	0	0.0	2047.6361519242346	1	0	1	2.8436489161904808
147314.19357401572	2000.0	1733.4425779085489	0.0	0	0.0	2047.6361519242055	1	0	1	2.235451254028237
148200.0	2000.0	1847.636151924283	0.0	0	161.89422207407188	2047.6361519242055	1	0	1	2.6409163621364016
149200.0	3000.0	1847.6361519242682	0.0	0	287.5463907646772	2047.6361519242055	1	0	1	2.8436489161904843
150200.0	2000.0	1847.6361519242887	0.0	0	395.1692422008782	2047.6361519242055	1	0	1	2.235451254028237
151295.09413010746	3000.0	1752.542021816852	0.0	0	0.0	2047.6361519242055	1	0	1	2.8436489161904843
152344.58581271782	3000.0	1703.0503392065073	0.0	0	0.0	2047.6361519242055	1	0	1	3.249114024298649
153446.47650988796	3000.0	1601.159642036383	0.0	0	0.0	2047.6361519242055	1	0	1	3.249114024298649
154200.0	3000.0	1847.6361519243555	0.0	0	49.17835225901217	2047.6361519241764	1	0	1	3.2491140242986516
155200.0	3000.0	1847.6361519243378	0.0	0	123.77826978688245	2047.6361519241764	1	0	1	3.2491140242986516
156200.0	3000.0	1847.636151924349	0.0	0	185.92873787885765	2047.6361519241764	1	0	1	3.2491140242986516
157265.21828636035	3000.0	1782.4178655639942	0.0	0	0.0	2047.6361519241764	1	0	1	3.2491140242986516
158200.0	3000.0	1847.6361519243612	0.0	0	249.78726356857806	2047.6361519242055	1	0	1	3.249114024298649
159200.89392594868	3000.0	1846.7422259756909	0.0	0	0.0	2047.6361519242055	1	0	1	3.249114024298649
160200.0	2000.0	1847.6361519243994	0.0	0	370.1786803289433	2047.6361519242346	1	0	1	2.235451254028234
161200.0	3000.0	1847.636151924428	0.0	0	222.32816990223364	2047.6361519242346	1	0	1	2.8436489161904808
162200.0	3000.0	1847.6361519244347	0.0	0	187.50477834578487	2047.6361519242346	1	0	1	3.2491140242986454
163200.0	3000.0	1847.6361519244315	0.0	0	190.5700622977747	2047.6361519242346	1	0	1	3.2491140242986454
164329.66583899414	3000.0	1717.9703129302934	0.0	0	0.0	2047.6361519242346	1	0	1	3.2491140242986454
165200.0	3000.0	1847.6361519244358	0.0	0	86.96236393833533	2047.6361519242346	1	0	1	3.2491140242986454
166247.26367227096	3000.0	1800.3724796534732	0.0	0	0.0	2047.6361519242346	1	0	1	3.2491140242986454
167316.3701149758	3000.0	1731.2660369486232	0.0	0	0.0	2047.6361519242346	1	0	1	3.2491140242986454
168357.30393596183	3000.0	1690.33221596259	0.0	0	0.0	2047.6361519242055	1	0	1	3.249114024298649
169288.84375947036	3000.0	1758.792392454061	0.0	0	0.0	2047.6361519241764	1	0	1	3.2491140242986516
170225.14976153342	3000.0	1822.4863903909907	0.0	0	0.0	2047.6361519242055	1	0	1	3.249114024298649
171200.0	3000.0	1847.6361519244213	0.0	0	456.2569579478586	2047.6361519242055	1	0	1	3.249114024298649
172200.0	3000.0	1847.6361519243883	0.0	0	107.24863956542686	2047.6361519241764	1	0	1	3.249114024298651
173200.0	3000.0	1847.6361519243908	0.0	0	2.350791715987725	2047.6361519241764	1	0	1	3.2491140242986516
174200.0	3000.0	1847.6361519243947	0.0	0	303.6608901643194	2047.6361519241764	1	0	1	3.2491140242986516
175200.0	3000.0	1847.6361519244178	0.0	0	212.8907818425796	2047.6361519242055	1	0	1	3.249114024298649
176309.5294884879	3000.0	1738.1066634365436	0.0	0	0.0	2047.6361519242055	1	0	1	3.249114024298649
177200.0	3000.0	1847.6361519244397	0.0	0	134.39818171286606	2047.6361519242055	1	0	1	3.249114024298649
178200.0	3000.0	1847.6361519244329	0.0	0	239.43120933455066	2047.6361519242055	1	0	1	3.249114024298649
179200.0	3000.0	1847.6361519244276	0.0	0	328.5167419449717	2047.6361519242055	1	0	1	3.249114024298649
180200.0	3000.0	1847.6361519244174	0.0	0	393.26816445722943	2047.6361519242055	1	0	1	3.249114024298649
181378.60269638392	6000.0	1551.1731859021036	0.0	0	0.0	1929.775882285816	1	0	2	3.2043243798702874
182200.0	3000.0	1729.7758822860276	0.0	0	19.407246638846118	1929.775882285816	1	0	1	2.3677528707025424
183200.0	3000.0	1729.7758822860033	0.0	0	230.76563319505658	1929.775882285816	1	0	1	3.2609000512624875
184200.0	3000.0	1729.7758822860346	0.0	0	37.107799293327844	1929.775882285845	1	0	1	3.260900051262485
185200.0	3000.0	1729.7758822860565	0.0	0	271.77569394686725	1929.775882285845	1	0	1	3.260900051262485
186247.48784263647	3000.0	1682.288039649583	0.0	0	0.0	1929.775882285845	1	0	1	3.260900051262485
187200.0	3000.0	1729.7758822860756	0.0	0	162.47648512921296	1929.775882285845	1	0	1	3.260900051262485
188200.0	3000.0	1729.7758822860972	0.0	0	376.45137965260074	1929.775882285874	1	0	1	3.2609000512624826
189239.33125846187	3000.0	1690.444623824244	0.0	0	0.0	1929.7758822859032	1	0	1	3.2609000512624786
190200.0	3000.0	1729.7758822861053	0.0	0	216.68625980001525	1929.775882285874	1	0	1	3.2609000512624817
191200.0	3000.0	1729.775882286089	0.0	0	302.97335277198	1929.775882285845	1	0	1	3.260900051262485
192200.0	3000.0	1729.7758822860944	0.0	0	122.936769520893	1929.775882285845	1	0	1	3.260900051262485
193200.0	2000.0	1729.775882286072	0.0	0	170.0042081005522	1929.775882285816	1	0	1	2.247237280992076
194200.0	3000.0	1729.7758822860924	0.0	0	58.47422028510482	1929.7758822857868	1	0	1	2.8554349431543256
195200.0	3000.0	1729.775882286106	0.0	0	202.73088629514677	1929.7758822857868	1	0	1	3.26090005126249
196200.0	3000.0	1729.7758822860883	0.0	0	161.93190895405132	1929.7758822857577	1	0	1	3.2609000512624924
197200.0	3000.0	1729.775882286055	0.0	0	161.5600565393397	1929.7758822857577	1	0	1	3.2609000512624937
198200.0	3000.0	1729.775882286061	0.0	0	172.52225999740767	1929.7758822857577	1	0	1	3.2609000512624937
199200.0	3000.0	1729.7758822860715	0.0	0	420.10353766026674	1929.7758822857577	1	0	1	3.260900051262495
200200.0	3000.0	1729.77588228606	0.0	0	281.0775271348248	1929.7758822857577	1	0	1	3.2609000512624937
202155.29148923885	6000.0	970.0135419711007	0.0	0	0.0	2125.3050312096602	1	0	0	3.1942549490969805
203013.20110322573	2000.0	1112.1039279842084	0.0	0	0.0	2125.3050312096602	1	0	1	1.3345371855397463
203900.60511820376	3000.0	1224.699913006202	0.0	0	0.0	2125.3050312096602	1	0	1	2.8358820282619384
204885.75000543924	3000.0	1239.5550257707507	0.0	0	0.0	2125.3050312096602	1	0	1	3.241347136370103
205404.52672298462	3000.0	1720.7783082253766	0.0	0	0.0	2125.3050312096602	1	0	1	3.241347136370103
206200.0	3000.0	1925.3050312099956	0.0	0	214.27292627259158	2125.3050312096893	1	0	1	3.241347136370101
207233.43442052157	3000.0	1891.870610688407	0.0	0	0.0	2125.3050312097184	1	0	1	3.2413471363700976
208200.0	2000.0	1925.3050312099886	0.0	0	258.5297027461347	2125.3050312097184	1	0	1	2.2276843660996857
209206.56391387826	3000.0	1918.7411173317198	0.0	0	0.0	2125.3050312097184	1	0	1	2.835882028261933
210200.0	3000.0	1925.3050312100052	0.0	0	182.4773717976641	2125.3050312097184	1	0	1	3.2413471363700976
211253.959740038	3000.0	1871.3452911720203	0.0	0	0.0	2125.3050312097475	1	0	1	3.241347136370094
212200.0	3000.0	1925.3050312100274	0.0	0	133.62213559789234	2125.3050312097475	1	0	1	3.241347136370094
213200.0	3000.0	1925.305031210015	0.0	0	122.40222631362849	2125.3050312097475	1	0	1	3.241347136370094
214200.0	3000.0	1925.3050312100481	0.0	0	133.73191985083395	2125.3050312097475	1	0	1	3.241347136370094
215200.0	3000.0	1925.3050312100468	0.0	0	75.04429786570836	2125.3050312097184	1	0	1	3.2413471363700976
216200.0	3000.0	1925.3050312100254	0.0	0	336.38177998684114	2125.3050312096893	1	0	1	3.2413471363700994
217200.0	2000.0	1925.305031210003	0.0	0	329.11031517898664	2125.305031209631	1	0	1	2.227684366099693
218200.0	3000.0	1925.305031210016	0.0	0	28.644912401767215	2125.305031209631	1	0	1	2.835882028261942
219200.0	3000.0	1925.3050312099863	0.0	0	254.98253345518606	2125.305031209602	1	0	1	3.2413471363701087
220200.0	3000.0	1925.3050312100063	0.0	0	371.28025750044617	2125.305031209631	1	0	1	3.2413471363701065
221329.9106113723	3000.0	1795.3944198377017	0.0	0	0.0	2125.305031209631	1	0	1	3.2413471363701065
222200.0	3000.0	1925.305031210025	0.0	0	118.21664503077045	2125.305031209631	1	0	1	3.2413471363701065
223344.5728443565	3000.0	1780.7321868535257	0.0	0	0.0	2125.305031209631	1	0	1	3.2413471363701065
224454.08981186425	3000.0	1671.2152193457878	0.0	0	0.0	2125.305031209631	1	0	1	3.2413471363701065
225387.6165852578	3000.0	1737.688445952202	0.0	0	0.0	2125.305031209631	1	0	1	3.2413471363701065
226200.0	3000.0	1925.305031209993	0.0	0	145.03989041331806	2125.305031209631	1	0	1	3.2413471363701065
227200.0	3000.0	1925.3050312099833	0.0	0	150.03670681841322	2125.305031209602	1	0	1	3.241347136370109
228200.0	2000.0	1925.3050312099936	0.0	0	95.37763855876983	2125.305031209573	1	0	1	2.2276843660997003
229200.0	3000.0	1925.3050312100106	0.0	0	196.30960842751665	2125.305031209573	1	0	1	2.8358820282619472
230243.4946996009	3000.0	1881.810331609117	0.0	0	0.0	2125.305031209573	1	0	1	3.241347136370112
231200.0	3000.0	1925.305031210009	0.0	0	345.7575032656314	2125.305031209573	1	0	1	3.241347136370112
232200.0	3000.0	1925.3050312100079	0.0	0	23.70247642317554	2125.305031209544	1	0	1	3.2413471363701136
233200.0	3000.0	1925.3050312100017	0.0	0	258.6024568619905	2125.3050312094856	1	0	1	3.24134713637012
234200.0	3000.0	1925.305031210032	0.0	0	204.0429849520733	2125.3050312094856	1	0	1	3.2413471363701207
235200.0	3000.0	1925.3050312100422	0.0	0	181.5350089443964	2125.3050312095147	1	0	1	3.241347136370117
236253.56202206266	3000.0	1871.743009147365	0.0	0	0.0	2125.305031209544	1	0	1	3.2413471363701145
237200.0	3000.0	1925.3050312100245	0.0	0	316.8085092319816	2125.3050312095147	1	0	1	3.241347136370117
238363.88011873173	3000.0	1761.4249124782523	0.0	0	0.0	2125.3050312094856	1	0	1	3.2413471363701207
239200.0	3000.0	1925.3050312099915	0.0	0	111.12598324363353	2125.3050312095147	1	0	1	3.241347136370117
240200.0	3000.0	1925.3050312099845	0.0	0	5.167119983554585	2125.3050312095147	1	0	1	3.241347136370117
241200.0	3000.0	1925.3050312100056	0.0	0	97.23350504384143	2125.305031209544	1	0	1	3.2413471363701145
242200.0	3000.0	1925.3050312099872	0.0	0	292.3249532672635	2125.3050312095147	1	0	1	3.2413471363701163
243200.0	3000.0	1925.3050312100013	0.0	0	449.44602518709144	2125.3050312095147	1	0	1	3.241347136370117
244473.1845159095	6000.0	1524.8020637095754	0.0	0	0.0	1997.9865796185622	1	0	2	3.1969791917709722
245200.0	3000.0	1797.986579619081	0.0	0	157.3860119857709	1997.9865796185622	1	0	1	2.360931800969268
246334.57208038177	6000.0	1549.9572911991615	0.0	0	0.0	1884.5293715804	1	0	2	3.209312519468196
247909.6490214854	6000.0	817.3726559851686	0.0	0	0.0	1727.0216774700384	1	0	2	4.116148420341112
248650.9033757685	2000.0	1076.1183017020824	0.0	0	0.0	1727.0216774700384	1	0	1	1.3743655209137087
249633.5896702858	3000.0	1093.4320071848185	0.0	0	0.0	1727.0216774700384	1	0	1	2.8757103636359007
250200.0	2000.0	1527.0216774706062	0.0	0	69.22359406121541	1727.0216774700384	1	0	1	2.267512701473654
251200.0	2000.0	1527.0216774706155	0.0	0	478.3854771180195	1727.0216774700384	1	0	1	2.6729778095818184
252200.0	3000.0	1527.0216774706353	0.0	0	88.42158401419874	1727.0216774700093	1	0	1	2.8757103636359034
253200.0	3000.0	1527.0216774706205	0.0	0	308.772365878016	1727.0216774699802	1	0	1	3.28117547174407
254200.0	3000.0	1527.0216774706278	0.0	0	83.56925456243334	1727.0216774699802	1	0	1	3.281175471744071
255208.17511386028	3000.0	1518.8465636103351	0.0	0	0.0	1727.0216774699802	1	0	1	3.281175471744071
256200.0	3000.0	1527.0216774706178	0.0	0	42.56242383926292	1727.0216774700384	1	0	1	3.281175471744066
257200.0	3000.0	1527.0216774706241	0.0	0	65.22557524978765	1727.0216774700384	1	0	1	3.2811754717440653
258307.0965966546	3000.0	1419.9250808160098	0.0	0	0.0	1727.0216774700384	1	0	1	3.2811754717440653
259234.85717332741	3000.0	1492.164504143186	0.0	0	0.0	1727.0216774700384	1	0	1	3.2811754717440653
260200.0	3000.0	1527.0216774705918	0.0	0	365.0674353069626	1727.0216774700384	1	0	1	3.2811754717440653
261284.9682810992	3000.0	1442.0533963713956	0.0	0	0.0	1727.0216774700384	1	0	1	3.2811754717440653
262200.0	3000.0	1527.0216774705955	0.0	0	79.17678525278461	1727.0216774700384	1	0	1	3.2811754717440653
263330.94005281094	3000.0	1396.0816246596123	0.0	0	0.0	1727.0216774700093	1	0	1	3.2811754717440684
264268.3699795983	3000.0	1458.651697872223	0.0	0	0.0	1727.0216774700093	1	0	1	3.2811754717440684
265200.0	3000.0	1527.0216774706225	0.0	0	302.141680540808	1727.0216774701257	1	0	1	3.281175471744059
266200.0	3000.0	1527.0216774705773	0.0	0	391.6995698513929	1727.0216774701257	1	0	1	3.2811754717440564
267200.0	3000.0	1527.0216774706753	0.0	0	61.04979107179679	1727.021677470184	1	0	1	3.281175471744052
268200.0	3000.0	1527.0216774706516	0.0	0	271.6759295925731	1727.021677470184	1	0	1	3.2811754717440507
269200.0	3000.0	1527.021677470662	0.0	0	231.6799853158882	1727.021677470184	1	0	1	3.2811754717440507
270200.0	3000.0	1527.0216774706776	0.0	0	201.87981450767256	1727.0216774702421	1	0	1	3.281175471744046
271200.0	3000.0	1527.0216774707126	0.0	0	336.1135915898485	1727.0216774702421	1	0	1	3.281175471744045
272579.7912130006	6000.0	1285.2095857701731	0.0	0	0.0	1865.000798770343	1	0	0	3.2183409291414105
273598.2013376886	3000.0	1266.7994610821595	0.0	0	0.0	1865.0007987704012	1	0	1	2.374230379054084
274319.70578508684	3000.0	1545.2950136839238	0.0	0	0.0	1865.0007987704012	1	0	1	3.267377559614029
275200.0	3000.0	1665.000798770764	0.0	0	8.316269906586967	1865.0007987704012	1	0	1	3.267377559614029
276200.0	3000.0	1665.0007987707854	0.0	0	339.614507906721	1865.0007987704594	1	0	1	3.2673775596140233
277200.0	3000.0	1665.0007987707645	0.0	0	251.1260567633435	1865.0007987704012	1	0	1	3.2673775596140264
278200.0	3000.0	1665.0007987707668	0.0	0	207.71261343196966	1865.0007987704012	1	0	1	3.267377559614029
279200.0	3000.0	1665.0007987707365	0.0	0	358.74596255860524	1865.0007987704012	1	0	1	3.267377559614029
280200.0	3000.0	1665.0007987707768	0.0	0	121.9673895292799	1865.0007987704012	1	0	1	3.267377559614029
281298.91429339774	3000.0	1566.0865053730095	0.0	0	0.0	1865.0007987704012	1	0	1	3.267377559614029
282444.9846844723	3000.0	1420.0161142983834	0.0	0	0.0	1865.0007987704012	1	0	1	3.267377559614029
283268.7500427441	3000.0	1596.2507560266367	0.0	0	0.0	1865.0007987704594	1	0	1	3.2673775596140233
284200.0	3000.0	1665.0007987707454	0.0	0	190.2197451176471	1865.0007987705176	1	0	1	3.2673775596140184
285200.0	3000.0	1665.0007987707622	0.0	0	23.685740145330783	1865.0007987705758	1	0	1	3.2673775596140113
286200.0	3000.0	1665.0007987707515	0.0	0	133.03265291417483	1865.000798770634	1	0	1	3.2673775596140073
287200.0	3000.0	1665.0007987707056	0.0	0	210.17635835596593	1865.000798770634	1	0	1	3.267377559614006
288200.0	3000.0	1665.0007987706597	0.0	0	367.93337609793525	1865.000798770634	1	0	1	3.267377559614006
289763.738515149	6000.0	1257.636135136557	0.0	0	0.0	2021.3746502855793	1	0	0	3.20250070204865
290734.82621523074	3000.0	1286.5484350547983	0.0	0	0.0	2021.3746502856375	1	0	1	2.35859299390256
291630.6080503857	3000.0	1390.766599899815	0.0	0	0.0	2021.3746502856375	1	0	1	3.251740174462505
292315.7714971692	3000.0	1705.6031531163303	0.0	0	0.0	2021.3746502856375	1	0	1	3.251740174462505
293200.0	3000.0	1821.3746502855322	0.0	0	251.99707570380997	2021.3746502856375	1	0	1	3.251740174462505
294273.8041938146	3000.0	1747.5704564709617	0.0	0	0.0	2021.3746502856957	1	0	1	3.2517401744625003
295584.5597998871	3000.0	1436.8148503984262	0.0	0	0.0	2021.3746502856957	1	0	1	3.2517401744624994
296318.81389800034	2000.0	1702.5607522852094	0.0	0	0.0	2021.3746502856957	1	0	1	2.238077404192088
297200.0	2000.0	1821.374650285478	0.0	0	63.949586065951735	2021.3746502856957	1	0	1	2.6435425123002525
298431.7585812694	3000.0	1589.616069016024	0.0	0	0.0	2021.3746502856375	1	0	1	2.8462750663543406
299305.63955429476	2000.0	1715.7350959907208	0.0	0	0.0	2021.3746502856375	1	0	1	2.2380774041920937
300204.09955053707	3000.0	1817.275099748394	0.0	0	0.0	2021.3746502856375	1	0	1	2.8462750663543406
3.81	3.92	4.1	3.41	3.38	3.82	2.68	2.84	4.41	4.58	3.26	3.61	3.72	4.12	3.27	3.58	3.85	4.4	4.69	3.83	3.98	4.34	3.52	3.41	3.71	4.24	4.95	4.38	3.65	4.89	3.08	3.98	2.84	3.29	4.89	3.63	3.76	4.17	4.26	2.27	3.92	4.53	5.25	4.09	3.57	4.8	4.43	4.55	4.26	2.47	3.25	3.42	4.53	3.66	1.98	3.16	3.78	3.58	3.79	3.38	2.87	3.32	4.31	2.62	3.14	3.36	3.8	3.51	3.56	3.03	3.7	3.46	3.57	3.56	2.13	3.81	3.79	3.81	4.02	3.15	4.32	3.8	3.89	3.66	3.46	3.43	3.76	4.22	3.51	4.21	4.67	3.9	4.89	5.29	3.98	2.99	2.33	3.17	3.49	3.59	4.58	4.7	3.7	3.41	4.2	3.38	4.04	3.53	3.73	3.2	3.39	4.32	4.0	3.53	3.44	4.02	3.73	4.34	5.21	3.46	3.54	4.29	3.8	3.46	3.28	3.64	3.78	3.35	3.43	3.5	4.71	4.17	4.11	4.83	4.47	5.36	4.87	3.41	3.97	3.97	4.36	3.06	2.66	2.65	3.72	2.61	2.77	3.66	3.43	5.07	3.81	3.92	4.1	3.41	3.38	3.82	2.68	2.84	4.41	4.58	3.26	3.61	3.72	4.12	3.27	3.58	3.85	4.4	4.69	3.83	3.98	4.34	3.52	3.41	3.71	4.24	4.95	4.38	3.65	4.89	3.08	3.98	2.84	3.29	4.89	3.63	3.76	4.17	4.26	2.27	3.92	4.53	5.25	4.09	3.57	4.8	4.43	4.55	4.26	2.47	3.25	3.42	4.53	3.66	1.98	3.16	3.78	3.58	3.79	3.38	2.87	3.32	4.31	2.62	3.14	3.36	3.8	3.51	3.56	3.03	3.7	3.46	3.57	3.56	2.13	3.81	3.79	3.81	4.02	3.15	4.32	3.8	3.89	3.66	3.46	3.43	3.76	4.22	3.51	4.21	4.67	3.9	4.89	5.29	3.98	2.99	2.33	3.17	3.49	3.59	4.58	4.7	3.7	3.41	4.2	3.38	4.04	3.53	3.73	3.2	3.39	4.32	4.0	3.53	3.44	4.02	3.73	4.34	5.21	3.46	3.54	4.29	3.8	3.46	3.28	3.64	3.78	3.35	3.43	3.5	4.71	4.17	4.11	4.83	4.47	5.36	4.87	3.41	3.97	3.97	4.36	3.06	2.66	2.65	3.72	2.61	2.77	3.66	3.43	5.07	3.81
1.0	2.0	3.0	4.0	5.0	6.0	7.0	8.0	9.0	10.0	11.0	12.0	13.0	14.0	15.0	16.0	17.0	18.0	19.0	20.0	21.0	22.0	23.0	24.0	25.0	26.0	27.0	28.0	29.0	30.0	31.0	32.0	33.0	34.0	35.0	36.0	37.0	38.0	39.0	40.0	41.0	42.0	43.0	44.0	45.0	46.0	47.0	48.0	49.0	50.0	51.0	52.0	53.0	54.0	55.0	56.0	57.0	58.0	59.0	60.0	61.0	62.0	63.0	64.0	65.0	66.0	67.0	68.0	69.0	70.0	71.0	72.0	73.0	74.0	75.0	76.0	77.0	78.0	79.0	80.0	81.0	82.0	83.0	84.0	85.0	86.0	87.0	88.0	89.0	90.0	91.0	92.0	93.0	94.0	95.0	96.0	97.0	98.0	99.0	100.0	101.0	102.0	103.0	104.0	105.0	106.0	107.0	108.0	109.0	110.0	111.0	112.0	113.0	114.0	115.0	116.0	117.0	118.0	119.0	120.0	121.0	122.0	123.0	124.0	125.0	126.0	127.0	128.0	129.0	130.0	131.0	132.0	133.0	134.0	135.0	136.0	137.0	138.0	139.0	140.0	141.0	142.0	143.0	144.0	145.0	146.0	147.0	148.0	149.0	149.0	150.0	151.0	152.0	153.0	154.0	155.0	156.0	157.0	158.0	159.0	160.0	161.0	162.0	163.0	164.0	165.0	166.0	167.0	168.0	169.0	170.0	171.0	172.0	173.0	174.0	175.0	176.0	177.0	178.0	179.0	180.0	181.0	182.0	183.0	184.0	185.0	186.0	187.0	188.0	189.0	190.0	191.0	192.0	193.0	194.0	195.0	196.0	197.0	198.0	199.0	200.0	201.0	202.0	203.0	204.0	205.0	206.0	207.0	208.0	209.0	210.0	211.0	212.0	213.0	214.0	215.0	216.0	217.0	218.0	219.0	220.0	221.0	222.0	223.0	224.0	225.0	226.0	227.0	228.0	229.0	230.0	231.0	232.0	233.0	234.0	235.0	236.0	237.0	238.0	239.0	240.0	241.0	242.0	243.0	244.0	245.0	246.0	247.0	248.0	249.0	250.0	251.0	252.0	253.0	254.0	255.0	256.0	257.0	258.0	259.0	260.0	261.0	262.0	263.0	264.0	265.0	266.0	267.0	268.0	269.0	270.0	271.0	272.0	273.0	274.0	275.0	276.0	277.0	278.0	279.0	280.0	281.0	282.0	283.0	284.0	285.0	286.0	287.0	288.0	289.0	290.0	291.0	292.0	293.0	294.0	295.0	296.0	297.0	298.0	298.0	299.0
3660.864564949323
