5768.4641261340685	300.0	2000.0	101.31032031003743	0	0.0	5768.4641261340685	1	0	1	-1.1828710224824737
5959.776023791573	1000.0	2808.6881023424958	0.0	0	0.0	5768.4641261340685	1	0	1	0.02513998954956126
6526.505261741438	2000.0	3185.285940597643	0.0	0	0.0	5711.791202339081	1	0	2	1.1799729283477816
7026.009945437745	2000.0	3635.8307885317054	0.0	0	0.0	5661.8407339694495	1	0	2	2.0783157264219043
7633.506555361676	2000.0	3967.584517615381	0.0	0	0.0	5601.091072977057	1	0	2	2.084159354456113
8723.077546832417	6000.0	3769.0564269975657	0.0	0	0.0	5492.133973829983	1	0	2	2.642447333686907
9727.496884947754	2000.0	3664.1951550706963	0.0	0	0.0	5391.692040018449	1	0	2	1.00544537957889
10635.803943887277	2000.0	3665.057390237224	0.0	0	0.0	5300.8613341245	1	0	2	2.113394431510625
11412.853695556822	2000.0	3810.3026634007256	0.0	0	0.0	5223.156358957546	1	0	2	2.1213539538972572
12241.398069010953	2000.0	3898.903852601179	0.0	0	0.0	5140.301921612131	1	0	2	2.1295440202804707
12999.533617587635	2000.0	4064.954749166828	0.0	0	0.0	5064.488366754463	1	0	2	2.1374471543068276
13514.573277445106	2000.0	4498.411123323611	0.0	0	0.0	5012.984400768715	1	0	2	2.143105932825054
15671.780826968903	6000.0	3125.4828188474366	0.0	0	0.0	4797.26364581634	1	0	2	2.7094999092162215
16672.284444351288	2000.0	3024.9288397268137	0.0	0	0.0	4697.213284078103	1	0	2	1.0747992142354954
17660.45010433199	2000.0	2937.9466137480417	0.0	0	0.0	4598.396718080034	1	0	2	2.183490387948848
18531.80440841284	2000.0	2979.4568792591094	0.0	0	0.0	4511.261287671952	1	0	2	2.192404830633663
19468.963469825292	2000.0	2948.5819117054166	0.0	0	0.0	4417.54538153071	1	0	2	2.2015833951898567
20215.683539626494	2000.0	3127.1898349240932	0.0	0	0.0	4342.873374550589	1	0	2	2.209554253696244
20794.71146267009	2000.0	3490.259119576136	0.0	0	0.0	4284.970582246227	1	0	2	2.2157797239418215
21528.834728232425	2000.0	3682.7235274575696	0.0	0	0.0	4211.558255689997	1	0	2	2.2225903565213514
22200.0	2000.0	3944.441728513233	0.0	0	81.95356663492203	4144.441728513233	1	0	2	2.2291952561655815
23200.0	2000.0	3844.4417285132363	0.0	0	375.7483845226452	4044.441728513244	1	0	2	2.237490783769871
24542.92176957049	6000.0	3367.2277819856977	0.0	0	0.0	3910.1495515561946	1	0	2	2.8006435491879254
26527.54878103879	6000.0	2184.1380693705723	0.0	0	0.0	3711.6868504093654	1	0	2	3.9171743226436657
27950.728946275936	6000.0	1618.6398876097144	0.0	0	0.0	3569.3688338856555	1	0	2	3.9323759617826903
28834.24598248234	2000.0	1646.77114778267	0.0	0	0.0	3481.017130265016	1	0	2	1.1966823755099634
29524.30513796982	2000.0	1956.7119922951904	0.0	0	0.0	3481.017130265016	1	0	1	2.29757826430232
30212.844930662737	2000.0	2268.1721996022725	0.0	0	0.0	3481.0171302650124	1	0	1	2.4975782643023208
31602.432180495245	2000.0	1739.6262247865097	0.0	0	0.0	3342.058405281761	1	0	2	2.107425486616139
32321.246381867364	2000.0	1948.9306032771788	0.0	0	0.0	3270.1769851445424	1	0	2	2.316817361401787
32963.33428631611	2000.0	2242.633908383557	0.0	0	0.0	3205.9681946996607	1	0	2	2.3235279314736204
33688.59552781975	2000.0	2444.8465427295555	0.0	0	0.0	3133.4420705492994	1	0	2	2.331015983662011
34200.0	2000.0	2882.3016233312806	0.0	0	41.697976461007784	3082.3016233312774	1	0	2	2.3359187469753917
35200.0	2000.0	2782.301623331286	0.0	0	548.934030012686	2982.3016233312737	1	0	2	2.343449814995694
37304.24359489575	6000.0	1467.6336689459577	0.0	0	0.0	2771.8772638416995	1	0	2	2.9125357166553614
38168.232236151074	3000.0	1603.645027690627	0.0	0	0.0	2771.877263841692	1	0	1	2.283542732546955
38845.866784316924	3000.0	1926.0104795247714	0.0	0	0.0	2771.877263841692	1	0	1	3.1766899131069
39472.634331109984	3000.0	2299.242932731703	0.0	0	0.0	2771.877263841692	1	0	1	3.1766899131069
40856.07061676998	6000.0	1777.4630185057017	0.0	0	0.0	2633.5336352756785	1	0	2	3.132634030603989
41575.22673869285	2000.0	1986.3912843905482	0.0	0	0.0	2561.6180230833997	1	0	2	1.289116841478283
42387.854764878626	2000.0	2173.763258204767	0.0	0	0.0	2561.6180230833997	1	0	1	2.389518175020482
43200.0	3000.0	2361.6180230833925	0.0	0	26.518816433475877	2561.6180230833997	1	0	1	2.7922507290745644
44200.0	3000.0	2361.6180230833925	0.0	0	323.0059169753804	2561.6180230833925	1	0	1	3.19771583718273
45200.0	3000.0	2361.6180230833925	0.0	0	360.8975344522696	2561.6180230833925	1	0	1	3.19771583718273
47106.360410267436	6000.0	1264.6215717892037	0.0	0	0.0	2370.981982056641	1	0	2	3.158231136012809
47898.70021410793	3000.0	1472.2817679487114	0.0	0	0.0	2370.9819820566336	1	0	1	2.3236322607254607
49035.13830352912	3000.0	1335.8436785275244	0.0	0	0.0	2370.9819820566336	1	0	1	3.2167794412854054
49730.550690584154	2000.0	1640.4312914724908	0.0	0	0.0	2370.9819820566336	1	0	1	2.203116671014994
50416.32496642761	2000.0	1954.6570156290277	0.0	0	0.0	2370.9819820566336	1	0	1	2.6085817791231585
51200.0	2000.0	2170.9819820566363	0.0	0	181.82181924990437	2370.9819820566336	1	0	1	2.6085817791231585
52200.0	3000.0	2170.981982056641	0.0	0	41.34868499356526	2370.9819820566336	1	0	1	2.8113143331772408
53200.0	3000.0	2170.981982056639	0.0	0	355.6072760435927	2370.9819820566263	1	0	1	3.2167794412854067
54200.0	3000.0	2170.981982056635	0.0	0	114.49365151092934	2370.9819820566263	1	0	1	3.2167794412854067
55956.36715485112	6000.0	1238.9781117204116	0.0	0	0.0	2195.345266571523	1	0	2	3.176163096221675
56788.120869195904	2000.0	1407.224397375626	0.0	0	0.0	2195.3452665715304	1	0	1	1.3275331620035593
57540.1211499844	3000.0	1655.224116587122	0.0	0	0.0	2195.3452665715304	1	0	1	2.828878004725752
58604.505216432626	3000.0	1590.840050138895	0.0	0	0.0	2195.3452665715304	1	0	1	3.2343431128339164
59833.22708733221	3000.0	1362.1181792393077	0.0	0	0.0	2195.3452665715376	1	0	1	3.234343112833915
60711.80336833114	2000.0	1483.5418982403846	0.0	0	0.0	2195.3452665715376	1	0	1	2.220680342563504
61350.64657210827	2000.0	1844.698694463245	0.0	0	0.0	2195.3452665715376	1	0	1	2.6261454506716686
62200.0	2000.0	1995.3452665715158	0.0	0	332.0128927278347	2195.3452665715304	1	0	1	2.626145450671669
63200.0	3000.0	1995.3452665715222	0.0	0	291.3046397567887	2195.3452665715304	1	0	1	2.828878004725752
64364.376518399244	3000.0	1830.968748172282	0.0	0	0.0	2195.3452665715304	1	0	1	3.2343431128339164
65983.6806309819	3000.0	1211.6646355896296	0.0	0	0.0	2195.3452665715304	1	0	1	3.2343431128339164
66694.40003867209	2000.0	1500.9452278994372	0.0	0	0.0	2195.3452665715376	1	0	1	2.220680342563504
67479.94364853349	2000.0	1715.4016180380418	0.0	0	0.0	2195.3452665715376	1	0	1	2.6261454506716686
68254.2461635696	2000.0	1941.099103001925	0.0	0	0.0	2195.3452665715304	1	0	1	2.626145450671669
69200.0	3000.0	1995.3452665714985	0.0	0	75.18782508111326	2195.3452665715304	1	0	1	2.828878004725752
70200.0	3000.0	1995.345266571513	0.0	0	84.71951747681305	2195.345266571545	1	0	1	3.2343431128339146
71229.07608297975	3000.0	1966.2691835917642	0.0	0	0.0	2195.345266571545	1	0	1	3.2343431128339146
72284.27948275064	3000.0	1911.065783820873	0.0	0	0.0	2195.345266571545	1	0	1	3.2343431128339146
73200.0	3000.0	1995.34526657151	0.0	0	62.80562238766288	2195.345266571545	1	0	1	3.2343431128339146
74384.90586649103	3000.0	1810.439400080478	0.0	0	0.0	2195.345266571545	1	0	1	3.2343431128339146
75860.49612023908	3000.0	1334.8491463324106	0.0	0	0.0	2195.345266571545	1	0	1	3.2343431128339146
76489.60897742928	2000.0	1705.7362891422135	0.0	0	0.0	2195.345266571545	1	0	1	2.2206803425635027
77200.0	2000.0	1995.345266571506	0.0	0	17.022302207318717	2195.345266571545	1	0	1	2.6261454506716673
78296.29478076966	2000.0	1899.0504858018555	0.0	0	0.0	2195.3452665715595	1	0	1	2.6261454506716664
79200.0	2000.0	1995.3452665715072	0.0	0	301.9412646730052	2195.3452665715595	1	0	1	2.6261454506716664
80247.62319760091	3000.0	1947.7220689705925	0.0	0	0.0	2195.345266571545	1	0	1	2.82887800472575
81434.70298056396	3000.0	1760.6422860075506	0.0	0	0.0	2195.3452665715595	1	0	1	3.2343431128339133
82397.26640472675	3000.0	1798.0788618447439	0.0	0	0.0	2195.3452665715595	1	0	1	3.2343431128339133
83394.16054562293	3000.0	1801.1847209485682	0.0	0	0.0	2195.3452665715595	1	0	1	3.2343431128339133
84200.0	3000.0	1995.3452665715017	0.0	0	159.19501894511632	2195.3452665715595	1	0	1	3.2343431128339133
85442.84336918716	3000.0	1752.501897384346	0.0	0	0.0	2195.3452665715595	1	0	1	3.2343431128339133
86200.0	2000.0	1995.3452665715256	0.0	0	15.559455556212924	2195.3452665715595	1	0	1	2.2206803425635018
87200.0	3000.0	1995.345266571534	0.0	0	398.7092561813188	2195.3452665715595	1	0	1	2.8288780047257487
88200.0	3000.0	1995.3452665715245	0.0	0	38.32864154560957	2195.3452665715595	1	0	1	3.2343431128339133
89200.0	3000.0	1995.3452665715286	0.0	0	75.35489125797176	2195.3452665715595	1	0	1	3.2343431128339133
90226.91431601823	2000.0	1968.4309505533136	0.0	0	0.0	2195.3452665715595	1	0	1	2.2206803425635018
91243.13211230075	3000.0	1952.2131542707834	0.0	0	0.0	2195.3452665715595	1	0	1	2.8288780047257487
92874.01589382625	3000.0	1321.3293727452897	0.0	0	0.0	2195.3452665715595	1	0	1	3.2343431128339133
93658.82686256862	2000.0	1536.5184040029098	0.0	0	0.0	2195.345266571545	1	0	1	2.2206803425635027
94200.0	2000.0	1995.3452665715279	0.0	0	33.18162343889708	2195.345266571545	1	0	1	2.6261454506716673
95200.0	3000.0	1995.345266571519	0.0	0	280.9248115356604	2195.345266571545	1	0	1	2.82887800472575
96200.0	3000.0	1995.3452665715076	0.0	0	239.18249661014124	2195.345266571545	1	0	1	3.2343431128339146
97200.0	3000.0	1995.3452665715113	0.0	0	187.20621507843316	2195.345266571545	1	0	1	3.2343431128339146
98205.86349677159	2000.0	1989.4817697999226	0.0	0	0.0	2195.345266571545	1	0	1	2.2206803425635027
99474.96138249603	3000.0	1720.3838840754847	0.0	0	0.0	2195.345266571545	1	0	1	2.82887800472575
100200.0	2000.0	1995.345266571508	0.0	0	192.24196490991744	2195.345266571545	1	0	1	2.2206803425635027
101200.0	3000.0	1995.3452665715158	0.0	0	117.1261804629321	2195.345266571545	1	0	1	2.82887800472575
102385.71676050221	3000.0	1809.6285060692915	0.0	0	0.0	2195.345266571545	1	0	1	3.2343431128339146
103312.73345851563	3000.0	1882.6118080558708	0.0	0	0.0	2195.345266571545	1	0	1	3.2343431128339146
104487.68958666545	3000.0	1707.6556799060556	0.0	0	0.0	2195.3452665715595	1	0	1	3.2343431128339133
105316.72836649917	3000.0	1878.6169000723355	0.0	0	0.0	2195.3452665715595	1	0	1	3.2343431128339133
106428.90424957317	3000.0	1766.4410169983485	0.0	0	0.0	2195.3452665715595	1	0	1	3.2343431128339133
107465.02309489915	3000.0	1730.3221716723626	0.0	0	0.0	2195.345266571545	1	0	1	3.2343431128339146
108483.95574696174	2000.0	1711.3895196097696	0.0	0	0.0	2195.3452665715304	1	0	1	2.2206803425635044
109200.0	2000.0	1995.3452665715195	0.0	0	191.89832050354744	2195.3452665715304	1	0	1	2.626145450671669
110200.0	3000.0	1995.3452665715117	0.0	0	167.67683387392026	2195.3452665715304	1	0	1	2.828878004725752
111200.0	3000.0	1995.3452665715017	0.0	0	369.3183500784944	2195.3452665715304	1	0	1	3.2343431128339164
112200.0	6000.0	1895.345266571497	0.0	0	84.68592250780785	2095.3452665715013	1	0	2	3.1879211443936533
113379.6964071641	6000.0	1597.6792186909834	0.0	0	0.0	1977.3756258550857	1	0	2	4.0928380044565165
115027.17393316196	6000.0	785.4539400933318	0.0	0	0.0	1812.6278732553183	1	0	2	4.107611383721866
115755.4307475614	2000.0	1057.1971256938928	0.0	0	0.0	1812.6278732553328	1	0	1	1.365804901335179
116624.5213936034	3000.0	1188.106479651899	0.0	0	0.0	1812.6278732553328	1	0	1	2.867149744057371
117658.7657682534	3000.0	1153.8621050018965	0.0	0	0.0	1812.6278732553328	1	0	1	3.272614852165536
118239.19148110544	3000.0	1573.4363921498464	0.0	0	0.0	1812.6278732553328	1	0	1	3.272614852165536
119200.0	3000.0	1612.6278732552869	0.0	0	239.6479889642069	1812.6278732553474	1	0	1	3.2726148521655345
120200.0	3000.0	1612.6278732552992	0.0	0	405.08274050432374	1812.6278732553474	1	0	1	3.2726148521655345
121200.0	6000.0	1512.62787325531	0.0	0	96.99866756077972	1712.6278732553474	1	0	2	3.225975294240963
122305.18002398443	6000.0	1517.9658516693062	0.0	0	0.0	1823.1458756537468	1	0	0	3.7143150277447785
124657.44435521077	6000.0	400.9279535656121	0.0	0	0.0	2058.3723087763938	1	0	0	4.094669724186762
125386.17309045368	2000.0	672.1992183227122	0.0	0	0.0	2058.3723087763938	1	0	1	1.3412304577830731
125948.61666322032	2000.0	1109.7556455560582	0.0	0	0.0	2058.3723087763938	1	0	1	2.6398427464511824
126363.21928464055	3000.0	1695.1530241358146	0.0	0	0.0	2058.3723087763938	1	0	1	2.842575300505265
127200.0	3000.0	1858.3723087763633	0.0	0	139.00174653661088	2058.3723087763938	1	0	1	3.24804040861343
129133.46154110691	6000.0	731.5646135587614	0.0	0	0.0	1865.0261546656839	1	0	2	3.2092841147946496
129986.33050386074	3000.0	878.695650804928	0.0	0	0.0	1865.0261546656693	1	0	1	2.3742278434645567
130701.84252970024	3000.0	1163.1836249654152	0.0	0	0.0	1865.0261546656548	1	0	1	3.2673750240245036
131295.3615939787	3000.0	1569.664560686947	0.0	0	0.0	1865.0261546656693	1	0	1	3.2673750240245027
132250.9347616021	3000.0	1614.0913930635359	0.0	0	0.0	1865.0261546656693	1	0	1	3.2673750240245014
133200.0	3000.0	1665.0261546656175	0.0	0	286.7766781451355	1865.0261546656257	1	0	1	3.267375024024504
134200.0	3000.0	1665.0261546656147	0.0	0	472.37389254095615	1865.0261546656257	1	0	1	3.2673750240245063
135352.2138115367	6000.0	1628.0337242826047	0.0	0	0.0	1980.247535819275	1	0	0	3.205518317742316
136200.0	3000.0	1780.247535819294	0.0	0	12.906662860768847	1980.247535819275	1	0	1	2.362705705349197
137299.63493641166	2000.0	1680.6125994076256	0.0	0	0.0	1980.247535819275	1	0	1	2.24219011563873
138200.0	2000.0	1780.2475358192937	0.0	0	184.7928118457785	1980.247535819275	1	0	1	2.6476552237468947
139360.22260719223	3000.0	1620.0249286270453	0.0	0	0.0	1980.247535819246	1	0	1	2.85038777780098
140200.0	2000.0	1780.2475358193071	0.0	0	144.68982014621724	1980.247535819246	1	0	1	2.242190115638733
141302.17710780428	3000.0	1678.070428015041	0.0	0	0.0	1980.247535819246	1	0	1	2.85038777780098
142200.0	3000.0	1780.2475358193258	0.0	0	173.15298885435914	1980.247535819246	1	0	1	3.2558528859091447
143200.0	3000.0	1780.2475358193417	0.0	0	218.54862038770807	1980.247535819246	1	0	1	3.2558528859091447
144200.0	3000.0	1780.2475358193308	0.0	0	219.72094522111001	1980.2475358192169	1	0	1	3.2558528859091473
145200.0	3000.0	1780.2475358193294	0.0	0	278.24837202529307	1980.2475358192169	1	0	1	3.2558528859091473
146332.59998669103	3000.0	1647.6475491283022	0.0	0	0.0	1980.2475358192169	1	0	1	3.2558528859091473
147292.43485280254	3000.0	1687.8126830168226	0.0	0	0.0	1980.247535819246	1	0	1	3.2558528859091447
148563.46740426464	3000.0	1416.7801315547745	0.0	0	0.0	1980.247535819246	1	0	1	3.2558528859091447
149218.05834701494	2000.0	1762.1891888044515	0.0	0	0.0	1980.247535819246	1	0	1	2.242190115638733
150200.0	3000.0	1780.2475358193697	0.0	0	29.35198065149598	1980.2475358192169	1	0	1	2.8503877778009827
151200.0	3000.0	1780.2475358193858	0.0	0	213.23516126183677	1980.2475358192169	1	0	1	3.2558528859091473
152200.0	3000.0	1780.247535819385	0.0	0	118.94176427370985	1980.2475358191878	1	0	1	3.25585288590915
153200.0	3000.0	1780.2475358193783	0.0	0	216.91929329163395	1980.2475358191878	1	0	1	3.25585288590915
154821.92049463067	6000.0	996.134991725661	0.0	0	0.0	1818.055486356141	1	0	2	3.214005343110599
155373.94388002148	3000.0	1444.111606334856	0.0	0	0.0	1818.055486356141	1	0	1	2.37892491029551
156200.0	3000.0	1618.0554863563345	0.0	0	39.510849390615476	1818.0554863561701	1	0	1	3.2720720908554526
157200.0	3000.0	1618.0554863563207	0.0	0	225.63316739533911	1818.0554863561701	1	0	1	3.2720720908554526
158200.0	3000.0	1618.0554863563177	0.0	0	108.50345542427385	1818.0554863561701	1	0	1	3.2720720908554526
159200.0	2000.0	1618.0554863562852	0.0	0	131.4364121418621	1818.055486356141	1	0	1	2.2584093205850433
160200.0	3000.0	1618.0554863562768	0.0	0	204.5578066544549	1818.055486356141	1	0	1	2.8666069827472906
161200.0	3000.0	1618.0554863562559	0.0	0	36.839737043424975	1818.055486356141	1	0	1	3.2720720908554553
162339.40209431676	3000.0	1478.6533920394722	0.0	0	0.0	1818.0554863561701	1	0	1	3.2720720908554526
163316.63794383075	3000.0	1501.4175425254668	0.0	0	0.0	1818.055486356141	1	0	1	3.2720720908554553
164500.94549161912	3000.0	1317.1099947371079	0.0	0	0.0	1818.0554863561701	1	0	1	3.2720720908554526
165200.0	2000.0	1618.055486356229	0.0	0	72.4745660701883	1818.055486356141	1	0	1	2.2584093205850433
166200.0	2000.0	1618.055486356205	0.0	0	147.5642778587062	1818.0554863561701	1	0	1	2.6638744286932052
167200.0	2000.0	1618.0554863561792	0.0	0	182.2539436382649	1818.0554863561701	1	0	1	2.6638744286932052
168917.05074099475	3000.0	901.0047453613977	0.0	0	0.0	1818.055486356141	1	0	1	2.8666069827472898
169471.47396628957	2000.0	1346.581520066584	0.0	0	0.0	1818.055486356141	1	0	1	2.2584093205850433
170256.92192421513	2000.0	1561.1335621410603	0.0	0	0.0	1818.0554863561701	1	0	1	2.6638744286932052
171253.23191487204	3000.0	1564.8235714841567	0.0	0	0.0	1818.0554863561993	1	0	1	2.8666069827472844
172200.0	3000.0	1618.0554863561783	0.0	0	218.94975568572409	1818.0554863561993	1	0	1	3.272072090855449
173200.0	3000.0	1618.0554863561638	0.0	0	218.83178693853552	1818.0554863561993	1	0	1	3.272072090855449
174200.0	3000.0	1618.0554863561995	0.0	0	169.97224250531872	1818.0554863562284	1	0	1	3.2720720908554464
175200.0	3000.0	1618.0554863562163	0.0	0	56.204298383236164	1818.0554863562284	1	0	1	3.2720720908554464
176200.0	3000.0	1618.055486356218	0.0	0	147.28006053087302	1818.0554863562284	1	0	1	3.2720720908554464
177590.41768350406	3000.0	1227.6378028521337	0.0	0	0.0	1818.0554863562284	1	0	1	3.2720720908554464
178200.0	2000.0	1618.0554863561913	0.0	0	10.246728656027699	1818.0554863562284	1	0	1	2.2584093205850344
179526.64426834305	3000.0	1291.4112180131606	0.0	0	0.0	1818.0554863561993	1	0	1	2.8666069827472844
180380.28176999296	2000.0	1437.7737163632773	0.0	0	0.0	1818.0554863562284	1	0	1	2.2584093205850344
181200.0	2000.0	1618.0554863562481	0.0	0	19.03210168259102	1818.0554863562575	1	0	1	2.6638744286931964
182200.0	2000.0	1618.0554863562422	0.0	0	213.17706021678168	1818.0554863562575	1	0	1	2.6638744286931964
183200.0	2000.0	1618.055486356204	0.0	0	469.7471189152275	1818.0554863562575	1	0	1	2.6638744286931964
184200.0	3000.0	1618.0554863561817	0.0	0	82.24395711257239	1818.0554863562575	1	0	1	2.866606982747279
185288.05409648898	3000.0	1530.0013898672196	0.0	0	0.0	1818.0554863562575	1	0	1	3.2720720908554437
186216.76827698888	3000.0	1601.2872093673427	0.0	0	0.0	1818.0554863562575	1	0	1	3.2720720908554437
187200.0	3000.0	1618.0554863562215	0.0	0	96.03102589445189	1818.0554863562575	1	0	1	3.2720720908554437
188200.0	3000.0	1618.0554863562493	0.0	0	39.73393393305014	1818.0554863562575	1	0	1	3.2720720908554437
189200.0	3000.0	1618.0554863562008	0.0	0	203.9544857883302	1818.0554863562284	1	0	1	3.272072090855446
190200.0	3000.0	1618.0554863562272	0.0	0	136.45067384681897	1818.0554863562284	1	0	1	3.2720720908554473
191200.0	2000.0	1618.0554863562072	0.0	0	281.9401823504304	1818.0554863562284	1	0	1	2.2584093205850344
192200.0	3000.0	1618.0554863561897	0.0	0	69.9901147413766	1818.0554863562284	1	0	1	2.8666069827472818
193200.0	3000.0	1618.0554863562202	0.0	0	6.152083138440503	1818.0554863562575	1	0	1	3.2720720908554437
194200.0	3000.0	1618.055486356191	0.0	0	292.9705047101015	1818.0554863562866	1	0	1	3.2720720908554406
195200.0	3000.0	1618.0554863561986	0.0	0	272.1505406614451	1818.0554863562866	1	0	1	3.2720720908554406
196200.0	3000.0	1618.0554863562058	0.0	0	141.6875638080819	1818.0554863562866	1	0	1	3.2720720908554406
197200.0	3000.0	1618.0554863562095	0.0	0	330.4001962993061	1818.0554863562866	1	0	1	3.2720720908554406
198412.14610132438	3000.0	1405.9093850318286	0.0	0	0.0	1818.0554863563157	1	0	1	3.2720720908554375
199335.44291625358	2000.0	1482.6125701026212	0.0	0	0.0	1818.0554863562866	1	0	1	2.258409320585029
200200.0	3000.0	1618.0554863561895	0.0	0	29.327647251426242	1818.0554863562866	1	0	1	2.866606982747276
201200.0	3000.0	1618.055486356196	0.0	0	429.8485574631777	1818.0554863562866	1	0	1	3.2720720908554406
202200.0	3000.0	1618.0554863561683	0.0	0	239.58367768925382	1818.0554863562575	1	0	1	3.272072090855443
203200.0	3000.0	1618.0554863561508	0.0	0	21.403623428574065	1818.0554863562575	1	0	1	3.2720720908554437
204200.0	3000.0	1618.0554863561863	0.0	0	213.33498963562306	1818.0554863562866	1	0	1	3.2720720908554406
205200.0	3000.0	1618.055486356169	0.0	0	275.83482562948484	1818.0554863562866	1	0	1	3.2720720908554406
206200.0	3000.0	1618.0554863561674	0.0	0	162.1359539599507	1818.0554863562866	1	0	1	3.2720720908554406
207200.0	3000.0	1618.0554863561767	0.0	0	24.058150531403953	1818.0554863562575	1	0	1	3.2720720908554437
208200.0	3000.0	1618.055486356133	0.0	0	54.00361193186836	1818.0554863562284	1	0	1	3.2720720908554464
209200.0	2000.0	1618.0554863561658	0.0	0	176.35971230248106	1818.0554863561993	1	0	1	2.2584093205850375
210200.0	2000.0	1618.0554863561742	0.0	0	238.98622529907152	1818.0554863561993	1	0	1	2.663874428693202
211260.6756279503	3000.0	1557.3798584058807	0.0	0	0.0	1818.0554863561993	1	0	1	2.8666069827472844
212200.0	3000.0	1618.0554863561454	0.0	0	106.1674274863326	1818.0554863561993	1	0	1	3.272072090855449
213200.0	3000.0	1618.0554863561326	0.0	0	217.2262426315283	1818.0554863561993	1	0	1	3.272072090855449
214262.8649136497	3000.0	1555.1905727064063	0.0	0	0.0	1818.0554863561993	1	0	1	3.272072090855449
215849.79823879062	3000.0	968.2572475654866	0.0	0	0.0	1818.0554863562284	1	0	1	3.2720720908554464
216617.84548731506	2000.0	1200.2099990410816	0.0	0	0.0	1818.0554863562575	1	0	1	2.258409320585034
217347.04422683435	2000.0	1471.0112595218254	0.0	0	0.0	1818.0554863562575	1	0	1	2.6638744286931964
218202.68778682986	3000.0	1615.3676995263115	0.0	0	0.0	1818.0554863562575	1	0	1	2.866606982747279
219200.0	3000.0	1618.0554863561788	0.0	0	131.73861752240919	1818.0554863562575	1	0	1	3.2720720908554437
220369.5253376009	3000.0	1448.530148755286	0.0	0	0.0	1818.0554863562284	1	0	1	3.2720720908554464
221498.19219937694	3000.0	1319.8632869792846	0.0	0	0.0	1818.0554863562575	1	0	1	3.2720720908554437
222601.32038179197	3000.0	1216.735104564268	0.0	0	0.0	1818.0554863562575	1	0	1	3.2720720908554437
223440.66148865674	3000.0	1377.3939976995225	0.0	0	0.0	1818.0554863562866	1	0	1	3.2720720908554406
224775.21589911927	3000.0	1042.8395872369917	0.0	0	0.0	1818.0554863562575	1	0	1	3.2720720908554437
225828.73967323225	2000.0	989.3158131239734	0.0	0	0.0	1818.0554863562575	1	0	1	2.2584093205850317
226505.7343753409	2000.0	1312.3211110153284	0.0	0	0.0	1818.0554863562575	1	0	1	2.6638744286931964
227391.9950436124	2000.0	1426.0604427438373	0.0	0	0.0	1818.0554863562866	1	0	1	2.6638744286931937
228200.0	2000.0	1618.0554863562577	0.0	0	158.72293574063224	1818.0554863562866	1	0	1	2.6638744286931937
229200.0	2000.0	1618.055486356251	0.0	0	404.25300886525656	1818.0554863562866	1	0	1	2.6638744286931937
230263.22642728235	3000.0	1554.829059073915	0.0	0	0.0	1818.0554863563157	1	0	1	2.866606982747273
231200.0	3000.0	1618.0554863562768	0.0	0	238.4536899710074	1818.0554863563157	1	0	1	3.2720720908554375
232200.0	3000.0	1618.0554863562675	0.0	0	57.049412001884775	1818.0554863563448	1	0	1	3.272072090855435
233200.0	3000.0	1618.055486356248	0.0	0	234.08051150565734	1818.0554863563739	1	0	1	3.2720720908554317
234200.0	3000.0	1618.0554863562586	0.0	0	268.09268321827403	1818.0554863563739	1	0	1	3.2720720908554317
235200.0	2000.0	1618.0554863562672	0.0	0	141.68938112727483	1818.0554863563739	1	0	1	2.25840932058502
236200.0	3000.0	1618.055486356301	0.0	0	152.44547745300224	1818.055486356403	1	0	1	2.8666069827472644
237200.0	3000.0	1618.0554863562995	0.0	0	231.09337007591967	1818.0554863563739	1	0	1	3.2720720908554317
238552.05084968708	3000.0	1266.0046366692325	0.0	0	0.0	1818.0554863563739	1	0	1	3.2720720908554317
239522.18266262076	2000.0	1295.8728237355326	0.0	0	0.0	1818.0554863563739	1	0	1	2.25840932058502
240200.0	2000.0	1618.0554863563068	0.0	0	98.81672291783616	1818.0554863563739	1	0	1	2.663874428693185
241386.1500531308	3000.0	1431.9054332254823	0.0	0	0.0	1818.055486356403	1	0	1	2.866606982747265
242286.61671814104	2000.0	1531.4387682152653	0.0	0	0.0	1818.055486356403	1	0	1	2.2584093205850175
243233.16157220615	3000.0	1584.8939141501705	0.0	0	0.0	1818.055486356403	1	0	1	2.8666069827472644
244200.0	3000.0	1618.0554863562868	0.0	0	294.51967446220806	1818.0554863563739	1	0	1	3.2720720908554317
245200.0	3000.0	1618.0554863562961	0.0	0	180.12012671804405	1818.0554863563739	1	0	1	3.2720720908554317
246278.1068889388	3000.0	1539.9485974174784	0.0	0	0.0	1818.0554863563739	1	0	1	3.2720720908554317
247200.0	2000.0	1618.0554863562961	0.0	0	75.22797090691165	1818.055486356403	1	0	1	2.2584093205850175
248683.7710548393	3000.0	1134.2844315169646	0.0	0	0.0	1818.055486356403	1	0	1	2.8666069827472644
249207.87113066143	2000.0	1610.1843556948218	0.0	0	0.0	1818.055486356403	1	0	1	2.2584093205850175
250251.20584364978	3000.0	1566.849642706466	0.0	0	0.0	1818.0554863563739	1	0	1	2.866606982747267
251200.0	2000.0	1618.0554863562415	0.0	0	259.9695079855446	1818.0554863563739	1	0	1	2.25840932058502
252315.5369464807	3000.0	1502.5185398755789	0.0	0	0.0	1818.0554863563739	1	0	1	2.866606982747267
253485.68088215136	3000.0	1332.3746042049113	0.0	0	0.0	1818.0554863563739	1	0	1	3.2720720908554317
254377.67698941566	3000.0	1440.378496940594	0.0	0	0.0	1818.0554863563448	1	0	1	3.272072090855435
255200.0	3000.0	1618.0554863562538	0.0	0	121.44646680459846	1818.0554863563448	1	0	1	3.272072090855435
256340.22399838842	3000.0	1477.8314879678142	0.0	0	0.0	1818.0554863563448	1	0	1	3.272072090855435
257431.48492219596	3000.0	1386.5705641602908	0.0	0	0.0	1818.0554863563448	1	0	1	3.272072090855435
258200.0	2000.0	1618.0554863562368	0.0	0	149.57027023241972	1818.0554863563448	1	0	1	2.258409320585023
259200.0	3000.0	1618.0554863562324	0.0	0	113.43120172785711	1818.0554863563448	1	0	1	2.86660698274727
260200.0	3000.0	1618.0554863562595	0.0	0	519.2237374015385	1818.0554863563157	1	0	1	3.2720720908554375
261200.0	3000.0	1618.0554863562647	0.0	0	334.5335957756906	1818.0554863563157	1	0	1	3.2720720908554375
262200.0	6000.0	1518.0554863562413	0.0	0	191.06996182978037	1718.0554863562866	1	0	2	3.2250950548536457
263554.3584302164	6000.0	1028.2612131182068	0.0	0	0.0	1582.6196433346486	1	0	2	4.131745639698783
264718.89989909966	3000.0	863.7197442349304	0.0	0	0.0	1582.6196433346486	1	0	1	2.402468494597659
265788.52418337524	3000.0	794.0954599593044	0.0	0	0.0	1582.6196433346486	1	0	1	3.2956156751576042
266317.2638202693	2000.0	1265.3558230651909	0.0	0	0.0	1582.6196433346486	1	0	1	2.2819529048871927
267200.0	2000.0	1382.6196433344974	0.0	0	313.36517910612747	1582.6196433346486	1	0	1	2.6874180129953573
268200.0	3000.0	1382.619643334496	0.0	0	301.9768240330741	1582.6196433347068	1	0	1	2.8901505670494343
269200.0	3000.0	1382.6196433345028	0.0	0	434.9145149209653	1582.619643334765	1	0	1	3.2956156751575927
270659.39897769765	6000.0	1069.1605634066682	0.0	0	0.0	1728.5595411046525	1	0	0	3.2314721866836553
272007.7722373422	6000.0	855.6246297265587	0.0	0	0.0	1863.3968670690083	1	0	0	4.111386437235727
273106.23229455866	3000.0	757.1645725100916	0.0	0	0.0	1863.3968670690083	1	0	1	2.3743907722242237
273705.83589316456	2000.0	1157.5609739041602	0.0	0	0.0	1863.3968670690665	1	0	1	2.2538751825137506
274643.1713672364	3000.0	1220.2254998323315	0.0	0	0.0	1863.3968670690665	1	0	1	2.862072844675998
275294.0431213165	3000.0	1569.353745752266	0.0	0	0.0	1863.3968670691247	1	0	1	3.267537952784157
276200.0	3000.0	1663.3968670687866	0.0	0	376.2665194388246	1863.396867069183	1	0	1	3.267537952784152
277583.4909519007	6000.0	1141.5568199780455	0.0	0	0.0	1725.0477718790644	1	0	2	3.222953806249461
278200.0	2000.0	1525.0477718787574	0.0	0	119.77171590726357	1725.0477718790644	1	0	1	1.3745629114728062
279200.0	3000.0	1525.0477718787854	0.0	0	315.3045627020765	1725.0477718790644	1	0	1	2.8759077541949982
280200.0	3000.0	1525.0477718788106	0.0	0	157.4363432554528	1725.0477718790644	1	0	1	3.281372862303163
281200.0	3000.0	1525.0477718788163	0.0	0	136.76531718834303	1725.0477718791226	1	0	1	3.281372862303157
282200.0	3000.0	1525.0477718787827	0.0	0	155.94469572638627	1725.0477718791226	1	0	1	3.281372862303157
283200.0	3000.0	1525.0477718787486	0.0	0	401.13678246864583	1725.0477718790644	1	0	1	3.2813728623031615
284200.0	3000.0	1525.0477718787456	0.0	0	370.31729153048946	1725.0477718791226	1	0	1	3.281372862303157
285884.8852311779	6000.0	1008.6510638186613	0.0	0	0.0	1893.5362949968548	1	0	0	3.2163567742372767
286700.5541975962	2000.0	1192.9820974003992	0.0	0	0.0	1893.5362949968548	1	0	1	1.357714059161027
287603.1592834693	3000.0	1290.3770115272853	0.0	0	0.0	1893.536294996913	1	0	1	2.8590589018832135
289037.2635390236	3000.0	856.2727559730462	0.0	0	0.0	1893.5362949969713	1	0	1	3.264524009991372
289899.865351227	2000.0	993.6709437696451	0.0	0	0.0	1893.536294996913	1	0	1	2.2508612397209653
290642.8722768998	2000.0	1250.6640180968316	0.0	0	0.0	1893.536294996913	1	0	1	2.656326347829131
291361.9801428	3000.0	1531.5561521965897	0.0	0	0.0	1893.536294996913	1	0	1	2.8590589018832135
292200.0	3000.0	1693.5362949965663	0.0	0	91.167757096875	1893.5362949969713	1	0	1	3.264524009991372
293288.7271247722	3000.0	1604.8091702243664	0.0	0	0.0	1893.536294996913	1	0	1	3.264524009991378
294200.0	3000.0	1693.5362949966013	0.0	0	205.84195827582153	1893.5362949968548	1	0	1	3.2645240099913835
295227.2497896135	3000.0	1666.2865053830892	0.0	0	0.0	1893.5362949968548	1	0	1	3.2645240099913835
296200.0	3000.0	1693.5362949965606	0.0	0	15.443485280149616	1893.5362949968548	1	0	1	3.2645240099913835
297442.2342396079	3000.0	1451.3020553887116	0.0	0	0.0	1893.5362949968548	1	0	1	3.2645240099913835
298200.0	2000.0	1693.5362949965804	0.0	0	234.29981838952517	1893.5362949968548	1	0	1	2.250861239720972
299200.0	3000.0	1693.5362949966234	0.0	0	243.21668253844837	1893.5362949968548	1	0	1	2.859058901883219
300334.36901613197	3000.0	1559.1672788646674	0.0	0	0.0	1893.5362949968548	1	0	1	3.2645240099913835
4.62	4.29	6.31	2.63	2.84	3.6	2.98	3.3	3.31	2.83	2.69	2.37	2.98	1.82	3.1	3.23	3.05	3.5	3.81	3.87	4.24	4.02	2.63	2.58	2.39	1.73	2.25	2.98	5.36	3.29	3.6	3.87	3.68	4.6	3.88	2.27	3.16	3.36	3.6	3.85	3.7	4.1	3.0	2.09	2.95	3.85	4.46	3.39	3.58	3.85	3.14	3.41	3.42	2.49	2.56	3.04	4.19	3.44	3.42	2.59	1.97	3.52	3.15	4.67	4.01	3.01	2.98	3.19	3.2	2.54	2.46	2.72	2.19	2.94	4.02	3.1	3.78	3.78	3.98	2.36	3.56	4.17	3.8	2.68	2.58	3.48	1.74	2.95	3.58	3.58	3.95	2.1	2.51	2.11	3.79	2.91	2.93	2.88	3.49	4.1	3.27	2.72	2.64	3.28	4.85	5.69	5.85	5.34	4.03	2.86	3.56	3.14	4.66	4.33	6.05	4.74	4.99	3.53	2.83	3.57	5.57	6.35	2.21	4.02	4.17	4.34	3.22	4.47	5.97	4.38	2.56	2.35	3.42	2.48	3.04	3.28	4.81	3.51	2.88	3.5	2.97	3.3	2.37	3.7	2.94	3.79	3.53	5.63	4.69	4.66	4.62	4.29	6.31	2.63	2.84	3.6	2.98	3.3	3.31	2.83	2.69	2.37	2.98	1.82	3.1	3.23	3.05	3.5	3.81	3.87	4.24	4.02	2.63	2.58	2.39	1.73	2.25	2.98	5.36	3.29	3.6	3.87	3.68	4.6	3.88	2.27	3.16	3.36	3.6	3.85	3.7	4.1	3.0	2.09	2.95	3.85	4.46	3.39	3.58	3.85	3.14	3.41	3.42	2.49	2.56	3.04	4.19	3.44	3.42	2.59	1.97	3.52	3.15	4.67	4.01	3.01	2.98	3.19	3.2	2.54	2.46	2.72	2.19	2.94	4.02	3.1	3.78	3.78	3.98	2.36	3.56	4.17	3.8	2.68	2.58	3.48	1.74	2.95	3.58	3.58	3.95	2.1	2.51	2.11	3.79	2.91	2.93	2.88	3.49	4.1	3.27	2.72	2.64	3.28	4.85	5.69	5.85	5.34	4.03	2.86	3.56	3.14	4.66	4.33	6.05	4.74	4.99	3.53	2.83	3.57	5.57	6.35	2.21	4.02	4.17	4.34	3.22	4.47	5.97	4.38	2.56	2.35	3.42	2.48	3.04	3.28	4.81	3.51	2.88	3.5	2.97	3.3	2.37	3.7	2.94	3.79	3.53	5.63
1.0	2.0	3.0	4.0	5.0	6.0	7.0	8.0	9.0	10.0	11.0	12.0	13.0	14.0	15.0	16.0	17.0	18.0	19.0	20.0	21.0	22.0	23.0	24.0	25.0	26.0	27.0	28.0	29.0	30.0	31.0	32.0	33.0	34.0	35.0	36.0	37.0	38.0	39.0	40.0	41.0	42.0	43.0	44.0	45.0	46.0	47.0	48.0	49.0	50.0	51.0	52.0	53.0	54.0	55.0	56.0	57.0	58.0	59.0	60.0	61.0	62.0	63.0	64.0	65.0	66.0	67.0	68.0	69.0	70.0	71.0	72.0	73.0	74.0	75.0	76.0	77.0	78.0	79.0	80.0	81.0	82.0	83.0	84.0	85.0	86.0	87.0	88.0	89.0	90.0	91.0	92.0	93.0	94.0	95.0	96.0	97.0	98.0	99.0	100.0	101.0	102.0	103.0	104.0	105.0	106.0	107.0	108.0	109.0	110.0	111.0	112.0	113.0	114.0	115.0	116.0	117.0	118.0	119.0	120.0	121.0	122.0	123.0	124.0	125.0	126.0	127.0	128.0	129.0	130.0	131.0	132.0	133.0	134.0	135.0	136.0	137.0	138.0	139.0	140.0	141.0	142.0	143.0	144.0	145.0	146.0	147.0	148.0	149.0	149.0	150.0	151.0	152.0	153.0	154.0	155.0	156.0	157.0	158.0	159.0	160.0	161.0	162.0	163.0	164.0	165.0	166.0	167.0	168.0	169.0	170.0	171.0	172.0	173.0	174.0	175.0	176.0	177.0	178.0	179.0	180.0	181.0	182.0	183.0	184.0	185.0	186.0	187.0	188.0	189.0	190.0	191.0	192.0	193.0	194.0	195.0	196.0	197.0	198.0	199.0	200.0	201.0	202.0	203.0	204.0	205.0	206.0	207.0	208.0	209.0	210.0	211.0	212.0	213.0	214.0	215.0	216.0	217.0	218.0	219.0	220.0	221.0	222.0	223.0	224.0	225.0	226.0	227.0	228.0	229.0	230.0	231.0	232.0	233.0	234.0	235.0	236.0	237.0	238.0	239.0	240.0	241.0	242.0	243.0	244.0	245.0	246.0	247.0	248.0	249.0	250.0	251.0	252.0	253.0	254.0	255.0	256.0	257.0	258.0	259.0	260.0	261.0	262.0	263.0	264.0	265.0	266.0	267.0	268.0	269.0	270.0	271.0	272.0	273.0	274.0	275.0	276.0	277.0	278.0	279.0	280.0	281.0	282.0	283.0	284.0	285.0	286.0	287.0	288.0	289.0	290.0	291.0	292.0	293.0	294.0	295.0	296.0	297.0
5570.204188113948
