4613.594256685986	1000.0	2000.0	166.52037658471517	0	0.0	4613.594256685986	1	0	0	-1.255148983698846
5087.263791676563	3000.0	2478.9635115103656	0.0	0	0.0	4566.227303186929	1	0	2	1.2973917384804339
6007.908826559138	3000.0	2466.253973139534	0.0	0	0.0	4474.162799698673	1	0	2	2.8032549610350337
6995.205205188263	3000.0	2380.2279566474967	0.0	0	0.0	4375.433161835761	1	0	2	2.8140031703363975
8471.949153127063	3000.0	1755.8096139148176	0.0	0	0.0	4227.758767041882	1	0	2	2.8274141734781026
9319.197716423761	3000.0	1823.8361942884496	0.0	0	0.0	4143.033910712211	1	0	2	2.837422646526528
10112.36612308992	3000.0	1951.3509469556732	0.0	0	0.0	4063.7170700455927	1	0	2	2.8454021615194214
10907.271135998399	3000.0	2076.955432756347	0.0	0	0.0	3984.226568754745	1	0	2	2.8533801390420424
11546.50088404935	3000.0	2373.8027099003007	0.0	0	0.0	3920.3035939496503	1	0	2	2.859919143808133
12852.545416604074	3000.0	1937.1537240901039	0.0	0	0.0	3789.6991406941816	1	0	2	2.8709077711608315
13760.636971829399	3000.0	1938.2530133422456	0.0	0	0.0	3698.8899851716487	1	0	2	2.881997047053522
14539.006548181826	3000.0	2082.046479354579	0.0	0	0.0	3621.053027536407	1	0	2	2.8900662774257952
15325.254017974188	3000.0	2217.1742625829793	0.0	0	0.0	3542.4282805571693	1	0	2	2.8976986389265615
16157.873886482736	3000.0	2301.2924072235764	0.0	0	0.0	3459.166293706312	1	0	2	2.905781806349392
17356.034569408002	3000.0	1983.3156560057848	0.0	0	0.0	3339.3502254137875	1	0	2	2.9168389630196376
19182.693466870296	3000.0	973.9908687972629	0.0	0	0.0	3156.684335667558	1	0	2	2.9324736995702
19623.095729918372	1000.0	1489.5483794443799	0.0	0	0.0	3112.644109362751	1	0	2	0.19521733278298276
21035.486370036142	3000.0	1077.157739326606	0.0	0	0.0	3112.644109362751	1	0	1	1.8440009398866843
22141.742496781546	3000.0	970.901612581204	0.0	0	0.0	3112.644109362751	1	0	1	3.142613228554794
22812.806385369295	3000.0	1299.837723993454	0.0	0	0.0	3112.644109362751	1	0	1	3.142613228554794
23687.19136878703	3000.0	1425.452740575715	0.0	0	0.0	3112.644109362751	1	0	1	3.142613228554794
24263.043739045843	3000.0	1792.0151332910182	0.0	0	0.0	3055.0588723368674	1	0	2	2.7470428204984243
25021.69202518798	3000.0	1957.5020185346684	0.0	0	0.0	2979.1940437226513	1	0	2	2.9541440610580505
25799.6968460776	3000.0	2101.696715556085	0.0	0	0.0	2901.3935616336894	1	0	2	2.9606735310121675
27500.189913817652	3000.0	1401.2036478160353	0.0	0	0.0	2901.3935616336894	1	0	1	2.9637382833276997
29136.19375864022	3000.0	765.1998029934689	0.0	0	0.0	2901.3935616336894	1	0	1	3.1637382833277
30109.46371790005	2000.0	791.9298437336392	0.0	0	0.0	2901.3935616336894	1	0	1	2.1500755130572884
30832.336079844892	2000.0	1069.0574817887937	0.0	0	0.0	2901.3935616336894	1	0	1	2.555540621165453
31925.85492126077	3000.0	975.5386403729136	0.0	0	0.0	2901.3935616336894	1	0	1	2.7582731752195353
32798.360535235995	2000.0	1103.0330263976873	0.0	0	0.0	2901.3935616336894	1	0	1	2.1500755130572884
33620.841189893225	3000.0	1280.552371740455	0.0	0	0.0	2901.3935616336857	1	0	1	2.7582731752195357
34458.215632111205	3000.0	1359.4404853006865	0.0	0	0.0	2817.656117411898	1	0	2	2.7698913569865304
35148.09817851951	3000.0	1669.5579388923913	0.0	0	0.0	2817.656117411909	1	0	1	2.9721120277498785
35943.45026105945	3000.0	1874.2058563524486	0.0	0	0.0	2817.6561174119124	1	0	1	3.172112027749878
36835.731881414344	3000.0	1981.9242359975553	0.0	0	0.0	2817.6561174119124	1	0	1	3.1721120277498778
37593.02725543598	3000.0	2148.899324573748	0.0	0	0.0	2741.926580009742	1	0	2	2.7774656975183767
38514.96291445759	3000.0	2134.770099649983	0.0	0	0.0	2649.73301410758	1	0	2	2.9869073508134756
39683.86644788898	6000.0	1965.8665662185958	0.0	0	0.0	2649.73301410758	1	0	1	3.335477928360284
40769.060636993156	6000.0	1880.672377114416	0.0	0	0.0	2649.73301410758	1	0	1	4.2286251089202285
42135.59171161656	3000.0	1377.4881950286738	0.0	0	0.0	2513.079906645231	1	0	2	2.1052201590152113
43040.7653459228	3000.0	1472.3145607224262	0.0	0	0.0	2513.079906645231	1	0	1	3.0025696488265456
43767.563684971065	3000.0	1745.5162216741624	0.0	0	0.0	2513.079906645231	1	0	1	3.202569648826546
44498.20472751347	3000.0	2014.8751791317577	0.0	0	0.0	2513.079906645231	1	0	1	3.202569648826546
46063.973941940116	3000.0	1449.1059647051165	0.0	0	0.0	2513.079906645231	1	0	1	3.202569648826546
47204.10498860021	2000.0	1308.9749180450267	0.0	0	0.0	2513.079906645231	1	0	1	2.1889068785561343
48400.421064459515	3000.0	1112.6588421857152	0.0	0	0.0	2513.079906645231	1	0	1	2.797104540718381
49542.15517133908	3000.0	970.9247353061477	0.0	0	0.0	2513.079906645238	1	0	1	3.2025696488265454
50510.9781957972	3000.0	1002.1017108480326	0.0	0	0.0	2513.079906645238	1	0	1	3.2025696488265454
51483.08494139822	3000.0	1029.9949652470173	0.0	0	0.0	2513.079906645238	1	0	1	3.2025696488265454
52071.63198371028	3000.0	1441.4479229349574	0.0	0	0.0	2513.079906645238	1	0	1	3.2025696488265454
52802.40510630819	3000.0	1710.6748003370406	0.0	0	0.0	2513.0799066452455	1	0	1	3.202569648826545
53392.748033365824	3000.0	2120.3318732794164	0.0	0	0.0	2513.0799066452455	1	0	1	3.202569648826545
56249.14749974119	6000.0	263.9324069040491	0.0	0	0.0	2513.0799066452455	1	0	1	3.5491432391065176
57336.854869356495	2000.0	460.12514833150874	283.9001110427689	0	0.0	2796.9800176880162	1	0	1	-0.2360309793647024
58700.40658524377	2000.0	419.94037713241835	323.36694468817603	0	0.0	3120.346962376185	1	0	1	0.5934436129621472
59365.35318202121	2000.0	754.9937803549809	0.0	0	0.0	3120.346962376185	1	0	1	2.5336452810912036
60187.25871328451	2000.0	933.0882490916847	0.0	0	0.0	3120.346962376185	1	0	1	2.5336452810912036
61640.862126004795	3000.0	479.4848363714036	0.0	0	0.0	3120.3469623761775	1	0	1	2.7363778351452863
62777.973691881074	1000.0	454.46223322331576	205.27283574165523	0	0.0	3232.435925104379	1	0	2	-1.2499379054740136
63517.85926676852	1000.0	714.5766583358657	0.0	0	0.0	3232.435925104379	1	0	1	1.2827156139784663
64189.443769733014	1000.0	1042.9921553713825	0.0	0	0.0	3232.435925104386	1	0	1	1.4827156139784656
64851.51521928082	1000.0	1314.7135608688113	0.0	0	0.0	3166.228780149613	1	0	2	1.087738302722527
65596.82160973661	1000.0	1494.876531367433	0.0	0	0.0	3091.698141104025	1	0	2	1.2946631728912028
66162.87067797338	1000.0	1872.2225563069755	0.0	0	0.0	3035.0932342803353	1	0	2	1.3010355929091202
66650.40316459758	1000.0	2335.9368210203565	0.0	0	0.0	2986.3399856179167	1	0	2	1.3062383246335885
67735.8400054897	3000.0	2141.956296039012	0.0	0	0.0	2877.7963015287096	1	0	2	1.865314353599071
68331.21612170333	3000.0	2487.0425682040473	0.0	0	0.0	2818.258689907365	1	0	2	2.9706335186852035
69238.7466975172	3000.0	2488.758934808797	0.0	0	0.0	2727.5056323259923	1	0	2	2.9786574346325034
71274.72108649828	6000.0	1452.7845458277282	0.0	0	0.0	2727.5056323259923	1	0	1	3.3277006665384423
71824.15586961934	3000.0	1848.4062843945599	0.0	0	0.0	2672.5621540138964	1	0	2	2.0921007060942713
73219.68432650954	6000.0	1452.8778275043612	0.0	0	0.0	2672.5621540138964	1	0	1	3.333195014369652
75430.5073909188	6000.0	242.05476309509044	0.0	0	0.0	2672.5621540138964	1	0	1	4.226342194929597
75987.4847256374	3000.0	707.853700945648	22.7762725691544	0	0.0	2695.3384265830537	1	0	1	2.3545389808578925
77075.57386547375	3000.0	619.7645611092952	0.0	0	0.0	2695.338426583039	1	0	1	3.1843437968327652
78463.41105001012	3000.0	286.66184395050533	54.7344673775749	0	0.0	2750.0728939606197	1	0	1	2.853262661184372
78993.07068499054	2000.0	757.0022089700997	0.0	0	0.0	2750.0728939606197	1	0	1	2.1652075798245956
80039.44365207867	3000.0	710.6292418819684	0.0	0	0.0	2750.0728939606197	1	0	1	2.7734052419868425
80778.18127390606	2000.0	971.8916200545897	0.0	0	0.0	2750.072893960605	1	0	1	2.1652075798245973
81824.06095888518	3000.0	926.0119350754574	0.0	0	0.0	2750.072893960605	1	0	1	2.7734052419868442
82609.8267126029	3000.0	1140.2461813577424	0.0	0	0.0	2750.072893960605	1	0	1	3.178870350095009
83186.48853553826	3000.0	1563.5843584223744	0.0	0	0.0	2750.0728939606197	1	0	1	3.178870350095007
83656.98296604531	3000.0	2093.0899279153155	0.0	0	0.0	2750.0728939606197	1	0	1	3.178870350095007
84459.50317220268	6000.0	2290.5697217579423	0.0	0	0.0	2750.0728939606197	1	0	1	3.5254439403749798
85468.34296400324	6000.0	2281.7299299573933	0.0	0	0.0	2750.0728939606197	1	0	1	4.218591120934924
86495.85080584494	6000.0	2254.222088115702	0.0	0	0.0	2750.0728939606342	1	0	1	4.218591120934923
88125.99311434361	6000.0	1624.079779617019	0.0	0	0.0	2750.0728939606342	1	0	1	4.218591120934923
89120.39586758292	3000.0	1629.6770263777123	0.0	0	0.0	2750.0728939606342	1	0	1	2.485723169535061
90011.9167136537	3000.0	1738.1561803069299	0.0	0	0.0	2750.0728939606342	1	0	1	3.1788703500950053
91402.60645341018	3000.0	1347.466440550446	0.0	0	0.0	2750.0728939606197	1	0	1	3.178870350095007
92269.38769323209	3000.0	1480.6852007285397	0.0	0	0.0	2750.0728939606342	1	0	1	3.1788703500950053
93270.76402078326	3000.0	1479.3088731773587	0.0	0	0.0	2750.0728939606342	1	0	1	3.1788703500950053
94558.88254237988	3000.0	1191.190351580747	0.0	0	0.0	2750.0728939606342	1	0	1	3.1788703500950053
95676.32503358231	3000.0	1073.7478603783488	0.0	0	0.0	2750.0728939606342	1	0	1	3.1788703500950053
96418.91257122852	3000.0	1331.160322732158	0.0	0	0.0	2750.0728939606197	1	0	1	3.178870350095007
97432.69364789069	3000.0	1317.3792460699829	0.0	0	0.0	2750.0728939606197	1	0	1	3.178870350095007
98464.39007167458	3000.0	1285.6828222860834	0.0	0	0.0	2750.0728939606197	1	0	1	3.178870350095007
99458.09765324822	3000.0	1291.9752407124658	0.0	0	0.0	2750.0728939606197	1	0	1	3.178870350095007
100345.06926355298	3000.0	1405.0036304076857	0.0	0	0.0	2750.0728939606197	1	0	1	3.178870350095007
101117.34059647036	3000.0	1632.732297490317	0.0	0	0.0	2750.0728939606197	1	0	1	3.178870350095007
101659.54158215987	3000.0	2090.531311800799	0.0	0	0.0	2750.0728939606197	1	0	1	3.178870350095007
102775.80070554264	6000.0	1974.2721884180316	0.0	0	0.0	2750.0728939606197	1	0	1	3.5254439403749798
104011.18486391382	6000.0	1738.888030046849	0.0	0	0.0	2750.072893960605	1	0	1	4.218591120934926
104745.91842361553	3000.0	1930.681114374988	0.0	0	0.0	2676.599537990449	1	0	2	2.091233895662617
106373.31699726766	6000.0	1303.282540722881	0.0	0	0.0	2676.599537990449	1	0	1	3.3327912759719966
107217.9103844588	3000.0	1458.6891535317322	0.0	0	0.0	2676.599537990449	1	0	1	2.4930705051320796
107846.8278593795	3000.0	1829.7716786110145	0.0	0	0.0	2676.599537990449	1	0	1	3.186217685692024
108464.70276959905	3000.0	2211.896768391468	0.0	0	0.0	2676.5995379904634	1	0	1	3.186217685692023
109202.73477309306	3000.0	2400.0615645480493	0.0	0	0.0	2602.796337641048	1	0	2	2.7918517918336425
110214.34733344629	3000.0	2287.2877481594946	0.0	0	0.0	2501.6350816057093	1	0	2	3.0009239374985626
111441.96505117098	3000.0	1936.9082586623454	0.0	0	0.0	2378.8733098332596	1	0	2	3.012934279383254
112631.14891769637	3000.0	1628.806005484399	0.0	0	0.0	2259.954923180703	1	0	2	3.0254011084705166
113657.66521185535	3000.0	1499.6380819095234	0.0	0	0.0	2157.3032937648095	1	0	2	3.035036307749374
114348.59694251657	3000.0	1808.7063512483	0.0	0	0.0	2157.303293764824	1	0	1	3.038147310114587
115200.0	3000.0	1957.3032937648572	0.0	0	62.16733024499263	2157.303293764824	1	0	1	3.238147310114587
117179.79690021393	6000.0	977.5063935509374	0.0	0	0.0	2157.303293764824	1	0	1	3.5847209003945597
118175.27832027289	3000.0	982.02497349198	0.0	0	0.0	2157.303293764824	1	0	1	2.545000129554642
118792.9745148728	3000.0	1364.3287788920645	0.0	0	0.0	2157.3032937648095	1	0	1	3.238147310114588
119431.36383066578	3000.0	1725.9394630990714	0.0	0	0.0	2157.3032937648095	1	0	1	3.238147310114588
120200.0	3000.0	1957.30329376484	0.0	0	1.7574914404103765	2157.3032937648095	1	0	1	3.238147310114588
121216.42416892518	3000.0	1940.879124839682	0.0	0	0.0	2157.3032937648095	1	0	1	3.238147310114588
122200.0	3000.0	1957.303293764875	0.0	0	61.696181074890774	2157.3032937648095	1	0	1	3.238147310114588
123385.96879463815	3000.0	1771.3344991267195	0.0	0	0.0	2157.3032937648095	1	0	1	3.238147310114588
124215.75472911516	3000.0	1941.5485646497104	0.0	0	0.0	2157.3032937648095	1	0	1	3.238147310114588
125900.98885353786	6000.0	1256.3144402270127	0.0	0	0.0	2157.3032937648095	1	0	1	3.5847209003945606
127042.52131370205	3000.0	1114.7819800628338	0.0	0	0.0	2157.303293764824	1	0	1	2.545000129554642
128377.72851475896	3000.0	779.5747790059143	0.0	0	0.0	2157.3032937648095	1	0	1	3.238147310114588
129185.40615611424	3000.0	971.8971376506283	0.0	0	0.0	2157.303293764824	1	0	1	3.238147310114587
130309.18873549264	3000.0	848.1145582722381	0.0	0	0.0	2157.303293764824	1	0	1	3.238147310114587
131035.55581599682	3000.0	1121.7474777680663	0.0	0	0.0	2157.303293764824	1	0	1	3.238147310114587
131737.52336400625	3000.0	1419.7799297586316	0.0	0	0.0	2157.3032937648095	1	0	1	3.238147310114587
132462.2826983695	3000.0	1695.020595395407	0.0	0	0.0	2157.303293764824	1	0	1	3.2381473101145875
133890.2796623451	6000.0	1267.0236314198107	0.0	0	0.0	2157.303293764853	1	0	1	3.5847209003945575
135663.38684221933	6000.0	493.9164515455777	0.0	0	0.0	2157.303293764853	1	0	1	4.2778680809545016
136520.76419495489	3000.0	636.5390988100165	0.0	0	0.0	2157.303293764853	1	0	1	2.545000129554639
137569.61106576282	3000.0	587.6922280021074	0.0	0	0.0	2157.303293764853	1	0	1	3.2381473101145843
138865.10635213542	3000.0	301.3150172970737	9.118075667548851	0	0.0	2166.4213694324135	1	0	1	3.1825270485425348
139479.27743669244	1000.0	698.0595363265481	10.915603586509235	0	0.0	2177.336973018915	1	0	1	0.42411959899984764
140555.88821392317	2000.0	621.4487590958252	0.0	0	0.0	2177.336973018915	1	0	1	1.9347990994669853
141538.54698269005	3000.0	638.7899903289455	0.0	0	0.0	2177.336973018915	1	0	1	2.830678834081013
142941.53554418607	3000.0	235.80142883294687	0.0	0	0.0	2177.336973018915	1	0	1	3.2361439421891776
143789.13412684423	2000.0	563.1022298286862	174.89938365389307	0	0.0	2352.236356672831	1	0	1	1.1555949316300158
144573.88197085797	2000.0	778.3543858149811	0.0	0	0.0	2352.23635667286	1	0	1	2.610456341661536
145479.58602650015	3000.0	872.6503301727754	0.0	0	0.0	2352.23635667286	1	0	1	2.8131888957156184
146319.497914464	3000.0	1032.73844220897	0.0	0	0.0	2352.236356672889	1	0	1	3.2186540038237803
147040.54975712614	3000.0	1311.6865995468127	0.0	0	0.0	2352.236356672889	1	0	1	3.2186540038237803
147625.6104425053	3000.0	1726.6259141676069	0.0	0	0.0	2352.236356672889	1	0	1	3.2186540038237803
148581.87339964104	6000.0	1770.3629570318744	0.0	0	0.0	2352.236356672889	1	0	1	3.565227594103753
149512.22245683163	3000.0	1840.0138998412538	0.0	0	0.0	2352.236356672889	1	0	1	2.5255068232638354
150400.44596788727	3000.0	1951.790388785613	0.0	0	0.0	2352.236356672889	1	0	1	3.2186540038237803
151645.17950404878	3000.0	1707.056852624123	0.0	0	0.0	2352.236356672889	1	0	1	3.2186540038237803
152711.32048597716	3000.0	1640.915870695739	0.0	0	0.0	2352.236356672889	1	0	1	3.2186540038237803
153327.82935186563	3000.0	1962.7561182184309	0.0	0	0.0	2290.585470084072	1	0	2	2.8232013115435586
154551.7868505589	6000.0	1738.7986195251449	0.0	0	0.0	2290.585470084072	1	0	1	3.371392682762634
156001.42522464148	3000.0	1144.1964080343762	0.0	0	0.0	2145.621632675844	1	0	2	2.142502114227662
157410.4662106753	3000.0	735.1554220005432	0.0	0	0.0	2145.621632675844	1	0	1	3.039315476223482
158568.0461004885	3000.0	577.5755321873576	0.0	0	0.0	2145.621632675873	1	0	1	3.2393154762234815
159213.10369926822	3000.0	932.5179334076417	0.0	0	0.0	2145.621632675873	1	0	1	3.2393154762234815
159809.27682757762	3000.0	1336.3448050982604	0.0	0	0.0	2145.621632675873	1	0	1	3.2393154762234815
160908.92971612088	3000.0	1236.6919165550278	0.0	0	0.0	2145.621632675902	1	0	1	3.239315476223479
162279.79124459863	3000.0	865.8303880772926	0.0	0	0.0	2145.621632675902	1	0	1	3.239315476223479
163488.76049753596	3000.0	656.8611351399634	0.0	0	0.0	2145.621632675902	1	0	1	3.239315476223479
164508.65877782262	3000.0	636.962854853304	0.0	0	0.0	2145.621632675902	1	0	1	3.239315476223479
165349.090287398	3000.0	796.5313452779131	0.0	0	0.0	2145.621632675902	1	0	1	3.239315476223479
166702.2384089048	3000.0	443.3832237711149	0.0	0	0.0	2145.621632675902	1	0	1	3.239315476223479
167378.44080332754	1000.0	767.1808293483805	0.0	0	0.0	2145.621632675902	1	0	1	0.49278475455320414
168321.83122667627	1000.0	823.7904059996315	0.0	0	0.0	2145.621632675902	1	0	1	1.591397043221314
168861.19823636822	1000.0	1284.4233963076565	0.0	0	0.0	2145.621632675873	1	0	1	1.591397043221317
170056.5022888575	3000.0	1089.1193438183477	0.0	0	0.0	2145.621632675873	1	0	1	2.140703187555372
171190.74766759822	3000.0	954.8739650776466	0.0	0	0.0	2145.621632675902	1	0	1	3.239315476223479
172165.15100334404	3000.0	980.4706293318301	0.0	0	0.0	2145.621632675902	1	0	1	3.239315476223479
172713.84035940786	3000.0	1431.7812732680056	0.0	0	0.0	2145.6216326759313	1	0	1	3.239315476223476
173633.57847699983	6000.0	1512.043155676028	0.0	0	0.0	2145.6216326759313	1	0	1	3.585889066503449
176212.41788718934	6000.0	200.0	266.7962545134698	0	0.0	2412.4178871894546	1	0	1	2.672785541374018
176679.4299721965	1000.0	732.9879149928774	0.0	0	0.0	2412.4178871894546	1	0	1	-0.22704205145809614
177279.6121729433	1000.0	1132.8057142460702	0.0	0	0.0	2412.4178871894255	1	0	1	1.5647174177699619
177787.03119401052	1000.0	1625.3866931788623	0.0	0	0.0	2412.4178871894546	1	0	1	1.5647174177699588
178742.34278808814	3000.0	1670.075099101248	0.0	0	0.0	2412.4178871894546	1	0	1	2.114023562104014
179760.13146398324	3000.0	1652.2864232061459	0.0	0	0.0	2412.4178871894546	1	0	1	3.2126358507721235
181043.9736581621	3000.0	1368.4442290272857	0.0	0	0.0	2412.4178871894546	1	0	1	3.2126358507721235
182053.4478089954	3000.0	1358.9700781939728	0.0	0	0.0	2412.4178871894546	1	0	1	3.2126358507721235
183001.97596459146	3000.0	1410.4419225979186	0.0	0	0.0	2412.4178871894837	1	0	1	3.212635850772121
183807.4241376878	3000.0	1604.9937495015597	0.0	0	0.0	2412.4178871894546	1	0	1	3.2126358507721235
184440.4619336101	3000.0	1971.9559535792728	0.0	0	0.0	2412.4178871894546	1	0	1	3.2126358507721235
185795.3039946127	6000.0	1617.1138925766695	0.0	0	0.0	2412.4178871894546	1	0	1	3.5592094410520962
187091.71977590208	6000.0	1320.6981112872627	0.0	0	0.0	2412.4178871893964	1	0	1	4.252356621612047
188157.20366550697	3000.0	1255.2142216823477	0.0	0	0.0	2412.4178871893673	1	0	1	2.5194886702121875
188924.03475450142	3000.0	1488.3831326878856	0.0	0	0.0	2412.4178871893673	1	0	1	3.2126358507721324
190706.59620283308	6000.0	705.8216843562117	0.0	0	0.0	2412.4178871893673	1	0	1	3.559209441052105
191404.37958717937	1000.0	1008.038300009911	0.0	0	0.0	2412.4178871893673	1	0	1	-0.2270420514580873
192608.30246471625	3000.0	804.1154224730426	0.0	0	0.0	2412.4178871893673	1	0	1	2.114023562104023
193529.80337984045	3000.0	882.61450734884	0.0	0	0.0	2412.417887189338	1	0	1	3.2126358507721333
194205.62832597803	1000.0	1206.789561211256	0.0	0	0.0	2412.417887189338	1	0	1	0.46610512910186064
195215.40993065925	2000.0	1197.0079565300223	0.0	0	0.0	2412.417887189338	1	0	1	1.9112910080499432
196033.60975971547	2000.0	1378.8081274737774	0.0	0	0.0	2412.417887189309	1	0	1	2.6044381886098913
197218.5512106117	3000.0	1193.8666765775365	0.0	0	0.0	2412.417887189338	1	0	1	2.8071707426639705
198221.49471810955	3000.0	1190.923169079703	0.0	0	0.0	2412.417887189309	1	0	1	3.212635850772138
198914.64093915015	3000.0	1497.7769480390737	0.0	0	0.0	2412.417887189338	1	0	1	3.212635850772135
199558.4009577231	3000.0	1854.0169294661391	0.0	0	0.0	2412.417887189338	1	0	1	3.212635850772135
200372.67466800983	3000.0	2039.7432191794176	0.0	0	0.0	2412.417887189338	1	0	1	3.212635850772135
201200.0	3000.0	2212.41788718923	0.0	0	175.44747598242247	2412.417887189309	1	0	1	3.212635850772138
202200.0	3000.0	2112.417887189236	0.0	0	527.3785912610474	2312.417887189338	1	0	2	2.8187439834510877
205711.30786298792	6000.0	200.0	598.8899757987157	0	0.0	2911.307862988033	1	0	1	-0.24538743375498817
206121.67240967837	1000.0	790.8948883469853	1.2594350374280907	0	0.0	2912.567298025475	1	0	1	-0.2846136027662665
207357.33959224768	2000.0	555.2277057776834	0.0	0	0.0	2912.567298025475	1	0	1	1.8612760669663295
207787.8431017802	1000.0	1124.7241962451512	0.0	0	0.0	2912.567298025475	1	0	1	0.8215552961264116
208408.84305388812	2000.0	1503.7242441372375	0.0	0	0.0	2912.567298025504	1	0	1	1.8612760669663289
209440.17596783157	3000.0	1472.3913301938085	0.0	0	0.0	2912.567298025504	1	0	1	2.757155801580354
210787.6494819174	3000.0	1124.9178161079533	0.0	0	0.0	2912.567298025504	1	0	1	3.1626209096885187
211584.70693561665	1000.0	1248.1546170387803	0.0	0	0.0	2832.8615526555222	1	0	2	0.022146764235945415
212269.93430889363	1000.0	1562.9272437618126	0.0	0	0.0	2832.8615526555222	1	0	1	1.322673051223352
213034.93060401193	1000.0	1721.431319131715	0.0	0	0.0	2756.361923143704	1	0	2	1.1283445167002277
213706.39425138212	1000.0	1982.821307024514	0.0	0	0.0	2689.2155584067223	1	0	2	1.3354329231177668
215738.01968411187	3000.0	951.1958742947834	0.0	0	0.0	2689.2155584067514	1	0	1	1.886343794982284
216580.8633213363	2000.0	1108.3522370703527	0.0	0	0.0	2689.2155584067805	1	0	1	2.17129331337998
217361.7312663065	3000.0	1327.484292100123	0.0	0	0.0	2689.2155584067514	1	0	1	2.7794909755422292
218004.0187744482	3000.0	1685.1967839584286	0.0	0	0.0	2689.2155584067514	1	0	1	3.184956083650394
218927.8385360577	3000.0	1761.377022348935	0.0	0	0.0	2689.2155584067514	1	0	1	3.184956083650394
219865.05277529723	3000.0	1824.1627831094038	0.0	0	0.0	2689.2155584067514	1	0	1	3.184956083650394
220907.14909951898	3000.0	1677.8568264655046	0.0	0	0.0	2585.0059259845875	1	0	2	2.7928858656843376
221782.10879917067	3000.0	1715.4011568485853	0.0	0	0.0	2497.5099560193776	1	0	2	3.0019922071968264
222514.1999263551	3000.0	1910.1009169457004	0.0	0	0.0	2424.30084330088	1	0	2	3.0093764893549375
223339.70057672195	3000.0	2002.0502015421102	0.0	0	0.0	2341.7507782641624	1	0	2	3.0175745897626243
224419.7116865597	3000.0	1814.0379807206468	0.0	0	0.0	2233.749667280412	1	0	2	3.027851602167247
225200.0	3000.0	2033.7496672803572	0.0	0	238.99554573677597	2233.7496672803827	1	0	1	3.030502672763031
227781.29313361488	6000.0	452.4565336654729	0.0	0	0.0	2233.7496672803827	1	0	1	3.5770762630430033
228983.50778077022	3000.0	298.3115081948132	48.06962168469795	0	0.0	2281.819288965082	1	0	1	2.2441307999264284
229821.0178539801	2000.0	644.7090588908985	183.90762390597575	0	0.0	2465.726912871003	1	0	1	1.0901964344977029
230636.88619618298	3000.0	828.8407166880459	0.0	0	0.0	2465.7269128710323	1	0	1	2.8018398400958016
231248.36652754343	3000.0	1217.3603853276097	0.0	0	0.0	2465.7269128710323	1	0	1	3.207304948203966
231999.2340233478	3000.0	1466.492889523251	0.0	0	0.0	2465.726912871003	1	0	1	3.207304948203969
232843.82085459208	6000.0	1621.9060582789737	0.0	0	0.0	2465.726912871003	1	0	1	3.5538785384839415
233773.64593791316	6000.0	1692.0809749579091	0.0	0	0.0	2465.726912871003	1	0	1	4.2470257190438865
234530.93634927378	6000.0	1934.7905635972904	0.0	0	0.0	2465.726912871003	1	0	1	4.2470257190438865
235455.11898590054	6000.0	2010.6079269705406	0.0	0	0.0	2465.726912871003	1	0	1	4.2470257190438865
237435.29456110846	6000.0	1030.4323517626249	0.0	0	0.0	2465.726912871003	1	0	1	4.2470257190438865
238412.67808521324	3000.0	1053.0488276578533	0.0	0	0.0	2465.7269128710323	1	0	1	2.5141577676440234
239544.37426829798	3000.0	921.3526445730939	0.0	0	0.0	2465.7269128710614	1	0	1	3.207304948203963
240767.38064590955	3000.0	698.3462669615117	0.0	0	0.0	2465.7269128710614	1	0	1	3.207304948203963
241682.0612532871	3000.0	783.6656595839387	0.0	0	0.0	2465.7269128710614	1	0	1	3.207304948203963
242551.91382559974	3000.0	913.8130872713315	0.0	0	0.0	2465.7269128710614	1	0	1	3.207304948203963
243770.66992770488	3000.0	695.0569851661846	0.0	0	0.0	2465.7269128710614	1	0	1	3.207304948203963
244473.99535099568	3000.0	991.7315618753829	0.0	0	0.0	2465.7269128710614	1	0	1	3.207304948203963
245354.94567760854	3000.0	1110.781235262545	0.0	0	0.0	2465.7269128710614	1	0	1	3.207304948203963
246260.87602512154	3000.0	1204.8508877495474	0.0	0	0.0	2465.7269128710323	1	0	1	3.207304948203966
247086.21676869848	3000.0	1379.5101441726235	0.0	0	0.0	2465.7269128710323	1	0	1	3.207304948203966
247920.81390934787	3000.0	1544.9130035232222	0.0	0	0.0	2465.726912871003	1	0	1	3.207304948203969
248932.79676208278	3000.0	1532.930150788299	0.0	0	0.0	2465.726912871003	1	0	1	3.207304948203969
249743.75746145606	3000.0	1721.9694514150015	0.0	0	0.0	2465.726912870974	1	0	1	3.207304948203972
250437.00385002984	3000.0	1959.398423983817	0.0	0	0.0	2396.402274013555	1	0	2	2.812541766177353
251973.89740664273	6000.0	1422.5048673709168	0.0	0	0.0	2396.402274013555	1	0	1	3.360811002369686
253632.28870429762	6000.0	764.1135697160271	0.0	0	0.0	2396.402274013555	1	0	1	4.253958182929633
254292.94667053895	3000.0	1103.4556034747163	0.0	0	0.0	2396.402274013555	1	0	1	2.5210902315297687
255242.52499648428	3000.0	1153.8772775294078	0.0	0	0.0	2396.402274013555	1	0	1	3.2142374120897137
256338.0459868575	3000.0	1058.3562871561965	0.0	0	0.0	2396.402274013555	1	0	1	3.2142374120897137
257276.97148803313	3000.0	1119.4307859805726	0.0	0	0.0	2396.402274013555	1	0	1	3.2142374120897137
257978.23757689563	3000.0	1418.1646971180644	0.0	0	0.0	2396.402274013555	1	0	1	3.2142374120897137
259005.7306502053	3000.0	1390.6716238084032	0.0	0	0.0	2396.402274013555	1	0	1	3.2142374120897137
259835.0409134697	3000.0	1561.3613605440046	0.0	0	0.0	2396.4022740135842	1	0	1	3.2142374120897115
260844.7478216039	3000.0	1551.6544524098256	0.0	0	0.0	2396.402274013555	1	0	1	3.214237412089713
261548.10250540267	3000.0	1848.2997686110757	0.0	0	0.0	2396.402274013555	1	0	1	3.2142374120897137
262200.0	3000.0	2196.40227401376	0.0	0	16.975660245399922	2396.4022740135842	1	0	1	3.2142374120897106
263200.0	3000.0	2096.402274013711	0.0	0	297.69719392072875	2296.402274013526	1	0	2	2.820452425122552
264200.0	3000.0	1996.4022740136884	0.0	0	76.99445149593521	2196.402274013497	1	0	2	3.031288429070557
266065.598501753	6000.0	1130.803772260666	0.0	0	0.0	2196.402274013497	1	0	1	3.3808110023696916
267019.25549663574	3000.0	1177.1467773779116	0.0	0	0.0	2196.4022740134387	1	0	1	2.5410902315297808
268012.1362128872	3000.0	1184.2660611264384	0.0	0	0.0	2196.4022740133805	1	0	1	3.234237412089731
268845.30181772576	3000.0	1351.1004562878281	0.0	0	0.0	2196.4022740133805	1	0	1	3.234237412089731
269877.93864060106	3000.0	1318.4636334125212	0.0	0	0.0	2196.4022740133805	1	0	1	3.234237412089731
271193.8061567341	3000.0	1002.5961172794853	0.0	0	0.0	2196.4022740133223	1	0	1	3.2342374120897373
272376.973345353	3000.0	819.4289286605512	0.0	0	0.0	2196.402274013264	1	0	1	3.234237412089738
273311.61678338255	3000.0	884.7854906309525	0.0	0	0.0	2196.402274013264	1	0	1	3.2342374120897426
274192.1242315276	3000.0	1004.2780424859336	0.0	0	0.0	2196.402274013264	1	0	1	3.2342374120897426
274966.38310936367	3000.0	1230.0191646499034	0.0	0	0.0	2196.402274013264	1	0	1	3.2342374120897426
276371.750041023	3000.0	824.652232990492	0.0	0	0.0	2196.402274013206	1	0	1	3.234237412089744
277250.8999172048	3000.0	945.5023568086407	0.0	0	0.0	2196.402274013206	1	0	1	3.234237412089749
278476.57012914214	3000.0	719.8321448713261	0.0	0	0.0	2196.402274013206	1	0	1	3.234237412089749
279428.43903748505	3000.0	767.963236528496	0.0	0	0.0	2196.402274013264	1	0	1	3.2342374120897426
280368.97313915665	3000.0	827.4291348568794	0.0	0	0.0	2196.402274013264	1	0	1	3.2342374120897426
281335.97272545926	3000.0	860.4295485542219	0.0	0	0.0	2196.402274013264	1	0	1	3.2342374120897426
282087.98385097453	3000.0	1108.418423038936	0.0	0	0.0	2196.4022740133223	1	0	1	3.2342374120897373
282867.2483493998	3000.0	1329.153924613681	0.0	0	0.0	2196.4022740133223	1	0	1	3.2342374120897373
283605.4059281362	3000.0	1590.9963458771826	0.0	0	0.0	2196.402274013206	1	0	1	3.234237412089746
285364.4032954167	6000.0	831.9989785967181	0.0	0	0.0	2196.402274013264	1	0	1	3.5808110023697153
286764.64676629857	3000.0	431.75550771478055	0.0	0	0.0	2196.402274013264	1	0	1	2.5410902315297976
288240.19505466043	3000.0	200.0	243.79278064711795	0	0.0	2440.195054660435	1	0	1	1.7530251632279623
288607.3864021053	1000.0	833.0516173260922	0.24296477096099522	0	0.0	2440.438019431371	1	0	1	0.46184532725189154
289564.03812310565	3000.0	876.3998963257196	0.0	0	0.0	2440.4380194313126	1	0	1	2.1112215488798283
290451.82722495333	3000.0	988.6107944780493	0.0	0	0.0	2440.438019431371	1	0	1	3.2098338375479365
291902.65707550064	3000.0	537.7809439307131	0.0	0	0.0	2440.438019431371	1	0	1	3.209833837547932
292881.3821450269	2000.0	559.0558744044783	0.0	0	0.0	2440.438019431371	1	0	1	2.19617106727752
293746.5600039203	2000.0	693.8780155110202	0.0	0	0.0	2440.438019431371	1	0	1	2.6016361753856847
294656.4034045724	3000.0	784.034614858927	0.0	0	0.0	2440.438019431371	1	0	1	2.80436872943977
295382.3978571766	3000.0	1058.0401622546674	0.0	0	0.0	2440.438019431371	1	0	1	3.209833837547932
295931.45452102134	3000.0	1508.9834984099848	0.0	0	0.0	2440.438019431371	1	0	1	3.209833837547932
296672.72817907593	3000.0	1767.7098403553894	0.0	0	0.0	2440.438019431371	1	0	1	3.209833837547932
298300.4510042343	6000.0	1139.9870151970163	0.0	0	0.0	2440.438019431371	1	0	1	3.5564074278279043
299240.54073430406	3000.0	1199.8972851272824	0.0	0	0.0	2440.438019431371	1	0	1	2.5166866569879867
300637.57557235204	3000.0	802.8624470792554	0.0	0	0.0	2440.4380194313126	1	0	1	3.2098338375479343
301415.85026629065	3000.0	1024.5877531406845	0.0	0	0.0	2440.4380194313126	1	0	1	3.209833837547938
6.17	2.32	2.86	2.87	3.01	3.8	4.29	3.07	2.39	2.81	3.37	3.43	2.46	1.84	1.47	2.59	2.87	3.22	4.03	5.35	5.39	2.03	2.28	1.41	2.58	2.48	2.99	2.21	3.23	4.43	4.9	4.05	4.27	3.13	4.11	5.07	3.0	1.92	2.98	3.6	1.8	1.89	2.26	2.57	3.54	3.75	3.03	4.29	5.5	2.54	1.32	2.31	2.44	1.58	2.61	3.32	2.02	1.03	1.36	1.76	1.92	1.75	2.7	3.95	4.22	3.01	3.46	4.4	4.87	3.45	3.35	4.47	3.37	1.54	3.49	2.25	3.41	4.46	5.76	6.9	8.38	5.28	4.87	2.98	3.37	2.51	3.0	3.49	3.94	2.5	3.09	4.33	3.5	3.87	3.86	3.17	4.33	5.5	5.61	3.88	4.66	3.24	3.71	3.9	4.03	3.48	2.49	3.08	4.17	3.28	3.86	3.56	2.5	3.32	4.12	3.7	3.1	3.23	3.52	3.78	4.41	3.7	2.37	2.72	2.98	3.29	3.43	4.12	5.14	4.95	4.62	4.3	2.8	2.86	2.14	2.4	3.06	3.15	2.42	2.43	3.72	4.66	4.45	5.83	4.36	2.63	2.73	3.53	4.83	6.21	6.17	2.32	2.86	2.87	3.01	3.8	4.29	3.07	2.39	2.81	3.37	3.43	2.46	1.84	1.47	2.59	2.87	3.22	4.03	5.35	5.39	2.03	2.28	1.41	2.58	2.48	2.99	2.21	3.23	4.43	4.9	4.05	4.27	3.13	4.11	5.07	3.0	1.92	2.98	3.6	1.8	1.89	2.26	2.57	3.54	3.75	3.03	4.29	5.5	2.54	1.32	2.31	2.44	1.58	2.61	3.32	2.02	1.03	1.36	1.76	1.92	1.75	2.7	3.95	4.22	3.01	3.46	4.4	4.87	3.45	3.35	4.47	3.37	1.54	3.49	2.25	3.41	4.46	5.76	6.9	8.38	5.28	4.87	2.98	3.37	2.51	3.0	3.49	3.94	2.5	3.09	4.33	3.5	3.87	3.86	3.17	4.33	5.5	5.61	3.88	4.66	3.24	3.71	3.9	4.03	3.48	2.49	3.08	4.17	3.28	3.86	3.56	2.5	3.32	4.12	3.7	3.1	3.23	3.52	3.78	4.41	3.7	2.37	2.72	2.98	3.29	3.43	4.12	5.14	4.95	4.62	4.3	2.8	2.86	2.14	2.4	3.06	3.15	2.42	2.43	3.72	4.66	4.45	5.83	4.36	2.63	2.73	3.53	4.83	6.21	6.17
1.0	2.0	3.0	4.0	5.0	6.0	7.0	8.0	9.0	10.0	11.0	12.0	13.0	14.0	15.0	16.0	17.0	18.0	19.0	20.0	21.0	22.0	23.0	24.0	25.0	26.0	27.0	28.0	29.0	30.0	31.0	32.0	33.0	34.0	35.0	36.0	37.0	38.0	39.0	40.0	41.0	42.0	43.0	44.0	45.0	46.0	47.0	48.0	49.0	50.0	51.0	52.0	53.0	54.0	55.0	56.0	57.0	58.0	59.0	60.0	61.0	62.0	63.0	64.0	65.0	66.0	67.0	68.0	69.0	70.0	71.0	72.0	73.0	74.0	75.0	76.0	77.0	78.0	79.0	80.0	81.0	82.0	83.0	84.0	85.0	86.0	87.0	88.0	89.0	90.0	91.0	92.0	93.0	94.0	95.0	96.0	97.0	98.0	99.0	100.0	101.0	102.0	103.0	104.0	105.0	106.0	107.0	108.0	109.0	110.0	111.0	112.0	113.0	114.0	115.0	116.0	117.0	118.0	119.0	120.0	121.0	122.0	123.0	124.0	125.0	126.0	127.0	128.0	129.0	130.0	131.0	132.0	133.0	134.0	135.0	136.0	137.0	138.0	139.0	140.0	141.0	142.0	143.0	144.0	145.0	146.0	147.0	148.0	149.0	149.0	150.0	151.0	152.0	153.0	154.0	155.0	156.0	157.0	158.0	159.0	160.0	161.0	162.0	163.0	164.0	165.0	166.0	167.0	168.0	169.0	170.0	171.0	172.0	173.0	174.0	175.0	176.0	177.0	178.0	179.0	180.0	181.0	182.0	183.0	184.0	185.0	186.0	187.0	188.0	189.0	190.0	191.0	192.0	193.0	194.0	195.0	196.0	197.0	198.0	199.0	200.0	201.0	202.0	203.0	204.0	205.0	206.0	207.0	208.0	209.0	210.0	211.0	212.0	213.0	214.0	215.0	216.0	217.0	218.0	219.0	220.0	221.0	222.0	223.0	224.0	225.0	226.0	227.0	228.0	229.0	230.0	231.0	232.0	233.0	234.0	235.0	236.0	237.0	238.0	239.0	240.0	241.0	242.0	243.0	244.0	245.0	246.0	247.0	248.0	249.0	250.0	251.0	252.0	253.0	254.0	255.0	256.0	257.0	258.0	259.0	260.0	261.0	262.0	263.0	264.0	265.0	266.0	267.0	268.0	269.0	270.0	271.0	272.0	273.0	274.0	275.0	276.0	277.0	278.0	279.0	280.0	281.0	282.0	283.0	284.0	285.0	286.0	287.0	288.0	289.0	290.0	291.0	292.0	293.0	294.0	295.0	296.0	297.0	298.0	298.0	299.0
4365.604491351524
