3649.7538917427996	300.0	2000.0	199.3180725736601	0	0.0	3649.7538917427996	1	0	1	-1.556562057296556
4718.691233370571	2000.0	1931.0626583722285	0.0	0	0.0	3649.7538917427996	1	0	1	0.5835846032686607
6044.780321532155	2000.0	1604.9735702106454	0.0	0	0.0	3649.7538917428	1	0	1	2.480704588154542
6733.468740075002	1000.0	1847.4163098135145	0.0	0	0.0	3580.885049888516	1	0	2	0.3531359653530716
7781.038922473761	2000.0	1695.0891091748788	0.0	0	0.0	3476.128031648639	1	0	2	1.601950972883353
8690.603353396964	1000.0	1694.5682351593553	0.0	0	0.0	3385.171588556318	1	0	2	0.5720147795299577
9473.367092872217	1000.0	1833.5281217365768	0.0	0	0.0	3306.8952146087913	1	0	2	1.2734231560933083
10351.028174073186	1000.0	1868.1009324155118	0.0	0	0.0	3219.1291064886946	1	0	2	1.2819065015521482
10921.594756174736	1000.0	2240.477692103807	0.0	0	0.0	3162.07244827854	1	0	2	1.288199957862224
12059.408916560964	2000.0	1988.882115678956	0.0	0	0.0	3048.2910322399166	1	0	2	1.6448529201969926
12817.347584138908	2000.0	2155.149581343216	0.0	0	0.0	2972.497165482122	1	0	2	2.3465360519835055
14454.904841210817	2000.0	1353.8365985641183	0.0	0	0.0	2808.7414397749326	1	0	2	2.3604481008695357
16347.438214343318	2000.0	461.30322543161844	0.0	0	0.0	2808.7414397749326	1	0	1	2.364805833351329
17046.915833663857	1000.0	761.8256061110781	0.0	0	0.0	2808.7414397749326	1	0	1	0.8319378819514658
17965.655638523338	1000.0	843.0858012515979	0.0	0	0.0	2808.7414397749326	1	0	1	1.525085062511411
18780.727667008938	1000.0	1028.0137727659965	0.0	0	0.0	2808.741439774929	1	0	1	1.5250850625114114
19381.530921146626	1000.0	1427.2105186283102	0.0	0	0.0	2808.741439774927	1	0	1	1.5250850625114114
20315.352970449563	2000.0	1493.3884693253706	0.0	0	0.0	2808.741439774927	1	0	1	1.871658652791384
21268.21022872131	2000.0	1540.5312110536224	0.0	0	0.0	2808.741439774927	1	0	1	2.5648058333513295
23655.07293634464	2000.0	200.0	46.33149656970943	0	0.0	2855.072936344637	1	0	1	2.2858902240016787
24113.91186276	300.0	776.3511717307131	35.19009814606977	0	0.0	2890.2630344907084	1	0	1	-2.3972868772113713
25258.957346915555	1000.0	631.305687575157	0.0	0	0.0	2890.2630344907084	1	0	1	0.31296009871389724
26126.690991998723	1000.0	763.5720424919896	0.0	0	0.0	2890.2630344907084	1	0	1	1.5169329030398335
26668.613879359313	1000.0	1221.6491551313993	0.0	0	0.0	2890.2630344907084	1	0	1	1.5169329030398335
27611.823486469642	1000.0	1278.439548021074	0.0	0	0.0	2890.2630344907084	1	0	1	1.5169329030398335
28560.83152904714	1000.0	1329.4315054435763	0.0	0	0.0	2890.2630344907084	1	0	1	1.5169329030398335
29414.431567548672	1000.0	1475.831466942046	0.0	0	0.0	2890.2630344907047	1	0	1	1.5169329030398337
30311.882333084824	1000.0	1578.380701405897	0.0	0	0.0	2890.2630344907047	1	0	1	1.5169329030398337
30905.947454390724	1000.0	1984.315580099999	0.0	0	0.0	2890.263034490701	1	0	1	1.5169329030398342
32128.085775292187	2000.0	1762.1772591985357	0.0	0	0.0	2890.2630344907047	1	0	1	1.8635064933198067
34539.38500261026	2000.0	350.87803188045797	0.0	0	0.0	2890.2630344906975	1	0	1	2.556653673879752
34885.06903208816	300.0	1005.1940024025462	0.0	0	0.0	2890.2630344906866	1	0	1	-2.1861462883349505
36025.07121599692	1000.0	865.1918184937848	0.0	0	0.0	2890.2630344906866	1	0	1	0.3129600987138997
37060.53458792259	1000.0	829.7284465681105	0.0	0	0.0	2890.2630344906866	1	0	1	1.5169329030398357
38049.38600095973	1000.0	840.8770335309724	0.0	0	0.0	2890.2630344906866	1	0	1	1.5169329030398357
38611.39938215258	1000.0	1278.8636523381258	0.0	0	0.0	2890.263034490694	1	0	1	1.5169329030398349
39131.9117916454	1000.0	1758.3512428453114	0.0	0	0.0	2890.263034490701	1	0	1	1.5169329030398342
39622.6460048516	1000.0	2267.617029639116	0.0	0	0.0	2890.263034490701	1	0	1	1.5169329030398342
40921.865844256725	2000.0	1968.3971902339924	0.0	0	0.0	2890.263034490701	1	0	1	1.8635064933198067
43323.427805049425	2000.0	326.6790333620075	0.0	0	0.0	2650.1068384114187	1	0	2	2.173833960398419
44004.94735632842	1000.0	673.7417602517847	28.582278168772234	0	0.0	2678.689116580201	1	0	1	0.47344944525830535
44405.58681333006	1000.0	1273.10230325014	0.0	0	0.0	2678.689116580201	1	0	1	1.538090294830884
45038.97340939147	2000.0	1639.7157071887325	0.0	0	0.0	2678.689116580201	1	0	1	1.8846638851108568
46005.30851320836	2000.0	1673.3806033718495	0.0	0	0.0	2678.689116580201	1	0	1	2.5778110656708018
46952.62313833417	2000.0	1726.065978246038	0.0	0	0.0	2678.689116580201	1	0	1	2.5778110656708018
48711.186664362474	2000.0	967.5024522177414	0.0	0	0.0	2678.689116580201	1	0	1	2.5778110656708018
49587.483407315456	1000.0	1091.2057092647638	0.0	0	0.0	2678.689116580201	1	0	1	0.8449431142709389
50066.063804296966	1000.0	1612.6253122832607	0.0	0	0.0	2678.689116580201	1	0	1	1.538090294830884
52105.10225409089	2000.0	573.5868624893351	0.0	0	0.0	2678.6891165801935	1	0	1	1.8846638851108577
52847.26964553176	1000.0	831.4194710484703	0.0	0	0.0	2678.6891165801935	1	0	1	0.8449431142709398
53360.5459005767	1000.0	1318.143216003536	0.0	0	0.0	2678.6891165801935	1	0	1	1.538090294830885
54124.08328352836	1000.0	1554.6058330518815	0.0	0	0.0	2678.6891165801935	1	0	1	1.538090294830885
54887.22078361958	1000.0	1791.4683329606632	0.0	0	0.0	2678.6891165801935	1	0	1	1.538090294830885
55509.89595747921	1000.0	2168.793159101031	0.0	0	0.0	2678.6891165801935	1	0	1	1.538090294830885
57156.504597676634	2000.0	1522.1845189036171	0.0	0	0.0	2678.6891165801935	1	0	1	1.8846638851108577
58022.43521521338	1000.0	1656.253901366875	0.0	0	0.0	2678.6891165801935	1	0	1	0.8449431142709398
58810.361929196224	1000.0	1868.3271873840315	0.0	0	0.0	2678.6891165801935	1	0	1	1.538090294830885
59937.99878317574	2000.0	1740.6903334045196	0.0	0	0.0	2678.6891165801935	1	0	1	1.8846638851108577
61103.855984390735	1000.0	1574.8331321895307	0.0	0	0.0	2678.6891165801935	1	0	1	0.8449431142709398
62561.37498720083	1000.0	1117.3141293794406	0.0	0	0.0	2678.6891165801935	1	0	1	1.538090294830885
63369.23550164412	1000.0	1309.453614936138	0.0	0	0.0	2678.6891165801862	1	0	1	1.5380902948308854
63907.01913006938	1000.0	1771.6699865108847	0.0	0	0.0	2678.6891165801862	1	0	1	1.5380902948308854
64592.2502811445	1000.0	2086.438835435759	0.0	0	0.0	2678.6891165801935	1	0	1	1.538090294830885
65349.888448272766	1000.0	2253.0368515946648	0.0	0	0.0	2602.925299867362	1	0	2	1.1441695800409124
66200.0	2000.0	2402.9252998674283	0.0	0	79.98265240484034	2602.9252998673546	1	0	1	1.6922402667821412
67282.09032025596	2000.0	2320.834979611459	0.0	0	0.0	2602.92529986734	1	0	1	2.5853874473420877
68930.7081471422	2000.0	1507.3553700365946	0.0	0	0.0	2438.0635171787	1	0	2	2.197435584967102
69421.65138534013	1000.0	2016.4121318386651	0.0	0	0.0	2438.0635171787	1	0	1	0.6690056742110888
70990.73391915685	2000.0	1447.3295980219425	0.0	0	0.0	2438.0635171787	1	0	1	1.9087264450510069
71559.1993920865	1000.0	1878.8641250922856	0.0	0	0.0	2438.0635171787	1	0	1	0.869005674211089
72649.87664624183	2000.0	1788.18687093697	0.0	0	0.0	2438.0635171787144	1	0	1	1.9087264450510057
74458.10210517987	2000.0	979.9614119989236	0.0	0	0.0	2438.0635171787144	1	0	1	2.601873625610951
75230.76262426701	1000.0	1207.3008929117836	0.0	0	0.0	2438.0635171787144	1	0	1	0.8690056742110877
76312.75843296607	1000.0	1125.305084212699	0.0	0	0.0	2438.0635171787	1	0	1	1.5621528547710342
77086.62793464083	1000.0	1351.4355825379532	0.0	0	0.0	2438.0635171787	1	0	1	1.5621528547710342
77614.70956517204	1000.0	1823.3539520067377	0.0	0	0.0	2438.0635171787	1	0	1	1.5621528547710342
79361.17406675265	2000.0	1076.8894504261386	0.0	0	0.0	2438.0635171787	1	0	1	1.9087264450510069
80233.48321557384	1000.0	1204.5803016049388	0.0	0	0.0	2438.0635171786853	1	0	1	0.8690056742110908
81065.79410438755	1000.0	1372.2694127912334	0.0	0	0.0	2438.0635171787	1	0	1	1.5621528547710342
81898.68900030428	1000.0	1539.3745168744913	0.0	0	0.0	2438.0635171787	1	0	1	1.5621528547710342
82764.27166102541	1000.0	1673.7918561533602	0.0	0	0.0	2438.0635171786853	1	0	1	1.562152854771036
83771.84993254785	1000.0	1666.213584630931	0.0	0	0.0	2438.0635171787	1	0	1	1.5621528547710342
85018.80663378196	1000.0	1419.2568833968246	0.0	0	0.0	2438.0635171787144	1	0	1	1.5621528547710328
85645.16910454868	1000.0	1792.8944126301053	0.0	0	0.0	2438.0635171787144	1	0	1	1.5621528547710328
86322.38828625083	1000.0	2115.6752309279555	0.0	0	0.0	2438.0635171787144	1	0	1	1.5621528547710328
88261.03498738592	2000.0	1177.0285297928635	0.0	0	0.0	2438.0635171787144	1	0	1	1.9087264450510057
89003.78071649386	1000.0	1434.2828006849318	0.0	0	0.0	2438.0635171787144	1	0	1	0.8690056742110877
89814.02370895096	1000.0	1624.0398082278366	0.0	0	0.0	2438.063517178729	1	0	1	1.5621528547710315
91383.10984506313	2000.0	1054.9536721156878	0.0	0	0.0	2438.063517178729	1	0	1	1.9087264450510042
91860.84280447467	1000.0	1577.2207127041502	0.0	0	0.0	2438.063517178729	1	0	1	0.8690056742110863
93237.46364001173	2000.0	1200.5998771670886	0.0	0	0.0	2438.063517178729	1	0	1	1.9087264450510042
94433.46782554222	1000.0	1004.5956916365903	0.0	0	0.0	2438.063517178729	1	0	1	0.8690056742110863
95372.13369596974	1000.0	1065.9298212090716	0.0	0	0.0	2438.063517178729	1	0	1	1.5621528547710315
96404.39629086098	1000.0	1033.667226317814	0.0	0	0.0	2438.063517178729	1	0	1	1.5621528547710315
97039.57149277767	1000.0	1398.4920244011328	0.0	0	0.0	2438.063517178729	1	0	1	1.5621528547710315
98280.42579249751	1000.0	1157.637724681292	0.0	0	0.0	2438.0635171787144	1	0	1	1.5621528547710328
99259.96333299151	1000.0	1178.1001841873021	0.0	0	0.0	2438.063517178729	1	0	1	1.5621528547710315
99960.15772439215	1000.0	1477.9057927866436	0.0	0	0.0	2438.063517178729	1	0	1	1.5621528547710315
100590.70681352365	1000.0	1847.3567036551526	0.0	0	0.0	2438.063517178729	1	0	1	1.5621528547710315
101654.92062989745	2000.0	1783.1428872813478	0.0	0	0.0	2438.063517178729	1	0	1	1.9087264450510042
102941.03716919514	2000.0	1497.026347983649	0.0	0	0.0	2438.063517178729	1	0	1	2.601873625610949
103828.07711369864	1000.0	1609.9864034801599	0.0	0	0.0	2438.063517178729	1	0	1	0.8690056742110863
105100.1125619189	1000.0	1337.9509552598818	0.0	0	0.0	2438.0635171787144	1	0	1	1.5621528547710328
105794.28730203073	1000.0	1643.7762151480629	0.0	0	0.0	2438.063517178729	1	0	1	1.5621528547710315
106263.55138508412	1000.0	2174.5121320946696	0.0	0	0.0	2438.063517178729	1	0	1	1.5621528547710315
107200.0	2000.0	2238.063517178778	0.0	0	319.79670121637173	2438.063517178729	1	0	1	1.9087264450510042
108200.0	2000.0	2238.063517178788	0.0	0	210.03871183417505	2438.063517178729	1	0	1	2.601873625610949
109566.75375100732	2000.0	1871.309766171457	0.0	0	0.0	2438.063517178729	1	0	1	2.601873625610949
110794.23770785028	2000.0	1643.8258093284867	0.0	0	0.0	2438.063517178729	1	0	1	2.601873625610949
111729.83073587039	2000.0	1708.2327813083689	0.0	0	0.0	2438.0635171787435	1	0	1	2.6018736256109474
113426.66256073453	2000.0	1011.4009564442129	0.0	0	0.0	2438.0635171787435	1	0	1	2.6018736256109474
114006.55284093392	1000.0	1431.5106762448	0.0	0	0.0	2438.0635171787435	1	0	1	0.8690056742110849
114590.98072691087	1000.0	1847.082790267868	0.0	0	0.0	2438.0635171787435	1	0	1	1.5621528547710302
116041.07038316008	2000.0	1396.993134018656	0.0	0	0.0	2438.063517178758	1	0	1	1.9087264450510013
116593.41228010837	1000.0	1844.6512370703686	0.0	0	0.0	2438.063517178758	1	0	1	0.8690056742110832
118050.77708108696	2000.0	1387.286436091784	0.0	0	0.0	2438.063517178758	1	0	1	1.9087264450510013
119123.77094366425	2000.0	1314.2925735144906	0.0	0	0.0	2438.0635171787726	1	0	1	2.6018736256109447
119866.99647374384	1000.0	1571.0670434348933	0.0	0	0.0	2438.0635171787726	1	0	1	0.8690056742110819
121342.87475405322	2000.0	1095.1887631255222	0.0	0	0.0	2438.0635171787726	1	0	1	1.9087264450509998
122515.15713169154	1000.0	922.906385487208	0.0	0	0.0	2438.063517178758	1	0	1	0.8690056742110832
123484.24681945467	1000.0	953.8166977240863	0.0	0	0.0	2438.063517178758	1	0	1	1.5621528547710284
124116.37700772619	1000.0	1321.6865094525735	0.0	0	0.0	2438.063517178758	1	0	1	1.5621528547710284
124729.4852232528	1000.0	1708.5782939259418	0.0	0	0.0	2438.0635171787435	1	0	1	1.5621528547710302
126025.75039298878	2000.0	1412.313124189989	0.0	0	0.0	2438.0635171787435	1	0	1	1.9087264450510024
126776.22641237543	1000.0	1661.8371048033348	0.0	0	0.0	2438.0635171787435	1	0	1	0.8690056742110849
127641.87741358683	1000.0	1796.186103591919	0.0	0	0.0	2438.063517178729	1	0	1	1.5621528547710315
128200.0	1000.0	2238.063517178743	0.0	0	13.763459881345625	2438.0635171787144	1	0	1	1.5621528547710328
129690.24067705938	2000.0	1747.8228401193533	0.0	0	0.0	2438.0635171787	1	0	1	1.9087264450510069
130894.52362137732	2000.0	1543.5398958014175	0.0	0	0.0	2438.0635171787	1	0	1	2.601873625610952
131970.6591754851	2000.0	1467.404341693631	0.0	0	0.0	2438.0635171787144	1	0	1	2.601873625610952
132828.50818457798	2000.0	1609.5553326007916	0.0	0	0.0	2438.0635171787435	1	0	1	2.601873625610949
133691.3495198535	2000.0	1746.7139973252501	0.0	0	0.0	2438.063517178729	1	0	1	2.601873625610948
135061.13809064188	2000.0	1376.9254265368704	0.0	0	0.0	2438.063517178758	1	0	1	2.6018736256109465
135937.36752006985	2000.0	1500.6959971089348	0.0	0	0.0	2438.063517178758	1	0	1	2.6018736256109465
136854.97528547037	2000.0	1583.0882317084136	0.0	0	0.0	2438.063517178787	1	0	1	2.601873625610943
138724.64764411622	2000.0	713.415873062567	0.0	0	0.0	2438.063517178787	1	0	1	2.601873625610943
139835.6939141073	1000.0	602.3696030715151	0.0	0	0.0	2438.063517178787	1	0	1	0.8690056742110804
140546.54272486974	1000.0	891.5207923091024	0.0	0	0.0	2438.063517178787	1	0	1	1.5621528547710257
141062.51180558876	1000.0	1375.551711590092	0.0	0	0.0	2438.063517178758	1	0	1	1.5621528547710284
142087.7304799717	1000.0	1350.3330372071475	0.0	0	0.0	2438.063517178729	1	0	1	1.5621528547710315
142610.54451723225	1000.0	1827.5189999465945	0.0	0	0.0	2438.0635171787	1	0	1	1.5621528547710342
144177.1524676694	2000.0	1260.9110495094567	0.0	0	0.0	2438.0635171787	1	0	1	1.9087264450510069
144905.4354679035	1000.0	1532.6280492752992	0.0	0	0.0	2438.0635171786707	1	0	1	0.8690056742110921
146092.76509625258	2000.0	1345.2984209261679	0.0	0	0.0	2438.0635171786707	1	0	1	1.90872644505101
147064.29579333586	2000.0	1373.7677238428844	0.0	0	0.0	2438.0635171786707	1	0	1	2.601873625610955
148042.55258143722	2000.0	1395.5109357415254	0.0	0	0.0	2438.0635171786707	1	0	1	2.601873625610955
149020.49637060615	1000.0	1417.567146572612	0.0	0	0.0	2438.0635171786707	1	0	1	0.8690056742110921
149751.76988698507	1000.0	1686.2936301937032	0.0	0	0.0	2438.0635171786416	1	0	1	1.56215285477104
151030.2947052529	2000.0	1407.768811925895	0.0	0	0.0	2438.0635171786416	1	0	1	1.9087264450510126
151569.94842007206	1000.0	1868.115097106737	0.0	0	0.0	2438.0635171786416	1	0	1	0.8690056742110949
153009.79028982657	2000.0	1428.273227352226	0.0	0	0.0	2438.0635171786707	1	0	1	1.90872644505101
154029.3157417598	2000.0	1408.7477754189658	0.0	0	0.0	2438.0635171786707	1	0	1	2.601873625610955
155429.29644407003	2000.0	1008.7670731087676	0.0	0	0.0	2438.0635171786707	1	0	1	2.601873625610955
155966.70318608754	1000.0	1471.3603310912285	0.0	0	0.0	2438.0635171786707	1	0	1	0.8690056742110921
157887.64264358208	2000.0	550.4208735966885	0.0	0	0.0	2438.0635171786416	1	0	1	1.9087264450510117
158555.7744517672	1000.0	882.2890654115711	0.0	0	0.0	2438.0635171786707	1	0	1	0.8690056742110926
159171.594852495	1000.0	1266.468664683798	0.0	0	0.0	2438.0635171786707	1	0	1	1.5621528547710373
159778.07508747853	1000.0	1659.988429700274	0.0	0	0.0	2438.0635171787	1	0	1	1.5621528547710342
160652.77725299206	2000.0	1785.2862641867375	0.0	0	0.0	2438.0635171786707	1	0	1	1.90872644505101
161346.86300383197	2000.0	2091.2005133468347	0.0	0	0.0	2438.0635171787	1	0	1	2.6018736256109545
162234.429959965	2000.0	2203.633557213786	0.0	0	0.0	2438.0635171787	1	0	1	2.601873625610952
163400.5321502491	2000.0	2037.531366929668	0.0	0	0.0	2438.0635171786707	1	0	1	2.601873625610955
165155.12071977873	2000.0	1282.9427974000414	0.0	0	0.0	2438.0635171786707	1	0	1	2.601873625610955
165734.92133903023	1000.0	1703.1421781485235	0.0	0	0.0	2438.0635171786707	1	0	1	0.8690056742110921
167512.13447816673	2000.0	925.9290390120469	0.0	0	0.0	2438.0635171786707	1	0	1	1.90872644505101
168085.97258954975	1000.0	1352.0909276290363	0.0	0	0.0	2438.0635171786707	1	0	1	0.8690056742110921
168770.38886192604	2000.0	1667.6746552527463	0.0	0	0.0	2438.0635171786416	1	0	1	1.9087264450510126
169495.85921075943	2000.0	1942.2043064193585	0.0	0	0.0	2438.0635171786707	1	0	1	2.6018736256109563
171498.05867403705	2000.0	940.0048431417282	0.0	0	0.0	2438.0635171786707	1	0	1	2.601873625610955
172408.66118454144	1000.0	1029.4023326373415	0.0	0	0.0	2438.0635171787	1	0	1	0.8690056742110914
173571.38381190546	1000.0	866.6797052733152	0.0	0	0.0	2438.0635171787	1	0	1	1.5621528547710342
174620.75640722446	1000.0	817.3071099543092	0.0	0	0.0	2438.0635171786707	1	0	1	1.5621528547710366
175270.92518566662	1000.0	1167.1383315121197	0.0	0	0.0	2438.0635171786416	1	0	1	1.56215285477104
176068.01874138796	1000.0	1370.0447757907925	0.0	0	0.0	2438.0635171786125	1	0	1	1.562152854771043
177062.76903479567	1000.0	1375.2944823830708	0.0	0	0.0	2438.0635171786125	1	0	1	1.562152854771043
177868.01565582654	1000.0	1570.047861352156	0.0	0	0.0	2438.0635171786125	1	0	1	1.562152854771043
178670.82662365944	1000.0	1767.236893519262	0.0	0	0.0	2438.0635171786125	1	0	1	1.562152854771043
179561.1555354009	1000.0	1876.907981777793	0.0	0	0.0	2438.0635171786125	1	0	1	1.562152854771043
180803.3123794662	2000.0	1634.7511377125165	0.0	0	0.0	2438.0635171786125	1	0	1	1.9087264450510157
181930.47916530274	2000.0	1507.5843518759652	0.0	0	0.0	2438.0635171786125	1	0	1	2.6018736256109607
182867.34887170442	1000.0	1570.7146454742485	0.0	0	0.0	2438.0635171786125	1	0	1	0.8690056742110979
183956.5422035677	1000.0	1481.5213136109837	0.0	0	0.0	2438.0635171786416	1	0	1	1.56215285477104
185173.54863439687	1000.0	1264.5148827818325	0.0	0	0.0	2438.0635171786416	1	0	1	1.56215285477104
186205.49029948242	1000.0	1232.5732176962845	0.0	0	0.0	2438.0635171786416	1	0	1	1.56215285477104
187053.46554607787	1000.0	1384.5979711008326	0.0	0	0.0	2438.0635171786125	1	0	1	1.562152854771043
187867.5244074887	1000.0	1570.539109690018	0.0	0	0.0	2438.0635171786125	1	0	1	1.562152854771043
188453.5586198302	1000.0	1984.504897348501	0.0	0	0.0	2438.0635171786125	1	0	1	1.5621528547710442
189430.1322596636	2000.0	2007.9312575151057	0.0	0	0.0	2438.0635171786125	1	0	1	1.9087264450510157
190890.9601323156	2000.0	1547.1033848631137	0.0	0	0.0	2438.0635171786125	1	0	1	2.6018736256109607
192180.60408948193	1000.0	1257.4594276968112	0.0	0	0.0	2438.0635171786125	1	0	1	0.8690056742110979
192760.93827885416	1000.0	1677.1252383246053	0.0	0	0.0	2438.0635171786416	1	0	1	1.56215285477104
193908.72531051925	2000.0	1529.3382066595245	0.0	0	0.0	2438.0635171786707	1	0	1	1.90872644505101
194659.48463068082	2000.0	1778.5788864979463	0.0	0	0.0	2438.0635171786707	1	0	1	2.601873625610956
196073.32440866536	2000.0	1364.73910851342	0.0	0	0.0	2438.0635171786707	1	0	1	2.601873625610955
198015.26681002748	2000.0	422.7967071513101	0.0	0	0.0	2438.0635171786707	1	0	1	2.601873625610955
198325.70880775512	300.0	1112.3547094236837	0.0	0	0.0	2438.0635171787	1	0	1	-2.1409263366037514
198778.75091195293	1000.0	1659.3126052258742	0.0	0	0.0	2438.063517178729	1	0	1	0.3581800504450952
199706.72913511816	2000.0	1731.3343820606055	0.0	0	0.0	2438.063517178729	1	0	1	1.9087264450510042
200782.13207745607	1000.0	1655.9314397226951	0.0	0	0.0	2438.063517178729	1	0	1	0.8690056742110863
201674.60726469048	1000.0	1763.4562524882967	0.0	0	0.0	2438.0635171787	1	0	1	1.5621528547710342
202865.77314959417	2000.0	1572.2903675845823	0.0	0	0.0	2438.063517178729	1	0	1	1.9087264450510046
203713.72322064138	1000.0	1724.3402965374032	0.0	0	0.0	2438.063517178729	1	0	1	0.8690056742110863
204367.07867189753	1000.0	2070.984845281233	0.0	0	0.0	2438.063517178729	1	0	1	1.5621528547710315
205390.0214876805	2000.0	2048.042029498253	0.0	0	0.0	2438.063517178729	1	0	1	1.9087264450510042
206595.5853599919	2000.0	1842.4781571868064	0.0	0	0.0	2438.0635171787	1	0	1	2.601873625610951
207686.2697506293	2000.0	1751.793766549444	0.0	0	0.0	2438.0635171787	1	0	1	2.601873625610952
208934.72010999592	2000.0	1503.3434071828249	0.0	0	0.0	2438.063517178729	1	0	1	2.601873625610949
209774.87827689218	1000.0	1663.185240286564	0.0	0	0.0	2438.063517178729	1	0	1	0.8690056742110863
210784.1335094212	1000.0	1653.9300077575715	0.0	0	0.0	2438.063517178758	1	0	1	1.562152854771029
211836.06567775723	1000.0	1601.9978394215207	0.0	0	0.0	2438.063517178758	1	0	1	1.5621528547710284
212440.63762487788	1000.0	1997.4258923008836	0.0	0	0.0	2438.063517178758	1	0	1	1.5621528547710284
214023.4524540521	2000.0	1414.611063126646	0.0	0	0.0	2438.063517178729	1	0	1	1.9087264450510042
214681.2522720094	1000.0	1756.8112451693373	0.0	0	0.0	2438.063517178729	1	0	1	0.8690056742110863
215394.53165575134	2000.0	2043.5318614273947	0.0	0	0.0	2438.063517178758	1	0	1	1.9087264450510013
216302.36338924736	2000.0	2135.700127931388	0.0	0	0.0	2438.063517178729	1	0	1	2.601873625610947
217893.45289074475	2000.0	1544.6106264340199	0.0	0	0.0	2438.063517178758	1	0	1	2.6018736256109465
218608.1728237647	1000.0	1829.890693414073	0.0	0	0.0	2438.063517178758	1	0	1	0.8690056742110832
220264.81112551352	2000.0	1173.2523916652613	0.0	0	0.0	2438.063517178758	1	0	1	1.9087264450510013
220770.94634178517	1000.0	1667.117175393597	0.0	0	0.0	2438.063517178758	1	0	1	0.8690056742110832
222229.70957531576	2000.0	1208.3539418629757	0.0	0	0.0	2438.063517178758	1	0	1	1.9087264450510013
223127.09269488248	1000.0	1310.970822296277	0.0	0	0.0	2438.063517178758	1	0	1	0.8690056742110832
223965.61565098865	1000.0	1472.4478661901023	0.0	0	0.0	2438.063517178758	1	0	1	1.5621528547710284
224879.76825424863	1000.0	1558.2952629301349	0.0	0	0.0	2438.063517178787	1	0	1	1.5621528547710257
225664.30541289525	1000.0	1773.7581042834945	0.0	0	0.0	2438.063517178758	1	0	1	1.5621528547710284
226659.49890791578	2000.0	1778.5646092629538	0.0	0	0.0	2438.063517178758	1	0	1	1.9087264450510013
227537.87676516478	2000.0	1900.1867520139565	0.0	0	0.0	2438.063517178758	1	0	1	2.6018736256109465
228578.33069037573	1000.0	1859.7328268030017	0.0	0	0.0	2438.063517178758	1	0	1	0.8690056742110832
230482.41538645275	2000.0	955.6481307259718	0.0	0	0.0	2438.063517178787	1	0	1	1.908726445051
231151.60228335473	1000.0	1286.461233823976	0.0	0	0.0	2438.063517178787	1	0	1	0.8690056742110804
232055.99364386703	1000.0	1382.0698733116947	0.0	0	0.0	2438.0635171788163	1	0	1	1.5621528547710226
233604.12574296337	1000.0	833.9377742153326	0.0	0	0.0	2438.0635171788163	1	0	1	1.5621528547710226
234498.02934034052	1000.0	940.034176838168	0.0	0	0.0	2438.0635171788163	1	0	1	1.562152854771024
235141.52431670885	1000.0	1296.5392004698172	0.0	0	0.0	2438.0635171788163	1	0	1	1.5621528547710226
235920.67249443164	1000.0	1517.391022747021	0.0	0	0.0	2438.063517178787	1	0	1	1.5621528547710257
236737.74828228232	1000.0	1700.3152348963697	0.0	0	0.0	2438.063517178787	1	0	1	1.5621528547710257
237881.25406561373	1000.0	1556.8094515649477	0.0	0	0.0	2438.063517178758	1	0	1	1.5621528547710284
238721.64286126758	1000.0	1716.4206559111014	0.0	0	0.0	2438.063517178758	1	0	1	1.5621528547710284
239317.59913702065	1000.0	2120.4643801580396	0.0	0	0.0	2438.063517178787	1	0	1	1.562152854771028
240602.8985270888	2000.0	1835.1649900898813	0.0	0	0.0	2438.063517178787	1	0	1	1.908726445050998
241333.41118138612	2000.0	2104.6523357925807	0.0	0	0.0	2438.063517178787	1	0	1	2.601873625610941
243404.75826024672	2000.0	826.1705490459337	0.0	0	0.0	2230.928809292731	1	0	2	2.2177961757578015
244345.28945808136	1000.0	885.6393512112757	0.0	0	0.0	2230.928809292731	1	0	1	0.6897191449996858
245384.2121789533	1000.0	846.7166303393469	0.0	0	0.0	2230.928809292731	1	0	1	1.5828663255596311
246033.04850332695	1000.0	1197.8803059657093	0.0	0	0.0	2230.928809292731	1	0	1	1.5828663255596311
247355.4320172293	1000.0	875.4967920633565	0.0	0	0.0	2230.9288092927018	1	0	1	1.5828663255596342
248536.9733378344	1000.0	693.9554714582671	0.0	0	0.0	2230.928809292731	1	0	1	1.5828663255596311
249220.51732930704	1000.0	1010.4114799856355	0.0	0	0.0	2230.928809292731	1	0	1	1.5828663255596311
249699.62402951342	1000.0	1531.3047797792524	0.0	0	0.0	2230.928809292731	1	0	1	1.5828663255596311
250795.88474145453	2000.0	1435.044067838137	0.0	0	0.0	2230.9288092927018	1	0	1	1.9294399158396058
252407.11208495544	2000.0	823.8167243372409	0.0	0	0.0	2230.9288092927018	1	0	1	2.6225870963995517
253408.00500815397	1000.0	822.9238011387253	0.0	0	0.0	2230.9288092926727	1	0	1	0.8897191449996918
254326.4318491451	1000.0	904.4969601475755	0.0	0	0.0	2230.9288092926727	1	0	1	1.5828663255596371
254799.67348786816	1000.0	1431.2553214245104	0.0	0	0.0	2230.9288092926727	1	0	1	1.5828663255596371
255320.20546370585	1000.0	1910.723345586827	0.0	0	0.0	2230.9288092926727	1	0	1	1.5828663255596371
256234.13290863016	2000.0	1996.795900662527	0.0	0	0.0	2230.9288092927018	1	0	1	1.9294399158396067
257200.0	2000.0	2030.9288092926636	0.0	0	36.81951871118508	2230.9288092927018	1	0	1	2.6225870963995517
258818.67799956023	2000.0	1412.2508097324555	0.0	0	0.0	2230.9288092926727	1	0	1	2.622587096399554
259382.75077236604	1000.0	1848.178036926645	0.0	0	0.0	2230.9288092927018	1	0	1	0.8897191449996891
260570.9940606357	2000.0	1659.9347486569643	0.0	0	0.0	2230.9288092927018	1	0	1	1.9294399158396067
261295.4421032257	2000.0	1935.4867060669771	0.0	0	0.0	2230.928809292731	1	0	1	2.622587096399549
263171.1044585623	2000.0	1059.824350730381	0.0	0	0.0	2230.9288092927018	1	0	1	2.6225870963995495
263772.8595431723	1000.0	1458.069266120371	0.0	0	0.0	2230.9288092927018	1	0	1	0.8897191449996891
265409.63070384535	2000.0	821.2981054473148	0.0	0	0.0	2230.928809292731	1	0	1	1.9294399158396038
266048.4278477499	1000.0	1182.5009615427643	0.0	0	0.0	2230.928809292731	1	0	1	0.889719144999686
266714.6850630813	1000.0	1516.2437462113191	0.0	0	0.0	2230.9288092926727	1	0	1	1.5828663255596371
267842.5988650367	2000.0	1388.32994425595	0.0	0	0.0	2230.9288092926727	1	0	1	1.9294399158396098
269391.7331504656	2000.0	839.1956588270477	0.0	0	0.0	2230.9288092926727	1	0	1	2.6225870963995552
270369.5732349067	1000.0	861.3555743859336	0.0	0	0.0	2230.9288092926727	1	0	1	0.8897191449996918
271239.1119012197	1000.0	991.8169080729233	0.0	0	0.0	2230.9288092926727	1	0	1	1.5828663255596371
272267.68785777414	1000.0	963.2409515184125	0.0	0	0.0	2230.9288092926727	1	0	1	1.5828663255596371
273053.02303687466	1000.0	1177.9057724179102	0.0	0	0.0	2230.9288092926727	1	0	1	1.5828663255596371
273824.15344671655	1000.0	1406.7753625760677	0.0	0	0.0	2230.9288092926727	1	0	1	1.5828663255596371
274903.6044931999	1000.0	1327.324316092712	0.0	0	0.0	2230.9288092926727	1	0	1	1.5828663255596371
275693.4680457053	1000.0	1537.4607635873026	0.0	0	0.0	2230.928809292731	1	0	1	1.5828663255596311
277096.3993699687	2000.0	1134.5294393239224	0.0	0	0.0	2230.928809292731	1	0	1	1.9294399158396038
277630.9779812889	1000.0	1599.9508280036678	0.0	0	0.0	2230.928809292731	1	0	1	0.889719144999686
278837.06164729764	2000.0	1393.8671619949755	0.0	0	0.0	2230.9288092928473	1	0	1	1.9294399158395934
280015.24198498734	2000.0	1215.6868243053032	0.0	0	0.0	2230.9288092928473	1	0	1	2.6225870963995375
281006.4982026295	2000.0	1224.4306066631486	0.0	0	0.0	2230.9288092929055	1	0	1	2.6225870963995317
282231.33699043124	2000.0	999.5918188613996	0.0	0	0.0	2230.9288092929055	1	0	1	2.6225870963995317
283680.54768044583	2000.0	550.3811288468476	0.0	0	0.0	2230.9288092929055	1	0	1	2.6225870963995317
284374.1661259171	1000.0	856.7626833755613	0.0	0	0.0	2230.9288092928473	1	0	1	0.8897191449996744
285016.56488620414	2000.0	1214.3639230886067	0.0	0	0.0	2230.9288092929055	1	0	1	1.9294399158395863
285664.6309684987	2000.0	1566.2978407940911	0.0	0	0.0	2230.9288092929055	1	0	1	2.6225870963995317
286540.9519819841	2000.0	1689.976827308736	0.0	0	0.0	2230.9288092928473	1	0	1	2.6225870963995344
288882.78311677015	2000.0	348.14569252269996	0.0	0	0.0	2230.9288092928473	1	0	1	2.6225870963995352
289533.6432971062	1000.0	703.842970562484	6.557458375865508	0	0.0	2237.486267668719	1	0	1	0.849718648906894
290064.7383897265	1000.0	1172.7478779421565	0.0	0	0.0	2237.486267668719	1	0	1	1.5822105797220323
290900.0805347935	1000.0	1337.4057328751398	0.0	0	0.0	2237.4862676686607	1	0	1	1.5822105797220383
291673.89078767685	1000.0	1563.5954799918848	0.0	0	0.0	2237.4862676686025	1	0	1	1.582210579722044
292576.7581555885	2000.0	1660.728112080205	0.0	0	0.0	2237.4862676686025	1	0	1	1.9287841700020167
293493.7821666668	1000.0	1743.7041010018336	0.0	0	0.0	2237.4862676686607	1	0	1	0.889063399162093
294571.7493508209	2000.0	1665.7369168477426	0.0	0	0.0	2237.4862676686607	1	0	1	1.928784170002011
295428.93955022265	2000.0	1808.5467174459939	0.0	0	0.0	2237.4862676686607	1	0	1	2.6219313505619564
296439.8571795568	2000.0	1797.629088111838	0.0	0	0.0	2237.4862676686607	1	0	1	2.6219313505619564
298191.0828449705	2000.0	1046.4034226981087	0.0	0	0.0	2237.4862676686607	1	0	1	2.6219313505619564
298739.4032285932	1000.0	1498.0830390754768	0.0	0	0.0	2237.4862676686607	1	0	1	0.889063399162093
300115.7428278811	2000.0	1121.7434397875427	0.0	0	0.0	2237.4862676686607	1	0	1	1.928784170002011
301036.8666596355	1000.0	1200.6196080331551	0.0	0	0.0	2237.4862676686607	1	0	1	0.889063399162093
2.14	2.69	1.18	1.62	1.29	1.25	1.31	1.89	2.31	2.09	1.3	1.82	1.09	1.91	1.07	1.89	2.44	1.93	0.91	1.3	0.88	1.11	1.45	1.51	1.32	1.04	1.1	1.74	1.96	1.14	0.82	0.94	0.89	1.3	1.33	1.56	1.6	1.73	0.9	0.87	1.91	2.43	1.68	1.84	1.59	0.74	2.12	1.36	1.15	1.83	1.26	1.23	1.67	1.55	1.46	1.53	1.45	0.92	0.7	1.51	1.49	1.31	2.35	2.02	1.7	1.41	1.9	1.45	1.8	1.71	1.34	1.24	1.27	1.6	2.04	1.15	1.4	1.16	1.45	1.18	0.64	1.22	1.46	1.32	1.0	1.39	1.59	1.76	2.19	0.98	1.02	1.31	0.91	1.48	0.74	1.07	1.22	2.25	2.24	1.05	1.04	1.0	1.66	2.49	2.25	1.26	1.26	1.89	2.4	1.16	1.45	1.77	1.4	1.53	1.89	1.74	1.55	1.27	0.93	1.14	1.6	1.55	0.96	1.54	1.54	1.86	2.03	1.71	1.69	2.03	1.54	1.86	2.58	2.69	1.1	0.92	1.3	1.6	1.26	2.06	1.16	1.63	1.97	2.02	1.41	1.12	2.2	1.66	1.42	2.18	2.14	2.69	1.18	1.62	1.29	1.25	1.31	1.89	2.31	2.09	1.3	1.82	1.09	1.91	1.07	1.89	2.44	1.93	0.91	1.3	0.88	1.11	1.45	1.51	1.32	1.04	1.1	1.74	1.96	1.14	0.82	0.94	0.89	1.3	1.33	1.56	1.6	1.73	0.9	0.87	1.91	2.43	1.68	1.84	1.59	0.74	2.12	1.36	1.15	1.83	1.26	1.23	1.67	1.55	1.46	1.53	1.45	0.92	0.7	1.51	1.49	1.31	2.35	2.02	1.7	1.41	1.9	1.45	1.8	1.71	1.34	1.24	1.27	1.6	2.04	1.15	1.4	1.16	1.45	1.18	0.64	1.22	1.46	1.32	1.0	1.39	1.59	1.76	2.19	0.98	1.02	1.31	0.91	1.48	0.74	1.07	1.22	2.25	2.24	1.05	1.04	1.0	1.66	2.49	2.25	1.26	1.26	1.89	2.4	1.16	1.45	1.77	1.4	1.53	1.89	1.74	1.55	1.27	0.93	1.14	1.6	1.55	0.96	1.54	1.54	1.86	2.03	1.71	1.69	2.03	1.54	1.86	2.58	2.69	1.1	0.92	1.3	1.6	1.26	2.06	1.16	1.63	1.97	2.02	1.41	1.12	2.2	1.66	1.42	2.18	2.14
1.0	2.0	3.0	4.0	5.0	6.0	7.0	8.0	9.0	10.0	11.0	12.0	13.0	14.0	15.0	16.0	17.0	18.0	19.0	20.0	21.0	22.0	23.0	24.0	25.0	26.0	27.0	28.0	29.0	30.0	31.0	32.0	33.0	34.0	35.0	36.0	37.0	38.0	39.0	40.0	41.0	42.0	43.0	44.0	45.0	46.0	47.0	48.0	49.0	50.0	51.0	52.0	53.0	54.0	55.0	56.0	57.0	58.0	59.0	60.0	61.0	62.0	63.0	64.0	65.0	66.0	67.0	68.0	69.0	70.0	71.0	72.0	73.0	74.0	75.0	76.0	77.0	78.0	79.0	80.0	81.0	82.0	83.0	84.0	85.0	86.0	87.0	88.0	89.0	90.0	91.0	92.0	93.0	94.0	95.0	96.0	97.0	98.0	99.0	100.0	101.0	102.0	103.0	104.0	105.0	106.0	107.0	108.0	109.0	110.0	111.0	112.0	113.0	114.0	115.0	116.0	117.0	118.0	119.0	120.0	121.0	122.0	123.0	124.0	125.0	126.0	127.0	128.0	129.0	130.0	131.0	132.0	133.0	134.0	135.0	136.0	137.0	138.0	139.0	140.0	141.0	142.0	143.0	144.0	145.0	146.0	147.0	148.0	149.0	149.0	150.0	151.0	152.0	153.0	154.0	155.0	156.0	157.0	158.0	159.0	160.0	161.0	162.0	163.0	164.0	165.0	166.0	167.0	168.0	169.0	170.0	171.0	172.0	173.0	174.0	175.0	176.0	177.0	178.0	179.0	180.0	181.0	182.0	183.0	184.0	185.0	186.0	187.0	188.0	189.0	190.0	191.0	192.0	193.0	194.0	195.0	196.0	197.0	198.0	199.0	200.0	201.0	202.0	203.0	204.0	205.0	206.0	207.0	208.0	209.0	210.0	211.0	212.0	213.0	214.0	215.0	216.0	217.0	218.0	219.0	220.0	221.0	222.0	223.0	224.0	225.0	226.0	227.0	228.0	229.0	230.0	231.0	232.0	233.0	234.0	235.0	236.0	237.0	238.0	239.0	240.0	241.0	242.0	243.0	244.0	245.0	246.0	247.0	248.0	249.0	250.0	251.0	252.0	253.0	254.0	255.0	256.0	257.0	258.0	259.0	260.0	261.0	262.0	263.0	264.0	265.0	266.0	267.0	268.0	269.0	270.0	271.0	272.0	273.0	274.0	275.0	276.0	277.0	278.0	279.0	280.0	281.0	282.0	283.0	284.0	285.0	286.0	287.0	288.0	289.0	290.0	291.0	292.0	293.0	294.0	295.0	296.0	297.0	298.0	298.0	299.0
3252.377690635416
