4367.945842156241	300.0	2000.0	164.09933050183474	0	0.0	4367.945842156241	1	0	1	-1.4177461640494213
4904.9069190191885	1000.0	2463.0389231370536	0.0	0	0.0	4367.945842156242	1	0	1	0.16519181794734394
5465.122140277538	2000.0	2846.8021797528686	0.0	0	0.0	4311.924320030406	1	0	2	1.320108534717643
6248.512002329143	2000.0	2985.073331496103	0.0	0	0.0	4233.5853338252455	1	0	2	2.2200902033480796
7180.520954476659	2000.0	2959.863484133835	0.0	0	0.0	4140.384438610494	1	0	2	2.2290208913519325
8329.45144572463	2000.0	2696.039943761067	0.0	0	0.0	4025.4913894856963	1	0	2	2.239810975088035
9204.451854062154	2000.0	2733.5394945897874	0.0	0	0.0	3937.991348651941	1	0	2	2.250020018081616
10041.15912697177	2000.0	2813.1614943892073	0.0	0	0.0	3854.3206213609765	1	0	2	2.258193468737315
10821.040600780972	2000.0	2955.2918731990844	0.0	0	0.0	3776.3324739800555	1	0	2	2.266008133997121
11437.24363969775	2000.0	3277.4685303906285	0.0	0	0.0	3714.7121700883763	1	0	2	2.2728360996837487
12200.0	2000.0	3438.436534058153	0.0	0	211.62094524441818	3638.43653405815	1	0	2	2.2790129659111695
13683.089357910174	6000.0	2807.038240356961	0.0	0	0.0	3490.1275982671305	1	0	2	2.8412775135867725
14487.661108296641	2000.0	2922.0093149318463	0.0	0	0.0	3409.6704232284847	1	0	2	1.204087050976983
16407.114758229643	6000.0	1810.6103000055439	0.0	0	0.0	3217.7250582351826	1	0	2	2.867839223617776
16996.427410014752	2000.0	2162.366383041921	0.0	0	0.0	3158.7937930566713	1	0	2	1.2296802835622778
17643.10321720077	2000.0	2451.0229951373044	0.0	0	0.0	3094.126212338073	1	0	2	2.3347015219845364
18200.0	2000.0	2838.4365340581485	0.0	0	16.5324022196437	3038.43653405815	1	0	2	2.340522980782681
19200.0	2000.0	2738.436534058153	0.0	0	527.1552022664473	2938.4365340581535	1	0	2	2.3479075270654612
20200.0	6000.0	2638.436534058155	0.0	0	236.97411752007974	2838.4365340581535	1	0	2	2.907611238500488
21542.45878692245	6000.0	2161.7318684434604	0.0	0	0.0	2704.190655365903	1	0	2	4.018780945572569
23317.914423722497	6000.0	1208.730667963405	0.0	0	0.0	2526.645091685903	1	0	2	4.035922118391915
24235.651463890797	2000.0	1290.9936277951033	0.0	0	0.0	2526.645091685903	1	0	1	1.294403179492122
24957.920139177917	2000.0	1568.7249525079822	0.0	0	0.0	2526.645091685903	1	0	1	2.5930154681602318
25918.558518063786	2000.0	1608.0865736221156	0.0	0	0.0	2526.645091685903	1	0	1	2.5930154681602318
27193.082857828555	2000.0	1333.5622338573478	0.0	0	0.0	2526.6450916859067	1	0	1	2.5930154681602313
27910.90701602559	2000.0	1615.738075660313	0.0	0	0.0	2526.6450916859067	1	0	1	2.5930154681602313
28642.580684830045	2000.0	1884.0644068558588	0.0	0	0.0	2526.6450916859067	1	0	1	2.5930154681602313
29535.465072662137	3000.0	1991.180019023771	0.0	0	0.0	2526.6450916859067	1	0	1	2.7957480222143136
30239.01407426185	3000.0	2287.63101742406	0.0	0	0.0	2526.6450916859067	1	0	1	3.2012131303224782
31200.0	2000.0	2326.645091685909	0.0	0	414.46817951580306	2526.645091685903	1	0	1	2.187550360052067
32933.645696910746	3000.0	1592.999394775165	0.0	0	0.0	2526.645091685903	1	0	1	2.7957480222143145
34109.51900610187	2000.0	1417.126085584038	0.0	0	0.0	2526.6450916859067	1	0	1	2.1875503600520667
35012.5566011063	2000.0	1514.0884905796172	0.0	0	0.0	2526.6450916859103	1	0	1	2.5930154681602313
35545.71927954431	2000.0	1980.9258121416046	0.0	0	0.0	2526.6450916859103	1	0	1	2.5930154681602313
36373.171270680155	2000.0	2153.4738210057494	0.0	0	0.0	2526.6450916859103	1	0	1	2.5930154681602313
37223.03111152677	2000.0	2303.6139801591353	0.0	0	0.0	2526.6450916859103	1	0	1	2.5930154681602313
38232.19957528728	3000.0	2294.445516398628	0.0	0	0.0	2526.6450916859176	1	0	1	2.7957480222143127
39200.0	2000.0	2229.865049214646	0.0	0	279.1799062033897	2429.8650492146553	1	0	2	1.7936166487804948
40200.0	2000.0	2229.8650492146458	0.0	0	515.1624015887064	2429.865049214648	1	0	1	2.4026934724073574
41675.10797788126	3000.0	1754.7570713333948	0.0	0	0.0	2429.865049214648	1	0	1	2.80542602646144
42547.10600917183	2000.0	1882.7590400428212	0.0	0	0.0	2429.865049214648	1	0	1	2.197228364299193
43877.26537712419	2000.0	1552.5996720904677	0.0	0	0.0	2429.865049214648	1	0	1	2.6026934724073576
44482.93827356732	2000.0	1946.9267756473332	0.0	0	0.0	2429.8650492146407	1	0	1	2.602693472407358
45200.0	2000.0	2229.865049214651	0.0	0	49.415635876051965	2429.8650492146407	1	0	1	2.602693472407358
46200.0	2000.0	2229.8650492146458	0.0	0	525.5233365502645	2429.8650492146407	1	0	1	2.602693472407358
47200.0	3000.0	2229.865049214643	0.0	0	264.900541271978	2429.8650492146407	1	0	1	2.8054260264614403
48200.0	6000.0	2129.8650492146476	0.0	0	154.90638246908202	2329.8650492146553	1	0	2	3.1639171380824216
50757.68078568704	6000.0	316.41618495889867	0.0	0	0.0	2074.0969706459364	1	0	2	4.078635193070398
51467.1565776595	2000.0	606.9403929864347	0.0	0	0.0	2074.0969706459364	1	0	1	1.3396579915961184
53171.562277351375	2000.0	287.76158199116685	385.2268886966059	0	0.0	2459.3238593425413	1	0	1	0.2980071411030653
53684.5561519916	1000.0	774.7677073509373	0.0	0	0.0	2459.3238593425413	1	0	1	0.8668796399947051
54333.64347161857	2000.0	1125.6803877239677	0.0	0	0.0	2459.323859342534	1	0	1	1.9066004108346237
55049.198468831004	2000.0	1410.1253905115348	0.0	0	0.0	2459.323859342534	1	0	1	2.5997475913945687
55793.32047355353	2000.0	1666.0033857890007	0.0	0	0.0	2459.323859342534	1	0	1	2.5997475913945687
56777.223775276674	2000.0	1682.1000840658685	0.0	0	0.0	2459.323859342534	1	0	1	2.5997475913945687
57445.252733483976	2000.0	2014.071125858568	0.0	0	0.0	2459.323859342534	1	0	1	2.5997475913945687
58306.974742187485	2000.0	2152.349117155067	0.0	0	0.0	2459.323859342534	1	0	1	2.5997475913945687
59200.0	3000.0	2259.323859342554	0.0	0	46.8519569947166	2459.323859342534	1	0	1	2.8024801454486514
60200.0	2000.0	2159.323859342547	0.0	0	386.10501558760734	2359.323859342534	1	0	2	1.8005091000755262
61273.93632066457	3000.0	2085.387538677971	0.0	0	0.0	2359.323859342534	1	0	1	2.612480145448651
62422.306207165086	3000.0	1937.0176521774588	0.0	0	0.0	2359.323859342534	1	0	1	3.217945253556816
63537.20917123255	2000.0	1822.1146881099935	0.0	0	0.0	2359.323859342534	1	0	1	2.2042824832864043
64686.72157470085	2000.0	1672.6022846416913	0.0	0	0.0	2359.323859342534	1	0	1	2.609747591394569
65794.20748243973	2000.0	1565.11637690281	0.0	0	0.0	2359.3238593425267	1	0	1	2.609747591394569
66428.42995547564	2000.0	1930.8939038668927	0.0	0	0.0	2359.3238593425267	1	0	1	2.6097475913945694
67248.40733482435	2000.0	2110.9165245181907	0.0	0	0.0	2359.3238593425413	1	0	1	2.6097475913945685
68200.0	3000.0	2159.3238593425367	0.0	0	78.60185910275322	2359.3238593425194	1	0	1	2.812480145448652
69200.0	3000.0	2159.323859342546	0.0	0	356.94980091984326	2359.3238593425194	1	0	1	3.217945253556817
71176.5798283282	6000.0	985.0860481815117	0.0	0	0.0	2161.6658765096945	1	0	2	3.1768090508958777
72007.66015001698	2000.0	1154.0057264927486	0.0	0	0.0	2161.665876509709	1	0	1	1.3309011010097413
72779.03716501799	3000.0	1382.6287114917313	0.0	0	0.0	2161.6658765096945	1	0	1	2.832245943731935
73756.03548150233	3000.0	1405.630395007386	0.0	0	0.0	2161.66587650968	1	0	1	3.237711051840101
74860.58669572615	3000.0	1301.0791807835585	0.0	0	0.0	2161.66587650968	1	0	1	3.237711051840101
76102.54139866678	3000.0	1059.1244778429154	0.0	0	0.0	2161.6658765096945	1	0	1	3.2377110518400998
76702.45574846979	2000.0	1459.210128039914	0.0	0	0.0	2161.6658765096945	1	0	1	2.2240482815696883
77413.65520506297	2000.0	1748.0106714467502	0.0	0	0.0	2161.6658765096945	1	0	1	2.629513389677853
78237.86546728414	3000.0	1923.800409225576	0.0	0	0.0	2161.6658765096945	1	0	1	2.832245943731935
79200.0	3000.0	1961.665876509692	0.0	0	116.93551124191436	2161.66587650968	1	0	1	3.237711051840101
80200.0	3000.0	1961.6658765096847	0.0	0	150.5971583823266	2161.66587650968	1	0	1	3.237711051840101
81200.0	3000.0	1961.6658765096981	0.0	0	227.09032693514018	2161.66587650968	1	0	1	3.237711051840101
82379.10252034987	6000.0	1664.6531041248231	0.0	0	0.0	2043.7556244746665	1	0	2	3.1930317861723396
83653.38969432098	6000.0	1262.937212756609	0.0	0	0.0	1916.3269070775714	1	0	2	4.098756217807287
84526.90194199825	3000.0	1389.4249650793408	0.0	0	0.0	1916.3269070775714	1	0	1	2.369097768223367
85200.0	3000.0	1716.3269070775932	0.0	0	34.45277670472569	1916.3269070775714	1	0	1	3.2622449487833123
86391.47843691442	3000.0	1524.8484701631896	0.0	0	0.0	1916.3269070775714	1	0	1	3.2622449487833123
87200.0	3000.0	1716.326907077611	0.0	0	107.4617377063114	1916.3269070775714	1	0	1	3.2622449487833123
88200.0	3000.0	1716.3269070776182	0.0	0	95.53721205206239	1916.3269070775714	1	0	1	3.2622449487833123
89346.0844922616	3000.0	1570.2424148160126	0.0	0	0.0	1916.3269070775714	1	0	1	3.2622449487833123
90200.0	2000.0	1716.3269070776091	0.0	0	87.75858328897448	1916.3269070775714	1	0	1	2.2485821785129003
91519.71909761017	2000.0	1396.6078094674554	0.0	0	0.0	1916.3269070775714	1	0	1	2.654047286621065
92422.43953943216	2000.0	1493.8873676454648	0.0	0	0.0	1916.3269070775714	1	0	1	2.654047286621065
93200.0	2000.0	1716.3269070776385	0.0	0	141.74180945151602	1916.3269070775714	1	0	1	2.654047286621065
94200.0	2000.0	1716.3269070776446	0.0	0	90.43234976475651	1916.3269070775714	1	0	1	2.654047286621065
95454.40793567032	3000.0	1461.9189714073252	0.0	0	0.0	1916.3269070775714	1	0	1	2.8567798406751477
96444.32171882766	3000.0	1472.0051882499683	0.0	0	0.0	1916.3269070775568	1	0	1	3.262244948783313
97355.7689724945	3000.0	1560.5579345831525	0.0	0	0.0	1916.3269070775423	1	0	1	3.262244948783315
98200.0	3000.0	1716.3269070776214	0.0	0	133.400635871978	1916.3269070775423	1	0	1	3.262244948783315
99200.0	3000.0	1716.3269070776068	0.0	0	344.1642884220055	1916.3269070775277	1	0	1	3.2622449487833167
100869.54355021102	6000.0	879.8290018454824	0.0	0	0.0	1749.372552056404	1	0	2	3.221063575318479
101810.57350486233	3000.0	938.7990471941625	0.0	0	0.0	1749.3725520563894	1	0	1	2.385793203725485
102436.24566581071	3000.0	1313.1268862457723	0.0	0	0.0	1749.3725520563894	1	0	1	3.2789403842854306
103336.25549962284	3000.0	1413.1170524336371	0.0	0	0.0	1749.3725520563894	1	0	1	3.2789403842854306
104200.0	2000.0	1549.3725520564856	0.0	0	122.15331721493567	1749.3725520563748	1	0	1	2.26527761401502
105200.0	2000.0	1549.3725520564817	0.0	0	59.4365695703018	1749.3725520563748	1	0	1	2.6707427221231845
106200.0	2000.0	1549.3725520564722	0.0	0	198.1292076756945	1749.3725520563603	1	0	1	2.670742722123186
107200.0	2000.0	1549.3725520564853	0.0	0	302.73338826991676	1749.3725520563603	1	0	1	2.670742722123186
108221.83492575248	3000.0	1527.5376263040025	0.0	0	0.0	1749.3725520563603	1	0	1	2.8734752761772686
109200.0	3000.0	1549.3725520564826	0.0	0	319.8040933482698	1749.3725520563603	1	0	1	3.278940384285433
110200.0	3000.0	1549.372552056466	0.0	0	102.58300733634678	1749.3725520563748	1	0	1	3.2789403842854314
111200.0	3000.0	1549.3725520564662	0.0	0	258.0343690633017	1749.3725520563748	1	0	1	3.2789403842854314
112473.31630444768	3000.0	1276.0562476087882	0.0	0	0.0	1749.3725520563748	1	0	1	3.2789403842854314
113214.75707965238	3000.0	1534.6154724040962	0.0	0	0.0	1749.3725520563748	1	0	1	3.2789403842854314
114200.0	3000.0	1549.3725520564776	0.0	0	15.859722011591657	1749.3725520563748	1	0	1	3.2789403842854314
115200.0	3000.0	1549.372552056486	0.0	0	480.3485934959317	1749.3725520563748	1	0	1	3.2789403842854314
116200.0	3000.0	1549.3725520564988	0.0	0	223.6267278627638	1749.3725520563603	1	0	1	3.278940384285433
117200.0	3000.0	1549.3725520565008	0.0	0	93.06087410078908	1749.3725520563603	1	0	1	3.278940384285433
118468.42006546787	3000.0	1280.9524865886426	0.0	0	0.0	1749.3725520563603	1	0	1	3.278940384285433
119244.21392217714	2000.0	1505.1586298793832	0.0	0	0.0	1749.3725520563748	1	0	1	2.26527761401502
120200.0	2000.0	1549.3725520565179	0.0	0	218.55746570853807	1749.3725520563748	1	0	1	2.6707427221231845
121334.92836601136	2000.0	1414.4441860451761	0.0	0	0.0	1749.3725520563894	1	0	1	2.670742722123183
122200.0	2000.0	1549.3725520565383	0.0	0	132.41267037860234	1749.3725520563894	1	0	1	2.670742722123183
123200.0	2000.0	1549.372552056522	0.0	0	239.73930191018735	1749.3725520563894	1	0	1	2.670742722123183
124200.0	3000.0	1549.3725520565276	0.0	0	342.5885842615826	1749.3725520563894	1	0	1	2.873475276177266
125200.0	3000.0	1549.3725520565417	0.0	0	51.26475648015912	1749.372552056404	1	0	1	3.2789403842854288
126200.0	3000.0	1549.372552056539	0.0	0	28.088901788229123	1749.3725520563894	1	0	1	3.2789403842854306
127200.0	3000.0	1549.3725520565483	0.0	0	190.68956715900276	1749.3725520563894	1	0	1	3.2789403842854306
128200.0	3000.0	1549.3725520565363	0.0	0	389.62010423777974	1749.3725520563894	1	0	1	3.2789403842854306
129200.0	3000.0	1549.3725520565315	0.0	0	234.87263975558744	1749.3725520563748	1	0	1	3.2789403842854314
130200.0	3000.0	1549.3725520565313	0.0	0	428.15180841037363	1749.3725520563748	1	0	1	3.2789403842854314
131201.03512671572	3000.0	1548.3374253407892	0.0	0	0.0	1749.3725520563603	1	0	1	3.278940384285432
132311.30167423817	3000.0	1438.0708778183277	0.0	0	0.0	1749.3725520563457	1	0	1	3.278940384285436
133228.75003837195	3000.0	1520.6225136845621	0.0	0	0.0	1749.3725520563312	1	0	1	3.278940384285436
134200.0	3000.0	1549.372552056493	0.0	0	358.3101713891374	1749.372552056273	1	0	1	3.27894038428544
135200.0	3000.0	1549.3725520564858	0.0	0	85.77818663677317	1749.372552056273	1	0	1	3.278940384285442
136546.7151378763	3000.0	1202.6574141801648	0.0	0	0.0	1749.372552056273	1	0	1	3.278940384285442
137580.0631661357	3000.0	1169.3093859207881	0.0	0	0.0	1749.372552056273	1	0	1	3.278940384285442
138673.76205794202	3000.0	1075.6104941144572	0.0	0	0.0	1749.372552056273	1	0	1	3.278940384285442
139353.01411435212	2000.0	1396.358437704371	0.0	0	0.0	1749.372552056302	1	0	1	2.265277614015027
140566.8871487281	3000.0	1182.4854033284028	0.0	0	0.0	1749.372552056302	1	0	1	2.873475276177275
141368.2506418984	2000.0	1381.121910158089	0.0	0	0.0	1749.372552056273	1	0	1	2.26527761401503
142200.0	2000.0	1549.3725520564622	0.0	0	218.28539036316215	1749.372552056273	1	0	1	2.6707427221231947
143200.0	3000.0	1549.3725520564612	0.0	0	221.90787985234056	1749.372552056273	1	0	1	2.8734752761772775
144200.0	3000.0	1549.3725520564515	0.0	0	517.0466316102829	1749.372552056273	1	0	1	3.278940384285442
145200.0	3000.0	1549.3725520564667	0.0	0	551.216286123672	1749.372552056273	1	0	1	3.278940384285442
146480.15458201195	6000.0	1141.2025118432791	0.0	0	0.0	1621.3570938550693	1	0	2	3.234963399832714
147551.08464456804	6000.0	963.1794430315455	0.0	0	0.0	1514.2640875994111	1	0	2	4.13888183756453
148252.79198498162	3000.0	1261.4721026179448	0.0	0	0.0	1514.2640875994111	1	0	1	2.4093040501711833
149200.0	3000.0	1314.2640875995912	0.0	0	188.95416449930053	1514.2640875994111	1	0	1	3.302451230731128
150200.0	3000.0	1314.2640875995933	0.0	0	111.41116145209526	1514.2640875994111	1	0	1	3.302451230731128
151578.05157980975	3000.0	936.2125077898746	0.0	0	0.0	1514.2640875994111	1	0	1	3.302451230731128
152200.0	2000.0	1314.2640875996049	0.0	0	5.127940160338767	1514.2640875994111	1	0	1	2.2887884604607165
153247.67835729284	3000.0	1266.585730306768	0.0	0	0.0	1514.2640875994111	1	0	1	2.8969861226229634
154200.0	2000.0	1314.2640875995883	0.0	0	4.645036822766997	1514.264087599382	1	0	1	2.288788460460718
155200.0	3000.0	1314.2640875996055	0.0	0	34.48676247734693	1514.2640875994111	1	0	1	2.896986122622966
156200.0	2000.0	1314.2640875996037	0.0	0	422.1804260692152	1514.2640875994111	1	0	1	2.2887884604607165
157544.08965024832	2000.0	970.1744373512531	0.0	0	0.0	1514.2640875994111	1	0	1	2.694253568568881
158422.0733253386	2000.0	1092.1907622609647	0.0	0	0.0	1514.264087599382	1	0	1	2.694253568568884
159200.0	2000.0	1314.2640875995644	0.0	0	37.26211935401079	1514.2640875994111	1	0	1	2.694253568568883
160200.0	2000.0	1314.2640875995437	0.0	0	512.395991081692	1514.2640875994402	1	0	1	2.694253568568878
161200.0	3000.0	1314.2640875995035	0.0	0	46.833508107985836	1514.264087599382	1	0	1	2.8969861226229643
162200.0	3000.0	1314.2640875995403	0.0	0	276.77196371389437	1514.2640875994111	1	0	1	3.3024512307311307
163269.8080311083	3000.0	1244.4560564912283	0.0	0	0.0	1514.2640875994111	1	0	1	3.302451230731128
164200.0	3000.0	1314.264087599505	0.0	0	16.00782789918594	1514.2640875994111	1	0	1	3.302451230731128
165200.0	3000.0	1314.2640875995396	0.0	0	270.9064864079701	1514.2640875994111	1	0	1	3.302451230731128
166218.24545093687	3000.0	1296.0186366626535	0.0	0	0.0	1514.2640875994111	1	0	1	3.302451230731128
167200.0	3000.0	1314.26408759952	0.0	0	295.05998062712024	1514.2640875994111	1	0	1	3.302451230731128
168200.0	3000.0	1314.2640875995326	0.0	0	386.99453482500394	1514.2640875994111	1	0	1	3.302451230731128
169200.0	3000.0	1314.2640875995087	0.0	0	374.36492081411416	1514.264087599382	1	0	1	3.302451230731129
170200.0	6000.0	1414.2640875995048	0.0	0	178.90387165165157	1614.264087599353	1	0	0	3.242486383501591
171876.04967189202	6000.0	905.8193828967125	0.0	0	0.0	1781.869054788549	1	0	0	4.119917391675832
173404.29814038935	3000.0	377.57091439936494	0.0	0	0.0	1781.869054788549	1	0	1	2.3825435534522676
174132.37406546157	2000.0	649.4949893271585	0.0	0	0.0	1781.869054788549	1	0	1	2.2620279637418026
174944.2242835123	2000.0	837.6447712764065	0.0	0	0.0	1781.869054788549	1	0	1	2.667493071849967
176172.1975011128	2000.0	609.6715536758904	0.0	0	0.0	1781.869054788549	1	0	1	2.667493071849967
177030.65810590802	2000.0	751.2109488806993	0.0	0	0.0	1781.869054788549	1	0	1	2.667493071849967
177698.29064184078	2000.0	1083.578412947914	0.0	0	0.0	1781.869054788549	1	0	1	2.667493071849967
178200.0	2000.0	1581.869054788693	0.0	0	66.51935287748347	1781.869054788549	1	0	1	2.667493071849967
179200.0	3000.0	1581.8690547887168	0.0	0	85.74438885936979	1781.869054788578	1	0	1	2.870225625904047
180608.0324297005	3000.0	1173.8366250881904	0.0	0	0.0	1781.869054788578	1	0	1	3.2756907340122114
181623.01081858907	2000.0	1158.858236199631	0.0	0	0.0	1781.869054788578	1	0	1	2.2620279637418
182977.86328956464	2000.0	804.0057652240699	0.0	0	0.0	1781.869054788578	1	0	1	2.6674930718499645
183946.85583010243	2000.0	835.0132246862747	0.0	0	0.0	1781.869054788578	1	0	1	2.6674930718499645
184495.59080900473	2000.0	1286.2782457839662	0.0	0	0.0	1781.869054788578	1	0	1	2.6674930718499645
185200.0	2000.0	1581.8690547887165	0.0	0	149.51346431969432	1781.869054788578	1	0	1	2.6674930718499645
186235.48701134895	2000.0	1546.3820434397621	0.0	0	0.0	1781.869054788578	1	0	1	2.6674930718499645
187200.0	2000.0	1581.8690547887009	0.0	0	357.33215275604744	1781.869054788578	1	0	1	2.6674930718499645
188200.0	2000.0	1581.8690547886856	0.0	0	495.6979837943509	1781.869054788549	1	0	1	2.667493071849965
189200.0	3000.0	1581.8690547886956	0.0	0	119.76323812743067	1781.869054788549	1	0	1	2.87022562590405
190200.0	2000.0	1581.8690547887195	0.0	0	143.03559569231584	1781.869054788578	1	0	1	2.2620279637418
191557.55555712827	2000.0	1224.3134976604322	0.0	0	0.0	1781.869054788578	1	0	1	2.6674930718499645
192392.61506720562	2000.0	1389.253987583069	0.0	0	0.0	1781.869054788578	1	0	1	2.6674930718499645
193272.29032278425	2000.0	1509.578732004475	0.0	0	0.0	1781.8690547886072	1	0	1	2.667493071849961
194200.0	2000.0	1581.869054788697	0.0	0	281.49574465319165	1781.8690547886072	1	0	1	2.667493071849961
195200.0	2000.0	1581.869054788695	0.0	0	309.5716490118648	1781.8690547886072	1	0	1	2.667493071849961
196200.0	3000.0	1581.8690547887084	0.0	0	454.4225184082461	1781.8690547886363	1	0	1	2.870225625904041
197200.0	3000.0	1581.8690547887181	0.0	0	512.6745989633782	1781.8690547886363	1	0	1	3.2756907340122057
200013.84045688095	6000.0	200.0	648.504952527592	0	0.0	2213.840456880949	1	0	2	-0.678832722321865
200993.68552282118	2000.0	480.9989569157298	260.844022855976	0	0.0	2474.6844797369267	1	0	1	-0.265464896448836
201919.27477825418	1000.0	555.4097014827298	0.0	0	0.0	2474.6844797369267	1	0	1	0.8653435779552665
202282.36851453906	1000.0	1192.3159651978385	0.0	0	0.0	2474.6844797368976	1	0	1	1.5584907585152146
202875.21893731452	2000.0	1599.4655424223586	0.0	0	0.0	2474.6844797368976	1	0	1	1.905064348795187
203654.4360996361	2000.0	1820.248380100727	0.0	0	0.0	2474.6844797368685	1	0	1	2.5982115293551358
204383.3608909498	2000.0	2091.3235887870405	0.0	0	0.0	2474.6844797368685	1	0	1	2.5982115293551358
205200.0	2000.0	2274.6844797368653	0.0	0	163.50582863765885	2474.6844797368685	1	0	1	2.5982115293551358
206200.0	2000.0	2274.684479736884	0.0	0	1.3814070435182657	2474.6844797368976	1	0	1	2.598211529355134
207200.0	2000.0	2274.684479736861	0.0	0	23.921558386296965	2474.6844797368685	1	0	1	2.598211529355134
208200.0	2000.0	2174.6844797368667	0.0	0	509.3679853385838	2374.6844797368976	1	0	2	2.204340219006866
209200.0	2000.0	2174.684479736882	0.0	0	440.7308659875998	2374.6844797369267	1	0	1	2.408211529355129
210200.0	3000.0	2174.6844797368676	0.0	0	12.038260805449681	2374.6844797368976	1	0	1	2.8109440834092148
211200.0	3000.0	2174.6844797368926	0.0	0	161.82938717817888	2374.6844797369267	1	0	1	3.2164091915173785
212297.85877368573	3000.0	2076.825706051138	0.0	0	0.0	2374.6844797369267	1	0	1	3.2164091915173767
213412.02184236798	3000.0	1962.6626373688678	0.0	0	0.0	2374.6844797369267	1	0	1	3.2164091915173767
214516.06502879618	2000.0	1858.6194509406246	0.0	0	0.0	2374.6844797368976	1	0	1	2.202746421246967
215200.0	2000.0	2174.6844797367926	0.0	0	33.139056453394005	2374.6844797368976	1	0	1	2.608211529355132
216200.0	2000.0	2174.684479736815	0.0	0	148.53764415628393	2374.6844797368976	1	0	1	2.608211529355132
217200.0	2000.0	2174.684479736831	0.0	0	386.12237941505737	2374.6844797368976	1	0	1	2.608211529355132
218200.0	3000.0	2174.6844797368412	0.0	0	518.9547504350776	2374.6844797368976	1	0	1	2.8109440834092148
219629.76948332877	6000.0	1601.938048075234	0.0	0	0.0	2231.707531404041	1	0	2	3.172302934504509
220431.91269503397	2000.0	1799.7948363700382	0.0	0	0.0	2231.707531404041	1	0	1	1.3238969355203083
221606.1990074791	3000.0	1625.5085239249288	0.0	0	0.0	2231.707531404041	1	0	1	2.8252417782425003
222371.05213119974	3000.0	1860.655400204278	0.0	0	0.0	2231.707531404041	1	0	1	3.230706886350665
223200.0	3000.0	2031.7075314040094	0.0	0	49.08197699606535	2231.707531403983	1	0	1	3.2307068863506694
224200.0	3000.0	2031.7075314040094	0.0	0	298.04232462859363	2231.707531403983	1	0	1	3.230706886350671
225296.83159608245	3000.0	1934.8759353215805	0.0	0	0.0	2231.707531404012	1	0	1	3.230706886350669
226200.0	3000.0	2031.7075314040335	0.0	0	212.54019627306843	2231.707531403983	1	0	1	3.230706886350671
227200.0	3000.0	2031.7075314040285	0.0	0	410.6169099804247	2231.707531403983	1	0	1	3.230706886350671
228200.0	3000.0	2031.7075314040276	0.0	0	234.1877443442936	2231.707531403954	1	0	1	3.2307068863506716
229234.79261797355	6000.0	1893.4356516330977	0.0	0	0.0	2128.228269606596	1	0	2	3.1847759213593205
230959.16109648262	6000.0	996.6303252731191	0.0	0	0.0	1955.7914217557118	1	0	2	4.093650888935882
231475.38412299738	3000.0	1480.4072987583706	0.0	0	0.0	1955.7914217557118	1	0	1	2.3651513167555533
232200.0	3000.0	1755.7914217557307	0.0	0	210.63176368060522	1955.7914217557409	1	0	1	3.258298497315495
233576.77320780524	6000.0	1241.3408931699703	0.0	0	0.0	1818.1141009751882	1	0	2	3.214597279785507
234277.0640524952	3000.0	1541.050048480001	0.0	0	0.0	1818.1141009752173	1	0	1	2.3789190488336027
235609.37328362715	3000.0	1208.740817348017	0.0	0	0.0	1818.1141009752173	1	0	1	3.2720662293935474
236631.3884118469	3000.0	1186.7256891282523	0.0	0	0.0	1818.1141009752173	1	0	1	3.2720662293935474
237239.1619578158	2000.0	1578.9521431593403	0.0	0	0.0	1818.1141009752173	1	0	1	2.258403459123136
238222.49370798812	3000.0	1595.6203929870487	0.0	0	0.0	1818.1141009752173	1	0	1	2.866601121285383
239897.62048245556	3000.0	920.4936185196193	0.0	0	0.0	1818.1141009752173	1	0	1	3.2720662293935474
240948.25866139072	2000.0	869.8554395844699	0.0	0	0.0	1818.1141009752173	1	0	1	2.258403459123136
241562.04704518564	2000.0	1256.067055789529	0.0	0	0.0	1818.1141009752173	1	0	1	2.6638685672313005
242200.0	2000.0	1618.1141009751923	0.0	0	30.213990400661714	1818.1141009752464	1	0	1	2.6638685672312974
243200.0	2000.0	1618.1141009751498	0.0	0	68.94314713604399	1818.1141009752173	1	0	1	2.663868567231298
244200.0	2000.0	1618.114100975156	0.0	0	73.35908694888349	1818.1141009752173	1	0	1	2.6638685672313005
245200.0	3000.0	1618.1141009751218	0.0	0	286.3925448516093	1818.1141009751882	1	0	1	2.866601121285386
246200.0	3000.0	1618.114100975104	0.0	0	300.1661918309401	1818.114100975159	1	0	1	3.272066229393553
247200.0	3000.0	1618.1141009751086	0.0	0	460.4747651346552	1818.11410097513	1	0	1	3.2720662293935536
248914.528917293	6000.0	1075.0380754114208	0.0	0	0.0	1989.5669927044364	1	0	0	3.2072029238945747
249772.5555019188	3000.0	1217.011490785632	0.0	0	0.0	1989.5669927044073	1	0	1	2.3617737596606836
250754.27901348248	3000.0	1235.2879792219715	0.0	0	0.0	1989.5669927043782	1	0	1	3.2549209402206314
251716.28540197897	3000.0	1273.2815907254858	0.0	0	0.0	1989.5669927044073	1	0	1	3.2549209402206287
252714.29919433757	3000.0	1275.2677983668755	0.0	0	0.0	1989.5669927044073	1	0	1	3.2549209402206287
253735.59082192415	2000.0	1253.9761707802736	0.0	0	0.0	1989.5669927043782	1	0	1	2.24125816995022
254559.0300164081	2000.0	1430.5369762963085	0.0	0	0.0	1989.5669927043782	1	0	1	2.6467232780583845
255334.73827634146	2000.0	1654.8287163629477	0.0	0	0.0	1989.5669927043782	1	0	1	2.6467232780583845
256200.0	3000.0	1789.5669927044203	0.0	0	90.32378446252551	1989.5669927043782	1	0	1	2.849455832112467
257200.0	3000.0	1789.5669927044105	0.0	0	273.2509929527878	1989.5669927043782	1	0	1	3.2549209402206314
258200.0	3000.0	1789.5669927043862	0.0	0	82.68310425593518	1989.566992704349	1	0	1	3.254920940220634
259200.0	3000.0	1789.5669927043953	0.0	0	201.6737044028705	1989.566992704349	1	0	1	3.254920940220634
260200.0	3000.0	1789.5669927044114	0.0	0	141.00956601134385	1989.566992704349	1	0	1	3.254920940220634
261399.59520977407	3000.0	1589.971782930347	0.0	0	0.0	1989.566992704349	1	0	1	3.254920940220634
262354.57774632715	3000.0	1634.989246377263	0.0	0	0.0	1989.566992704349	1	0	1	3.2549209402206345
263200.0	3000.0	1789.5669927043803	0.0	0	64.47597841295647	1989.56699270432	1	0	1	3.254920940220634
264200.0	3000.0	1789.5669927044014	0.0	0	498.0797393838293	1989.566992704291	1	0	1	3.2549209402206385
265818.3012705363	6000.0	1009.4355951143602	0.0	0	0.0	1827.7368656505714	1	0	2	3.212584877301062
266992.2673089445	3000.0	835.4695567062586	0.0	0	0.0	1827.7368656505714	1	0	1	2.3779567723660673
268323.99729862344	3000.0	503.739567027313	0.0	0	0.0	1827.736865650455	1	0	1	3.2711039529260204
269126.3241405683	2000.0	701.4127250824727	0.0	0	0.0	1827.7368656505132	1	0	1	2.2574411826556062
270061.21559172304	2000.0	766.5212739277107	0.0	0	0.0	1827.7368656505132	1	0	1	2.662906290763771
270857.89213269175	2000.0	969.8447329589965	0.0	0	0.0	1827.7368656505132	1	0	1	2.662906290763771
271556.8327247547	2000.0	1270.9041408960277	0.0	0	0.0	1827.7368656505132	1	0	1	2.662906290763771
272262.8805724384	2000.0	1564.8562932123132	0.0	0	0.0	1827.7368656505132	1	0	1	2.662906290763771
273200.0	3000.0	1627.7368656506617	0.0	0	307.82181255106116	1827.736865650455	1	0	1	2.8656388448178594
274290.17299813125	3000.0	1537.563867519405	0.0	0	0.0	1827.736865650455	1	0	1	3.271103952926024
275376.42455457035	3000.0	1451.3123110803604	0.0	0	0.0	1827.7368656505132	1	0	1	3.2711039529260204
276309.62596530997	3000.0	1518.1109003407482	0.0	0	0.0	1827.7368656505132	1	0	1	3.2711039529260177
277200.0	3000.0	1627.7368656507354	0.0	0	130.16902601229958	1827.7368656505714	1	0	1	3.2711039529260164
278200.0	3000.0	1627.73686565073	0.0	0	184.34949200652773	1827.7368656505714	1	0	1	3.271103952926012
279200.0	3000.0	1627.7368656507442	0.0	0	86.36317483731546	1827.7368656505714	1	0	1	3.271103952926012
280200.0	3000.0	1627.7368656507526	0.0	0	323.2631664487999	1827.7368656505714	1	0	1	3.271103952926012
281288.4294965987	3000.0	1539.3073690520018	0.0	0	0.0	1827.7368656505714	1	0	1	3.271103952926012
282200.0	3000.0	1627.7368656507342	0.0	0	168.7781987057533	1827.7368656505714	1	0	1	3.271103952926012
283200.0	3000.0	1627.7368656508038	0.0	0	455.30031919531757	1827.7368656505714	1	0	1	3.271103952926012
284200.0	3000.0	1627.7368656507956	0.0	0	258.54515344207175	1827.7368656505714	1	0	1	3.271103952926012
285336.5614857289	3000.0	1491.1753799218022	0.0	0	0.0	1827.7368656505132	1	0	1	3.2711039529260177
286494.5323861181	3000.0	1333.2044795326335	0.0	0	0.0	1827.7368656505132	1	0	1	3.2711039529260177
287942.4278836515	3000.0	885.3089819992372	0.0	0	0.0	1827.736865650455	1	0	1	3.271103952926024
288764.29454353714	2000.0	1063.4423221136276	0.0	0	0.0	1827.736865650455	1	0	1	2.2574411826556124
289282.87813732843	2000.0	1544.8587283222857	0.0	0	0.0	1827.736865650455	1	0	1	2.662906290763777
290300.3436587457	2000.0	1527.393206905028	0.0	0	0.0	1827.736865650455	1	0	1	2.662906290763777
291200.0	2000.0	1627.7368656506837	0.0	0	223.8990898600896	1827.736865650455	1	0	1	2.662906290763777
292200.0	2000.0	1627.73686565067	0.0	0	472.1893535296549	1827.736865650455	1	0	1	2.662906290763777
293200.0	3000.0	1627.7368656507329	0.0	0	474.73652795067756	1827.736865650455	1	0	1	2.8656388448178594
294200.0	3000.0	1627.7368656507185	0.0	0	415.428212096449	1827.7368656503968	1	0	1	3.2711039529260293
295200.0	6000.0	1527.7368656507242	0.0	0	13.64296999189537	1727.7368656503968	1	0	2	3.2248730647623933
296386.51026703627	6000.0	1222.5755719108292	0.0	0	0.0	1609.0858389468049	1	0	2	4.12925982514094
297264.2206487309	3000.0	1344.8651902162128	0.0	0	0.0	1609.085838946863	1	0	1	2.399821875036438
298200.0	3000.0	1409.0858389470834	0.0	0	111.14597653300734	1609.085838946863	1	0	1	3.292969055596383
299200.0	3000.0	1409.0858389470977	0.0	0	346.0651392127038	1609.085838946863	1	0	1	3.292969055596383
300200.0	3000.0	1409.0858389470352	0.0	0	55.46658384316834	1609.0858389467467	1	0	1	3.29296905559639
2.48	3.15	2.65	2.19	1.63	2.56	3.34	4.01	4.7	3.07	3.38	3.74	3.23	3.76	4.81	6.14	7.24	3.64	3.31	2.64	2.24	1.95	1.85	2.62	3.75	4.53	3.28	2.03	2.02	2.02	2.62	3.53	1.88	2.77	3.3	3.52	1.99	2.2	1.54	2.24	3.36	3.42	4.4	5.57	3.35	2.2	2.86	1.88	1.14	2.79	3.75	2.65	2.34	2.43	3.44	3.01	3.08	2.98	2.26	2.65	1.49	2.22	2.85	4.11	5.32	5.8	2.61	3.04	3.7	3.7	3.8	2.03	3.17	4.36	4.44	4.55	3.88	4.39	5.15	5.0	4.08	2.79	3.56	3.32	3.27	2.86	1.82	2.42	3.16	2.57	2.77	3.53	3.82	5.19	5.17	3.38	2.91	3.08	3.94	2.49	1.97	2.75	3.83	3.65	4.46	3.28	3.57	2.78	2.93	3.94	5.17	5.28	3.61	3.12	2.42	2.46	1.84	3.13	3.58	4.31	3.48	3.6	3.09	4.26	3.92	4.4	3.51	2.58	3.78	5.06	4.61	2.62	3.01	3.07	2.75	3.38	2.43	2.79	3.38	4.71	5.93	6.64	6.26	4.17	4.17	3.97	2.94	2.75	3.81	2.17	2.48	3.15	2.65	2.19	1.63	2.56	3.34	4.01	4.7	3.07	3.38	3.74	3.23	3.76	4.81	6.14	7.24	3.64	3.31	2.64	2.24	1.95	1.85	2.62	3.75	4.53	3.28	2.03	2.02	2.02	2.62	3.53	1.88	2.77	3.3	3.52	1.99	2.2	1.54	2.24	3.36	3.42	4.4	5.57	3.35	2.2	2.86	1.88	1.14	2.79	3.75	2.65	2.34	2.43	3.44	3.01	3.08	2.98	2.26	2.65	1.49	2.22	2.85	4.11	5.32	5.8	2.61	3.04	3.7	3.7	3.8	2.03	3.17	4.36	4.44	4.55	3.88	4.39	5.15	5.0	4.08	2.79	3.56	3.32	3.27	2.86	1.82	2.42	3.16	2.57	2.77	3.53	3.82	5.19	5.17	3.38	2.91	3.08	3.94	2.49	1.97	2.75	3.83	3.65	4.46	3.28	3.57	2.78	2.93	3.94	5.17	5.28	3.61	3.12	2.42	2.46	1.84	3.13	3.58	4.31	3.48	3.6	3.09	4.26	3.92	4.4	3.51	2.58	3.78	5.06	4.61	2.62	3.01	3.07	2.75	3.38	2.43	2.79	3.38	4.71	5.93	6.64	6.26	4.17	4.17	3.97	2.94	2.75	3.81	2.17
1.0	2.0	3.0	4.0	5.0	6.0	7.0	8.0	9.0	10.0	11.0	12.0	13.0	14.0	15.0	16.0	17.0	18.0	19.0	20.0	21.0	22.0	23.0	24.0	25.0	26.0	27.0	28.0	29.0	30.0	31.0	32.0	33.0	34.0	35.0	36.0	37.0	38.0	39.0	40.0	41.0	42.0	43.0	44.0	45.0	46.0	47.0	48.0	49.0	50.0	51.0	52.0	53.0	54.0	55.0	56.0	57.0	58.0	59.0	60.0	61.0	62.0	63.0	64.0	65.0	66.0	67.0	68.0	69.0	70.0	71.0	72.0	73.0	74.0	75.0	76.0	77.0	78.0	79.0	80.0	81.0	82.0	83.0	84.0	85.0	86.0	87.0	88.0	89.0	90.0	91.0	92.0	93.0	94.0	95.0	96.0	97.0	98.0	99.0	100.0	101.0	102.0	103.0	104.0	105.0	106.0	107.0	108.0	109.0	110.0	111.0	112.0	113.0	114.0	115.0	116.0	117.0	118.0	119.0	120.0	121.0	122.0	123.0	124.0	125.0	126.0	127.0	128.0	129.0	130.0	131.0	132.0	133.0	134.0	135.0	136.0	137.0	138.0	139.0	140.0	141.0	142.0	143.0	144.0	145.0	146.0	147.0	148.0	149.0	149.0	150.0	151.0	152.0	153.0	154.0	155.0	156.0	157.0	158.0	159.0	160.0	161.0	162.0	163.0	164.0	165.0	166.0	167.0	168.0	169.0	170.0	171.0	172.0	173.0	174.0	175.0	176.0	177.0	178.0	179.0	180.0	181.0	182.0	183.0	184.0	185.0	186.0	187.0	188.0	189.0	190.0	191.0	192.0	193.0	194.0	195.0	196.0	197.0	198.0	199.0	200.0	201.0	202.0	203.0	204.0	205.0	206.0	207.0	208.0	209.0	210.0	211.0	212.0	213.0	214.0	215.0	216.0	217.0	218.0	219.0	220.0	221.0	222.0	223.0	224.0	225.0	226.0	227.0	228.0	229.0	230.0	231.0	232.0	233.0	234.0	235.0	236.0	237.0	238.0	239.0	240.0	241.0	242.0	243.0	244.0	245.0	246.0	247.0	248.0	249.0	250.0	251.0	252.0	253.0	254.0	255.0	256.0	257.0	258.0	259.0	260.0	261.0	262.0	263.0	264.0	265.0	266.0	267.0	268.0	269.0	270.0	271.0	272.0	273.0	274.0	275.0	276.0	277.0	278.0	279.0	280.0	281.0	282.0	283.0	284.0	285.0	286.0	287.0	288.0	289.0	290.0	291.0	292.0	293.0	294.0	295.0	296.0	297.0	298.0	298.0
4043.483476253197
