3974.9811768175077	300.0	2000.0	233.96093631976493	0	0.0	3974.9811768175077	1	0	1	-1.7964022589544804
4491.561584250786	1000.0	2431.7615518233933	0.0	0	0.0	3923.3231360741793	1	0	2	-0.1915895838480307
5121.031584557821	1000.0	2739.3445514856558	0.0	0	0.0	3860.3761360434764	1	0	2	1.2181743088264014
5541.150977233635	1000.0	3277.2132195422596	0.0	0	0.0	3818.364196775894	1	0	2	1.2231065795084515
7536.954986135164	3000.0	2081.828809750577	0.0	0	0.0	3618.7837958857413	1	0	2	1.7884105558005106
10458.035962395204	3000.0	200.0	301.2366037595157	0	0.0	3658.0359623952045	1	0	2	1.09661149620524
10688.111606411285	300.0	946.9167915823098	0.0	0	0.0	3635.028397993594	1	0	2	-2.8666481603638925
11332.885317008564	1000.0	1302.1430809850326	0.0	0	0.0	3635.0283979935957	1	0	1	0.03848356236360839
11757.614333145166	1000.0	1834.9411632347683	0.0	0	0.0	3592.555496379934	1	0	2	1.0456630332364014
12134.622939279481	1000.0	2420.2316964870224	0.0	0	0.0	3554.8546357665036	1	0	2	1.2495161437945965
13507.128506052313	3000.0	1910.4755730369097	0.0	0	0.0	3417.6040790892202	1	0	2	1.8097266457053567
14384.16519541239	2000.0	1945.7352147408244	0.0	0	0.0	3329.90041015321	1	0	2	1.905004584607634
15385.92503641991	2000.0	1843.799389632551	0.0	0	0.0	3229.7244260524585	1	0	2	2.3200836084842402
15935.260431602526	1000.0	2239.5304549316725	0.0	0	0.0	3174.790886534194	1	0	2	0.5939824103250164
16705.189621036006	1000.0	2392.6083465548504	0.0	0	0.0	3097.79796759085	1	0	2	1.2944708618797125
18300.53636281486	3000.0	1637.7269305981117	0.0	0	0.0	2938.263293412965	1	0	2	1.8570497797385181
18954.494879475562	1000.0	1918.372562271338	0.0	0	0.0	2872.8674417468937	1	0	2	0.21815495624187603
19657.824494536148	1000.0	2144.709985704695	0.0	0	0.0	2802.5344802408363	1	0	2	1.3235801507423244
20504.280869160153	1000.0	2213.6079736182883	0.0	0	0.0	2717.888842778433	1	0	2	1.3320578167522465
21370.969498628656	1000.0	2260.2504812029356	0.0	0	0.0	2631.219979831585	1	0	2	1.3403821464834786
22200.0	1000.0	2348.31692969445	0.0	0	239.66905013666474	2548.3169296944434	1	0	2	1.347957872274043
23499.087772825762	3000.0	1919.320379586111	0.0	0	0.0	2418.4081524118665	1	0	2	1.9103090562523808
24657.221172385543	3000.0	1645.3736400703485	0.0	0	0.0	2302.594812455878	1	0	2	3.020333826184765
26699.40672827836	3000.0	603.1880841775285	0.0	0	0.0	2302.594812455878	1	0	1	3.0236181582454815
27704.83308133384	1000.0	597.7617311220527	0.0	0	0.0	2302.594812455878	1	0	1	0.4770874365752066
28333.76516094137	1000.0	968.8296515145202	0.0	0	0.0	2302.5948124558818	1	0	1	1.575699725243316
29089.627900631014	1000.0	1212.966911824873	0.0	0	0.0	2302.594812455878	1	0	1	1.5756997252433163
30337.461501719597	2000.0	965.1333107362886	0.0	0	0.0	2302.594812455878	1	0	1	1.9222733155232894
30986.379087085515	2000.0	1316.2157253703658	0.0	0	0.0	2302.5948124558745	1	0	1	2.6154204960832343
32396.209545989754	3000.0	906.3852664661292	0.0	0	0.0	2302.5948124558745	1	0	1	2.818153050137317
33819.64287029775	2000.0	482.9519421581398	0.0	0	0.0	2302.594812455878	1	0	1	2.2099553879750697
35675.164025038604	2000.0	200.0	572.5692125827064	0	0.0	2875.16402503859	1	0	1	-0.8509580656886776
36442.227649238586	1000.0	587.4789813442719	154.54260554424965	0	0.0	3029.706630582841	1	0	1	-0.11741427039482288
37276.06030622953	1000.0	753.6463243533321	0.0	0	0.0	3029.706630582841	1	0	1	1.50298854343062
37873.64044873555	1000.0	1156.0661818473122	0.0	0	0.0	3029.7066305828484	1	0	1	1.5029885434306194
38553.69643289717	1000.0	1408.00459926952	0.0	0	0.0	2961.701032166675	1	0	2	1.1081794004618397
39314.52627911651	1000.0	1571.0917684282535	0.0	0	0.0	2885.6180475447472	1	0	2	1.315395933697159
40288.29546541577	2000.0	1597.3225821289807	0.0	0	0.0	2885.6180475447472	1	0	1	1.6639709920144021
41926.63266152288	3000.0	958.9853860218665	0.0	0	0.0	2885.6180475447472	1	0	1	2.75985072662843
42477.32342347427	1000.0	1353.2255478753477	0.0	0	0.0	2830.5489713496136	1	0	2	0.022905110655464134
43330.230751712596	1000.0	1500.3182196370262	0.0	0	0.0	2830.548971349621	1	0	1	1.3229043093539419
44007.0299448741	1000.0	1755.839107159374	0.0	0	0.0	2762.869052033464	1	0	2	1.1280349103132141
44569.542718286226	1000.0	2137.075056406031	0.0	0	0.0	2706.617774692255	1	0	2	1.3341764351824057
45200.0	1000.0	2443.57204652088	0.0	0	230.7928597929058	2643.572046520887	1	0	2	1.3388940145252668
46696.882206878516	3000.0	1797.0016189545004	0.0	0	0.0	2493.8838258330215	1	0	2	1.9022230838406293
48206.35466317803	3000.0	1136.5819170250466	0.0	0	0.0	2342.9365802030734	1	0	2	3.0149785034247873
49911.683340338044	2000.0	431.25323986503383	0.0	0	0.0	2342.9365802030807	1	0	1	2.0059212112003495
50685.880624014695	1000.0	657.0559561883814	0.0	0	0.0	2342.9365802030807	1	0	1	0.878518367908651
51412.55880046414	1000.0	930.3777797389318	0.0	0	0.0	2342.9365802030734	1	0	1	1.571665548468597
52044.6782272903	1000.0	1298.2583529127726	0.0	0	0.0	2342.936580203066	1	0	1	1.5716655484685975
52981.54768509128	2000.0	1361.388895111795	0.0	0	0.0	2342.936580203066	1	0	1	1.9182391387485702
54084.8724158946	2000.0	1258.064164308478	0.0	0	0.0	2342.936580203066	1	0	1	2.6113863193085156
55062.33556545765	3000.0	1280.6010147454185	0.0	0	0.0	2342.936580203066	1	0	1	2.814118873362598
56578.49523881407	3000.0	764.4413413890061	0.0	0	0.0	2342.936580203066	1	0	1	3.2195839814707625
57375.75017290008	2000.0	967.1864073029966	0.0	0	0.0	2342.936580203066	1	0	1	2.205921211200351
58464.31435758063	2000.0	878.6222226224527	0.0	0	0.0	2342.936580203066	1	0	1	2.6113863193085156
59470.84234543479	2000.0	872.0942347682955	0.0	0	0.0	2342.936580203066	1	0	1	2.6113863193085156
60387.14065022931	2000.0	955.795929973764	0.0	0	0.0	2342.936580203066	1	0	1	2.6113863193085156
61460.68692005356	3000.0	882.2496601495252	0.0	0	0.0	2342.936580203066	1	0	1	2.814118873362598
62381.69354318088	3000.0	961.2430370221998	0.0	0	0.0	2342.9365802030734	1	0	1	3.2195839814707616
64430.53295101834	3000.0	200.0	287.59637081525943	0	0.0	2630.532951018329	1	0	1	1.4882538291628997
65709.57811501456	1000.0	418.2329788988511	497.2781428950841	0	0.0	3127.811093913413	1	0	1	-2.5888714814542957
66323.34650770875	1000.0	804.4645862046616	0.0	0	0.0	3127.811093913406	1	0	1	1.4931780970975637
66881.49021325042	1000.0	1246.3208806629755	0.0	0	0.0	3127.8110939133912	1	0	1	1.493178097097565
67293.16076955943	1000.0	1834.6503243539676	0.0	0	0.0	3127.8110939133912	1	0	1	1.4931780970975657
67998.17069892008	1000.0	2059.1394020572566	0.0	0	0.0	3057.3101009773236	1	0	2	1.0983756543716758
69341.58898880989	2000.0	1581.3792831784751	0.0	0	0.0	2922.9682719883713	1	0	2	1.6567324540402697
70471.0154953176	2000.0	1339.0101260200017	0.0	0	0.0	2810.025621337598	1	0	2	2.361604715384256
71817.27019120054	2000.0	992.7554301370523	0.0	0	0.0	2810.025621337598	1	0	1	2.3646774151950622
72403.86664995222	1000.0	1347.4993255102195	0.0	0	0.0	2751.365975462453	1	0	2	0.43618259082945604
72923.80778756665	1000.0	1775.564074134349	0.0	0	0.0	2699.3718617010018	1	0	2	1.3347243057832787
73687.574069003	1000.0	1935.421164554362	0.0	0	0.0	2622.9952335573907	1	0	2	1.3416721611703266
75438.95449457793	2000.0	1184.0407389794373	0.0	0	0.0	2622.995233557376	1	0	1	1.690233273413139
76092.30578213393	1000.0	1465.3543226678305	0.0	0	0.0	2557.6601048017765	1	0	2	0.4554594007110886
76753.71959635042	1000.0	1803.9405084513448	0.0	0	0.0	2557.6601048017765	1	0	1	1.3501931960087266
78229.04920811727	3000.0	1328.6108966845097	0.0	0	0.0	2557.6601048017765	1	0	1	2.0994993403427813
79756.5340525265	2000.0	801.126052275271	0.0	0	0.0	2557.6601048017765	1	0	1	2.18444885874048
80411.7455809739	1000.0	1145.9145238278797	0.0	0	0.0	2557.660104801791	1	0	1	0.8570460154487799
80936.20203855245	1000.0	1621.4580662493445	0.0	0	0.0	2557.6601048018056	1	0	1	1.5501931960087236
81847.23435883533	2000.0	1710.4257459664743	0.0	0	0.0	2557.660104801791	1	0	1	1.896766786288698
82742.74369529299	2000.0	1814.9164095088145	0.0	0	0.0	2557.660104801791	1	0	1	2.589913966848643
85032.74435979725	3000.0	524.9157450045557	0.0	0	0.0	2557.660104801791	1	0	1	2.792646520902726
85762.04475600962	1000.0	795.6153487921814	0.0	0	0.0	2557.660104801791	1	0	1	0.4515809073406153
86383.30462237791	1000.0	1174.3554824238888	0.0	0	0.0	2557.660104801791	1	0	1	1.550193196008725
86832.7607399788	1000.0	1724.8993648230003	0.0	0	0.0	2557.6601048017765	1	0	1	1.5501931960087267
87674.03431858779	2000.0	1883.6257862140185	0.0	0	0.0	2557.6601048017765	1	0	1	1.8967667862886994
88616.02703715928	3000.0	1941.633067642542	0.0	0	0.0	2557.660104801762	1	0	1	2.7926465209027285
89802.40375521893	3000.0	1636.6186777769365	0.0	0	0.0	2439.0224329958	1	0	2	2.8064803397180493
91923.09849437034	3000.0	515.9239386255244	0.0	0	0.0	2439.0224329958	1	0	1	3.009975396191489
92882.08086544041	1000.0	556.9415675554451	0.0	0	0.0	2439.0224329958	1	0	1	0.4634446745212145
93806.97705723578	1000.0	699.5392644885808	67.49388872850855	0	0.0	2506.516321724368	1	0	1	1.1503442419454162
94493.48964930761	1000.0	1013.0266724167622	0.0	0	0.0	2506.516321724368	1	0	1	1.5553075743164673
95130.77912470317	1000.0	1375.7371970211918	0.0	0	0.0	2506.516321724368	1	0	1	1.5553075743164673
95949.70897421977	2000.0	1556.8073475045815	0.0	0	0.0	2506.516321724368	1	0	1	1.9018811645964404
97250.84309328036	3000.0	1255.673228443989	0.0	0	0.0	2506.516321724368	1	0	1	2.797760899210468
99259.09958641675	3000.0	247.41673530761094	0.0	0	0.0	2506.5163217243826	1	0	1	3.203226007318631
99777.79066153364	1000.0	760.4017656339862	31.676105443278004	0	0.0	2538.192427167669	1	0	1	0.26347104244435965
101043.799008683	2000.0	494.3934184846098	0.0	0	0.0	2538.192427167669	1	0	1	1.8987135540521103
101686.78026877205	1000.0	851.4121583955501	0.0	0	0.0	2538.1924271676544	1	0	1	0.8589927832121937
102356.28208190204	1000.0	1181.9103452655572	0.0	0	0.0	2538.1924271676544	1	0	1	1.552139963772139
103110.64693846255	1000.0	1427.5454887050716	0.0	0	0.0	2538.192427167669	1	0	1	1.5521399637721376
103960.18835447973	2000.0	1578.004072687888	0.0	0	0.0	2538.192427167669	1	0	1	1.8987135540521103
106695.87972311812	3000.0	200.0	357.68729595050286	0	0.0	2895.879723118167	1	0	1	0.6366026904955826
107163.58710120578	1000.0	756.1736225815575	23.881000669214018	0	0.0	2919.7607237873744	1	0	1	0.2720848414267729
107954.83265037303	1000.0	964.9280734143086	0.0	0	0.0	2919.7607237873744	1	0	1	1.5139831341101666
108671.24762660661	1000.0	1248.513097180739	0.0	0	0.0	2919.7607237873744	1	0	1	1.5139831341101666
109946.50259213525	1000.0	845.7326350992445	0.0	0	0.0	2792.235227234516	1	0	2	1.1225671403535205
110956.66763709081	1000.0	835.5675901436664	0.0	0	0.0	2792.235227234516	1	0	1	1.3267356837654525
111994.33310829262	1000.0	797.9021189418613	0.0	0	0.0	2792.2352272345015	1	0	1	1.5267356837654542
112807.02343188904	1000.0	985.211795345426	0.0	0	0.0	2792.2352272345015	1	0	1	1.5267356837654542
113497.14616146036	1000.0	1295.0890657741018	0.0	0	0.0	2792.2352272345015	1	0	1	1.5267356837654542
114295.69173540435	1000.0	1416.688934435716	0.0	0	0.0	2712.380669840102	1	0	2	1.1326601902527884
114948.25036046328	1000.0	1698.874446870888	0.0	0	0.0	2647.124807334214	1	0	2	1.3395527168130512
115441.1502937171	1000.0	2156.684520291681	0.0	0	0.0	2597.8348140088347	1	0	2	1.3449290030786702
117654.40332319489	3000.0	943.4314908139041	0.0	0	0.0	2597.8348140088347	1	0	1	1.8954818694220759
118778.02688670016	1000.0	707.4455709581136	0.0	0	0.0	2485.4724576583103	1	0	2	0.05602870854161329
119697.30937593816	1000.0	788.163081720125	0.0	0	0.0	2485.4724576583103	1	0	1	1.357411960723073
120454.41871654447	1000.0	1031.053741113804	0.0	0	0.0	2485.4724576583103	1	0	1	1.5574119607230732
121131.77114456889	1000.0	1353.7013130893863	0.0	0	0.0	2485.4724576582958	1	0	1	1.5574119607230745
121767.95600294002	1000.0	1717.5164547182778	0.0	0	0.0	2485.4724576582958	1	0	1	1.5574119607230745
123228.4242428381	3000.0	1257.0482148201997	0.0	0	0.0	2485.472457658281	1	0	1	2.106718105057131
124086.43185023536	3000.0	1399.0406074229218	0.0	0	0.0	2485.472457658281	1	0	1	3.205330393725241
125547.8761200508	3000.0	937.5963376074826	0.0	0	0.0	2485.472457658281	1	0	1	3.205330393725241
126504.30544727892	2000.0	981.1670103793672	0.0	0	0.0	2485.472457658281	1	0	1	2.1916676234548294
127332.31667669932	2000.0	1153.1557809589435	0.0	0	0.0	2485.472457658281	1	0	1	2.597132731562994
129580.93027824312	3000.0	200.0	295.4578205848452	0	0.0	2780.9302782431478	1	0	1	1.0152523490961098
130241.26837850994	1000.0	676.9960766100655	137.3341768768867	0	0.0	2918.2644551200356	1	0	1	-0.40848458895252926
131045.87724541199	1000.0	872.3872097080277	0.0	0	0.0	2918.2644551200356	1	0	1	1.5141327609769006
131808.8412100793	1000.0	1109.4232450407262	0.0	0	0.0	2918.2644551200356	1	0	1	1.5141327609768995
132299.9783459613	1000.0	1618.286109158706	0.0	0	0.0	2918.2644551200356	1	0	1	1.5141327609769006
133092.41205751794	1000.0	1825.852397602069	0.0	0	0.0	2918.264455120021	1	0	1	1.5141327609769024
133795.12305320834	1000.0	2052.8703023426424	0.0	0	0.0	2847.993355551007	1	0	2	1.119506393408677
135297.92817162274	2000.0	1399.7846720868156	0.0	0	0.0	2697.712843709596	1	0	2	1.6790569363355683
135851.44707731283	1000.0	1790.913875827746	0.0	0	0.0	2642.3609531406255	1	0	2	0.6472311889750679
136452.9000046835	1000.0	2129.3156557200273	0.0	0	0.0	2582.21566040357	1	0	2	1.346110427505467
139169.8869504285	3000.0	412.3287099750159	0.0	0	0.0	2582.21566040357	1	0	1	1.8970437847826023
139874.8986087496	1000.0	707.3170516538869	0.0	0	0.0	2582.215660403541	1	0	1	0.44912535178044033
140823.90770083497	1000.0	758.3079595684958	0.0	0	0.0	2582.2156604035117	1	0	1	1.5477376404485532
141548.44816945342	1000.0	1033.7674909500588	0.0	0	0.0	2582.2156604035117	1	0	1	1.5477376404485532
142320.28862820202	1000.0	1261.9270322014438	0.0	0	0.0	2582.2156604035117	1	0	1	1.5477376404485532
143246.80780028316	1000.0	1242.755942912186	0.0	0	0.0	2489.5637431954383	1	0	2	1.1546512291426911
143945.34265444172	1000.0	1474.3676033377608	0.0	0	0.0	2419.710257779574	1	0	2	1.3623216357156103
144860.4434464653	1000.0	1467.7567321118072	0.0	0	0.0	2328.2001785771863	1	0	2	1.3708815217954973
145654.26033991767	1000.0	1594.5581493141924	0.0	0	0.0	2248.818489231926	1	0	2	1.3792709157872016
146773.95132010107	2000.0	1474.867169130793	0.0	0	0.0	2248.818489231926	1	0	1	1.7276509478456843
147638.17205423614	1000.0	1610.646434995703	0.0	0	0.0	2248.818489231897	1	0	1	0.8879301770057695
149336.5302335548	3000.0	912.2882556770074	0.0	0	0.0	2248.818489231926	1	0	1	2.130383501899767
150186.49438457395	1000.0	977.3276895559331	0.0	0	0.0	2163.822074130003	1	0	2	0.08871321039143021
151250.27773822926	1000.0	913.5443359006279	0.0	0	0.0	2163.822074130003	1	0	1	1.3895769990759037
151812.8043997341	1000.0	1351.0176743957727	0.0	0	0.0	2163.8220741299738	1	0	1	1.5895769990759068
152494.96339446976	1000.0	1668.8586796601435	0.0	0	0.0	2163.8220741299738	1	0	1	1.5895769990759068
153988.70556795847	2000.0	1175.1165061714178	0.0	0	0.0	2163.8220741299738	1	0	1	1.9361505893558804
155161.9454384335	2000.0	1001.8766356963783	0.0	0	0.0	2163.8220741299738	1	0	1	2.6292977699158246
156533.00914428267	2000.0	630.8129298471961	0.0	0	0.0	2163.8220741299738	1	0	1	2.6292977699158246
156933.8111288331	1000.0	1230.0109452967695	0.0	0	0.0	2163.8220741299447	1	0	1	0.8964298185159647
159582.81017546752	3000.0	200.0	618.9881013376429	0	0.0	2782.8101754675154	1	0	1	-1.607737478325443
160195.88199522978	1000.0	708.1424431182054	121.21426288047772	0	0.0	2904.0244383479876	1	0	1	-0.3103411032968706
160701.80343980997	1000.0	1202.2209985379861	0.0	0	0.0	2904.0244383479876	1	0	1	1.5155567626541055
161700.091732173	2000.0	1203.9327061749416	0.0	0	0.0	2904.0244383479876	1	0	1	1.8621303529340785
162694.7403658296	2000.0	1209.2840725183255	0.0	0	0.0	2904.0244383479876	1	0	1	2.5552775334940234
163584.52874950637	2000.0	1319.4956888415763	0.0	0	0.0	2904.0244383479876	1	0	1	2.5552775334940234
164372.15263275988	1000.0	1453.1094172627236	0.0	0	0.0	2825.262050022633	1	0	2	0.4281404189225187
164960.63305460275	1000.0	1805.7809532355632	0.0	0	0.0	2766.4140078383207	1	0	2	1.3279588822113708
166302.5089774874	2000.0	1463.9050303509266	0.0	0	0.0	2766.4140078383207	1	0	1	1.6758913959850448
167065.58395234286	2000.0	1700.8300554954308	0.0	0	0.0	2766.4140078383207	1	0	1	2.5690385765449903
168633.58096512491	3000.0	1132.833042713334	0.0	0	0.0	2766.4140078382625	1	0	1	2.7717711305990758
169479.2532664185	1000.0	1202.5935112904117	0.0	0	0.0	2681.846777708939	1	0	2	0.03709212244826898
170367.4271789677	1000.0	1314.419598741243	0.0	0	0.0	2681.846777708939	1	0	1	1.33777452871801
170747.72254892756	1000.0	1934.1242287813695	0.0	0	0.0	2681.84677770891	1	0	1	1.5377745287180133
171208.4589052515	1000.0	2473.387872457436	0.0	0	0.0	2681.84677770891	1	0	1	1.5377745287180133
172533.53744411387	3000.0	2015.8014797088078	0.0	0	0.0	2549.338923822652	1	0	2	1.697185502405381
173369.8231826447	3000.0	2095.8871673248814	0.0	0	0.0	2465.710349969566	1	0	2	3.0052111381714806
174906.30599796108	3000.0	1405.7560704768819	0.0	0	0.0	2312.062068437983	1	0	2	3.0177924144260877
176123.57523174133	1000.0	1188.4868366966125	0.0	0	0.0	2312.062068437983	1	0	1	0.276140710976996
176760.4474800857	1000.0	1551.6145883522104	0.0	0	0.0	2312.062068437983	1	0	1	1.574752999645106
177388.94517643278	1000.0	1923.116892005175	0.0	0	0.0	2312.062068437983	1	0	1	1.574752999645106
178200.0	1000.0	2030.9565860812795	0.0	0	204.4314030749374	2230.956586081302	1	0	2	1.179854077343012
179888.08959238956	3000.0	1342.8669936917158	0.0	0	0.0	2230.9565860812727	1	0	1	1.932169692214832
180806.35066954853	3000.0	1424.6059165327824	0.0	0	0.0	2230.956586081302	1	0	1	3.2307819808829406
182542.3478718792	3000.0	688.6087142020749	0.0	0	0.0	2230.956586081302	1	0	1	3.230781980882939
182983.25269441027	1000.0	1247.7038916710148	0.0	0	0.0	2230.956586081302	1	0	1	0.4842512592126642
185218.518455073	3000.0	200.0	187.5618689917085	0	0.0	2418.5184550730046	1	0	1	1.0008217458697646
185958.83511144618	1000.0	628.8446352001076	169.16129157329073	0	0.0	2587.6797466462885	1	0	1	-0.5663888062835787
186621.72074886004	1000.0	965.9589977862369	0.0	0	0.0	2587.6797466462885	1	0	1	1.5471912318242753
187127.2405654079	1000.0	1460.439181238362	0.0	0	0.0	2587.6797466462594	1	0	1	1.5471912318242784
187635.17794172873	1000.0	1901.708067285457	0.0	0	0.0	2536.8860090142116	1	0	2	1.1510773950362576
189362.8777551294	3000.0	1174.0082538848173	0.0	0	0.0	2536.8860090142407	1	0	1	1.9015767499215348
190542.1713392775	2000.0	994.7146697367259	0.0	0	0.0	2536.88600901427	1	0	1	2.1865262683192332
192118.3591680231	2000.0	418.52684099111997	0.0	0	0.0	2536.886009014299	1	0	1	2.591991376427392
192947.17191087778	1000.0	590.7252561470318	1.0111580105602656	0	0.0	2537.897167024872	1	0	1	0.8529553611631104
193793.4452688906	1000.0	744.4518981342285	0.0	0	0.0	2537.897167024872	1	0	1	1.5521694897864171
194415.25463509327	1000.0	1122.6425319315686	0.0	0	0.0	2537.897167024872	1	0	1	1.5521694897864171
195183.51357724547	2000.0	1354.3835897793533	0.0	0	0.0	2537.897167024872	1	0	1	1.8987430800663898
196533.9545925566	3000.0	1003.9425744681754	0.0	0	0.0	2537.897167024843	1	0	1	2.7946228146804204
198765.8723020839	3000.0	200.0	427.9751350591286	0	0.0	2965.8723020839097	1	0	1	0.6106241279200878
199489.83255243872	1000.0	626.8271582156085	150.7874085704217	0	0.0	3116.6597106543195	1	0	1	-0.509043504667168
200091.68649540225	1000.0	1024.97321525208	0.0	0	0.0	3116.6597106543195	1	0	1	1.4942932354234721
200786.165550726	1000.0	1330.494159928343	0.0	0	0.0	3116.6597106543195	1	0	1	1.4942932354234721
201265.95395604748	1000.0	1802.7269140747221	0.0	0	0.0	3068.68087012216	1	0	2	1.0978559281770346
201828.11943499735	1000.0	2184.344887229864	0.0	0	0.0	3012.464322227199	1	0	2	1.3033570145375817
202940.96545116403	3000.0	1960.2142694464976	0.0	0	0.0	2901.1797206104675	1	0	2	1.8624365336032396
204208.0996496655	3000.0	1566.3666510949004	0.0	0	0.0	2774.4663007603667	1	0	2	2.9734835057903095
205939.26030036228	3000.0	662.089935328444	0.0	0	0.0	2601.350235690683	1	0	2	2.989744398067592
206857.58684348097	2000.0	743.763392209724	0.0	0	0.0	2601.350235690683	1	0	1	1.9800798456515887
207880.5312597793	2000.0	720.8189759114263	0.0	0	0.0	2601.350235690712	1	0	1	2.585544953759751
208728.3352887941	2000.0	873.014946896639	0.0	0	0.0	2601.350235690741	1	0	1	2.585544953759748
210089.83089321983	3000.0	511.5193424709032	0.0	0	0.0	2601.350235690712	1	0	1	2.788277507813833
210909.25166309928	2000.0	692.0985725914719	0.0	0	0.0	2601.350235690712	1	0	1	2.180079845651586
211912.64998682827	3000.0	688.7002488624606	0.0	0	0.0	2601.350235690712	1	0	1	2.788277507813833
213043.91837776877	2000.0	557.4318579219963	0.0	0	0.0	2601.350235690712	1	0	1	2.180079845651586
214450.05879842417	1000.0	216.85491129647718	65.56347402987075	0	0.0	2666.9137097205967	1	0	1	0.45288137187689653
214695.38288288188	300.0	971.5308268388005	0.0	0	0.0	2666.9137097205967	1	0	1	-1.4706641752979959
215455.0400918293	1000.0	1211.8736178913914	0.0	0	0.0	2666.9137097205967	1	0	1	0.33529503119090837
216031.6831108093	1000.0	1635.2305989113797	0.0	0	0.0	2666.9137097205967	1	0	1	1.5392678355168445
217010.073368862	2000.0	1656.84034085867	0.0	0	0.0	2666.9137097205967	1	0	1	1.8858414257968172
218298.33764674424	2000.0	1368.576062976416	0.0	0	0.0	2666.9137097205967	1	0	1	2.5789886063567624
219412.03761862297	2000.0	1254.876091097696	0.0	0	0.0	2666.9137097205676	1	0	1	2.578988606356765
220349.36499615374	2000.0	1317.5487135669193	0.0	0	0.0	2666.9137097205676	1	0	1	2.578988606356765
221702.44124006113	2000.0	964.4724696595192	0.0	0	0.0	2666.9137097205385	1	0	1	2.578988606356767
222286.23586341023	1000.0	1322.2983839755311	0.0	0	0.0	2608.534247385629	1	0	2	0.4504810224413637
222770.9484364573	1000.0	1837.5858109284704	0.0	0	0.0	2608.534247385629	1	0	1	1.3451057817503411
223359.7706057815	1000.0	2248.7636416042956	0.0	0	0.0	2608.534247385629	1	0	1	1.5451057817503413
225038.3160032881	3000.0	1570.2182440976574	0.0	0	0.0	2608.534247385658	1	0	1	2.0944119260843936
225497.9565594052	1000.0	2064.6136323688543	0.0	0	0.0	2562.570191773935	1	0	2	0.04995135398366202
226276.3686777974	2000.0	2286.201513976648	0.0	0	0.0	2562.570191773935	1	0	1	1.696275777591483
228533.90759264503	3000.0	1028.6625991290462	0.0	0	0.0	2562.570191773935	1	0	1	2.792155512205511
228937.01015525946	1000.0	1585.2497802532018	0.0	0	0.0	2522.2599355125567	1	0	2	0.054108126487993236
229840.38505477438	2000.0	1681.8748807382879	0.0	0	0.0	2522.2599355125567	1	0	1	1.7003068032176212
231356.11869286434	3000.0	1166.1412426483237	0.0	0	0.0	2522.2599355125567	1	0	1	2.796186537831649
232326.19372782533	2000.0	1196.0662076872889	0.0	0	0.0	2522.2599355125567	1	0	1	2.187988875669402
233938.73230485903	2000.0	583.5276306535814	0.0	0	0.0	2522.259935512586	1	0	1	2.593453983777565
234865.03206366737	1000.0	657.2278718452249	0.0	0	0.0	2522.259935512586	1	0	1	0.8605860323777006
235393.58373892689	1000.0	1128.6761965857422	0.0	0	0.0	2522.259935512586	1	0	1	1.5537332129376458
235897.14266283697	1000.0	1625.1172726756463	0.0	0	0.0	2522.2599355125567	1	0	1	1.5537332129376487
237401.20883979838	3000.0	1121.0510957142492	0.0	0	0.0	2522.2599355125567	1	0	1	2.1030393572717037
238477.9116006693	3000.0	1044.348334843326	0.0	0	0.0	2522.2599355125567	1	0	1	3.2016516459398137
240515.3497746338	3000.0	200.0	193.089839121201	0	0.0	2715.349774633796	1	0	1	2.037940399393024
241309.70472323895	1000.0	593.7483892138414	188.10333781899809	0	0.0	2903.4531124527857	1	0	1	-0.7116184203384726
242629.83650788918	1000.0	425.85889634846404	152.242291784831	0	0.0	3055.695404237631	1	0	1	0.5872331067914436
243251.27881826783	1000.0	804.4165859698069	0.0	0	0.0	3055.695404237631	1	0	1	1.500389666065141
243695.36234817773	1000.0	1360.3330560599297	0.0	0	0.0	3055.695404237631	1	0	1	1.500389666065141
244354.44502163684	1000.0	1701.2503826008701	0.0	0	0.0	3055.69540423766	1	0	1	1.5003896660651383
245067.15860499363	2000.0	1988.5367992440379	0.0	0	0.0	3055.695404237631	1	0	1	1.8469632563451137
246056.78291577427	3000.0	1899.9500573853063	0.0	0	0.0	2956.7329731595237	1	0	2	2.3501918360265064
247500.52782424953	3000.0	1311.8306580624842	0.0	0	0.0	2812.3584823119163	1	0	2	2.968318182782557
248820.99433941324	2000.0	991.3641428987598	0.0	0	0.0	2812.3584823119163	1	0	1	1.9589790209894657
249656.84511916843	2000.0	1155.5133631435494	0.0	0	0.0	2812.3584823119163	1	0	1	2.5644441290976303
250182.1764706206	1000.0	1577.648876546149	0.0	0	0.0	2759.825347166683	1	0	2	0.43561331037716
251654.73031059065	2000.0	1105.095036576065	0.0	0	0.0	2759.825347166625	1	0	1	1.6765502620522126
252807.26548922318	2000.0	952.5598579435555	0.0	0	0.0	2759.825347166625	1	0	1	2.5696974426121595
254014.01999679283	2000.0	745.8053503738976	0.0	0	0.0	2759.825347166625	1	0	1	2.5696974426121595
254911.24194359317	1000.0	848.5834035735736	0.0	0	0.0	2759.825347166625	1	0	1	0.8368294912122967
255549.70161901004	1000.0	1210.123728156676	0.0	0	0.0	2759.825347166625	1	0	1	1.5299766717722418
256098.49892282143	1000.0	1661.3264243452807	0.0	0	0.0	2759.825347166625	1	0	1	1.5299766717722418
256687.27302479133	1000.0	2013.6749121783782	0.0	0	0.0	2700.9479369696637	1	0	2	1.1344679573449286
257352.08675781137	1000.0	2282.3798058562766	0.0	0	0.0	2634.4665636676073	1	0	2	1.3407681974811572
259810.40938085018	3000.0	824.0571828174673	0.0	0	0.0	2634.466563667578	1	0	1	1.8918186944562012
260578.59378569105	1000.0	1055.8727779766118	0.0	0	0.0	2634.466563667578	1	0	1	0.4439002614540366
261546.91021173412	1000.0	1087.556351933536	0.0	0	0.0	2634.466563667578	1	0	1	1.5425125501221464
262339.5087079761	1000.0	1294.95785569156	0.0	0	0.0	2634.466563667549	1	0	1	1.5425125501221475
263102.66268988204	1000.0	1455.4884755950814	0.0	0	0.0	2558.151165476971	1	0	2	1.1482217432788082
263805.70549937594	1000.0	1682.1413851518369	0.0	0	0.0	2487.846884527622	1	0	2	1.3554573215392796
264655.84575179336	2000.0	1832.0011327344187	0.0	0	0.0	2487.846884527651	1	0	1	1.7037481083161126
266853.9137399831	3000.0	633.9331445446221	0.0	0	0.0	2487.846884527651	1	0	1	2.7996278429301396
267949.66825177567	1000.0	538.1786327521418	0.0	0	0.0	2487.846884527651	1	0	1	0.45856222936802926
268664.35535207967	1000.0	823.4915324481988	0.0	0	0.0	2487.846884527651	1	0	1	1.5571745180361392
269350.00805744436	1000.0	1137.8388270835271	0.0	0	0.0	2487.846884527651	1	0	1	1.5571745180361392
269929.7295501095	1000.0	1558.1173344184112	0.0	0	0.0	2487.846884527651	1	0	1	1.5571745180361392
270623.5753254228	1000.0	1794.8869815738183	0.0	0	0.0	2418.462306996342	1	0	2	1.1624742897241895
271920.57322610734	3000.0	1497.8890808893048	0.0	0	0.0	2418.462306996342	1	0	1	1.9134191201233248
272855.2063238555	3000.0	1563.2559831411743	0.0	0	0.0	2418.462306996342	1	0	1	3.212031408791435
274276.48291951086	3000.0	1141.9793874857564	0.0	0	0.0	2418.462306996342	1	0	1	3.212031408791435
275516.7261155447	3000.0	901.7361914518982	0.0	0	0.0	2418.4623069964	1	0	1	3.2120314087914337
276881.55111204257	3000.0	536.9111949540026	0.0	0	0.0	2418.462306996458	1	0	1	3.2120314087914266
277607.59881864546	1000.0	810.8634883511359	0.0	0	0.0	2418.462306996458	1	0	1	0.46550068712114867
278422.2812127071	1000.0	996.1810942894656	0.0	0	0.0	2418.462306996458	1	0	1	1.5641129757892585
279021.6889380064	1000.0	1396.773368990191	0.0	0	0.0	2418.462306996458	1	0	1	1.5641129757892585
280518.6244933215	2000.0	899.8378136751188	0.0	0	0.0	2418.4623069964	1	0	1	1.910686566069237
281050.8051478955	1000.0	1367.6571591012173	0.0	0	0.0	2418.4623069964	1	0	1	0.8709657952293193
281839.5601812261	1000.0	1578.902125770576	0.0	0	0.0	2418.4623069964	1	0	1	1.5641129757892644
282574.1600271631	1000.0	1844.3022798335521	0.0	0	0.0	2418.462306996342	1	0	1	1.5641129757892667
283780.3243961305	2000.0	1638.137910866081	0.0	0	0.0	2418.4623069962836	1	0	1	1.9106865660692487
284989.2288557537	2000.0	1429.2334512428763	0.0	0	0.0	2418.462306996342	1	0	1	2.6038337466291885
286006.04179524956	2000.0	1412.4205117470076	0.0	0	0.0	2418.4623069964	1	0	1	2.6038337466291823
286826.97518149257	1000.0	1509.3937868796156	0.0	0	0.0	2336.3689683720004	1	0	2	0.4768084212100324
287543.9878361389	1000.0	1720.67986676862	0.0	0	0.0	2264.667702907347	1	0	2	1.3777732522625556
288463.0197130974	1000.0	1801.6479898101516	0.0	0	0.0	2264.667702907347	1	0	1	1.3794924361981695
289200.0	1000.0	2064.6677029075527	0.0	0	99.01771350379568	2264.667702907347	1	0	1	1.5794924361981697
290200.0	1000.0	1964.667702907503	0.0	0	359.26540675823344	2164.667702907347	1	0	2	1.1857296224126845
291200.0	1000.0	1864.667702907442	0.0	0	259.26308924891055	2064.6677029072307	1	0	2	1.3960116838371577
292949.28404422285	3000.0	1115.383658684634	0.0	0	0.0	2064.667702907289	1	0	1	1.94879858053223
293861.56182294333	1000.0	1203.1058799641655	0.0	0	0.0	2064.667702907289	1	0	1	0.5008801475300656
294631.57908955956	1000.0	1433.0886133479244	0.0	0	0.0	2064.667702907289	1	0	1	1.5994924361981755
295585.4496964371	2000.0	1479.2180064703887	0.0	0	0.0	2064.667702907289	1	0	1	1.9460660264781482
296841.51929074246	2000.0	1223.148412164981	0.0	0	0.0	2064.667702907289	1	0	1	2.639213207038093
297687.8230328614	2000.0	1376.8446700460927	0.0	0	0.0	2064.667702907289	1	0	1	2.639213207038093
298920.08720625594	2000.0	1144.5804966515875	0.0	0	0.0	2064.667702907289	1	0	1	2.639213207038093
299981.6511549292	1000.0	1083.0165479783882	0.0	0	0.0	2064.667702907347	1	0	1	0.9063452556382245
300622.71586965816	1000.0	1441.9518332493856	0.0	0	0.0	2064.667702907289	1	0	1	1.5994924361981755
1.49	1.8	1.85	1.84	2.36	0.81	1.22	1.8	2.54	2.1	1.83	1.66	1.69	2.09	2.02	1.44	0.98	1.38	2.14	2.94	3.22	2.33	1.2	1.04	1.49	1.87	2.04	3.01	2.39	1.11	2.25	0.94	1.27	1.41	1.69	1.8	2.29	2.15	1.69	1.47	1.38	2.13	2.65	2.97	1.86	1.38	1.59	1.89	2.0	2.09	2.53	2.76	1.42	2.27	2.18	2.43	2.92	2.88	3.42	2.62	0.95	0.71	1.39	2.02	1.8	2.1	2.17	1.76	1.58	1.67	1.78	1.29	1.73	2.12	1.84	1.55	1.92	1.95	1.77	2.13	1.76	1.31	1.58	2.06	2.79	3.63	2.4	1.41	1.71	0.82	1.97	2.06	2.72	2.78	1.7	1.89	2.4	1.58	1.46	1.88	2.36	1.45	1.09	1.74	1.78	1.12	0.72	1.01	1.1	1.71	1.68	1.87	1.93	1.24	1.19	1.22	1.23	1.81	2.27	2.97	2.72	2.29	2.09	2.9	1.9	1.58	1.95	1.55	1.74	1.52	1.67	1.71	2.03	1.47	1.24	1.46	1.56	1.29	1.73	1.25	1.38	1.63	2.06	1.44	2.06	1.77	1.02	1.12	1.77	1.19	1.49	1.8	1.85	1.84	2.36	0.81	1.22	1.8	2.54	2.1	1.83	1.66	1.69	2.09	2.02	1.44	0.98	1.38	2.14	2.94	3.22	2.33	1.2	1.04	1.49	1.87	2.04	3.01	2.39	1.11	2.25	0.94	1.27	1.41	1.69	1.8	2.29	2.15	1.69	1.47	1.38	2.13	2.65	2.97	1.86	1.38	1.59	1.89	2.0	2.09	2.53	2.76	1.42	2.27	2.18	2.43	2.92	2.88	3.42	2.62	0.95	0.71	1.39	2.02	1.8	2.1	2.17	1.76	1.58	1.67	1.78	1.29	1.73	2.12	1.84	1.55	1.92	1.95	1.77	2.13	1.76	1.31	1.58	2.06	2.79	3.63	2.4	1.41	1.71	0.82	1.97	2.06	2.72	2.78	1.7	1.89	2.4	1.58	1.46	1.88	2.36	1.45	1.09	1.74	1.78	1.12	0.72	1.01	1.1	1.71	1.68	1.87	1.93	1.24	1.19	1.22	1.23	1.81	2.27	2.97	2.72	2.29	2.09	2.9	1.9	1.58	1.95	1.55	1.74	1.52	1.67	1.71	2.03	1.47	1.24	1.46	1.56	1.29	1.73	1.25	1.38	1.63	2.06	1.44	2.06	1.77	1.02	1.12	1.77	1.19	1.49
1.0	2.0	3.0	4.0	5.0	6.0	7.0	8.0	9.0	10.0	11.0	12.0	13.0	14.0	15.0	16.0	17.0	18.0	19.0	20.0	21.0	22.0	23.0	24.0	25.0	26.0	27.0	28.0	29.0	30.0	31.0	32.0	33.0	34.0	35.0	36.0	37.0	38.0	39.0	40.0	41.0	42.0	43.0	44.0	45.0	46.0	47.0	48.0	49.0	50.0	51.0	52.0	53.0	54.0	55.0	56.0	57.0	58.0	59.0	60.0	61.0	62.0	63.0	64.0	65.0	66.0	67.0	68.0	69.0	70.0	71.0	72.0	73.0	74.0	75.0	76.0	77.0	78.0	79.0	80.0	81.0	82.0	83.0	84.0	85.0	86.0	87.0	88.0	89.0	90.0	91.0	92.0	93.0	94.0	95.0	96.0	97.0	98.0	99.0	100.0	101.0	102.0	103.0	104.0	105.0	106.0	107.0	108.0	109.0	110.0	111.0	112.0	113.0	114.0	115.0	116.0	117.0	118.0	119.0	120.0	121.0	122.0	123.0	124.0	125.0	126.0	127.0	128.0	129.0	130.0	131.0	132.0	133.0	134.0	135.0	136.0	137.0	138.0	139.0	140.0	141.0	142.0	143.0	144.0	145.0	146.0	147.0	148.0	149.0	149.0	150.0	151.0	152.0	153.0	154.0	155.0	156.0	157.0	158.0	159.0	160.0	161.0	162.0	163.0	164.0	165.0	166.0	167.0	168.0	169.0	170.0	171.0	172.0	173.0	174.0	175.0	176.0	177.0	178.0	179.0	180.0	181.0	182.0	183.0	184.0	185.0	186.0	187.0	188.0	189.0	190.0	191.0	192.0	193.0	194.0	195.0	196.0	197.0	198.0	199.0	200.0	201.0	202.0	203.0	204.0	205.0	206.0	207.0	208.0	209.0	210.0	211.0	212.0	213.0	214.0	215.0	216.0	217.0	218.0	219.0	220.0	221.0	222.0	223.0	224.0	225.0	226.0	227.0	228.0	229.0	230.0	231.0	232.0	233.0	234.0	235.0	236.0	237.0	238.0	239.0	240.0	241.0	242.0	243.0	244.0	245.0	246.0	247.0	248.0	249.0	250.0	251.0	252.0	253.0	254.0	255.0	256.0	257.0	258.0	259.0	260.0	261.0	262.0	263.0	264.0	265.0	266.0	267.0	268.0	269.0	270.0	271.0	272.0	273.0	274.0	275.0	276.0	277.0	278.0	279.0	280.0	281.0	282.0	283.0	284.0	285.0	286.0	287.0	288.0	289.0	290.0	291.0	292.0	293.0	294.0	295.0	296.0	297.0	298.0	298.0	299.0
3448.7970493087278
