3958.4815783745553	500.0	2000.0	129.97325013816965	0	0.0	3958.4815783745553	1	0	1	-0.9177297186074934
4873.4123413007555	3000.0	1993.5761607811796	0.0	0	0.0	3866.9885020819356	1	0	2	0.8730754048834012
5444.625723188432	3000.0	2365.241440704736	0.0	0	0.0	3809.8671638931683	1	0	2	2.8714878290524166
6449.482991047224	3000.0	2259.8984460600655	0.0	0	0.0	3709.381437107289	1	0	2	2.880240913023578
7265.277817899481	3000.0	2362.5241365225825	0.0	0	0.0	3627.8019544220633	1	0	2	2.8889673183722846
8630.13684213321	3000.0	1861.1792098654823	0.0	0	0.0	3491.3160519986923	1	0	2	2.900945173380258
9666.98198435563	3000.0	1720.6495534208202	0.0	0	0.0	3387.6315377764504	1	0	2	2.9124448851202476
11038.113040861574	3000.0	1212.405391264284	0.0	0	0.0	3250.5184321258575	1	0	2	2.925120724975287
12021.988030803881	3000.0	1228.5304013219763	0.0	0	0.0	3250.5184321258585	1	0	1	2.928825796278483
12907.285906811887	3000.0	1343.2325253139693	0.0	0	0.0	3250.5184321258585	1	0	1	3.128825796278483
13851.274061082435	3000.0	1399.2443710434204	0.0	0	0.0	3250.5184321258585	1	0	1	3.128825796278483
15120.053107727652	3000.0	1130.465324398203	0.0	0	0.0	3250.5184321258566	1	0	1	3.128825796278484
16167.399717825983	3000.0	1083.1187142998704	0.0	0	0.0	3250.518432125855	1	0	1	3.128825796278484
17320.99336367755	3000.0	929.5250684483024	0.0	0	0.0	3250.518432125851	1	0	1	3.128825796278484
17817.308890351433	1000.0	1433.2095417744179	0.0	0	0.0	3250.5184321258494	1	0	1	0.38229507460820944
19581.979150571973	3000.0	668.53928155388	0.0	0	0.0	3250.518432125853	1	0	1	2.030213507610374
20037.32958717975	1000.0	1213.1888449461035	0.0	0	0.0	3250.518432125853	1	0	1	0.38229507460820905
21233.58449469852	2000.0	1016.9339374273306	0.0	0	0.0	3250.518432125853	1	0	1	1.8274809535562917
21925.41931944122	2000.0	1325.0991126846307	0.0	0	0.0	3250.518432125853	1	0	1	2.5206281341162367
23161.516265893588	2000.0	1089.0021662322615	0.0	0	0.0	3250.518432125853	1	0	1	2.5206281341162367
24246.204032495192	1000.0	895.8456229704994	0.0	0	0.0	3142.049655465693	1	0	2	0.39552155593882343
25072.14940873961	1000.0	1069.9002467260816	0.0	0	0.0	3142.049655465693	1	0	1	1.291754240942335
25606.43795621323	1000.0	1535.6116992524599	0.0	0	0.0	3142.049655465693	1	0	1	1.4917542409423352
26106.904773408773	1000.0	1985.0982003373636	0.0	0	0.0	3092.002973746141	1	0	2	1.095575504159231
27169.54979402192	3000.0	1816.188677662894	0.0	0	0.0	2985.738471684821	1	0	2	1.8544640310030218
27928.13594234799	3000.0	1981.7439145042208	0.0	0	0.0	2909.879856852218	1	0	2	2.961034495778388
28474.570720266544	3000.0	2380.6656587938132	0.0	0	0.0	2855.2363790603595	1	0	2	2.9669152610111036
29279.182048980565	3000.0	2495.59319720839	0.0	0	0.0	2774.775246188954	1	0	2	2.974461363180722
33196.92318548238	6000.0	200.0	622.1479392934223	0	0.0	3396.923185482381	1	0	1	-0.42235688939425664
33557.799718655195	500.0	839.1234668271893	0.0	0	0.0	3396.9231854823847	1	0	1	-2.058360532687252
34520.523300809444	1000.0	876.3998846729372	0.0	0	0.0	3396.923185482381	1	0	1	0.7731197073807209
34978.17829837707	1000.0	1418.7448871053093	0.0	0	0.0	3396.923185482381	1	0	1	1.466266887940666
35398.0571083192	1000.0	1956.8781961689676	0.0	0	0.0	3354.9353044881645	1	0	2	1.069385125724628
36280.07644345487	2000.0	1986.656927519721	0.0	0	0.0	3266.7333709745944	1	0	2	1.623866942924887
37425.34309617331	3000.0	1726.8636095294307	0.0	0	0.0	3152.2067057027452	1	0	2	2.5301093613332064
38619.31041841303	3000.0	1413.4995550657393	0.0	0	0.0	3032.8099734787756	1	0	2	2.947271439524322
39462.82950315594	3000.0	1569.9804703228244	0.0	0	0.0	3032.8099734787756	1	0	1	2.950596642143191
40170.231733559485	3000.0	1862.578239919274	0.0	0	0.0	3032.809973478783	1	0	1	3.150596642143191
41004.748555337275	3000.0	1944.6097359637065	0.0	0	0.0	2949.358291301003	1	0	2	2.7568694650645442
41629.69748925042	3000.0	2257.165908659246	0.0	0	0.0	2886.863397909692	1	0	2	2.9635949385056515
42461.267749950195	3000.0	2342.4386218894965	0.0	0	0.0	2803.7063718397185	1	0	2	2.9714435460599935
43232.01837488385	3000.0	2494.6129344624737	0.0	0	0.0	2726.6313093463614	1	0	2	2.979391893157725
45151.826410685826	6000.0	1574.8048986605063	0.0	0	0.0	2726.6313093463614	1	0	1	3.3277880988364057
47203.28713874747	3000.0	318.1980977926896	0.0	0	0.0	2521.485236540204	1	0	2	2.102583777705761
47754.363962413256	1000.0	767.1212741269106	0.0	0	0.0	2521.485236540204	1	0	1	0.25519839416677376
48433.10718832193	2000.0	1088.3780482182397	0.0	0	0.0	2521.485236540204	1	0	1	1.9003842731148564
49601.39761973829	3000.0	920.0876168018814	0.0	0	0.0	2521.485236540211	1	0	1	2.7962640077288836
50542.85795708211	3000.0	978.6272794580653	0.0	0	0.0	2521.485236540211	1	0	1	3.2017291158370482
51524.88501558711	3000.0	996.6002209530645	0.0	0	0.0	2521.4852365402185	1	0	1	3.201729115837048
52540.07755342018	3000.0	981.4076831199922	0.0	0	0.0	2521.4852365402185	1	0	1	3.201729115837048
53681.35372183501	3000.0	840.1315147051758	0.0	0	0.0	2521.4852365402185	1	0	1	3.201729115837048
54478.885424872205	3000.0	1042.5998116679862	0.0	0	0.0	2521.4852365402185	1	0	1	3.201729115837048
55326.281230488356	3000.0	1195.2040060518361	0.0	0	0.0	2521.485236540211	1	0	1	3.2017291158370482
56885.60113388849	3000.0	635.8841026517038	0.0	0	0.0	2521.485236540211	1	0	1	3.2017291158370482
57469.91857249527	1000.0	1051.5666640449276	0.0	0	0.0	2521.485236540211	1	0	1	0.45519839416677343
58169.43973201542	1000.0	1352.045504524777	0.0	0	0.0	2521.485236540211	1	0	1	1.5538106828348832
59202.02126326979	2000.0	1319.4639732704065	0.0	0	0.0	2521.4852365402185	1	0	1	1.900384273114855
60117.20530967134	2000.0	1404.2799268688536	0.0	0	0.0	2521.4852365402185	1	0	1	2.5935314536748004
61356.73816384904	2000.0	1164.7470726911592	0.0	0	0.0	2521.4852365402185	1	0	1	2.5935314536748004
62087.93371013769	2000.0	1433.55152640251	0.0	0	0.0	2521.485236540211	1	0	1	2.5935314536748013
63629.6356294376	3000.0	891.8496071025847	0.0	0	0.0	2521.485236540204	1	0	1	2.796264007728884
64686.20298149326	2000.0	835.2822550469214	0.0	0	0.0	2521.485236540204	1	0	1	2.188066345566637
65525.78249742201	2000.0	995.7027391181757	0.0	0	0.0	2521.485236540211	1	0	1	2.5935314536748013
66605.09091680597	3000.0	916.3943197341985	0.0	0	0.0	2521.4852365401894	1	0	1	2.796264007728885
67839.99053737288	3000.0	681.4946991673065	0.0	0	0.0	2521.485236540211	1	0	1	3.201729115837049
68684.17384133456	2000.0	837.311395205638	0.0	0	0.0	2521.4852365402185	1	0	1	2.188066345566636
69541.27048262887	2000.0	980.214753911323	0.0	0	0.0	2521.4852365402185	1	0	1	2.5935314536748004
70401.82028038635	2000.0	1119.6649561538386	0.0	0	0.0	2521.485236540233	1	0	1	2.5935314536747986
71329.90416648018	2000.0	1191.581070060013	0.0	0	0.0	2521.485236540233	1	0	1	2.5935314536747986
72382.48847886415	3000.0	1138.9967576760494	0.0	0	0.0	2521.485236540233	1	0	1	2.7962640077288814
73704.42464128869	3000.0	817.0605952515152	0.0	0	0.0	2521.485236540233	1	0	1	3.201729115837046
74400.77915421332	3000.0	1120.7060823268894	0.0	0	0.0	2521.485236540233	1	0	1	3.201729115837046
74968.95920691354	3000.0	1552.5260296266608	0.0	0	0.0	2521.485236540233	1	0	1	3.201729115837046
75776.79701410394	3000.0	1744.6882224362503	0.0	0	0.0	2521.485236540233	1	0	1	3.201729115837046
77138.80588191647	3000.0	1382.6793546237072	0.0	0	0.0	2521.485236540233	1	0	1	3.201729115837046
78514.52605729902	2000.0	1006.9591792411671	0.0	0	0.0	2521.485236540233	1	0	1	2.188066345566634
79485.11021796569	2000.0	1036.375018574517	0.0	0	0.0	2521.485236540233	1	0	1	2.5935314536747986
80562.05228101408	3000.0	959.4329555261356	0.0	0	0.0	2521.485236540233	1	0	1	2.7962640077288814
81538.84921621133	3000.0	982.636020328888	0.0	0	0.0	2521.485236540233	1	0	1	3.201729115837046
82740.1038698206	3000.0	781.3813667196409	0.0	0	0.0	2521.485236540233	1	0	1	3.201729115837046
83991.97583660285	3000.0	529.5093999373807	0.0	0	0.0	2521.485236540233	1	0	1	3.201729115837046
84707.97157334366	3000.0	813.5136631965719	0.0	0	0.0	2521.485236540233	1	0	1	3.201729115837046
85372.4958770196	3000.0	1148.9893595206331	0.0	0	0.0	2521.485236540233	1	0	1	3.201729115837046
85995.55566405146	3000.0	1525.9295724887647	0.0	0	0.0	2521.485236540233	1	0	1	3.201729115837046
86701.54223500114	3000.0	1819.9430015390958	0.0	0	0.0	2521.485236540233	1	0	1	3.201729115837046
87413.8036928853	3000.0	2107.681543654947	0.0	0	0.0	2521.4852365402185	1	0	1	3.201729115837048
88631.27502679462	6000.0	1890.210209745626	0.0	0	0.0	2521.4852365402185	1	0	1	3.54830270611702
90341.35190001031	6000.0	1180.1333365299568	0.0	0	0.0	2521.4852365402185	1	0	1	4.241449886676965
91370.1816552771	3000.0	1151.3035812631713	0.0	0	0.0	2521.4852365402185	1	0	1	2.5085819352771024
92574.58762309673	3000.0	946.8976134435358	0.0	0	0.0	2521.4852365402185	1	0	1	3.201729115837048
93490.97080720455	3000.0	1030.5144293357152	0.0	0	0.0	2521.4852365402185	1	0	1	3.201729115837048
94534.44409360549	3000.0	987.0411429347757	0.0	0	0.0	2521.4852365402185	1	0	1	3.201729115837048
96045.35689685855	3000.0	476.1283396817376	0.0	0	0.0	2521.4852365402185	1	0	1	3.201729115837048
96987.58304717635	2000.0	533.9021893639379	0.0	0	0.0	2521.4852365402185	1	0	1	2.188066345566636
97507.40008020235	1000.0	1014.0851563379392	0.0	0	0.0	2521.4852365402185	1	0	1	0.8606635022749373
98677.51179287644	2000.0	843.9734436638673	0.0	0	0.0	2521.485236540233	1	0	1	1.9003842731148537
99331.58339807388	2000.0	1189.9018384664344	0.0	0	0.0	2521.485236540233	1	0	1	2.5935314536747986
100652.06279232676	3000.0	869.4224442135558	0.0	0	0.0	2521.485236540233	1	0	1	2.7962640077288814
103261.51944204645	3000.0	200.0	940.034205506131	0	0.0	3461.519442046454	1	0	1	-2.4872653673288565
103769.12187458854	1000.0	746.5049851554046	54.107417697498136	0	0.0	3515.6268597439484	1	0	1	0.031139725661410766
104396.33887594157	1000.0	1119.287983802372	0.0	0	0.0	3515.6268597439484	1	0	1	1.4543965205145093
104900.48528798146	1000.0	1564.7269305585062	0.0	0	0.0	3465.212218539964	1	0	2	1.0580363726425028
105501.95040275503	1000.0	1903.1153043075788	0.0	0	0.0	3405.065707062604	1	0	2	1.2638923123299166
106121.99260558281	1000.0	2221.068881197026	0.0	0	0.0	3343.0614867798286	1	0	2	1.2700826542951882
106962.2191382259	1000.0	2296.819695289628	0.0	0	0.0	3259.0388335155294	1	0	2	1.2779694865063214
108046.52093999405	2000.0	2104.0877133446647	0.0	0	0.0	3150.6086533387133	1	0	2	1.6351960206101852
109001.61155190968	3000.0	2053.488040237463	0.0	0	0.0	3055.099592147133	1	0	2	2.5404236902455812
109958.76786348138	3000.0	2000.6160975085752	0.0	0	0.0	2959.383960989944	1	0	2	2.9555402912348243
111118.19388670713	3000.0	1725.2474719602558	0.0	0	0.0	2843.441358667362	1	0	2	2.966457966452653
111915.18582413043	3000.0	1848.5563407946315	0.0	0	0.0	2763.742164925032	1	0	2	2.975363622236101
112685.55102475735	3000.0	2001.1546201050205	0.0	0	0.0	2686.705644862348	1	0	2	2.9833496387298863
113588.56333319141	3000.0	2007.8410808275523	0.0	0	0.0	2596.404414018951	1	0	2	2.9918412463704236
114514.36357584271	3000.0	1989.4608139111212	0.0	0	0.0	2503.824389753805	1	0	2	3.0011381100180547
115607.12819690496	3000.0	1787.4197307426634	0.0	0	0.0	2394.5479276476253	1	0	2	3.011246867133028
117248.32780576576	3000.0	1146.2201218818645	0.0	0	0.0	2394.54792764764	1	0	1	3.0144228467263052
118398.05114203843	3000.0	996.4967856092161	0.0	0	0.0	2394.54792764764	1	0	1	3.2144228467263054
119688.69298529137	3000.0	705.8549423562479	0.0	0	0.0	2394.54792764764	1	0	1	3.2144228467263054
121226.93371171207	2000.0	314.98754607817466	147.37333014263234	0	0.0	2541.921257790251	1	0	1	1.3024562900482266
121640.63070276049	1000.0	901.2905550297677	0.0	0	0.0	2541.921257790251	1	0	1	0.8586199001499342
122139.15694277117	1000.0	1402.7643150190918	0.0	0	0.0	2541.921257790251	1	0	1	1.5517670807098793
123462.34970887206	2000.0	1079.5715489182048	0.0	0	0.0	2541.921257790251	1	0	1	1.8983406709898518
124471.8614453769	2000.0	1070.0598124133667	0.0	0	0.0	2541.921257790251	1	0	1	2.5914878515497968
125034.34187333725	2000.0	1507.5793844530133	0.0	0	0.0	2541.921257790251	1	0	1	2.5914878515497968
126343.20080401082	3000.0	1198.7204537794519	0.0	0	0.0	2541.921257790251	1	0	1	2.7942204056038795
127751.8875248894	3000.0	790.03373290089	0.0	0	0.0	2541.921257790251	1	0	1	3.199685513712044
128339.30039407962	1000.0	1202.6208637106665	0.0	0	0.0	2541.921257790251	1	0	1	0.45315479204176945
129639.43502776818	2000.0	902.4862300221066	0.0	0	0.0	2541.921257790251	1	0	1	1.8983406709898518
130623.75148924299	2000.0	918.1697685473057	0.0	0	0.0	2541.921257790251	1	0	1	2.5914878515497968
131270.31893961577	2000.0	1271.6023181745363	0.0	0	0.0	2541.9212577902363	1	0	1	2.5914878515497985
132205.40411589755	3000.0	1336.5171418927835	0.0	0	0.0	2541.9212577902654	1	0	1	2.794220405603879
133284.35144912516	3000.0	1257.5698086651869	0.0	0	0.0	2541.9212577902654	1	0	1	3.199685513712043
134824.26858943256	3000.0	717.6526683577721	0.0	0	0.0	2541.9212577902363	1	0	1	3.1996855137120455
135635.0638419868	1000.0	906.8574158035435	0.0	0	0.0	2541.9212577902654	1	0	1	0.4531547920417679
136198.88293675924	1000.0	1343.0383210310722	0.0	0	0.0	2541.9212577902363	1	0	1	1.5517670807098807
136833.74682510807	1000.0	1708.1744326822325	0.0	0	0.0	2541.9212577902363	1	0	1	1.5517670807098807
137753.19942532666	3000.0	1788.7218324636683	0.0	0	0.0	2541.921257790207	1	0	1	2.1010732250439386
139026.77905981595	3000.0	1515.142197974388	0.0	0	0.0	2541.921257790207	1	0	1	3.1996855137120486
139774.11703660697	3000.0	1767.8042211833233	0.0	0	0.0	2541.9212577902363	1	0	1	3.1996855137120455
140780.1804021723	3000.0	1761.7408556180303	0.0	0	0.0	2541.9212577902654	1	0	1	3.199685513712043
141363.0620138112	3000.0	2178.8592439791055	0.0	0	0.0	2541.9212577902654	1	0	1	3.199685513712043
142658.83795637076	6000.0	1883.083301419565	0.0	0	0.0	2541.9212577902654	1	0	1	3.5462591039920155
144045.51055463904	3000.0	1357.7434433244491	0.0	0	0.0	2403.2539979634166	1	0	2	2.1166680923509325
145557.1540001571	3000.0	846.0999978063803	0.0	0	0.0	2403.2539979634166	1	0	1	3.0135522396947274
146355.08461638424	2000.0	1048.1693815792023	0.0	0	0.0	2403.2539979634166	1	0	1	2.199889469424316
147870.69303369452	3000.0	532.5609642689168	0.0	0	0.0	2403.2539979634166	1	0	1	2.808087131586563
148873.19236844432	3000.0	530.0616295191404	0.0	0	0.0	2403.2539979634457	1	0	1	3.2135522396947245
149605.44947330316	3000.0	797.8045246603119	0.0	0	0.0	2403.2539979634457	1	0	1	3.2135522396947245
150428.15740017046	3000.0	975.0965977929903	0.0	0	0.0	2403.2539979634457	1	0	1	3.2135522396947245
151189.23425554848	3000.0	1214.0197424149505	0.0	0	0.0	2403.2539979634457	1	0	1	3.2135522396947245
151666.17019718167	3000.0	1737.0838007817592	0.0	0	0.0	2403.2539979634457	1	0	1	3.2135522396947245
153236.66699446025	6000.0	1166.5870035031562	0.0	0	0.0	2403.2539979634166	1	0	1	3.5601258299747
153800.5289286281	3000.0	1546.3388759185434	0.0	0	0.0	2346.867804546695	1	0	2	2.124560917285553
154574.6880111903	3000.0	1772.1797933563557	0.0	0	0.0	2346.867804546695	1	0	1	3.0191908590363994
156074.09702398113	6000.0	1272.7707805655466	0.0	0	0.0	2346.867804546695	1	0	1	3.5657644493163723
157380.96747342107	3000.0	965.9003311256079	0.0	0	0.0	2346.867804546724	1	0	1	2.526043678476452
158179.18645068048	3000.0	1167.6813538662016	0.0	0	0.0	2346.867804546724	1	0	1	3.2191908590363965
159143.98312282987	3000.0	1202.8846817168228	0.0	0	0.0	2346.867804546724	1	0	1	3.2191908590363965
160664.3995119102	3000.0	682.4682926365127	0.0	0	0.0	2346.867804546724	1	0	1	3.2191908590363965
161714.7256564989	3000.0	632.1421480478208	0.0	0	0.0	2346.867804546753	1	0	1	3.219190859036394
162879.28399497643	3000.0	467.5838095702861	0.0	0	0.0	2346.867804546753	1	0	1	3.2191908590363956
163792.21762686296	3000.0	554.6501776837533	0.0	0	0.0	2346.867804546724	1	0	1	3.2191908590363965
164706.1971504939	3000.0	640.670654052791	0.0	0	0.0	2346.867804546724	1	0	1	3.2191908590363965
165493.02712768107	3000.0	853.840676865608	0.0	0	0.0	2346.867804546724	1	0	1	3.2191908590363965
166527.33797124948	3000.0	819.5298332971813	0.0	0	0.0	2346.867804546753	1	0	1	3.219190859036394
167667.92766242736	2000.0	678.9401421192917	0.0	0	0.0	2346.867804546724	1	0	1	2.205528088765985
168762.88692082328	2000.0	583.9808837233843	0.0	0	0.0	2346.867804546753	1	0	1	2.610993196874147
169436.72198368367	2000.0	910.1458208630082	0.0	0	0.0	2346.867804546724	1	0	1	2.6109931968741495
170272.16220114086	2000.0	1074.7056034058185	0.0	0	0.0	2346.867804546724	1	0	1	2.6109931968741495
171113.73440829932	2000.0	1233.1333962473955	0.0	0	0.0	2346.867804546724	1	0	1	2.6109931968741495
172201.4378972455	2000.0	1145.4299073012298	0.0	0	0.0	2346.867804546666	1	0	1	2.610993196874155
172916.68980502168	1000.0	1430.177999525002	0.0	0	0.0	2346.867804546666	1	0	1	0.8781252454742927
173667.88941598372	1000.0	1678.9783885629581	0.0	0	0.0	2346.867804546666	1	0	1	1.571272426034238
174300.48167277826	1000.0	1983.1269060889856	0.0	0	0.0	2283.608578867221	1	0	2	1.176049377178916
175200.0	2000.0	2083.6085788672617	0.0	0	19.876655193365877	2283.608578867221	1	0	1	1.7241719388821548
176352.80648332625	3000.0	1930.802095540994	0.0	0	0.0	2283.608578867221	1	0	1	2.8200516734961827
177200.0	3000.0	1998.889227199906	0.0	0	134.3695738358656	2198.889227199921	1	0	2	2.831308980151876
178200.0	3000.0	1898.8892271999025	0.0	0	395.7989874704508	2098.889227199892	1	0	2	3.040225805518758
180182.65233224083	6000.0	916.2368949590445	0.0	0	0.0	2098.889227199892	1	0	1	3.390562307051055
180965.88380586915	1000.0	1133.0054213307426	0.0	0	0.0	2098.889227199892	1	0	1	-0.19568918545913971
181813.5119744707	1000.0	1285.377252729219	0.0	0	0.0	2098.889227199921	1	0	1	1.5960702837689145
182979.20263525395	1000.0	1119.68659194591	0.0	0	0.0	2098.889227199921	1	0	1	1.5960702837689122
183824.27011437982	1000.0	1274.6191128200749	0.0	0	0.0	2098.889227199921	1	0	1	1.5960702837689122
184899.955614041	2000.0	1198.9336131589016	0.0	0	0.0	2098.889227199921	1	0	1	1.9426438740488847
186219.6539524228	3000.0	879.2352747771183	0.0	0	0.0	2098.889227199921	1	0	1	2.8385236086629124
187380.06603158786	3000.0	718.8231956120749	0.0	0	0.0	2098.889227199921	1	0	1	3.243988716771077
188474.68332846902	3000.0	624.2058987309151	0.0	0	0.0	2098.889227199892	1	0	1	3.24398871677108
189447.23205204195	3000.0	651.6571751579788	0.0	0	0.0	2098.889227199892	1	0	1	3.24398871677108
190112.6056883082	3000.0	986.2835388917418	0.0	0	0.0	2098.889227199892	1	0	1	3.24398871677108
190925.89140874395	3000.0	1172.997818455956	0.0	0	0.0	2098.889227199921	1	0	1	3.243988716771077
191829.9610172573	3000.0	1268.9282099425748	0.0	0	0.0	2098.889227199892	1	0	1	3.2439887167710784
192554.17100591445	3000.0	1544.7182212854343	0.0	0	0.0	2098.889227199892	1	0	1	3.24398871677108
193501.28035753424	3000.0	1597.608869665666	0.0	0	0.0	2098.889227199892	1	0	1	3.24398871677108
194657.47775361015	3000.0	1441.4114735897313	0.0	0	0.0	2098.889227199892	1	0	1	3.24398871677108
195961.11584135506	3000.0	1137.7733858448437	0.0	0	0.0	2098.889227199921	1	0	1	3.243988716771077
197100.84667218025	2000.0	998.0425550196397	0.0	0	0.0	2098.889227199892	1	0	1	2.2303259465006686
198028.07925084702	3000.0	1070.8099763528871	0.0	0	0.0	2098.889227199892	1	0	1	2.8385236086629155
199168.79266437347	3000.0	930.0965628264253	0.0	0	0.0	2098.889227199863	1	0	1	3.243988716771083
200318.9114403543	3000.0	779.9777868455635	0.0	0	0.0	2098.889227199863	1	0	1	3.243988716771083
201407.74467265033	3000.0	691.1445545495322	0.0	0	0.0	2098.889227199863	1	0	1	3.243988716771083
202700.9097156615	3000.0	397.97951153836965	0.0	0	0.0	2098.889227199863	1	0	1	3.243988716771083
203413.22193330462	3000.0	685.6672938952362	0.0	0	0.0	2098.889227199863	1	0	1	3.243988716771083
204727.72899300145	3000.0	371.1602341984278	0.0	0	0.0	2098.889227199863	1	0	1	3.243988716771083
207133.78742212773	3000.0	200.0	1234.8981949278727	0	0.0	3333.7874221277307	1	0	1	-4.273184329057383
207732.46169230447	1000.0	688.220447351509	86.89471752821174	0	0.0	3420.6821396559535	1	0	1	-0.15608960131407112
208176.98464938498	1000.0	1243.6974902709978	0.0	0	0.0	3420.6821396559535	1	0	1	1.463890992523309
209301.83500662347	2000.0	1118.847133032501	0.0	0	0.0	3420.6821396559826	1	0	1	1.8104645828032793
210011.19672936137	1000.0	1338.5492380207786	0.0	0	0.0	3349.745967382187	1	0	2	0.376285496655146
210411.64072233246	1000.0	1898.0608457525761	0.0	0	0.0	3309.701568085089	1	0	2	1.274006562324542
211483.8345430929	2000.0	1718.6476429160964	0.0	0	0.0	3202.4821860090306	1	0	2	1.6295695361620033
212985.51328102127	3000.0	1066.801031194861	0.0	0	0.0	3052.3143122161273	1	0	2	2.5389484964886697
213792.10385988187	2000.0	1260.210452334216	0.0	0	0.0	3052.3143122161273	1	0	1	1.934983437999045
214968.78451700154	3000.0	1083.5297952145365	0.0	0	0.0	3052.3143122161273	1	0	1	2.743181100161292
215669.99776673078	3000.0	1382.3165454852929	0.0	0	0.0	3052.3143122161564	1	0	1	3.1486462082694535
217146.70563909493	3000.0	905.6086731211515	0.0	0	0.0	3052.3143122161855	1	0	1	3.1486462082694504
217630.47532265342	1000.0	1421.8389895626829	0.0	0	0.0	3052.3143122161855	1	0	1	0.40211548659917584
218880.57287096963	3000.0	1171.7414412464968	0.0	0	0.0	3052.3143122161855	1	0	1	2.050033919601341
219908.73324891695	2000.0	1143.581063299195	0.0	0	0.0	3052.3143122162146	1	0	1	2.134983437999038
220508.49474529517	2000.0	1543.819566920994	0.0	0	0.0	3052.3143122161855	1	0	1	2.5404485461072035
221554.6636895471	3000.0	1497.6506226690651	0.0	0	0.0	3052.3143122161855	1	0	1	2.743181100161286
222407.94880775735	3000.0	1644.3655044587927	0.0	0	0.0	3052.3143122161855	1	0	1	3.1486462082694504
223422.0566167091	3000.0	1630.2576955070172	0.0	0	0.0	3052.3143122161855	1	0	1	3.1486462082694504
224241.03041735475	3000.0	1729.3865147968277	0.0	0	0.0	2970.4169321516238	1	0	2	2.7546651281704935
225483.9408529414	3000.0	1362.1850356515283	0.0	0	0.0	2846.125888593	1	0	2	2.9649723761297775
226936.3403002567	2000.0	909.785588336236	0.0	0	0.0	2846.1258885930292	1	0	1	1.9556022803613542
228111.70319466828	2000.0	734.4226939246662	0.0	0	0.0	2846.1258885930292	1	0	1	2.561067388469519
228736.55884429198	2000.0	1109.5670443009742	0.0	0	0.0	2846.1258885930583	1	0	1	2.561067388469516
229585.86076073165	3000.0	1260.2651278613234	0.0	0	0.0	2846.1258885930583	1	0	1	2.7637999425235984
230755.87821998983	3000.0	1090.2476686031378	0.0	0	0.0	2846.1258885930583	1	0	1	3.169265050631763
231735.5689511206	3000.0	1110.5569374723573	0.0	0	0.0	2846.1258885930874	1	0	1	3.1692650506317603
232877.2381432411	3000.0	968.887745351884	0.0	0	0.0	2846.1258885930874	1	0	1	3.1692650506317603
233921.94232924923	3000.0	924.1835593437665	0.0	0	0.0	2846.1258885931456	1	0	1	3.169265050631756
234656.03287583787	3000.0	1190.093012755156	0.0	0	0.0	2846.1258885931456	1	0	1	3.169265050631754
235238.72894871092	3000.0	1607.3969398820955	0.0	0	0.0	2846.1258885931165	1	0	1	3.1692650506317577
235950.110857501	3000.0	1896.015031092061	0.0	0	0.0	2846.1258885931456	1	0	1	3.169265050631754
237019.17414720016	6000.0	1826.951741392901	0.0	0	0.0	2846.1258885931456	1	0	1	3.515838640911727
238180.75945769643	6000.0	1665.3664308966527	0.0	0	0.0	2846.1258885931456	1	0	1	4.208985821471672
239118.95031533783	3000.0	1633.356487491162	0.0	0	0.0	2752.306802829029	1	0	2	2.082479787831573
240448.0256705543	3000.0	1304.2811322746702	0.0	0	0.0	2752.306802829	1	0	1	2.978646959208169
241745.60651406867	3000.0	1006.7002887603305	0.0	0	0.0	2752.306802829	1	0	1	3.178646959208169
243122.38287920592	3000.0	629.9239236230836	0.0	0	0.0	2752.306802829029	1	0	1	3.1786469592081676
244039.95473417616	2000.0	712.3520686528401	0.0	0	0.0	2752.306802829029	1	0	1	2.164984188937755
244660.38127794192	2000.0	1091.9255248870604	0.0	0	0.0	2752.306802829029	1	0	1	2.5704492970459194
246657.5191840754	3000.0	200.0	105.21238124640308	0	0.0	2857.5191840754414	1	0	1	2.139417849201416
247133.6991464253	1000.0	781.3125295797464	57.49249192964277	0	0.0	2915.011676005088	1	0	1	0.0708907986424292
247668.4986285672	1000.0	1246.5130474378573	0.0	0	0.0	2915.011676005117	1	0	1	1.5144580388883928
248517.3551884113	2000.0	1397.6564875937568	0.0	0	0.0	2915.011676005117	1	0	1	1.861031629168365
249523.0554754768	3000.0	1391.9562005282671	0.0	0	0.0	2915.011676005146	1	0	1	2.7569113637823897
251240.14677260575	3000.0	674.8649033993079	0.0	0	0.0	2915.011676005146	1	0	1	3.1623764718905543
252408.36568932538	1000.0	506.64598667966663	0.0	0	0.0	2915.011676005175	1	0	1	0.41584575022027703
252921.9876349088	1000.0	993.0240410962919	0.0	0	0.0	2915.011676005175	1	0	1	1.5144580388883868
253543.4153298881	1000.0	1371.5963461169658	0.0	0	0.0	2915.011676005175	1	0	1	1.5144580388883868
254262.3142469805	1000.0	1580.8075373153342	0.0	0	0.0	2843.121784295916	1	0	2	1.1197470056361964
255086.28433337054	1000.0	1674.44044228626	0.0	0	0.0	2760.724775656854	1	0	2	1.3279444076467
255887.3570779171	1000.0	1793.2604232850167	0.0	0	0.0	2680.617501202156	1	0	2	1.3360395214448455
257090.316282358	2000.0	1590.3012188441735	0.0	0	0.0	2680.617501202156	1	0	1	1.6844710466486614
258023.51571511853	3000.0	1657.1017860836762	0.0	0	0.0	2680.617501202156	1	0	1	2.7803507812626886
258892.49158803618	3000.0	1788.1259131660095	0.0	0	0.0	2680.617501202156	1	0	1	3.1858158893708532
259713.9441423498	3000.0	1966.6733588523894	0.0	0	0.0	2680.617501202156	1	0	1	3.1858158893708532
260693.60956488817	3000.0	1987.007936314013	0.0	0	0.0	2680.617501202156	1	0	1	3.1858158893708532
261669.58685762025	3000.0	2011.0306435819555	0.0	0	0.0	2680.617501202156	1	0	1	3.1858158893708532
262706.05160827097	3000.0	1870.9194178661323	0.0	0	0.0	2576.9710261370637	1	0	2	2.793511133454338
263329.5849439084	3000.0	2185.032748665019	0.0	0	0.0	2514.6176925733744	1	0	2	3.00075083112678
264855.8421535686	3000.0	1506.149818038767	0.0	0	0.0	2361.99197160732	1	0	2	3.0129088464504994
266337.15798514034	3000.0	1024.8339864670147	0.0	0	0.0	2361.99197160732	1	0	1	3.017678442330337
267381.0940185412	3000.0	980.8979530660779	0.0	0	0.0	2361.99197160732	1	0	1	3.217678442330337
268522.10100025736	3000.0	839.8909713499833	0.0	0	0.0	2361.991971607378	1	0	1	3.2176784423303313
270042.3043178345	2000.0	319.6876537728876	0.0	0	0.0	2361.9919716074364	1	0	1	2.204015672059914
270582.8558671225	1000.0	779.1361044849173	0.0	0	0.0	2361.9919716074364	1	0	1	0.8766128287682153
271841.98912022443	2000.0	520.0028513829407	0.0	0	0.0	2361.991971607378	1	0	1	1.9163335996081345
272592.37234094384	1000.0	769.6196306635336	0.0	0	0.0	2361.991971607378	1	0	1	0.8766128287682214
273030.8791525005	1000.0	1331.1128191069279	0.0	0	0.0	2361.991971607378	1	0	1	1.5697600093281667
274119.1718182576	2000.0	1242.8201533498636	0.0	0	0.0	2361.991971607378	1	0	1	1.916333599608139
275544.7049924092	3000.0	817.2869791982671	0.0	0	0.0	2361.99197160732	1	0	1	2.8122133342221725
276652.2758494718	2000.0	709.7161221356929	0.0	0	0.0	2361.99197160732	1	0	1	2.2040156720599255
277347.3679255095	1000.0	1014.624046097977	0.0	0	0.0	2361.99197160732	1	0	1	0.876612828768227
278506.3019418893	2000.0	855.6900297182109	0.0	0	0.0	2361.991971607262	1	0	1	1.9163335996081505
279152.3825865748	1000.0	1209.6093850326442	0.0	0	0.0	2361.991971607262	1	0	1	0.8766128287682329
279953.5260861902	2000.0	1408.4658854172483	0.0	0	0.0	2361.991971607262	1	0	1	1.9163335996081505
280935.92048093566	3000.0	1426.0714906718065	0.0	0	0.0	2361.991971607262	1	0	1	2.8122133342221782
282218.8081309556	3000.0	1143.1838406518336	0.0	0	0.0	2361.991971607262	1	0	1	3.217678442330343
283114.5459073417	2000.0	1247.4460642657648	0.0	0	0.0	2361.991971607262	1	0	1	2.2040156720599313
283732.471063353	1000.0	1629.5209082544056	0.0	0	0.0	2361.991971607262	1	0	1	0.8766128287682329
285108.5209175099	2000.0	1253.4710540975125	0.0	0	0.0	2361.991971607262	1	0	1	1.9163335996081505
286122.9287996173	2000.0	1239.0631719901753	0.0	0	0.0	2361.991971607262	1	0	1	2.609480780168096
287176.6059031527	3000.0	1185.3860684547672	0.0	0	0.0	2361.99197160732	1	0	1	2.8122133342221725
288032.68647677114	3000.0	1329.305494836342	0.0	0	0.0	2361.991971607378	1	0	1	3.2176784423303313
289051.14876664674	3000.0	1310.8432049607177	0.0	0	0.0	2361.991971607378	1	0	1	3.2176784423303313
289771.35672169935	3000.0	1590.6352499081072	0.0	0	0.0	2361.99197160732	1	0	1	3.2176784423303326
290636.71084713173	3000.0	1725.2811244757704	0.0	0	0.0	2361.99197160732	1	0	1	3.217678442330337
291635.73874840065	3000.0	1726.253223206856	0.0	0	0.0	2361.991971607378	1	0	1	3.2176784423303313
293120.6603666177	3000.0	1241.3316049897999	0.0	0	0.0	2361.991971607378	1	0	1	3.2176784423303313
294161.2869694927	2000.0	1200.7050021148755	0.0	0	0.0	2361.99197160732	1	0	1	2.204015672059924
295373.27075588953	2000.0	988.7212157180365	0.0	0	0.0	2361.991971607262	1	0	1	2.609480780168096
296213.06295179325	2000.0	1148.9290198143344	0.0	0	0.0	2361.991971607262	1	0	1	2.609480780168096
297018.6178203418	3000.0	1343.374151265829	0.0	0	0.0	2361.99197160732	1	0	1	2.8122133342221733
298025.41137922986	3000.0	1336.5805923777298	0.0	0	0.0	2361.991971607262	1	0	1	3.217678442330343
298744.36918963905	3000.0	1617.6227819685555	0.0	0	0.0	2361.991971607262	1	0	1	3.217678442330343
299349.0128664056	3000.0	2012.9791052019589	0.0	0	0.0	2361.991971607262	1	0	1	3.217678442330343
300241.8631365758	6000.0	2120.1288350318255	0.0	0	0.0	2361.99197160732	1	0	1	3.5642520326103098
4.47	4.3	3.74	3.01	2.68	3.15	2.97	2.5	3.05	2.99	2.81	3.68	3.54	1.8	2.26	2.21	2.37	2.34	1.98	1.38	1.11	1.81	2.55	3.64	4.39	5.18	3.35	1.03	1.02	1.1	1.32	2.26	2.95	2.94	2.56	3.01	3.98	4.14	4.05	4.73	3.48	2.14	2.02	1.67	2.44	3.24	4.05	2.99	3.07	2.97	3.44	3.1	1.49	1.59	1.91	2.49	1.83	2.22	2.61	2.34	2.54	2.64	3.36	3.24	1.93	1.95	2.33	2.75	2.51	3.07	3.92	4.14	2.05	1.3	2.03	2.88	3.9	3.46	2.76	3.08	3.24	3.79	4.55	5.43	6.17	4.32	2.66	2.65	3.23	2.41	2.47	2.41	2.35	1.76	2.15	2.7	2.93	2.04	0.78	1.46	1.89	1.37	1.54	1.83	2.58	2.85	3.06	2.99	3.29	3.79	3.66	2.1	2.27	2.81	2.57	1.87	1.49	2.22	1.9	1.75	2.24	3.04	2.64	1.51	1.87	1.81	1.98	2.42	3.09	2.39	1.56	1.68	1.83	2.73	2.87	3.26	3.45	4.29	3.9	2.21	1.89	1.97	2.54	2.61	3.34	4.1	5.0	5.48	3.22	4.15	4.47	4.3	3.74	3.01	2.68	3.15	2.97	2.5	3.05	2.99	2.81	3.68	3.54	1.8	2.26	2.21	2.37	2.34	1.98	1.38	1.11	1.81	2.55	3.64	4.39	5.18	3.35	1.03	1.02	1.1	1.32	2.26	2.95	2.94	2.56	3.01	3.98	4.14	4.05	4.73	3.48	2.14	2.02	1.67	2.44	3.24	4.05	2.99	3.07	2.97	3.44	3.1	1.49	1.59	1.91	2.49	1.83	2.22	2.61	2.34	2.54	2.64	3.36	3.24	1.93	1.95	2.33	2.75	2.51	3.07	3.92	4.14	2.05	1.3	2.03	2.88	3.9	3.46	2.76	3.08	3.24	3.79	4.55	5.43	6.17	4.32	2.66	2.65	3.23	2.41	2.47	2.41	2.35	1.76	2.15	2.7	2.93	2.04	0.78	1.46	1.89	1.37	1.54	1.83	2.58	2.85	3.06	2.99	3.29	3.79	3.66	2.1	2.27	2.81	2.57	1.87	1.49	2.22	1.9	1.75	2.24	3.04	2.64	1.51	1.87	1.81	1.98	2.42	3.09	2.39	1.56	1.68	1.83	2.73	2.87	3.26	3.45	4.29	3.9	2.21	1.89	1.97	2.54	2.61	3.34	4.1	5.0	5.48	3.22	4.15	4.47
1.0	2.0	3.0	4.0	5.0	6.0	7.0	8.0	9.0	10.0	11.0	12.0	13.0	14.0	15.0	16.0	17.0	18.0	19.0	20.0	21.0	22.0	23.0	24.0	25.0	26.0	27.0	28.0	29.0	30.0	31.0	32.0	33.0	34.0	35.0	36.0	37.0	38.0	39.0	40.0	41.0	42.0	43.0	44.0	45.0	46.0	47.0	48.0	49.0	50.0	51.0	52.0	53.0	54.0	55.0	56.0	57.0	58.0	59.0	60.0	61.0	62.0	63.0	64.0	65.0	66.0	67.0	68.0	69.0	70.0	71.0	72.0	73.0	74.0	75.0	76.0	77.0	78.0	79.0	80.0	81.0	82.0	83.0	84.0	85.0	86.0	87.0	88.0	89.0	90.0	91.0	92.0	93.0	94.0	95.0	96.0	97.0	98.0	99.0	100.0	101.0	102.0	103.0	104.0	105.0	106.0	107.0	108.0	109.0	110.0	111.0	112.0	113.0	114.0	115.0	116.0	117.0	118.0	119.0	120.0	121.0	122.0	123.0	124.0	125.0	126.0	127.0	128.0	129.0	130.0	131.0	132.0	133.0	134.0	135.0	136.0	137.0	138.0	139.0	140.0	141.0	142.0	143.0	144.0	145.0	146.0	147.0	148.0	149.0	149.0	150.0	151.0	152.0	153.0	154.0	155.0	156.0	157.0	158.0	159.0	160.0	161.0	162.0	163.0	164.0	165.0	166.0	167.0	168.0	169.0	170.0	171.0	172.0	173.0	174.0	175.0	176.0	177.0	178.0	179.0	180.0	181.0	182.0	183.0	184.0	185.0	186.0	187.0	188.0	189.0	190.0	191.0	192.0	193.0	194.0	195.0	196.0	197.0	198.0	199.0	200.0	201.0	202.0	203.0	204.0	205.0	206.0	207.0	208.0	209.0	210.0	211.0	212.0	213.0	214.0	215.0	216.0	217.0	218.0	219.0	220.0	221.0	222.0	223.0	224.0	225.0	226.0	227.0	228.0	229.0	230.0	231.0	232.0	233.0	234.0	235.0	236.0	237.0	238.0	239.0	240.0	241.0	242.0	243.0	244.0	245.0	246.0	247.0	248.0	249.0	250.0	251.0	252.0	253.0	254.0	255.0	256.0	257.0	258.0	259.0	260.0	261.0	262.0	263.0	264.0	265.0	266.0	267.0	268.0	269.0	270.0	271.0	272.0	273.0	274.0	275.0	276.0	277.0	278.0	279.0	280.0	281.0	282.0	283.0	284.0	285.0	286.0	287.0	288.0	289.0	290.0	291.0	292.0	293.0	294.0	295.0	296.0	297.0	298.0	298.0	299.0
3720.7171344196595
