3598.4892193324467	300.0	2000.0	100.08075645035598	0	0.0	3598.4892193324467	1	0	1	-0.9587715107659656
3679.8611439663778	300.0	2918.628075366069	0.0	0	0.0	3598.4892193324467	1	0	1	-0.3598489219332447
4200.0	500.0	3398.4892193324467	0.0	0	415.5476722631438	3598.4892193324467	1	0	1	-0.10443611005024928
5200.0	500.0	3398.4892193324454	0.0	0	863.7558927025293	3598.489219332446	1	0	1	0.40638951371574156
6200.0	500.0	3398.4892193324445	0.0	0	892.0760552258726	3598.489219332445	1	0	1	0.40638951371574167
7200.0	1000.0	3398.4892193324445	0.0	0	738.6105198340838	3598.489219332445	1	0	1	0.7529631039957143
8200.0	1000.0	3398.4892193324445	0.0	0	837.558365709865	3598.489219332445	1	0	1	1.4461102845556597
9200.0	1000.0	3398.4892193324454	0.0	0	824.8911559889875	3598.489219332445	1	0	1	1.4461102845556597
10200.0	2000.0	3398.489219332445	0.0	0	669.7728982189747	3598.489219332444	1	0	1	1.7926838748356324
11200.0	6000.0	3398.4892193324426	0.0	0	16.562789418056127	3598.489219332442	1	0	1	3.0351371997296326
12200.0	6000.0	3398.4892193324426	0.0	0	98.61789248535206	3598.4892193324413	1	0	1	4.133749488397743
13507.323148754756	6000.0	3091.1660705776844	0.0	0	0.0	3598.4892193324413	1	0	1	4.133749488397743
14549.295501537443	6000.0	3049.1937177949976	0.0	0	0.0	3598.4892193324413	1	0	1	4.133749488397743
15982.395907465501	6000.0	2616.0933118669373	0.0	0	0.0	3598.4892193324413	1	0	1	4.133749488397743
17194.774067542294	6000.0	2403.715151790146	0.0	0	0.0	3598.489219332445	1	0	1	4.133749488397743
18413.18034501219	6000.0	2185.3088743202493	0.0	0	0.0	3598.4892193324467	1	0	1	4.133749488397742
19660.21653206739	6000.0	1938.2726872650553	0.0	0	0.0	3598.4892193324486	1	0	1	4.133749488397742
20696.020437523333	6000.0	1902.4687818091113	0.0	0	0.0	3598.4892193324486	1	0	1	4.133749488397742
21714.879256419346	6000.0	1883.6099629131018	0.0	0	0.0	3598.4892193324486	1	0	1	4.133749488397742
22509.050431624786	6000.0	2089.4387877076624	0.0	0	0.0	3598.4892193324486	1	0	1	4.133749488397742
23644.531193393494	6000.0	1953.9580259389516	0.0	0	0.0	3598.4892193324486	1	0	1	4.133749488397742
24539.367147134002	6000.0	2059.122072198444	0.0	0	0.0	3598.4892193324486	1	0	1	4.133749488397742
25420.901619061362	6000.0	2177.5876002710856	0.0	0	0.0	3598.489219332452	1	0	1	4.133749488397742
26606.8147664675	6000.0	1991.6744528649472	0.0	0	0.0	3598.489219332452	1	0	1	4.133749488397742
27480.79370659297	6000.0	2117.6955127394813	0.0	0	0.0	3598.489219332452	1	0	1	4.133749488397742
28546.339920841256	6000.0	2052.1492984911943	0.0	0	0.0	3598.489219332452	1	0	1	4.133749488397742
29586.30283765688	6000.0	2012.18638167557	0.0	0	0.0	3598.489219332452	1	0	1	4.133749488397742
30807.234743214074	6000.0	1791.2544761183726	0.0	0	0.0	3598.489219332452	1	0	1	4.133749488397742
31858.771504308887	6000.0	1739.717715023561	0.0	0	0.0	3598.489219332452	1	0	1	4.133749488397742
32781.583451552295	6000.0	1816.9057677801516	0.0	0	0.0	3598.489219332452	1	0	1	4.133749488397742
33526.90466671568	6000.0	2071.584552616767	0.0	0	0.0	3598.489219332452	1	0	1	4.133749488397742
34393.99829041081	6000.0	2204.490928921642	0.0	0	0.0	3598.489219332456	1	0	1	4.133749488397742
35435.07586437629	6000.0	2163.4133549561634	0.0	0	0.0	3598.489219332452	1	0	1	4.133749488397742
36178.20702727698	6000.0	2420.28219205547	0.0	0	0.0	3598.4892193324486	1	0	1	4.133749488397742
37216.084433858014	6000.0	2382.4047854744294	0.0	0	0.0	3598.4892193324413	1	0	1	4.133749488397743
38258.34708938146	6000.0	2340.142129950985	0.0	0	0.0	3598.4892193324413	1	0	1	4.133749488397743
39094.53097206007	6000.0	2503.958247272377	0.0	0	0.0	3598.4892193324413	1	0	1	4.133749488397743
40346.03850904416	6000.0	2252.450710288277	0.0	0	0.0	3598.4892193324413	1	0	1	4.133749488397743
41161.848568905	6000.0	2436.6406504274405	0.0	0	0.0	3598.489219332434	1	0	1	4.1337494883977435
42336.25446997475	6000.0	2262.2347493576945	0.0	0	0.0	3598.489219332434	1	0	1	4.1337494883977435
43704.607192028845	6000.0	1893.8820273036058	0.0	0	0.0	3598.489219332434	1	0	1	4.1337494883977435
44603.86314978462	6000.0	1994.6260695478256	0.0	0	0.0	3598.4892193324413	1	0	1	4.133749488397743
45152.447296701794	6000.0	2446.0419226306535	0.0	0	0.0	3598.4892193324413	1	0	1	4.133749488397743
46100.53727566038	6000.0	2497.951943672069	0.0	0	0.0	3598.4892193324413	1	0	1	4.133749488397743
46955.31449816131	6000.0	2643.174721171141	0.0	0	0.0	3598.489219332434	1	0	1	4.1337494883977435
48151.8709772614	6000.0	2446.6182420710484	0.0	0	0.0	3598.489219332434	1	0	1	4.1337494883977435
48966.7396586787	6000.0	2631.7495606537536	0.0	0	0.0	3598.489219332434	1	0	1	4.1337494883977435
49701.96927468414	6000.0	2896.519944648315	0.0	0	0.0	3598.489219332434	1	0	1	4.1337494883977435
50936.81527714642	6000.0	2661.673942186037	0.0	0	0.0	3598.489219332434	1	0	1	4.1337494883977435
52094.56551678772	6000.0	2503.923702544742	0.0	0	0.0	3598.489219332434	1	0	1	4.1337494883977435
53561.15265614771	6000.0	2037.336563184757	0.0	0	0.0	3598.489219332434	1	0	1	4.1337494883977435
54639.20202985466	6000.0	1959.2871894777961	0.0	0	0.0	3598.489219332434	1	0	1	4.1337494883977435
55666.97664032882	6000.0	1931.5125790036263	0.0	0	0.0	3598.4892193324267	1	0	1	4.1337494883977435
56643.75700196366	6000.0	1954.7322173687867	0.0	0	0.0	3598.4892193324267	1	0	1	4.1337494883977435
57656.61285881014	6000.0	1941.876360522302	0.0	0	0.0	3598.4892193324267	1	0	1	4.1337494883977435
59601.80533897785	6000.0	996.6838803545963	0.0	0	0.0	3598.489219332434	1	0	1	4.1337494883977435
60345.3970261615	3000.0	1253.0921931709408	0.0	0	0.0	3598.489219332434	1	0	1	2.400881536997881
61467.240360230426	3000.0	1131.2488591020215	0.0	0	0.0	3598.489219332434	1	0	1	3.094028717557826
62017.59027008572	3000.0	1580.8989492467238	0.0	0	0.0	3598.489219332434	1	0	1	3.094028717557826
62639.49481088606	3000.0	1958.994408446381	0.0	0	0.0	3598.489219332434	1	0	1	3.094028717557826
63415.04124822658	3000.0	2183.447971105851	0.0	0	0.0	3598.4892193324267	1	0	1	3.0940287175578263
63933.44881845797	3000.0	2665.0404008744604	0.0	0	0.0	3598.4892193324267	1	0	1	3.0940287175578263
64264.56103770084	3000.0	3333.9281816315884	0.0	0	0.0	3598.4892193324267	1	0	1	3.0940287175578263
65200.0	6000.0	3398.4892193324354	0.0	0	135.59637010193546	3598.4892193324267	1	0	1	3.440602307837799
66250.04029322726	6000.0	3348.448926105165	0.0	0	0.0	3598.489219332405	1	0	1	4.133749488397745
67200.0	6000.0	3398.4892193324163	0.0	0	275.51796420915343	3598.4892193323976	1	0	1	4.133749488397747
68200.0	6000.0	3398.4892193324104	0.0	0	309.18188100912084	3598.4892193323976	1	0	1	4.133749488397747
69200.0	6000.0	3398.489219332415	0.0	0	359.6210770767939	3598.489219332405	1	0	1	4.133749488397746
70200.0	6000.0	3398.4892193324176	0.0	0	229.24754622245382	3598.4892193324195	1	0	1	4.133749488397745
71200.0	6000.0	3398.4892193324113	0.0	0	228.92927090769808	3598.4892193324195	1	0	1	4.133749488397745
72200.0	6000.0	3398.4892193324167	0.0	0	202.5079208859679	3598.4892193324195	1	0	1	4.133749488397745
73465.77228374784	6000.0	3132.716935584581	0.0	0	0.0	3598.4892193324195	1	0	1	4.133749488397745
74528.6353246247	6000.0	3069.8538947077345	0.0	0	0.0	3598.4892193324195	1	0	1	4.133749488397745
75261.94798740445	6000.0	3336.5412319279817	0.0	0	0.0	3598.489219332405	1	0	1	4.133749488397746
76453.5216199932	6000.0	3144.967599339222	0.0	0	0.0	3598.489219332405	1	0	1	4.133749488397746
77536.0293545584	6000.0	3062.4598647740236	0.0	0	0.0	3598.489219332405	1	0	1	4.133749488397746
78893.29096728483	6000.0	2705.198252047595	0.0	0	0.0	3598.4892193324195	1	0	1	4.133749488397745
79940.17753613199	6000.0	2658.311683200427	0.0	0	0.0	3598.4892193324195	1	0	1	4.133749488397745
80894.85794561365	6000.0	2703.631273718754	0.0	0	0.0	3598.4892193324195	1	0	1	4.133749488397745
81776.32241587141	6000.0	2822.1668034609806	0.0	0	0.0	3598.4892193324195	1	0	1	4.133749488397745
83560.77867891766	6000.0	2037.7105404147396	0.0	0	0.0	3598.4892193324195	1	0	1	4.133749488397745
84684.23260777428	6000.0	1914.2566115581278	0.0	0	0.0	3598.489219332434	1	0	1	4.1337494883977435
85788.45828750472	6000.0	1810.030931827681	0.0	0	0.0	3598.489219332434	1	0	1	4.1337494883977435
86950.13407559553	6000.0	1648.3551437368712	0.0	0	0.0	3598.4892193324486	1	0	1	4.133749488397742
87356.11662521373	3000.0	2242.3725941186567	0.0	0	0.0	3598.4892193324486	1	0	1	2.400881536997879
88090.20690657083	6000.0	2508.2823127615475	0.0	0	0.0	3598.4892193324486	1	0	1	3.4406023078377967
88934.26392576421	6000.0	2664.225293568182	0.0	0	0.0	3598.4892193324486	1	0	1	4.133749488397742
89745.60751897207	6000.0	2852.8817003603176	0.0	0	0.0	3598.4892193324486	1	0	1	4.133749488397742
90496.91555765228	6000.0	3101.573661680107	0.0	0	0.0	3598.4892193324486	1	0	1	4.133749488397742
91200.0	6000.0	3398.4892193323817	0.0	0	56.65952783288958	3598.489219332463	1	0	1	4.133749488397741
92411.45133863631	6000.0	3187.037880696074	0.0	0	0.0	3598.4892193324777	1	0	1	4.133749488397739
93270.28230370738	6000.0	3328.2069156249863	0.0	0	0.0	3598.4892193324777	1	0	1	4.133749488397739
94201.84605175743	6000.0	3396.643167574931	0.0	0	0.0	3598.4892193324777	1	0	1	4.133749488397739
95200.0	6000.0	3398.4892193323635	0.0	0	115.86079222345143	3598.4892193324777	1	0	1	4.133749488397739
96200.0	6000.0	3398.4892193323594	0.0	0	187.73902526318852	3598.489219332492	1	0	1	4.133749488397738
97200.0	6000.0	3398.489219332344	0.0	0	331.6238409102807	3598.4892193324777	1	0	1	4.133749488397739
98548.94460532334	6000.0	3049.5446140089966	0.0	0	0.0	3598.4892193324777	1	0	1	4.133749488397739
99663.58796111593	6000.0	2934.9012582164123	0.0	0	0.0	3598.4892193324777	1	0	1	4.133749488397739
100320.42958539387	6000.0	3278.05963393848	0.0	0	0.0	3598.4892193324777	1	0	1	4.133749488397739
101200.0	6000.0	3398.489219332325	0.0	0	73.23323233606061	3598.4892193324777	1	0	1	4.133749488397739
102384.87775480874	6000.0	3213.611464523599	0.0	0	0.0	3598.4892193324777	1	0	1	4.133749488397739
103225.43828388308	6000.0	3373.0509354492515	0.0	0	0.0	3598.489219332463	1	0	1	4.133749488397741
104200.0	6000.0	3398.489219332319	0.0	0	26.056421708039124	3598.489219332463	1	0	1	4.133749488397741
105200.0	6000.0	3398.4892193323126	0.0	0	215.74841176273185	3598.489219332463	1	0	1	4.133749488397741
106325.56400382327	6000.0	3272.9252155090458	0.0	0	0.0	3598.4892193324777	1	0	1	4.133749488397739
107200.0	6000.0	3398.489219332314	0.0	0	297.69234391549253	3598.4892193324777	1	0	1	4.133749488397739
108200.0	6000.0	3398.489219332316	0.0	0	298.6850354694179	3598.4892193324777	1	0	1	4.133749488397739
109211.6087427187	6000.0	3386.880476613627	0.0	0	0.0	3598.4892193324777	1	0	1	4.133749488397739
110328.51263430479	6000.0	3269.9765850275353	0.0	0	0.0	3598.489219332492	1	0	1	4.133749488397738
111477.53140164386	6000.0	3120.957817688467	0.0	0	0.0	3598.489219332492	1	0	1	4.133749488397738
112410.57731292455	6000.0	3187.9119064077813	0.0	0	0.0	3598.489219332492	1	0	1	4.133749488397738
113200.0	6000.0	3398.4892193323203	0.0	0	12.332707064924762	3598.489219332492	1	0	1	4.133749488397738
114240.41175414497	6000.0	3358.077465187348	0.0	0	0.0	3598.489219332492	1	0	1	4.133749488397738
115200.0	6000.0	3398.489219332315	0.0	0	156.8980175662873	3598.4892193324777	1	0	1	4.133749488397739
116200.0	6000.0	3398.489219332317	0.0	0	92.46091359402635	3598.4892193324777	1	0	1	4.133749488397739
117200.0	6000.0	3398.4892193323235	0.0	0	454.1496738838905	3598.489219332492	1	0	1	4.133749488397738
118200.0	6000.0	3398.489219332332	0.0	0	511.0424753807165	3598.489219332492	1	0	1	4.133749488397738
119200.0	6000.0	3398.4892193323344	0.0	0	107.6364942639484	3598.489219332492	1	0	1	4.133749488397738
120265.00600575245	6000.0	3333.4832135798833	0.0	0	0.0	3598.489219332492	1	0	1	4.133749488397738
121200.0	6000.0	3398.489219332332	0.0	0	15.435161473258631	3598.489219332492	1	0	1	4.133749488397738
122200.0	6000.0	3398.4892193323167	0.0	0	103.27520431177982	3598.489219332492	1	0	1	4.133749488397738
123353.69970795329	6000.0	3244.7895113790346	0.0	0	0.0	3598.489219332492	1	0	1	4.133749488397738
124423.44104851717	6000.0	3175.048170815166	0.0	0	0.0	3598.489219332492	1	0	1	4.133749488397738
125382.34187794519	6000.0	3216.1473413871267	0.0	0	0.0	3598.489219332492	1	0	1	4.133749488397738
126686.04324983027	6000.0	2912.4459695020587	0.0	0	0.0	3598.4892193325068	1	0	1	4.133749488397736
127689.77186196668	6000.0	2908.71735736563	0.0	0	0.0	3598.4892193325068	1	0	1	4.133749488397736
128782.94549728789	6000.0	2815.54372204443	0.0	0	0.0	3598.4892193325068	1	0	1	4.133749488397736
130322.02724782564	6000.0	2276.461971506676	0.0	0	0.0	3598.4892193325068	1	0	1	4.133749488397736
131471.74931467837	6000.0	2126.7399046539585	0.0	0	0.0	3598.4892193325213	1	0	1	4.133749488397736
132388.5421983038	6000.0	2209.9470210285435	0.0	0	0.0	3598.489219332536	1	0	1	4.133749488397734
133192.35241911843	6000.0	2406.1368002139043	0.0	0	0.0	3598.4892193325213	1	0	1	4.133749488397735
134002.12416279057	6000.0	2596.3650565417815	0.0	0	0.0	3598.489219332536	1	0	1	4.133749488397732
134754.55231926683	6000.0	2843.9369000655424	0.0	0	0.0	3598.4892193325504	1	0	1	4.133749488397733
135828.1162858195	6000.0	2770.3729335128683	0.0	0	0.0	3598.4892193325213	1	0	1	4.133749488397735
136946.96800272	6000.0	2651.5212166123597	0.0	0	0.0	3598.4892193325213	1	0	1	4.133749488397735
137979.8542815984	6000.0	2618.6349377339566	0.0	0	0.0	3598.4892193325213	1	0	1	4.133749488397735
139110.65695265683	6000.0	2487.8322666755303	0.0	0	0.0	3598.4892193325213	1	0	1	4.133749488397735
140046.30772681077	6000.0	2552.1814925216045	0.0	0	0.0	3598.4892193325504	1	0	1	4.133749488397732
140799.15929628842	6000.0	2799.3299230439466	0.0	0	0.0	3598.4892193325795	1	0	1	4.133749488397729
141769.89333998438	6000.0	2828.595879347981	0.0	0	0.0	3598.4892193325504	1	0	1	4.133749488397732
142750.0184988433	6000.0	2848.470720489043	0.0	0	0.0	3598.4892193325504	1	0	1	4.133749488397732
143943.32953424656	6000.0	2655.1596850857864	0.0	0	0.0	3598.4892193325504	1	0	1	4.133749488397732
144708.61418791593	6000.0	2889.8750314163785	0.0	0	0.0	3598.4892193325504	1	0	1	4.133749488397732
145526.73578395048	6000.0	3071.7534353818023	0.0	0	0.0	3598.4892193325504	1	0	1	4.133749488397732
146710.38216640626	6000.0	2888.107052926	0.0	0	0.0	3598.4892193325504	1	0	1	4.133749488397732
147889.84843364317	6000.0	2708.640785689054	0.0	0	0.0	3598.4892193325213	1	0	1	4.133749488397735
149198.20937465696	6000.0	2400.2798446752645	0.0	0	0.0	3598.4892193325213	1	0	1	4.133749488397735
150312.32512372837	6000.0	2286.164095603863	0.0	0	0.0	3598.4892193325213	1	0	1	4.133749488397735
151402.21048405324	6000.0	2196.278735278972	0.0	0	0.0	3598.489219332492	1	0	1	4.133749488397738
152029.9932906517	6000.0	2568.4959286805197	0.0	0	0.0	3598.489219332492	1	0	1	4.133749488397738
152807.9854321612	6000.0	2790.5037871710256	0.0	0	0.0	3598.489219332492	1	0	1	4.133749488397738
153706.91591530497	6000.0	2891.573304027224	0.0	0	0.0	3598.489219332434	1	0	1	4.133749488397743
154772.042357687	6000.0	2826.446861645198	0.0	0	0.0	3598.489219332463	1	0	1	4.133749488397741
155815.1603669621	6000.0	2783.328852370126	0.0	0	0.0	3598.489219332492	1	0	1	4.133749488397739
156812.38725720544	6000.0	2786.1019621267988	0.0	0	0.0	3598.4892193325504	1	0	1	4.133749488397732
157431.7076869627	6000.0	3166.7815323695095	0.0	0	0.0	3598.4892193325213	1	0	1	4.133749488397732
158658.33844347633	6000.0	2940.150775855872	0.0	0	0.0	3598.489219332492	1	0	1	4.1337494883977355
159500.79462703347	6000.0	3097.694592298754	0.0	0	0.0	3598.4892193325213	1	0	1	4.133749488397737
160345.60932832668	6000.0	3252.8798910055093	0.0	0	0.0	3598.489219332492	1	0	1	4.133749488397738
161377.00204730176	6000.0	3221.487172030408	0.0	0	0.0	3598.489219332492	1	0	1	4.133749488397738
162615.4749739431	6000.0	2983.014245389057	0.0	0	0.0	3598.489219332492	1	0	1	4.133749488397738
163495.09064229048	6000.0	3103.398577041706	0.0	0	0.0	3598.489219332492	1	0	1	4.133749488397735
164930.1266045753	6000.0	2668.3626147569207	0.0	0	0.0	3598.489219332492	1	0	1	4.133749488397738
166249.17758907442	6000.0	2349.3116302577555	0.0	0	0.0	3598.489219332492	1	0	1	4.133749488397738
167557.68721004567	6000.0	2040.8020092865256	0.0	0	0.0	3598.4892193325213	1	0	1	4.133749488397737
168465.59319958746	6000.0	2132.896019744759	0.0	0	0.0	3598.489219332492	1	0	1	4.133749488397735
169425.16893440735	6000.0	2173.3202849248105	0.0	0	0.0	3598.489219332492	1	0	1	4.133749488397738
170056.34353149138	6000.0	2542.145687840796	0.0	0	0.0	3598.489219332492	1	0	1	4.133749488397738
171163.4213066138	6000.0	2435.067912718378	0.0	0	0.0	3598.489219332492	1	0	1	4.133749488397738
172091.00618890932	6000.0	2507.4830304228567	0.0	0	0.0	3598.489219332492	1	0	1	4.133749488397738
173424.74484805108	6000.0	2173.7443712811137	0.0	0	0.0	3598.489219332463	1	0	1	4.133749488397739
174100.5077890624	6000.0	2497.981430269818	0.0	0	0.0	3598.489219332463	1	0	1	4.133749488397741
175431.77219476717	6000.0	2166.717024565047	0.0	0	0.0	3598.489219332405	1	0	1	4.1337494883977435
176813.04229794935	6000.0	1785.4469213829007	0.0	0	0.0	3598.489219332405	1	0	1	4.133749488397746
177626.1091283239	6000.0	1972.380091008339	0.0	0	0.0	3598.489219332405	1	0	1	4.133749488397746
178655.4017082798	6000.0	1943.0875110524576	0.0	0	0.0	3598.489219332376	1	0	1	4.133749488397749
179629.4276430753	6000.0	1969.0615762569746	0.0	0	0.0	3598.489219332405	1	0	1	4.133749488397746
180567.28279818493	6000.0	2031.2064211473125	0.0	0	0.0	3598.489219332405	1	0	1	4.133749488397746
181580.12950211953	6000.0	2018.3597172127338	0.0	0	0.0	3598.489219332405	1	0	1	4.133749488397746
182705.4099860362	6000.0	1893.079233296079	0.0	0	0.0	3598.489219332434	1	0	1	4.133749488397744
183570.8168170213	6000.0	2027.6724023109507	0.0	0	0.0	3598.489219332434	1	0	1	4.1337494883977435
184685.64692967644	6000.0	1912.842289655764	0.0	0	0.0	3598.489219332463	1	0	1	4.133749488397742
185496.52611541515	6000.0	2101.9631039170135	0.0	0	0.0	3598.489219332463	1	0	1	4.133749488397741
186193.87654555473	6000.0	2404.612673777494	0.0	0	0.0	3598.489219332463	1	0	1	4.133749488397741
187253.8724911613	6000.0	2344.616728170889	0.0	0	0.0	3598.489219332434	1	0	1	4.1337494883977435
188298.49924330082	6000.0	2299.9899760313783	0.0	0	0.0	3598.489219332405	1	0	1	4.133749488397746
189283.60730829462	6000.0	2314.8819110375302	0.0	0	0.0	3598.489219332405	1	0	1	4.133749488397746
190180.47644974943	6000.0	2418.012769582721	0.0	0	0.0	3598.489219332405	1	0	1	4.133749488397746
191306.9543774369	6000.0	2291.5348418952276	0.0	0	0.0	3598.489219332405	1	0	1	4.133749488397746
192560.22920283588	6000.0	2038.2600164962148	0.0	0	0.0	3598.489219332405	1	0	1	4.133749488397746
193582.7577080424	6000.0	2015.7315112896845	0.0	0	0.0	3598.489219332376	1	0	1	4.133749488397749
194234.5426832979	6000.0	2363.9465360341646	0.0	0	0.0	3598.489219332376	1	0	1	4.133749488397749
195402.5553861442	6000.0	2195.93383318788	0.0	0	0.0	3598.489219332376	1	0	1	4.133749488397749
196614.34643145918	6000.0	1984.142787872916	0.0	0	0.0	3598.489219332405	1	0	1	4.133749488397746
197800.8147728486	6000.0	1797.6744464835	0.0	0	0.0	3598.489219332405	1	0	1	4.133749488397746
198695.46005183086	6000.0	1903.0291675012693	0.0	0	0.0	3598.489219332434	1	0	1	4.1337494883977435
199991.67520211026	6000.0	1606.8140172218814	0.0	0	0.0	3598.489219332463	1	0	1	4.133749488397741
201275.3606276465	6000.0	1323.1285916856798	0.0	0	0.0	3598.489219332463	1	0	1	4.133749488397741
202767.21753511135	6000.0	831.2716842208471	0.0	0	0.0	3598.489219332492	1	0	1	4.133749488397738
203231.75691128182	3000.0	1366.732308050396	0.0	0	0.0	3598.489219332492	1	0	1	2.4008815369978747
203592.6389161321	3000.0	2005.8503032001304	0.0	0	0.0	3598.489219332492	1	0	1	3.0940287175578196
204443.7295988704	6000.0	2154.7596204618194	0.0	0	0.0	3598.489219332492	1	0	1	3.4406023078377928
205418.58054689105	6000.0	2179.9086724411623	0.0	0	0.0	3598.489219332492	1	0	1	4.133749488397738
206463.3775245541	6000.0	2135.111694778141	0.0	0	0.0	3598.489219332492	1	0	1	4.133749488397738
208133.29552450814	6000.0	1465.193694824102	0.0	0	0.0	3598.489219332492	1	0	1	4.133749488397738
209160.88803185985	6000.0	1437.6011874723738	0.0	0	0.0	3598.489219332492	1	0	1	4.133749488397738
210506.7730398337	6000.0	1091.7161794984963	0.0	0	0.0	3598.489219332492	1	0	1	4.133749488397738
212043.41087729958	6000.0	555.0783420325969	0.0	0	0.0	3598.4892193325213	1	0	1	4.133749488397735
212456.7108242128	3000.0	1141.7783951194165	0.0	0	0.0	3598.4892193325213	1	0	1	2.400881536997872
212955.33081682897	3000.0	1643.1584025032316	0.0	0	0.0	3598.4892193325213	1	0	1	3.094028717557817
213458.55170718158	3000.0	2139.937512150608	0.0	0	0.0	3598.4892193325213	1	0	1	3.094028717557817
214680.58491700375	6000.0	1917.9043023284494	0.0	0	0.0	3598.4892193325213	1	0	1	3.440602307837789
215748.37702213836	6000.0	1850.1121971938578	0.0	0	0.0	3598.4892193325213	1	0	1	4.133749488397735
216678.0387331208	6000.0	1920.4504862114109	0.0	0	0.0	3598.4892193325213	1	0	1	4.133749488397735
217570.15055527777	6000.0	2028.3386640544304	0.0	0	0.0	3598.489219332492	1	0	1	4.133749488397738
217946.72983850355	6000.0	2651.7593808286742	0.0	0	0.0	3598.489219332492	1	0	1	4.133749488397738
218450.40769739973	6000.0	3148.0815219324686	0.0	0	0.0	3598.489219332492	1	0	1	4.133749488397738
219392.80104442764	6000.0	3205.6881749045233	0.0	0	0.0	3598.489219332492	1	0	1	4.133749488397738
220200.0	6000.0	3398.4892193321625	0.0	0	1.6131701892009005	3598.489219332492	1	0	1	4.133749488397738
221200.0	6000.0	3398.4892193321534	0.0	0	440.4000529816549	3598.489219332492	1	0	1	4.133749488397738
222200.0	6000.0	3398.4892193321675	0.0	0	33.9465616637317	3598.489219332492	1	0	1	4.133749488397738
223200.0	6000.0	3398.489219332168	0.0	0	124.7676078886725	3598.489219332463	1	0	1	4.133749488397741
224200.0	6000.0	3398.4892193321703	0.0	0	280.9945889673545	3598.489219332463	1	0	1	4.133749488397741
225302.38062207313	6000.0	3296.108597259051	0.0	0	0.0	3598.489219332463	1	0	1	4.133749488397741
226385.1591170526	6000.0	3213.330102279588	0.0	0	0.0	3598.489219332434	1	0	1	4.1337494883977435
228006.51797278514	6000.0	2591.971246547059	0.0	0	0.0	3598.489219332434	1	0	1	4.1337494883977435
229086.47176509208	6000.0	2512.0174542401255	0.0	0	0.0	3598.489219332463	1	0	1	4.133749488397741
230303.3258115196	6000.0	2295.1634078126094	0.0	0	0.0	3598.489219332463	1	0	1	4.133749488397741
232123.50573875709	6000.0	1474.9834805751427	0.0	0	0.0	3598.4892193325213	1	0	1	4.133749488397736
233372.12118025863	6000.0	1226.3680390736326	0.0	0	0.0	3598.4892193325213	1	0	1	4.133749488397735
234722.17200906857	6000.0	876.3172102637276	0.0	0	0.0	3598.4892193325213	1	0	1	4.133749488397735
235631.2254812068	6000.0	967.2637381254987	0.0	0	0.0	3598.4892193325213	1	0	1	4.133749488397735
236051.85633581912	3000.0	1546.632883513213	0.0	0	0.0	3598.4892193325213	1	0	1	2.400881536997872
236523.2065908553	3000.0	2075.2826284770517	0.0	0	0.0	3598.4892193325504	1	0	1	3.094028717557814
237419.26655083426	6000.0	2179.222668498088	0.0	0	0.0	3598.4892193325213	1	0	1	3.4406023078377874
238101.64733769395	6000.0	2496.84188163836	0.0	0	0.0	3598.4892193325213	1	0	1	4.133749488397735
238866.865415725	6000.0	2731.6238036072696	0.0	0	0.0	3598.4892193325213	1	0	1	4.133749488397735
239880.36746958227	6000.0	2718.1217497500284	0.0	0	0.0	3598.4892193325213	1	0	1	4.133749488397735
241014.0409118222	6000.0	2584.4483075100975	0.0	0	0.0	3598.4892193325213	1	0	1	4.133749488397735
242122.16912523378	6000.0	2476.3200940985344	0.0	0	0.0	3598.4892193325213	1	0	1	4.133749488397735
243300.21678473253	6000.0	2298.2724345998017	0.0	0	0.0	3598.4892193325504	1	0	1	4.133749488397732
244250.21715648237	6000.0	2348.272062849969	0.0	0	0.0	3598.4892193325504	1	0	1	4.133749488397732
245036.70952198262	6000.0	2561.779697349717	0.0	0	0.0	3598.4892193325504	1	0	1	4.133749488397732
245846.07660767206	6000.0	2752.412611660267	0.0	0	0.0	3598.4892193325504	1	0	1	4.133749488397732
246933.1905884948	6000.0	2665.2986308375057	0.0	0	0.0	3598.4892193325504	1	0	1	4.133749488397732
248092.75851323784	6000.0	2505.7307060944377	0.0	0	0.0	3598.4892193325504	1	0	1	4.133749488397732
248954.73235348106	6000.0	2643.7568658512073	0.0	0	0.0	3598.4892193325213	1	0	1	4.133749488397735
249827.2595449082	6000.0	2771.2296744240734	0.0	0	0.0	3598.4892193325213	1	0	1	4.133749488397735
250981.4255546022	6000.0	2617.0636647300444	0.0	0	0.0	3598.4892193325213	1	0	1	4.133749488397735
251937.23452425376	6000.0	2661.2546950785095	0.0	0	0.0	3598.489219332492	1	0	1	4.133749488397738
252900.33340486392	6000.0	2698.1558144683113	0.0	0	0.0	3598.489219332492	1	0	1	4.133749488397738
254069.5905850578	6000.0	2528.8986342744456	0.0	0	0.0	3598.489219332492	1	0	1	4.133749488397738
254889.73853898543	6000.0	2708.750680346823	0.0	0	0.0	3598.489219332492	1	0	1	4.133749488397738
255898.89053915703	6000.0	2699.598680175204	0.0	0	0.0	3598.489219332492	1	0	1	4.133749488397738
256677.54216709224	6000.0	2920.9470522399674	0.0	0	0.0	3598.489219332463	1	0	1	4.133749488397739
257636.42129147655	6000.0	2962.0679278556295	0.0	0	0.0	3598.489219332434	1	0	1	4.1337494883977435
258348.6346355319	6000.0	3249.8545838002747	0.0	0	0.0	3598.489219332434	1	0	1	4.1337494883977435
259258.39066966562	6000.0	3340.098549666552	0.0	0	0.0	3598.489219332434	1	0	1	4.1337494883977435
260220.5468775204	6000.0	3377.94234181176	0.0	0	0.0	3598.489219332405	1	0	1	4.133749488397746
261200.0	6000.0	3398.489219332148	0.0	0	368.4680247416836	3598.489219332376	1	0	1	4.133749488397749
262200.0	6000.0	3398.4892193321607	0.0	0	29.284923043393064	3598.489219332405	1	0	1	4.133749488397748
263200.0	6000.0	3398.4892193321784	0.0	0	171.32504310290096	3598.489219332463	1	0	1	4.133749488397741
264435.866782403	6000.0	3162.6224369292217	0.0	0	0.0	3598.489219332492	1	0	1	4.13374948839774
265312.61481845356	6000.0	3285.874400878722	0.0	0	0.0	3598.4892193325213	1	0	1	4.133749488397735
266200.0	6000.0	3398.4892193323208	0.0	0	177.31014077411965	3598.4892193325795	1	0	1	4.13374948839773
267200.0	6000.0	3398.4892193323158	0.0	0	304.91290699585807	3598.4892193325795	1	0	1	4.133749488397729
268200.0	6000.0	3398.4892193323303	0.0	0	161.81362543057185	3598.4892193325795	1	0	1	4.133749488397729
269392.4873523644	6000.0	3206.001866967894	0.0	0	0.0	3598.4892193325795	1	0	1	4.133749488397729
270298.32774842245	6000.0	3300.161470909787	0.0	0	0.0	3598.4892193325795	1	0	1	4.133749488397729
271200.0	6000.0	3398.4892193322785	0.0	0	121.07865335646784	3598.4892193325795	1	0	1	4.133749488397729
272260.4852574383	6000.0	3338.003961893929	0.0	0	0.0	3598.4892193325213	1	0	1	4.133749488397735
273499.6183355678	6000.0	3098.8708837644253	0.0	0	0.0	3598.489219332463	1	0	1	4.1337494883977355
274380.5638903463	6000.0	3217.925328985843	0.0	0	0.0	3598.489219332463	1	0	1	4.133749488397741
275705.710311542	6000.0	2892.7789077901484	0.0	0	0.0	3598.489219332463	1	0	1	4.133749488397741
276745.1061771059	6000.0	2853.383042226186	0.0	0	0.0	3598.489219332463	1	0	1	4.133749488397741
278095.9409940666	6000.0	2502.5482252655256	0.0	0	0.0	3598.489219332463	1	0	1	4.133749488397739
279284.4486302437	6000.0	2314.0405890884135	0.0	0	0.0	3598.4892193325213	1	0	1	4.133749488397735
280229.6546778816	6000.0	2368.8345414505643	0.0	0	0.0	3598.4892193325213	1	0	1	4.133749488397735
281172.93107273924	6000.0	2425.558146592954	0.0	0	0.0	3598.4892193325213	1	0	1	4.133749488397735
282352.2319390758	6000.0	2246.2572802563973	0.0	0	0.0	3598.489219332463	1	0	1	4.133749488397741
283365.16565297573	6000.0	2233.3235663564155	0.0	0	0.0	3598.489219332463	1	0	1	4.133749488397741
284314.83512432175	6000.0	2283.654095010486	0.0	0	0.0	3598.489219332463	1	0	1	4.133749488397741
285170.92345186847	6000.0	2427.565767463711	0.0	0	0.0	3598.489219332463	1	0	1	4.133749488397741
286023.6981765785	6000.0	2574.791042753717	0.0	0	0.0	3598.489219332463	1	0	1	4.133749488397741
287250.69464399264	6000.0	2347.794575339606	0.0	0	0.0	3598.489219332463	1	0	1	4.133749488397741
288309.98854891764	6000.0	2288.50067041454	0.0	0	0.0	3598.489219332463	1	0	1	4.133749488397741
289051.0189051378	6000.0	2547.4703141944196	0.0	0	0.0	3598.489219332463	1	0	1	4.133749488397741
290397.09951116506	6000.0	2201.389708167077	0.0	0	0.0	3598.489219332463	1	0	1	4.133749488397741
291688.4161576996	6000.0	1910.073061632562	0.0	0	0.0	3598.489219332463	1	0	1	4.133749488397741
293011.6415768449	6000.0	1586.8476424872529	0.0	0	0.0	3598.489219332463	1	0	1	4.133749488397741
293849.41124372376	6000.0	1749.0779756083748	0.0	0	0.0	3598.489219332463	1	0	1	4.133749488397741
294977.1499384274	6000.0	1621.33928090484	0.0	0	0.0	3598.489219332463	1	0	1	4.133749488397741
295834.0157196301	6000.0	1764.4734997020894	0.0	0	0.0	3598.489219332463	1	0	1	4.133749488397739
296682.17805991037	6000.0	1916.311159421802	0.0	0	0.0	3598.489219332463	1	0	1	4.133749488397741
297795.1696621974	6000.0	1803.3195571347824	0.0	0	0.0	3598.489219332463	1	0	1	4.133749488397741
298710.00450277276	6000.0	1888.4847165594224	0.0	0	0.0	3598.489219332463	1	0	1	4.133749488397742
299815.77845994534	6000.0	1782.7107593868348	0.0	0	0.0	3598.4892193325213	1	0	1	4.133749488397737
300821.17046009295	6000.0	1777.3187592391935	0.0	0	0.0	3598.4892193325213	1	0	1	4.133749488397735
301500.9830467728	6000.0	2097.5061725593528	0.0	0	0.0	3598.489219332463	1	0	1	4.133749488397741
5.78	5.71	6.2	5.2	8.03	4.76	5.81	6.73	5.93	5.41	7.54	4.64	6.28	5.09	5.78	6.29	7.91	7.23	6.06	6.8	4.93	6.71	6.23	6.17	5.39	7.41	5.79	5.91	7.63	6.54	7.32	6.26	6.49	6.52	4.45	6.52	6.01	7.3	3.75	5.13	6.5	9.36	6.32	6.14	6.74	6.95	5.87	5.0	5.07	4.07	5.33	7.4	6.87	7.01	4.82	2.88	4.85	3.5	4.63	5.34	8.21	6.42	5.58	7.22	7.84	12.9	8.19	9.83	9.22	5.49	6.63	7.91	6.01	4.66	3.85	6.59	5.85	6.04	4.55	4.19	7.0	5.51	5.87	5.97	7.01	10.0	8.17	8.12	5.6	6.87	6.67	5.35	7.71	6.78	4.3	6.79	8.55	5.79	6.35	8.03	6.3	6.2	5.42	8.6	8.48	6.97	6.01	6.95	7.75	8.26	6.07	5.64	7.6	9.06	12.5	5.98	6.65	5.82	6.49	5.2	6.26	6.58	4.99	5.73	6.65	4.65	4.59	5.73	7.1	6.07	7.1	6.92	8.54	5.44	4.31	5.99	6.35	5.61	6.12	4.43	6.94	7.16	6.65	5.58	7.41	5.19	6.89	7.27	8.43	5.27	5.78	5.71	6.2	5.2	8.03	4.76	5.81	6.73	5.93	5.41	7.54	4.64	6.28	5.09	5.78	6.29	7.91	7.23	6.06	6.8	4.93	6.71	6.23	6.17	5.39	7.41	5.79	5.91	7.63	6.54	7.32	6.26	6.49	6.52	4.45	6.52	6.01	7.3	3.75	5.13	6.5	9.36	6.32	6.14	6.74	6.95	5.87	5.0	5.07	4.07	5.33	7.4	6.87	7.01	4.82	2.88	4.85	3.5	4.63	5.34	8.21	6.42	5.58	7.22	7.84	12.9	8.19	9.83	9.22	5.49	6.63	7.91	6.01	4.66	3.85	6.59	5.85	6.04	4.55	4.19	7.0	5.51	5.87	5.97	7.01	10.0	8.17	8.12	5.6	6.87	6.67	5.35	7.71	6.78	4.3	6.79	8.55	5.79	6.35	8.03	6.3	6.2	5.42	8.6	8.48	6.97	6.01	6.95	7.75	8.26	6.07	5.64	7.6	9.06	12.5	5.98	6.65	5.82	6.49	5.2	6.26	6.58	4.99	5.73	6.65	4.65	4.59	5.73	7.1	6.07	7.1	6.92	8.54	5.44	4.31	5.99	6.35	5.61	6.12	4.43	6.94	7.16	6.65	5.58	7.41	5.19	6.89	7.27	8.43	5.27	5.78	5.71	6.2
1.0	2.0	3.0	4.0	5.0	6.0	7.0	8.0	9.0	10.0	11.0	12.0	13.0	14.0	15.0	16.0	17.0	18.0	19.0	20.0	21.0	22.0	23.0	24.0	25.0	26.0	27.0	28.0	29.0	30.0	31.0	32.0	33.0	34.0	35.0	36.0	37.0	38.0	39.0	40.0	41.0	42.0	43.0	44.0	45.0	46.0	47.0	48.0	49.0	50.0	51.0	52.0	53.0	54.0	55.0	56.0	57.0	58.0	59.0	60.0	61.0	62.0	63.0	64.0	65.0	66.0	67.0	68.0	69.0	70.0	71.0	72.0	73.0	74.0	75.0	76.0	77.0	78.0	79.0	80.0	81.0	82.0	83.0	84.0	85.0	86.0	87.0	88.0	89.0	90.0	91.0	92.0	93.0	94.0	95.0	96.0	97.0	98.0	99.0	100.0	101.0	102.0	103.0	104.0	105.0	106.0	107.0	108.0	109.0	110.0	111.0	112.0	113.0	114.0	115.0	116.0	117.0	118.0	119.0	120.0	121.0	122.0	123.0	124.0	125.0	126.0	127.0	128.0	129.0	130.0	131.0	132.0	133.0	134.0	135.0	136.0	137.0	138.0	139.0	140.0	141.0	142.0	143.0	144.0	145.0	146.0	147.0	148.0	149.0	149.0	150.0	151.0	152.0	153.0	154.0	155.0	156.0	157.0	158.0	159.0	160.0	161.0	162.0	163.0	164.0	165.0	166.0	167.0	168.0	169.0	170.0	171.0	172.0	173.0	174.0	175.0	176.0	177.0	178.0	179.0	180.0	181.0	182.0	183.0	184.0	185.0	186.0	187.0	188.0	189.0	190.0	191.0	192.0	193.0	194.0	195.0	196.0	197.0	198.0	199.0	200.0	201.0	202.0	203.0	204.0	205.0	206.0	207.0	208.0	209.0	210.0	211.0	212.0	213.0	214.0	215.0	216.0	217.0	218.0	219.0	220.0	221.0	222.0	223.0	224.0	225.0	226.0	227.0	228.0	229.0	230.0	231.0	232.0	233.0	234.0	235.0	236.0	237.0	238.0	239.0	240.0	241.0	242.0	243.0	244.0	245.0	246.0	247.0	248.0	249.0	250.0	251.0	252.0	253.0	254.0	255.0	256.0	257.0	258.0	259.0	260.0	261.0	262.0	263.0	264.0	265.0	266.0	267.0	268.0	269.0	270.0	271.0	272.0	273.0	274.0	275.0	276.0	277.0	278.0	279.0	280.0	281.0	282.0	283.0	284.0	285.0	286.0	287.0	288.0	289.0	290.0	291.0	292.0	293.0	294.0	295.0	296.0	297.0	298.0	298.0	299.0	300.0	301.0
3406.8823110741296
