4213.762206790373	300.0	2000.0	120.8341127463676	0	0.0	4213.762206790373	1	0	1	-1.144253464189851
4337.026352092657	300.0	2864.409440167487	0.0	0	0.0	4201.435792260144	1	0	2	-0.8204084181390887
4535.92575506845	500.0	3645.620096894115	0.0	0	0.0	4181.5458519625645	1	0	2	-0.36317793029682616
5200.0	500.0	3915.1384274694105	0.0	0	472.92304856169903	4115.13842746941	1	0	2	0.15133949201064215
6200.0	500.0	3815.1384274694096	0.0	0	823.8602855845011	4015.1384274694105	1	0	2	0.16072459290204494
7200.0	500.0	3715.138427469411	0.0	0	840.2558050700509	3915.138427469412	1	0	2	0.17072459290204486
8200.0	1000.0	3615.138427469411	0.0	0	655.4086284316827	3815.138427469413	1	0	2	0.5272981831820174
9200.0	1000.0	3515.138427469409	0.0	0	671.5043000540027	3715.138427469411	1	0	2	1.230445363741963
10200.0	2000.0	3515.1384274694105	0.0	0	450.93713530779496	3715.138427469413	1	0	1	1.5810189540219357
11200.0	3000.0	3415.1384274694115	0.0	0	403.29514891182407	3615.138427469413	1	0	2	2.2830712899693704
12200.0	3000.0	3315.138427469412	0.0	0	422.4863256918652	3515.138427469412	1	0	2	2.898548459783242
13200.0	3000.0	3215.138427469411	0.0	0	322.36211051683495	3415.1384274694137	1	0	2	2.9087104884881576
14200.0	3000.0	3115.1384274694105	0.0	0	27.48152610319994	3315.138427469412	1	0	2	2.9195859818683774
15200.0	3000.0	3015.1384274694105	0.0	0	147.14007438058616	3215.1384274694137	1	0	2	2.9290344556125127
16200.0	3000.0	2915.1384274694124	0.0	0	356.0234862680081	3115.1384274694137	1	0	2	2.9386399257023355
17200.0	3000.0	2815.1384274694087	0.0	0	309.6474410325318	3015.138427469412	1	0	2	2.94871910107464
18200.0	3000.0	2715.1384274694087	0.0	0	285.9747036641529	2915.1384274694137	1	0	2	2.958611425892606
19200.0	3000.0	2615.138427469413	0.0	0	37.3900612542966	2815.1384274694174	1	0	2	2.970051130353249
20200.0	3000.0	2515.138427469417	0.0	0	443.6440904575029	2715.138427469421	1	0	2	2.9785078719870532
21200.0	3000.0	2415.1384274694174	0.0	0	204.98671470297631	2615.138427469421	1	0	2	2.9887577169531263
22447.545366987	3000.0	2042.8385237837192	0.0	0	0.0	2490.3838907707213	1	0	2	3.001856699576712
23501.506573588205	3000.0	1988.8773171825114	0.0	0	0.0	2490.3838907707177	1	0	1	3.004839250413997
24200.0	3000.0	2290.383890770713	0.0	0	43.8988819731494	2490.383890770714	1	0	1	3.2048392504139978
25200.0	3000.0	2290.3838907707113	0.0	0	46.928225454932544	2490.383890770714	1	0	1	3.2048392504139978
26200.0	3000.0	2190.3838907707127	0.0	0	200.63629449599466	2390.383890770714	1	0	2	2.8113178371716527
27200.0	3000.0	2190.3838907707095	0.0	0	294.51541566284504	2390.383890770714	1	0	1	3.0148392504139974
28200.0	3000.0	2190.383890770711	0.0	0	147.6125143442623	2390.383890770714	1	0	1	3.2148392504139975
29200.0	3000.0	2190.383890770714	0.0	0	257.8774506667978	2390.383890770714	1	0	1	3.2148392504139975
30200.0	3000.0	2190.3838907707127	0.0	0	30.901048548694234	2390.383890770714	1	0	1	3.2148392504139975
31279.74817360107	3000.0	2110.635717169639	0.0	0	0.0	2390.383890770714	1	0	1	3.2148392504139975
32263.99954994378	3000.0	2126.3843408269267	0.0	0	0.0	2390.3838907707104	1	0	1	3.2148392504139984
33200.0	3000.0	2190.383890770705	0.0	0	248.7847098162929	2390.383890770714	1	0	1	3.2148392504139984
34200.0	3000.0	2190.3838907707077	0.0	0	227.05896904318797	2390.3838907707177	1	0	1	3.2148392504139975
35200.0	3000.0	2190.383890770703	0.0	0	186.7006743205493	2390.3838907707104	1	0	1	3.214839250413998
36200.0	3000.0	2190.3838907707022	0.0	0	314.3840117016225	2390.3838907707104	1	0	1	3.2148392504139984
37200.0	3000.0	2190.383890770704	0.0	0	376.22428261930327	2390.3838907707104	1	0	1	3.2148392504139984
38371.5243412313	3000.0	2018.8595495394022	0.0	0	0.0	2390.3838907707104	1	0	1	3.2148392504139984
39642.22142773441	3000.0	1748.1624630362899	0.0	0	0.0	2390.3838907707104	1	0	1	3.2148392504139984
40704.687719135494	3000.0	1685.696171635209	0.0	0	0.0	2390.3838907707104	1	0	1	3.2148392504139984
41885.45554568459	3000.0	1504.928345086119	0.0	0	0.0	2390.3838907707104	1	0	1	3.2148392504139984
42894.763650389825	3000.0	1495.620240380889	0.0	0	0.0	2390.3838907707104	1	0	1	3.2148392504139984
43535.858767132275	3000.0	1854.525123638443	0.0	0	0.0	2390.3838907707104	1	0	1	3.2148392504139984
44280.02960751249	3000.0	2110.3542832582248	0.0	0	0.0	2390.3838907707104	1	0	1	3.2148392504139984
45200.0	3000.0	2098.386851521974	0.0	0	85.46538873766258	2298.3868515219656	1	0	2	2.821343641610782
46200.0	3000.0	2098.38685152198	0.0	0	136.26497007473517	2298.3868515219656	1	0	1	3.0240389543388724
47200.0	3000.0	2098.3868515219883	0.0	0	334.4716914341043	2298.386851521973	1	0	1	3.224038954338872
48200.0	3000.0	2098.3868515219865	0.0	0	177.4553361529106	2298.386851521973	1	0	1	3.224038954338872
49200.0	3000.0	2098.386851521992	0.0	0	141.2221258231075	2298.386851521973	1	0	1	3.224038954338872
50200.0	3000.0	2098.3868515219883	0.0	0	81.5613622000892	2298.3868515219656	1	0	1	3.2240389543388726
51284.76567538799	3000.0	2013.621176133994	0.0	0	0.0	2298.3868515219583	1	0	1	3.224038954338873
52386.1041616951	3000.0	1912.2826898268931	0.0	0	0.0	2298.3868515219583	1	0	1	3.224038954338873
53313.946239830984	3000.0	1984.4406116909986	0.0	0	0.0	2298.386851521951	1	0	1	3.2240389543388743
54200.0	3000.0	2098.386851521979	0.0	0	269.80109192249074	2298.3868515219438	1	0	1	3.2240389543388748
55200.0	3000.0	2098.38685152198	0.0	0	388.80358442210854	2298.3868515219438	1	0	1	3.2240389543388748
56274.424091015266	3000.0	2023.9627605067246	0.0	0	0.0	2298.386851521951	1	0	1	3.2240389543388743
57200.0	3000.0	2098.3868515219865	0.0	0	379.6701401563332	2298.386851521951	1	0	1	3.2240389543388743
58252.48462812344	3000.0	2045.9022233985386	0.0	0	0.0	2298.386851521951	1	0	1	3.2240389543388743
59200.0	3000.0	2098.3868515219797	0.0	0	132.74515879326646	2298.386851521951	1	0	1	3.2240389543388743
60200.0	3000.0	2098.3868515219756	0.0	0	42.11312471677229	2298.386851521951	1	0	1	3.2240389543388743
61200.0	3000.0	2098.3868515219756	0.0	0	188.38728028211335	2298.386851521951	1	0	1	3.2240389543388743
62200.0	3000.0	2098.386851521968	0.0	0	434.1689984982586	2298.3868515219438	1	0	1	3.2240389543388748
63200.0	3000.0	1998.3868515219706	0.0	0	360.9319556031478	2198.3868515219438	1	0	2	2.83026556291788
64200.0	3000.0	1998.3868515219658	0.0	0	32.76286012644414	2198.3868515219438	1	0	1	3.0340389543388744
65312.068876435376	3000.0	1886.3179750865845	0.0	0	0.0	2198.3868515219438	1	0	1	3.2340389543388746
66200.0	3000.0	1998.386851521982	0.0	0	275.4368600934831	2198.3868515219656	1	0	1	3.2340389543388737
67200.0	3000.0	1998.3868515219497	0.0	0	19.530453090090305	2198.386851521929	1	0	1	3.2340389543388746
68238.99953432144	3000.0	1959.3873172005146	0.0	0	0.0	2198.3868515219365	1	0	1	3.2340389543388754
69220.20150091147	3000.0	1978.1853506104794	0.0	0	0.0	2198.3868515219365	1	0	1	3.2340389543388754
70200.0	3000.0	1998.3868515219383	0.0	0	316.34896066105284	2198.3868515219365	1	0	1	3.2340389543388754
71273.87524419335	3000.0	1924.5116073285988	0.0	0	0.0	2198.386851521922	1	0	1	3.2340389543388772
72220.46341559196	3000.0	1977.9234359299865	0.0	0	0.0	2198.386851521922	1	0	1	3.2340389543388772
73221.73487134695	3000.0	1976.6519801750014	0.0	0	0.0	2198.386851521922	1	0	1	3.2340389543388772
74564.12684360845	3000.0	1634.2600079135073	0.0	0	0.0	2198.386851521922	1	0	1	3.2340389543388772
75668.14518178078	3000.0	1530.241669741177	0.0	0	0.0	2198.386851521922	1	0	1	3.2340389543388772
76512.96920744062	3000.0	1685.4176440813342	0.0	0	0.0	2198.3868515219365	1	0	1	3.2340389543388754
77484.12128219525	3000.0	1714.2655693266886	0.0	0	0.0	2198.3868515219365	1	0	1	3.2340389543388754
78220.36917974344	3000.0	1978.01767177849	0.0	0	0.0	2198.3868515219365	1	0	1	3.2340389543388754
79200.0	3000.0	1998.3868515219401	0.0	0	191.78093271558464	2198.3868515219365	1	0	1	3.2340389543388754
80200.0	3000.0	1998.3868515219365	0.0	0	243.18142096915108	2198.386851521922	1	0	1	3.2340389543388772
81200.0	3000.0	1998.3868515219415	0.0	0	104.16407924228406	2198.386851521922	1	0	1	3.2340389543388772
82707.9532527447	3000.0	1490.4335987772297	0.0	0	0.0	2198.386851521922	1	0	1	3.2340389543388772
83469.76554684105	3000.0	1728.6213046808862	0.0	0	0.0	2198.386851521922	1	0	1	3.2340389543388772
84200.0	3000.0	1998.3868515219256	0.0	0	125.13270119756635	2198.386851521922	1	0	1	3.2340389543388772
85200.0	3000.0	1998.3868515219297	0.0	0	230.9730430590862	2198.386851521922	1	0	1	3.2340389543388772
86200.0	3000.0	1998.386851521942	0.0	0	322.5648052721517	2198.386851521922	1	0	1	3.2340389543388772
87200.0	3000.0	1998.3868515219233	0.0	0	136.59566422762873	2198.3868515219074	1	0	1	3.234038954338878
88208.64075684609	3000.0	1888.8820189912174	0.0	0	0.0	2097.5227758372785	1	0	2	2.8416200770116022
89200.0	3000.0	1897.5227758372985	0.0	0	132.8681411020807	2097.522775837293	1	0	1	3.0441253619073394
90200.0	3000.0	1897.5227758372844	0.0	0	214.1905288034468	2097.522775837293	1	0	1	3.2441253619073396
91200.0	3000.0	1897.5227758372876	0.0	0	387.59532779006986	2097.522775837293	1	0	1	3.2441253619073396
92204.11981372602	3000.0	1893.4029621112675	0.0	0	0.0	2097.522775837293	1	0	1	3.2441253619073396
93200.0	3000.0	1897.5227758372848	0.0	0	346.6645216784091	2097.522775837293	1	0	1	3.2441253619073396
94200.0	3000.0	1897.5227758372876	0.0	0	371.6132617839903	2097.522775837293	1	0	1	3.2441253619073396
95200.0	3000.0	1897.5227758372973	0.0	0	266.5145144748094	2097.5227758373076	1	0	1	3.244125361907339
96282.78370894353	3000.0	1814.739066893772	0.0	0	0.0	2097.522775837322	1	0	1	3.244125361907337
97200.0	3000.0	1897.5227758372869	0.0	0	82.43084391151206	2097.5227758373076	1	0	1	3.2441253619073382
98478.85454226876	3000.0	1618.6682335685284	0.0	0	0.0	2097.5227758373076	1	0	1	3.2441253619073382
99313.5727187266	3000.0	1783.9500571106785	0.0	0	0.0	2097.522775837293	1	0	1	3.2441253619073396
100200.0	3000.0	1897.5227758372896	0.0	0	125.87187689304119	2097.5227758373076	1	0	1	3.2441253619073382
101200.0	3000.0	1897.5227758372841	0.0	0	134.40378966816934	2097.5227758373076	1	0	1	3.2441253619073382
102200.0	3000.0	1897.5227758372762	0.0	0	299.4684149804816	2097.522775837293	1	0	1	3.2441253619073396
103200.0	3000.0	1897.5227758372728	0.0	0	10.1037798175239	2097.522775837293	1	0	1	3.2441253619073396
104200.0	3000.0	1897.5227758372882	0.0	0	256.7888877588848	2097.522775837293	1	0	1	3.2441253619073396
105200.0	3000.0	1897.5227758372919	0.0	0	369.18918069459323	2097.522775837293	1	0	1	3.2441253619073396
106200.0	3000.0	1897.5227758373007	0.0	0	78.61027298383124	2097.5227758373076	1	0	1	3.2441253619073382
107200.0	3000.0	1897.5227758372912	0.0	0	160.1264606865443	2097.522775837322	1	0	1	3.244125361907337
108342.67121149028	3000.0	1754.851564347022	0.0	0	0.0	2097.522775837322	1	0	1	3.244125361907337
109215.30189224871	3000.0	1882.2208835885772	0.0	0	0.0	2097.5227758373076	1	0	1	3.2441253619073382
110200.0	3000.0	1897.5227758372948	0.0	0	495.4000875268248	2097.5227758373076	1	0	1	3.2441253619073382
111200.0	3000.0	1897.5227758372857	0.0	0	350.1581549184775	2097.5227758373076	1	0	1	3.2441253619073382
112200.0	3000.0	1897.5227758372898	0.0	0	273.79408593849803	2097.5227758373076	1	0	1	3.2441253619073382
113200.0	3000.0	1897.5227758372903	0.0	0	145.76690600907023	2097.5227758373076	1	0	1	3.2441253619073382
114200.0	3000.0	1897.5227758373035	0.0	0	171.92988573810726	2097.522775837322	1	0	1	3.244125361907337
115200.0	3000.0	1897.5227758372957	0.0	0	35.898179138006526	2097.522775837322	1	0	1	3.244125361907337
116200.0	3000.0	1897.5227758373137	0.0	0	299.12065380616696	2097.522775837322	1	0	1	3.244125361907337
117200.0	3000.0	1897.5227758373135	0.0	0	214.09144815502805	2097.522775837322	1	0	1	3.244125361907337
118200.0	3000.0	1897.5227758373223	0.0	0	110.7945538868662	2097.522775837322	1	0	1	3.244125361907337
119200.0	3000.0	1897.5227758373037	0.0	0	30.971603291662177	2097.522775837322	1	0	1	3.244125361907337
120200.0	3000.0	1897.5227758373026	0.0	0	295.90300095817656	2097.522775837322	1	0	1	3.244125361907337
121213.10445313055	3000.0	1884.4183227067465	0.0	0	0.0	2097.522775837322	1	0	1	3.244125361907337
122200.0	3000.0	1897.522775837302	0.0	0	444.16155244059337	2097.522775837322	1	0	1	3.244125361907337
123200.0	3000.0	1897.522775837296	0.0	0	332.51765282482665	2097.522775837322	1	0	1	3.244125361907337
124200.0	3000.0	1897.52277583729	0.0	0	179.69509411721083	2097.522775837322	1	0	1	3.244125361907337
125200.0	3000.0	1897.5227758372844	0.0	0	16.711920490124612	2097.522775837322	1	0	1	3.244125361907337
126731.54792937149	3000.0	1365.9748464657969	0.0	0	0.0	2097.522775837322	1	0	1	3.244125361907337
127642.31368299515	3000.0	1455.2090928421326	0.0	0	0.0	2097.522775837322	1	0	1	3.244125361907337
128923.58994267181	3000.0	1173.9328331654747	0.0	0	0.0	2097.522775837322	1	0	1	3.244125361907337
130092.23373130469	3000.0	1005.2890445326148	0.0	0	0.0	2097.5227758373367	1	0	1	3.2441253619073356
131488.09224608538	3000.0	609.4305297519263	0.0	0	0.0	2097.5227758373367	1	0	1	3.244125361907336
132797.19308180077	3000.0	370.4527726739332	70.12307863738266	0	0.0	2167.645854474744	1	0	1	2.8163745822192996
133736.15537519898	2000.0	508.6115078453179	77.12102856963284	0	0.0	2244.766883044358	1	0	1	1.7530120094984245
134542.4095483014	2000.0	702.3573347428797	0.0	0	0.0	2244.766883044358	1	0	1	2.621203289024386
135395.58570474	2000.0	849.1811783042708	0.0	0	0.0	2244.766883044358	1	0	1	2.621203289024386
135909.92743707172	2000.0	1334.8394459725248	0.0	0	0.0	2244.766883044358	1	0	1	2.621203289024386
137054.23348078603	3000.0	1190.5334022581978	0.0	0	0.0	2244.766883044358	1	0	1	2.823935843078469
137790.14132734534	3000.0	1454.6255556988842	0.0	0	0.0	2244.766883044358	1	0	1	3.2294009511866335
138866.57901905724	3000.0	1378.1878639869726	0.0	0	0.0	2244.766883044358	1	0	1	3.2294009511866335
140055.32470149075	3000.0	1189.4421815534567	0.0	0	0.0	2244.766883044358	1	0	1	3.2294009511866335
140656.01304152285	3000.0	1588.7538415213717	0.0	0	0.0	2244.766883044387	1	0	1	3.229400951186631
141428.57305235628	3000.0	1816.1938306879308	0.0	0	0.0	2244.766883044387	1	0	1	3.229400951186631
142566.44718633985	3000.0	1678.319696704355	0.0	0	0.0	2244.7668830444163	1	0	1	3.2294009511866273
143375.6183865444	3000.0	1869.1484964997976	0.0	0	0.0	2244.7668830444163	1	0	1	3.2294009511866273
144500.97121298077	3000.0	1743.7956700634197	0.0	0	0.0	2244.7668830444163	1	0	1	3.2294009511866273
145200.0	3000.0	2044.7668830442008	0.0	0	12.45030770250014	2244.7668830444163	1	0	1	3.2294009511866273
146200.0	3000.0	2044.7668830441853	0.0	0	266.8157129796746	2244.7668830444163	1	0	1	3.2294009511866273
147200.0	3000.0	2044.766883044219	0.0	0	213.83777203477803	2244.7668830444454	1	0	1	3.2294009511866246
148270.01414549365	3000.0	1974.7527375505615	0.0	0	0.0	2244.7668830444454	1	0	1	3.2294009511866246
149200.0	3000.0	2044.7668830441744	0.0	0	126.3532773249317	2244.7668830444454	1	0	1	3.2294009511866246
150278.46861198818	3000.0	1966.298271055957	0.0	0	0.0	2244.7668830444454	1	0	1	3.2294009511866246
151200.0	3000.0	2044.766883044157	0.0	0	222.3412265192892	2244.7668830444454	1	0	1	3.2294009511866246
152200.0	3000.0	2044.766883044163	0.0	0	212.62981087199296	2244.7668830444454	1	0	1	3.2294009511866246
153200.0	3000.0	2044.766883044168	0.0	0	213.77882560889702	2244.7668830444454	1	0	1	3.2294009511866246
154200.0	3000.0	2044.7668830441653	0.0	0	296.9312125110009	2244.7668830444163	1	0	1	3.2294009511866273
155252.6051580514	3000.0	1992.1617249927492	0.0	0	0.0	2244.7668830444163	1	0	1	3.2294009511866273
156309.46620942725	3000.0	1935.300673616878	0.0	0	0.0	2244.7668830444163	1	0	1	3.2294009511866273
157323.99084568652	3000.0	1920.7760373575984	0.0	0	0.0	2244.7668830444454	1	0	1	3.2294009511866246
158338.64182799353	3000.0	1906.125055050606	0.0	0	0.0	2244.7668830444163	1	0	1	3.2294009511866264
159200.0	3000.0	2044.7668830441075	0.0	0	1.3975417249312159	2244.7668830444163	1	0	1	3.2294009511866273
160200.0	3000.0	2044.766883044117	0.0	0	51.39097017495078	2244.7668830444163	1	0	1	3.2294009511866273
161200.0	3000.0	2044.7668830441262	0.0	0	498.9732320526091	2244.7668830444454	1	0	1	3.2294009511866246
162200.0	3000.0	2044.7668830441125	0.0	0	133.33782150279148	2244.7668830444454	1	0	1	3.2294009511866246
163200.0	3000.0	2044.7668830441366	0.0	0	82.86939765923307	2244.7668830445036	1	0	1	3.2294009511866206
164216.4669544828	3000.0	2028.2999285613034	0.0	0	0.0	2244.7668830445036	1	0	1	3.229400951186619
165258.83879512738	3000.0	1985.9280879167418	0.0	0	0.0	2244.7668830445036	1	0	1	3.2294009511866206
166200.0	3000.0	2044.7668830441453	0.0	0	150.11154475747026	2244.7668830445327	1	0	1	3.2294009511866157
167200.0	3000.0	2044.766883044118	0.0	0	367.9496886328561	2244.7668830445036	1	0	1	3.229400951186619
168200.0	3000.0	2044.7668830440757	0.0	0	36.70643743331311	2244.7668830445036	1	0	1	3.229400951186619
169200.0	3000.0	1944.7668830440716	0.0	0	446.2102150261635	2144.7668830445036	1	0	2	2.8355854365255317
170200.0	3000.0	1944.7668830440862	0.0	0	159.87102802351	2144.7668830445327	1	0	1	3.0394009511866154
171200.0	3000.0	1944.766883044091	0.0	0	25.880594249232672	2144.7668830445327	1	0	1	3.2394009511866155
172200.0	3000.0	1944.766883044102	0.0	0	246.71971168683376	2144.7668830445327	1	0	1	3.2394009511866155
173200.0	3000.0	1944.766883044074	0.0	0	267.5538285803632	2144.7668830445327	1	0	1	3.2394009511866155
174200.0	3000.0	1944.7668830440898	0.0	0	164.78656274455716	2144.7668830445327	1	0	1	3.2394009511866155
175215.2775461012	3000.0	1827.9615823327667	0.0	0	0.0	2043.2391284344485	1	0	2	2.8468151348586734
176286.15787526168	3000.0	1757.0812531722847	0.0	0	0.0	2043.2391284344485	1	0	1	3.0495537266476234
177200.0	3000.0	1843.2391284339612	0.0	0	126.96912006376078	2043.2391284344485	1	0	1	3.2495537266476244
178200.0	3000.0	1843.2391284339876	0.0	0	78.57817600973067	2043.2391284344485	1	0	1	3.2495537266476244
179217.75244193495	3000.0	1825.4866864990418	0.0	0	0.0	2043.2391284344485	1	0	1	3.2495537266476244
180200.0	3000.0	1843.239128434013	0.0	0	186.0990245170542	2043.2391284344776	1	0	1	3.2495537266476218
181200.0	3000.0	1843.2391284340054	0.0	0	387.18607881848584	2043.2391284344776	1	0	1	3.2495537266476218
182200.0	3000.0	1843.239128433989	0.0	0	412.35582995958976	2043.2391284344485	1	0	1	3.2495537266476244
183200.0	3000.0	1843.2391284339817	0.0	0	311.4818535998638	2043.2391284344485	1	0	1	3.2495537266476244
184200.0	3000.0	1843.2391284339815	0.0	0	147.73465569963446	2043.2391284344485	1	0	1	3.2495537266476244
185200.0	3000.0	1843.2391284339774	0.0	0	335.60452776716556	2043.2391284344485	1	0	1	3.2495537266476244
186200.0	3000.0	1843.2391284339756	0.0	0	417.6199366345245	2043.2391284344485	1	0	1	3.2495537266476244
188009.18342460407	3000.0	1034.0557038299007	0.0	0	0.0	2043.2391284344485	1	0	1	3.2495537266476244
188994.49934297166	3000.0	1048.7397854622784	0.0	0	0.0	2043.2391284344194	1	0	1	3.249553726647627
189686.97237228512	3000.0	1356.2667561488265	0.0	0	0.0	2043.2391284344194	1	0	1	3.249553726647627
190555.48553823022	3000.0	1487.7535902037146	0.0	0	0.0	2043.2391284344194	1	0	1	3.249553726647627
191259.0069875507	3000.0	1784.2321408832106	0.0	0	0.0	2043.2391284343903	1	0	1	3.249553726647629
192200.0	3000.0	1843.239128433899	0.0	0	36.84577051232918	2043.2391284343612	1	0	1	3.2495537266476315
193200.0	3000.0	1843.239128433934	0.0	0	150.41622216501855	2043.2391284343903	1	0	1	3.2495537266476298
194398.6358896946	3000.0	1644.6032387393207	0.0	0	0.0	2043.2391284343903	1	0	1	3.2495537266476298
195465.1802138173	3000.0	1578.0589146165898	0.0	0	0.0	2043.2391284343612	1	0	1	3.2495537266476333
196200.0	3000.0	1843.2391284339064	0.0	0	111.50864852929953	2043.2391284343612	1	0	1	3.2495537266476333
197200.0	3000.0	1843.2391284339324	0.0	0	199.65725593804382	2043.2391284343903	1	0	1	3.2495537266476298
198200.0	3000.0	1843.239128433915	0.0	0	220.37211958967964	2043.2391284343903	1	0	1	3.2495537266476298
199233.8027034416	3000.0	1809.4364249923337	0.0	0	0.0	2043.2391284343903	1	0	1	3.2495537266476298
200200.0	3000.0	1843.2391284338837	0.0	0	39.62585529181524	2043.2391284343612	1	0	1	3.2495537266476315
201510.88233558365	3000.0	1532.356792850232	0.0	0	0.0	2043.2391284343903	1	0	1	3.24955372664763
202242.83433987552	3000.0	1800.404788558344	0.0	0	0.0	2043.2391284343903	1	0	1	3.2495537266476298
203200.0	3000.0	1843.2391284338717	0.0	0	360.20176011067815	2043.2391284343903	1	0	1	3.2495537266476298
204200.0	3000.0	1843.2391284338514	0.0	0	257.4645697917731	2043.2391284343612	1	0	1	3.2495537266476333
205200.0	3000.0	1843.2391284338441	0.0	0	67.41226901000482	2043.2391284343612	1	0	1	3.2495537266476333
206200.0	3000.0	1843.2391284338607	0.0	0	364.6501534928975	2043.2391284343612	1	0	1	3.2495537266476333
207200.0	3000.0	1843.2391284338642	0.0	0	208.94580340673565	2043.2391284343612	1	0	1	3.2495537266476333
208221.97980535025	3000.0	1821.2593230836455	0.0	0	0.0	2043.2391284344194	1	0	1	3.249553726647628
209200.0	3000.0	1843.2391284338676	0.0	0	334.05035133098136	2043.2391284344194	1	0	1	3.249553726647627
210200.0	3000.0	1843.2391284338892	0.0	0	288.0495881740935	2043.2391284344194	1	0	1	3.249553726647627
211200.0	3000.0	1843.2391284338742	0.0	0	108.22372724922025	2043.2391284344194	1	0	1	3.249553726647627
212200.0	3000.0	1843.2391284338808	0.0	0	105.40800360377762	2043.2391284344485	1	0	1	3.2495537266476244
213723.47091025213	3000.0	1319.7682181817684	0.0	0	0.0	2043.2391284344776	1	0	1	3.2495537266476218
214660.04042547682	3000.0	1383.1987029571026	0.0	0	0.0	2043.2391284345067	1	0	1	3.249553726647618
215325.45183112653	3000.0	1717.7872973074036	0.0	0	0.0	2043.2391284345358	1	0	1	3.2495537266476164
216200.0	3000.0	1843.2391284339578	0.0	0	185.09880252886796	2043.239128434565	1	0	1	3.249553726647613
217599.2211526504	3000.0	1444.017975783597	0.0	0	0.0	2043.239128434565	1	0	1	3.249553726647613
218484.14320476577	3000.0	1559.0959236682074	0.0	0	0.0	2043.239128434565	1	0	1	3.249553726647613
219264.88087401443	3000.0	1778.3582544195779	0.0	0	0.0	2043.239128434565	1	0	1	3.249553726647613
220200.0	3000.0	1843.2391284340044	0.0	0	113.64256882847985	2043.239128434565	1	0	1	3.249553726647613
221248.95737690874	3000.0	1794.281751525247	0.0	0	0.0	2043.2391284345358	1	0	1	3.2495537266476138
222200.0	3000.0	1843.239128434021	0.0	0	110.56501468014903	2043.2391284345067	1	0	1	3.249553726647618
223200.0	3000.0	1843.2391284340486	0.0	0	102.0471412432089	2043.2391284345067	1	0	1	3.249553726647618
224429.5044906167	3000.0	1613.734637817307	0.0	0	0.0	2043.2391284345067	1	0	1	3.249553726647618
225200.0	3000.0	1843.239128434012	0.0	0	107.00386218697531	2043.2391284344776	1	0	1	3.2495537266476218
226200.0	3000.0	1843.2391284340379	0.0	0	305.5465378011577	2043.2391284345067	1	0	1	3.249553726647618
227233.2801672101	3000.0	1809.9589612239595	0.0	0	0.0	2043.2391284345067	1	0	1	3.2495537266476195
228200.0	3000.0	1843.2391284340663	0.0	0	209.74505547684385	2043.2391284345067	1	0	1	3.249553726647618
229267.18822239258	3000.0	1776.0509060414877	0.0	0	0.0	2043.2391284345067	1	0	1	3.249553726647618
230511.5039408591	3000.0	1531.7351875749425	0.0	0	0.0	2043.2391284345067	1	0	1	3.249553726647618
231667.99928009682	3000.0	1375.2398483372067	0.0	0	0.0	2043.2391284344776	1	0	1	3.2495537266476218
232614.0803208076	3000.0	1429.15880762644	0.0	0	0.0	2043.2391284344485	1	0	1	3.2495537266476244
233451.86428360018	3000.0	1591.374844833867	0.0	0	0.0	2043.2391284344194	1	0	1	3.2495537266476267
234452.91657592703	3000.0	1590.3225525070445	0.0	0	0.0	2043.2391284344194	1	0	1	3.249553726647627
235348.9000446348	3000.0	1694.3390837992488	0.0	0	0.0	2043.2391284343903	1	0	1	3.2495537266476298
236200.0	3000.0	1843.2391284340324	0.0	0	159.03183128219098	2043.2391284343903	1	0	1	3.2495537266476298
237200.0	3000.0	1843.2391284340338	0.0	0	85.77114480122691	2043.2391284343612	1	0	1	3.2495537266476333
238200.0	3000.0	1843.239128434006	0.0	0	233.76911549374927	2043.2391284343612	1	0	1	3.2495537266476333
239200.0	3000.0	1843.2391284339956	0.0	0	158.98265351739246	2043.2391284343903	1	0	1	3.2495537266476298
240200.0	3000.0	1843.2391284339928	0.0	0	184.523845194577	2043.2391284343612	1	0	1	3.2495537266476333
241467.14618065068	3000.0	1576.0929477832838	0.0	0	0.0	2043.2391284343612	1	0	1	3.2495537266476333
242396.40954600144	3000.0	1646.8295824325423	0.0	0	0.0	2043.2391284343612	1	0	1	3.2495537266476333
243200.0	3000.0	1843.239128433976	0.0	0	59.255616324051516	2043.2391284343612	1	0	1	3.2495537266476315
244200.0	3000.0	1843.2391284339833	0.0	0	349.26267005785485	2043.239128434332	1	0	1	3.249553726647636
245289.51191578727	3000.0	1753.727212646702	0.0	0	0.0	2043.239128434332	1	0	1	3.249553726647635
246561.64042429216	3000.0	1481.5987041418211	0.0	0	0.0	2043.239128434332	1	0	1	3.249553726647636
247429.99116806244	3000.0	1613.2479603715565	0.0	0	0.0	2043.239128434332	1	0	1	3.249553726647636
248429.8661564233	3000.0	1613.3729720107194	0.0	0	0.0	2043.239128434332	1	0	1	3.249553726647636
249400.09163023936	3000.0	1643.147498194656	0.0	0	0.0	2043.239128434332	1	0	1	3.249553726647636
250200.0	3000.0	1843.2391284340083	0.0	0	115.86812937137438	2043.239128434332	1	0	1	3.249553726647636
251200.0	3000.0	1843.2391284340445	0.0	0	88.22052318201168	2043.239128434332	1	0	1	3.249553726647636
252200.0	3000.0	1843.2391284340265	0.0	0	298.97509643348167	2043.239128434332	1	0	1	3.249553726647636
253200.0	3000.0	1743.2391284340224	0.0	0	328.27481303096283	1943.239128434303	1	0	2	2.8557956202433012
254200.0	3000.0	1743.2391284340358	0.0	0	276.1871465673612	1943.239128434303	1	0	1	3.0595537266476387
255200.0	3000.0	1743.2391284340201	0.0	0	79.28451765220962	1943.2391284342739	1	0	1	3.2595537266476398
256270.3280923501	3000.0	1672.9110360839463	0.0	0	0.0	1943.239128434303	1	0	1	3.2595537266476406
257200.0	3000.0	1743.2391284340376	0.0	0	0.9145622228679713	1943.239128434332	1	0	1	3.2595537266476375
258200.0	3000.0	1743.2391284340504	0.0	0	194.79643882939126	1943.2391284343612	1	0	1	3.259553726647633
259200.0	3000.0	1743.2391284340383	0.0	0	320.9317841818265	1943.2391284343612	1	0	1	3.259553726647633
260200.0	3000.0	1743.239128434046	0.0	0	420.7184600350738	1943.2391284343903	1	0	1	3.25955372664763
261210.9191070046	3000.0	1732.3200214294807	0.0	0	0.0	1943.2391284343903	1	0	1	3.25955372664763
262200.0	3000.0	1743.2391284340729	0.0	0	335.88814903848106	1943.2391284343903	1	0	1	3.25955372664763
263200.0	3000.0	1743.2391284341297	0.0	0	424.1828114684904	1943.2391284344485	1	0	1	3.259553726647627
264200.0	3000.0	1743.2391284341147	0.0	0	123.33662627631566	1943.2391284344485	1	0	1	3.2595537266476247
265228.2760693469	3000.0	1714.963059087313	0.0	0	0.0	1943.2391284344485	1	0	1	3.259553726647624
266200.0	3000.0	1743.239128434194	0.0	0	111.65791419515153	1943.2391284344485	1	0	1	3.259553726647624
267231.3110504625	3000.0	1711.9280779717496	0.0	0	0.0	1943.2391284344485	1	0	1	3.259553726647624
268200.0	3000.0	1743.2391284342607	0.0	0	213.72353959147586	1943.2391284345067	1	0	1	3.259553726647618
269200.0	3000.0	1743.2391284342427	0.0	0	102.71299494081177	1943.239128434565	1	0	1	3.2595537266476127
270200.0	3000.0	1743.239128434255	0.0	0	43.95367097854614	1943.239128434565	1	0	1	3.2595537266476127
271200.0	3000.0	1743.2391284343162	0.0	0	118.10978427523514	1943.2391284346231	1	0	1	3.2595537266476073
272200.0	3000.0	1743.2391284343246	0.0	0	186.25720752135385	1943.2391284346231	1	0	1	3.2595537266476073
273522.4128453257	3000.0	1420.826283108627	0.0	0	0.0	1943.2391284346231	1	0	1	3.2595537266476073
274516.52655922377	3000.0	1426.7125692105014	0.0	0	0.0	1943.2391284346231	1	0	1	3.2595537266476073
275582.66010417923	3000.0	1360.5790242550165	0.0	0	0.0	1943.2391284346231	1	0	1	3.2595537266476073
276748.6428186608	3000.0	1194.5963097733666	0.0	0	0.0	1943.2391284346231	1	0	1	3.2595537266476073
278055.3057324377	3000.0	887.9333959964839	0.0	0	0.0	1943.2391284346813	1	0	1	3.259553726647601
279043.1480472152	3000.0	900.0910812189899	0.0	0	0.0	1943.2391284346813	1	0	1	3.259553726647601
280270.7491453238	3000.0	672.4899831104013	0.0	0	0.0	1943.2391284346813	1	0	1	3.259553726647601
281569.17529350065	3000.0	418.46546850963716	44.4016335760856	0	0.0	1987.6407620107639	1	0	1	2.988703761833479
282650.8132110469	3000.0	412.748382668731	75.92083170539354	0	0.0	2063.5615937156836	1	0	1	2.791996489887139
284030.902848281	3000.0	274.41163620355036	241.7528907689258	0	0.0	2305.314484484552	1	0	1	1.7728288464290596
284747.93541321275	2000.0	635.2554509775407	77.87637970577015	0	0.0	2383.190864190343	1	0	1	1.7346375045670024
285419.73964786454	2000.0	963.4512163257532	0.0	0	0.0	2383.190864190343	1	0	1	2.6073608909097876
286141.5187017409	2000.0	1241.6721624494503	0.0	0	0.0	2383.190864190343	1	0	1	2.6073608909097876
286834.93916592555	2000.0	1478.9096518463132	0.0	0	0.0	2313.848817771941	1	0	2	2.2124992083709327
287491.9723981465	2000.0	1821.8764196253405	0.0	0	0.0	2313.848817771941	1	0	1	2.414295095551628
288406.56619629543	3000.0	1907.2826214763982	0.0	0	0.0	2313.8488177718828	1	0	1	2.8170276496057163
289314.2106585435	3000.0	1999.6381592283312	0.0	0	0.0	2313.848817771941	1	0	1	3.222492757713875
290200.0	3000.0	2113.848817771845	0.0	0	25.18411817937158	2313.8488177720574	1	0	1	3.222492757713867
291200.0	3000.0	2113.8488177719037	0.0	0	171.1502016383456	2313.8488177720574	1	0	1	3.2224927577138636
292309.3631637434	3000.0	2004.4856540285061	0.0	0	0.0	2313.8488177720574	1	0	1	3.2224927577138636
293317.9148825408	3000.0	1995.9339352311285	0.0	0	0.0	2313.8488177720574	1	0	1	3.2224927577138636
294200.0	3000.0	2113.8488177719287	0.0	0	1.1753794661490247	2313.8488177720574	1	0	1	3.2224927577138636
295200.0	3000.0	2013.8488177718918	0.0	0	179.6356918674428	2213.8488177720574	1	0	2	2.8290251028047635
296295.0756536686	3000.0	1918.7731641032667	0.0	0	0.0	2213.8488177720574	1	0	1	3.032492757713863
297488.07368948404	3000.0	1725.775128287862	0.0	0	0.0	2213.8488177720574	1	0	1	3.2324927577138634
298509.0575764826	3000.0	1704.791241289302	0.0	0	0.0	2213.8488177720574	1	0	1	3.2324927577138634
299340.146219538	3000.0	1873.7025982338128	0.0	0	0.0	2213.8488177720574	1	0	1	3.2324927577138634
300200.0	3000.0	2013.8488177718418	0.0	0	317.9825428779004	2213.8488177720574	1	0	1	3.2324927577138634
3.81	3.97	3.94	3.64	3.86	4.39	3.82	4.73	3.9	3.57	3.83	4.02	3.58	5.39	3.41	4.73	4.95	3.13	3.5	3.45	3.79	4.21	3.28	4.8	3.58	2.72	3.17	3.93	4.8	4.61	3.71	4.85	4.62	2.05	2.37	2.66	3.65	3.1	4.03	3.8	3.48	3.12	4.61	3.3	4.23	3.92	3.49	2.66	3.94	4.86	4.08	2.73	4.77	3.26	3.43	4.22	4.01	4.29	4.05	2.65	2.4	4.01	3.95	2.59	3.45	4.08	3.41	3.08	2.77	2.81	2.84	3.64	4.21	3.21	5.17	3.76	3.49	2.31	2.4	4.71	3.43	4.1	3.79	3.22	3.42	4.3	4.52	2.97	3.41	4.19	4.61	3.15	3.2	2.95	2.63	3.5	4.24	4.22	3.39	4.73	3.96	2.92	3.46	2.95	3.87	4.61	5.34	3.49	4.46	4.66	2.9	3.19	4.8	4.19	3.08	3.71	3.67	4.67	4.56	3.17	2.51	3.41	1.99	3.44	2.95	3.29	2.83	2.41	3.41	2.8	2.65	3.48	3.3	3.35	3.7	3.35	4.49	3.59	3.19	3.7	2.94	4.14	3.1	3.26	3.73	3.19	4.25	4.69	4.0	3.71	3.81	3.97	3.94	3.64	3.86	4.39	3.82	4.73	3.9	3.57	3.83	4.02	3.58	5.39	3.41	4.73	4.95	3.13	3.5	3.45	3.79	4.21	3.28	4.8	3.58	2.72	3.17	3.93	4.8	4.61	3.71	4.85	4.62	2.05	2.37	2.66	3.65	3.1	4.03	3.8	3.48	3.12	4.61	3.3	4.23	3.92	3.49	2.66	3.94	4.86	4.08	2.73	4.77	3.26	3.43	4.22	4.01	4.29	4.05	2.65	2.4	4.01	3.95	2.59	3.45	4.08	3.41	3.08	2.77	2.81	2.84	3.64	4.21	3.21	5.17	3.76	3.49	2.31	2.4	4.71	3.43	4.1	3.79	3.22	3.42	4.3	4.52	2.97	3.41	4.19	4.61	3.15	3.2	2.95	2.63	3.5	4.24	4.22	3.39	4.73	3.96	2.92	3.46	2.95	3.87	4.61	5.34	3.49	4.46	4.66	2.9	3.19	4.8	4.19	3.08	3.71	3.67	4.67	4.56	3.17	2.51	3.41	1.99	3.44	2.95	3.29	2.83	2.41	3.41	2.8	2.65	3.48	3.3	3.35	3.7	3.35	4.49	3.59	3.19	3.7	2.94	4.14	3.1	3.26	3.73	3.19	4.25	4.69	4.0	3.71	3.81
1.0	2.0	3.0	4.0	5.0	6.0	7.0	8.0	9.0	10.0	11.0	12.0	13.0	14.0	15.0	16.0	17.0	18.0	19.0	20.0	21.0	22.0	23.0	24.0	25.0	26.0	27.0	28.0	29.0	30.0	31.0	32.0	33.0	34.0	35.0	36.0	37.0	38.0	39.0	40.0	41.0	42.0	43.0	44.0	45.0	46.0	47.0	48.0	49.0	50.0	51.0	52.0	53.0	54.0	55.0	56.0	57.0	58.0	59.0	60.0	61.0	62.0	63.0	64.0	65.0	66.0	67.0	68.0	69.0	70.0	71.0	72.0	73.0	74.0	75.0	76.0	77.0	78.0	79.0	80.0	81.0	82.0	83.0	84.0	85.0	86.0	87.0	88.0	89.0	90.0	91.0	92.0	93.0	94.0	95.0	96.0	97.0	98.0	99.0	100.0	101.0	102.0	103.0	104.0	105.0	106.0	107.0	108.0	109.0	110.0	111.0	112.0	113.0	114.0	115.0	116.0	117.0	118.0	119.0	120.0	121.0	122.0	123.0	124.0	125.0	126.0	127.0	128.0	129.0	130.0	131.0	132.0	133.0	134.0	135.0	136.0	137.0	138.0	139.0	140.0	141.0	142.0	143.0	144.0	145.0	146.0	147.0	148.0	149.0	149.0	150.0	151.0	152.0	153.0	154.0	155.0	156.0	157.0	158.0	159.0	160.0	161.0	162.0	163.0	164.0	165.0	166.0	167.0	168.0	169.0	170.0	171.0	172.0	173.0	174.0	175.0	176.0	177.0	178.0	179.0	180.0	181.0	182.0	183.0	184.0	185.0	186.0	187.0	188.0	189.0	190.0	191.0	192.0	193.0	194.0	195.0	196.0	197.0	198.0	199.0	200.0	201.0	202.0	203.0	204.0	205.0	206.0	207.0	208.0	209.0	210.0	211.0	212.0	213.0	214.0	215.0	216.0	217.0	218.0	219.0	220.0	221.0	222.0	223.0	224.0	225.0	226.0	227.0	228.0	229.0	230.0	231.0	232.0	233.0	234.0	235.0	236.0	237.0	238.0	239.0	240.0	241.0	242.0	243.0	244.0	245.0	246.0	247.0	248.0	249.0	250.0	251.0	252.0	253.0	254.0	255.0	256.0	257.0	258.0	259.0	260.0	261.0	262.0	263.0	264.0	265.0	266.0	267.0	268.0	269.0	270.0	271.0	272.0	273.0	274.0	275.0	276.0	277.0	278.0	279.0	280.0	281.0	282.0	283.0	284.0	285.0	286.0	287.0	288.0	289.0	290.0	291.0	292.0	293.0	294.0	295.0	296.0	297.0	298.0	298.0	299.0
3989.451929831013
