5580.753538834966	300.0	2000.0	89.58391286503196	0	0.0	5580.753538834966	1	0	1	-1.094101075207789
5677.226471896342	300.0	2903.527066938623	0.0	0	0.0	5580.753538834966	1	0	1	-0.5580753538834968
5773.574980903205	500.0	3797.543707031075	0.0	0	0.0	5571.1186879342795	1	0	2	-0.7018908224981063
5882.014123932577	500.0	4678.260649698766	0.0	0	0.0	5560.274773631341	1	0	2	0.0100217447039809
6200.0	500.0	5328.476186024602	0.0	0	207.8937707888863	5528.4761860246	1	0	2	0.011564329187140843
7200.0	1000.0	5328.476186024601	0.0	0	818.1912404167861	5528.4761860246	1	0	1	0.3599644073264987
8200.0	1000.0	5328.476186024602	0.0	0	806.9553387677715	5528.4761860246	1	0	1	1.2531115878864443
9200.0	1000.0	5328.476186024599	0.0	0	757.5703779354171	5528.476186024598	1	0	1	1.2531115878864445
10200.0	2000.0	5328.476186024601	0.0	0	682.6565528024657	5528.4761860246	1	0	1	1.599685178166417
11254.980567619392	6000.0	5273.49561840521	0.0	0	0.0	5528.4761860246	1	0	1	2.842138503060417
12402.96414930338	6000.0	5125.512036721221	0.0	0	0.0	5528.476186024599	1	0	1	3.9407507917285267
13520.820533390965	6000.0	5007.655652633637	0.0	0	0.0	5528.4761860246	1	0	1	3.9407507917285267
14301.114307537471	6000.0	5227.361878487132	0.0	0	0.0	5528.476186024602	1	0	1	3.9407507917285267
15200.0	6000.0	5328.476186024606	0.0	0	189.83422488903489	5528.476186024602	1	0	1	3.9407507917285267
16500.321407320054	6000.0	5028.154778704552	0.0	0	0.0	5528.4761860246	1	0	1	3.9407507917285267
17659.567942387384	6000.0	4868.908243637223	0.0	0	0.0	5528.476186024602	1	0	1	3.9407507917285267
18597.12943039917	6000.0	4931.346755625431	0.0	0	0.0	5528.476186024594	1	0	1	3.9407507917285267
19284.4254929053	6000.0	5244.050693119307	0.0	0	0.0	5528.476186024598	1	0	1	3.9407507917285267
20200.0	6000.0	5328.476186024607	0.0	0	49.76356290377953	5528.476186024602	1	0	1	3.9407507917285267
21318.941122310433	6000.0	5209.535063714178	0.0	0	0.0	5528.476186024605	1	0	1	3.9407507917285267
22200.0	6000.0	5328.4761860246135	0.0	0	97.35890143512006	5528.476186024607	1	0	1	3.9407507917285263
23200.0	6000.0	5328.4761860246135	0.0	0	290.85865050591747	5528.476186024607	1	0	1	3.9407507917285263
24200.0	6000.0	5328.4761860246135	0.0	0	17.387573289881402	5528.476186024607	1	0	1	3.9407507917285263
25269.84356810698	6000.0	5258.632617917631	0.0	0	0.0	5528.476186024607	1	0	1	3.9407507917285263
26200.0	6000.0	5328.4761860246135	0.0	0	17.609538958251505	5528.476186024607	1	0	1	3.9407507917285263
27200.0	6000.0	5328.476186024613	0.0	0	391.87488180443324	5528.476186024607	1	0	1	3.9407507917285263
28200.0	6000.0	5328.47618602461	0.0	0	161.96544896580235	5528.4761860246035	1	0	1	3.9407507917285263
29491.74702145484	6000.0	5036.729164569767	0.0	0	0.0	5528.476186024607	1	0	1	3.9407507917285263
30792.000882697066	6000.0	4736.47530332754	0.0	0	0.0	5528.476186024607	1	0	1	3.9407507917285263
31958.191670514712	6000.0	4570.284515509892	0.0	0	0.0	5528.476186024607	1	0	1	3.9407507917285263
32705.069872764652	6000.0	4823.406313259952	0.0	0	0.0	5528.476186024607	1	0	1	3.9407507917285263
33434.91488539832	6000.0	5093.561300626283	0.0	0	0.0	5528.476186024607	1	0	1	3.940750791728526
34698.16182402618	6000.0	4830.314361998415	0.0	0	0.0	5528.476186024596	1	0	1	3.9407507917285263
35927.93713431308	6000.0	4600.539051711523	0.0	0	0.0	5528.4761860246	1	0	1	3.9407507917285267
36670.50766606547	6000.0	4857.9685199591295	0.0	0	0.0	5528.476186024596	1	0	1	3.9407507917285267
37564.75696529211	6000.0	4963.719220732491	0.0	0	0.0	5528.476186024596	1	0	1	3.9407507917285267
38597.546759328914	6000.0	4930.929426695688	0.0	0	0.0	5528.476186024593	1	0	1	3.9407507917285267
39681.61739980868	6000.0	4846.858786215923	0.0	0	0.0	5528.476186024593	1	0	1	3.940750791728527
40762.737430427376	6000.0	4765.73875559723	0.0	0	0.0	5528.476186024593	1	0	1	3.940750791728527
42006.679701865425	6000.0	4521.796484159184	0.0	0	0.0	5528.476186024593	1	0	1	3.940750791728527
43241.82494005727	6000.0	4286.651245967345	0.0	0	0.0	5528.4761860246	1	0	1	3.9407507917285267
44401.09784595932	6000.0	4127.3783400652965	0.0	0	0.0	5528.4761860246	1	0	1	3.9407507917285267
45472.68438319149	6000.0	4055.791802833125	0.0	0	0.0	5528.4761860246	1	0	1	3.9407507917285267
46659.01812495835	6000.0	3869.458061066261	0.0	0	0.0	5528.4761860246	1	0	1	3.9407507917285267
47582.085036224766	6000.0	3946.391149799843	0.0	0	0.0	5528.476186024593	1	0	1	3.940750791728527
48867.52516390415	6000.0	3660.951022120458	0.0	0	0.0	5528.476186024593	1	0	1	3.940750791728527
49706.511297571196	6000.0	3821.9648884534154	0.0	0	0.0	5528.476186024593	1	0	1	3.940750791728527
50514.90127165561	6000.0	4013.5749143690036	0.0	0	0.0	5528.476186024593	1	0	1	3.940750791728527
51970.80581976618	6000.0	3557.6703662584323	0.0	0	0.0	5528.476186024593	1	0	1	3.940750791728527
52945.034377773256	6000.0	3583.441808251362	0.0	0	0.0	5528.476186024593	1	0	1	3.940750791728527
53816.62917598642	6000.0	3711.847010038191	0.0	0	0.0	5528.476186024593	1	0	1	3.940750791728527
55126.33572720091	6000.0	3402.140458823695	0.0	0	0.0	5528.476186024593	1	0	1	3.940750791728527
55971.13037097361	6000.0	3557.3458150509923	0.0	0	0.0	5528.476186024593	1	0	1	3.940750791728527
56697.89521563163	6000.0	3830.580970392969	0.0	0	0.0	5528.476186024593	1	0	1	3.940750791728527
57369.64328083947	6000.0	4158.832905185133	0.0	0	0.0	5528.476186024593	1	0	1	3.940750791728527
58496.06931397125	6000.0	4032.4068720533473	0.0	0	0.0	5528.476186024593	1	0	1	3.940750791728527
59174.08468554583	6000.0	4354.391500478765	0.0	0	0.0	5528.476186024593	1	0	1	3.940750791728527
60099.30408033358	6000.0	4429.172105691006	0.0	0	0.0	5528.476186024593	1	0	1	3.940750791728527
61056.26539214518	6000.0	4472.210793879413	0.0	0	0.0	5528.476186024593	1	0	1	3.940750791728527
61761.49949212096	6000.0	4766.976693903629	0.0	0	0.0	5528.476186024593	1	0	1	3.940750791728527
62669.22036940746	6000.0	4859.255816617118	0.0	0	0.0	5528.476186024593	1	0	1	3.940750791728527
63491.46791879572	6000.0	5037.008267228858	0.0	0	0.0	5528.476186024593	1	0	1	3.940750791728527
64475.31618172609	6000.0	5053.1600042984865	0.0	0	0.0	5528.476186024593	1	0	1	3.940750791728527
65574.13302009722	6000.0	4954.3431659273665	0.0	0	0.0	5528.476186024593	1	0	1	3.940750791728527
66827.56118659052	6000.0	4700.914999434057	0.0	0	0.0	5528.476186024585	1	0	1	3.9407507917285276
67783.35227388021	6000.0	4745.1239121443705	0.0	0	0.0	5528.476186024585	1	0	1	3.9407507917285285
69015.11517079527	6000.0	4513.361015229309	0.0	0	0.0	5528.476186024585	1	0	1	3.9407507917285276
70077.25439520334	6000.0	4451.2217908212215	0.0	0	0.0	5528.476186024578	1	0	1	3.9407507917285285
71261.87106842618	6000.0	4266.605117598407	0.0	0	0.0	5528.476186024593	1	0	1	3.940750791728527
72195.73213777515	6000.0	4332.744048249428	0.0	0	0.0	5528.476186024593	1	0	1	3.940750791728527
73202.4816409001	6000.0	4325.994545124484	0.0	0	0.0	5528.476186024593	1	0	1	3.940750791728527
74315.36891574513	6000.0	4213.107270279468	0.0	0	0.0	5528.476186024593	1	0	1	3.940750791728527
75409.8004851118	6000.0	4118.6757009127905	0.0	0	0.0	5528.476186024593	1	0	1	3.940750791728527
76598.75204796268	6000.0	3929.7241380619143	0.0	0	0.0	5528.476186024593	1	0	1	3.940750791728527
77891.63505996489	6000.0	3636.8411260596977	0.0	0	0.0	5528.476186024593	1	0	1	3.940750791728527
79153.7602312342	6000.0	3374.715954790374	0.0	0	0.0	5528.476186024578	1	0	1	3.940750791728529
80348.1979255674	6000.0	3180.2782604571807	0.0	0	0.0	5528.476186024578	1	0	1	3.940750791728529
81558.21822375344	6000.0	2970.2579622711373	0.0	0	0.0	5528.476186024578	1	0	1	3.940750791728529
82112.59798038674	6000.0	3415.8782056378204	0.0	0	0.0	5528.476186024578	1	0	1	3.940750791728529
82725.07933969834	6000.0	3803.3968463262413	0.0	0	0.0	5528.476186024578	1	0	1	3.940750791728529
83758.73686479598	6000.0	3769.7393212285915	0.0	0	0.0	5528.476186024578	1	0	1	3.940750791728529
85006.40229240815	6000.0	3522.0738936164316	0.0	0	0.0	5528.476186024578	1	0	1	3.940750791728529
86209.77110188377	6000.0	3318.7050841408013	0.0	0	0.0	5528.4761860245635	1	0	1	3.9407507917285303
87160.3149797745	6000.0	3368.1612062500662	0.0	0	0.0	5528.4761860245635	1	0	1	3.9407507917285303
88086.06020504991	6000.0	3442.4159809746625	0.0	0	0.0	5528.4761860245635	1	0	1	3.9407507917285303
88841.01703402259	6000.0	3687.459152001983	0.0	0	0.0	5528.4761860245635	1	0	1	3.9407507917285303
89760.12371635594	6000.0	3768.352469668622	0.0	0	0.0	5528.4761860245635	1	0	1	3.9407507917285303
90552.88644373853	6000.0	3975.5897422860266	0.0	0	0.0	5528.4761860245635	1	0	1	3.9407507917285303
91852.67880992652	6000.0	3675.7973760980326	0.0	0	0.0	5528.4761860245635	1	0	1	3.9407507917285303
92781.16916719433	6000.0	3747.307018830217	0.0	0	0.0	5528.4761860245635	1	0	1	3.9407507917285303
94627.4073258653	6000.0	2901.068860159268	0.0	0	0.0	5528.476186024578	1	0	1	3.940750791728529
95750.09218371897	6000.0	2778.38400230559	0.0	0	0.0	5528.4761860245635	1	0	1	3.9407507917285303
97175.93440140733	6000.0	2352.54178461721	0.0	0	0.0	5528.4761860245635	1	0	1	3.9407507917285303
98627.87590019396	6000.0	1900.6002858305778	0.0	0	0.0	5528.476186024549	1	0	1	3.9407507917285316
99815.68088954694	6000.0	1712.7952964776005	0.0	0	0.0	5528.476186024549	1	0	1	3.9407507917285316
100920.10946278015	6000.0	1608.3667232443888	0.0	0	0.0	5528.476186024534	1	0	1	3.9407507917285334
101778.28454963805	6000.0	1750.191636386484	0.0	0	0.0	5528.476186024549	1	0	1	3.9407507917285316
102905.01230003452	6000.0	1510.7911109503673	0.0	0	0.0	5415.80341098491	1	0	2	3.5493478701111796
104101.35582891	6000.0	1314.4475820748855	0.0	0	0.0	5415.803410984925	1	0	1	3.752018069232494
105132.27039824342	6000.0	1283.5330127414682	0.0	0	0.0	5415.803410984925	1	0	1	3.952018069232494
105702.98661593087	3000.0	1655.745173285258	0.0	0	0.0	5358.731789216166	1	0	2	1.8234372164012145
106399.76213039401	6000.0	1958.9696588221177	0.0	0	0.0	5358.731789216181	1	0	1	3.0645780508494234
107235.55515230841	6000.0	2123.176636907707	0.0	0	0.0	5358.731789216181	1	0	1	3.9577252314093685
108240.76450685381	6000.0	2117.967282362314	0.0	0	0.0	5358.731789216181	1	0	1	3.9577252314093685
109346.04075136031	6000.0	2012.691037855807	0.0	0	0.0	5358.731789216181	1	0	1	3.9577252314093685
110790.35959839895	6000.0	1568.372190817164	0.0	0	0.0	5358.731789216181	1	0	1	3.9577252314093685
112058.1304171777	6000.0	1300.6013720384155	0.0	0	0.0	5358.7317892161955	1	0	1	3.957725231409367
113212.21845265853	6000.0	1146.513336557571	0.0	0	0.0	5358.7317892161955	1	0	1	3.957725231409367
114630.38736521492	6000.0	728.3444240011868	0.0	0	0.0	5358.7317892161955	1	0	1	3.957725231409367
115223.54523748481	3000.0	1135.1865517313067	0.0	0	0.0	5358.73178921621	1	0	1	2.2248572800095032
115801.97833232948	3000.0	1556.753456886623	0.0	0	0.0	5358.73178921621	1	0	1	2.918004460569448
116225.58339431253	3000.0	2133.1483949035783	0.0	0	0.0	5358.73178921621	1	0	1	2.918004460569448
116622.51615278753	3000.0	2736.215636428575	0.0	0	0.0	5358.73178921621	1	0	1	2.918004460569448
117092.96667812392	3000.0	3218.7200585585438	0.0	0	0.0	5311.686736682561	1	0	2	2.521561961153331
118039.7606633659	6000.0	3271.9260733165847	0.0	0	0.0	5311.686736682561	1	0	1	3.0692825561027854
119571.66154408219	6000.0	2740.025192600294	0.0	0	0.0	5311.686736682561	1	0	1	3.96242973666273
120708.82046890253	6000.0	2602.866267779961	0.0	0	0.0	5311.686736682561	1	0	1	3.96242973666273
121661.2760136285	6000.0	2650.4107230539726	0.0	0	0.0	5311.686736682561	1	0	1	3.96242973666273
122686.69917261938	6000.0	2624.9875640630858	0.0	0	0.0	5311.686736682546	1	0	1	3.962429736662732
123414.24506276184	6000.0	2897.4416739206263	0.0	0	0.0	5311.686736682546	1	0	1	3.962429736662732
124270.96969706009	6000.0	3040.717039622374	0.0	0	0.0	5311.686736682546	1	0	1	3.962429736662732
125010.28489355462	6000.0	3301.4018431278496	0.0	0	0.0	5311.686736682546	1	0	1	3.962429736662732
125642.91759549109	6000.0	3668.7691411913747	0.0	0	0.0	5311.686736682546	1	0	1	3.962429736662732
126607.07739411078	6000.0	3704.609342571693	0.0	0	0.0	5311.686736682546	1	0	1	3.962429736662732
127832.26829725996	6000.0	3479.4184394225013	0.0	0	0.0	5311.686736682546	1	0	1	3.962429736662732
128848.87944461267	6000.0	3462.807292069792	0.0	0	0.0	5311.686736682546	1	0	1	3.962429736662732
129758.49214057758	6000.0	3553.194596104877	0.0	0	0.0	5311.686736682546	1	0	1	3.962429736662732
130625.85814282886	6000.0	3685.8285938536183	0.0	0	0.0	5311.686736682561	1	0	1	3.96242973666273
131565.62207739492	6000.0	3746.06465928758	0.0	0	0.0	5311.686736682546	1	0	1	3.9624297366627315
132353.352131722	6000.0	3958.3346049604847	0.0	0	0.0	5311.686736682532	1	0	1	3.9624297366627332
133144.46663669284	6000.0	4167.220099989678	0.0	0	0.0	5311.686736682561	1	0	1	3.962429736662733
133913.06084533196	6000.0	4398.625891350527	0.0	0	0.0	5311.686736682517	1	0	1	3.962429736662733
134746.71320905097	6000.0	4564.973527631512	0.0	0	0.0	5311.686736682532	1	0	1	3.9624297366627346
135466.58437777386	6000.0	4845.1023589086135	0.0	0	0.0	5311.686736682503	1	0	1	3.9624297366627355
136381.10055236667	6000.0	4930.586184315787	0.0	0	0.0	5311.686736682474	1	0	1	3.962429736662738
137788.68455925453	6000.0	4523.002177427915	0.0	0	0.0	5311.686736682488	1	0	1	3.9624297366627377
138834.9336685293	6000.0	4476.75306815318	0.0	0	0.0	5311.686736682488	1	0	1	3.9624297366627377
139908.87157707073	6000.0	4402.8151596117705	0.0	0	0.0	5311.686736682488	1	0	1	3.9624297366627377
140740.483954111	6000.0	4571.202782571514	0.0	0	0.0	5311.686736682488	1	0	1	3.9624297366627377
141682.07818066355	6000.0	4629.6085560189495	0.0	0	0.0	5311.686736682488	1	0	1	3.9624297366627377
142293.56658303816	6000.0	5018.120153644359	0.0	0	0.0	5311.686736682517	1	0	1	3.9624297366627346
143517.03139723052	6000.0	4794.655339451987	0.0	0	0.0	5311.686736682517	1	0	1	3.9624297366627346
144631.56944559517	6000.0	4680.117291087378	0.0	0	0.0	5311.686736682546	1	0	1	3.962429736662732
145358.34800809945	6000.0	4953.338728583116	0.0	0	0.0	5311.686736682517	1	0	1	3.9624297366627346
146524.76446563852	6000.0	4786.92227104404	0.0	0	0.0	5311.686736682517	1	0	1	3.9624297366627346
147901.09758856412	6000.0	4410.589148118413	0.0	0	0.0	5311.686736682488	1	0	1	3.9624297366627377
148594.5763093824	6000.0	4717.110427300133	0.0	0	0.0	5311.686736682488	1	0	1	3.9624297366627377
149508.53335122694	6000.0	4803.153385455576	0.0	0	0.0	5311.686736682488	1	0	1	3.9624297366627377
150493.47463977186	6000.0	4818.212096910677	0.0	0	0.0	5311.686736682459	1	0	1	3.962429736662741
151712.8422704092	6000.0	4598.84446627332	0.0	0	0.0	5311.68673668243	1	0	1	3.9624297366627435
152738.38188697098	6000.0	4573.304849711569	0.0	0	0.0	5311.68673668243	1	0	1	3.9624297366627435
153866.88874837515	6000.0	4444.797988307421	0.0	0	0.0	5311.686736682459	1	0	1	3.962429736662741
154782.79642216806	6000.0	4528.890314514494	0.0	0	0.0	5311.686736682459	1	0	1	3.962429736662741
155934.361443067	6000.0	4377.325293615558	0.0	0	0.0	5311.686736682459	1	0	1	3.962429736662741
156648.59860851828	6000.0	4663.088128164251	0.0	0	0.0	5311.686736682459	1	0	1	3.962429736662741
157438.798695094	6000.0	4872.888041588517	0.0	0	0.0	5311.686736682459	1	0	1	3.962429736662741
158368.4666450722	6000.0	4943.220091610338	0.0	0	0.0	5311.686736682459	1	0	1	3.962429736662741
159261.18576033512	6000.0	5050.500976347425	0.0	0	0.0	5311.68673668243	1	0	1	3.9624297366627435
160200.0	6000.0	5111.686736682539	0.0	0	191.276685047691	5311.686736682401	1	0	1	3.9624297366627466
161200.0	6000.0	5111.686736682565	0.0	0	96.68055688822642	5311.68673668243	1	0	1	3.9624297366627435
162391.6897696246	6000.0	4919.996967057983	0.0	0	0.0	5311.68673668243	1	0	1	3.9624297366627435
163222.28514464738	6000.0	5089.401592035204	0.0	0	0.0	5311.68673668243	1	0	1	3.9624297366627435
164200.0	6000.0	5111.686736682587	0.0	0	449.986670766928	5311.686736682401	1	0	1	3.9624297366627466
165665.41069260385	6000.0	4646.276044078711	0.0	0	0.0	5311.68673668243	1	0	1	3.9624297366627452
167022.05321546053	6000.0	4289.633521222043	0.0	0	0.0	5311.68673668243	1	0	1	3.9624297366627435
167876.34128224777	6000.0	4435.34545443481	0.0	0	0.0	5311.68673668243	1	0	1	3.9624297366627435
168699.18877890045	6000.0	4612.497957782111	0.0	0	0.0	5311.686736682401	1	0	1	3.9624297366627457
169805.43563024377	6000.0	4506.251106438774	0.0	0	0.0	5311.686736682401	1	0	1	3.9624297366627466
170727.13849024425	6000.0	4584.548246438253	0.0	0	0.0	5311.686736682401	1	0	1	3.9624297366627466
171729.4850898834	6000.0	4582.2016467990625	0.0	0	0.0	5311.686736682372	1	0	1	3.9624297366627492
172408.10142774868	6000.0	4903.58530893378	0.0	0	0.0	5311.686736682372	1	0	1	3.9624297366627492
173649.32684450573	6000.0	4662.359892176741	0.0	0	0.0	5311.686736682372	1	0	1	3.9624297366627492
174732.89995210615	6000.0	4578.786784576297	0.0	0	0.0	5311.686736682372	1	0	1	3.9624297366627492
175329.96219213936	6000.0	4981.724544543075	0.0	0	0.0	5311.686736682372	1	0	1	3.9624297366627492
176200.0	6000.0	5111.686736682428	0.0	0	188.07786880401545	5311.686736682372	1	0	1	3.9624297366627492
177438.43668375976	6000.0	4873.250052922672	0.0	0	0.0	5311.686736682372	1	0	1	3.9624297366627492
178636.3458395634	6000.0	4675.3408971189865	0.0	0	0.0	5311.686736682372	1	0	1	3.9624297366627492
179487.18276803062	6000.0	4824.503968651771	0.0	0	0.0	5311.686736682372	1	0	1	3.9624297366627492
180532.33686901035	6000.0	4779.349867672005	0.0	0	0.0	5311.686736682372	1	0	1	3.9624297366627492
181317.13476642026	6000.0	4994.551970262096	0.0	0	0.0	5311.686736682372	1	0	1	3.9624297366627492
182200.0	6000.0	5111.686736682336	0.0	0	193.50928479470895	5311.686736682372	1	0	1	3.9624297366627492
183200.0	6000.0	5111.6867366823335	0.0	0	386.5364235518209	5311.686736682401	1	0	1	3.9624297366627466
184652.2934234847	6000.0	4659.39331319765	0.0	0	0.0	5311.686736682401	1	0	1	3.9624297366627466
185378.80585357975	6000.0	4932.880883102575	0.0	0	0.0	5311.686736682401	1	0	1	3.9624297366627466
186222.0229493407	6000.0	5089.663787341626	0.0	0	0.0	5311.686736682401	1	0	1	3.9624297366627466
187200.0	6000.0	5111.686736682316	0.0	0	148.29566660121782	5311.686736682401	1	0	1	3.9624297366627466
188210.02970777123	6000.0	5101.657028911049	0.0	0	0.0	5311.686736682401	1	0	1	3.9624297366627466
189279.0578307552	6000.0	5032.628905927106	0.0	0	0.0	5311.686736682401	1	0	1	3.9624297366627466
190200.0	6000.0	5111.686736682289	0.0	0	193.9774859159952	5311.686736682401	1	0	1	3.9624297366627466
191310.53533263685	6000.0	5001.15140404545	0.0	0	0.0	5311.686736682401	1	0	1	3.9624297366627466
192741.66412083394	6000.0	4570.022615848346	0.0	0	0.0	5311.686736682401	1	0	1	3.9624297366627466
193694.2687849133	6000.0	4617.417951768971	0.0	0	0.0	5311.686736682401	1	0	1	3.9624297366627466
194606.5806092335	6000.0	4705.106127448768	0.0	0	0.0	5311.686736682401	1	0	1	3.9624297366627466
195439.94483588447	6000.0	4871.741900797824	0.0	0	0.0	5311.686736682401	1	0	1	3.9624297366627466
196383.50601300868	6000.0	4928.180723673628	0.0	0	0.0	5311.686736682401	1	0	1	3.9624297366627466
197423.66405445136	6000.0	4888.022682230904	0.0	0	0.0	5311.686736682401	1	0	1	3.9624297366627466
198200.0	6000.0	5111.686736682296	0.0	0	151.15031326917233	5311.686736682401	1	0	1	3.9624297366627466
199200.0	6000.0	5111.686736682302	0.0	0	177.88337234107894	5311.68673668243	1	0	1	3.9624297366627435
200660.04862641767	6000.0	4651.638110264647	0.0	0	0.0	5311.686736682488	1	0	1	3.96242973666274
201678.9241944498	6000.0	4632.762542232546	0.0	0	0.0	5311.686736682488	1	0	1	3.9624297366627377
202687.19585656282	6000.0	4624.490880119559	0.0	0	0.0	5311.686736682488	1	0	1	3.962429736662737
203919.4103506642	6000.0	4392.276386018206	0.0	0	0.0	5311.686736682488	1	0	1	3.9624297366627377
204866.04804930097	6000.0	4445.638687381416	0.0	0	0.0	5311.686736682488	1	0	1	3.9624297366627377
205866.42353492434	6000.0	4445.263201758053	0.0	0	0.0	5311.686736682517	1	0	1	3.9624297366627346
206635.08853587398	6000.0	4676.598200808429	0.0	0	0.0	5311.686736682546	1	0	1	3.962429736662732
207405.30678861306	6000.0	4906.379948069327	0.0	0	0.0	5311.686736682517	1	0	1	3.962429736662733
208509.03307708286	6000.0	4802.653659599535	0.0	0	0.0	5311.686736682488	1	0	1	3.9624297366627355
209200.0	6000.0	5111.686736682381	0.0	0	40.030838102684356	5311.686736682488	1	0	1	3.9624297366627377
210200.0	6000.0	5111.686736682405	0.0	0	14.654003462317633	5311.686736682488	1	0	1	3.9624297366627377
211200.0	6000.0	5111.686736682415	0.0	0	250.43655526739894	5311.686736682488	1	0	1	3.9624297366627377
212200.0	6000.0	5111.686736682374	0.0	0	214.56373097092728	5311.686736682488	1	0	1	3.9624297366627377
213200.0	6000.0	5111.686736682364	0.0	0	165.35799730359577	5311.686736682459	1	0	1	3.962429736662741
214241.4401780789	6000.0	5070.2465586034905	0.0	0	0.0	5311.686736682459	1	0	1	3.962429736662741
215200.0	6000.0	5111.6867366824	0.0	0	13.064785573194968	5311.686736682459	1	0	1	3.962429736662741
216200.0	6000.0	5111.686736682373	0.0	0	303.308504159766	5311.686736682459	1	0	1	3.962429736662741
217546.83716831738	6000.0	4764.849568365023	0.0	0	0.0	5311.68673668243	1	0	1	3.9624297366627417
218812.50089602987	6000.0	4499.185840652559	0.0	0	0.0	5311.68673668243	1	0	1	3.9624297366627435
219677.0735797334	6000.0	4634.6131569490435	0.0	0	0.0	5311.686736682488	1	0	1	3.962429736662739
220586.84513760367	6000.0	4724.841599078791	0.0	0	0.0	5311.686736682488	1	0	1	3.96242973666274
221763.65862712424	6000.0	4548.028109558234	0.0	0	0.0	5311.686736682488	1	0	1	3.9624297366627377
223137.7636353819	6000.0	4173.923101300509	0.0	0	0.0	5311.686736682459	1	0	1	3.962429736662741
224425.7747383983	6000.0	3885.9119982841244	0.0	0	0.0	5311.68673668243	1	0	1	3.9624297366627417
225307.53450858008	6000.0	4004.152228102322	0.0	0	0.0	5311.68673668243	1	0	1	3.9624297366627435
226159.23725087006	6000.0	4152.44948581233	0.0	0	0.0	5311.68673668243	1	0	1	3.9624297366627435
227266.29524632002	6000.0	4045.3914903623613	0.0	0	0.0	5311.68673668243	1	0	1	3.9624297366627435
228409.09689510844	6000.0	3902.5898415739384	0.0	0	0.0	5311.686736682401	1	0	1	3.9624297366627443
229150.78885672218	6000.0	4160.897879960174	0.0	0	0.0	5311.686736682372	1	0	1	3.9624297366627492
229849.28585937686	6000.0	4462.400877305505	0.0	0	0.0	5311.686736682372	1	0	1	3.9624297366627492
230825.56302349793	6000.0	4486.12371318446	0.0	0	0.0	5311.686736682372	1	0	1	3.9624297366627492
231407.73396497412	6000.0	4903.952771708254	0.0	0	0.0	5311.686736682372	1	0	1	3.9624297366627492
232353.1064758224	6000.0	4958.580260860015	0.0	0	0.0	5311.686736682401	1	0	1	3.9624297366627466
233393.68877416247	6000.0	4917.997962519931	0.0	0	0.0	5311.686736682401	1	0	1	3.9624297366627466
234569.79661348867	6000.0	4741.890123193747	0.0	0	0.0	5311.686736682401	1	0	1	3.9624297366627466
235486.8531470495	6000.0	4824.833589632904	0.0	0	0.0	5311.686736682401	1	0	1	3.9624297366627443
236424.14991102432	6000.0	4887.536825658082	0.0	0	0.0	5311.686736682401	1	0	1	3.9624297366627466
237240.19038475628	6000.0	5071.496351926108	0.0	0	0.0	5311.686736682401	1	0	1	3.9624297366627466
238200.0	6000.0	5111.686736682411	0.0	0	69.33468583159265	5311.686736682401	1	0	1	3.9624297366627466
239200.0	6000.0	5111.686736682438	0.0	0	39.33249142082059	5311.68673668243	1	0	1	3.9624297366627435
240453.39476278858	6000.0	4858.291973893873	0.0	0	0.0	5311.686736682459	1	0	1	3.962429736662741
241200.0	6000.0	5111.68673668244	0.0	0	154.16483511932893	5311.686736682459	1	0	1	3.962429736662741
242219.09407235726	6000.0	5092.592664325187	0.0	0	0.0	5311.686736682488	1	0	1	3.9624297366627377
244050.7165999916	6000.0	4260.970136690858	0.0	0	0.0	5311.686736682517	1	0	1	3.9624297366627346
245349.20282221027	6000.0	3962.483914472189	0.0	0	0.0	5311.686736682517	1	0	1	3.9624297366627346
246575.87949211366	6000.0	3735.807244568819	0.0	0	0.0	5311.686736682517	1	0	1	3.9624297366627346
247565.5825682554	6000.0	3746.1041684270444	0.0	0	0.0	5311.686736682488	1	0	1	3.9624297366627363
248541.41057781928	6000.0	3770.2761588631506	0.0	0	0.0	5311.686736682488	1	0	1	3.9624297366627377
249724.79214114635	6000.0	3586.894595536062	0.0	0	0.0	5311.686736682488	1	0	1	3.9624297366627377
250890.50718307865	6000.0	3421.1795536037635	0.0	0	0.0	5311.686736682459	1	0	1	3.9624297366627395
252275.14647666525	6000.0	3036.5402600171387	0.0	0	0.0	5311.686736682459	1	0	1	3.962429736662741
253051.94943128063	6000.0	3259.7373054017467	0.0	0	0.0	5311.686736682459	1	0	1	3.962429736662741
253957.3687791682	6000.0	3354.3179575141503	0.0	0	0.0	5311.686736682459	1	0	1	3.962429736662741
255160.4659017854	6000.0	3151.2208348969666	0.0	0	0.0	5311.686736682488	1	0	1	3.9624297366627377
255998.2395890668	6000.0	3313.447147615606	0.0	0	0.0	5311.686736682488	1	0	1	3.9624297366627377
256608.71311698726	6000.0	3702.9736196951417	0.0	0	0.0	5311.686736682488	1	0	1	3.9624297366627377
257563.7556437612	6000.0	3747.9310929211965	0.0	0	0.0	5311.686736682488	1	0	1	3.9624297366627377
258482.3968493012	6000.0	3829.289887381182	0.0	0	0.0	5311.686736682488	1	0	1	3.9624297366627377
259798.7619125487	6000.0	3512.9248241336536	0.0	0	0.0	5311.686736682459	1	0	1	3.962429736662741
260923.6938061261	6000.0	3387.9929305562578	0.0	0	0.0	5311.686736682459	1	0	1	3.9624297366627412
262414.86002097686	6000.0	2896.8267157055175	0.0	0	0.0	5311.686736682488	1	0	1	3.9624297366627403
263838.6982650555	6000.0	2472.988471626884	0.0	0	0.0	5311.686736682488	1	0	1	3.96242973666274
265090.05981424893	6000.0	2221.6269224334264	0.0	0	0.0	5311.686736682459	1	0	1	3.962429736662738
266087.159655131	6000.0	2224.5270815514095	0.0	0	0.0	5311.686736682546	1	0	1	3.962429736662734
267173.61961457995	6000.0	2138.067122102424	0.0	0	0.0	5311.686736682546	1	0	1	3.9624297366627306
268427.6144802184	6000.0	1884.072256463973	0.0	0	0.0	5311.68673668243	1	0	1	3.962429736662739
268924.07073435816	3000.0	2387.616002324123	0.0	0	0.0	5311.68673668243	1	0	1	2.2295617852628813
269577.11107892613	3000.0	2734.5756577561297	0.0	0	0.0	5311.68673668243	1	0	1	2.9227089658228262
270816.60955113766	6000.0	2371.127338323452	0.0	0	0.0	5187.73688946123	1	0	2	2.8787188576634004
271908.71906435536	6000.0	2279.0178251057223	0.0	0	0.0	5187.736889461172	1	0	1	3.77482472138487
272834.13096585666	6000.0	2353.6059236043648	0.0	0	0.0	5187.736889461114	1	0	1	3.9748247213848753
273347.6045710317	6000.0	2840.132318429342	0.0	0	0.0	5187.736889461114	1	0	1	3.9748247213848753
274371.07331636304	6000.0	2816.6635730979574	0.0	0	0.0	5187.736889461055	1	0	1	3.9748247213848806
275627.1057139567	6000.0	2560.631175504331	0.0	0	0.0	5187.736889460997	1	0	1	3.974824721384887
276722.72671071556	6000.0	2465.010178745427	0.0	0	0.0	5187.736889460997	1	0	1	3.974824721384887
277733.8116570409	6000.0	2453.9252324200174	0.0	0	0.0	5187.736889460997	1	0	1	3.974824721384887
278545.923795714	6000.0	2641.813093746965	0.0	0	0.0	5187.736889460997	1	0	1	3.974824721384887
279334.72978344734	6000.0	2853.0071060135538	0.0	0	0.0	5187.736889460997	1	0	1	3.974824721384887
280276.9206839753	6000.0	2910.8162054856225	0.0	0	0.0	5187.736889460997	1	0	1	3.974824721384887
280832.67180658487	6000.0	3355.065082876001	0.0	0	0.0	5187.736889461055	1	0	1	3.9748247213848806
281490.93893803423	6000.0	3696.797951426626	0.0	0	0.0	5187.736889461055	1	0	1	3.9748247213848806
282323.90814022283	6000.0	3863.828749238073	0.0	0	0.0	5187.736889461055	1	0	1	3.9748247213848806
283084.8430522732	6000.0	4102.893837187696	0.0	0	0.0	5187.736889461055	1	0	1	3.9748247213848806
283738.25897672056	6000.0	4449.477912740364	0.0	0	0.0	5187.736889461055	1	0	1	3.9748247213848806
284770.38729564956	6000.0	4417.349593811436	0.0	0	0.0	5187.736889461114	1	0	1	3.974824721384879
286277.5908661693	6000.0	3910.1460232917193	0.0	0	0.0	5187.736889461172	1	0	1	3.97482472138487
287126.12017649214	6000.0	4061.616712968866	0.0	0	0.0	5187.736889461172	1	0	1	3.97482472138487
287917.40512816777	6000.0	4270.331761293324	0.0	0	0.0	5187.736889461172	1	0	1	3.97482472138487
288774.24710834905	6000.0	4413.489781112051	0.0	0	0.0	5187.736889461114	1	0	1	3.9748247213848753
289968.2585671451	6000.0	4219.478322316097	0.0	0	0.0	5187.736889461172	1	0	1	3.97482472138487
290928.982607304	6000.0	4258.75428215713	0.0	0	0.0	5187.736889461172	1	0	1	3.97482472138487
291596.663619341	6000.0	4591.073270120064	0.0	0	0.0	5187.736889461114	1	0	1	3.9748247213848718
292551.7876987396	6000.0	4635.949190721452	0.0	0	0.0	5187.736889461114	1	0	1	3.9748247213848753
293483.11759994883	6000.0	4704.619289512201	0.0	0	0.0	5187.736889461114	1	0	1	3.9748247213848753
294481.8287399314	6000.0	4705.908149529632	0.0	0	0.0	5187.736889461114	1	0	1	3.9748247213848753
295542.57304337976	6000.0	4645.163846081297	0.0	0	0.0	5187.736889461114	1	0	1	3.9748247213848753
296749.1474874616	6000.0	4438.589401999359	0.0	0	0.0	5187.736889461114	1	0	1	3.9748247213848753
297579.46963896434	6000.0	4608.267250496628	0.0	0	0.0	5187.736889461055	1	0	1	3.9748247213848806
298697.71255712304	6000.0	4490.024332337897	0.0	0	0.0	5187.736889461055	1	0	1	3.9748247213848806
300175.8762927547	6000.0	4011.8605967061694	0.0	0	0.0	5187.736889461055	1	0	1	3.9748247213848806
301607.0122655568	6000.0	3580.7246239041233	0.0	0	0.0	5187.736889460997	1	0	1	3.974824721384887
6.44	7.0	6.31	5.99	5.44	7.56	6.6	6.15	8.64	9.72	4.09	5.37	6.36	7.81	6.9	6.92	6.82	7.54	6.22	7.21	8.32	8.24	5.18	5.84	4.97	6.87	6.14	8.91	7.12	4.65	7.43	8.61	6.67	6.75	5.2	6.39	5.63	5.17	6.29	6.58	5.76	8.19	4.98	8.36	7.66	4.93	5.99	6.74	7.4	4.33	6.02	6.89	7.41	6.85	9.07	6.73	6.28	9.17	7.27	5.69	6.19	6.99	3.63	5.8	5.85	6.79	6.28	5.06	5.46	5.54	6.16	6.65	4.67	7.1	7.01	6.54	8.48	7.15	6.48	5.62	6.65	7.34	7.63	9.01	7.46	4.39	7.89	6.16	3.08	6.36	5.6	4.44	4.68	5.07	6.37	7.38	5.66	5.72	6.27	7.16	6.72	9.1	7.88	5.44	4.97	4.93	5.61	5.15	4.03	4.37	5.42	7.63	5.46	5.03	4.75	5.38	6.59	8.21	9.05	7.6	6.46	7.1	5.48	7.85	5.97	6.8	8.79	7.87	7.3	9.13	6.02	4.89	8.02	7.69	6.1	7.05	8.04	5.72	7.51	7.18	4.58	5.83	6.33	6.7	6.16	4.54	5.66	6.51	7.63	5.66	6.44	7.0	6.31	5.99	5.44	7.56	6.6	6.15	8.64	9.72	4.09	5.37	6.36	7.81	6.9	6.92	6.82	7.54	6.22	7.21	8.32	8.24	5.18	5.84	4.97	6.87	6.14	8.91	7.12	4.65	7.43	8.61	6.67	6.75	5.2	6.39	5.63	5.17	6.29	6.58	5.76	8.19	4.98	8.36	7.66	4.93	5.99	6.74	7.4	4.33	6.02	6.89	7.41	6.85	9.07	6.73	6.28	9.17	7.27	5.69	6.19	6.99	3.63	5.8	5.85	6.79	6.28	5.06	5.46	5.54	6.16	6.65	4.67	7.1	7.01	6.54	8.48	7.15	6.48	5.62	6.65	7.34	7.63	9.01	7.46	4.39	7.89	6.16	3.08	6.36	5.6	4.44	4.68	5.07	6.37	7.38	5.66	5.72	6.27	7.16	6.72	9.1	7.88	5.44	4.97	4.93	5.61	5.15	4.03	4.37	5.42	7.63	5.46	5.03	4.75	5.38	6.59	8.21	9.05	7.6	6.46	7.1	5.48	7.85	5.97	6.8	8.79	7.87	7.3	9.13	6.02	4.89	8.02	7.69	6.1	7.05	8.04	5.72	7.51	7.18	4.58	5.83	6.33	6.7	6.16	4.54	5.66	6.51	7.63	5.66	6.44	7.0
1.0	2.0	3.0	4.0	5.0	6.0	7.0	8.0	9.0	10.0	11.0	12.0	13.0	14.0	15.0	16.0	17.0	18.0	19.0	20.0	21.0	22.0	23.0	24.0	25.0	26.0	27.0	28.0	29.0	30.0	31.0	32.0	33.0	34.0	35.0	36.0	37.0	38.0	39.0	40.0	41.0	42.0	43.0	44.0	45.0	46.0	47.0	48.0	49.0	50.0	51.0	52.0	53.0	54.0	55.0	56.0	57.0	58.0	59.0	60.0	61.0	62.0	63.0	64.0	65.0	66.0	67.0	68.0	69.0	70.0	71.0	72.0	73.0	74.0	75.0	76.0	77.0	78.0	79.0	80.0	81.0	82.0	83.0	84.0	85.0	86.0	87.0	88.0	89.0	90.0	91.0	92.0	93.0	94.0	95.0	96.0	97.0	98.0	99.0	100.0	101.0	102.0	103.0	104.0	105.0	106.0	107.0	108.0	109.0	110.0	111.0	112.0	113.0	114.0	115.0	116.0	117.0	118.0	119.0	120.0	121.0	122.0	123.0	124.0	125.0	126.0	127.0	128.0	129.0	130.0	131.0	132.0	133.0	134.0	135.0	136.0	137.0	138.0	139.0	140.0	141.0	142.0	143.0	144.0	145.0	146.0	147.0	148.0	149.0	149.0	150.0	151.0	152.0	153.0	154.0	155.0	156.0	157.0	158.0	159.0	160.0	161.0	162.0	163.0	164.0	165.0	166.0	167.0	168.0	169.0	170.0	171.0	172.0	173.0	174.0	175.0	176.0	177.0	178.0	179.0	180.0	181.0	182.0	183.0	184.0	185.0	186.0	187.0	188.0	189.0	190.0	191.0	192.0	193.0	194.0	195.0	196.0	197.0	198.0	199.0	200.0	201.0	202.0	203.0	204.0	205.0	206.0	207.0	208.0	209.0	210.0	211.0	212.0	213.0	214.0	215.0	216.0	217.0	218.0	219.0	220.0	221.0	222.0	223.0	224.0	225.0	226.0	227.0	228.0	229.0	230.0	231.0	232.0	233.0	234.0	235.0	236.0	237.0	238.0	239.0	240.0	241.0	242.0	243.0	244.0	245.0	246.0	247.0	248.0	249.0	250.0	251.0	252.0	253.0	254.0	255.0	256.0	257.0	258.0	259.0	260.0	261.0	262.0	263.0	264.0	265.0	266.0	267.0	268.0	269.0	270.0	271.0	272.0	273.0	274.0	275.0	276.0	277.0	278.0	279.0	280.0	281.0	282.0	283.0	284.0	285.0	286.0	287.0	288.0	289.0	290.0	291.0	292.0	293.0	294.0	295.0	296.0	297.0	298.0	298.0	299.0	300.0
5404.614283128649
