5567.939130253274	300.0	2000.0	69.54258500434342	0	0.0	5567.939130253274	1	0	1	-1.9731257452243811
5635.07350669961	300.0	2926.1521859090303	0.0	0	0.0	5561.225692608641	1	0	2	-1.765678348079179
5696.707009063103	300.0	3858.3553333091886	0.0	0	0.0	5555.062342372292	1	0	2	-1.559296256653163
5776.816540086757	500.0	4770.234849183169	0.0	0	0.0	5547.0513892699255	1	0	2	-1.5539518543260513
6200.0	500.0	5304.733043278602	0.0	0	310.8963336985853	5504.733043278602	1	0	2	-1.059409824603145
7200.0	500.0	5204.733043278601	0.0	0	893.8288958158246	5404.733043278602	1	0	2	-1.037957414123508
8200.0	500.0	5104.733043278601	0.0	0	907.5310417163109	5304.733043278602	1	0	2	-0.9466122463316751
9200.0	1000.0	5004.733043278601	0.0	0	889.1840319428757	5204.733043278602	1	0	2	-0.8581083252146333
10200.0	2000.0	4904.733043278603	0.0	0	839.0217705257637	5104.733043278604	1	0	2	-0.07958841610293746
11200.0	6000.0	4804.733043278605	0.0	0	594.9061909073662	5004.733043278605	1	0	2	0.6955605389893407
12200.0	6000.0	4704.733043278605	0.0	0	420.6873668698372	4904.733043278605	1	0	2	1.8739331124313834
13200.0	6000.0	4604.733043278605	0.0	0	291.3702850450809	4804.733043278606	1	0	2	1.949980145143661
14437.027810185504	6000.0	4244.00245207455	0.0	0	0.0	4681.030262260054	1	0	2	2.0119533098995515
15200.0	6000.0	4404.733043278606	0.0	0	57.0257529266255	4604.733043278609	1	0	2	2.120659720817038
16200.0	6000.0	4304.733043278608	0.0	0	166.66778209631048	4504.733043278611	1	0	2	2.153332084887124
17200.0	6000.0	4204.73304327861	0.0	0	435.41482924381853	4404.733043278611	1	0	2	2.209489035094462
18200.0	6000.0	4104.733043278608	0.0	0	544.1969297380165	4304.733043278613	1	0	2	2.2641124844698313
19200.0	6000.0	4004.7330432786102	0.0	0	533.2060056290029	4204.733043278617	1	0	2	2.3163486445306916
20200.0	6000.0	3904.733043278615	0.0	0	485.3770128248616	4104.733043278624	1	0	2	2.3647553434075035
21200.0	6000.0	3804.7330432786157	0.0	0	264.65646878037296	4004.733043278622	1	0	2	2.4108725860266826
22239.38310355761	6000.0	3661.411629365247	0.0	0	0.0	3900.79473292287	1	0	2	2.4538495097826356
23200.0	6000.0	3604.7330432786125	0.0	0	281.9081494526836	3804.7330432786257	1	0	2	2.4966365007753373
24200.0	6000.0	3504.733043278616	0.0	0	356.99314180405054	3704.733043278622	1	0	2	2.5274164982387104
25200.0	6000.0	3404.733043278613	0.0	0	632.9479735806999	3604.7330432786184	1	0	2	2.5589259400890665
26200.0	6000.0	3304.733043278615	0.0	0	298.93284792277336	3504.7330432786184	1	0	2	2.59027624737345
27200.0	6000.0	3204.733043278612	0.0	0	353.4513695973692	3404.733043278611	1	0	2	2.6178439152422035
28200.0	6000.0	3104.733043278612	0.0	0	153.91167857739129	3304.7330432786075	1	0	2	2.644521570616569
29200.0	6000.0	3004.7330432786116	0.0	0	288.8252938321639	3204.7330432786002	1	0	2	2.6672200406503515
30200.0	6000.0	2904.7330432786152	0.0	0	199.2381528677688	3104.7330432786075	1	0	2	2.6893872663316163
31200.0	6000.0	2804.7330432786184	0.0	0	377.22124481502397	3004.733043278611	1	0	2	2.7080393678685875
32200.0	6000.0	2704.7330432786207	0.0	0	502.5254284497314	2904.733043278611	1	0	2	2.7257473328136825
33200.0	6000.0	2604.7330432786193	0.0	0	365.9723575450371	2804.733043278611	1	0	2	2.7425966902086922
34200.0	6000.0	2504.733043278611	0.0	0	106.49945168456179	2704.7330432786075	1	0	2	2.7575720249061515
35200.0	6000.0	2404.7330432786184	0.0	0	214.78342217933096	2604.7330432786184	1	0	2	2.7713642963776457
36200.0	6000.0	2304.73304327862	0.0	0	577.9948886176644	2504.733043278611	1	0	2	2.7832671693031976
37200.0	6000.0	2204.7330432786234	0.0	0	497.375267576208	2404.733043278611	1	0	2	2.794591030451092
38200.0	6000.0	2104.7330432786184	0.0	0	642.1695503036972	2304.733043278611	1	0	2	2.8047735095779123
39200.0	6000.0	2004.7330432786198	0.0	0	581.0965331006591	2204.733043278604	1	0	2	2.8141735247716424
40200.0	6000.0	1904.7330432786134	0.0	0	277.3581539898514	2104.7330432785966	1	0	2	2.822897848870573
41200.0	6000.0	1804.7330432786143	0.0	0	65.49429227023211	2004.7330432786039	1	0	2	2.8311307862751116
42200.0	6000.0	1704.7330432786093	0.0	0	380.09621310114017	1904.7330432785966	1	0	2	2.837605313155325
43200.0	6000.0	1604.7330432786073	0.0	0	243.59353669630218	1804.7330432786039	1	0	2	2.844189773853244
44200.0	6000.0	1504.733043278604	0.0	0	245.46397207589325	1704.7330432785966	1	0	2	2.849882214218364
45200.0	6000.0	1404.7330432786084	0.0	0	310.7306545637839	1604.7330432786039	1	0	2	2.8551239236217674
46200.0	6000.0	1304.7330432785964	0.0	0	500.68066367505526	1504.7330432785966	1	0	2	2.8597420132725317
47200.0	6000.0	1204.7330432785952	0.0	0	284.81199337116414	1404.7330432785893	1	0	2	2.864093761107403
48200.0	6000.0	1104.7330432785996	0.0	0	387.74399800821993	1304.7330432785966	1	0	2	2.8679871013327563
49200.0	6000.0	1004.7330432786027	0.0	0	41.653814063764	1204.7330432785966	1	0	2	2.871841882133274
50200.0	6000.0	904.733043278608	0.0	0	107.27085241879831	1104.7330432785966	1	0	2	2.875006923618726
51200.0	6000.0	804.7330432786109	0.0	0	263.19947809651785	1004.7330432785966	1	0	2	2.87779217261585
52200.0	6000.0	704.7330432786086	0.0	0	257.16037592986686	904.7330432786039	1	0	2	2.880387666818142
53200.0	6000.0	604.7330432785967	0.0	0	371.2197637588688	804.7330432785966	1	0	2	2.882739472032276
54200.0	6000.0	504.7330432785891	0.0	0	369.20219661676674	704.7330432785966	1	0	2	2.8848681096349007
55200.0	6000.0	404.7330432785948	0.0	0	335.1208500167413	604.7330432785966	1	0	2	2.8868947820953355
56200.0	6000.0	304.7330432785906	0.0	0	348.65104306717694	504.73304327858204	1	0	2	2.8886277662059956
57200.0	6000.0	225.8409705795396	19.189024819043354	0	376.7049989420266	425.8409705795275	1	0	2	2.7766965681993745
58200.0	6000.0	321.36111842140946	177.7455889471563	0	241.4315383976209	521.3611184214096	1	0	2	1.8397017167079148
59200.0	6000.0	320.17695406216484	89.8325778552348	0	162.03658367471508	520.1769540621608	1	0	2	2.358419143621516
60200.0	6000.0	245.59365544642674	23.10609216751771	0	428.1159382988335	445.59365544643515	1	0	2	2.7532796193407285
61200.0	6000.0	279.22324679595863	121.4814466813971	0	365.4825021799479	479.2232467959475	1	0	2	2.1723362790435705
62200.0	6000.0	195.88543712020157	15.147445749313622	0	204.03864101610816	395.8854371201887	1	0	2	2.800995371666688
63200.0	6000.0	217.03488674395282	110.13586329431999	0	484.75687471903075	417.0348867439461	1	0	2	2.2402448642303545
64200.0	6000.0	208.27219718861775	82.94300949515392	0	370.0525207792307	408.2721971886276	1	0	2	2.4008155386387764
65200.0	6000.0	360.7385284701005	229.5148466195308	0	38.3841085958411	560.738528470094	1	0	2	1.533657767323787
66612.5460285184	6000.0	246.2598836576144	399.38362414342515	0	0.0	858.8059121760161	1	0	2	0.4842365632264096
67429.26303862628	6000.0	549.3720269578012	183.1825949262277	0	0.0	978.6350655840652	1	0	2	1.8164255696497746
68272.8319389628	6000.0	621.446236587612	0.0	0	0.0	894.2781755503966	1	0	2	2.8966621264817745
69200.0	6000.0	601.561369446695	0.0	0	121.36365313077113	801.5613694466738	1	0	2	2.890294336875688
70293.86179901677	6000.0	398.31339052825217	0.0	0	0.0	692.1751895449997	1	0	2	2.8758636567341513
71200.0	6000.0	525.60282870524	112.76496296232233	0	15.188203073528712	725.6028287052177	1	0	2	2.2288613188132516
72200.0	6000.0	425.60282870524077	0.0	0	364.59556966465607	625.6028287052177	1	0	2	2.886478984030514
73200.0	6000.0	325.6028287052433	0.0	0	262.85875532144564	525.6028287052177	1	0	2	2.88832011330031
74200.0	6000.0	261.8350570203099	32.93838937733298	0	386.41790083823435	461.8350570202747	1	0	2	2.6950127990237
75200.0	6000.0	261.4108424043478	90.52344125822299	0	240.2652645031485	461.41084240429336	1	0	2	2.355280151243739
76200.0	6000.0	311.5258777759688	136.46821397420996	0	267.1331206190953	511.5258777759009	1	0	2	2.0833995652619217
77200.0	6000.0	258.61592686486324	42.80913553535839	0	347.90947822826274	458.61592686480435	1	0	2	2.6368293560364107
78200.0	6000.0	318.08296804690707	144.97003743822725	0	215.30195161272422	518.082968046816	1	0	2	2.0331359078354345
79200.0	6000.0	331.0161755700521	102.66655229376687	0	193.67211659465102	531.0161755699519	1	0	2	2.2825146155723144
80200.0	6000.0	324.28931778421776	84.79376564922994	0	88.22213109830045	524.2893177841324	1	0	2	2.3880971400210034
81200.0	6000.0	337.0040347645157	102.46792452753297	0	128.87868622747192	537.0040347644244	1	0	2	2.283600776734593
82200.0	6000.0	270.5585035080472	30.504062494120475	0	198.64197536608845	470.55850350795663	1	0	2	2.7092530577809804
83342.85289120424	6000.0	338.8610435305858	295.85520031563794	0	0.0	681.7139347347111	1	0	2	1.1256838784364476
84200.0	6000.0	413.6214923028652	16.02024404328037	0	165.8602898868703	613.6214923027437	1	0	2	2.8065900256315675
85200.0	6000.0	313.6214923028586	0.0	0	590.6329069489584	513.6214923027583	1	0	2	2.8884486692096845
86200.0	6000.0	213.6214923028385	0.0	0	467.62671307502023	413.62149230275827	1	0	2	2.89008827798241
87200.0	6000.0	180.4621662626406	60.76424905436586	0	449.9224779638025	380.4621662626305	1	0	2	2.5320843694412827
88200.0	6000.0	310.9681095189389	209.55085750572297	0	280.16089453335735	510.9681095189153	1	0	2	1.6522193537558751
89200.0	6000.0	210.9681095189576	0.0	0	493.66859584327904	410.96810951892985	1	0	2	2.890132631338463
90200.0	6000.0	147.28720608211586	33.01736051197631	0	436.51301627320936	347.2872060820955	1	0	2	2.696270581892954
91200.0	6000.0	264.40978739408325	197.3841648290654	0	366.665320290238	464.4097873941064	1	0	2	1.724742876330251
92200.0	6000.0	194.59058595332027	27.43708959931303	0	389.1470851729973	394.5905859533523	1	0	2	2.728505614739161
93200.0	6000.0	374.2790334885532	254.26222503202862	0	198.1968381703773	574.2790334885358	1	0	2	1.3873626503037362
94200.0	6000.0	324.45244424647706	45.6121915981127	0	202.40629487599654	524.4524442464754	1	0	2	2.6192403713517547
95200.0	6000.0	280.9179021114705	51.33223442271505	0	320.089179557428	480.91790211145417	1	0	2	2.586193697139135
96200.0	6000.0	184.3082804696238	3.08216214379069	0	418.61018736785627	384.30828046958777	1	0	2	2.8723520732700023
97200.0	6000.0	235.57659078180296	137.51664573835683	0	475.19984268538246	435.5765907817986	1	0	2	2.07841339776669
98200.0	6000.0	199.03879872613712	57.692916313025755	0	423.1724416748766	399.0387987261347	1	0	2	2.5499298384798283
99200.0	6000.0	281.9219205233184	166.25738345196135	0	266.1587783764262	481.92192052332393	1	0	2	1.9081219146439
100200.0	6000.0	317.0462830053381	122.84032952912071	0	170.84054923910298	517.0462830053584	1	0	2	2.16372456122731
101200.0	6000.0	232.24502407000193	13.817037331491875	0	415.7819247355219	432.2450240700273	1	0	2	2.8082926493151343
102200.0	6000.0	276.4959940866594	131.13724546967487	0	294.4608279828244	476.4959940866538	1	0	2	2.1154172733430103
103200.0	6000.0	260.3137496117487	76.19795956825789	0	349.54612191574415	460.31374961175607	1	0	2	2.439808336151364
104200.0	6000.0	301.1371165851208	128.02124270307712	0	306.29188883371535	501.13711658513057	1	0	2	2.133402910105066
105200.0	6000.0	201.13711658514063	0.0	0	604.4509832297481	401.1371165851742	1	0	2	2.8902632323755792
106200.0	6000.0	227.2584637525959	114.65577015224113	0	461.5786788727419	427.258463752587	1	0	2	2.213420989369098
107200.0	6000.0	127.258463752583	0.0	0	563.2408379021508	327.258463752587	1	0	2	2.8913531656508527
108200.0	6000.0	302.5583780255498	250.27264933907395	0	242.5386304234853	502.55837802554015	1	0	2	1.412100660023052
109200.0	6000.0	285.0945174747678	75.0328540447342	0	403.2599723619205	485.0945174747467	1	0	2	2.4462844694508648
110200.0	6000.0	185.09451747475018	0.0	0	596.9363834935502	385.09451747473213	1	0	2	2.890507486646748
111200.0	6000.0	176.22634567762918	82.84711654806472	0	472.3639652252896	376.22634567762725	1	0	2	2.4018575508683284
112200.0	6000.0	198.50778317043753	111.16494317528151	0	453.84674255299615	398.5077831704548	1	0	2	2.2344528216289294
113200.0	6000.0	288.68697302058104	172.89017259104023	0	224.76472581927374	488.68697302056535	1	0	2	1.868885313008251
114200.0	6000.0	188.68697302058183	0.0	0	429.66135904753173	388.68697302056535	1	0	2	2.8904706628125147
115200.0	6000.0	336.4672828265771	225.25482709635534	0	213.68339395259682	536.4672828265902	1	0	2	1.5591472235474753
116200.0	6000.0	361.2845381411421	113.47023210415686	0	187.99496472836472	561.2845381411316	1	0	2	2.2182646616680355
117200.0	6000.0	261.28453814113936	0.0	0	397.9302094374434	461.28453814113163	1	0	2	2.889357813807057
118200.0	6000.0	298.4376558357593	124.68465244964081	0	317.2839449807652	498.43765583577624	1	0	2	2.153132232456449
119200.0	6000.0	211.6126103553367	11.977231381428396	0	482.1205211866909	411.6126103553688	1	0	2	2.8194631247052455
120200.0	6000.0	195.78074502957148	76.51648606747798	0	426.5316483197821	395.7807450295659	1	0	2	2.4389194382351027
121200.0	6000.0	263.3011835963652	152.29130778798802	0	176.1390510905767	463.3011835963698	1	0	2	1.9908265677359323
122200.0	6000.0	347.4772460873379	167.43278408269714	0	43.3976993818942	547.4772460873355	1	0	2	1.9001612948469409
123200.0	6000.0	247.4772460873312	0.0	0	386.87437466594565	447.4772460873064	1	0	2	2.8895750610212474
124200.0	6000.0	254.04084074933277	96.87599514727073	0	429.72026910651766	454.0408407493378	1	0	2	2.3179044132425584
125200.0	6000.0	185.74459159085706	28.821591674099725	0	514.1737609919073	385.74459159084654	1	0	2	2.7204682442205055
126200.0	6000.0	135.78171055880375	45.488289970867754	0	559.4863212596829	335.7817105587892	1	0	2	2.6228548280218105
127200.0	6000.0	330.4477047070618	267.878176498422	0	206.67702714978077	530.4477047070541	1	0	2	1.3077717674739464
128200.0	6000.0	230.4477047070602	0.0	0	524.7723806284339	430.4477047070395	1	0	2	2.8898272034121297
129200.0	6000.0	147.475929021435	15.48020392217012	0	468.76380963792326	347.4759290214133	1	0	2	2.799737121285136
130200.0	6000.0	274.1438781494356	206.06177193456512	0	308.17773017344007	474.1438781494362	1	0	2	1.673395978552047
131200.0	6000.0	339.56049543574886	150.3787429875659	0	181.16325836098986	539.5604954357404	1	0	2	2.000872366921995
132200.0	6000.0	239.56049543575796	0.0	0	509.5812799075793	439.560495435755	1	0	2	2.8896916118387033
133200.0	6000.0	161.73697328895582	20.16043441200427	0	564.6677625733719	361.7369732889638	1	0	2	2.7719194691394855
134200.0	6000.0	223.81526845258855	147.34390469424628	0	411.4494821559929	423.8152684525994	1	0	2	2.0206138519124486
135200.0	6000.0	150.9303089936979	24.65003685555064	0	408.2560802656808	350.93030899370206	1	0	2	2.7455858827820387
136200.0	6000.0	296.2199872721821	222.99061661681364	0	263.4310661825293	496.2199872721976	1	0	2	1.5731670853328135
137211.6240869516	6000.0	347.9466240572491	149.55739311985914	0	0.0	559.5707110088551	1	0	2	2.0042775232157597
138326.63287884564	6000.0	362.1455176722772	218.8259679077114	0	0.0	688.7783965179115	1	0	2	1.582819513991157
139200.0	6000.0	437.17355874409384	32.48352212873573	0	118.96364588980214	637.173558744078	1	0	2	2.70742532282508
140200.0	6000.0	421.64792688603245	76.7948801290369	0	95.0460080569319	621.6479268859839	1	0	2	2.4336111560640292
141200.0	6000.0	321.64792688601983	0.0	0	205.21693382735248	521.6479268859839	1	0	2	2.8883959655111626
142200.0	6000.0	389.78805791299914	152.8546645700195	0	125.9342733422236	589.7880579129851	1	0	2	1.9854168715504439
143200.0	6000.0	289.7880579130214	0.0	0	452.1145273010188	489.7880579130142	1	0	2	2.888882729745146
144200.0	6000.0	189.78805791303432	0.0	0	499.73101562808733	389.7880579130142	1	0	2	2.8904366466177036
145200.0	6000.0	407.8697626098349	289.16518608802295	0	117.88084384248941	607.8697626098583	1	0	2	1.1808696571460882
146200.0	6000.0	307.86976260984306	0.0	0	169.8948537176184	507.8697626098583	1	0	2	2.8886255780977597
147212.9201231781	6000.0	363.5213716236756	154.4215859179409	0	0.0	576.4414948017802	1	0	2	1.9751569135115892
148200.0	6000.0	277.733507119601	0.0	0	449.3630994382256	477.73350711958483	1	0	2	2.890379441273575
149200.0	6000.0	177.73350711958344	0.0	0	424.80859473434975	377.7335071195557	1	0	2	2.890629601211163
150200.0	6000.0	243.9428053933997	151.09936206710145	0	252.93000143032987	443.94280539342435	1	0	2	1.9981515999083688
151200.0	6000.0	297.15645991925464	139.2851404780558	0	359.0414634317858	497.1564599192643	1	0	2	2.067005414291284
152200.0	6000.0	246.59460236259676	44.94376585757485	0	319.8782097406802	446.5946023626311	1	0	2	2.6244232787304984
153200.0	6000.0	261.9884945722095	104.90353837234626	0	346.77270644903183	461.9884945722297	1	0	2	2.2704193711744765
154200.0	6000.0	251.01210243803465	80.93055260530528	0	318.7173907717515	451.0121024380787	1	0	2	2.412034308549664
155200.0	6000.0	260.69600142796685	99.7126354453948	0	308.8600965826772	460.6960014279466	1	0	2	2.301069170429512
156200.0	6000.0	330.03780838774685	153.94709723614693	0	246.5797565371031	530.037808387744	1	0	2	1.9799688978980947
157200.0	6000.0	260.9599460583887	28.11103424602561	0	414.2099568384292	460.9599460583704	1	0	2	2.7235081059837665
158200.0	6000.0	241.59237320466067	73.30220649661992	0	414.51079570519505	441.59237320462125	1	0	2	2.4571850590600333
159200.0	6000.0	141.59237320469904	0.0	0	583.411354521726	341.59237320470857	1	0	2	2.891150046295672
160200.0	6000.0	134.45989918313325	84.42502361673192	0	577.8316988240986	334.459899183159	1	0	2	2.3931466780874233
161200.0	6000.0	240.5308681333167	187.33724450016587	0	379.3337051643757	440.5308681333263	1	0	2	1.784394878441222
162200.0	6000.0	140.53086813330358	0.0	0	639.9134460841015	340.5308681333554	1	0	2	2.8911662499377337
163200.0	6000.0	129.6996832377898	81.06255918588629	0	556.9396151861874	329.69968323782086	1	0	2	2.4130519268081883
164200.0	6000.0	182.91788700066084	139.2892761480751	0	409.87062069412787	382.9178870006872	1	0	2	2.0687505896267306
165200.0	6000.0	157.89382737740948	68.15994579704125	0	440.94450334610883	357.8938273774402	1	0	2	2.488777685779682
166200.0	6000.0	280.6349698079848	202.4919476641723	0	242.0600578727608	480.63496980798664	1	0	2	1.6943615527662064
167200.0	6000.0	314.6859891221172	121.86456301284719	0	213.9760840474337	514.685989122052	1	0	2	2.169514705390271
168200.0	6000.0	214.68598912211672	0.0	0	392.088233798102	414.6859891220229	1	0	2	2.8900777356052014
169200.0	6000.0	293.3608919856264	162.43172987594252	0	298.1861763933557	493.36089198559057	1	0	2	1.9305081600691962
170200.0	6000.0	193.360891985615	0.0	0	537.1928359075973	393.36089198559057	1	0	2	2.8903950951223627
171200.0	6000.0	166.21750486111145	66.23328443223899	0	555.1486725510331	366.2175048610661	1	0	2	2.5000248807027785
172200.0	6000.0	112.57189101694746	42.14035105074028	0	640.98964393395	312.5718910169089	1	0	2	2.642932402579215
173200.0	6000.0	146.39629220129456	121.65854653121515	0	503.7859327410697	346.39629220124334	1	0	2	2.1733002505051866
174200.0	6000.0	121.39336807073204	68.17915988132191	0	550.5026795517188	321.3933680707123	1	0	2	2.4891796462403013
175200.0	6000.0	224.65075947204096	184.77944672844086	0	326.35750114772236	424.65075947201694	1	0	2	1.79973134462268
176234.21204408733	6000.0	412.64225506150945	296.0224946232174	0	0.0	646.8542991488066	1	0	2	1.136309339044053
177200.0	6000.0	350.2755035575508	0.0	0	446.2838056086912	550.2755035574664	1	0	2	2.891267563465612
178200.0	6000.0	250.27550355755457	0.0	0	471.52127467733226	450.27550355743733	1	0	2	2.889524626423044
179200.0	6000.0	177.8476263233967	25.065566150765203	0	538.312774046819	377.84762632334605	1	0	2	2.7427449595739413
180200.0	6000.0	168.60967154641725	82.51095020276837	0	486.0856002555811	368.6096715464373	1	0	2	2.403951953952242
181200.0	6000.0	142.40832785115649	67.0896875497322	0	542.1939278624195	342.40832785118255	1	0	2	2.4953130806897548
182200.0	6000.0	204.21603519594436	147.09791576798597	0	466.13543381306226	404.21603519591736	1	0	2	2.02236269735176
183200.0	6000.0	128.54518828826434	22.117411902085877	0	552.1859178630984	328.5451882882335	1	0	2	2.7608444279922364
184200.0	6000.0	290.7896225807684	238.4040311750155	0	306.8012479072786	490.789622580749	1	0	2	1.4823128336083728
185200.0	6000.0	190.78962258076533	0.0	0	556.312560828228	390.7896225806908	1	0	2	2.890426099120186
186200.0	6000.0	127.96153406780934	33.79264680638258	0	537.1216538181179	327.96153406775557	1	0	2	2.6919686907742593
187200.0	6000.0	191.7981255175672	148.94235586340548	0	566.9911486790224	391.7981255175837	1	0	2	2.0116660800408392
188200.0	6000.0	158.08217388781054	60.258225791144284	0	577.4365996488777	358.08217388781486	1	0	2	2.5353951268222144
189200.0	6000.0	201.94596977122353	130.78526898492902	0	362.01012731087394	401.94596977121546	1	0	2	2.118641406382529
190200.0	6000.0	146.98476053890823	40.94435524335006	0	556.8504347129201	346.9847605388495	1	0	2	2.649505614081255
191200.0	6000.0	248.78848182720557	183.45792844391832	0	223.92562516999897	448.7884818272141	1	0	2	1.8071650901978369
192200.0	6000.0	373.43856783190796	204.2273509133568	0	197.9722885847441	573.4385678319086	1	0	2	1.6825856085119086
193317.62777019205	6000.0	255.40371469614675	101.23244915954925	0	0.0	573.0314848881972	1	0	2	2.278475105236352
194200.0	6000.0	363.2259106635895	71.30149886925915	0	259.7617554499884	563.2259106635465	1	0	2	2.4787749006948876
195200.0	6000.0	263.22591066358785	0.0	0	461.89421144410153	463.22591066360474	1	0	2	2.8893135321067365
196200.0	6000.0	298.02546065505294	122.54504544679173	0	177.06833078624913	498.0254606550734	1	0	2	2.1657728210007887
197200.0	6000.0	321.28709082005446	112.05602742272347	0	155.0941110230342	521.2870908201148	1	0	2	2.22728668569295
198338.61485929048	6000.0	379.25521740021054	282.222247090657	0	0.0	717.8700766907423	1	0	2	1.2058407905851154
199200.0	6000.0	431.7315626197541	0.0	0	231.27825443379697	631.7315626198542	1	0	2	2.900318828297029
200200.0	6000.0	331.73156261977834	0.0	0	501.9940974331985	531.7315626198833	1	0	2	2.8881589851142753
201200.0	6000.0	231.73156261976237	0.0	0	614.9025695654273	431.73156261985423	1	0	2	2.8897879441675145
202200.0	6000.0	131.73156261972977	0.0	0	489.89000760321505	331.7315626197378	1	0	2	2.89129097981787
203200.0	6000.0	268.7371564627972	215.45963076641976	0	393.0691313020361	468.73715646282653	1	0	2	1.6180282479106027
204200.0	6000.0	211.03689969698036	38.454312031095135	0	488.6342032458051	411.03689969703555	1	0	2	2.663257064966631
205200.0	6000.0	111.0368996969689	0.0	0	687.8717594626069	311.03689969706465	1	0	2	2.891581966945636
206200.0	6000.0	42.408953089735945	28.520048538868878	0	750.0861451108649	242.40895308979088	1	0	2	2.7242418954632575
207200.0	6000.0	128.08252215340914	168.79415369421605	0	431.01025564593147	328.0825221534178	1	0	2	1.895458111336038
208200.0	6000.0	142.88370860106465	104.36471495241277	0	500.8379157966119	342.883708601119	1	0	2	2.275383688126547
209200.0	6000.0	268.47105109939184	205.07940227117965	0	373.7776959585317	468.47105109939	1	0	2	1.6792767296281004
210200.0	6000.0	237.1597741059702	62.4442936423228	0	485.863397412264	437.1597741059668	1	0	2	2.5213157137833306
211200.0	6000.0	185.39431102201678	43.8495790146074	0	347.97535804720246	385.3943110219843	1	0	2	2.631808290538621
212200.0	6000.0	279.1766487628959	176.16576158258832	0	251.8596625784121	479.176648762892	1	0	2	1.8497101084552936
213200.0	6000.0	351.3162225052906	156.49052158399456	0	160.62321146629984	551.3162225052656	1	0	2	1.9646192807954614
214200.0	6000.0	251.316222505294	0.0	0	414.81588322710013	451.3162225052947	1	0	2	2.8894968050242786
215200.0	6000.0	275.41248468849096	112.81478380286659	0	350.3217230538721	475.4124846885097	1	0	2	2.2235301982630755
216200.0	6000.0	280.115677296202	95.18472055248509	0	195.2411840299028	480.1156772962422	1	0	2	2.327487686230728
217200.0	6000.0	188.2832214550021	7.4250401444069105	0	485.1346553416806	388.283221455029	1	0	2	2.8466703644596376
218200.0	6000.0	165.96367667625393	70.61859565565743	0	570.8506073132739	365.96367667627055	1	0	2	2.474155221548833
219200.0	6000.0	180.42294507100655	104.05388035887512	0	463.78257325451705	380.4229450710118	1	0	2	2.2766761209279758
220200.0	6000.0	279.9170811524922	181.35830552863482	0	303.862654908502	479.9170811524382	1	0	2	1.8190570009837468
221200.0	6000.0	234.33355650982782	49.46952305210881	0	199.98666708686505	434.33355650978046	1	0	2	2.5979194823397904
222266.33824544697	6000.0	381.90760814393764	291.4055651143583	0	0.0	648.2458535909245	1	0	2	1.1602888766811876
223200.0	6000.0	400.5950866863164	41.559462318801565	0	61.66049897746416	600.5950866863132	1	0	2	2.6485317816768443
224200.0	6000.0	418.9324953609471	107.57946243147512	0	178.78776076243958	618.932495360903	1	0	2	2.2520100406808514
225200.0	6000.0	318.9324953609396	0.0	0	291.58342763906694	518.932495360903	1	0	2	2.8884139799436794
226200.0	6000.0	232.60224032889397	12.42704087998439	0	485.0923948271666	432.6022403288516	1	0	2	2.8164881078308577
227200.0	6000.0	201.74788136243325	62.85967366683244	0	484.8948984913877	401.7478813624475	1	0	2	2.519405390174775
228200.0	6000.0	129.44313677687853	25.177504922218645	0	472.49409003110486	329.4431367768557	1	0	2	2.7427773333580774
229200.0	6000.0	192.3622865613304	148.10831798582853	0	434.34119714735425	392.36228656131425	1	0	2	2.0165785210582827
230200.0	6000.0	167.6943689794337	68.48371128917655	0	552.520899060939	367.69436897942796	1	0	2	2.486725949693251
231200.0	6000.0	276.3304887910548	189.6691998287444	0	341.9646102747938	476.3304887910199	1	0	2	1.7700767770174208
232200.0	6000.0	219.4137842060216	39.166632195431866	0	348.8335015588382	419.41378420594265	1	0	2	2.658927068790119
233200.0	6000.0	254.83572172835423	123.11085229300372	0	434.75676684707287	454.83572172836284	1	0	2	2.1631062052406573
234200.0	6000.0	167.5240486537374	11.534842659429113	0	503.4125506982673	367.5240486537223	1	0	2	2.822726745599157
235200.0	6000.0	252.37089928727448	168.04259148502905	0	379.41949414883857	452.3708992872853	1	0	2	1.8980478308821396
236200.0	6000.0	237.83872115305707	77.69801987799158	0	292.14151240469073	437.8387211530644	1	0	2	2.4313098933714574
237200.0	6000.0	361.74483542541526	203.55101297490347	0	87.87226964713773	561.7448354254302	1	0	2	1.6868047355860047
238200.0	6000.0	328.06027552294535	60.286763725040814	0	266.43932036627666	528.0602755229629	1	0	2	2.5325966038078125
239200.0	6000.0	228.0602755229308	0.0	0	334.80222778610187	428.0602755229047	1	0	2	2.889868529708094
240200.0	6000.0	248.27857863130578	109.28936646217133	0	366.61433190086973	448.27857863125973	1	0	2	2.244756216044583
241200.0	6000.0	307.7648400942164	144.98751042081582	0	302.2986742136418	507.7648400942271	1	0	2	2.033193094911343
242200.0	6000.0	249.9097132969024	38.31352109331792	0	307.1896711792797	449.9097132968891	1	0	2	2.6634924689909196
243200.0	6000.0	276.58945106483833	115.16339797081737	0	219.82735886634327	476.58945106482133	1	0	2	2.2096666545430983
244200.0	6000.0	281.1810815605134	95.08330045060484	0	372.86292696685996	481.18108156046947	1	0	2	2.3280536875593016
245200.0	6000.0	226.88576111959676	41.54970869008268	0	357.39506032143254	426.8857611195708	1	0	2	2.6447524819046495
246200.0	6000.0	326.00568676560766	181.01811422366816	0	129.72877517412417	526.005686765624	1	0	2	1.8203365530740765
247200.0	6000.0	368.73135197453576	129.7506047353866	0	59.39338222198421	568.7313519745658	1	0	2	2.122118471231892
248228.80846462934	6000.0	470.58305959005656	212.31001700708848	0	0.0	699.3915242194198	1	0	2	1.6297759408895263
249200.0	6000.0	402.27237068230755	0.0	0	311.811287559598	602.2723706823308	1	0	2	2.8897930402848564
250215.0168690488	6000.0	407.63804057299745	110.80384167671042	0	0.0	622.6549096218077	1	0	2	2.231482798882512
251200.0	6000.0	324.15659652668944	0.0	0	392.68125692164176	524.1565965266782	1	0	2	2.8898294709919643
252200.0	6000.0	224.15659652671212	0.0	0	450.2412189015304	424.1565965266782	1	0	2	2.889927596565342
253200.0	6000.0	216.70097172444702	84.1312501797739	0	374.4534721459786	416.7009717244364	1	0	2	2.393677164379261
254200.0	6000.0	188.57927428414246	65.34391141791423	0	387.5504762434575	388.5792742841586	1	0	2	2.504944640735403
255200.0	6000.0	173.22425066619465	76.94997852913535	0	480.9058576739626	373.2242506662442	1	0	2	2.4366945226012695
256200.0	6000.0	402.9330797321249	299.7352991508461	0	118.74733251016005	602.9330797321454	1	0	2	1.1185914009481794
257200.0	6000.0	302.93307973212353	0.0	0	389.8640253455378	502.9330797321454	1	0	2	2.8886656473466648
258200.0	6000.0	202.93307973210887	0.0	0	541.4123556967534	402.9330797321454	1	0	2	2.890250355505409
259200.0	6000.0	294.8836213989244	174.50049242439292	0	305.4018039322691	494.8836213989416	1	0	2	1.8592768122883532
260200.0	6000.0	229.07731198270173	31.085173257993993	0	205.35441013338277	429.07731198272086	1	0	2	2.7064679992199796
261200.0	6000.0	248.08552658830445	108.18928600509011	0	378.9019537467393	448.0855265883147	1	0	2	2.251249720421322
262200.0	6000.0	149.99966233368076	1.7401234049143852	0	451.0309943074244	349.99966233372106	1	0	2	2.880767649988236
263200.0	6000.0	342.15259669411716	265.5935766913386	0	231.1645073418622	542.1525966940098	1	0	2	1.321052921496166
264200.0	6000.0	242.15259669409255	0.0	0	442.4200854116352	442.15259669395164	1	0	2	2.8896591250249335
265200.0	6000.0	197.01029424201363	49.870634134506695	0	400.78827215573983	397.01029424200533	1	0	2	2.596111618623014
266200.0	6000.0	260.17252565654155	148.32930128590837	0	373.80781617877074	460.172525656526	1	0	2	2.014234989614101
267200.0	6000.0	166.21904870788387	5.496839137599858	0	373.694505160267	366.2190487079206	1	0	2	2.8583698855735307
268200.0	6000.0	347.13183299544926	255.37525844326376	0	202.97313850402134	547.1318329953938	1	0	2	1.3812581443850256
269200.0	6000.0	352.9149592771458	96.16647843790304	0	199.21356820187066	552.9149592770264	1	0	2	2.320494798825451
270200.0	6000.0	329.9097284743149	69.99524472469547	0	182.9904504971346	529.9097284742165	1	0	2	2.4752967052550465
271200.0	6000.0	340.2712876664764	100.32869017473377	0	196.34843352547614	540.2712876664009	1	0	2	2.296149975818686
272200.0	6000.0	279.67824403002925	35.82450578500165	0	322.95892635686323	479.67824402992846	1	0	2	2.6777081162658987
273200.0	6000.0	240.73038229551082	55.50194387772923	0	402.94160059525166	440.7303822954418	1	0	2	2.5622200439830563
274200.0	6000.0	183.16536726046223	38.57725905912457	0	522.4606262226007	383.1653672604589	1	0	2	2.662947845588792
275200.0	6000.0	222.89149174829822	127.02374953439985	0	171.50606280949432	422.89149174827617	1	0	2	2.1405243004302745
276200.0	6000.0	291.07696810281516	152.89588759503397	0	233.03758997499244	491.07696810289053	1	0	2	1.986812378728494
277201.7889985531	6000.0	475.59371159201413	260.4405835433143	0	0.0	677.3827101452043	1	0	2	1.3489521838602987
278200.0	6000.0	377.56161000041686	0.0	0	191.81938806152903	577.5616100003826	1	0	2	2.8876323560367347
279200.0	6000.0	277.56161000041004	0.0	0	407.8819301323383	477.5616100002662	1	0	2	2.8890726967915557
280200.0	6000.0	260.6002814533525	75.4897013208867	0	340.7416512023192	460.60028145316755	1	0	2	2.443983116237109
281200.0	6000.0	199.80647138430044	35.64199084626537	0	456.51303573773475	399.8064713841886	1	0	2	2.680018810485553
282200.0	6000.0	220.06842368383153	109.32904754497707	0	434.89112367178313	420.0684236839297	1	0	2	2.2449588255127377
283200.0	6000.0	235.47167370076062	104.91204546996396	0	151.66881475882838	435.4716737008421	1	0	2	2.270795390556323
284588.169493178	6000.0	297.68301433887626	535.6343483036122	0	0.0	885.8525075168582	1	0	2	-0.3178701395466359
285329.91846329253	6000.0	599.0037704120982	106.58602109017326	0	0.0	928.9222337045358	1	0	2	2.2771852680323175
286200.0	6000.0	641.9140800338901	0.0	0	170.4226328828372	841.9140800338355	1	0	2	2.895012102923507
287200.0	6000.0	541.9140800339181	0.0	0	523.6222581962356	741.9140800338937	1	0	2	2.884100041448926
288200.0	6000.0	441.9140800339182	0.0	0	654.4762977227219	641.9140800339519	1	0	2	2.8861022173248223
289200.0	6000.0	341.9140800339461	0.0	0	508.89819454215467	541.9140800338355	1	0	2	2.88795163006254
290200.0	6000.0	337.39577701044414	86.80154270590013	0	178.87316065002233	537.3957770103007	1	0	2	2.376012601981432
291200.0	6000.0	237.39577701045357	0.0	0	380.0156435058452	437.39577701035887	1	0	2	2.8897272052128673
292200.0	6000.0	293.1060701619706	141.55481195596883	0	220.36815114400815	493.1060701619135	1	0	2	2.0536923548590478
293200.0	6000.0	306.3925853084943	102.9877410422655	0	338.2003279027995	506.39258530846564	1	0	2	2.2810126621629276
294200.0	6000.0	263.516940668072	51.93123214505267	0	312.73670908866916	463.51694066805067	1	0	2	2.5829342924109255
295200.0	6000.0	163.51694066807747	0.0	0	545.7106589124305	363.51694066799246	1	0	2	2.8908402507304585
296200.0	6000.0	95.2002735860942	28.803029925446126	0	574.4811495192698	295.20027358602965	1	0	2	2.721863934967092
297200.0	6000.0	184.4733378444572	172.06642205308316	0	503.74239770456916	384.47333784453804	1	0	2	1.8753425056574429
298200.0	6000.0	200.11797655027337	105.13148973262534	0	476.682089314505	400.11797655024566	1	0	2	2.2700261029171016
299200.0	6000.0	177.70646571609439	70.53499015078127	0	531.2317960076034	377.7064657160663	1	0	2	2.474477426326137
300200.0	6000.0	313.5705337889401	214.42188006618892	0	235.26405557407998	513.5705337889376	1	0	2	1.623441618212894
9.06	7.36	11.0	15.7	18.1	12.1	10.8	10.2	4.84	9.04	8.95	11.6	9.66	10.5	8.06	6.06	4.97	10.1	14.7	12.2	11.7	10.6	9.21	8.72	10.5	9.95	10.7	13.8	7.83	9.55	14.3	15.2	14.8	12.8	9.27	7.91	7.66	9.28	8.95	11.5	13.9	8.88	7.14	6.68	7.58	10.5	9.72	11.4	8.7	12.2	10.0	8.78	11.3	8.88	11.6	13.9	7.73	10.9	9.38	6.43	4.87	6.75	6.12	8.99	4.26	7.98	11.1	9.79	13.2	8.62	8.56	8.14	9.17	10.5	7.75	6.88	5.28	6.73	10.7	13.7	14.0	10.4	11.4	12.1	8.87	10.5	6.89	8.86	9.3	9.48	8.87	12.5	11.6	9.74	8.95	9.7	10.0	11.9	12.2	12.4	15.6	9.29	8.04	13.2	11.9	10.6	9.68	8.99	7.61	7.55	9.15	10.5	12.9	14.4	13.4	8.11	6.65	8.24	10.2	12.3	11.1	8.97	11.6	9.66	8.24	9.38	13.2	13.6	13.9	8.82	11.3	7.51	5.91	6.34	8.33	6.92	10.1	13.3	8.12	8.21	7.15	5.62	11.6	8.31	4.97	8.61	6.81	8.46	9.77	8.93	8.5	10.9	13.5	12.8	12.1	11.7	17.9	15.6	12.1	9.59	8.9	10.1	7.88	11.5	12.7	14.8	15.3	14.4	10.3	6.71	8.39	10.5	12.3	13.6	13.9	12.7	11.9	10.6	11.4	10.7	9.33	13.4	14.4	10.9	12.8	9.31	10.8	5.26	8.9	11.3	7.47	7.36	6.92	11.4	16.6	17.2	10.4	12.2	17.0	23.4	21.0	10.7	8.16	11.1	17.4	10.9	7.53	9.08	8.64	10.3	7.87	9.87	13.8	11.4	12.2	7.58	6.45	5.41	9.56	9.04	14.7	14.4	8.71	8.95	11.9	10.6	7.76	11.3	10.4	9.97	6.38	7.31	13.2	8.66	8.99	11.9	11.7	7.95	9.95	9.57	8.16	5.85	8.19	6.81	6.99	11.5	12.7	11.2	9.48	8.88	9.75	9.83	10.3	11.6	7.98	10.9	8.34	11.5	13.0	10.1	12.4	7.85	8.22	8.29	7.92	9.17	9.61	11.2	13.3	7.6	7.23	7.4	10.6	10.1	10.3	10.8	11.6	5.24	5.65	9.79	8.6	14.2	13.4	9.39	10.1	9.08	9.27	11.1	10.8	13.0	9.63	10.6	10.2	10.7	9.74	9.49
1.0	2.0	3.0	4.0	5.0	6.0	7.0	8.0	9.0	10.0	11.0	12.0	13.0	14.0	15.0	16.0	17.0	18.0	19.0	20.0	21.0	22.0	23.0	24.0	25.0	26.0	27.0	28.0	29.0	30.0	31.0	32.0	33.0	34.0	35.0	36.0	37.0	38.0	39.0	40.0	41.0	42.0	43.0	44.0	45.0	46.0	47.0	48.0	49.0	50.0	51.0	52.0	53.0	54.0	55.0	56.0	57.0	58.0	59.0	60.0	61.0	62.0	63.0	64.0	65.0	66.0	67.0	68.0	69.0	70.0	71.0	72.0	73.0	74.0	75.0	76.0	77.0	78.0	79.0	80.0	81.0	82.0	83.0	84.0	85.0	86.0	87.0	88.0	89.0	90.0	91.0	92.0	93.0	94.0	95.0	96.0	97.0	98.0	99.0	100.0	101.0	102.0	103.0	104.0	105.0	106.0	107.0	108.0	109.0	110.0	111.0	112.0	113.0	114.0	115.0	116.0	117.0	118.0	119.0	120.0	121.0	122.0	123.0	124.0	125.0	126.0	127.0	128.0	129.0	130.0	131.0	132.0	133.0	134.0	135.0	136.0	137.0	138.0	139.0	140.0	141.0	142.0	143.0	144.0	145.0	146.0	147.0	148.0	149.0	150.0	151.0	152.0	153.0	154.0	155.0	156.0	157.0	158.0	159.0	160.0	161.0	162.0	163.0	164.0	165.0	166.0	167.0	168.0	169.0	170.0	171.0	172.0	173.0	174.0	175.0	176.0	177.0	178.0	179.0	180.0	181.0	182.0	183.0	184.0	185.0	186.0	187.0	188.0	189.0	190.0	191.0	192.0	193.0	194.0	195.0	196.0	197.0	198.0	199.0	200.0	201.0	202.0	203.0	204.0	205.0	206.0	207.0	208.0	209.0	210.0	211.0	212.0	213.0	214.0	215.0	216.0	217.0	218.0	219.0	220.0	221.0	222.0	223.0	224.0	225.0	226.0	227.0	228.0	229.0	230.0	231.0	232.0	233.0	234.0	235.0	236.0	237.0	238.0	239.0	240.0	241.0	242.0	243.0	244.0	245.0	246.0	247.0	248.0	249.0	250.0	251.0	252.0	253.0	254.0	255.0	256.0	257.0	258.0	259.0	260.0	261.0	262.0	263.0	264.0	265.0	266.0	267.0	268.0	269.0	270.0	271.0	272.0	273.0	274.0	275.0	276.0	277.0	278.0	279.0	280.0	281.0	282.0	283.0	284.0	285.0	286.0	287.0	288.0	289.0	290.0	291.0	292.0	293.0	294.0	295.0	296.0
5431.175504538681
