4976.088829450439	300.0	2000.0	115.22008716937941	0	0.0	4976.088829450439	1	0	1	-1.7220337369794076
5103.262282731436	300.0	2860.109201390904	0.0	0	0.0	4963.37148412234	1	0	2	-1.2521374324430539
5249.372067449424	300.0	3699.3884382011174	0.0	0	0.0	4948.760505650542	1	0	2	-1.0430319899709062
5369.721713148106	300.0	4567.003827932566	0.0	0	0.0	4936.725541080672	1	0	2	-1.0307623104494488
6200.0	500.0	4653.697712395482	0.0	0	641.762269517847	4853.697712395484	1	0	2	-1.066585622967387
7200.0	500.0	4553.69771239548	0.0	0	764.5286699372873	4753.697712395484	1	0	2	-0.5008607320663281
8200.0	500.0	4453.69771239548	0.0	0	643.2252510856015	4653.697712395484	1	0	2	-0.431408652495707
9200.0	1000.0	4353.697712395483	0.0	0	736.9910599233153	4553.697712395485	1	0	2	-0.36670898651751593
10200.0	1000.0	4253.697712395483	0.0	0	598.9493992209973	4453.697712395485	1	0	2	0.3879336356490134
11200.0	2000.0	4153.697712395484	0.0	0	541.1646226439116	4353.697712395486	1	0	2	0.4455807948553593
12200.0	2000.0	4053.697712395485	0.0	0	433.7386646054001	4253.697712395487	1	0	2	1.1930659999193691
13200.0	2000.0	3953.6977123954866	0.0	0	292.15183970168437	4153.697712395491	1	0	2	1.2437043954567775
14200.0	2000.0	3853.697712395488	0.0	0	129.2362351515876	4053.697712395493	1	0	2	1.2938601818330508
15200.0	2000.0	3753.6977123954875	0.0	0	278.37369717608453	3953.697712395493	1	0	2	1.3341315894408858
16200.0	2000.0	3653.6977123954866	0.0	0	275.2917324086702	3853.697712395493	1	0	2	1.373837769861369
17267.671344525435	2000.0	3479.25923341751	0.0	0	0.0	3746.9305779429524	1	0	2	1.4120716146340113
18375.180117519496	3000.0	3260.9995831240412	0.0	0	0.0	3636.1797006435463	1	0	2	1.4438122652585532
19423.238158418186	3000.0	3108.1357381354733	0.0	0	0.0	3531.3738965536704	1	0	2	1.8876081605512534
20223.37657279622	3000.0	3227.983482319633	0.0	0	0.0	3451.3600551158634	1	0	2	1.9374083470249708
21200.0	3000.0	3153.697712395474	0.0	0	272.7668863939907	3353.697712395482	1	0	2	1.9408782323004834
22200.0	3000.0	3053.697712395474	0.0	0	271.5776832328047	3253.6977123954784	1	0	2	1.96247936449755
23200.0	3000.0	2953.697712395475	0.0	0	127.3548956857594	3153.6977123954784	1	0	2	1.9861426578133938
24200.0	3000.0	2853.697712395474	0.0	0	81.97265743386015	3053.697712395475	1	0	2	2.007738125565647
25200.0	3000.0	2753.6977123954734	0.0	0	84.17652156520853	2953.697712395475	1	0	2	2.0245552556885755
26356.474441371578	3000.0	2481.5758268867403	0.0	0	0.0	2838.050268258321	1	0	2	2.0296416022362878
27700.77486578521	3000.0	2002.8453600317418	0.0	0	0.0	2703.620225816958	1	0	2	2.0295648071987715
28818.6782448728	3000.0	1773.1516430353931	0.0	0	0.0	2591.829887908196	1	0	2	2.069172483581165
29890.58287753453	3000.0	1594.0565471074904	0.0	0	0.0	2484.6394246420205	1	0	2	2.086513197786247
30677.76576687539	3000.0	1728.155368832542	0.0	0	0.0	2405.9211357079294	1	0	2	2.124452049897909
31968.710619102043	3000.0	1308.1160313832247	0.0	0	0.0	2276.8266504852654	1	0	2	2.0863560518613635
32660.657723274067	3000.0	1546.974216794	0.0	0	0.0	2207.631940068066	1	0	2	2.1535732845834756
33781.128018436655	3000.0	1314.4568921151483	0.0	0	0.0	2095.584910551799	1	0	2	2.11915267559131
34292.74204573632	3000.0	1751.681462085516	0.0	0	0.0	2044.4235078218335	1	0	2	2.1852066222174718
35200.0	3000.0	1753.6977123954775	0.0	0	100.77037028053019	1953.6977123954784	1	0	2	2.1508313030667696
36200.0	3000.0	1653.697712395475	0.0	0	295.03079884043837	1853.6977123954784	1	0	2	2.147899636093634
37200.0	3000.0	1553.6977123954725	0.0	0	399.52215032641107	1753.697712395464	1	0	2	2.15391484055647
38200.0	3000.0	1453.6977123954755	0.0	0	478.71775701318984	1653.697712395464	1	0	2	2.159289556493686
39200.0	3000.0	1353.6977123954757	0.0	0	380.34314728096797	1553.697712395464	1	0	2	2.1643374328472835
40200.0	3000.0	1253.6977123954766	0.0	0	71.98711162062682	1453.697712395464	1	0	2	2.169082830747121
41589.2205649037	3000.0	725.5550910014077	0.0	0	0.0	1314.7756559050904	1	0	2	2.135220478333193
42523.22796345689	3000.0	791.5476924482113	0.0	0	0.0	1314.7756559050904	1	0	1	2.0758906348513144
43259.09805944591	3000.0	1055.6775964591907	0.0	0	0.0	1314.7756559050904	1	0	1	2.2758906348513146
44200.0	3000.0	1114.7756559051004	0.0	0	304.97201868458797	1314.7756559050904	1	0	1	2.2758906348513146
45371.3342420005	3000.0	943.4414139046014	0.0	0	0.0	1314.7756559050904	1	0	1	2.2758906348513146
46278.22484823711	3000.0	1036.5508076679898	0.0	0	0.0	1314.7756559050904	1	0	1	2.2758906348513146
47200.0	3000.0	1114.7756559050888	0.0	0	236.57198827087996	1314.7756559050904	1	0	1	2.2758906348513146
48200.0	3000.0	1114.7756559050906	0.0	0	183.15992939191347	1314.7756559050904	1	0	1	2.2758906348513146
49200.0	3000.0	1114.7756559050872	0.0	0	268.47937424323027	1314.7756559050904	1	0	1	2.2758906348513146
50200.0	3000.0	1114.7756559050895	0.0	0	34.21575500600011	1314.7756559050904	1	0	1	2.2758906348513146
51300.011881981955	3000.0	1014.7637739231454	0.0	0	0.0	1314.7756559050904	1	0	1	2.2758906348513146
52200.0	3000.0	1114.7756559051056	0.0	0	141.79372158984188	1314.7756559050904	1	0	1	2.2758906348513146
53200.0	3000.0	1114.7756559051056	0.0	0	127.48420800124586	1314.7756559050904	1	0	1	2.2758906348513146
54351.93179784064	3000.0	962.8438580644695	0.0	0	0.0	1314.7756559050904	1	0	1	2.2758906348513146
55200.0	3000.0	1114.7756559051022	0.0	0	214.0982599751078	1314.7756559050904	1	0	1	2.2758906348513146
56200.0	3000.0	1114.7756559050981	0.0	0	117.33759583619394	1314.7756559050904	1	0	1	2.2758906348513146
57200.0	3000.0	1114.775655905089	0.0	0	199.57151801149303	1314.775655905083	1	0	1	2.275890634851315
58279.55959739917	3000.0	1035.2160585059187	0.0	0	0.0	1314.775655905083	1	0	1	2.275890634851315
60013.82385492781	3000.0	300.9518009772857	0.0	0	0.0	1314.775655905083	1	0	1	2.275890634851315
61604.660361980874	3000.0	349.14214077717315	639.0268468529435	0	0.0	1953.802502758037	1	0	1	-1.5904380960258802
62737.554546750245	3000.0	411.0681845574394	194.82022854963998	0	0.0	2148.6227313076815	1	0	1	1.0603211593012585
63500.52034830105	2000.0	648.1023830066412	0.0	0	0.0	2148.6227313076815	1	0	1	1.418312314382769
64350.384748503224	3000.0	798.2379828044656	0.0	0	0.0	2148.6227313076815	1	0	1	1.8237774224909338
65168.29917410291	3000.0	980.323557204767	0.0	0	0.0	2148.6227313076815	1	0	1	2.2292425305990986
65953.54810304243	3000.0	1195.0746282652485	0.0	0	0.0	2148.6227313076743	1	0	1	2.2292425305990986
66826.6000165867	3000.0	1322.0227147209728	0.0	0	0.0	2148.622731307667	1	0	1	2.2292425305990995
67381.7471036814	3000.0	1766.875627626276	0.0	0	0.0	2148.622731307667	1	0	1	2.2292425305991
68200.0	3000.0	1948.6227313076724	0.0	0	219.91164152056444	2148.622731307667	1	0	1	2.2292425305990995
69200.0	3000.0	1948.6227313076708	0.0	0	299.1271159982862	2148.622731307667	1	0	1	2.2292425305990995
70230.93794209813	3000.0	1917.684789209541	0.0	0	0.0	2148.622731307667	1	0	1	2.2292425305990995
71200.0	3000.0	1948.6227313076743	0.0	0	293.6546438295627	2148.622731307667	1	0	1	2.2292425305990995
72200.0	3000.0	1948.6227313076658	0.0	0	99.24069260052056	2148.622731307667	1	0	1	2.2292425305990995
73200.0	3000.0	1948.6227313076697	0.0	0	324.2070209149242	2148.622731307667	1	0	1	2.2292425305990995
74200.0	3000.0	1948.6227313076615	0.0	0	357.03064254057244	2148.622731307667	1	0	1	2.2292425305990995
75200.0	3000.0	1948.6227313076413	0.0	0	49.199248496530345	2148.622731307667	1	0	1	2.2292425305990995
76200.0	3000.0	1948.622731307647	0.0	0	80.58694397180807	2148.622731307667	1	0	1	2.2292425305990995
77200.0	3000.0	1948.6227313076276	0.0	0	49.298487374631804	2148.622731307667	1	0	1	2.2292425305990995
78200.0	3000.0	1948.6227313076242	0.0	0	93.34176606856636	2148.622731307667	1	0	1	2.2292425305990995
79200.0	3000.0	1948.622731307631	0.0	0	63.28715246425418	2148.6227313076815	1	0	1	2.2292425305990986
80200.0	3000.0	1948.6227313076242	0.0	0	290.3234356282919	2148.6227313076815	1	0	1	2.2292425305990986
81200.0	3000.0	1948.6227313076242	0.0	0	357.8073142522917	2148.6227313076815	1	0	1	2.2292425305990986
82200.0	3000.0	1948.6227313076151	0.0	0	165.7026490260032	2148.6227313076815	1	0	1	2.2292425305990986
83200.0	3000.0	1948.6227313076133	0.0	0	315.8794491670851	2148.6227313076815	1	0	1	2.2292425305990986
84200.0	3000.0	1948.6227313076115	0.0	0	396.6536156572256	2148.622731307696	1	0	1	2.2292425305990973
85200.0	3000.0	1948.6227313076242	0.0	0	301.0601664403366	2148.6227313077106	1	0	1	2.229242530599096
86200.0	3000.0	1948.6227313076288	0.0	0	325.4550357720291	2148.6227313077106	1	0	1	2.229242530599096
87200.0	3000.0	1948.6227313076247	0.0	0	160.40897808109003	2148.6227313077106	1	0	1	2.229242530599096
88682.88174846761	3000.0	1465.7409828400328	0.0	0	0.0	2148.6227313077106	1	0	1	2.229242530599096
89713.96846921601	3000.0	1434.6542620916387	0.0	0	0.0	2148.622731307725	1	0	1	2.2292425305990946
90951.6264357943	3000.0	1196.9962955133612	0.0	0	0.0	2148.622731307725	1	0	1	2.2292425305990946
91826.27358926639	3000.0	1322.3491420412593	0.0	0	0.0	2148.622731307725	1	0	1	2.2292425305990946
92683.71054881068	3000.0	1464.912182496982	0.0	0	0.0	2148.622731307725	1	0	1	2.2292425305990946
94268.89829026275	3000.0	879.7244410449025	0.0	0	0.0	2148.622731307725	1	0	1	2.2292425305990946
95213.5413244929	3000.0	935.0814068147706	0.0	0	0.0	2148.622731307725	1	0	1	2.2292425305990946
95947.9011941235	3000.0	1200.7215371841903	0.0	0	0.0	2148.622731307725	1	0	1	2.2292425305990946
97026.4066234722	3000.0	1122.2161078354957	0.0	0	0.0	2148.622731307725	1	0	1	2.2292425305990946
98455.74591564793	3000.0	692.8768156597671	0.0	0	0.0	2148.6227313077397	1	0	1	2.2292425305990937
99489.51333357743	2000.0	659.1093977302722	0.0	0	0.0	2148.6227313077397	1	0	1	1.4183123143827643
100377.25024362632	2000.0	771.3724876813832	0.0	0	0.0	2148.6227313077397	1	0	1	1.823777422490929
101144.07117501211	2000.0	1004.5515562955862	0.0	0	0.0	2148.6227313077397	1	0	1	1.823777422490929
101959.6972493177	2000.0	1188.925481989986	0.0	0	0.0	2148.6227313077397	1	0	1	1.823777422490929
102780.9850865692	2000.0	1367.6376447384912	0.0	0	0.0	2148.6227313077397	1	0	1	1.823777422490929
103200.0	2000.0	1948.622731307682	0.0	0	36.81947610684438	2148.6227313077543	1	0	1	1.8237774224909276
104200.0	2000.0	1948.622731307681	0.0	0	653.7603378785279	2148.6227313077543	1	0	1	1.8237774224909276
105200.0	2000.0	1948.622731307677	0.0	0	667.9627053473814	2148.6227313077543	1	0	1	1.8237774224909276
106200.0	3000.0	1948.6227313076738	0.0	0	208.20015891702496	2148.6227313077543	1	0	1	1.823777422490928
107200.0	3000.0	1948.622731307688	0.0	0	253.9281062117807	2148.6227313077397	1	0	1	2.2292425305990937
108200.0	3000.0	1948.622731307678	0.0	0	91.35563402353728	2148.6227313077397	1	0	1	2.2292425305990937
109200.0	3000.0	1948.6227313076804	0.0	0	104.92941358960525	2148.6227313077397	1	0	1	2.2292425305990937
110200.0	3000.0	1948.6227313076715	0.0	0	184.36566387626226	2148.622731307725	1	0	1	2.2292425305990946
111200.0	3000.0	1948.6227313076815	0.0	0	557.2191565545072	2148.6227313077397	1	0	1	2.2292425305990937
112200.0	3000.0	1948.6227313076997	0.0	0	628.2051567768067	2148.6227313077397	1	0	1	2.2292425305990937
113200.0	3000.0	1948.622731307708	0.0	0	439.3179998789856	2148.6227313077397	1	0	1	2.2292425305990937
114200.0	3000.0	1948.6227313077206	0.0	0	313.0342088528123	2148.6227313077397	1	0	1	2.2292425305990937
115336.29305873597	3000.0	1812.3296725717519	0.0	0	0.0	2148.6227313077543	1	0	1	2.229242530599093
116430.53188273589	3000.0	1718.0908485718455	0.0	0	0.0	2148.6227313077543	1	0	1	2.229242530599093
117200.0	3000.0	1948.6227313077297	0.0	0	38.8542077975726	2148.6227313077543	1	0	1	2.229242530599093
118200.0	3000.0	1948.6227313077281	0.0	0	233.5160817327269	2148.622731307769	1	0	1	2.229242530599091
119365.84817627633	3000.0	1782.7745550314094	0.0	0	0.0	2148.6227313077834	1	0	1	2.22924253059909
120731.1758667315	3000.0	1417.4468645762277	0.0	0	0.0	2148.6227313077834	1	0	1	2.22924253059909
122081.2544335971	3000.0	1067.3682977106207	0.0	0	0.0	2148.6227313077834	1	0	1	2.22924253059909
122968.09401473704	3000.0	1091.8447584566838	0.0	0	0.0	2059.938773193775	1	0	2	1.945467925472344
124125.62901369088	3000.0	818.5562596074437	0.0	0	0.0	1944.185273298368	1	0	2	2.126564012305722
125215.23761206486	3000.0	619.9868013960793	0.0	0	0.0	1835.2244134609791	1	0	2	2.1401899170308214
126145.55817316992	3000.0	689.6662402910374	0.0	0	0.0	1835.2244134609791	1	0	1	2.051293143283417
126927.60004535822	3000.0	907.624368102721	0.0	0	0.0	1835.2244134609646	1	0	1	2.251293143283418
127799.33171515209	3000.0	1035.8926983088413	0.0	0	0.0	1835.2244134609646	1	0	1	2.251293143283418
128736.15113337718	3000.0	1099.0732800837754	0.0	0	0.0	1835.22441346095	1	0	1	2.251293143283419
129274.7595575767	2000.0	1560.46485588423	0.0	0	0.0	1835.22441346095	1	0	1	1.4403629270670895
130339.78575794173	3000.0	1495.4386555192007	0.0	0	0.0	1835.22441346095	1	0	1	1.8458280351752543
131369.6996586559	3000.0	1465.5247548050213	0.0	0	0.0	1835.2244134609646	1	0	1	2.251293143283418
132200.0	3000.0	1635.224413460877	0.0	0	22.01806147120078	1835.2244134609064	1	0	1	2.2512931432834202
133200.0	3000.0	1635.2244134608768	0.0	0	102.03940605130629	1835.2244134609064	1	0	1	2.251293143283421
134200.0	3000.0	1635.2244134608454	0.0	0	440.4554519945232	1835.2244134609064	1	0	1	2.2512931432834216
135200.0	3000.0	1635.224413460804	0.0	0	420.72147479173145	1835.2244134608773	1	0	1	2.2512931432834233
136200.0	3000.0	1635.2244134608104	0.0	0	70.11207030643709	1835.2244134608773	1	0	1	2.2512931432834233
137351.11944726863	3000.0	1484.104966192168	0.0	0	0.0	1835.2244134608773	1	0	1	2.2512931432834233
138897.5303974565	3000.0	937.6940160043207	0.0	0	0.0	1835.2244134608773	1	0	1	2.2512931432834233
139908.64048618055	3000.0	926.5839272802407	0.0	0	0.0	1835.2244134608773	1	0	1	2.2512931432834233
140471.06671022033	3000.0	1364.157703240458	0.0	0	0.0	1835.2244134608773	1	0	1	2.2512931432834233
141200.0	3000.0	1635.2244134607743	0.0	0	61.43481081342907	1835.2244134608773	1	0	1	2.2512931432834233
142200.0	3000.0	1635.2244134607668	0.0	0	364.1791682111507	1835.2244134608773	1	0	1	2.2512931432834233
143200.0	3000.0	1635.2244134607695	0.0	0	399.67743925144896	1835.2244134609064	1	0	1	2.2512931432834216
144200.0	3000.0	1635.224413460774	0.0	0	87.72229575936217	1835.2244134609064	1	0	1	2.2512931432834216
146018.59909128663	3000.0	816.6253221741431	0.0	0	0.0	1835.2244134609355	1	0	1	2.25129314328342
146791.72826765504	3000.0	1043.4961458057294	0.0	0	0.0	1835.2244134609064	1	0	1	2.2512931432834216
147256.62983058306	3000.0	1578.5945828776976	0.0	0	0.0	1835.2244134609064	1	0	1	2.2512931432834216
148200.0	3000.0	1635.2244134607504	0.0	0	491.9476585619268	1835.2244134609064	1	0	1	2.2512931432834216
149200.0	3000.0	1635.224413460785	0.0	0	53.672120082657784	1835.2244134609064	1	0	1	2.2512931432834216
150307.78405444784	3000.0	1527.4403590129077	0.0	0	0.0	1835.2244134608773	1	0	1	2.2512931432834233
151296.08118865982	3000.0	1539.1432248009237	0.0	0	0.0	1835.2244134608773	1	0	1	2.2512931432834233
152200.0	3000.0	1635.2244134607326	0.0	0	166.87170873160358	1835.2244134608773	1	0	1	2.2512931432834233
153200.0	3000.0	1635.2244134607445	0.0	0	403.00978938120534	1835.2244134608773	1	0	1	2.2512931432834233
154292.02386009134	3000.0	1543.2005533694162	0.0	0	0.0	1835.2244134608773	1	0	1	2.2512931432834233
155280.13972594208	3000.0	1555.0846875186817	0.0	0	0.0	1835.2244134608773	1	0	1	2.2512931432834233
156768.79873045054	3000.0	1066.4256830102208	0.0	0	0.0	1835.2244134608773	1	0	1	2.2512931432834233
157897.97388839876	3000.0	937.2505250620145	0.0	0	0.0	1835.2244134608773	1	0	1	2.2512931432834233
158864.20182254573	3000.0	971.0225909150495	0.0	0	0.0	1835.2244134608773	1	0	1	2.2512931432834233
159532.97079148903	3000.0	1302.2536219717301	0.0	0	0.0	1835.2244134608773	1	0	1	2.2512931432834233
160200.0	3000.0	1635.2244134607647	0.0	0	118.65178847630159	1835.2244134609064	1	0	1	2.2512931432834216
161200.0	3000.0	1635.22441346078	0.0	0	251.89451584566268	1835.2244134609064	1	0	1	2.2512931432834216
162200.0	3000.0	1635.2244134607731	0.0	0	199.49845024073147	1835.2244134609064	1	0	1	2.2512931432834216
163200.0	3000.0	1635.2244134607975	0.0	0	83.8779879368667	1835.2244134609064	1	0	1	2.2512931432834216
164200.0	3000.0	1635.224413460785	0.0	0	374.5626548722794	1835.2244134609064	1	0	1	2.2512931432834216
165200.0	3000.0	1635.2244134607593	0.0	0	262.1291936278285	1835.2244134609064	1	0	1	2.2512931432834216
166200.0	3000.0	1635.224413460775	0.0	0	312.1555982756836	1835.2244134609064	1	0	1	2.2512931432834216
167200.0	3000.0	1635.2244134607552	0.0	0	0.6367702224233653	1835.2244134609064	1	0	1	2.2512931432834216
168289.2381075741	3000.0	1545.9863058866176	0.0	0	0.0	1835.2244134609064	1	0	1	2.2512931432834216
169200.0	3000.0	1635.2244134607479	0.0	0	12.763847198017174	1835.2244134609064	1	0	1	2.2512931432834216
170554.01134053647	3000.0	1281.2130729242722	0.0	0	0.0	1835.2244134609064	1	0	1	2.2512931432834216
171589.32035602318	3000.0	1245.9040574375736	0.0	0	0.0	1835.2244134609355	1	0	1	2.25129314328342
172839.05867284434	3000.0	996.1657406164252	0.0	0	0.0	1835.2244134609355	1	0	1	2.25129314328342
173874.2523119595	3000.0	960.9721015012603	0.0	0	0.0	1835.2244134609064	1	0	1	2.2512931432834216
174726.19237160354	3000.0	1109.032041857223	0.0	0	0.0	1835.2244134609064	1	0	1	2.2512931432834216
175832.81669563535	3000.0	1002.4077178254158	0.0	0	0.0	1835.2244134609064	1	0	1	2.2512931432834216
177524.68398251673	3000.0	310.54043094405125	0.0	0	0.0	1835.2244134609355	1	0	1	2.25129314328342
178589.03613788725	2000.0	431.03523563554666	184.84696006202296	0	0.0	2020.071373522951	1	0	1	0.31908690533530476
179673.78685445167	2000.0	416.16584390909486	69.88132483795005	0	0.0	2089.9526983608957	1	0	1	1.4091390928759573
180388.63777182667	2000.0	701.3149265340807	0.0	0	0.0	2089.9526983608957	1	0	1	1.8284270419036577
181011.70964105686	2000.0	1078.2430573038882	0.0	0	0.0	2089.9526983608957	1	0	1	1.8284270419036577
181589.8003781518	2000.0	1500.1523202089572	0.0	0	0.0	2089.9526983608957	1	0	1	1.8284270419036577
182226.05998708846	3000.0	1863.8927112722795	0.0	0	0.0	2089.9526983608957	1	0	1	1.828427041903658
183567.43364620046	3000.0	1522.519052160294	0.0	0	0.0	2089.9526983608957	1	0	1	2.2338921500118225
184574.68078866546	3000.0	1515.2719096952762	0.0	0	0.0	2089.9526983608957	1	0	1	2.2338921500118225
185223.794759164	2000.0	1866.1579391967227	0.0	0	0.0	2089.9526983608957	1	0	1	1.422961933795493
186200.0	3000.0	1889.952698360754	0.0	0	402.70624096275424	2089.952698360925	1	0	1	1.8284270419036557
187240.00020379556	3000.0	1849.9524945651929	0.0	0	0.0	2089.952698360925	1	0	1	2.2338921500118203
188278.43125033812	3000.0	1811.5214480226043	0.0	0	0.0	2089.952698360925	1	0	1	2.2338921500118203
189200.0	3000.0	1889.952698360727	0.0	0	34.60014854412293	2089.952698360925	1	0	1	2.2338921500118203
190200.0	3000.0	1889.952698360719	0.0	0	271.5280206935713	2089.952698360925	1	0	1	2.2338921500118203
191896.39753570035	3000.0	1193.555162660372	0.0	0	0.0	2089.952698360925	1	0	1	2.2338921500118203
193673.88065566777	3000.0	416.0720426929348	0.0	0	0.0	2089.952698360925	1	0	1	2.2338921500118203
194145.03037762636	2000.0	944.9223207343572	0.0	0	0.0	2089.952698360925	1	0	1	1.4229619337954909
194808.41999956846	3000.0	1281.5326987922488	0.0	0	0.0	2089.952698360925	1	0	1	1.8284270419036557
195659.52951735133	3000.0	1430.4231810093704	0.0	0	0.0	2089.952698360925	1	0	1	2.2338921500118203
196542.70087325625	3000.0	1547.2518251044519	0.0	0	0.0	2089.952698360925	1	0	1	2.2338921500118203
198122.6047984745	3000.0	967.3478998862306	0.0	0	0.0	2089.952698360954	1	0	1	2.233892150011818
198733.15813332997	2000.0	1356.7945650307497	0.0	0	0.0	2089.952698360925	1	0	1	1.4229619337954909
199890.76126705835	3000.0	1199.1914313024013	0.0	0	0.0	2089.952698360925	1	0	1	1.8284270419036557
200377.8214955916	2000.0	1712.1312027691242	0.0	0	0.0	2089.952698360925	1	0	1	1.4229619337954909
201200.0	3000.0	1889.9526983607454	0.0	0	279.8643061394105	2089.952698360925	1	0	1	1.8284270419036557
202200.0	3000.0	1889.9526983607748	0.0	0	159.1265044293832	2089.952698360925	1	0	1	2.2338921500118203
203200.0	3000.0	1889.9526983608055	0.0	0	227.43220403062878	2089.952698360925	1	0	1	2.2338921500118203
204200.0	3000.0	1889.952698360817	0.0	0	69.54811021126807	2089.9526983608957	1	0	1	2.2338921500118225
205692.28637931676	3000.0	1397.666319044057	0.0	0	0.0	2089.9526983608957	1	0	1	2.2338921500118225
206524.30308765534	3000.0	1565.6496107054616	0.0	0	0.0	2089.9526983608957	1	0	1	2.2338921500118225
207377.90302016403	3000.0	1712.049678196785	0.0	0	0.0	2089.952698360925	1	0	1	2.2338921500118203
208438.55336389516	3000.0	1651.3993344656353	0.0	0	0.0	2089.952698360925	1	0	1	2.2338921500118203
209333.0700980011	3000.0	1756.8826003597014	0.0	0	0.0	2089.952698360925	1	0	1	2.2338921500118203
210200.0	3000.0	1889.9526983608425	0.0	0	142.5194988330768	2089.952698360925	1	0	1	2.2338921500118203
211200.0	3000.0	1889.952698360834	0.0	0	208.66597527218983	2089.952698360925	1	0	1	2.2338921500118203
212419.73734124633	3000.0	1670.2153571145004	0.0	0	0.0	2089.952698360925	1	0	1	2.2338921500118203
213200.0	3000.0	1889.9526983608368	0.0	0	8.589491700346116	2089.9526983608957	1	0	1	2.2338921500118225
214200.0	3000.0	1889.952698360844	0.0	0	370.5718658185215	2089.9526983608957	1	0	1	2.2338921500118225
215200.0	3000.0	1889.9526983608453	0.0	0	420.9266581288539	2089.952698360925	1	0	1	2.2338921500118203
216260.527578543	3000.0	1829.4251198178597	0.0	0	0.0	2089.952698360925	1	0	1	2.2338921500118203
217200.0	3000.0	1889.952698360821	0.0	0	135.23516983690206	2089.952698360925	1	0	1	2.2338921500118203
218200.0	3000.0	1889.952698360798	0.0	0	109.0146185271442	2089.952698360925	1	0	1	2.2338921500118203
219200.0	3000.0	1889.952698360818	0.0	0	174.53048896795372	2089.952698360925	1	0	1	2.2338921500118203
220200.0	3000.0	1889.952698360842	0.0	0	178.92582366333227	2089.952698360925	1	0	1	2.2338921500118203
221200.0	3000.0	1889.9526983608405	0.0	0	334.39231156616006	2089.952698360925	1	0	1	2.2338921500118203
222200.0	3000.0	1889.9526983608391	0.0	0	218.2268062827643	2089.952698360925	1	0	1	2.2338921500118203
223200.0	3000.0	1889.9526983608569	0.0	0	228.99769489650498	2089.952698360925	1	0	1	2.2338921500118203
224200.0	3000.0	1889.9526983608844	0.0	0	403.3674642762926	2089.952698360925	1	0	1	2.2338921500118203
225200.0	3000.0	1889.952698360933	0.0	0	532.7072085756226	2089.952698360954	1	0	1	2.233892150011818
226356.36135740593	3000.0	1733.591340955008	0.0	0	0.0	2089.952698360954	1	0	1	2.233892150011818
227855.6805940795	3000.0	1234.2721042814362	0.0	0	0.0	2089.952698360983	1	0	1	2.233892150011816
228608.84980747526	3000.0	1481.102890885685	0.0	0	0.0	2089.952698360983	1	0	1	2.233892150011816
229576.54998997413	3000.0	1513.402708386811	0.0	0	0.0	2089.952698361012	1	0	1	2.2338921500118136
230505.52648874678	3000.0	1584.4262096141713	0.0	0	0.0	2089.952698361012	1	0	1	2.2338921500118136
231318.70770652895	3000.0	1771.244991832002	0.0	0	0.0	2089.952698361012	1	0	1	2.2338921500118136
232200.0	3000.0	1889.952698361	0.0	0	284.7458343549224	2089.952698361012	1	0	1	2.2338921500118136
233200.0	3000.0	1889.9526983610008	0.0	0	657.3746574366232	2089.952698361012	1	0	1	2.2338921500118136
234200.0	3000.0	1889.9526983610313	0.0	0	499.440735037846	2089.952698361012	1	0	1	2.2338921500118136
235200.0	3000.0	1889.9526983610447	0.0	0	449.65489537714166	2089.9526983610413	1	0	1	2.2338921500118114
236200.0	3000.0	1889.9526983610601	0.0	0	335.0368603011011	2089.9526983610413	1	0	1	2.2338921500118114
237200.0	3000.0	1889.952698361062	0.0	0	265.5554314137553	2089.9526983610413	1	0	1	2.2338921500118114
238200.0	3000.0	1889.952698361061	0.0	0	384.4296043921495	2089.9526983610413	1	0	1	2.2338921500118114
239200.0	3000.0	1889.9526983610722	0.0	0	210.365491614677	2089.9526983610413	1	0	1	2.2338921500118114
240200.0	3000.0	1889.9526983610676	0.0	0	123.59039930641302	2089.9526983610413	1	0	1	2.2338921500118114
241200.0	3000.0	1889.952698361098	0.0	0	265.50217890451313	2089.9526983610413	1	0	1	2.2338921500118114
242200.0	3000.0	1889.9526983611017	0.0	0	34.362603172659874	2089.9526983610413	1	0	1	2.2338921500118114
243201.91050144346	3000.0	1888.042196917642	0.0	0	81.54211450958974	2089.9526983610704	1	0	1	2.233892150011809
244316.35456801186	3000.0	1773.5981303492135	0.0	0	0.0	2089.9526983610704	1	0	1	2.233892150011809
245235.6554131567	3000.0	1854.297285204386	0.0	0	0.0	2089.9526983610704	1	0	1	2.233892150011809
246411.35313254767	3000.0	1678.599565813413	0.0	0	0.0	2089.9526983610413	1	0	1	2.2338921500118114
247200.0	3000.0	1889.9526983610726	0.0	0	108.0074395808333	2089.9526983610413	1	0	1	2.2338921500118114
248200.0	3000.0	1889.9526983610292	0.0	0	159.11954575471464	2089.952698361012	1	0	1	2.2338921500118136
249200.0	3000.0	1889.9526983610651	0.0	0	384.81212643679464	2089.952698361012	1	0	1	2.2338921500118136
250200.0	3000.0	1889.9526983610767	0.0	0	63.51587096072035	2089.952698361012	1	0	1	2.2338921500118136
251200.0	3000.0	1889.9526983611092	0.0	0	43.555800291360356	2089.952698361012	1	0	1	2.2338921500118136
252200.0	3000.0	1889.9526983611074	0.0	0	85.90085047873436	2089.952698361012	1	0	1	2.2338921500118136
253328.19530512753	3000.0	1761.757393233564	0.0	0	0.0	2089.952698361012	1	0	1	2.2338921500118136
254301.33139991984	2000.0	1788.6212984412525	0.0	0	0.0	2089.952698361012	1	0	1	1.4229619337954842
255200.0	2000.0	1889.952698361085	0.0	0	204.4426889482711	2089.952698361012	1	0	1	1.8284270419036488
256200.0	2000.0	1889.952698361087	0.0	0	220.19468963466352	2089.952698361012	1	0	1	1.8284270419036488
257200.0	3000.0	1889.9526983610433	0.0	0	192.83231606302434	2089.952698361012	1	0	1	1.828427041903649
258200.0	2000.0	1889.9526983610097	0.0	0	281.50012043316383	2089.952698360983	1	0	1	1.4229619337954864
259200.0	2000.0	1889.9526983610149	0.0	0	652.534626500943	2089.952698360983	1	0	1	1.828427041903651
260200.0	2000.0	1889.9526983610288	0.0	0	620.0406813116278	2089.952698360983	1	0	1	1.828427041903651
261200.0	3000.0	1889.952698361033	0.0	0	265.9424111076805	2089.952698360983	1	0	1	1.8284270419036512
262242.42411195626	3000.0	1847.5285864047232	0.0	0	0.0	2089.952698360954	1	0	1	2.2338921500118163
263200.0	3000.0	1889.952698361002	0.0	0	256.1906128836563	2089.952698360954	1	0	1	2.233892150011819
264215.50579619606	3000.0	1874.44690216493	0.0	0	0.0	2089.952698360954	1	0	1	2.233892150011817
265200.0	3000.0	1889.9526983610037	0.0	0	108.62284637970151	2089.952698360954	1	0	1	2.233892150011818
266200.0	3000.0	1889.9526983609812	0.0	0	405.4143942015944	2089.952698360954	1	0	1	2.233892150011818
267200.0	3000.0	1889.9526983609715	0.0	0	21.573901887401007	2089.952698360954	1	0	1	2.233892150011817
268200.0	3000.0	1889.9526983610435	0.0	0	68.71616851357976	2089.952698360954	1	0	1	2.233892150011818
269230.3413487625	3000.0	1859.6113495985676	0.0	0	0.0	2089.9526983608957	1	0	1	2.2338921500118225
270673.51006055885	3000.0	1416.442637802249	0.0	0	0.0	2089.9526983608957	1	0	1	2.2338921500118225
271812.78089600295	3000.0	1277.1718023581648	0.0	0	0.0	2089.9526983608957	1	0	1	2.2338921500118225
272414.62811619893	3000.0	1675.3245821621713	0.0	0	0.0	2089.9526983608957	1	0	1	2.2338921500118225
273200.0	3000.0	1889.9526983611545	0.0	0	9.014088156051002	2089.9526983608375	1	0	1	2.233892150011827
274200.0	3000.0	1889.95269836122	0.0	0	374.67899843945634	2089.9526983608375	1	0	1	2.233892150011827
275200.0	3000.0	1889.9526983612616	0.0	0	177.60896664537722	2089.9526983608375	1	0	1	2.233892150011827
276200.0	3000.0	1889.9526983613307	0.0	0	212.92004005849594	2089.9526983608375	1	0	1	2.233892150011827
277200.0	3000.0	1889.95269836129	0.0	0	473.6236233342788	2089.9526983608375	1	0	1	2.233892150011827
278200.0	3000.0	1889.9526983612932	0.0	0	217.36216327844886	2089.9526983608375	1	0	1	2.233892150011827
279334.18696349306	3000.0	1755.7657348682728	0.0	0	0.0	2089.9526983607793	1	0	1	2.2338921500118314
280546.94814795675	3000.0	1543.0045504045875	0.0	0	0.0	2089.952698360721	1	0	1	2.2338921500118363
281256.97182853153	3000.0	1832.9808698298393	0.0	0	0.0	2089.9526983607793	1	0	1	2.2338921500118314
282200.0	3000.0	1889.9526983614016	0.0	0	132.64905961661134	2089.9526983607793	1	0	1	2.2338921500118314
283200.0	3000.0	1889.9526983614282	0.0	0	45.33021271775942	2089.9526983607793	1	0	1	2.2338921500118314
284241.4110647594	3000.0	1848.5416336019719	0.0	0	0.0	2089.9526983607793	1	0	1	2.2338921500118314
285327.71469211957	3000.0	1762.2380062419074	0.0	0	0.0	2089.9526983607793	1	0	1	2.2338921500118314
286393.025369445	3000.0	1696.9273289164803	0.0	0	0.0	2089.9526983607793	1	0	1	2.2338921500118314
287906.7523559115	3000.0	1183.2003424500417	0.0	0	0.0	2089.9526983607793	1	0	1	2.2338921500118314
289321.8374050742	3000.0	768.1152932873093	0.0	0	0.0	2089.952698360721	1	0	1	2.2338921500118363
290076.01712920715	2000.0	1013.9355691543736	0.0	0	0.0	2089.952698360721	1	0	1	1.4229619337955066
290657.77433667856	2000.0	1432.1783616829493	0.0	0	0.0	2089.952698360721	1	0	1	1.8284270419036712
291606.0124062443	3000.0	1483.9402921171422	0.0	0	0.0	2089.952698360721	1	0	1	1.8284270419036714
292200.0	2000.0	1889.9526983614649	0.0	0	143.5600630408735	2089.952698360721	1	0	1	1.4229619337955066
293200.0	2000.0	1889.9526983615087	0.0	0	447.5520384465344	2089.952698360721	1	0	1	1.8284270419036712
294200.0	2000.0	1889.9526983615413	0.0	0	444.5788230302278	2089.952698360721	1	0	1	1.8284270419036712
295200.0	3000.0	1889.9526983615365	0.0	0	263.90392233763123	2089.952698360721	1	0	1	1.8284270419036714
296200.0	3000.0	1889.9526983615594	0.0	0	292.9227411567699	2089.952698360721	1	0	1	2.2338921500118363
297200.0	3000.0	1889.9526983615262	0.0	0	195.61814345169114	2089.952698360721	1	0	1	2.2338921500118363
298200.0	3000.0	1889.9526983616015	0.0	0	0.651912463537883	2089.952698360663	1	0	1	2.2338921500118407
299200.0	3000.0	1889.9526983616395	0.0	0	123.74201389052905	2089.952698360663	1	0	1	2.2338921500118407
300365.8210708105	3000.0	1724.1316275511945	0.0	0	0.0	2089.952698360721	1	0	1	2.2338921500118363
3.34	1.99	1.55	4.8	3.07	4.8	4.1	3.95	2.88	2.98	3.02	1.92	3.28	3.59	3.65	4.69	4.62	3.3	3.2	5.17	2.28	2.65	1.9	3.29	3.5	3.68	2.34	3.61	3.68	5.06	3.6	4.38	6.39	4.68	4.59	4.12	2.24	3.68	4.26	3.49	2.57	3.76	4.39	5.95	4.08	3.64	3.95	2.84	3.02	3.79	3.93	4.78	3.16	1.37	2.07	1.93	3.21	3.56	3.65	3.73	3.48	4.4	4.98	5.5	2.51	3.97	3.65	4.31	4.84	4.11	4.27	3.06	3.43	2.46	3.09	5.29	4.97	4.25	5.27	4.32	3.61	3.1	4.51	1.75	3.36	2.17	3.68	3.29	2.26	2.59	3.34	3.72	3.12	1.92	2.98	2.53	2.7	2.78	4.47	5.29	4.61	3.78	4.24	4.1	2.66	6.53	7.92	4.6	3.24	4.18	2.31	3.35	5.53	3.68	3.12	2.66	2.91	3.63	2.85	2.86	1.78	3.58	3.67	3.1	4.23	2.58	4.3	2.9	4.6	5.26	5.0	3.59	3.32	2.14	2.81	4.38	4.37	6.75	4.65	3.17	1.19	3.52	5.68	5.29	3.06	3.65	2.63	5.94	3.42	3.8	3.22	2.11	3.14	3.24	3.68	5.2	4.7	1.89	4.4	3.87	4.73	5.13	2.99	3.74	3.27	2.56	2.54	2.85	3.26	3.94	3.06	2.03	2.77	2.43	2.32	3.88	4.48	3.38	2.59	2.68	4.78	3.53	3.0	1.88	5.2	2.61	2.33	2.2	2.21	4.05	3.04	3.93	2.22	2.83	2.83	5.4	3.06	4.59	3.45	2.28	2.81	3.94	3.92	2.59	2.85	4.36	2.98	2.33	5.27	4.47	4.67	3.07	2.8	2.37	3.92	6.56	3.87	2.69	7.83	5.76	4.39	1.82	2.86	3.15	2.63	4.69	3.21	7.56	6.86	4.62	3.52	4.97	3.35	6.06	3.58	3.7	3.67	4.82	2.09	3.6	1.99	2.84	5.11	3.61	3.81	2.62	2.58	2.58	2.42	2.79	3.17	3.49	2.12	4.95	5.49	4.51	4.01	3.67	3.82	3.35	4.33	3.09	2.66	4.15	2.83	2.55	2.97	4.18	4.25	4.34	4.27	5.18	4.69	3.51	2.64	2.46	5.04	3.0	3.48	2.85	2.46	2.75	2.8	2.21	2.26	4.8	2.53	3.94	3.6	4.22	4.33	4.98	3.89	2.94	2.55	3.68	3.16	6.39
1.0	2.0	3.0	4.0	5.0	6.0	7.0	8.0	9.0	10.0	11.0	12.0	13.0	14.0	15.0	16.0	17.0	18.0	19.0	20.0	21.0	22.0	23.0	24.0	25.0	26.0	27.0	28.0	29.0	30.0	31.0	32.0	33.0	34.0	35.0	36.0	37.0	38.0	39.0	40.0	41.0	42.0	43.0	44.0	45.0	46.0	47.0	48.0	49.0	50.0	51.0	52.0	53.0	54.0	55.0	56.0	57.0	58.0	59.0	60.0	61.0	62.0	63.0	64.0	65.0	66.0	67.0	68.0	69.0	70.0	71.0	72.0	73.0	74.0	75.0	76.0	77.0	78.0	79.0	80.0	81.0	82.0	83.0	84.0	85.0	86.0	87.0	88.0	89.0	90.0	91.0	92.0	93.0	94.0	95.0	96.0	97.0	98.0	99.0	100.0	101.0	102.0	103.0	104.0	105.0	106.0	107.0	108.0	109.0	110.0	111.0	112.0	113.0	114.0	115.0	116.0	117.0	118.0	119.0	120.0	121.0	122.0	123.0	124.0	125.0	126.0	127.0	128.0	129.0	130.0	131.0	132.0	133.0	134.0	135.0	136.0	137.0	138.0	139.0	140.0	141.0	142.0	143.0	144.0	145.0	146.0	147.0	148.0	149.0	150.0	151.0	152.0	153.0	154.0	155.0	156.0	157.0	158.0	159.0	160.0	161.0	162.0	163.0	164.0	165.0	166.0	167.0	168.0	169.0	170.0	171.0	172.0	173.0	174.0	175.0	176.0	177.0	178.0	179.0	180.0	181.0	182.0	183.0	184.0	185.0	186.0	187.0	188.0	189.0	190.0	191.0	192.0	193.0	194.0	195.0	196.0	197.0	198.0	199.0	200.0	201.0	202.0	203.0	204.0	205.0	206.0	207.0	208.0	209.0	210.0	211.0	212.0	213.0	214.0	215.0	216.0	217.0	218.0	219.0	220.0	221.0	222.0	223.0	224.0	225.0	226.0	227.0	228.0	229.0	230.0	231.0	232.0	233.0	234.0	235.0	236.0	237.0	238.0	239.0	240.0	241.0	242.0	243.0	244.0	245.0	246.0	247.0	248.0	249.0	250.0	251.0	252.0	253.0	254.0	255.0	256.0	257.0	258.0	259.0	260.0	261.0	262.0	263.0	264.0	265.0	266.0	267.0	268.0	269.0	270.0	271.0	272.0	273.0	274.0	275.0	276.0	277.0	278.0	279.0	280.0	281.0	282.0	283.0	284.0	285.0	286.0	287.0	288.0	289.0	290.0	291.0	292.0	293.0	294.0	295.0	296.0	297.0	298.0
4760.434292548929
