5687.142565018594	300.0	2000.0	91.19747365758573	0	0.0	5687.142565018594	1	0	1	-2.21204053925296
5770.992801696837	300.0	2907.7647396539323	0.0	0	0.0	5678.757541350769	1	0	2	-1.881426381378167
5848.399324275467	300.0	3822.617564817439	0.0	0	0.0	5671.016889092906	1	0	2	-1.6729036310042806
5933.648096884761	300.0	4728.843914947217	0.0	0	0.0	5662.492011831977	1	0	2	-1.6656234695815226
6200.0	500.0	5435.856821520453	0.0	0	174.38290744883943	5635.856821520453	1	0	2	-1.6716099464401712
7200.0	500.0	5335.856821520452	0.0	0	890.8326390118955	5535.856821520452	1	0	2	-1.1614667979391278
8200.0	500.0	5235.856821520452	0.0	0	918.438224832069	5435.856821520452	1	0	2	-1.0669153536194558
9200.0	1000.0	5135.856821520453	0.0	0	896.1172808252322	5335.856821520452	1	0	2	-0.9747526882452936
10200.0	2000.0	5035.856821520451	0.0	0	806.1984857799835	5235.8568215204505	1	0	2	-0.19218389751259046
11200.0	6000.0	4935.856821520452	0.0	0	650.4738158324544	5135.856821520451	1	0	2	0.5873386319937106
12200.0	6000.0	4835.856821520453	0.0	0	660.3611641062289	5035.856821520452	1	0	2	1.7690244948338951
13200.0	6000.0	4735.856821520452	0.0	0	556.1648594019516	4935.8568215204505	1	0	2	1.8485915260967267
14200.0	6000.0	4635.856821520452	0.0	0	501.2163895728954	4835.8568215204505	1	0	2	1.925175239277371
15200.0	6000.0	4535.856821520453	0.0	0	321.98167781849406	4735.856821520454	1	0	2	1.9989494174106766
16200.0	6000.0	4435.856821520453	0.0	0	389.2030353989594	4635.856821520456	1	0	2	2.0674623807756456
17200.0	6000.0	4335.856821520453	0.0	0	434.44715124767026	4535.85682152046	1	0	2	2.130058976472983
18200.0	6000.0	4235.856821520454	0.0	0	206.62722610675337	4435.856821520461	1	0	2	2.1934199441318287
19200.0	6000.0	4135.85682152045	0.0	0	229.6043029495704	4335.856821520454	1	0	2	2.248939272979115
20207.740366346385	6000.0	4027.342418539425	0.0	0	0.0	4235.082784885813	1	0	2	2.3061232824162428
21200.0	6000.0	3935.856821520446	0.0	0	352.77147700653586	4135.8568215204505	1	0	2	2.352656537110173
22200.0	6000.0	3835.856821520449	0.0	0	371.5751562888945	4035.8568215204505	1	0	2	2.3968614111067668
23200.0	6000.0	3735.856821520446	0.0	0	466.4163463547775	3935.856821520443	1	0	2	2.4391624973569357
24200.0	6000.0	3635.8568215204473	0.0	0	546.5947890658827	3835.856821520443	1	0	2	2.478738487552452
25200.0	6000.0	3535.8568215204446	0.0	0	487.34378093669875	3735.8568215204396	1	0	2	2.515594207520616
26200.0	6000.0	3435.856821520448	0.0	0	365.67345645217574	3635.856821520443	1	0	2	2.549390735860008
27200.0	6000.0	3335.8568215204473	0.0	0	142.424498182143	3535.8568215204396	1	0	2	2.5825786537134836
28200.0	6000.0	3235.85682152045	0.0	0	486.25332168431123	3435.856821520436	1	0	2	2.609399969293923
29200.0	6000.0	3135.8568215204477	0.0	0	511.56987573072547	3335.8568215204323	1	0	2	2.6354493517761894
30200.0	6000.0	3035.856821520446	0.0	0	378.4276125780598	3235.8568215204286	1	0	2	2.659538843020919
31200.0	6000.0	2935.8568215204455	0.0	0	311.59099277876885	3135.8568215204286	1	0	2	2.6820734592062028
32200.0	6000.0	2835.8568215204427	0.0	0	292.04561539230053	3035.856821520425	1	0	2	2.702525097842023
33200.0	6000.0	2735.8568215204423	0.0	0	587.3138654064751	2935.856821520425	1	0	2	2.7201705765853745
34200.0	6000.0	2635.856821520438	0.0	0	495.1603207106091	2835.8568215204214	1	0	2	2.7372380084200287
35200.0	6000.0	2535.856821520442	0.0	0	359.68158097044943	2735.856821520425	1	0	2	2.752848420743011
36200.0	6000.0	2435.856821520432	0.0	0	314.0057098239413	2635.856821520414	1	0	2	2.7669610786290377
37200.0	6000.0	2335.8568215204295	0.0	0	384.528366168568	2535.8568215204214	1	0	2	2.7795305642291206
38200.0	6000.0	2235.856821520425	0.0	0	188.2825462618639	2435.8568215204214	1	0	2	2.791667335471988
39200.0	6000.0	2135.856821520419	0.0	0	286.04777425668	2335.856821520414	1	0	2	2.8022396580671796
40200.0	6000.0	2035.8568215204166	0.0	0	372.71263508651464	2235.856821520414	1	0	2	2.8115761921292277
41200.0	6000.0	1935.8568215204218	0.0	0	502.3955039363573	2135.856821520414	1	0	2	2.820158382415432
42200.0	6000.0	1835.8568215204223	0.0	0	183.4074788246071	2035.856821520414	1	0	2	2.8282396618048833
43200.0	6000.0	1735.8568215204273	0.0	0	159.01387290082494	1935.8568215204214	1	0	2	2.8360207557717283
44200.0	6000.0	1635.856821520431	0.0	0	239.64367515955382	1835.8568215204286	1	0	2	2.8423140168880296
45200.0	6000.0	1535.8568215204339	0.0	0	448.64535527660337	1735.8568215204286	1	0	2	2.848054752737016
46200.0	6000.0	1435.856821520432	0.0	0	530.0143490376649	1635.8568215204214	1	0	2	2.853321260497342
47200.0	6000.0	1335.856821520434	0.0	0	241.8767069950336	1535.856821520414	1	0	2	2.858385010639272
48200.0	6000.0	1235.8568215204305	0.0	0	374.16882914973394	1435.8568215203995	1	0	2	2.862822306457484
49200.0	6000.0	1135.856821520428	0.0	0	366.6460042073668	1335.8568215203995	1	0	2	2.866793260075805
50200.0	6000.0	1035.8568215204143	0.0	0	42.30497210725298	1235.856821520385	1	0	2	2.870902585999392
51200.0	6000.0	935.8568215204266	0.0	0	513.9622731602503	1135.8568215203995	1	0	2	2.8737859077532284
52200.0	6000.0	835.8568215204268	0.0	0	503.73192506893974	1035.8568215203923	1	0	2	2.8767655307513182
53200.0	6000.0	735.8568215204328	0.0	0	171.62655176248518	935.8568215203995	1	0	2	2.87955058981112
54200.0	6000.0	635.8568215204361	0.0	0	425.55006363618304	835.8568215204141	1	0	2	2.8820203542348093
55200.0	6000.0	535.85682152044	0.0	0	294.6000852191646	735.8568215204214	1	0	2	2.884255247928399
56200.0	6000.0	435.85682152043466	0.0	0	107.29187256498699	635.8568215204141	1	0	2	2.8864025068619483
57200.0	6000.0	349.46884955768724	12.374570942957831	0	143.5085077523254	549.4688495576702	1	0	2	2.814942287799825
58200.0	6000.0	313.5438851400237	58.25003234758513	0	374.47212484671036	513.5438851400249	1	0	2	2.5448437808231485
59200.0	6000.0	213.54388514001496	0.0	0	513.6307221927927	413.54388514002494	1	0	2	2.8900835082467213
60200.0	6000.0	212.37373566139917	89.84531865580476	0	415.5962950605317	412.3737356614147	1	0	2	2.3600298790551397
61200.0	6000.0	319.75778181971145	188.5309510530009	0	248.12463044334436	519.7577818197096	1	0	2	1.7760948219533963
62200.0	6000.0	240.33526499073184	18.706802882739993	0	255.12789329673979	440.3352649907247	1	0	2	2.7793221415929654
63200.0	6000.0	477.97092684456567	306.94151077620774	0	25.974760131706716	677.9709268445586	1	0	2	1.0747492045503182
64200.0	6000.0	377.9709268445641	0.0	0	156.55427119803062	577.9709268445586	1	0	2	2.887416160848478
65200.0	6000.0	425.86364421516885	134.44792488237343	0	47.15598038668395	625.8636442151692	1	0	2	2.093407928114255
66200.0	6000.0	325.8636442151851	0.0	0	390.6687290687114	525.863644215191	1	0	2	2.888307655828802
67200.0	6000.0	225.8636442151766	0.0	0	382.7850522440276	425.863644215191	1	0	2	2.8899035923798038
68200.0	6000.0	312.1869674573538	169.38483931107487	0	128.569700006934	512.1869674573536	1	0	2	1.8891978298869088
69200.0	6000.0	241.86698977370904	26.981838469417113	0	356.2961613257212	441.8669897737127	1	0	2	2.730470947721597
70649.98283969809	6000.0	200.0	502.8310308128859	0	0.0	849.9828396980884	1	0	2	-0.12859107484612775
71717.34589975934	6000.0	406.88903909929934	346.3530956060798	0	0.0	1124.2349388586445	1	0	2	0.8243427171105202
72264.72878909242	6000.0	804.7678608329029	0.0	0	0.0	1069.496649925335	1	0	2	2.921827030472675
73200.0	6000.0	775.9695288345463	0.0	0	361.4110542025737	975.9695288345683	1	0	2	2.8849586600622192
74200.0	6000.0	675.9695288345415	0.0	0	10.640386896120617	875.9695288345538	1	0	2	2.8813468972185268
75200.0	6000.0	575.9695288345267	0.0	0	461.7819446505164	775.9695288345392	1	0	2	2.883368557157402
76200.0	6000.0	475.96952883453105	0.0	0	331.5958465818985	675.9695288345392	1	0	2	2.885483620262573
77200.0	6000.0	375.96952883455003	0.0	0	254.50382047919265	575.9695288345538	1	0	2	2.8873785677799484
78200.0	6000.0	291.80246972002493	14.393582623164654	0	373.2472393164935	491.80246972001623	1	0	2	2.8039516699824385
79200.0	6000.0	191.80246972001424	0.0	0	479.6204561956838	391.80246971998713	1	0	2	2.890422563237072
80200.0	6000.0	190.00198650477728	89.27228798616628	0	449.8809146476706	390.0019865047507	1	0	2	2.3637461373543722
81200.0	6000.0	264.95350541457026	159.04683537252635	0	431.3426715659589	464.9535054145672	1	0	2	1.9509232969207053
82200.0	6000.0	164.95350541456546	0.0	0	439.8579774513637	364.9535054145672	1	0	2	2.8908194008352113
83200.0	6000.0	196.63201784059058	119.70773856912938	0	377.79601746358094	396.6320178406022	1	0	2	2.184078349036806
84200.0	6000.0	442.25050653530957	314.1986260861072	0	103.4018235513795	642.250506535318	1	0	2	1.032551993999216
85200.0	6000.0	342.2505065353041	0.0	0	285.0517818950757	542.2505065352889	1	0	2	2.8879735003725933
86200.0	6000.0	428.15294295896814	169.00221493059837	0	113.02969453243713	628.1529429589718	1	0	2	1.8894687317182233
87200.0	6000.0	328.15294295897036	0.0	0	508.745417311191	528.1529429589864	1	0	2	2.888218517675513
88200.0	6000.0	228.15294295896567	0.0	0	595.5989947725175	428.1529429589573	1	0	2	2.8898455560282326
89200.0	6000.0	210.0245216523776	74.42870790310366	0	368.65421632393554	410.0245216523763	1	0	2	2.4510234445743073
90200.0	6000.0	345.113723869878	213.71745656136815	0	237.90229222382186	545.113723869872	1	0	2	1.627069644034937
91200.0	6000.0	245.11372386989638	0.0	0	494.4140484378586	445.11372386990115	1	0	2	2.889586464764119
92200.0	6000.0	337.953461096967	175.30885202460365	0	168.48602179976297	537.9534610969713	1	0	2	1.8538145629448841
93200.0	6000.0	237.9534610969753	0.0	0	427.315825824131	437.9534610969713	1	0	2	2.8897117884374643
94200.0	6000.0	297.06244223920373	144.64452831111794	0	165.60086165176472	497.0624422391993	1	0	2	2.0354057825320133
95200.0	6000.0	366.4711213798129	154.00789012782556	0	58.615688478326774	566.4711213798146	1	0	2	1.9790382737039427
96200.0	6000.0	284.43965628847263	16.335031735136184	0	442.92519496277964	484.43965628847945	1	0	2	2.792609159872981
97200.0	6000.0	184.43965628846712	0.0	0	517.649388257094	384.43965628847945	1	0	2	2.8905222266709054
98200.0	6000.0	189.61978642687419	95.61830012583096	0	497.41501665448595	389.61978642689064	1	0	2	2.326310332011935
99200.0	6000.0	162.96741220656193	66.67965979972158	0	446.82375536880863	362.9674122065917	1	0	2	2.497438279553255
100200.0	6000.0	345.91722574390985	257.22710321577296	0	173.50498620086	545.9172257439204	1	0	2	1.3703591797185326
101200.0	6000.0	303.7774363346306	52.60019144610172	0	417.949242954448	503.7774363346107	1	0	2	2.578334109304395
102200.0	6000.0	203.77743633462717	0.0	0	574.0794897169981	403.7774363346107	1	0	2	2.890232372492934
103200.0	6000.0	117.56258680297411	12.531954971232835	0	485.97572965864674	317.5625868029456	1	0	2	2.8175518321804462
104200.0	6000.0	253.47404479728027	214.4649618130005	0	241.3030960830074	453.47404479724355	1	0	2	1.6241480984174164
105200.0	6000.0	351.92334161558307	180.4084516529993	0	214.31319207481283	551.9233416155912	1	0	2	1.8234800815781784
106200.0	6000.0	251.9233416156145	0.0	0	558.9323555284791	451.9233416156203	1	0	2	2.889484358129818
107200.0	6000.0	182.91454854193205	28.173824478471488	0	407.50554872215434	382.9145485419285	1	0	2	2.7243318036398425
108200.0	6000.0	346.0144617208137	239.18173925353074	0	258.97285042163276	546.014461720828	1	0	2	1.4768134825377446
109200.0	6000.0	246.01446172080617	0.0	0	561.6945518180291	446.01446172082797	1	0	2	2.889562794140943
110200.0	6000.0	165.0394425410193	17.295437109289765	0	509.9570234681014	365.03944254104863	1	0	2	2.788775238136745
111200.0	6000.0	150.26542093967112	77.47816218060088	0	544.0030594453274	350.265420939686	1	0	2	2.433909430774056
112200.0	6000.0	152.3944949702243	92.84461275506017	0	527.1329895044619	352.3944949702418	1	0	2	2.3432169705307437
113200.0	6000.0	195.19080060839843	129.81482330742296	0	387.24497847104794	395.1908006083977	1	0	2	2.124468043232846
114200.0	6000.0	381.9093862603562	260.6532596835923	0	114.6300043357769	581.9093862603622	1	0	2	1.349545621219327
115200.0	6000.0	281.90938626035046	0.0	0	449.7095501592412	481.9093862603331	1	0	2	2.8890013379881214
116200.0	6000.0	214.64429604685637	29.759008896825605	0	499.6676025671477	414.6442960468412	1	0	2	2.7145046577080807
117200.0	6000.0	162.3949145126038	43.40965315068297	0	486.39198039304756	362.3949145125953	1	0	2	2.6347395846995756
118200.0	6000.0	246.4058837579628	167.2826993139492	0	386.81597379155573	446.40588375796506	1	0	2	1.9026249174831134
119200.0	6000.0	252.34307580041536	96.30653822041498	0	419.0081810645934	452.34307580039604	1	0	2	2.321290983574368
120200.0	6000.0	215.9738705454587	57.84617704094046	0	376.07977692843997	415.9738705454656	1	0	2	2.5487701579325894
121200.0	6000.0	190.4559350169068	67.71096770131138	0	480.3242940098571	390.4559350169002	1	0	2	2.4909511943076432
122200.0	6000.0	138.8989553625551	44.039109405128414	0	569.4393128000229	338.89895536257245	1	0	2	2.6313610842899773
123200.0	6000.0	153.42507378994566	104.11465311579416	0	341.6590844886814	353.42507378997107	1	0	2	2.2767089936864062
124556.21721221914	6000.0	280.10147014133685	562.2866634476719	0	0.0	836.3186823604628	1	0	2	-0.4709771404595351
125200.0	6000.0	608.404031904412	33.148753020040886	0	7.360887331989943	808.4040319043997	1	0	2	2.723131551084096
126200.0	6000.0	508.40403190441145	0.0	0	563.2164000642952	708.4040319043997	1	0	2	2.884792725516542
127200.0	6000.0	408.4040319043999	0.0	0	647.43281098218	608.4040319043706	1	0	2	2.886742474412804
128200.0	6000.0	308.40403190441634	0.0	0	458.9558917386021	508.4040319043852	1	0	2	2.888557491364148
129200.0	6000.0	211.6642258011293	2.9638126333880166	0	492.69744808816176	411.6642258010979	1	0	2	2.8726415136366166
130200.0	6000.0	111.66422580113635	0.0	0	610.4228430806979	311.66422580112703	1	0	2	2.8915731869944037
131200.0	6000.0	184.9852401751631	157.56455852185763	0	232.48741763354337	384.9852401751268	1	0	2	1.9608959488311757
132200.0	6000.0	287.76913636726556	184.34899653827557	0	367.60901818427374	487.7691363672784	1	0	2	1.8012801461608685
133200.0	6000.0	214.27174093277537	24.093276877724293	0	386.30959116332815	414.27174093277426	1	0	2	2.7479381342553504
134200.0	6000.0	388.9645285573792	249.72071602240925	0	116.40788606982096	588.9645285573788	1	0	2	1.4139289620207798
135200.0	6000.0	385.0638242655013	87.36299609831573	0	235.52904254721943	585.0638242654968	1	0	2	2.3718695861544616
136200.0	6000.0	285.06382426553	0.0	0	491.9018677744607	485.0638242655259	1	0	2	2.888954233503391
137200.0	6000.0	185.0638242655272	0.0	0	643.4036131415342	385.063824265555	1	0	2	2.8905072109640155
138200.0	6000.0	189.88834818226252	95.29502174247725	0	485.02929128639516	389.8883481823432	1	0	2	2.3282136931500617
139200.0	6000.0	185.17320049228633	86.62259300912297	0	368.22783472025185	385.1732004923688	1	0	2	2.3794507715910016
140200.0	6000.0	334.38995866996936	226.56068925243437	0	64.33670836820966	534.3899586699554	1	0	2	1.5515124810665055
141200.0	6000.0	374.9294205571764	127.76314717022163	0	223.02052495934186	574.9294205571641	1	0	2	2.1336924351534914
142200.0	6000.0	334.4529168277234	54.11226933684593	0	56.92059442543541	534.4529168276931	1	0	2	2.5689626769384817
143200.0	6000.0	424.3844347663979	172.66501630788116	0	159.64966644713422	624.384434766398	1	0	2	1.8679105442572275
144200.0	6000.0	324.3844347663953	0.0	0	504.5417222266551	524.384434766398	1	0	2	2.8882921530497048
145200.0	6000.0	224.38443476639299	0.0	0	627.0883304825984	424.38443476636894	1	0	2	2.8899034024044803
146200.0	6000.0	212.9067597887713	80.47484092942508	0	361.717236149736	412.9067597887479	1	0	2	2.4153076174513464
147200.0	6000.0	310.9565630816989	180.0452757208353	0	169.7862548623816	510.95656308165053	1	0	2	1.8263122424674638
148200.0	6000.0	276.18204052835665	59.29588858785849	0	383.5741051143268	476.1820405283361	1	0	2	2.5392776277185165
149200.0	6000.0	176.18204052836018	0.0	0	555.9102341196849	376.1820405283652	1	0	2	2.8906403685850792
150200.0	6000.0	382.99631069733465	278.92206378998685	0	183.24811336534913	582.9963106973155	1	0	2	1.241723932405471
151200.0	6000.0	282.9963106973334	0.0	0	453.86133530401275	482.9963106973446	1	0	2	2.8889751376055184
152200.0	6000.0	323.9807816150463	128.16770083428335	0	260.21092906271224	523.9807816150133	1	0	2	2.1321661159106755
153200.0	6000.0	223.98078161506322	0.0	0	304.8782834265148	423.98078161504236	1	0	2	2.8899372198325453
154200.0	6000.0	269.22706679874705	132.04207743972304	0	428.8065339503519	469.2270667987177	1	0	2	2.1101830536509514
155200.0	6000.0	172.6489245475305	3.1107797716344123	0	567.1220945434179	372.6489245475095	1	0	2	2.8723541855229806
156200.0	6000.0	226.47268512760616	139.83978234552015	0	282.9793461309164	426.4726851275482	1	0	2	2.0648473955121203
157200.0	6000.0	227.91157338220034	92.21717114056506	0	305.5325619444484	427.9115733820945	1	0	2	2.3457986776460875
158200.0	6000.0	347.79914478479566	199.89779218418175	0	248.06765249519958	547.7991447848035	1	0	2	1.7085607340186013
159200.0	6000.0	387.7259467580304	127.20618361201947	0	87.29223997789086	587.7259467580589	1	0	2	2.13679252502663
160200.0	6000.0	287.72594675798325	0.0	0	485.503345606965	487.72594675802975	1	0	2	2.888923620409734
161200.0	6000.0	187.7259467579674	0.0	0	546.4046972848591	387.72594675802975	1	0	2	2.8904744140800465
162200.0	6000.0	230.04585844647195	129.38173789863308	0	202.52021991839865	430.04585844653775	1	0	2	2.126501540987942
163200.0	6000.0	340.52304742587006	191.342899072176	0	260.53302667461685	540.5230474258424	1	0	2	1.759156491403388
164200.0	6000.0	240.52304742589672	0.0	0	577.3364428865898	440.5230474258715	1	0	2	2.889659969125428
165200.0	6000.0	175.96062914803838	32.2159833837614	0	377.3153153836902	375.9606291480304	1	0	2	2.7005851235556317
166200.0	6000.0	284.1768410999879	189.287465410871	0	251.1658672495978	484.17684110000846	1	0	2	1.7722115793748476
167246.02087019867	6000.0	386.38888109650225	229.84999746824352	0	0.0	632.4097512951703	1	0	2	1.5258060457727174
168200.0	6000.0	381.0870315906356	40.06835752327618	0	168.35503172274912	581.0870315906068	1	0	2	2.6556025978710283
169200.0	6000.0	281.08703159066044	0.0	0	461.57911376145785	481.0870315906068	1	0	2	2.889019043565141
170200.0	6000.0	181.08703159066286	0.0	0	548.6575122148497	381.0870315905486	1	0	2	2.8905778196139336
171200.0	6000.0	145.77863513507089	58.81054867671588	0	558.4113858691417	345.7786351349496	1	0	2	2.5441122126211826
172200.0	6000.0	264.67071762127114	198.992802260173	0	359.48992320804973	464.67071762128035	1	0	2	1.715248460261006
173200.0	6000.0	219.5668234319772	49.90555073700389	0	199.24247339967405	419.5668234319892	1	0	2	2.595565113905582
174200.0	6000.0	342.721772932127	202.86813590923038	0	305.5730491593422	542.7217729321274	1	0	2	1.6911148337347757
175200.0	6000.0	242.72177293216055	0.0	0	519.3582267129677	442.72177293215645	1	0	2	2.8896254921899494
176200.0	6000.0	265.4323451154371	111.55506562116402	0	272.1211261022254	465.43234511546325	1	0	2	2.2311287216504874
177200.0	6000.0	174.80560265683962	8.521143219453847	0	559.414906144084	374.805602656852	1	0	2	2.8404015650589667
178200.0	6000.0	144.31280619222727	63.18836685035426	0	522.6069066080381	344.31280619223253	1	0	2	2.518303888617896
179200.0	6000.0	182.05690623463568	125.22190912942172	0	407.5306860129349	382.0569062346185	1	0	2	2.151760728618099
180200.0	6000.0	260.37458082658316	162.10697690179762	0	408.8221499155334	460.3745808265521	1	0	2	1.932941343275858
181200.0	6000.0	276.18537892525455	105.28254372607644	0	388.9227638329612	476.18537892520544	1	0	2	2.2679561201971916
182200.0	6000.0	194.55756263346902	16.701985189294817	0	409.16929489269387	394.55756263338844	1	0	2	2.7918432226224965
183200.0	6000.0	173.59525360411305	71.85244633694595	0	492.9979896862642	373.5952536040568	1	0	2	2.466764549527004
184200.0	6000.0	232.54673052157472	144.50134265224435	0	259.6817055135616	432.5467305215134	1	0	2	2.03725362280327
185200.0	6000.0	295.06402841567086	147.74299808552922	0	208.43737432075432	495.0640284156834	1	0	2	2.017152328831344
186200.0	6000.0	392.5171874451105	179.50287184495016	0	266.17481981159654	592.5171874450753	1	0	2	1.8281112460591253
187200.0	6000.0	292.51718744509253	0.0	0	560.9344530655944	492.51718744507525	1	0	2	2.888807757606094
188200.0	6000.0	208.68227571994655	14.695534795303104	0	445.60876066517085	408.68227571994066	1	0	2	2.803469448109267
189200.0	6000.0	194.17205636779383	77.71798240710038	0	450.77868257448426	394.17205636776634	1	0	2	2.4318545797702162
190200.0	6000.0	161.7405567390718	61.42590942842256	0	543.8802171082352	361.74055673909606	1	0	2	2.5284531148510765
191200.0	6000.0	132.35573404552093	64.19561573316221	0	610.2493863145355	332.3557340455591	1	0	2	2.512529710092097
192200.0	6000.0	102.98541978891893	64.20880522128536	0	587.7721258918464	302.9854197889217	1	0	2	2.5128622190801124
193200.0	6000.0	234.24586565563607	210.23676896970517	0	370.3559771384462	434.2458656556264	1	0	2	1.6493852861388132
194200.0	6000.0	237.21848280966998	93.61147014002563	0	273.025247928279	437.21848280960694	1	0	2	2.3374298390327657
195206.20353840003	6000.0	413.57391499007	257.4357494731114	0	0.0	619.7774533901247	1	0	2	1.3672859425806827
196410.1620772794	6000.0	328.20224154552227	217.25701756614956	0	0.0	738.3643188249553	1	0	2	1.5821278691601148
197200.0	6000.0	574.4502794234286	104.60886624596117	0	28.97000858563115	774.4502794234431	1	0	2	2.2876136761308645
198200.0	6000.0	474.45027942343563	0.0	0	526.240466303454	674.4502794234431	1	0	2	2.88548138645595
199200.0	6000.0	374.45027942343904	0.0	0	565.6619581915438	574.4502794234431	1	0	2	2.887371839688125
200200.0	6000.0	274.4502794234331	0.0	0	545.1272579455399	474.45027942344313	1	0	2	2.8891163970966325
201200.0	6000.0	174.45027942341036	0.0	0	548.3039575794828	374.45027942344313	1	0	2	2.8906792083698987
202200.0	6000.0	130.18602238436452	50.668857237207604	0	601.5117605419946	330.18602238438325	1	0	2	2.59236796705771
203200.0	6000.0	139.6019258693343	99.46900316814701	0	474.7475932875532	339.6019258693559	1	0	2	2.3043147906825032
204200.0	6000.0	200.31078483732279	146.0989626981589	0	374.1045069551037	400.31078483728925	1	0	2	2.0283151248093976
205200.0	6000.0	374.28687902288493	249.06917653236695	0	178.5247166196932	574.2868790228677	1	0	2	1.418008787093251
206200.0	6000.0	274.2868790228633	0.0	0	238.195230935351	474.28687902286765	1	0	2	2.8891388577990567
207200.0	6000.0	429.92080929383366	232.39448206450916	0	36.978069205826614	629.9208092938061	1	0	2	1.5154574003014285
208200.0	6000.0	385.67963550339914	50.68984200871344	0	270.2095055645623	585.6796355033584	1	0	2	2.588229159097588
209200.0	6000.0	285.6796355033918	0.0	0	506.18058460688917	485.67963550330023	1	0	2	2.888913892565429
210289.448254037	6000.0	414.60314119829985	297.5605319414648	0	0.0	704.0513952353213	1	0	2	1.12058752848321
211308.40809853293	6000.0	428.4114553113214	122.42194823502456	0	0.0	736.8195538442524	1	0	2	2.1602900845373805
212200.0	6000.0	447.6603636975143	0.0	0	373.54532261542045	647.6603636975051	1	0	2	2.8969355290766057
213200.0	6000.0	347.6603636975393	0.0	0	490.2528057646705	547.6603636975342	1	0	2	2.8878956643196503
214200.0	6000.0	247.66036369750432	0.0	0	579.9688750552014	447.6603636974469	1	0	2	2.889539842530935
215200.0	6000.0	147.66036369750861	0.0	0	659.7690447468485	347.660363697476	1	0	2	2.891060120248097
216200.0	6000.0	215.48953362124485	152.57197265796069	0	369.80093474133173	415.48953362117754	1	0	2	1.9898953280883969
217200.0	6000.0	159.2671870839057	39.79786678422201	0	490.75467203132575	359.2671870838094	1	0	2	2.6560942020628024
218200.0	6000.0	295.47425452373324	214.73369767255974	0	330.0127739328309	495.4742545237532	1	0	2	1.6218893329114117
219200.0	6000.0	282.7324871938656	79.32566606370924	0	373.5071969194396	482.73248719386174	1	0	2	2.4209975556917986
220200.0	6000.0	217.0975658508753	31.240980597297323	0	436.96030817038263	417.09756585088326	1	0	2	2.7057237178722215
221200.0	6000.0	211.76838727009857	86.06438310838308	0	366.86996854958124	411.7683872701309	1	0	2	2.3823465702572317
222200.0	6000.0	145.18961773024097	30.38293678194222	0	506.50271505326964	345.1896177302988	1	0	2	2.7118434857811637
223200.0	6000.0	194.4811337905351	135.719560054833	0	557.6857988793636	394.4811337905412	1	0	2	2.089640669220745
224200.0	6000.0	162.69156711601278	62.00948484133784	0	507.91645969462115	362.69156711595133	1	0	2	2.5249962951293776
225200.0	6000.0	172.3397388372749	99.68015611024195	0	426.52117728444864	372.33973883721046	1	0	2	2.3025993721820646
226200.0	6000.0	212.8034043569501	127.69424138153397	0	351.7602470461861	412.80340435687685	1	0	2	2.1367147218919573
227200.0	6000.0	364.0685021913248	228.42281621307512	0	9.300973511184566	564.0685021913087	1	0	2	1.5400583606478317
228590.41481851478	6000.0	276.53713866620797	401.74994258286	0	0.0	866.9519571809506	1	0	2	0.4720343437833171
229476.51440737487	6000.0	520.5436625585437	198.83279239857282	0	0.0	997.0580699333805	1	0	2	1.7166130343307635
230200.0	6000.0	724.7095106709169	0.0	0	150.10268339220784	924.7095106709166	1	0	2	2.907782746931182
231200.0	6000.0	624.7095106709083	0.0	0	49.39549827307928	824.7095106708875	1	0	2	2.8823402335968966
232200.0	6000.0	524.7095106708683	0.0	0	194.84712291136384	724.7095106708002	1	0	2	2.884614110623599
233200.0	6000.0	424.7095106708376	0.0	0	159.9306571543275	624.709510670742	1	0	2	2.8865222414885854
234200.0	6000.0	354.84196271024655	27.393138217663434	0	129.0622391756915	554.8419627101102	1	0	2	2.726241520316867
235200.0	6000.0	279.1157536795395	22.067082699367948	0	379.15377045582864	479.11575367939076	1	0	2	2.7588796417628014
236200.0	6000.0	179.11575367954487	0.0	0	504.65557702144724	379.11575367941987	1	0	2	2.8906087468942583
237200.0	6000.0	287.7626231919661	189.6789722840283	0	257.2198385935917	487.76262319198577	1	0	2	1.7698423739397589
238200.0	6000.0	187.76262319195513	0.0	0	614.942043206247	387.76262319201487	1	0	2	2.890475439838871
239200.0	6000.0	87.76262319197232	0.0	0	693.1302457559796	287.762623192044	1	0	2	2.891903874092809
240200.0	6000.0	132.21338604404747	131.31887532008636	0	411.3623380792269	332.21338604410994	1	0	2	2.1165044737583303
241200.0	6000.0	362.0121913435353	299.81709572679097	0	274.6722105431254	562.0121913435578	1	0	2	1.1187910000481742
242200.0	6000.0	262.01219134353363	0.0	0	329.26460839028005	462.0121913435578	1	0	2	2.889330438514068
243200.0	6000.0	190.72678575438667	26.104176737138516	0	462.63775578627246	390.7267857544357	1	0	2	2.7364272424597007
244200.0	6000.0	166.41709811166976	68.8093748702552	0	562.8591206815618	366.41709811170585	1	0	2	2.484823055085472
245200.0	6000.0	99.17916650745354	29.78369854162071	0	649.3939869214373	299.17916650749976	1	0	2	2.716023079781524
246200.0	6000.0	144.73387689071194	132.32246398480237	0	598.0687531880976	344.7338768907648	1	0	2	2.110406742683022
247200.0	6000.0	93.74891487992545	44.559125444757484	0	591.4313788133732	293.74891487997957	1	0	2	2.628922946802774
248200.0	6000.0	184.36985142654808	173.29176049696943	0	467.26049900313956	384.3698514265998	1	0	2	1.8681145350277648
249200.0	6000.0	277.0272654817094	175.1431036865282	0	396.74939486852963	477.02726548170904	1	0	2	1.855763896719201
250200.0	6000.0	299.16673966871525	111.03588562453339	0	160.88172021391802	499.1667396687262	1	0	2	2.2336607269646467
251200.0	6000.0	274.8079352162991	68.76472322508822	0	250.81327025778592	474.8079352163186	1	0	2	2.4834444378467864
252257.8838439353	6000.0	365.58056382494783	231.31350630679137	0	0.0	623.4644077602425	1	0	2	1.5161301707092052
253200.0	6000.0	361.86143116987057	29.64421728735637	0	264.7368081675959	561.8614311698184	1	0	2	2.71860229905561
254200.0	6000.0	342.6610554839066	73.45420392184853	0	186.66147230975912	542.6610554838553	1	0	2	2.4546703375249384
255200.0	6000.0	275.8214925420806	30.145851871098003	0	272.1130510084331	475.82149254207616	1	0	2	2.711277963668452
256200.0	6000.0	268.8800833401312	84.59871890728787	0	392.9608128007676	468.88008334013284	1	0	2	2.390105381284659
257200.0	6000.0	219.93560183198707	46.41410771987347	0	312.1302013483073	419.9356018319959	1	0	2	2.616158998449822
258321.84215550803	6000.0	200.0	194.62797202440228	0	0.0	521.8421555080276	1	0	2	1.72802519087311
259200.0	6000.0	499.44859883326154	241.29293434040244	0	71.32001186229172	699.448598833289	1	0	2	1.4738211664649694
260200.0	6000.0	399.44859883325205	0.0	0	473.9861052428605	599.4485988332017	1	0	2	2.8869418997351417
261444.82732082074	6000.0	200.0	154.4195036996031	0	0.0	644.827320820681	1	0	2	1.9513961726279074
262541.4777979812	6000.0	383.5554212634182	354.4281328544189	0	0.0	925.0332192445348	1	0	2	0.7792882863787925
263200.0	6000.0	659.1809990427108	0.0	0	37.91138404753292	859.1809990426991	1	0	2	2.9160860433339946
264200.0	6000.0	559.1809990426362	0.0	0	270.87915745493956	759.1809990426991	1	0	2	2.8837716306123706
265200.0	6000.0	459.1809990426747	0.0	0	200.72907733084867	659.1809990426991	1	0	2	2.8859026227286906
266200.0	6000.0	359.1809990426345	0.0	0	458.0622947292868	559.1809990426409	1	0	2	2.8876780600769085
267200.0	6000.0	259.18099904266137	0.0	0	409.8284087894135	459.1809990426991	1	0	2	2.8893684697732125
268200.0	6000.0	168.07072814828518	8.081571914158644	0	514.2349289457779	368.0707281482755	1	0	2	2.8430931103685952
269200.0	6000.0	303.7960627667459	214.2957587440677	0	257.4967349252547	503.79606276674895	1	0	2	1.6243455089408547
270200.0	6000.0	265.1036575624466	55.734177087057034	0	335.96548626583535	465.1036575625185	1	0	2	2.560469936389148
271200.0	6000.0	243.12059284692958	70.92448662222534	0	186.4389773851144	443.1205928470008	1	0	2	2.471201757420961
272200.0	6000.0	448.2778140040065	277.41565559731134	0	78.9642347014742	648.2778140039882	1	0	2	1.2494739975518745
273200.0	6000.0	348.27781400401363	0.0	0	291.3713155651931	548.2778140040464	1	0	2	2.887921346194472
274200.0	6000.0	248.2778140040466	0.0	0	498.0239904532209	448.2778140041046	1	0	2	2.8895358124300996
275200.0	6000.0	238.67346877148515	82.17786797038323	0	207.46025637577986	438.67346877156524	1	0	2	2.4048729025910625
276200.0	6000.0	444.6989953364067	278.2050241499587	0	108.64938976126723	644.6989953364246	1	0	2	1.2448676700424677
277200.0	6000.0	344.69899533633094	0.0	0	254.7753528605681	544.6989953363664	1	0	2	2.8879934512754395
278200.0	6000.0	244.69899533630112	0.0	0	482.58083892823197	444.69899533636635	1	0	2	2.8895951878830712
279200.0	6000.0	294.93744808256724	136.58041158749847	0	306.40808124258183	494.93744808254996	1	0	2	2.083003587369337
280200.0	6000.0	298.28196042454374	93.949556674561	0	81.66939511802047	498.28196042450145	1	0	2	2.3345054133021104
281200.0	6000.0	368.1934621481746	154.4650015669048	0	188.5441724031116	568.1934621480759	1	0	2	1.9762747375677057
282200.0	6000.0	283.29779080576236	13.73120787052941	0	307.4977058080258	483.297790805751	1	0	2	2.8080026984764106
283200.0	6000.0	289.004816785971	96.09729634561532	0	357.176174676104	489.0048167859204	1	0	2	2.3219463546270758
284200.0	6000.0	189.004816785937	0.0	0	492.32261995819863	389.004816785804	1	0	2	2.890459612693591
285200.0	6000.0	206.52195181395274	106.83375911635437	0	380.52909151720814	406.52195181377465	1	0	2	2.2598865128095147
286200.0	6000.0	223.93698386547828	106.74093822869335	0	446.90941767091863	423.9369838652783	1	0	2	2.2601694886347636
287200.0	6000.0	345.15068209827	201.10336202975589	0	237.78671738493722	545.1506820982322	1	0	2	1.701492833607038
288200.0	6000.0	246.85451251744496	1.5489367446620577	0	132.64953452616464	446.8545125174569	1	0	2	2.8804638145085706
289200.0	6000.0	264.72922260051996	107.15882734824717	0	307.7733601514483	464.7292226004647	1	0	2	2.2570740085365317
290200.0	6000.0	303.87981291400786	126.5005366486514	0	377.76136244426016	503.879812914005	1	0	2	2.1423235681331256
291200.0	6000.0	203.87981291399285	0.0	0	537.6513889490743	403.8798129140632	1	0	2	2.8902213513993624
292200.0	6000.0	312.3184145227881	189.48963782616545	0	256.5931490645162	512.3184145228006	1	0	2	1.7705595301357613
293200.0	6000.0	287.83909478673456	68.6551638763184	0	364.8297220565146	487.8390947866719	1	0	2	2.4838731795972553
294200.0	6000.0	187.8390947867037	0.0	0	522.9446732688812	387.8390947866137	1	0	2	2.8904795156879333
295200.0	6000.0	217.19827084053682	117.59925095800781	0	391.14300227339845	417.1982708403375	1	0	2	2.196208389418717
296279.86997833033	6000.0	252.72114986623836	203.07259562647826	0	0.0	532.5911281965091	1	0	2	1.6821088883100068
297200.0	6000.0	510.5138794870697	245.39613950679563	0	19.61112443753518	710.5138794869999	1	0	2	1.4452296413921062
298200.0	6000.0	428.08731817035215	15.975853348425602	0	73.54781672696117	628.0873181702918	1	0	2	2.792341641267856
299200.0	6000.0	328.08731817026865	0.0	0	273.5870125190704	528.0873181702336	1	0	2	2.888265099782444
300200.0	6000.0	288.2279073827128	54.673262920402024	0	47.21036868187366	488.2279073827085	1	0	2	2.566404582368217
6.58	9.42	9.14	13.5	16.1	15.0	14.5	10.1	10.3	9.42	13.5	9.89	10.7	7.83	7.71	9.94	10.1	10.1	12.0	16.0	8.73	8.61	14.1	15.7	10.6	10.5	13.0	11.5	9.64	11.6	12.3	7.97	6.44	8.94	10.8	7.99	5.07	7.69	10.8	17.0	10.3	8.44	10.3	7.43	7.96	12.2	10.4	5.82	10.7	7.73	8.07	8.39	13.8	11.2	11.2	10.0	6.63	8.9	7.83	8.0	13.3	11.3	7.78	8.02	4.69	6.5	9.37	8.26	8.47	11.4	10.8	7.15	9.33	9.49	9.2	13.1	9.9	7.41	9.42	6.29	9.49	12.0	11.3	8.94	10.6	7.53	8.13	7.71	6.87	6.19	12.6	11.2	12.8	7.77	7.62	14.0	18.8	11.6	8.88	10.8	14.7	8.73	11.4	10.4	10.5	11.3	11.9	7.99	8.55	9.09	13.6	9.55	10.0	12.4	11.2	12.6	13.3	5.73	6.29	10.4	16.8	14.3	13.2	19.7	13.7	6.92	10.9	8.68	8.17	11.7	14.5	15.5	15.5	9.74	7.73	9.93	6.38	10.4	16.9	14.1	10.6	8.8	12.6	8.49	11.5	8.7	9.45	7.11	11.5	14.6	9.53	7.3	8.92	8.44	15.0	10.8	8.0	11.9	14.3	10.2	8.33	6.15	8.34	9.74	12.6	11.6	14.1	6.97	11.3	12.4	10.7	13.1	12.4	8.35	9.75	14.4	10.4	12.0	8.73	7.68	13.8	12.3	12.9	13.0	16.0	16.4	9.95	8.72	7.19	6.45	6.23	11.3	13.5	9.36	11.2	13.1	15.7	10.1	7.19	11.0	6.57	6.88	12.6	6.63	7.47	7.8	12.8	19.7	18.8	13.4	10.8	9.06	10.0	12.5	13.9	11.4	8.65	14.7	14.9	12.5	9.14	5.68	5.6	7.83	10.9	5.99	9.51	7.0	6.93	10.6	10.5	11.0	16.7	16.2	7.68	11.6	9.9	11.6	15.0	12.3	14.2	10.1	7.8	11.2	8.71	6.49	5.24	7.62	7.74	8.63	12.1	9.11	4.67	9.5	10.7	5.0	7.32	11.3	9.6	11.1	13.4	11.3	10.5	10.6	10.3	6.97	9.3	11.2	9.44	6.45	10.0	9.89	9.79	11.1	7.61	9.45	9.63	13.7	11.2	9.07	9.42	12.4	7.53	8.39	13.1	9.67	10.9	12.5	11.2	8.65	5.94	8.77	9.15	9.56	6.41
1.0	2.0	3.0	4.0	5.0	6.0	7.0	8.0	9.0	10.0	11.0	12.0	13.0	14.0	15.0	16.0	17.0	18.0	19.0	20.0	21.0	22.0	23.0	24.0	25.0	26.0	27.0	28.0	29.0	30.0	31.0	32.0	33.0	34.0	35.0	36.0	37.0	38.0	39.0	40.0	41.0	42.0	43.0	44.0	45.0	46.0	47.0	48.0	49.0	50.0	51.0	52.0	53.0	54.0	55.0	56.0	57.0	58.0	59.0	60.0	61.0	62.0	63.0	64.0	65.0	66.0	67.0	68.0	69.0	70.0	71.0	72.0	73.0	74.0	75.0	76.0	77.0	78.0	79.0	80.0	81.0	82.0	83.0	84.0	85.0	86.0	87.0	88.0	89.0	90.0	91.0	92.0	93.0	94.0	95.0	96.0	97.0	98.0	99.0	100.0	101.0	102.0	103.0	104.0	105.0	106.0	107.0	108.0	109.0	110.0	111.0	112.0	113.0	114.0	115.0	116.0	117.0	118.0	119.0	120.0	121.0	122.0	123.0	124.0	125.0	126.0	127.0	128.0	129.0	130.0	131.0	132.0	133.0	134.0	135.0	136.0	137.0	138.0	139.0	140.0	141.0	142.0	143.0	144.0	145.0	146.0	147.0	148.0	149.0	150.0	151.0	152.0	153.0	154.0	155.0	156.0	157.0	158.0	159.0	160.0	161.0	162.0	163.0	164.0	165.0	166.0	167.0	168.0	169.0	170.0	171.0	172.0	173.0	174.0	175.0	176.0	177.0	178.0	179.0	180.0	181.0	182.0	183.0	184.0	185.0	186.0	187.0	188.0	189.0	190.0	191.0	192.0	193.0	194.0	195.0	196.0	197.0	198.0	199.0	200.0	201.0	202.0	203.0	204.0	205.0	206.0	207.0	208.0	209.0	210.0	211.0	212.0	213.0	214.0	215.0	216.0	217.0	218.0	219.0	220.0	221.0	222.0	223.0	224.0	225.0	226.0	227.0	228.0	229.0	230.0	231.0	232.0	233.0	234.0	235.0	236.0	237.0	238.0	239.0	240.0	241.0	242.0	243.0	244.0	245.0	246.0	247.0	248.0	249.0	250.0	251.0	252.0	253.0	254.0	255.0	256.0	257.0	258.0	259.0	260.0	261.0	262.0	263.0	264.0	265.0	266.0	267.0	268.0	269.0	270.0	271.0	272.0	273.0	274.0	275.0	276.0	277.0	278.0	279.0	280.0	281.0	282.0	283.0	284.0	285.0	286.0	287.0	288.0	289.0	290.0	291.0	292.0	293.0	294.0	295.0
5521.409576187943
