5086.709188278491	300.0	2000.0	90.99949314496892	0	0.0	5086.709188278491	1	0	1	-1.6703734896505145
5164.170765022279	300.0	2914.7922655818325	0.0	0	0.0	5078.963030604112	1	0	2	-1.3377451132542375
5253.265278710599	300.0	3816.7883005246813	0.0	0	0.0	5070.053579235279	1	0	2	-1.1318919924664357
5343.164521550616	300.0	4717.899133400662	0.0	0	0.0	5061.063654951277	1	0	2	-1.1247360142759852
6200.0	500.0	4775.380107106343	0.0	0	728.4025163909682	4975.38010710634	1	0	2	-1.1634070849205562
7200.0	500.0	4675.380107106342	0.0	0	892.7478438173002	4875.38010710634	1	0	2	-0.5899642824097511
8200.0	500.0	4575.380107106341	0.0	0	867.2662649723679	4775.38010710634	1	0	2	-0.5163265859591217
9200.0	1000.0	4475.380107106339	0.0	0	635.2016720908268	4675.380107106338	1	0	2	-0.4464971114081076
10200.0	2000.0	4375.380107106338	0.0	0	455.6126302086723	4575.380107106337	1	0	2	0.31381080541889983
11200.0	3000.0	4275.380107106337	0.0	0	695.3637340284713	4475.380107106336	1	0	2	1.0679360489209815
12200.0	3000.0	4175.380107106336	0.0	0	767.3487855436415	4375.380107106335	1	0	2	1.5317578117857307
13200.0	3000.0	4075.380107106339	0.0	0	657.1938199259002	4275.380107106335	1	0	2	1.5863917470250968
14200.0	3000.0	3975.380107106339	0.0	0	419.67530673067995	4175.380107106335	1	0	2	1.6381917872338243
15200.0	6000.0	3875.3801071063394	0.0	0	375.3188018131041	4075.380107106337	1	0	2	1.6858838611171503
16200.0	6000.0	3775.3801071063385	0.0	0	348.185322454583	3975.3801071063353	1	0	2	2.4232967143796253
17200.563336765113	6000.0	3674.7604366647083	0.0	0	0.0	3875.323773429818	1	0	2	2.46630602289761
18200.0	6000.0	3575.380107106336	0.0	0	161.25704799305822	3775.3801071063335	1	0	2	2.503718464417408
19200.0	6000.0	3475.380107106336	0.0	0	237.80367091037624	3675.3801071063353	1	0	2	2.537456816963835
20200.0	6000.0	3375.3801071063367	0.0	0	272.2519532494516	3575.380107106339	1	0	2	2.569560068760932
21200.0	6000.0	3275.3801071063376	0.0	0	148.84801398565105	3475.3801071063353	1	0	2	2.600112729329162
22200.0	6000.0	3175.380107106336	0.0	0	175.61749834998773	3375.380107106328	1	0	2	2.6265736473761536
23400.238939396724	6000.0	2855.117273769942	0.0	0	0.0	3255.356213166662	1	0	2	2.6373984596175997
24692.60491101278	6000.0	2433.5147049922825	0.0	0	0.0	3126.119616005053	1	0	2	2.6536454444873794
25905.05414809377	6000.0	2099.82054420319	0.0	0	0.0	3004.8746922969476	1	0	2	2.6880569612607395
26568.562350862292	6000.0	2369.961521157823	0.0	0	0.0	2938.5238720201014	1	0	2	2.757432335299676
27870.023810274386	6000.0	1938.3539158045214	0.0	0	0.0	2808.377726078892	1	0	2	2.7113372385742647
28629.49217578747	6000.0	2102.9387137401336	0.0	0	0.0	2732.43088952759	1	0	2	2.7802051163997428
29478.509320593534	6000.0	2169.019854453465	0.0	0	0.0	2647.529175046988	1	0	2	2.782452164989067
30274.927909773196	6000.0	2292.959406355836	0.0	0	0.0	2567.887316129021	1	0	2	2.7982367230022334
31200.0	3000.0	2275.3801071063494	0.0	0	249.6003882868572	2475.3801071063353	1	0	2	1.4085471086574504
32200.0	3000.0	2175.3801071063476	0.0	0	525.2742501533794	2375.3801071063353	1	0	2	2.1045288735229883
33200.0	3000.0	2075.38010710635	0.0	0	556.9771124828367	2275.3801071063353	1	0	2	2.1144922594989572
34200.0	3000.0	1975.3801071063629	0.0	0	437.1608797461231	2175.3801071063535	1	0	2	2.123717303689459
35200.0	3000.0	1875.3801071063556	0.0	0	518.4254653814496	2075.3801071063426	1	0	2	2.131936941928301
36200.0	3000.0	1775.380107106357	0.0	0	429.8906689379146	1975.3801071063426	1	0	2	2.1395633504811906
37200.0	3000.0	1675.3801071063604	0.0	0	414.7018386966374	1875.3801071063353	1	0	2	2.1463614862864993
38200.0	3000.0	1575.3801071063529	0.0	0	383.3894571939454	1775.3801071063208	1	0	2	2.152579179795619
39200.0	3000.0	1475.38010710635	0.0	0	544.5039502201616	1675.3801071063208	1	0	2	2.1581272028187963
40200.0	3000.0	1375.3801071063422	0.0	0	538.6147462587614	1575.3801071063135	1	0	2	2.163209316738123
41200.0	6000.0	1275.3801071063456	0.0	0	91.55449346170644	1475.3801071063062	1	0	2	2.168251113182737
42200.0	6000.0	1175.3801071063444	0.0	0	271.98811491264496	1375.3801071062917	1	0	2	2.865404134457665
43200.0	6000.0	1075.380107106346	0.0	0	24.71994359549717	1275.3801071062917	1	0	2	2.869517222776347
44200.0	6000.0	975.3801071063403	0.0	0	386.03863905594335	1175.3801071062771	1	0	2	2.8725296693952127
45328.49927739409	6000.0	734.0309019728497	0.0	0	0.0	1062.5301793668768	1	0	2	2.8634603405552
46208.162341437586	6000.0	766.4015315250099	0.0	0	0.0	974.563872962528	1	0	2	2.890990753035666
47200.0	6000.0	675.3801071063606	0.0	0	41.111629942344734	875.3801071062917	1	0	2	2.882093870797413
48200.0	3000.0	575.380107106367	0.0	0	650.6624576149989	775.3801071062917	1	0	2	1.4970362100231172
49200.0	6000.0	475.3801071063677	0.0	0	35.56934582746908	675.380107106299	1	0	2	2.1925248629723586
50200.0	3000.0	375.3801071063708	0.0	0	516.6948622708951	575.380107106299	1	0	2	1.5010789131076623
51200.0	3000.0	275.38010710636513	0.0	0	617.9056067814527	475.3801071062917	1	0	2	2.1959372138710878
52212.11355070942	6000.0	482.66437291614	291.46288326376117	0	0.0	694.7779236254864	1	0	2	0.4714205442068935
53200.0	3000.0	395.9892786965046	0.0	0	318.8794464612147	595.9892786964119	1	0	2	1.5019754413528117
54200.0	3000.0	295.9892786965022	0.0	0	656.6004151473098	495.98927869640465	1	0	2	2.1955942897820346
55200.0	6000.0	300.72112873702565	95.21077276410304	0	202.36536061381776	500.72112873692095	1	0	2	1.6338530391372295
56200.0	6000.0	212.99273930739628	11.156009609428821	0	371.4588969026372	412.9927393072867	1	0	2	2.8242874184700817
57200.0	6000.0	274.9789871602947	147.26022532081828	0	282.2688289359212	474.97898716018244	1	0	2	2.02031607016759
58281.58696242103	6000.0	360.17728333527367	249.9490498528279	0	0.0	641.764245756196	1	0	2	1.4034388572881396
59438.865214621765	6000.0	456.33041867607153	335.5992843287257	0	0.0	895.195633297837	1	0	2	0.8851336017096237
60259.69449124708	6000.0	553.4182143882247	0.0	0	0.0	813.1127056353071	1	0	2	2.9008208644724203
61200.0	6000.0	519.0821547600149	0.0	0	104.83180272657046	719.0821547600208	1	0	2	2.8907139927430787
62200.0	6000.0	419.0821547600152	0.0	0	58.096190231866785	619.0821547600208	1	0	2	2.88674641898059
63312.026388590464	6000.0	355.0135694491256	144.6913110351046	0	0.0	667.0399580396042	1	0	2	2.020931350359981
64330.42011705433	6000.0	598.8512071735681	330.9733991224511	0	0.0	929.2713242278987	1	0	2	0.9256297573295286
65200.0	6000.0	642.3133359333274	0.0	0	239.47005653243104	842.3133359333297	1	0	2	2.8950144011930075
66200.0	6000.0	542.3133359333217	0.0	0	337.7193250458804	742.3133359333297	1	0	2	2.884089383944689
67200.0	6000.0	442.31333593333824	0.0	0	183.8038092708157	642.3133359333297	1	0	2	2.8861882151544664
68462.03827403089	6000.0	312.517620806968	234.95126027964358	0	0.0	774.5558948378603	1	0	2	1.4711319329340036
69665.0378956723	6000.0	420.9842008506715	392.5146944084095	0	0.0	1086.0220965229819	1	0	2	0.5395522948624194
70200.0	3000.0	832.5258860902034	0.0	0	113.86180756667454	1032.5258860902104	1	0	2	1.5376544171171993
71200.0	3000.0	732.525886090201	0.0	0	651.3036494538392	932.5258860901959	1	0	2	2.1864147469326434
72200.0	3000.0	632.5258860902021	0.0	0	195.93639421087573	832.5258860901813	1	0	2	2.1890598225831646
73200.0	3000.0	632.5258860901905	0.0	0	402.4882245286426	832.5258860901813	1	0	1	2.089808979208678
74200.0	6000.0	632.5258860901719	0.0	0	195.15234875392343	832.5258860901813	1	0	1	2.2898089792086775
75200.0	3000.0	732.5258860901793	0.0	0	715.7499425630522	932.5258860901813	1	0	0	1.3952591527400844
76200.0	6000.0	732.52588609016	0.0	0	323.3361001906014	932.5258860901813	1	0	1	2.0874400317653885
77200.0	3000.0	732.5258860901797	0.0	0	680.2922889145702	932.5258860901813	1	0	1	1.5942928512054437
78200.0	6000.0	732.5258860901779	0.0	0	141.59028235578444	932.5258860901813	1	0	1	2.2874400317653887
79200.0	6000.0	732.5258860901771	0.0	0	61.310187075680005	932.5258860901813	1	0	1	2.9805872123253336
80335.3073823351	6000.0	597.218503755061	0.0	0	0.0	932.5258860901813	1	0	1	2.9805872123253336
81403.0400838581	6000.0	529.4858022320577	0.0	0	0.0	932.5258860901813	1	0	1	2.9805872123253336
82200.0	6000.0	732.5258860901562	0.0	0	17.523574793332955	932.5258860901813	1	0	1	2.9805872123253336
83200.0	6000.0	732.52588609015	0.0	0	196.07710428733844	932.5258860901813	1	0	1	2.9805872123253336
84200.0	6000.0	732.5258860901658	0.0	0	302.5256782023789	932.5258860901813	1	0	1	2.9805872123253336
85200.0	6000.0	732.525886090162	0.0	0	448.8480514136172	932.5258860901813	1	0	1	2.9805872123253336
86200.0	6000.0	732.5258860901527	0.0	0	57.36182042962173	932.5258860901813	1	0	1	2.9805872123253336
87214.8584870798	6000.0	717.6673990103634	0.0	0	125.99122759632883	932.5258860901959	1	0	1	2.980587212325333
88996.0628498193	6000.0	218.65949791547519	282.1964616446123	0	0.0	1214.7223477348161	1	0	1	1.2804887964786829
90157.6135491773	6000.0	381.71707184556385	324.60827328809484	0	0.0	1539.3306210229057	1	0	1	1.0122825587882014
91106.99624652242	6000.0	523.5911486980701	91.25677419762275	0	0.0	1630.5873952205293	1	0	1	2.4080803806103153
92435.78981761288	6000.0	285.07268014351416	90.27510253589583	0	0.0	1720.8624977564177	1	0	1	2.4093110332352596
93605.99129370048	6000.0	379.0923646481548	264.22116059223924	0	0.0	1985.083658348638	1	0	1	1.349397272377238
94227.40842298437	3000.0	757.6752353642848	0.0	0	0.0	1985.083658348638	1	0	1	1.5484298748107834
94633.10440710564	3000.0	1351.9792512430156	0.0	0	0.0	1985.083658348638	1	0	1	2.2415770553707284
95200.0	3000.0	1785.0836583486498	0.0	0	148.80968945891073	1985.083658348638	1	0	1	2.2415770553707284
96200.0	6000.0	1785.0836583486528	0.0	0	485.6553492875246	1985.083658348638	1	0	1	2.241577055370729
97200.0	6000.0	1785.0836583486553	0.0	0	334.0878126970638	1985.083658348638	1	0	1	2.9347242359306733
98555.06961966069	6000.0	1430.014038687979	0.0	0	0.0	1985.083658348638	1	0	1	2.9347242359306733
99253.1099797697	6000.0	1731.973678578968	0.0	0	0.0	1985.083658348638	1	0	1	2.9347242359306733
100378.17980737882	6000.0	1606.9038509698335	0.0	0	0.0	1985.083658348638	1	0	1	2.9347242359306733
101268.9414650234	6000.0	1716.142193325244	0.0	0	0.0	1985.083658348638	1	0	1	2.9347242359306733
102200.0	6000.0	1785.0836583486453	0.0	0	57.177176871759	1985.083658348638	1	0	1	2.9347242359306733
103200.0	6000.0	1785.0836583486353	0.0	0	304.13319785719796	1985.083658348638	1	0	1	2.9347242359306733
104200.0	6000.0	1785.0836583486462	0.0	0	301.384729434154	1985.083658348638	1	0	1	2.9347242359306733
105235.10127431132	6000.0	1749.9823840373376	0.0	0	0.0	1985.083658348638	1	0	1	2.9347242359306733
106284.79846320432	6000.0	1700.28519514433	0.0	0	0.0	1985.083658348638	1	0	1	2.9347242359306733
107448.50825943492	6000.0	1536.5753989137215	0.0	0	0.0	1985.083658348638	1	0	1	2.9347242359306733
108795.00655256076	6000.0	1190.0771057878758	0.0	0	0.0	1985.083658348638	1	0	1	2.9347242359306733
109757.16899610369	6000.0	1227.9146622449443	0.0	0	0.0	1985.0836583486234	1	0	1	2.9347242359306747
110734.32446986841	6000.0	1250.7591884802146	0.0	0	0.0	1985.0836583486089	1	0	1	2.934724235930675
112249.36462503928	6000.0	735.7190333093238	0.0	0	0.0	1985.0836583486089	1	0	1	2.934724235930675
112985.77511360252	3000.0	999.3085447460724	0.0	0	0.0	1985.0836583486089	1	0	1	1.5484298748107856
113437.30724030083	3000.0	1547.7764180477698	0.0	0	0.0	1985.0836583486089	1	0	1	2.2415770553707306
114200.0	3000.0	1785.0836583486116	0.0	0	311.73779853108863	1985.0836583486089	1	0	1	2.2415770553707306
115200.0	3000.0	1785.083658348622	0.0	0	626.5930754765577	1985.0836583486089	1	0	1	2.2415770553707306
116200.0	3000.0	1785.083658348636	0.0	0	682.8455118966958	1985.0836583486089	1	0	1	2.2415770553707306
117200.0	3000.0	1785.0836583486484	0.0	0	712.6975158950663	1985.0836583486234	1	0	1	2.2415770553707297
118200.0	3000.0	1785.0836583486512	0.0	0	521.4769349995477	1985.083658348638	1	0	1	2.2415770553707284
119223.5498608841	6000.0	1761.533797464549	0.0	0	0.0	1985.083658348638	1	0	1	2.241577055370729
120200.0	3000.0	1785.0836583486437	0.0	0	434.69786320163985	1985.0836583486525	1	0	1	1.5484298748107825
121200.0	3000.0	1785.0836583486443	0.0	0	479.54328288346005	1985.0836583486525	1	0	1	2.2415770553707275
122200.0	6000.0	1785.0836583486519	0.0	0	156.59709323027346	1985.083658348667	1	0	1	2.241577055370726
123363.8316789562	6000.0	1621.2519793924614	0.0	0	0.0	1985.0836583486816	1	0	1	2.93472423593067
124200.0	6000.0	1785.0836583486462	0.0	0	72.2943770380225	1985.0836583486816	1	0	1	2.93472423593067
125200.0	6000.0	1785.0836583486455	0.0	0	386.2672430524981	1985.0836583486816	1	0	1	2.93472423593067
126203.02518608067	6000.0	1782.0584722679534	0.0	0	142.26782827588613	1985.0836583486816	1	0	1	2.93472423593067
127446.17018908299	6000.0	1538.9134692656396	0.0	0	0.0	1985.0836583486816	1	0	1	2.93472423593067
129060.93225473413	6000.0	924.151403614499	0.0	0	0.0	1985.0836583486816	1	0	1	2.93472423593067
130148.04005042564	6000.0	837.0436079229838	0.0	0	0.0	1985.0836583486816	1	0	1	2.93472423593067
130990.25432227568	6000.0	994.8293360729431	0.0	0	0.0	1985.0836583486962	1	0	1	2.934724235930669
131736.5441873477	6000.0	1248.5394710009443	0.0	0	0.0	1985.0836583487107	1	0	1	2.9347242359306684
132474.68270357812	6000.0	1510.4009547705318	0.0	0	0.0	1985.0836583487107	1	0	1	2.9347242359306676
133648.7848138102	6000.0	1336.29884453843	0.0	0	0.0	1985.0836583486816	1	0	1	2.93472423593067
135153.2724397021	6000.0	831.8112186465747	0.0	0	0.0	1985.0836583486816	1	0	1	2.93472423593067
136091.05333186226	6000.0	894.0303264864093	0.0	0	0.0	1985.0836583486816	1	0	1	2.934724235930669
136746.44123085856	3000.0	1238.6424274901326	0.0	0	0.0	1985.0836583486816	1	0	1	1.5484298748107803
137334.61940856147	3000.0	1650.4642497872455	0.0	0	0.0	1985.0836583486816	1	0	1	2.2415770553707253
138200.0	3000.0	1785.0836583486976	0.0	0	279.6001650898543	1985.0836583486816	1	0	1	2.2415770553707253
139200.0	3000.0	1785.0836583486962	0.0	0	497.33598288326175	1985.0836583486525	1	0	1	2.2415770553707275
140200.0	3000.0	1785.0836583486796	0.0	0	250.62963901730836	1985.0836583486234	1	0	1	2.2415770553707297
141200.0	3000.0	1785.0836583486819	0.0	0	511.3180450210348	1985.0836583486234	1	0	1	2.2415770553707297
142200.0	3000.0	1785.083658348685	0.0	0	499.20651851419825	1985.0836583486525	1	0	1	2.2415770553707275
143200.0	3000.0	1785.0836583486914	0.0	0	671.4405198038148	1985.0836583486525	1	0	1	2.2415770553707275
144200.0	3000.0	1785.083658348669	0.0	0	461.61149943302735	1985.0836583486525	1	0	1	2.2415770553707275
145200.0	3000.0	1785.0836583486519	0.0	0	428.9190207285865	1985.0836583486816	1	0	1	2.2415770553707253
146200.0	3000.0	1785.0836583486214	0.0	0	629.6335199306486	1985.0836583486816	1	0	1	2.2415770553707253
147200.0	6000.0	1785.0836583486082	0.0	0	405.28743532084627	1985.0836583486816	1	0	1	2.2415770553707253
148200.0	6000.0	1785.0836583486098	0.0	0	177.74008729247726	1985.0836583486525	1	0	1	2.9347242359306724
149200.0	6000.0	1785.0836583485677	0.0	0	114.07067790807923	1985.0836583486234	1	0	1	2.9347242359306747
150419.5899286531	6000.0	1565.4937296954893	0.0	0	0.0	1985.0836583486234	1	0	1	2.9347242359306747
151325.8805299446	6000.0	1659.203128403978	0.0	0	0.0	1985.0836583486525	1	0	1	2.9347242359306724
152247.09697204095	6000.0	1737.9866863076236	0.0	0	0.0	1985.0836583486525	1	0	1	2.9347242359306724
153200.0	6000.0	1785.0836583485602	0.0	0	150.67533847654704	1985.0836583486525	1	0	1	2.9347242359306724
154200.0	6000.0	1785.0836583485816	0.0	0	6.590670122037409	1985.0836583486525	1	0	1	2.9347242359306724
155539.739829187	6000.0	1445.3438291615803	0.0	0	0.0	1985.0836583486525	1	0	1	2.9347242359306724
156552.7252376147	6000.0	1432.3584207338822	0.0	0	0.0	1985.0836583486816	1	0	1	2.93472423593067
158009.01060966775	6000.0	976.0730486808986	0.0	0	0.0	1985.0836583486816	1	0	1	2.93472423593067
159019.94912284717	6000.0	965.1345355014871	0.0	0	0.0	1985.0836583486816	1	0	1	2.93472423593067
160029.43577058183	6000.0	955.6478877668469	0.0	0	0.0	1985.0836583486525	1	0	1	2.9347242359306724
160725.33099612116	6000.0	1259.7526622274734	0.0	0	0.0	1985.0836583486525	1	0	1	2.9347242359306724
161609.48941476646	6000.0	1375.5942435821623	0.0	0	0.0	1985.0836583486525	1	0	1	2.9347242359306724
162948.39737567594	6000.0	1036.6862826726835	0.0	0	0.0	1985.0836583486525	1	0	1	2.9347242359306724
163357.9076675582	3000.0	1627.1759907904338	0.0	0	0.0	1985.0836583486234	1	0	1	1.5484298748107845
164200.0	3000.0	1785.0836583486528	0.0	0	265.33982171933167	1985.0836583486234	1	0	1	2.2415770553707297
165200.0	3000.0	1785.083658348621	0.0	0	384.5674682056124	1985.0836583486234	1	0	1	2.2415770553707297
166200.0	3000.0	1785.0836583486353	0.0	0	552.4932601543842	1985.0836583486234	1	0	1	2.2415770553707297
167200.0	3000.0	1785.0836583486341	0.0	0	220.7070113599766	1985.0836583486234	1	0	1	2.2415770553707297
168200.0	3000.0	1785.0836583486432	0.0	0	249.6709709012066	1985.0836583486525	1	0	1	2.2415770553707275
169200.0	3000.0	1785.0836583486139	0.0	0	696.1946417666331	1985.0836583486525	1	0	1	2.2415770553707275
170200.0	3000.0	1785.0836583486441	0.0	0	755.4923692741431	1985.0836583486525	1	0	1	2.2415770553707275
171200.0	3000.0	1785.0836583486284	0.0	0	586.4331522681168	1985.0836583486525	1	0	1	2.2415770553707275
172200.0	3000.0	1785.083658348601	0.0	0	373.50126417403226	1985.0836583486525	1	0	1	2.2415770553707275
173200.0	3000.0	1785.0836583486137	0.0	0	438.02681958916946	1985.0836583486816	1	0	1	2.2415770553707253
174200.0	6000.0	1785.0836583486298	0.0	0	427.44439757743385	1985.0836583486816	1	0	1	2.2415770553707253
175262.4203518577	6000.0	1722.6633064909392	0.0	0	0.0	1985.0836583486525	1	0	1	2.9347242359306724
176219.62959264734	6000.0	1765.4540657012915	0.0	0	0.0	1985.0836583486525	1	0	1	2.9347242359306724
177312.47300193456	6000.0	1672.6106564140841	0.0	0	0.0	1985.0836583486525	1	0	1	2.9347242359306724
178200.0	6000.0	1785.0836583486393	0.0	0	179.44917244531098	1985.0836583486525	1	0	1	2.9347242359306724
179396.54133807006	6000.0	1588.5423202785812	0.0	0	0.0	1985.0836583486525	1	0	1	2.9347242359306724
180511.65518935156	6000.0	1473.428468997081	0.0	0	0.0	1985.0836583486525	1	0	1	2.9347242359306724
181200.0	6000.0	1785.0836583486312	0.0	0	74.99678984688944	1985.0836583486525	1	0	1	2.9347242359306724
182200.0	6000.0	1785.0836583486155	0.0	0	63.02026541097439	1985.0836583486525	1	0	1	2.9347242359306724
183200.0	6000.0	1785.0836583486703	0.0	0	61.59294926034636	1985.0836583486525	1	0	1	2.9347242359306724
184441.00383580307	6000.0	1544.0798225456142	0.0	0	0.0	1985.0836583486525	1	0	1	2.9347242359306724
185718.93794863595	6000.0	1266.1457097127502	0.0	0	0.0	1985.0836583486525	1	0	1	2.9347242359306724
186901.24082472394	6000.0	1083.8428336247816	0.0	0	0.0	1985.0836583486525	1	0	1	2.9347242359306724
187397.2177530832	3000.0	1587.8659052655319	0.0	0	0.0	1985.0836583486525	1	0	1	1.5484298748107825
188200.0	3000.0	1785.0836583487676	0.0	0	192.2701177278068	1985.0836583486234	1	0	1	2.2415770553707297
189200.0	3000.0	1785.0836583487405	0.0	0	538.286739632691	1985.0836583485943	1	0	1	2.2415770553707315
190200.0	3000.0	1785.0836583487494	0.0	0	653.1032065091131	1985.0836583486234	1	0	1	2.2415770553707297
191200.0	3000.0	1785.0836583487305	0.0	0	530.834872165171	1985.0836583486234	1	0	1	2.2415770553707297
192200.0	3000.0	1785.0836583487385	0.0	0	338.32708388374886	1985.0836583486234	1	0	1	2.2415770553707297
193200.0	3000.0	1785.0836583487633	0.0	0	697.5454751529323	1985.0836583486234	1	0	1	2.2415770553707297
194200.0	3000.0	1785.083658348773	0.0	0	637.9000277669984	1985.0836583486525	1	0	1	2.2415770553707275
195200.0	3000.0	1785.0836583487776	0.0	0	713.3456512053381	1985.0836583486525	1	0	1	2.2415770553707275
196200.0	6000.0	1785.083658348797	0.0	0	39.7343507380283	1985.0836583486525	1	0	1	2.2415770553707275
197200.0	6000.0	1785.083658348824	0.0	0	252.06727226820658	1985.0836583486816	1	0	1	2.93472423593067
198200.0	6000.0	1785.083658348823	0.0	0	82.1893855908711	1985.0836583486816	1	0	1	2.93472423593067
199585.0440424717	6000.0	1400.0396158770995	0.0	0	0.0	1985.0836583486816	1	0	1	2.93472423593067
200448.4215674619	6000.0	1536.6620908869031	0.0	0	0.0	1985.0836583486816	1	0	1	2.93472423593067
201200.0	6000.0	1785.0836583487896	0.0	0	255.10174794727936	1985.0836583486816	1	0	1	2.93472423593067
202200.0	6000.0	1785.0836583488058	0.0	0	354.6138071551395	1985.0836583486816	1	0	1	2.93472423593067
203219.3131564667	6000.0	1765.7705018820998	0.0	0	0.0	1985.0836583486816	1	0	1	2.93472423593067
204553.43217838227	6000.0	1431.6514799665144	0.0	0	0.0	1985.0836583487107	1	0	1	2.934724235930668
205292.0085294674	6000.0	1693.0751288814035	0.0	0	0.0	1985.0836583487107	1	0	1	2.934724235930668
206200.0	6000.0	1785.083658348811	0.0	0	391.8734847957676	1985.0836583487398	1	0	1	2.9347242359306662
207200.0	6000.0	1785.0836583488083	0.0	0	103.99163915836834	1985.0836583487398	1	0	1	2.9347242359306662
208200.0	6000.0	1785.0836583487826	0.0	0	394.4210800360597	1985.0836583487398	1	0	1	2.9347242359306662
209200.0	6000.0	1785.0836583487715	0.0	0	423.5635075898608	1985.0836583487398	1	0	1	2.9347242359306662
210200.0	6000.0	1785.0836583487478	0.0	0	283.9703943831555	1985.0836583487398	1	0	1	2.9347242359306662
211200.0	6000.0	1785.0836583487137	0.0	0	279.4716131252935	1985.0836583487398	1	0	1	2.9347242359306662
212200.0	6000.0	1785.0836583487342	0.0	0	45.389933000609744	1985.083658348769	1	0	1	2.934724235930664
213210.7387419129	6000.0	1774.3449164357846	0.0	0	0.0	1985.0836583487398	1	0	1	2.9347242359306662
214226.6372211022	6000.0	1758.4464372464975	0.0	0	0.0	1985.0836583487398	1	0	1	2.9347242359306662
215537.6116192814	6000.0	1447.4720390672796	0.0	0	0.0	1985.0836583487398	1	0	1	2.9347242359306662
216554.01404941845	6000.0	1431.0696089302523	0.0	0	0.0	1985.0836583487398	1	0	1	2.9347242359306662
217420.643366069	6000.0	1564.4402922796878	0.0	0	0.0	1985.0836583487398	1	0	1	2.9347242359306662
218200.0	6000.0	1785.0836583486969	0.0	0	93.42292574825115	1985.083658348769	1	0	1	2.934724235930664
219200.0	6000.0	1785.0836583487105	0.0	0	278.44692090316676	1985.083658348769	1	0	1	2.934724235930664
220200.0	6000.0	1785.0836583486962	0.0	0	437.77767589653376	1985.083658348769	1	0	1	2.934724235930664
221200.0	6000.0	1785.083658348709	0.0	0	467.155064148712	1985.083658348769	1	0	1	2.934724235930664
222200.0	6000.0	1785.083658348705	0.0	0	193.7823296826391	1985.083658348798	1	0	1	2.9347242359306627
223353.94011011854	6000.0	1631.143548230176	0.0	0	0.0	1985.083658348798	1	0	1	2.9347242359306627
224200.0	6000.0	1785.0836583487433	0.0	0	191.62841347086942	1985.083658348798	1	0	1	2.9347242359306627
225200.0	6000.0	1785.0836583487496	0.0	0	50.67639983128174	1985.0836583488272	1	0	1	2.93472423593066
226200.0	6000.0	1785.0836583486953	0.0	0	374.0068782539747	1985.0836583488272	1	0	1	2.93472423593066
227200.0	6000.0	1785.0836583487246	0.0	0	23.908708186092554	1985.0836583488563	1	0	1	2.9347242359306582
228200.0	6000.0	1785.08365834875	0.0	0	241.77066220439156	1985.0836583488563	1	0	1	2.9347242359306582
229671.395187763	6000.0	1313.6884705857497	0.0	0	0.0	1985.0836583488563	1	0	1	2.9347242359306582
231095.8990339077	6000.0	889.1846244410359	0.0	0	0.0	1985.0836583488563	1	0	1	2.9347242359306582
232236.2544062409	6000.0	748.829252107848	0.0	0	0.0	1985.0836583488563	1	0	1	2.9347242359306582
233768.58345828098	6000.0	216.50020006783097	0.0	0	0.0	1985.0836583488563	1	0	1	2.9347242359306582
235051.18021674445	6000.0	397.720098425266	463.8166568209087	0	0.0	2448.900315169769	1	0	1	0.11115186271446942
236144.7321165864	6000.0	473.37420348220974	169.20600489891075	0	0.0	2618.1063200686767	1	0	1	1.858922140474962
237274.38209401738	6000.0	343.72422605124194	0.0	0	0.0	2618.1063200686767	1	0	1	2.8741581698684264
238073.00614805488	3000.0	646.3137207180837	101.21354870432725	0	0.0	2719.319868772989	1	0	1	0.8670872960518998
238475.65861552279	3000.0	1243.6612532502004	0.0	0	0.0	2719.319868772989	1	0	1	2.1675157688378084
238909.69732172543	3000.0	1809.622547047578	0.0	0	0.0	2719.319868772989	1	0	1	2.1675157688378084
239379.26721463475	3000.0	2340.0526541382346	0.0	0	0.0	2719.319868772989	1	0	1	2.1675157688378084
240200.0	3000.0	2519.319868772973	0.0	0	190.6072472144151	2719.319868772989	1	0	1	2.1675157688378084
241200.0	3000.0	2519.319868772954	0.0	0	364.2073155686958	2719.319868772989	1	0	1	2.1675157688378084
242200.0	3000.0	2519.3198687729364	0.0	0	571.2846446635376	2719.319868772989	1	0	1	2.1675157688378084
243200.0	3000.0	2519.3198687729396	0.0	0	556.7037275109033	2719.319868772989	1	0	1	2.1675157688378084
244200.0	3000.0	2519.31986877292	0.0	0	527.7947275468032	2719.319868772989	1	0	1	2.1675157688378084
245200.0	3000.0	2519.3198687729187	0.0	0	404.51311351396726	2719.319868772989	1	0	1	2.1675157688378084
246200.0	3000.0	2519.3198687728996	0.0	0	525.0806463385525	2719.319868772989	1	0	1	2.1675157688378084
247200.0	3000.0	2519.319868772841	0.0	0	476.04249452482327	2719.31986877296	1	0	1	2.1675157688378124
248200.0	3000.0	2519.319868772875	0.0	0	268.9649721039459	2719.31986877296	1	0	1	2.1675157688378124
249200.0	3000.0	2519.3198687728604	0.0	0	51.95845077474951	2719.31986877296	1	0	1	2.1675157688378124
250200.0	3000.0	2519.319868772893	0.0	0	279.5610442664183	2719.31986877296	1	0	1	2.1675157688378124
251200.0	3000.0	2519.319868772903	0.0	0	366.44763553867233	2719.319868772989	1	0	1	2.1675157688378084
252200.0	3000.0	2519.3198687728936	0.0	0	495.75553506743745	2719.319868772989	1	0	1	2.1675157688378084
253200.0	3000.0	2519.3198687728864	0.0	0	673.8694427438604	2719.319868772989	1	0	1	2.1675157688378084
254200.0	3000.0	2519.3198687728795	0.0	0	432.7099729825568	2719.3198687730182	1	0	1	2.167515768837804
255200.0	3000.0	2519.319868772885	0.0	0	433.99279788753483	2719.3198687730182	1	0	1	2.167515768837804
256200.0	3000.0	2519.319868772849	0.0	0	671.4701439243217	2719.3198687730182	1	0	1	2.167515768837804
257200.0	3000.0	2519.319868772842	0.0	0	575.4178469170001	2719.3198687730473	1	0	1	2.1675157688378004
258200.0	3000.0	2519.319868772829	0.0	0	501.04548496665666	2719.3198687730473	1	0	1	2.1675157688378004
259200.0	6000.0	2519.319868772843	0.0	0	55.37017309802468	2719.3198687730473	1	0	1	2.1675157688378
260200.0	6000.0	2519.3198687728454	0.0	0	438.9570816287014	2719.3198687730473	1	0	1	2.860662949397745
261200.0	6000.0	2519.3198687728755	0.0	0	299.35450988754747	2719.3198687730473	1	0	1	2.860662949397745
262200.0	6000.0	2519.319868772874	0.0	0	105.01797668333165	2719.3198687730765	1	0	1	2.860662949397741
263429.4650053072	6000.0	2289.8548634656363	0.0	0	0.0	2719.3198687730473	1	0	1	2.860662949397741
264334.7221300871	6000.0	2384.5977386857558	0.0	0	0.0	2719.3198687730473	1	0	1	2.8606629493977476
265200.0	6000.0	2519.31986877281	0.0	0	200.6768063273048	2719.3198687730473	1	0	1	2.8606629493977467
266200.0	6000.0	2519.3198687728022	0.0	0	189.60975838737795	2719.3198687730473	1	0	1	2.860662949397745
267200.0	6000.0	2519.3198687727872	0.0	0	121.54033390199766	2719.3198687730473	1	0	1	2.8606629493977485
268200.0	6000.0	2519.319868772769	0.0	0	437.8429319469724	2719.3198687730473	1	0	1	2.860662949397745
269200.0	6000.0	2519.3198687726986	0.0	0	120.8855470030685	2719.3198687730473	1	0	1	2.860662949397745
270200.0	6000.0	2519.3198687726954	0.0	0	128.76845939573832	2719.3198687730473	1	0	1	2.860662949397745
271200.0	6000.0	2519.319868772759	0.0	0	17.551086099876557	2719.3198687730473	1	0	1	2.860662949397745
272200.0	6000.0	2519.3198687727763	0.0	0	130.50766581331845	2719.3198687730473	1	0	1	2.860662949397745
273200.0	6000.0	2519.319868772731	0.0	0	301.1620370608289	2719.3198687730473	1	0	1	2.860662949397745
274200.0	6000.0	2519.319868772768	0.0	0	190.56907492183382	2719.319868772989	1	0	1	2.860662949397753
275200.0	6000.0	2519.319868772779	0.0	0	87.2853012518026	2719.3198687730473	1	0	1	2.860662949397745
276200.0	6000.0	2519.3198687728127	0.0	0	318.58518101851223	2719.3198687730473	1	0	1	2.860662949397745
277200.0	6000.0	2519.319868772792	0.0	0	395.2849620413035	2719.3198687730473	1	0	1	2.860662949397745
278200.0	6000.0	2519.3198687728104	0.0	0	210.34924002329353	2719.3198687730473	1	0	1	2.860662949397745
279293.06839535205	6000.0	2426.251473420818	0.0	0	0.0	2719.3198687730473	1	0	1	2.860662949397745
280200.0	6000.0	2519.319868772889	0.0	0	207.27086529770168	2719.3198687731056	1	0	1	2.860662949397737
281200.0	6000.0	2519.3198687728673	0.0	0	210.94574003276648	2719.3198687731056	1	0	1	2.860662949397737
282200.0	6000.0	2519.3198687728695	0.0	0	122.83169051125878	2719.3198687731638	1	0	1	2.860662949397729
283200.0	6000.0	2519.319868772834	0.0	0	233.23294393485412	2719.3198687731056	1	0	1	2.860662949397737
284200.0	6000.0	2519.3198687728795	0.0	0	35.23287335195346	2719.3198687730473	1	0	1	2.860662949397745
285200.0	6000.0	2519.319868772952	0.0	0	0.28544907202012837	2719.3198687730473	1	0	1	2.860662949397745
286727.0500879373	6000.0	1992.2697808355206	0.0	0	0.0	2719.3198687730473	1	0	1	2.860662949397745
287981.5977930673	6000.0	1737.7220757055277	0.0	0	0.0	2719.3198687730473	1	0	1	2.860662949397745
289138.7268647424	6000.0	1580.593004030351	0.0	0	0.0	2719.3198687730473	1	0	1	2.860662949397745
289955.7934486564	6000.0	1763.5264201163575	0.0	0	0.0	2719.3198687731056	1	0	1	2.860662949397737
290376.74408121867	3000.0	2342.575787554117	0.0	0	0.0	2719.3198687731638	1	0	1	1.474368588277839
291200.0	3000.0	2519.3198687727627	0.0	0	279.57203247596044	2719.319868773222	1	0	1	2.167515768837776
292200.0	3000.0	2519.319868772808	0.0	0	652.4818681318429	2719.319868773222	1	0	1	2.167515768837776
293200.0	3000.0	2519.319868772766	0.0	0	681.5025152580929	2719.319868773222	1	0	1	2.167515768837776
294200.0	6000.0	2519.3198687727386	0.0	0	412.99129749753047	2719.3198687731638	1	0	1	2.1675157688377835
295200.0	6000.0	2519.3198687726926	0.0	0	106.47281954722712	2719.3198687731638	1	0	1	2.860662949397729
296303.0658598834	6000.0	2416.254008889263	0.0	0	0.0	2719.3198687731638	1	0	1	2.860662949397729
297717.27021123917	6000.0	2002.0496575334757	0.0	0	0.0	2719.3198687731638	1	0	1	2.860662949397729
298531.86043806246	6000.0	2187.459430710169	0.0	0	0.0	2719.3198687731056	1	0	1	2.860662949397737
299200.0	6000.0	2519.3198687726326	0.0	0	109.46730385860428	2719.3198687731056	1	0	1	2.860662949397737
300200.0	6000.0	2519.319868772687	0.0	0	539.8714426719816	2719.3198687731056	1	0	1	2.860662949397737
6.97	9.93	6.07	2.69	4.59	8.5	12.6	10.5	6.92	7.97	10.3	8.79	5.82	7.44	8.21	7.92	7.8	6.23	7.0	3.87	5.79	8.05	4.41	6.23	6.43	5.28	4.93	7.95	6.96	5.84	5.77	7.3	5.75	7.58	8.86	7.15	6.14	6.77	7.71	5.64	6.07	6.73	7.47	5.83	5.94	7.55	4.59	5.86	11.1	9.34	9.09	6.97	6.87	5.18	8.34	8.18	7.37	6.23	5.18	9.37	10.6	6.44	3.96	4.15	6.44	7.53	5.07	5.69	5.76	10.0	8.63	9.23	6.46	6.6	7.19	7.0	7.48	8.69	6.5	8.75	7.55	9.05	4.34	3.78	6.51	5.9	6.24	5.55	5.77	5.9	12.0	12.1	5.55	7.24	7.31	6.21	5.64	9.52	8.64	5.43	5.2	6.19	5.15	5.26	6.87	5.85	2.88	3.57	6.54	7.66	10.7	13.3	8.12	6.85	4.83	5.88	7.95	5.13	8.32	8.99	11.0	5.35	6.48	3.94	6.3	7.29	8.77	6.27	3.81	4.26	5.37	6.26	6.67	8.8	4.81	4.78	5.17	7.89	8.46	5.34	6.67	9.82	9.81	6.66	7.01	6.14	6.16	11.3	7.71	6.5	5.04	4.59	5.36	5.71	6.49	8.61	4.85	6.07	6.31	3.95	6.05	4.55	4.76	11.0	11.1	9.3	5.94	6.6	10.4	6.16	5.95	7.66	6.87	7.22	4.18	8.98	7.01	5.55	5.48	5.97	3.43	5.07	5.13	7.15	7.25	7.41	5.31	10.0	10.3	13.9	7.89	8.32	6.54	4.55	4.9	9.96	9.2	5.41	5.1	6.26	12.3	7.78	9.61	11.3	8.03	9.53	8.84	7.89	7.01	4.67	7.1	7.24	9.35	7.11	10.2	9.9	8.47	6.73	7.18	8.6	8.12	6.82	9.82	6.96	4.16	4.75	7.21	5.2	4.43	5.17	6.59	7.11	4.59	6.73	6.97	5.31	5.24	5.62	4.87	6.44	6.86	8.86	3.75	2.26	5.54	5.35	6.63	9.28	4.95	6.78	8.39	7.15	7.41	8.85	9.33	8.65	5.76	4.59	7.81	8.84	10.4	5.2	9.2	8.54	7.91	7.56	7.88	8.27	9.87	5.57	10.7	11.5	6.28	5.79	10.6	7.0	4.65	7.55	6.56	8.27	5.93	4.05	4.1	5.93	6.14	6.24	7.0	12.4	8.26	7.52	6.46	4.98	4.58	8.41	11.6	10.3	12.4	6.77
1.0	2.0	3.0	4.0	5.0	6.0	7.0	8.0	9.0	10.0	11.0	12.0	13.0	14.0	15.0	16.0	17.0	18.0	19.0	20.0	21.0	22.0	23.0	24.0	25.0	26.0	27.0	28.0	29.0	30.0	31.0	32.0	33.0	34.0	35.0	36.0	37.0	38.0	39.0	40.0	41.0	42.0	43.0	44.0	45.0	46.0	47.0	48.0	49.0	50.0	51.0	52.0	53.0	54.0	55.0	56.0	57.0	58.0	59.0	60.0	61.0	62.0	63.0	64.0	65.0	66.0	67.0	68.0	69.0	70.0	71.0	72.0	73.0	74.0	75.0	76.0	77.0	78.0	79.0	80.0	81.0	82.0	83.0	84.0	85.0	86.0	87.0	88.0	89.0	90.0	91.0	92.0	93.0	94.0	95.0	96.0	97.0	98.0	99.0	100.0	101.0	102.0	103.0	104.0	105.0	106.0	107.0	108.0	109.0	110.0	111.0	112.0	113.0	114.0	115.0	116.0	117.0	118.0	119.0	120.0	121.0	122.0	123.0	124.0	125.0	126.0	127.0	128.0	129.0	130.0	131.0	132.0	133.0	134.0	135.0	136.0	137.0	138.0	139.0	140.0	141.0	142.0	143.0	144.0	145.0	146.0	147.0	148.0	149.0	150.0	151.0	152.0	153.0	154.0	155.0	156.0	157.0	158.0	159.0	160.0	161.0	162.0	163.0	164.0	165.0	166.0	167.0	168.0	169.0	170.0	171.0	172.0	173.0	174.0	175.0	176.0	177.0	178.0	179.0	180.0	181.0	182.0	183.0	184.0	185.0	186.0	187.0	188.0	189.0	190.0	191.0	192.0	193.0	194.0	195.0	196.0	197.0	198.0	199.0	200.0	201.0	202.0	203.0	204.0	205.0	206.0	207.0	208.0	209.0	210.0	211.0	212.0	213.0	214.0	215.0	216.0	217.0	218.0	219.0	220.0	221.0	222.0	223.0	224.0	225.0	226.0	227.0	228.0	229.0	230.0	231.0	232.0	233.0	234.0	235.0	236.0	237.0	238.0	239.0	240.0	241.0	242.0	243.0	244.0	245.0	246.0	247.0	248.0	249.0	250.0	251.0	252.0	253.0	254.0	255.0	256.0	257.0	258.0	259.0	260.0	261.0	262.0	263.0	264.0	265.0	266.0	267.0	268.0	269.0	270.0	271.0	272.0	273.0	274.0	275.0	276.0	277.0	278.0	279.0	280.0	281.0	282.0	283.0	284.0	285.0	286.0	287.0	288.0	289.0	290.0	291.0	292.0	293.0	294.0	295.0	296.0	297.0	298.0
4926.983760223187
