5030.8234561416875	300.0	2000.0	85.9829372569634	0	0.0	5030.8234561416875	1	0	1	-1.5956551182406558
5108.119532200687	300.0	2914.974316335101	0.0	0	0.0	5023.093848535787	1	0	2	-1.292817039168347
5183.078834834718	300.0	3832.5190834376676	0.0	0	0.0	5015.597918272385	1	0	2	-1.0864481035929603
5290.578243591479	500.0	4714.26973380523	0.0	0	0.0	5004.847977396708	1	0	2	-1.082019518230564
6200.0	500.0	4713.905801755856	0.0	0	798.7386577372763	4913.905801755856	1	0	2	-0.6102771145203932
7200.0	500.0	4613.9058017558555	0.0	0	898.8633993198309	4813.905801755856	1	0	2	-0.544248301035394
8200.0	500.0	4513.905801755856	0.0	0	888.4064091623341	4713.905801755856	1	0	2	-0.4729453640059843
9200.0	1000.0	4413.905801755857	0.0	0	842.8976806722785	4613.905801755857	1	0	2	-0.40547638698434224
10200.0	2000.0	4313.905801755859	0.0	0	699.8875806134547	4513.905801755859	1	0	2	0.35129696750067074
11344.069905839724	6000.0	4055.428905332161	0.0	0	0.0	4399.498811171884	1	0	2	1.1043577522547963
12200.0	6000.0	4113.905801755858	0.0	0	98.93949166524544	4313.905801755856	1	0	2	2.2807561955012856
13200.0	6000.0	4013.9058017558577	0.0	0	255.59123900274972	4213.905801755856	1	0	2	2.3134268280313766
14200.0	6000.0	3913.905801755858	0.0	0	234.78852137783906	4113.905801755856	1	0	2	2.3626255371017715
15200.0	6000.0	3813.9058017558577	0.0	0	554.1176401359498	4013.9058017558546	1	0	2	2.405900455396894
16200.0	6000.0	3713.9058017558596	0.0	0	410.2592613266588	3913.9058017558527	1	0	2	2.4484117188964607
17200.0	6000.0	3613.9058017558586	0.0	0	264.90122122403045	3813.9058017558527	1	0	2	2.488291295390011
18221.57143903497	6000.0	3490.1772188173854	0.0	0	227.2514508143795	3711.7486578523512	1	0	2	2.5217286081401995
19519.812022859747	6000.0	3062.1125766101327	0.0	0	0.0	3581.924599469874	1	0	2	2.53913320778445
20618.222584102692	6000.0	2853.8609592428966	0.0	0	0.0	3472.0835433455795	1	0	2	2.5930348559289715
21596.952466213705	6000.0	2777.2580889207798	0.0	0	0.0	3374.2105551344757	1	0	2	2.6312356159775048
22368.437995986675	6000.0	2928.6240061705143	0.0	0	0.0	3297.0620021571813	1	0	2	2.6731017336429983
23397.517019242627	6000.0	2796.637080588968	0.0	0	0.0	3194.154099831583	1	0	2	2.6690240481352223
24264.42857031013	6000.0	2843.034374414716	0.0	0	0.0	3107.462944724837	1	0	2	2.7022318728785013
25357.554009252664	6000.0	2640.5963915779253	0.0	0	0.0	2998.1504008305783	1	0	2	2.703175702595262
26200.0	6000.0	2713.9058017558555	0.0	0	1.2365915644149936	2913.9058017558455	1	0	2	2.74321705442122
27443.886497623953	6000.0	2345.6306543695105	0.0	0	0.0	2789.517151993452	1	0	2	2.719539079536742
28904.90104569105	6000.0	1738.514651495706	0.0	0	0.0	2643.4156971867415	1	0	2	2.7198108752654346
29526.464236491956	3000.0	2054.7951416147116	0.0	0	0.0	2581.2593781066535	1	0	2	1.4283993637761074
30200.0	3000.0	2313.9058017558646	0.0	0	76.08450267184162	2513.905801755842	1	0	2	2.123640031402826
31200.0	3000.0	2213.905801755865	0.0	0	169.29794117388155	2413.905801755838	1	0	2	2.101260092979308
32200.0	3000.0	2113.9058017558664	0.0	0	254.64845010117278	2313.905801755838	1	0	2	2.1111253747770653
33200.0	3000.0	2013.9058017558636	0.0	0	399.1489818601549	2213.905801755838	1	0	2	2.1203384084419516
34200.0	3000.0	1913.9058017558568	0.0	0	374.044921085253	2113.9058017558273	1	0	2	2.129032789423332
35200.0	3000.0	1813.9058017558534	0.0	0	439.7202094680324	2013.90580175582	1	0	2	2.1366769688775724
36200.0	3000.0	1713.9058017558416	0.0	0	396.37456451440084	1913.9058017558127	1	0	2	2.143852462213166
37200.0	3000.0	1613.9058017558355	0.0	0	393.71784932521405	1813.9058017558127	1	0	2	2.1502751276596603
38200.0	3000.0	1513.9058017558323	0.0	0	719.1656685201524	1713.9058017558127	1	0	2	2.1559823939191856
39200.0	3000.0	1413.9058017558418	0.0	0	590.295410456929	1613.9058017558273	1	0	2	2.1613026487529603
40200.0	3000.0	1313.9058017558366	0.0	0	573.6607977765743	1513.90580175582	1	0	2	2.166115062367859
41200.0	3000.0	1213.9058017558384	0.0	0	529.1211004764846	1413.9058017558345	1	0	2	2.170517264909425
42200.0	6000.0	1113.9058017558411	0.0	0	272.9462258485437	1313.905801755849	1	0	2	2.174552713449122
43200.0	6000.0	1013.9058017558345	0.0	0	303.9445575842692	1213.905801755849	1	0	2	2.8713174988002073
44200.0	6000.0	913.9058017558359	0.0	0	427.1103002974196	1113.905801755849	1	0	2	2.8744682529947476
45200.0	6000.0	813.9058017558415	0.0	0	367.943882861342	1013.9058017558491	1	0	2	2.877447882365021
46302.571789603324	6000.0	601.0768331921862	0.0	0	0.0	903.6486227955247	1	0	2	2.8701089213949036
47805.28791460514	6000.0	200.0	229.00991300892713	0	0.0	1005.2879146051419	1	0	2	1.4769150312276507
49072.105035353314	6000.0	411.476155675227	549.9772622711142	0	0.0	1483.5811910285338	1	0	2	-0.41022094896656636
50093.02435581691	6000.0	375.0918213819066	78.75174383330187	0	0.0	1468.1161771988045	1	0	2	2.3950619604538828
51217.276380047035	6000.0	371.5065677085147	211.90179361794668	0	0.0	1588.7829477555351	1	0	2	1.5936723553876961
51600.88400670594	3000.0	949.5381783837213	0.0	0	0.0	1550.4221850896502	1	0	2	1.5343288717429995
52745.68905035703	6000.0	690.2526303675138	0.0	0	0.0	1435.9416807245361	1	0	2	2.1555043162872245
53570.15140257913	6000.0	783.3440429232071	0.0	0	0.0	1353.4954455023253	1	0	2	2.8843367588597273
54815.30187473968	6000.0	413.67852354661136	0.0	0	0.0	1228.9803982862795	1	0	2	2.8464535270268447
55369.342037291244	3000.0	804.234344739903	0.0	0	0.0	1173.5763820311404	1	0	2	1.5316862563974978
56200.0	6000.0	890.5105857602731	0.0	0	124.10490821435815	1090.5105857602684	1	0	2	2.199337243242016
57200.0	6000.0	790.5105857602849	0.0	0	436.3796240945958	990.510585760283	1	0	2	2.8780593312708036
58398.49636086748	6000.0	472.16458880606376	0.0	0	0.0	870.6609496735327	1	0	2	2.861398375523083
59200.0	6000.0	643.2229754678569	47.92035427960411	0	10.34891093281476	843.222975467841	1	0	2	2.619456569129966
60200.0	6000.0	543.2229754678701	0.0	0	212.4487745957449	743.2229754678483	1	0	2	2.8841230548660266
61718.60092947282	6000.0	200.0	297.48913359293044	0	0.0	918.6009294727992	1	0	2	1.075585302094692
62646.94517270948	6000.0	474.4763972469741	268.7773316429983	0	0.0	1121.4215699564302	1	0	2	1.2960767048746975
63658.833206324365	6000.0	436.64219221431426	68.40239267610727	0	0.0	1095.475398538656	1	0	2	2.470670852085747
64664.594561283884	6000.0	410.92337706198185	73.28970482103719	0	0.0	1075.5179383458453	1	0	2	2.4429964860701903
65677.83197889404	6000.0	390.20091335411166	85.30790514846404	0	0.0	1068.0328922481349	1	0	2	2.3715400807553433
66264.42522244203	3000.0	744.9483454513129	0.0	0	0.0	1009.3735678933226	1	0	2	1.5332207736773105
67455.90290294262	6000.0	451.68572326023053	15.784387599588406	0	0.0	907.5886262028362	1	0	2	2.075159814274226
68200.0	3000.0	633.1789164971102	0.0	0	345.8801321575593	833.1789164971124	1	0	2	1.5214704887548147
69200.0	6000.0	533.1789164971233	0.0	0	105.71690099862462	733.1789164970978	1	0	2	2.191358610185439
70200.0	3000.0	433.17891649712385	0.0	0	440.3078525539313	633.1789164970833	1	0	2	1.5000093825656207
71200.0	3000.0	333.17891649712897	0.0	0	497.5877944085805	533.1789164970833	1	0	2	2.1949815894811993
72200.0	6000.0	384.40294577259033	137.47639025042622	0	115.32980736826721	584.4029457725555	1	0	2	1.383094216625564
73200.0	3000.0	284.4029457725808	0.0	0	404.3602889419708	484.40294577255554	1	0	2	1.5026723565110935
74200.0	6000.0	381.7899067963576	179.44269183979864	0	140.67740013767616	581.7899067963299	1	0	2	1.1355638682389648
75200.0	3000.0	281.78990679634376	0.0	0	514.8053736844158	481.7899067963008	1	0	2	1.5027026514634927
76321.88471157095	6000.0	295.1662305414057	224.9540967937443	0	0.0	617.0509421123134	1	0	2	0.8541183527040318
77618.89564639328	6000.0	222.0627824575809	321.4623456552154	0	0.0	840.9584288508631	1	0	2	0.9556133504045186
78684.76354524052	6000.0	404.89055130689263	322.9840523466074	0	0.0	1089.6540965474123	1	0	2	0.9633726149481024
79277.03793204883	3000.0	753.3887258177558	0.0	0	0.0	1030.4266578665702	1	0	2	1.5320977974245966
80200.0	3000.0	738.13045107146	0.0	0	366.1559049974312	938.1304510714399	1	0	2	2.1940703758691793
81200.0	6000.0	638.1304510714631	0.0	0	412.427809779183	838.1304510714544	1	0	2	2.18878594354951
82200.0	3000.0	538.1304510714617	0.0	0	317.33729362499435	738.1304510714399	1	0	2	1.497933724178475
83302.77179411236	6000.0	350.69323987267086	23.28342029528443	0	0.0	653.4650339849904	1	0	2	2.0452700675845517
84371.400934493	6000.0	465.96773635892225	264.33322809540766	0	0.0	837.368670851909	1	0	2	1.3158526390248606
85200.0	3000.0	554.5087643012023	0.0	0	466.6038948501082	754.5087643011939	1	0	2	1.5147007451685415
86200.0	6000.0	454.50876430121093	0.0	0	21.97335727252357	654.5087643012084	1	0	2	2.192914768634548
87498.7650846233	6000.0	306.30238393094896	254.94110246849812	0	0.0	805.0674685542326	1	0	2	1.348829528151443
88273.7836653837	6000.0	658.5890578464407	186.1882843199412	0	0.0	932.3727232301608	1	0	2	1.8041887545039765
89200.0	6000.0	639.7510897685123	0.0	0	214.75252551761514	839.7510897685133	1	0	2	2.8894031230564794
90200.0	6000.0	539.7510897685243	0.0	0	296.70440600089205	739.7510897685424	1	0	2	2.884188274973658
91200.0	6000.0	439.7510897685289	0.0	0	329.631798121467	639.7510897685424	1	0	2	2.8862014383313204
92389.9142723206	6000.0	282.9057807844266	138.23671869869258	0	0.0	672.8200531050534	1	0	2	2.0510502429823267
93384.59652035798	6000.0	357.3238549819433	153.2441336714676	0	0.0	741.9203753399634	1	0	2	1.9806787566690383
94385.51581063855	6000.0	551.2121059355986	268.0904275111537	0	0.0	936.7279165741347	1	0	2	1.2981355768630987
95216.38938857165	6000.0	637.2511702091829	0.0	0	0.0	853.6405587808113	1	0	2	2.8988785661359575
96246.12723809978	6000.0	504.5395357282465	0.0	0	0.0	750.6667738280084	1	0	2	2.8810893641740276
97200.0	6000.0	455.27949763800433	0.0	0	132.09316060652782	655.2794976379664	1	0	2	2.8906550615137085
98200.0	6000.0	466.5839582815966	101.18587331233624	0	60.20006881040172	666.5839582815534	1	0	2	2.2889169660284345
99200.0	6000.0	366.58395828160496	0.0	0	203.78823156718863	566.5839582815825	1	0	2	2.887605241251718
100200.0	6000.0	266.5839582816135	0.0	0	406.43656606582226	466.583958281597	1	0	2	2.88926637162181
101200.0	6000.0	301.98523086364736	123.09206598366379	0	191.3182325309608	501.98523086363275	1	0	2	2.1624753053429533
102200.0	6000.0	346.4373451441338	131.32010389134547	0	131.93395764485467	546.4373451441352	1	0	2	2.1131938695072447
103274.12830930075	6000.0	479.1077197671342	285.6468316852966	0	0.0	753.2360290678771	1	0	2	1.1914598943106938
104202.89670489504	6000.0	492.8578791222574	32.17763137167475	0	0.0	695.754584017297	1	0	2	2.7026637410122616
105200.0	6000.0	396.0442545068142	0.0	0	170.34339052754513	596.0442545068072	1	0	2	2.8873607030364212
106635.18499566075	6000.0	208.88085731776127	355.94554367069173	0	0.0	844.0658529785142	1	0	2	0.7382570729735074
107719.27705140284	6000.0	338.72735475936975	293.04341705265335	0	0.0	1058.004406162203	1	0	2	1.1390282471847542
108224.63426752537	3000.0	782.8344170245975	0.0	0	0.0	1007.4686845499527	1	0	2	1.541464465547116
109200.0	3000.0	807.4686845499804	0.0	0	466.20920145670243	1007.4686845499527	1	0	1	2.0855048394489595
110200.0	3000.0	807.4686845499759	0.0	0	272.8180839350098	1007.4686845499382	1	0	1	2.28550483944896
111200.0	3000.0	807.4686845499591	0.0	0	601.7870745512191	1007.4686845499236	1	0	1	2.2855048394489605
112200.0	3000.0	807.4686845499635	0.0	0	504.1725731902261	1007.4686845499236	1	0	1	2.2855048394489605
113200.0	3000.0	807.4686845499673	0.0	0	530.2728690219665	1007.4686845499236	1	0	1	2.2855048394489605
114200.0	3000.0	807.4686845499651	0.0	0	639.5135374820529	1007.4686845499382	1	0	1	2.28550483944896
115200.0	3000.0	807.4686845499612	0.0	0	409.6698419496097	1007.4686845499382	1	0	1	2.28550483944896
116200.0	3000.0	807.4686845499605	0.0	0	537.0495199204306	1007.4686845499382	1	0	1	2.28550483944896
117200.0	3000.0	807.468684549966	0.0	0	589.6691293377808	1007.4686845499382	1	0	1	2.28550483944896
118200.0	3000.0	807.4686845499808	0.0	0	569.4056800011458	1007.4686845499382	1	0	1	2.28550483944896
119452.55384658444	6000.0	554.914837965553	0.0	0	0.0	1007.4686845499382	1	0	1	2.28550483944896
120200.0	6000.0	807.4686845500019	0.0	0	49.484220794489374	1007.4686845499382	1	0	1	2.978652020008905
121200.0	6000.0	807.4686845500044	0.0	0	121.00806075891887	1007.4686845499382	1	0	1	2.978652020008905
122507.97796467115	6000.0	499.49071987885463	0.0	0	0.0	1007.4686845499382	1	0	1	2.978652020008905
123639.00307128087	6000.0	428.94429607984443	60.47868281069819	0	0.0	1067.9473673606408	1	0	1	2.614110472842893
124550.72825754032	6000.0	574.4248351546421	57.20572533426946	0	0.0	1125.15309269492	1	0	1	2.632074843834176
125761.93149433387	6000.0	363.2215983611022	0.0	0	0.0	1125.15309269492	1	0	1	2.9753091958397926
126297.42791748937	3000.0	827.7251752055968	0.0	0	0.0	1125.15309269492	1	0	1	1.5890148347199031
127200.0	6000.0	925.1530926949679	0.0	0	197.33199452856206	1125.15309269492	1	0	1	2.2821620152798476
128200.0	6000.0	925.1530926949786	0.0	0	478.05495762071223	1125.15309269492	1	0	1	2.9753091958397926
129200.0	6000.0	925.1530926949777	0.0	0	243.44028209749376	1125.15309269492	1	0	1	2.9753091958397926
130200.0	6000.0	925.1530926949763	0.0	0	284.3699888012343	1125.15309269492	1	0	1	2.9753091958397926
131200.0	6000.0	925.1530926949661	0.0	0	373.60632972778694	1125.1530926949054	1	0	1	2.9753091958397926
132200.0	6000.0	925.1530926949588	0.0	0	341.19667861261405	1125.1530926949054	1	0	1	2.9753091958397926
133200.0	6000.0	925.1530926949347	0.0	0	117.09902001716546	1125.1530926949054	1	0	1	2.975309195839793
134200.0	6000.0	925.1530926949214	0.0	0	201.08448204174056	1125.1530926949054	1	0	1	2.975309195839793
135270.83835066942	6000.0	854.3147420254926	0.0	0	0.0	1125.1530926949054	1	0	1	2.975309195839793
136653.56981801894	6000.0	471.5832746759701	0.0	0	0.0	1125.1530926949054	1	0	1	2.975309195839793
137930.2013044889	6000.0	314.4881423017084	119.53635409574014	0	0.0	1244.6894467906386	1	0	1	2.254274871242217
138563.54144563377	6000.0	681.1480011568194	0.0	0	0.0	1244.6894467906386	1	0	1	2.971492995816658
139319.13801859418	6000.0	925.5514281964514	0.0	0	0.0	1244.6894467906386	1	0	1	2.971492995816658
140394.44616179873	6000.0	850.2432849918944	0.0	0	0.0	1244.6894467906677	1	0	1	2.971492995816657
141200.0	6000.0	1044.6894467905909	0.0	0	54.78725572270923	1244.6894467906677	1	0	1	2.971492995816657
142200.0	6000.0	1044.6894467905902	0.0	0	552.7864914878737	1244.6894467906677	1	0	1	2.971492995816657
143200.0	6000.0	1044.6894467905602	0.0	0	539.9125632173964	1244.6894467906677	1	0	1	2.971492995816657
144435.96122408856	6000.0	808.7282227019969	0.0	0	0.0	1244.6894467906677	1	0	1	2.971492995816657
145685.93381731285	6000.0	558.7556294777177	0.0	0	0.0	1244.6894467906677	1	0	1	2.971492995816657
146581.9911349777	6000.0	662.6983118128599	0.0	0	0.0	1244.6894467906968	1	0	1	2.9714929958166563
147663.026503769	6000.0	581.6629430215561	0.0	0	0.0	1244.6894467906968	1	0	1	2.9714929958166563
148614.3255132411	6000.0	630.3639335494446	0.0	0	0.0	1244.6894467906968	1	0	1	2.9714929958166563
149471.05230671493	6000.0	773.6371400756348	0.0	0	0.0	1244.6894467906968	1	0	1	2.9714929958166563
150222.4735775539	6000.0	1022.2158692366846	0.0	0	0.0	1244.6894467906677	1	0	1	2.971492995816657
151200.0	6000.0	1044.689446790555	0.0	0	80.03186661371728	1244.6894467906677	1	0	1	2.971492995816657
152200.0	6000.0	1044.6894467905404	0.0	0	81.39383320644265	1244.6894467906677	1	0	1	2.971492995816657
153200.0	6000.0	1044.689446790539	0.0	0	521.7347796663526	1244.6894467906677	1	0	1	2.971492995816657
154200.0	6000.0	1044.6894467904922	0.0	0	349.1590362941206	1244.6894467906386	1	0	1	2.971492995816658
155512.83206272448	6000.0	731.857384066032	0.0	0	0.0	1244.6894467906677	1	0	1	2.971492995816657
156409.37214376134	6000.0	835.3173030291807	0.0	0	0.0	1244.6894467906677	1	0	1	2.971492995816657
157479.0405276483	6000.0	765.6489191422628	0.0	0	0.0	1244.6894467906677	1	0	1	2.971492995816657
158486.66422142935	6000.0	758.0252253611965	0.0	0	0.0	1244.6894467906677	1	0	1	2.971492995816657
159444.66500498	6000.0	800.0244418105706	0.0	0	0.0	1244.6894467906677	1	0	1	2.971492995816657
160594.88712050676	6000.0	649.8023262838287	0.0	0	0.0	1244.6894467906677	1	0	1	2.971492995816657
161541.04971014257	6000.0	703.6397366480105	0.0	0	0.0	1244.6894467906386	1	0	1	2.971492995816658
162339.22747573114	6000.0	905.4619710594234	0.0	0	0.0	1244.6894467906677	1	0	1	2.971492995816657
163274.6047553425	6000.0	970.0846914480712	0.0	0	0.0	1244.6894467906677	1	0	1	2.971492995816657
164200.0	6000.0	1044.689446790531	0.0	0	133.16292236105073	1244.6894467906386	1	0	1	2.971492995816658
165200.0	6000.0	1044.6894467905458	0.0	0	370.0959876193956	1244.6894467906386	1	0	1	2.971492995816658
166200.0	6000.0	1044.6894467905202	0.0	0	202.31828608294018	1244.6894467906386	1	0	1	2.971492995816658
167299.55059769793	6000.0	945.1388490925904	0.0	0	0.0	1244.6894467906386	1	0	1	2.971492995816658
168540.3916529568	6000.0	704.2977938336772	0.0	0	0.0	1244.6894467906386	1	0	1	2.971492995816658
170151.1609516792	6000.0	289.32131397800856	195.7928188667371	0	0.0	1440.4822656573378	1	0	1	1.7910128823581943
171307.24316356186	6000.0	433.46525245573406	300.2261503603978	0	0.0	1740.7084160177328	1	0	1	1.1485243783177386
172631.0599527896	6000.0	218.4321205646077	108.7836573366015	0	0.0	1849.4920733543404	1	0	1	2.2908728304385884
173918.79581690437	6000.0	342.9637427557419	412.26748630595426	0	0.0	2261.7595596601604	1	0	1	0.4390464432678157
174611.8227483797	6000.0	649.9368112803711	0.0	0	0.0	2261.7595596601313	1	0	1	2.9126513611035443
175162.4095477088	6000.0	1099.3500119512364	0.0	0	0.0	2261.7595596601313	1	0	1	2.9126513611035443
175786.9174808667	6000.0	1474.8420787933592	0.0	0	0.0	2261.7595596601022	1	0	1	2.912651361103547
176935.52410679558	6000.0	1326.2354528644555	0.0	0	0.0	2261.759559660073	1	0	1	2.91265136110355
177603.2508947616	6000.0	1658.5086648984493	0.0	0	0.0	2261.759559660073	1	0	1	2.91265136110355
178612.60568126457	6000.0	1649.1538783954625	0.0	0	0.0	2261.759559660073	1	0	1	2.91265136110355
179493.463869118	6000.0	1768.2956905420372	0.0	0	0.0	2261.759559660073	1	0	1	2.91265136110355
180554.99750352665	6000.0	1706.7620561333838	0.0	0	0.0	2261.759559660073	1	0	1	2.91265136110355
181262.9914936762	6000.0	1998.7680659838334	0.0	0	0.0	2261.759559660073	1	0	1	2.91265136110355
182600.01769324075	6000.0	1661.741866419295	0.0	0	0.0	2261.7595596601022	1	0	1	2.912651361103547
183388.60441809235	6000.0	1873.155141567724	0.0	0	0.0	2261.7595596601022	1	0	1	2.912651361103547
184200.0	6000.0	2061.7595596601122	0.0	0	47.6623239722976	2261.7595596601022	1	0	1	2.912651361103547
185872.06759495512	6000.0	1389.6919647049629	0.0	0	0.0	2261.7595596601022	1	0	1	2.912651361103547
186816.81915959172	6000.0	1444.9404000683846	0.0	0	0.0	2261.7595596601022	1	0	1	2.912651361103547
187438.66457969038	6000.0	1823.094979969726	0.0	0	0.0	2261.7595596601022	1	0	1	2.912651361103547
188200.0	6000.0	2061.7595596600904	0.0	0	93.76493971870514	2261.7595596601022	1	0	1	2.912651361103547
189200.0	6000.0	2061.759559660083	0.0	0	125.48813995532691	2261.7595596601022	1	0	1	2.912651361103547
190200.0	6000.0	2061.7595596601095	0.0	0	192.0547007592686	2261.7595596601022	1	0	1	2.912651361103547
191328.30660079236	6000.0	1933.4529588677551	0.0	0	0.0	2261.7595596601313	1	0	1	2.9126513611035443
192508.48825583878	6000.0	1753.2713038213558	0.0	0	0.0	2261.7595596601022	1	0	1	2.912651361103547
193687.70738979598	6000.0	1574.0521698641357	0.0	0	0.0	2261.7595596601022	1	0	1	2.912651361103547
195181.26714391087	6000.0	1080.4924157492483	0.0	0	0.0	2261.7595596601022	1	0	1	2.912651361103547
196189.65628620787	6000.0	1072.1032734522141	0.0	0	0.0	2261.7595596601022	1	0	1	2.912651361103547
197035.8671173423	6000.0	1225.8924423178023	0.0	0	0.0	2261.7595596601022	1	0	1	2.912651361103547
198030.85701921696	6000.0	1230.9025404431281	0.0	0	0.0	2261.7595596601022	1	0	1	2.912651361103547
198754.5993220079	6000.0	1507.1602376521973	0.0	0	0.0	2261.7595596601022	1	0	1	2.912651361103547
199565.0938734861	6000.0	1696.6656861740025	0.0	0	0.0	2261.7595596601022	1	0	1	2.912651361103547
200241.73952274586	6000.0	2020.0200369142322	0.0	0	0.0	2261.7595596601022	1	0	1	2.912651361103547
201200.0	6000.0	2061.7595596601213	0.0	0	404.5991503651894	2261.7595596601022	1	0	1	2.912651361103547
202200.0	6000.0	2061.759559660125	0.0	0	242.88438926413073	2261.7595596601022	1	0	1	2.912651361103547
203597.88327611928	6000.0	1663.8762835408709	0.0	0	0.0	2261.7595596601313	1	0	1	2.9126513611035443
204664.9976989789	6000.0	1596.7618606812678	0.0	0	0.0	2261.7595596601313	1	0	1	2.9126513611035443
205666.7369221019	6000.0	1595.0226375582895	0.0	0	0.0	2261.7595596601313	1	0	1	2.9126513611035443
206627.8409588149	6000.0	1633.9186008452891	0.0	0	0.0	2261.7595596601313	1	0	1	2.9126513611035443
207749.06565604344	6000.0	1512.6939036167055	0.0	0	0.0	2261.7595596601313	1	0	1	2.9126513611035443
209101.23395346807	6000.0	1160.5256061920354	0.0	0	0.0	2261.7595596601313	1	0	1	2.9126513611035443
210513.47751378396	6000.0	748.2820458761518	0.0	0	0.0	2261.7595596601313	1	0	1	2.9126513611035443
212119.61941880855	6000.0	310.91014766276476	168.770006811205	0	0.0	2430.5295664713485	1	0	1	1.8861928447291962
212637.78075096864	3000.0	792.748815502679	0.0	0	0.0	2430.5295664713485	1	0	1	1.5097327273729293
213042.8034836686	3000.0	1387.7260828027167	0.0	0	0.0	2430.5295664713485	1	0	1	2.202879907932874
213598.06174657613	3000.0	1832.4678198952126	0.0	0	0.0	2430.5295664713776	1	0	1	2.2028799079328714
214507.84573789226	6000.0	1922.683828579094	0.0	0	0.0	2430.5295664713776	1	0	1	2.202879907932871
215200.0	6000.0	2230.5295664713594	0.0	0	160.3055680511461	2430.5295664713776	1	0	1	2.896027088492816
216200.0	6000.0	2230.529566471391	0.0	0	366.55987595478655	2430.5295664713776	1	0	1	2.896027088492816
217200.0	6000.0	2230.529566471402	0.0	0	335.1178630187933	2430.5295664713776	1	0	1	2.896027088492816
218200.0	6000.0	2230.5295664714217	0.0	0	100.49159534429782	2430.5295664714067	1	0	1	2.896027088492813
219200.0	6000.0	2230.529566471461	0.0	0	174.9092063587741	2430.5295664714067	1	0	1	2.896027088492813
220200.0	6000.0	2230.52956647146	0.0	0	223.02838167973096	2430.5295664713776	1	0	1	2.896027088492816
221215.71187736385	6000.0	2214.8176891076064	0.0	0	0.0	2430.5295664713776	1	0	1	2.896027088492816
222401.71623770235	6000.0	2028.8133287690985	0.0	0	0.0	2430.5295664713776	1	0	1	2.896027088492816
223443.1679282667	6000.0	1987.3616382047353	0.0	0	0.0	2430.5295664713485	1	0	1	2.896027088492819
224481.59305274248	6000.0	1948.9365137289271	0.0	0	0.0	2430.5295664713485	1	0	1	2.896027088492819
225813.7064678431	6000.0	1616.8230986283427	0.0	0	0.0	2430.5295664713485	1	0	1	2.896027088492819
226804.33315719583	6000.0	1626.1964092755866	0.0	0	0.0	2430.5295664713485	1	0	1	2.896027088492819
227396.1400808542	3000.0	2034.3894856171887	0.0	0	0.0	2430.5295664713485	1	0	1	1.5097327273729293
228200.0	3000.0	2230.5295664714013	0.0	0	227.0219554058276	2430.5295664713485	1	0	1	2.202879907932874
229200.0	3000.0	2230.5295664714004	0.0	0	409.9560176465602	2430.5295664713485	1	0	1	2.202879907932874
230200.0	3000.0	2230.5295664714204	0.0	0	692.7114219988871	2430.5295664713776	1	0	1	2.2028799079328714
231200.0	3000.0	2230.529566471424	0.0	0	673.920814090292	2430.5295664713485	1	0	1	2.202879907932874
232200.0	3000.0	2230.5295664714363	0.0	0	677.5354264226917	2430.5295664713485	1	0	1	2.202879907932874
233200.0	6000.0	2230.5295664714477	0.0	0	457.7005591916968	2430.5295664713194	1	0	1	2.2028799079328776
234200.0	6000.0	2230.529566471464	0.0	0	116.7077526654175	2430.5295664713485	1	0	1	2.896027088492819
235200.0	6000.0	2230.5295664714563	0.0	0	61.17969827505294	2430.5295664713485	1	0	1	2.896027088492819
236200.0	6000.0	2230.529566471452	0.0	0	265.2196949709032	2430.5295664713485	1	0	1	2.896027088492819
237200.0	6000.0	2230.5295664714276	0.0	0	272.88433155446546	2430.5295664713194	1	0	1	2.8960270884928225
238200.0	6000.0	2230.5295664714	0.0	0	282.996906547487	2430.5295664713194	1	0	1	2.8960270884928225
239200.0	6000.0	2230.529566471396	0.0	0	134.13691122003365	2430.5295664713194	1	0	1	2.8960270884928225
240200.0	6000.0	2230.5295664713753	0.0	0	219.3793672263273	2430.5295664713194	1	0	1	2.8960270884928225
241283.9617587376	6000.0	2146.567807733787	0.0	0	0.0	2430.5295664713194	1	0	1	2.8960270884928225
242362.20965798214	6000.0	2068.319908489285	0.0	0	0.0	2430.5295664713194	1	0	1	2.8960270884928225
243491.59690155307	6000.0	1938.9326649183593	0.0	0	0.0	2430.5295664713194	1	0	1	2.8960270884928225
244553.06491147302	6000.0	1877.4646549983988	0.0	0	0.0	2430.5295664713194	1	0	1	2.8960270884928225
245641.0542174475	6000.0	1789.4753490239325	0.0	0	0.0	2430.5295664713194	1	0	1	2.8960270884928225
246630.96246846856	6000.0	1799.5670980028788	0.0	0	0.0	2430.5295664713194	1	0	1	2.8960270884928225
247470.21277642826	6000.0	1960.316790043184	0.0	0	0.0	2430.5295664713485	1	0	1	2.896027088492819
248200.0	6000.0	2230.529566471449	0.0	0	60.861589213775005	2430.5295664713485	1	0	1	2.896027088492819
249200.0	6000.0	2230.5295664714117	0.0	0	231.93874424163369	2430.5295664713485	1	0	1	2.896027088492819
250200.0	6000.0	2230.529566471435	0.0	0	400.32418607373256	2430.5295664713194	1	0	1	2.8960270884928225
251200.0	6000.0	2230.529566471427	0.0	0	40.21049346693326	2430.5295664713194	1	0	1	2.8960270884928225
252229.70468211826	6000.0	2200.8248843531837	0.0	0	0.0	2430.5295664713194	1	0	1	2.8960270884928225
253200.0	6000.0	2230.5295664714195	0.0	0	257.3814523637411	2430.5295664713194	1	0	1	2.8960270884928225
254200.0	6000.0	2230.5295664713976	0.0	0	326.26333458640147	2430.5295664713194	1	0	1	2.8960270884928225
255565.42090910213	6000.0	1865.108657369254	0.0	0	0.0	2430.5295664713194	1	0	1	2.8960270884928225
256342.23686743877	6000.0	2088.292699032657	0.0	0	0.0	2430.5295664713194	1	0	1	2.8960270884928225
257612.59503169163	6000.0	1817.9345347798026	0.0	0	0.0	2430.5295664713194	1	0	1	2.8960270884928225
258580.87118122345	6000.0	1849.658385247941	0.0	0	0.0	2430.5295664713194	1	0	1	2.8960270884928225
259228.48484266287	6000.0	2202.04472380852	0.0	0	0.0	2430.5295664713194	1	0	1	2.8960270884928225
260200.0	6000.0	2230.5295664713667	0.0	0	113.63308106528712	2430.5295664713194	1	0	1	2.8960270884928225
261200.0	6000.0	2230.5295664713412	0.0	0	92.91093152240501	2430.5295664713194	1	0	1	2.8960270884928225
262200.0	6000.0	2230.5295664713135	0.0	0	190.23993454145966	2430.5295664713194	1	0	1	2.8960270884928225
263200.0	6000.0	2230.5295664712826	0.0	0	53.523771930485964	2430.529566471261	1	0	1	2.8960270884928265
264200.0	6000.0	2230.5295664712644	0.0	0	421.0729900462902	2430.529566471232	1	0	1	2.8960270884928296
265200.0	6000.0	2230.529566471301	0.0	0	45.30747573287226	2430.529566471232	1	0	1	2.8960270884928314
266200.0	6000.0	2230.5295664712717	0.0	0	457.1198645841796	2430.529566471232	1	0	1	2.8960270884928314
267300.2907605211	6000.0	2130.2388059502346	0.0	0	0.0	2430.529566471232	1	0	1	2.8960270884928314
268261.0083031409	6000.0	2169.521263330442	0.0	0	0.0	2430.529566471232	1	0	1	2.8960270884928314
269333.3892015814	6000.0	2097.1403648898718	0.0	0	0.0	2430.529566471232	1	0	1	2.8960270884928314
270200.0	6000.0	2230.5295664712785	0.0	0	161.23089499684284	2430.529566471232	1	0	1	2.8960270884928314
271200.0	6000.0	2230.5295664712294	0.0	0	264.62653274153126	2430.529566471232	1	0	1	2.8960270884928314
272200.0	6000.0	2230.529566471242	0.0	0	387.4877852437203	2430.529566471232	1	0	1	2.8960270884928314
273200.0	6000.0	2230.529566471232	0.0	0	263.0427114806953	2430.529566471232	1	0	1	2.8960270884928314
274363.04676233785	6000.0	2067.4828041334013	0.0	0	0.0	2430.529566471232	1	0	1	2.8960270884928314
275200.0	6000.0	2230.5295664712567	0.0	0	134.44244446913945	2430.529566471232	1	0	1	2.8960270884928314
276200.0	6000.0	2230.529566471243	0.0	0	144.68199759541312	2430.529566471232	1	0	1	2.8960270884928314
277200.0	6000.0	2230.529566471173	0.0	0	185.23309253284242	2430.529566471232	1	0	1	2.8960270884928314
278278.5854557543	6000.0	2151.9441107168514	0.0	0	0.0	2430.529566471174	1	0	1	2.896027088492838
279200.0	6000.0	2230.529566471155	0.0	0	242.37304367369507	2430.5295664711157	1	0	1	2.8960270884928443
280200.0	6000.0	2230.529566471178	0.0	0	461.56744831899414	2430.5295664711157	1	0	1	2.8960270884928443
281227.28932248254	6000.0	2203.240243988633	0.0	0	43.5131393900956	2430.5295664711157	1	0	1	2.8960270884928443
282867.64654005057	6000.0	1562.8830264205958	0.0	0	0.0	2430.5295664710575	1	0	1	2.89602708849285
283791.37148601614	6000.0	1639.1580804549546	0.0	0	0.0	2430.5295664710575	1	0	1	2.89602708849285
284637.41894112347	6000.0	1793.110625347697	0.0	0	0.0	2430.5295664710575	1	0	1	2.89602708849285
285389.77788212255	6000.0	2040.7516843486742	0.0	0	0.0	2430.5295664710575	1	0	1	2.89602708849285
286200.0	6000.0	2230.5295664712357	0.0	0	82.62623713124776	2430.5295664710575	1	0	1	2.89602708849285
287200.0	6000.0	2230.5295664711834	0.0	0	348.2033915114007	2430.5295664710575	1	0	1	2.89602708849285
288200.0	6000.0	2230.5295664712553	0.0	0	168.81536292470992	2430.5295664711157	1	0	1	2.8960270884928443
289200.0	6000.0	2230.5295664712644	0.0	0	103.58591670164606	2430.5295664710575	1	0	1	2.89602708849285
290200.0	6000.0	2230.5295664713476	0.0	0	244.18116711539915	2430.5295664710575	1	0	1	2.89602708849285
291200.0	6000.0	2230.5295664713203	0.0	0	143.81678722059587	2430.5295664710575	1	0	1	2.89602708849285
292200.0	6000.0	2230.5295664713776	0.0	0	130.98475266364403	2430.5295664709993	1	0	1	2.8960270884928563
293330.353789227	6000.0	2100.1757772443734	0.0	0	0.0	2430.5295664709993	1	0	1	2.8960270884928563
295022.6198149083	6000.0	1407.9097515630888	0.0	0	0.0	2430.5295664709993	1	0	1	2.8960270884928563
295892.2736156846	6000.0	1538.2559507868039	0.0	0	0.0	2430.5295664709993	1	0	1	2.8960270884928563
296696.67023317347	6000.0	1733.8593332978794	0.0	0	0.0	2430.5295664709993	1	0	1	2.8960270884928563
297352.0523924268	6000.0	2078.477174044484	0.0	0	0.0	2430.5295664709993	1	0	1	2.8960270884928563
298323.8318133736	6000.0	2106.697753097697	0.0	0	0.0	2430.5295664709993	1	0	1	2.8960270884928563
299200.0	6000.0	2230.529566471404	0.0	0	34.509266686218325	2430.5295664709993	1	0	1	2.8960270884928563
300200.0	6000.0	2230.5295664714085	0.0	0	12.975960888259578	2430.5295664709993	1	0	1	2.8960270884928563
8.63	8.44	8.29	9.46	8.4	6.24	6.9	6.35	7.89	10.4	9.79	9.09	10.0	3.58	4.61	7.3	6.75	8.09	7.16	3.05	6.65	7.05	3.35	3.22	6.07	4.63	5.47	5.2	4.8	7.68	5.83	4.9	11.1	9.0	7.52	5.26	8.35	7.97	11.4	9.77	8.48	4.62	5.14	4.32	7.17	6.05	7.3	5.99	6.16	6.6	7.89	10.0	6.63	5.83	8.86	5.78	4.12	5.94	6.6	7.07	7.62	5.51	7.83	5.12	6.51	6.54	7.12	6.46	4.84	8.4	8.49	5.35	5.1	7.41	6.28	9.15	5.58	6.09	5.1	7.83	7.01	5.15	5.2	9.53	8.47	6.86	7.33	7.0	5.63	8.65	8.95	5.72	5.7	7.27	8.22	9.78	7.17	4.15	6.64	6.92	5.8	5.36	5.07	4.74	3.96	8.49	4.95	8.29	6.7	6.23	9.11	8.47	6.86	3.32	6.82	9.0	4.76	6.27	5.47	5.92	5.55	6.89	9.67	7.01	8.98	11.6	8.47	6.5	8.34	7.07	4.81	5.95	4.63	7.39	5.75	8.94	12.6	10.6	6.87	6.35	5.33	8.44	7.22	7.02	8.32	7.83	7.18	10.7	9.55	4.78	5.36	5.28	6.05	8.17	4.98	6.22	7.58	7.69	9.44	9.04	11.0	7.19	4.91	6.24	3.39	6.04	6.86	4.6	6.45	10.6	8.09	6.93	7.91	7.56	6.02	5.76	7.74	5.07	7.71	6.6	3.53	6.7	8.0	10.3	7.37	5.72	4.76	7.39	6.22	4.74	5.54	5.28	8.84	7.09	7.89	9.5	7.66	6.96	4.87	6.36	7.68	7.47	7.41	4.6	5.33	4.9	3.73	6.97	7.09	7.89	11.8	8.76	7.61	6.51	6.93	6.93	6.08	5.6	4.98	4.92	5.35	4.54	6.41	6.82	9.67	12.8	13.4	9.2	8.41	7.8	5.84	10.7	9.15	8.5	9.17	5.27	6.0	6.06	7.61	6.95	7.53	8.54	10.6	8.78	9.41	4.69	5.9	11.6	8.18	5.04	6.02	6.17	6.37	7.14	10.3	7.25	5.9	7.71	9.23	6.89	10.1	6.21	5.46	6.51	6.75	8.36	11.3	7.52	6.54	7.24	8.29	6.95	5.54	8.0	8.88	9.51	4.47	5.29	6.2	8.36	8.79	9.02	7.44	8.85	8.05	6.79	7.22	5.27	6.19	3.72	5.64	8.68	8.66	8.2	6.54	8.13	5.32	4.52
1.0	2.0	3.0	4.0	5.0	6.0	7.0	8.0	9.0	10.0	11.0	12.0	13.0	14.0	15.0	16.0	17.0	18.0	19.0	20.0	21.0	22.0	23.0	24.0	25.0	26.0	27.0	28.0	29.0	30.0	31.0	32.0	33.0	34.0	35.0	36.0	37.0	38.0	39.0	40.0	41.0	42.0	43.0	44.0	45.0	46.0	47.0	48.0	49.0	50.0	51.0	52.0	53.0	54.0	55.0	56.0	57.0	58.0	59.0	60.0	61.0	62.0	63.0	64.0	65.0	66.0	67.0	68.0	69.0	70.0	71.0	72.0	73.0	74.0	75.0	76.0	77.0	78.0	79.0	80.0	81.0	82.0	83.0	84.0	85.0	86.0	87.0	88.0	89.0	90.0	91.0	92.0	93.0	94.0	95.0	96.0	97.0	98.0	99.0	100.0	101.0	102.0	103.0	104.0	105.0	106.0	107.0	108.0	109.0	110.0	111.0	112.0	113.0	114.0	115.0	116.0	117.0	118.0	119.0	120.0	121.0	122.0	123.0	124.0	125.0	126.0	127.0	128.0	129.0	130.0	131.0	132.0	133.0	134.0	135.0	136.0	137.0	138.0	139.0	140.0	141.0	142.0	143.0	144.0	145.0	146.0	147.0	148.0	149.0	150.0	151.0	152.0	153.0	154.0	155.0	156.0	157.0	158.0	159.0	160.0	161.0	162.0	163.0	164.0	165.0	166.0	167.0	168.0	169.0	170.0	171.0	172.0	173.0	174.0	175.0	176.0	177.0	178.0	179.0	180.0	181.0	182.0	183.0	184.0	185.0	186.0	187.0	188.0	189.0	190.0	191.0	192.0	193.0	194.0	195.0	196.0	197.0	198.0	199.0	200.0	201.0	202.0	203.0	204.0	205.0	206.0	207.0	208.0	209.0	210.0	211.0	212.0	213.0	214.0	215.0	216.0	217.0	218.0	219.0	220.0	221.0	222.0	223.0	224.0	225.0	226.0	227.0	228.0	229.0	230.0	231.0	232.0	233.0	234.0	235.0	236.0	237.0	238.0	239.0	240.0	241.0	242.0	243.0	244.0	245.0	246.0	247.0	248.0	249.0	250.0	251.0	252.0	253.0	254.0	255.0	256.0	257.0	258.0	259.0	260.0	261.0	262.0	263.0	264.0	265.0	266.0	267.0	268.0	269.0	270.0	271.0	272.0	273.0	274.0	275.0	276.0	277.0	278.0	279.0	280.0	281.0	282.0	283.0	284.0	285.0	286.0	287.0	288.0	289.0	290.0	291.0	292.0	293.0	294.0	295.0	296.0	297.0	298.0
4881.965777184085
