4907.272791920113	300.0	2000.0	159.5913141550041	0	0.0	4907.272791920113	1	0	1	-1.444745587140242
5029.8048538681805	300.0	2865.214731857126	0.0	0	0.0	4895.019585725307	1	0	2	-0.889733310639603
5236.0612076908465	500.0	3638.332742652193	0.0	0	0.0	4874.39395034304	1	0	2	-0.4324792640195789
5414.874034295734	500.0	4441.638633386818	0.0	0	0.0	4856.512667682552	1	0	2	0.08018330785434309
6200.0	500.0	4578.000071112125	0.0	0	607.8112720659192	4778.000071112126	1	0	2	0.08467289424284756
7200.0	500.0	4478.000071112125	0.0	0	843.2108174732575	4678.0000711121265	1	0	2	0.09443842853777333
8200.0	1000.0	4378.000071112126	0.0	0	710.1499437939437	4578.000071112127	1	0	2	0.45101201881774605
9200.0	1000.0	4278.000071112128	0.0	0	781.4730803074453	4478.000071112129	1	0	2	1.1541591993776912
10200.0	2000.0	4178.000071112131	0.0	0	599.8499967214138	4378.000071112133	1	0	2	1.5107327896576637
11200.0	3000.0	4078.0000711121315	0.0	0	378.5215696244959	4278.000071112132	1	0	2	2.4168855294606315
12200.0	3000.0	3978.0000711121297	0.0	0	494.28212854369303	4178.000071112129	1	0	2	2.8321700097938223
13200.0	3000.0	3878.0000711121306	0.0	0	134.34154407106143	4078.000071112132	1	0	2	2.8425198414109234
14200.0	3000.0	3778.000071112131	0.0	0	381.46110278544984	3978.000071112134	1	0	2	2.852501797294999
15200.0	3000.0	3678.0000711121306	0.0	0	257.3696902980846	3878.0000711121374	1	0	2	2.862454676843912
16200.0	3000.0	3578.0000711121315	0.0	0	314.1759496010018	3778.0000711121374	1	0	2	2.8723160579876303
17200.0	3000.0	3478.000071112128	0.0	0	252.6120351416139	3678.0000711121356	1	0	2	2.882781943345809
18200.0	3000.0	3378.0000711121274	0.0	0	452.26219723816394	3578.000071112134	1	0	2	2.8922081131704225
19200.0	3000.0	3278.0000711121265	0.0	0	330.2131628538591	3478.000071112132	1	0	2	2.9024618105894047
20200.0	3000.0	3178.000071112124	0.0	0	169.96782609112051	3378.000071112132	1	0	2	2.912554126669354
21200.0	3000.0	3078.00007111212	0.0	0	102.22746087350242	3278.0000711121284	1	0	2	2.922981459974667
22200.0	3000.0	2978.000071112119	0.0	0	415.0665602716981	3178.0000711121284	1	0	2	2.9323114010214857
23200.0	3000.0	2878.0000711121174	0.0	0	297.13875385216306	3078.0000711121284	1	0	2	2.9425142791065215
24200.0	3000.0	2778.000071112119	0.0	0	430.3371623712774	2978.0000711121356	1	0	2	2.9522995005145853
25200.0	3000.0	2678.0000711121174	0.0	0	393.4771326276059	2878.000071112132	1	0	2	2.9622699677582736
26200.0	3000.0	2578.000071112121	0.0	0	528.8222630560776	2778.0000711121356	1	0	2	2.9721548810342027
27200.0	3000.0	2478.000071112127	0.0	0	319.5015444990531	2678.0000711121393	1	0	2	2.9822369396904826
28301.812298488483	3000.0	2266.0065427747977	0.0	0	0.0	2567.8188412632953	1	0	2	2.994088741479743
29200.0	3000.0	2367.818841263282	0.0	0	196.8145766587768	2567.818841263299	1	0	1	2.9970957553647395
30200.0	3000.0	2367.8188412632817	0.0	0	253.7395973578823	2567.818841263299	1	0	1	3.1970957553647397
31200.0	3000.0	2367.81884126328	0.0	0	422.4279628594377	2567.8188412632953	1	0	1	3.1970957553647397
32200.0	3000.0	2367.8188412632785	0.0	0	271.1513200600057	2567.8188412632953	1	0	1	3.1970957553647397
33200.0	3000.0	2267.8188412632758	0.0	0	427.1332608445555	2467.818841263288	1	0	2	2.8033856622881466
34200.0	3000.0	2167.8188412632767	0.0	0	254.87822607114504	2367.8188412632917	1	0	2	3.0135016701200503
35200.0	3000.0	2167.8188412632794	0.0	0	372.32584901586233	2367.8188412632953	1	0	1	3.01709575536474
36200.0	3000.0	2167.818841263282	0.0	0	418.94902153874136	2367.8188412632953	1	0	1	3.2170957553647392
37200.0	3000.0	2167.8188412632803	0.0	0	314.365272643372	2367.8188412632953	1	0	1	3.2170957553647392
38200.0	3000.0	2167.8188412632826	0.0	0	6.307500905510096	2367.8188412632953	1	0	1	3.2170957553647392
39279.43625077407	3000.0	2088.382590489197	0.0	0	0.0	2367.818841263288	1	0	1	3.2170957553647406
40287.79729899166	3000.0	2080.021542271619	0.0	0	0.0	2367.818841263288	1	0	1	3.2170957553647406
41200.0	3000.0	2167.8188412632826	0.0	0	341.85158668548684	2367.818841263288	1	0	1	3.2170957553647406
42200.0	3000.0	2067.818841263272	0.0	0	138.56854920222395	2267.8188412632735	1	0	2	2.8237282468072094
43200.0	3000.0	1967.8188412632846	0.0	0	312.4724869115744	2167.818841263288	1	0	2	3.0336358452769168
44200.0	3000.0	1967.8188412632826	0.0	0	511.23903008898924	2167.8188412632953	1	0	1	3.0370957553647395
45200.0	3000.0	1967.8188412632799	0.0	0	481.8028864583612	2167.8188412632953	1	0	1	3.2370957553647397
46379.006486653874	3000.0	1788.8123546094075	0.0	0	0.0	2167.8188412632953	1	0	1	3.2370957553647397
47200.0	3000.0	1967.8188412632767	0.0	0	112.95029042393435	2167.8188412632953	1	0	1	3.2370957553647397
48200.0	3000.0	1967.8188412632835	0.0	0	503.0139701950757	2167.8188412632953	1	0	1	3.2370957553647397
49200.0	3000.0	1967.8188412632862	0.0	0	507.17710887482826	2167.8188412633026	1	0	1	3.237095755364739
50200.0	3000.0	1967.8188412632862	0.0	0	617.8269806263052	2167.8188412633026	1	0	1	3.237095755364739
51200.0	3000.0	1967.8188412632862	0.0	0	364.6634288482528	2167.8188412633026	1	0	1	3.237095755364739
52200.0	3000.0	1967.81884126328	0.0	0	199.1448838860233	2167.8188412632953	1	0	1	3.2370957553647397
53200.0	3000.0	1967.8188412632799	0.0	0	202.78257977608882	2167.8188412632953	1	0	1	3.2370957553647397
54200.0	3000.0	1867.818841263284	0.0	0	509.8984836735617	2067.8188412632953	1	0	2	2.84321943976214
55200.0	3000.0	1867.818841263293	0.0	0	464.17896062680666	2067.8188412632953	1	0	1	3.0470957553647393
56791.771591415636	6000.0	1276.0472498476547	0.0	0	0.0	2067.8188412632953	1	0	1	3.593669345644712
57999.933759104766	3000.0	1067.8850821585233	0.0	0	0.0	2067.8188412632953	1	0	1	2.5539485748047945
58830.94944708531	3000.0	1236.8693941779793	0.0	0	0.0	2067.8188412632953	1	0	1	3.2470957553647395
59471.437749541394	3000.0	1596.3810917218923	0.0	0	0.0	2067.818841263288	1	0	1	3.2470957553647404
60200.0	3000.0	1867.818841263292	0.0	0	276.81402125922614	2067.818841263288	1	0	1	3.2470957553647404
61200.0	3000.0	1867.8188412632928	0.0	0	639.2681649002407	2067.818841263288	1	0	1	3.2470957553647404
62200.0	3000.0	1867.818841263288	0.0	0	440.7822285791044	2067.818841263288	1	0	1	3.2470957553647404
63200.0	3000.0	1867.8188412632937	0.0	0	250.138562010412	2067.818841263288	1	0	1	3.2470957553647404
64200.0	3000.0	1867.8188412632962	0.0	0	128.5385527345643	2067.818841263288	1	0	1	3.2470957553647404
65200.0	3000.0	1867.8188412632994	0.0	0	333.454718191766	2067.8188412632953	1	0	1	3.2470957553647395
66200.0	3000.0	1867.8188412632858	0.0	0	416.1877131143556	2067.818841263288	1	0	1	3.2470957553647404
67200.0	3000.0	1867.8188412632899	0.0	0	669.2748734170891	2067.818841263288	1	0	1	3.2470957553647404
68200.0	3000.0	1867.8188412632908	0.0	0	563.3516662657785	2067.8188412633026	1	0	1	3.2470957553647395
69200.0	6000.0	1867.8188412633046	0.0	0	106.28439290379174	2067.818841263317	1	0	1	3.59366934564471
70987.53963902511	6000.0	1080.2792022381957	0.0	0	0.0	2067.818841263317	1	0	1	4.286816526204655
71758.65842469806	3000.0	1309.160416565248	0.0	0	0.0	2067.818841263317	1	0	1	2.5539485748047923
72681.21493349105	3000.0	1386.603907772249	0.0	0	0.0	2067.818841263317	1	0	1	3.2470957553647373
73963.80429496446	3000.0	1104.0145462988498	0.0	0	0.0	2067.818841263317	1	0	1	3.2470957553647373
74749.10602396603	3000.0	1318.7128172972996	0.0	0	0.0	2067.8188412633317	1	0	1	3.247095755364736
75266.2913637456	3000.0	1801.5274775177336	0.0	0	0.0	2067.8188412633317	1	0	1	3.247095755364736
76200.0	3000.0	1867.818841263309	0.0	0	321.60952451094636	2067.8188412633317	1	0	1	3.247095755364736
77200.0	3000.0	1867.8188412633035	0.0	0	473.1467911379441	2067.8188412633317	1	0	1	3.247095755364736
78200.0	3000.0	1867.8188412633074	0.0	0	229.13992808082548	2067.8188412633317	1	0	1	3.247095755364736
79273.90320365602	3000.0	1793.9156376072838	0.0	0	0.0	2067.8188412633317	1	0	1	3.247095755364736
80200.0	3000.0	1867.8188412632999	0.0	0	302.7485398054705	2067.8188412633317	1	0	1	3.247095755364736
81200.0	3000.0	1867.8188412633044	0.0	0	144.20743438061618	2067.8188412633317	1	0	1	3.247095755364736
82200.0	3000.0	1867.818841263318	0.0	0	24.5148478114279	2067.8188412633317	1	0	1	3.247095755364736
83200.0	3000.0	1867.8188412633297	0.0	0	369.5038636605168	2067.8188412633317	1	0	1	3.247095755364736
84200.0	3000.0	1867.8188412633363	0.0	0	412.26635159733996	2067.8188412633317	1	0	1	3.247095755364736
85200.0	3000.0	1867.818841263334	0.0	0	406.5688885109994	2067.8188412633463	1	0	1	3.2470957553647346
86200.0	3000.0	1867.8188412633463	0.0	0	361.8206529712479	2067.818841263361	1	0	1	3.247095755364733
87200.0	3000.0	1867.8188412633422	0.0	0	426.98798086462193	2067.8188412633463	1	0	1	3.2470957553647346
88200.0	3000.0	1867.8188412633353	0.0	0	212.86606830978417	2067.8188412633463	1	0	1	3.2470957553647346
89200.0	3000.0	1867.818841263354	0.0	0	46.80853775398282	2067.8188412633463	1	0	1	3.2470957553647346
90200.0	3000.0	1867.818841263364	0.0	0	274.97945786701166	2067.8188412633463	1	0	1	3.2470957553647346
91200.0	3000.0	1867.8188412633674	0.0	0	387.54760795264156	2067.8188412633463	1	0	1	3.2470957553647346
92200.0	3000.0	1767.818841263379	0.0	0	517.0726557810267	1967.8188412633608	1	0	2	2.8532228366099632
93200.0	3000.0	1767.8188412633767	0.0	0	457.6371004203247	1967.8188412633608	1	0	1	3.057095755364733
94200.0	3000.0	1767.8188412633815	0.0	0	147.03467335783353	1967.8188412633608	1	0	1	3.257095755364733
95200.0	3000.0	1767.8188412633833	0.0	0	351.5436167867447	1967.8188412633463	1	0	1	3.2570957553647344
96200.0	3000.0	1767.8188412633745	0.0	0	286.827222082924	1967.8188412633463	1	0	1	3.2570957553647344
97200.0	3000.0	1767.818841263372	0.0	0	111.66612609378353	1967.8188412633463	1	0	1	3.2570957553647344
98200.0	3000.0	1767.8188412633847	0.0	0	373.1507597416494	1967.8188412633463	1	0	1	3.2570957553647344
99200.0	3000.0	1767.8188412634067	0.0	0	380.80368115798046	1967.8188412633463	1	0	1	3.2570957553647344
100200.0	3000.0	1767.8188412633915	0.0	0	350.66685333813075	1967.8188412633463	1	0	1	3.2570957553647344
101200.0	3000.0	1767.8188412633936	0.0	0	459.440824135032	1967.8188412633463	1	0	1	3.2570957553647344
102200.0	3000.0	1767.818841263394	0.0	0	103.51591097158962	1967.8188412633608	1	0	1	3.257095755364733
103200.0	3000.0	1767.8188412633967	0.0	0	500.5946889880288	1967.8188412633463	1	0	1	3.2570957553647344
104200.0	3000.0	1767.8188412633938	0.0	0	402.6231192162377	1967.8188412633463	1	0	1	3.2570957553647344
105200.0	3000.0	1767.8188412634058	0.0	0	155.657536477971	1967.8188412633608	1	0	1	3.257095755364733
106200.0	3000.0	1767.818841263415	0.0	0	335.39200272200105	1967.8188412633608	1	0	1	3.257095755364733
107200.0	3000.0	1767.818841263415	0.0	0	576.0431087283941	1967.8188412633754	1	0	1	3.2570957553647317
108200.0	3000.0	1767.8188412634177	0.0	0	544.3238043442689	1967.8188412633754	1	0	1	3.2570957553647317
109200.0	3000.0	1767.8188412634192	0.0	0	356.15510589347105	1967.8188412633754	1	0	1	3.2570957553647317
110200.0	3000.0	1767.8188412634152	0.0	0	265.09215630778635	1967.8188412633754	1	0	1	3.2570957553647317
111200.0	3000.0	1767.8188412634229	0.0	0	215.94870727616944	1967.8188412633754	1	0	1	3.2570957553647317
112200.0	3000.0	1667.8188412634283	0.0	0	86.297840928004	1867.8188412633754	1	0	2	2.864091836896609
113200.0	3000.0	1667.8188412634254	0.0	0	163.8411628203321	1867.8188412633754	1	0	1	3.067095755364732
114200.0	3000.0	1667.8188412634331	0.0	0	263.2569523522252	1867.8188412633754	1	0	1	3.267095755364732
115200.0	3000.0	1667.818841263438	0.0	0	170.2277578914218	1867.8188412633754	1	0	1	3.267095755364732
116200.0	3000.0	1667.8188412634336	0.0	0	461.33685284752573	1867.8188412633754	1	0	1	3.267095755364732
117200.0	3000.0	1667.8188412634445	0.0	0	111.07165051499032	1867.8188412633754	1	0	1	3.267095755364732
118200.0	3000.0	1667.8188412634377	0.0	0	146.680130028617	1867.8188412633608	1	0	1	3.267095755364733
119200.0	3000.0	1667.8188412634436	0.0	0	423.05431342084194	1867.8188412633608	1	0	1	3.267095755364733
120200.0	3000.0	1667.8188412634527	0.0	0	426.9120029044134	1867.8188412633608	1	0	1	3.267095755364733
121200.0	3000.0	1667.8188412634495	0.0	0	571.6347587938653	1867.8188412633463	1	0	1	3.2670957553647346
122200.0	3000.0	1667.818841263459	0.0	0	611.9416233929223	1867.8188412633608	1	0	1	3.267095755364733
123200.0	3000.0	1667.8188412634563	0.0	0	321.6374884862016	1867.8188412633608	1	0	1	3.267095755364733
124200.0	3000.0	1667.8188412634725	0.0	0	407.888334567775	1867.8188412633754	1	0	1	3.267095755364732
125200.0	6000.0	1667.8188412634831	0.0	0	296.0856197492976	1867.8188412633754	1	0	1	3.613669345644704
126357.27491212923	6000.0	1510.543929134241	0.0	0	0.0	1867.8188412633608	1	0	1	4.30681652620465
127691.90528896304	6000.0	1175.9135523004315	0.0	0	0.0	1867.8188412633608	1	0	1	4.30681652620465
128590.76695153218	6000.0	1277.0518897312847	0.0	0	0.0	1867.8188412633608	1	0	1	4.30681652620465
129628.8112380643	6000.0	1239.0076031991819	0.0	0	0.0	1867.8188412633608	1	0	1	4.30681652620465
130883.38181327612	6000.0	984.4370279873425	0.0	0	0.0	1867.8188412633608	1	0	1	4.30681652620465
131852.97213627177	6000.0	1014.8467049916621	0.0	0	0.0	1867.8188412633172	1	0	1	4.3068165262046545
133097.61279607832	6000.0	770.2060451851222	0.0	0	0.0	1867.8188412633317	1	0	1	4.306816526204654
133810.96520083383	3000.0	1056.8536404296435	0.0	0	0.0	1867.8188412633608	1	0	1	2.5739485748047892
134462.00204035087	3000.0	1405.8168009125804	0.0	0	0.0	1867.8188412633608	1	0	1	3.267095755364733
135200.0	3000.0	1667.8188412634097	0.0	0	367.28024554316653	1867.8188412633608	1	0	1	3.267095755364733
136200.0	3000.0	1667.8188412634215	0.0	0	490.22154794607195	1867.8188412633608	1	0	1	3.267095755364732
137200.0	3000.0	1667.818841263411	0.0	0	575.96317338894	1867.8188412633608	1	0	1	3.267095755364733
138291.58919056485	6000.0	1576.2296506985858	0.0	0	0.0	1867.8188412633317	1	0	1	3.6136693456447087
139681.1414204679	6000.0	1186.6774207955182	0.0	0	0.0	1867.8188412633317	1	0	1	4.306816526204654
140432.30557609006	3000.0	1435.5132651733618	0.0	0	0.0	1867.8188412633317	1	0	1	2.573948574804791
141359.8627835409	3000.0	1507.9560577225125	0.0	0	0.0	1867.8188412633608	1	0	1	3.267095755364733
142200.0	3000.0	1667.818841263404	0.0	0	85.144221526396	1867.8188412633608	1	0	1	3.267095755364733
143200.0	3000.0	1667.8188412634051	0.0	0	368.3216315777099	1867.8188412633608	1	0	1	3.267095755364733
144200.0	3000.0	1667.818841263396	0.0	0	326.48468277044594	1867.8188412633608	1	0	1	3.267095755364733
145200.0	3000.0	1667.8188412633945	0.0	0	419.4329004029569	1867.8188412633608	1	0	1	3.267095755364733
146200.0	3000.0	1667.8188412633751	0.0	0	202.7319044013566	1867.8188412633608	1	0	1	3.267095755364733
147200.0	3000.0	1667.8188412634145	0.0	0	283.44606109318556	1867.81884126339	1	0	1	3.26709575536473
148200.0	3000.0	1667.8188412634158	0.0	0	309.0070703707461	1867.81884126339	1	0	1	3.26709575536473
149200.0	3000.0	1667.8188412634302	0.0	0	509.2521020421991	1867.8188412633608	1	0	1	3.267095755364733
150200.0	3000.0	1667.8188412634415	0.0	0	573.3785237806151	1867.8188412633608	1	0	1	3.267095755364733
151200.0	3000.0	1667.8188412634224	0.0	0	421.35626064351527	1867.81884126339	1	0	1	3.26709575536473
152200.0	3000.0	1667.818841263455	0.0	0	210.304630350176	1867.81884126339	1	0	1	3.26709575536473
153200.0	3000.0	1667.818841263454	0.0	0	324.2310936273425	1867.81884126339	1	0	1	3.26709575536473
154200.0	3000.0	1667.8188412634547	0.0	0	229.9743172354356	1867.81884126339	1	0	1	3.26709575536473
155358.71278828278	3000.0	1509.1060529806532	0.0	0	0.0	1867.81884126339	1	0	1	3.26709575536473
156398.02982276637	3000.0	1469.7890184970563	0.0	0	0.0	1867.81884126339	1	0	1	3.26709575536473
157200.0	3000.0	1667.8188412634065	0.0	0	265.80343634897145	1867.818841263419	1	0	1	3.2670957553647275
158200.0	3000.0	1667.8188412634086	0.0	0	360.3372286404192	1867.81884126339	1	0	1	3.2670957553647293
159200.0	3000.0	1667.8188412634001	0.0	0	379.45786079691607	1867.8188412633608	1	0	1	3.267095755364732
160200.0	3000.0	1667.818841263405	0.0	0	215.9949353946431	1867.8188412633608	1	0	1	3.267095755364733
161200.0	3000.0	1667.8188412634106	0.0	0	390.1506963208667	1867.8188412633608	1	0	1	3.267095755364733
162200.0	3000.0	1667.8188412634452	0.0	0	406.92341127083637	1867.818841263419	1	0	1	3.2670957553647284
163200.0	3000.0	1667.8188412634768	0.0	0	439.48763019015314	1867.818841263419	1	0	1	3.2670957553647275
164200.0	3000.0	1667.8188412634947	0.0	0	240.12784483470023	1867.818841263419	1	0	1	3.2670957553647275
165200.0	3000.0	1667.8188412634825	0.0	0	272.8788265498588	1867.818841263419	1	0	1	3.2670957553647275
166200.0	3000.0	1667.8188412635088	0.0	0	303.832701974432	1867.8188412634481	1	0	1	3.2670957553647244
167200.0	3000.0	1667.8188412634913	0.0	0	353.0845961179584	1867.8188412634481	1	0	1	3.2670957553647244
168200.0	3000.0	1667.8188412635027	0.0	0	447.4391323547461	1867.8188412634481	1	0	1	3.2670957553647244
169200.0	3000.0	1667.818841263497	0.0	0	281.355602700467	1867.8188412634481	1	0	1	3.2670957553647244
170200.0	3000.0	1667.818841263491	0.0	0	225.6866077244922	1867.818841263419	1	0	1	3.2670957553647266
171200.0	3000.0	1667.8188412634886	0.0	0	410.232965115516	1867.818841263419	1	0	1	3.2670957553647275
172200.0	3000.0	1667.8188412634436	0.0	0	426.08942086499883	1867.81884126339	1	0	1	3.2670957553647293
173200.0	3000.0	1667.8188412634481	0.0	0	550.7233324745321	1867.81884126339	1	0	1	3.26709575536473
174200.0	3000.0	1667.8188412634838	0.0	0	625.0107749566669	1867.818841263419	1	0	1	3.2670957553647284
175200.0	3000.0	1667.8188412634888	0.0	0	483.01472452742746	1867.818841263419	1	0	1	3.2670957553647275
176200.0	3000.0	1667.818841263499	0.0	0	266.6250388981425	1867.8188412634481	1	0	1	3.2670957553647244
177349.34402457732	3000.0	1518.4748166861996	0.0	0	0.0	1867.8188412634481	1	0	1	3.2670957553647244
178200.0	3000.0	1667.8188412635234	0.0	0	35.36427971837111	1867.8188412634481	1	0	1	3.2670957553647244
179200.0	3000.0	1667.818841263555	0.0	0	258.72314472770086	1867.818841263419	1	0	1	3.2670957553647266
180200.0	3000.0	1667.8188412635363	0.0	0	199.008930403681	1867.8188412634481	1	0	1	3.2670957553647244
181200.0	3000.0	1667.818841263559	0.0	0	346.04142482587486	1867.8188412634772	1	0	1	3.2670957553647226
182200.0	3000.0	1667.8188412635834	0.0	0	192.1748890953604	1867.8188412635063	1	0	1	3.2670957553647186
183200.0	3000.0	1667.8188412635852	0.0	0	431.6659882660897	1867.8188412635063	1	0	1	3.2670957553647186
184200.0	3000.0	1567.8188412635795	0.0	0	461.52212495348067	1767.8188412634772	1	0	2	2.873226346075355
185200.0	3000.0	1567.8188412635593	0.0	0	278.75548719087965	1767.8188412634481	1	0	1	3.077095755364723
186200.0	3000.0	1567.8188412635536	0.0	0	132.6764211607515	1767.8188412634481	1	0	1	3.2770957553647246
187200.0	3000.0	1567.8188412635789	0.0	0	402.8339914850076	1767.8188412634481	1	0	1	3.2770957553647246
188200.0	3000.0	1467.8188412635748	0.0	0	103.84561494458467	1667.8188412634481	1	0	2	2.8841692386269826
189281.64901306079	3000.0	1386.1698282027796	0.0	0	0.0	1667.8188412634481	1	0	1	3.0870957553647242
190200.0	3000.0	1467.8188412635795	0.0	0	47.963146029011114	1667.8188412634481	1	0	1	3.2870957553647244
191266.48344098197	3000.0	1401.3354002815827	0.0	0	0.0	1667.8188412634481	1	0	1	3.2870957553647244
192200.0	3000.0	1467.8188412635593	0.0	0	173.54302662971895	1667.8188412634772	1	0	1	3.2870957553647213
193200.0	3000.0	1467.8188412635589	0.0	0	509.8458702158532	1667.8188412635063	1	0	1	3.287095755364719
194200.0	3000.0	1467.8188412635493	0.0	0	501.70369262088207	1667.8188412635354	1	0	1	3.2870957553647164
195200.0	3000.0	1467.8188412635625	0.0	0	299.0058368074533	1667.8188412635354	1	0	1	3.2870957553647155
196200.0	3000.0	1467.8188412635354	0.0	0	144.89727884694003	1667.8188412635354	1	0	1	3.2870957553647155
197200.0	3000.0	1467.8188412635584	0.0	0	410.32397125376156	1667.8188412635354	1	0	1	3.2870957553647155
198200.0	3000.0	1467.8188412635764	0.0	0	374.16220250254264	1667.8188412635645	1	0	1	3.287095755364713
199200.0	3000.0	1467.8188412635598	0.0	0	657.120999241044	1667.8188412635354	1	0	1	3.2870957553647155
200200.0	3000.0	1467.8188412635627	0.0	0	537.1432999574172	1667.8188412635354	1	0	1	3.2870957553647155
201200.0	3000.0	1467.8188412635764	0.0	0	244.08316449818085	1667.8188412635354	1	0	1	3.2870957553647155
202200.0	3000.0	1467.818841263609	0.0	0	331.59930563595844	1667.8188412635645	1	0	1	3.287095755364713
203200.0	3000.0	1467.8188412636011	0.0	0	535.8065583647403	1667.8188412635645	1	0	1	3.287095755364713
204200.0	3000.0	1467.8188412636005	0.0	0	236.7239251996216	1667.8188412635645	1	0	1	3.287095755364713
205200.0	3000.0	1467.8188412636002	0.0	0	395.70232379523804	1667.8188412635354	1	0	1	3.287095755364714
206449.00710541866	3000.0	1218.8117358449733	0.0	0	0.0	1667.8188412635645	1	0	1	3.287095755364713
207254.1331499712	3000.0	1413.6856912924397	0.0	0	0.0	1667.8188412635645	1	0	1	3.287095755364713
208200.0	3000.0	1467.8188412636134	0.0	0	238.17813558221678	1667.8188412635354	1	0	1	3.2870957553647155
209200.0	3000.0	1467.8188412636287	0.0	0	379.0841009148862	1667.8188412635645	1	0	1	3.2870957553647138
210200.0	3000.0	1467.8188412636048	0.0	0	589.2442314057844	1667.8188412635645	1	0	1	3.287095755364713
211200.0	3000.0	1467.818841263607	0.0	0	268.2837518581655	1667.8188412635645	1	0	1	3.287095755364713
212200.0	3000.0	1467.8188412636	0.0	0	256.3920570728951	1667.8188412635354	1	0	1	3.2870957553647155
213200.0	3000.0	1467.8188412636089	0.0	0	240.06175938490196	1667.8188412635063	1	0	1	3.287095755364718
214200.0	3000.0	1467.8188412636232	0.0	0	447.3723233595374	1667.8188412635063	1	0	1	3.287095755364718
215200.0	3000.0	1467.8188412636393	0.0	0	598.8327721400128	1667.8188412635063	1	0	1	3.287095755364718
216200.0	3000.0	1467.8188412636532	0.0	0	511.7921173281211	1667.8188412635063	1	0	1	3.287095755364718
217200.0	3000.0	1467.8188412636653	0.0	0	488.4876685917552	1667.8188412635063	1	0	1	3.287095755364718
218200.0	3000.0	1467.8188412636853	0.0	0	550.4131745180639	1667.8188412635354	1	0	1	3.2870957553647164
219660.2867330588	6000.0	1007.5321082049054	0.0	0	0.0	1667.8188412635645	1	0	1	3.633669345644688
220524.50242979437	3000.0	1143.3164114693338	0.0	0	0.0	1667.8188412635645	1	0	1	2.593948574804768
221214.94414473957	3000.0	1452.8746965241712	0.0	0	0.0	1667.8188412635354	1	0	1	3.2870957553647155
222200.0	3000.0	1467.8188412637378	0.0	0	184.3208331184578	1667.8188412635354	1	0	1	3.2870957553647155
223294.6181931042	3000.0	1373.2006481595363	0.0	0	0.0	1667.8188412635354	1	0	1	3.2870957553647155
224200.0	3000.0	1467.8188412637264	0.0	0	176.0054113381193	1667.8188412635354	1	0	1	3.2870957553647155
225200.0	3000.0	1467.8188412637285	0.0	0	622.2629489038954	1667.8188412635645	1	0	1	3.287095755364713
226200.0	3000.0	1467.818841263726	0.0	0	514.13503410251	1667.8188412635354	1	0	1	3.287095755364714
227200.0	3000.0	1467.818841263738	0.0	0	394.71233310582465	1667.8188412635354	1	0	1	3.2870957553647155
228200.0	3000.0	1467.818841263752	0.0	0	2.9811570372548886	1667.8188412635645	1	0	1	3.287095755364713
229200.0	3000.0	1467.8188412637794	0.0	0	128.11426331059192	1667.8188412635936	1	0	1	3.2870957553647093
230200.0	3000.0	1467.8188412637714	0.0	0	294.14852536836406	1667.8188412635936	1	0	1	3.2870957553647093
231200.0	3000.0	1467.8188412637608	0.0	0	118.74589191112318	1667.8188412635936	1	0	1	3.2870957553647093
232200.0	3000.0	1467.8188412637712	0.0	0	208.38009959633928	1667.8188412635645	1	0	1	3.287095755364713
233200.0	3000.0	1467.8188412637614	0.0	0	160.588556214032	1667.8188412635936	1	0	1	3.2870957553647093
234200.0	3000.0	1467.818841263752	0.0	0	396.2103774599673	1667.8188412635936	1	0	1	3.2870957553647093
235200.0	3000.0	1467.8188412637394	0.0	0	218.27970702250605	1667.8188412635936	1	0	1	3.2870957553647093
236200.0	3000.0	1467.8188412637442	0.0	0	119.77847872534767	1667.8188412635936	1	0	1	3.2870957553647093
237200.0	3000.0	1467.8188412637437	0.0	0	308.21118641094654	1667.8188412635354	1	0	1	3.287095755364714
238200.0	3000.0	1467.818841263727	0.0	0	188.1601005186094	1667.8188412635354	1	0	1	3.2870957553647155
239200.0	3000.0	1467.8188412636932	0.0	0	18.357541010016575	1667.8188412635354	1	0	1	3.2870957553647155
240200.0	3000.0	1467.818841263711	0.0	0	365.46042061704793	1667.8188412635936	1	0	1	3.28709575536471
241200.0	3000.0	1467.8188412636841	0.0	0	453.7023353415716	1667.8188412635936	1	0	1	3.2870957553647093
242200.0	3000.0	1467.818841263706	0.0	0	412.2327213368844	1667.8188412635936	1	0	1	3.2870957553647093
243202.26543546867	3000.0	1465.5534057950672	0.0	0	0.0	1667.8188412635936	1	0	1	3.2870957553647093
244200.0	3000.0	1467.8188412637464	0.0	0	391.08147815728444	1667.8188412636227	1	0	1	3.2870957553647075
245200.0	3000.0	1467.8188412637617	0.0	0	122.09402635859442	1667.8188412636227	1	0	1	3.2870957553647067
246200.0	3000.0	1467.8188412637805	0.0	0	159.2412242620485	1667.8188412636518	1	0	1	3.287095755364704
247200.0	3000.0	1467.8188412637585	0.0	0	268.277873990417	1667.8188412636518	1	0	1	3.287095755364705
248226.3399701314	3000.0	1441.4788711323279	0.0	0	0.0	1667.8188412636227	1	0	1	3.2870957553647067
249200.0	3000.0	1467.8188412637214	0.0	0	170.56398473947775	1667.8188412635936	1	0	1	3.2870957553647093
250200.0	3000.0	1467.8188412637212	0.0	0	305.6065143783926	1667.8188412635936	1	0	1	3.2870957553647093
251200.0	3000.0	1467.818841263702	0.0	0	278.7546360633569	1667.8188412635645	1	0	1	3.287095755364713
252200.0	3000.0	1467.8188412637078	0.0	0	300.1287092875282	1667.8188412635645	1	0	1	3.287095755364713
253200.0	3000.0	1467.8188412636798	0.0	0	353.28900938958395	1667.8188412635354	1	0	1	3.2870957553647155
254200.0	3000.0	1467.8188412636714	0.0	0	12.370313601801172	1667.8188412635354	1	0	1	3.2870957553647155
255200.0	3000.0	1467.818841263667	0.0	0	374.5176532982732	1667.8188412635354	1	0	1	3.2870957553647155
256200.0	3000.0	1467.81884126366	0.0	0	490.37234348105267	1667.8188412635354	1	0	1	3.2870957553647155
257200.0	3000.0	1467.8188412636532	0.0	0	651.2291171782999	1667.8188412635354	1	0	1	3.2870957553647155
258200.0	3000.0	1467.8188412636705	0.0	0	558.503249844769	1667.8188412635354	1	0	1	3.2870957553647155
259200.0	3000.0	1467.8188412636578	0.0	0	337.7810516950267	1667.8188412635063	1	0	1	3.2870957553647173
260200.0	3000.0	1467.8188412636405	0.0	0	23.68473777087638	1667.8188412635354	1	0	1	3.2870957553647155
261200.0	3000.0	1467.818841263646	0.0	0	171.1458814063517	1667.8188412635354	1	0	1	3.2870957553647155
262200.0	3000.0	1467.8188412636725	0.0	0	187.1866683634289	1667.8188412635645	1	0	1	3.287095755364713
263200.0	3000.0	1467.8188412636769	0.0	0	306.4224623243208	1667.8188412635936	1	0	1	3.287095755364713
264200.0	3000.0	1467.8188412636712	0.0	0	427.2642290778458	1667.8188412635936	1	0	1	3.28709575536471
265200.0	3000.0	1467.8188412637119	0.0	0	121.19462453358574	1667.8188412636518	1	0	1	3.287095755364705
266200.0	3000.0	1467.8188412636744	0.0	0	299.2023059562198	1667.8188412636518	1	0	1	3.287095755364704
267200.0	3000.0	1467.8188412636964	0.0	0	94.10613867657958	1667.81884126371	1	0	1	3.287095755364698
268200.0	3000.0	1467.8188412637767	0.0	0	337.3967645598459	1667.8188412637683	1	0	1	3.287095755364694
269200.0	3000.0	1467.8188412637653	0.0	0	341.8971271184855	1667.8188412637683	1	0	1	3.2870957553646916
270200.0	3000.0	1467.8188412637776	0.0	0	538.3120602702256	1667.8188412637683	1	0	1	3.2870957553646925
271200.0	3000.0	1467.8188412636973	0.0	0	598.4519237721106	1667.8188412637683	1	0	1	3.2870957553646925
272200.0	3000.0	1467.8188412637012	0.0	0	407.46088482724736	1667.8188412637683	1	0	1	3.2870957553646925
273200.0	3000.0	1467.8188412636748	0.0	0	546.9072859896114	1667.8188412637683	1	0	1	3.2870957553646925
274200.0	6000.0	1467.8188412636775	0.0	0	212.96972029807512	1667.8188412637683	1	0	1	3.633669345644665
275214.2796275923	6000.0	1453.5392136713479	0.0	0	0.0	1667.8188412637683	1	0	1	4.32681652620461
276725.1286467658	6000.0	942.6901944978654	0.0	0	0.0	1667.8188412637683	1	0	1	4.32681652620461
278050.86103421665	6000.0	616.9578070470141	0.0	0	0.0	1667.8188412637683	1	0	1	4.326816526204611
279747.85317122366	6000.0	230.02367235660822	310.0580023166332	0	0.0	1977.8768435804523	1	0	1	2.4410688664281697
280199.8640162479	3000.0	784.2570500038792	6.244222671547476	0	0.0	1984.1210662520025	1	0	1	2.524853016276639
280654.7946790438	3000.0	1329.3263872079515	0.0	0	0.0	1984.1210662519443	1	0	1	3.255465532865875
281200.0	3000.0	1784.1210662517929	0.0	0	50.49139863613527	1984.1210662519443	1	0	1	3.255465532865875
282568.8680006095	6000.0	1415.2530656422946	0.0	0	0.0	1984.1210662519443	1	0	1	3.6020391231458477
283248.3732389062	3000.0	1735.74782734559	0.0	0	0.0	1984.1210662519443	1	0	1	2.56231835230593
284200.0	3000.0	1784.1210662517644	0.0	0	386.43842690013116	1984.121066251886	1	0	1	3.2554655328658804
285200.0	3000.0	1784.1210662518488	0.0	0	630.1224189443747	1984.121066251886	1	0	1	3.2554655328658804
286200.0	6000.0	1784.121066251832	0.0	0	90.12263721821364	1984.121066251886	1	0	1	3.602039123145853
288071.48024615337	6000.0	912.6408200984447	0.0	0	0.0	1984.1210662518279	1	0	1	4.295186303705804
288621.13110621466	3000.0	1362.9899600371054	0.0	0	0.0	1984.1210662518279	1	0	1	2.5623183523059416
289251.39467318705	3000.0	1732.7263930646805	0.0	0	0.0	1984.1210662518279	1	0	1	3.2554655328658866
290200.0	3000.0	1784.1210662517005	0.0	0	126.43279187619919	1984.1210662518279	1	0	1	3.2554655328658866
291200.0	3000.0	1784.1210662517421	0.0	0	379.7013499845052	1984.121066251886	1	0	1	3.2554655328658804
292200.0	3000.0	1784.1210662516728	0.0	0	174.6307552329963	1984.1210662518279	1	0	1	3.2554655328658852
293200.0	3000.0	1784.1210662516105	0.0	0	227.25218277517706	1984.1210662518279	1	0	1	3.2554655328658866
294200.0	3000.0	1784.121066251588	0.0	0	185.50595998071367	1984.1210662518279	1	0	1	3.2554655328658866
295200.0	3000.0	1784.121066251597	0.0	0	417.7622275853646	1984.121066251886	1	0	1	3.2554655328658804
296200.0	3000.0	1784.1210662515587	0.0	0	125.17223653872497	1984.121066251886	1	0	1	3.2554655328658804
297200.0	3000.0	1784.1210662516132	0.0	0	185.3371611155453	1984.1210662519443	1	0	1	3.255465532865875
298200.0	3000.0	1784.121066251651	0.0	0	482.6660748536815	1984.1210662519443	1	0	1	3.255465532865875
299200.0	3000.0	1784.1210662516862	0.0	0	630.8768122798065	1984.1210662519443	1	0	1	3.255465532865875
300200.0	3000.0	1784.1210662516742	0.0	0	259.46213610633276	1984.1210662519443	1	0	1	3.255465532865875
2.98	3.66	4.15	6.7	5.64	4.33	5.03	5.35	3.82	5.61	4.81	3.52	5.14	5.2	5.46	4.43	3.67	5.41	5.7	6.61	6.46	5.84	3.72	3.48	5.18	4.7	5.99	4.09	5.7	5.77	5.97	4.53	4.9	2.97	3.04	3.93	4.58	3.49	5.14	5.92	4.65	2.92	4.78	6.0	7.92	6.64	6.2	4.0	6.44	6.54	4.17	3.46	2.95	4.38	6.41	7.94	5.87	3.76	3.52	4.29	6.7	7.84	8.13	6.58	6.83	3.73	3.64	4.07	2.83	3.83	5.86	7.82	5.64	2.62	3.75	4.15	3.88	4.17	4.05	4.99	4.9	4.53	4.34	3.34	4.61	3.88	5.75	6.38	4.74	3.93	4.05	3.58	4.92	3.81	4.03	4.62	4.34	5.04	4.91	3.56	4.22	6.49	9.08	6.32	6.0	3.16	4.46	3.95	4.67	3.73	4.7	4.63	3.97	4.0	5.43	7.82	10.2	5.69	6.42	6.66	5.9	5.85	4.51	6.16	4.51	4.36	6.85	6.26	3.56	5.09	7.54	7.87	5.43	3.57	5.13	4.16	4.05	5.24	4.16	4.04	4.61	4.02	4.12	5.99	8.57	6.46	4.01	5.35	4.39	3.92	2.98	3.66	4.15	6.7	5.64	4.33	5.03	5.35	3.82	5.61	4.81	3.52	5.14	5.2	5.46	4.43	3.67	5.41	5.7	6.61	6.46	5.84	3.72	3.48	5.18	4.7	5.99	4.09	5.7	5.77	5.97	4.53	4.9	2.97	3.04	3.93	4.58	3.49	5.14	5.92	4.65	2.92	4.78	6.0	7.92	6.64	6.2	4.0	6.44	6.54	4.17	3.46	2.95	4.38	6.41	7.94	5.87	3.76	3.52	4.29	6.7	7.84	8.13	6.58	6.83	3.73	3.64	4.07	2.83	3.83	5.86	7.82	5.64	2.62	3.75	4.15	3.88	4.17	4.05	4.99	4.9	4.53	4.34	3.34	4.61	3.88	5.75	6.38	4.74	3.93	4.05	3.58	4.92	3.81	4.03	4.62	4.34	5.04	4.91	3.56	4.22	6.49	9.08	6.32	6.0	3.16	4.46	3.95	4.67	3.73	4.7	4.63	3.97	4.0	5.43	7.82	10.2	5.69	6.42	6.66	5.9	5.85	4.51	6.16	4.51	4.36	6.85	6.26	3.56	5.09	7.54	7.87	5.43	3.57	5.13	4.16	4.05	5.24	4.16	4.04	4.61	4.02	4.12	5.99	8.57	6.46	4.01	5.35	4.39	3.92
1.0	2.0	3.0	4.0	5.0	6.0	7.0	8.0	9.0	10.0	11.0	12.0	13.0	14.0	15.0	16.0	17.0	18.0	19.0	20.0	21.0	22.0	23.0	24.0	25.0	26.0	27.0	28.0	29.0	30.0	31.0	32.0	33.0	34.0	35.0	36.0	37.0	38.0	39.0	40.0	41.0	42.0	43.0	44.0	45.0	46.0	47.0	48.0	49.0	50.0	51.0	52.0	53.0	54.0	55.0	56.0	57.0	58.0	59.0	60.0	61.0	62.0	63.0	64.0	65.0	66.0	67.0	68.0	69.0	70.0	71.0	72.0	73.0	74.0	75.0	76.0	77.0	78.0	79.0	80.0	81.0	82.0	83.0	84.0	85.0	86.0	87.0	88.0	89.0	90.0	91.0	92.0	93.0	94.0	95.0	96.0	97.0	98.0	99.0	100.0	101.0	102.0	103.0	104.0	105.0	106.0	107.0	108.0	109.0	110.0	111.0	112.0	113.0	114.0	115.0	116.0	117.0	118.0	119.0	120.0	121.0	122.0	123.0	124.0	125.0	126.0	127.0	128.0	129.0	130.0	131.0	132.0	133.0	134.0	135.0	136.0	137.0	138.0	139.0	140.0	141.0	142.0	143.0	144.0	145.0	146.0	147.0	148.0	149.0	149.0	150.0	151.0	152.0	153.0	154.0	155.0	156.0	157.0	158.0	159.0	160.0	161.0	162.0	163.0	164.0	165.0	166.0	167.0	168.0	169.0	170.0	171.0	172.0	173.0	174.0	175.0	176.0	177.0	178.0	179.0	180.0	181.0	182.0	183.0	184.0	185.0	186.0	187.0	188.0	189.0	190.0	191.0	192.0	193.0	194.0	195.0	196.0	197.0	198.0	199.0	200.0	201.0	202.0	203.0	204.0	205.0	206.0	207.0	208.0	209.0	210.0	211.0	212.0	213.0	214.0	215.0	216.0	217.0	218.0	219.0	220.0	221.0	222.0	223.0	224.0	225.0	226.0	227.0	228.0	229.0	230.0	231.0	232.0	233.0	234.0	235.0	236.0	237.0	238.0	239.0	240.0	241.0	242.0	243.0	244.0	245.0	246.0	247.0	248.0	249.0	250.0	251.0	252.0	253.0	254.0	255.0	256.0	257.0	258.0	259.0	260.0	261.0	262.0	263.0	264.0	265.0	266.0	267.0	268.0	269.0	270.0	271.0	272.0	273.0	274.0	275.0	276.0	277.0	278.0	279.0	280.0	281.0	282.0	283.0	284.0	285.0	286.0	287.0	288.0	289.0	290.0	291.0	292.0	293.0	294.0	295.0	296.0	297.0	298.0	298.0
4622.108426773059
