6230.671710949037	300.0	2000.0	191.83542931580877	0	0.0	6230.671710949037	1	0	1	-1.7697016868348092
6415.441420727976	300.0	2796.7533192431674	0.0	0	0.0	6212.1947399711435	1	0	2	-1.0216664108905649
6673.898596870649	500.0	3512.450425486227	0.0	0	0.0	6186.349022356875	1	0	2	-0.5638077942965055
6943.00289219583	500.0	4216.435700628528	0.0	0	0.0	6159.438592824356	1	0	2	-0.050212258293812734
7370.846980609848	1000.0	4745.807203373108	0.0	0	0.0	6116.654183982954	1	0	2	0.3000563606765261
7662.535433592884	1000.0	5424.949905091768	0.0	0	0.0	6087.48533868465	1	0	2	0.99649485502955
8200.0	1000.0	5833.73888204394	0.0	0	270.1952479092679	6033.738882043937	1	0	2	1.0000013748348824
9200.0	2000.0	5733.7388820439355	0.0	0	189.90790274855135	5933.7388820439355	1	0	2	1.3554935083904045
10200.0	2000.0	5633.738882043936	0.0	0	141.26706978626135	5833.738882043936	1	0	2	2.058961514671957
11754.835284745794	3000.0	4923.420068823562	0.0	0	0.0	5678.255353569356	1	0	2	2.276196664397022
14226.734509901311	3000.0	3204.3309211524943	0.0	0	0.0	5431.065431053805	1	0	2	2.7039389865586063
15244.098585411359	2000.0	3186.9668456424474	0.0	0	0.0	5431.065431053805	1	0	1	1.6971083261152768
15934.19231718529	2000.0	3427.863740691121	0.0	0	0.0	5362.056057876409	1	0	2	1.9078614674543608
16807.033432121174	2000.0	3555.022625755236	0.0	0	0.0	5362.056057876405	1	0	1	2.1094743715411814
17638.639785740823	2000.0	3723.416272135584	0.0	0	0.0	5362.056057876403	1	0	1	2.3094743715411816
18314.855637671237	2000.0	3979.5788350121293	0.0	0	0.0	5294.434472683364	1	0	2	1.9144116303603407
19137.45807789353	2000.0	4074.716150767605	0.0	0	0.0	5212.174228661133	1	0	2	2.1225136345271447
20238.272513844273	3000.0	3863.82027122179	0.0	0	0.0	5102.092785066061	1	0	2	2.3348055717398006
22488.171320890775	3000.0	2388.931583470633	0.0	0	0.0	4877.102904361407	1	0	2	2.75911046639494
24413.492505579597	2000.0	1463.6103987818115	0.0	0	0.0	4877.102904361407	1	0	1	1.7525045787845166
25917.314537884202	2000.0	959.788366477204	0.0	0	0.0	4877.102904361407	1	0	1	2.357969686892681
26432.284074626037	1000.0	1444.81882973537	0.0	0	0.0	4877.102904361407	1	0	1	0.6251017354928183
26963.007820284052	1000.0	1914.0950840773585	0.0	0	0.0	4877.102904361407	1	0	1	1.3182489160527635
27506.755787857383	1000.0	2370.3471165040305	0.0	0	0.0	4877.102904361407	1	0	1	1.3182489160527635
28010.5390042952	1000.0	2866.5639000662136	0.0	0	0.0	4877.1029043614035	1	0	1	1.318248916052764
28455.563509904583	1000.0	3421.5393944568277	0.0	0	0.0	4877.1029043614	1	0	1	1.3182489160527644
29932.129878269297	2000.0	2944.9730260921156	0.0	0	0.0	4877.1029043614035	1	0	1	1.6648225063327364
30829.336919249345	2000.0	3047.765985112069	0.0	0	0.0	4877.1029043614035	1	0	1	2.3579696868926816
31751.485751318207	2000.0	3125.6171530432066	0.0	0	0.0	4877.1029043614035	1	0	1	2.3579696868926816
33029.22880797348	2000.0	2847.874096387937	0.0	0	0.0	4877.102904361407	1	0	1	2.3579696868926816
34178.49525040367	2000.0	2698.6076539577466	0.0	0	0.0	4877.102904361411	1	0	1	2.357969686892681
35654.89167681838	2000.0	2222.2112275430445	0.0	0	0.0	4877.102904361418	1	0	1	2.3579696868926803
36847.894974311115	2000.0	2029.2079300503106	0.0	0	0.0	4877.102904361418	1	0	1	2.3579696868926803
37637.683551849914	2000.0	2239.4193525115174	0.0	0	0.0	4877.102904361422	1	0	1	2.3579696868926803
38242.580051620156	2000.0	2634.5228527412683	0.0	0	0.0	4877.102904361425	1	0	1	2.3579696868926794
38881.81642018365	2000.0	2995.2864841777764	0.0	0	0.0	4877.102904361425	1	0	1	2.3579696868926794
40127.755827932524	2000.0	2749.34707642891	0.0	0	0.0	4877.102904361425	1	0	1	2.3579696868926794
41190.42604283454	2000.0	2686.6768615268993	0.0	0	0.0	4877.102904361425	1	0	1	2.3579696868926794
42162.876191277675	2000.0	2714.2267130837554	0.0	0	0.0	4877.102904361425	1	0	1	2.3579696868926794
43049.543078221795	2000.0	2827.5598261396294	0.0	0	0.0	4877.102904361418	1	0	1	2.3579696868926803
44021.091421089106	2000.0	2856.0114832723143	0.0	0	0.0	4877.102904361418	1	0	1	2.3579696868926803
45766.349565882105	2000.0	2110.7533384793096	0.0	0	0.0	4877.102904361418	1	0	1	2.3579696868926803
46932.67398826754	2000.0	1944.4289160938706	0.0	0	0.0	4877.102904361418	1	0	1	2.3579696868926803
47912.47116068228	2000.0	1964.6317436791296	0.0	0	0.0	4877.102904361418	1	0	1	2.3579696868926803
48970.24378512651	2000.0	1906.859119234891	0.0	0	0.0	4877.102904361418	1	0	1	2.3579696868926803
49459.487500537565	1000.0	2417.615403823836	0.0	0	0.0	4877.102904361418	1	0	1	0.6251017354928172
50401.48306099828	2000.0	2381.420287317047	0.0	0	0.0	4782.90334831534	1	0	2	1.2716923088655188
51392.46409020122	2000.0	2390.4392581141133	0.0	0	0.0	4782.90334831534	1	0	1	2.167389642497288
52092.94790525716	2000.0	2689.955443058165	0.0	0	0.0	4782.90334831534	1	0	1	2.367389642497288
52740.63855336568	2000.0	3042.264794949648	0.0	0	0.0	4782.903348315333	1	0	1	2.367389642497289
53462.08922789562	2000.0	3320.8141204197086	0.0	0	0.0	4782.903348315333	1	0	1	2.367389642497289
54057.425539451746	2000.0	3725.477808863583	0.0	0	0.0	4782.90334831534	1	0	1	2.367389642497288
55145.13401156084	2000.0	3637.769336754477	0.0	0	0.0	4782.90334831534	1	0	1	2.367389642497288
56506.82705373437	2000.0	3276.0762945809493	0.0	0	0.0	4782.90334831534	1	0	1	2.367389642497288
57340.567110863056	2000.0	3442.336237452264	0.0	0	0.0	4782.903348315347	1	0	1	2.3673896424972876
58733.72143488813	2000.0	3049.1819134271823	0.0	0	0.0	4782.90334831534	1	0	1	2.367389642497288
59927.645457301536	2000.0	2855.2578910137836	0.0	0	0.0	4782.90334831534	1	0	1	2.367389642497288
60769.21164416104	2000.0	3013.6917041542742	0.0	0	0.0	4782.90334831534	1	0	1	2.367389642497288
61507.56706527511	2000.0	3275.336283040207	0.0	0	0.0	4782.903348315333	1	0	1	2.367389642497289
62544.85529694269	2000.0	3238.04805137262	0.0	0	0.0	4782.903348315333	1	0	1	2.367389642497289
63914.408770383685	2000.0	2868.4945779316263	0.0	0	0.0	4782.903348315333	1	0	1	2.367389642497289
65261.614914314334	2000.0	2521.2884340009646	0.0	0	0.0	4782.903348315325	1	0	1	2.3673896424972893
66338.0627055596	2000.0	2444.8406427557006	0.0	0	0.0	4782.903348315325	1	0	1	2.3673896424972893
67304.78086490555	2000.0	2478.1224834097447	0.0	0	0.0	4782.903348315325	1	0	1	2.3673896424972893
68117.18476181594	2000.0	2665.718586499381	0.0	0	0.0	4782.903348315354	1	0	1	2.3673896424972876
68970.54182454215	2000.0	2812.361523773169	0.0	0	0.0	4782.903348315354	1	0	1	2.367389642497287
69800.17530469033	2000.0	2982.7280436249825	0.0	0	0.0	4782.903348315347	1	0	1	2.3673896424972867
70699.47162735197	2000.0	3083.431720963352	0.0	0	0.0	4782.903348315362	1	0	1	2.3673896424972862
71532.7147514503	2000.0	3250.1885968650213	0.0	0	0.0	4782.903348315362	1	0	1	2.367389642497286
72408.02398320241	2000.0	3374.879365112936	0.0	0	0.0	4782.903348315376	1	0	1	2.3673896424972845
73782.14161594016	3000.0	3000.761732375197	0.0	0	0.0	4782.903348315376	1	0	1	2.5701221965513668
74901.74812509245	3000.0	2881.1552232229074	0.0	0	0.0	4782.903348315376	1	0	1	2.9755873046595314
77150.88027320188	3000.0	1632.0230751134745	0.0	0	0.0	4782.903348315376	1	0	1	2.9755873046595314
78668.61065599672	2000.0	1114.2926923186383	0.0	0	0.0	4782.903348315376	1	0	1	1.9619245343891198
79742.36543969854	2000.0	1040.5379086168125	0.0	0	0.0	4782.903348315376	1	0	1	2.3673896424972845
80477.88307405528	2000.0	1305.0202742600825	0.0	0	0.0	4782.903348315376	1	0	1	2.3673896424972845
81406.62275543096	2000.0	1376.280592884405	0.0	0	0.0	4782.903348315376	1	0	1	2.3673896424972845
82495.12545129053	2000.0	1287.7778970248498	0.0	0	0.0	4782.903348315376	1	0	1	2.3673896424972845
83326.83593048414	2000.0	1456.0674178312304	0.0	0	0.0	4782.903348315376	1	0	1	2.3673896424972845
84805.56856644154	2000.0	977.3347818738171	0.0	0	0.0	4782.903348315376	1	0	1	2.3673896424972845
85592.11641077524	2000.0	1190.786937540121	0.0	0	0.0	4782.903348315376	1	0	1	2.3673896424972845
86391.80232558791	2000.0	1391.101022727445	0.0	0	0.0	4782.903348315376	1	0	1	2.3673896424972845
87184.15202596251	2000.0	1598.751322352832	0.0	0	0.0	4782.903348315376	1	0	1	2.3673896424972845
88479.95022953395	2000.0	1302.9531187814018	0.0	0	0.0	4782.903348315376	1	0	1	2.3673896424972845
89230.36719150696	2000.0	1552.5361568084018	0.0	0	0.0	4782.903348315376	1	0	1	2.3673896424972845
90128.65938818267	2000.0	1654.2439601327046	0.0	0	0.0	4782.903348315376	1	0	1	2.3673896424972845
91301.89049927716	2000.0	1481.0128490382313	0.0	0	0.0	4782.903348315391	1	0	1	2.367389642497283
92373.53500897161	2000.0	1409.3683393437755	0.0	0	0.0	4782.903348315391	1	0	1	2.367389642497283
93354.4055306909	2000.0	1428.497817624476	0.0	0	0.0	4782.903348315405	1	0	1	2.3673896424972813
93974.99076602678	2000.0	1807.9125822886099	0.0	0	0.0	4782.903348315405	1	0	1	2.3673896424972813
94637.98820958029	2000.0	2144.9151387350985	0.0	0	0.0	4782.903348315405	1	0	1	2.3673896424972813
95406.14793648121	2000.0	2376.755411834181	0.0	0	0.0	4782.903348315405	1	0	1	2.3673896424972813
96023.32446244507	2000.0	2759.578885870304	0.0	0	0.0	4782.903348315405	1	0	1	2.3673896424972813
97190.10091819121	2000.0	2592.802430124156	0.0	0	0.0	4782.90334831542	1	0	1	2.36738964249728
97924.78888004822	2000.0	2858.11446826716	0.0	0	0.0	4782.90334831542	1	0	1	2.36738964249728
98806.48991128028	2000.0	2976.4134370350866	0.0	0	0.0	4782.90334831542	1	0	1	2.36738964249728
100273.1503484485	3000.0	2509.7529998668615	0.0	0	0.0	4782.90334831542	1	0	1	2.5701221965513623
102003.87903644778	3000.0	1779.0243118675787	0.0	0	0.0	4782.90334831542	1	0	1	2.975587304659527
102931.66743062042	2000.0	1851.2359176949287	0.0	0	0.0	4782.903348315434	1	0	1	1.961924534389114
103494.67173217074	2000.0	2288.231616144609	0.0	0	0.0	4782.903348315434	1	0	1	2.3673896424972787
104676.67024428688	2000.0	2106.2331040284653	0.0	0	0.0	4782.903348315434	1	0	1	2.3673896424972787
105876.02910409287	2000.0	1906.8742442224825	0.0	0	0.0	4782.903348315434	1	0	1	2.3673896424972787
107011.41247222704	2000.0	1771.4908760883284	0.0	0	0.0	4782.903348315434	1	0	1	2.3673896424972787
107680.47258572395	2000.0	2102.4307625914066	0.0	0	0.0	4782.903348315434	1	0	1	2.3673896424972787
108414.58609761552	2000.0	2368.3172506998335	0.0	0	0.0	4782.903348315434	1	0	1	2.3673896424972787
109288.3814897361	2000.0	2494.5218585792554	0.0	0	0.0	4782.903348315434	1	0	1	2.3673896424972787
110229.90279932707	2000.0	2553.0005489882774	0.0	0	0.0	4782.90334831542	1	0	1	2.36738964249728
111935.0030451817	2000.0	1847.9003031336485	0.0	0	0.0	4782.90334831542	1	0	1	2.36738964249728
112733.43217893993	2000.0	2049.471169375418	0.0	0	0.0	4782.90334831542	1	0	1	2.36738964249728
113450.02568469521	2000.0	2332.877663620122	0.0	0	0.0	4782.90334831542	1	0	1	2.36738964249728
114401.68621528802	2000.0	2381.2171330273136	0.0	0	0.0	4782.90334831542	1	0	1	2.36738964249728
115228.05474754592	2000.0	2554.8486007694205	0.0	0	0.0	4782.903348315434	1	0	1	2.3673896424972787
115997.69047045804	2000.0	2785.212877857289	0.0	0	0.0	4782.903348315434	1	0	1	2.3673896424972787
116796.09911828658	2000.0	2986.8042300287257	0.0	0	0.0	4782.903348315434	1	0	1	2.3673896424972787
118486.7482319472	2000.0	2296.1551163681006	0.0	0	0.0	4782.90334831542	1	0	1	2.36738964249728
119578.08879508688	2000.0	2204.8145532284343	0.0	0	0.0	4782.90334831542	1	0	1	2.36738964249728
120609.06894206522	2000.0	2173.8344062500964	0.0	0	0.0	4782.90334831542	1	0	1	2.36738964249728
121226.03747410788	2000.0	2556.8658742074263	0.0	0	0.0	4782.90334831542	1	0	1	2.36738964249728
122157.61511937999	2000.0	2625.2882289353265	0.0	0	0.0	4782.903348315405	1	0	1	2.3673896424972813
123416.6674010218	2000.0	2366.2359472935254	0.0	0	0.0	4782.903348315391	1	0	1	2.367389642497283
124239.00945486935	2000.0	2543.8938934459893	0.0	0	0.0	4782.903348315391	1	0	1	2.367389642497283
124958.02310963022	2000.0	2824.880238685138	0.0	0	0.0	4782.903348315391	1	0	1	2.367389642497283
126061.21006173648	2000.0	2721.6932865788876	0.0	0	0.0	4782.903348315391	1	0	1	2.367389642497283
127230.83655277047	2000.0	2552.066795544888	0.0	0	0.0	4782.903348315376	1	0	1	2.3673896424972845
127827.06610083595	2000.0	2955.8372474794314	0.0	0	0.0	4782.903348315376	1	0	1	2.3673896424972845
129034.53244335054	2000.0	2748.3709049648355	0.0	0	0.0	4782.903348315376	1	0	1	2.3673896424972845
129836.89838265389	2000.0	2946.004965661493	0.0	0	0.0	4782.903348315376	1	0	1	2.3673896424972845
130693.91507425533	2000.0	3088.9882740600424	0.0	0	0.0	4782.903348315391	1	0	1	2.367389642497283
131286.95188122222	2000.0	3495.9514670931367	0.0	0	0.0	4782.903348315376	1	0	1	2.3673896424972836
132277.0892467202	2000.0	3505.814101595114	0.0	0	0.0	4782.903348315303	1	0	1	2.3673896424972893
134488.27393985	3000.0	2073.510939152321	0.0	0	0.0	4561.784879002327	1	0	2	2.1869669658755324
135172.7704700836	2000.0	2389.014408918736	0.0	0	0.0	4561.784879002342	1	0	1	1.7840363813204234
136066.56304089745	2000.0	2495.22183810486	0.0	0	0.0	4561.784879002342	1	0	1	2.389501489428588
136996.84592718596	2000.0	2564.938951816358	0.0	0	0.0	4561.784879002342	1	0	1	2.389501489428588
137655.20462269557	2000.0	2906.5802563067737	0.0	0	0.0	4561.784879002371	1	0	1	2.389501489428585
138443.7873391703	2000.0	3117.997539832061	0.0	0	0.0	4561.784879002371	1	0	1	2.389501489428585
139327.82084159006	2000.0	3233.9640374122864	0.0	0	0.0	4561.784879002371	1	0	1	2.389501489428585
140300.37554849705	2000.0	3261.409330505289	0.0	0	0.0	4561.784879002371	1	0	1	2.389501489428585
141137.8444038884	2000.0	3423.9404751139587	0.0	0	0.0	4561.784879002371	1	0	1	2.389501489428585
143652.90136990199	3000.0	1908.8835091003966	0.0	0	0.0	4561.784879002371	1	0	1	2.592234043482667
144758.9382376261	2000.0	1802.846641376243	0.0	0	0.0	4561.784879002371	1	0	1	1.9840363813204203
146436.0022014403	2000.0	1125.7826775620651	0.0	0	0.0	4561.784879002371	1	0	1	2.389501489428585
148229.02236172912	2000.0	381.53541766787873	48.77290039458086	0	0.0	4610.5577793969715	1	0	1	2.0929622550295317
148775.1675057152	1000.0	835.3902736817765	0.0	0	0.0	4610.5577793969715	1	0	1	0.6517562479892618
149262.86432284774	1000.0	1347.6934565492438	0.0	0	0.0	4610.5577793969715	1	0	1	1.344903428549207
149733.56923677027	1000.0	1876.988542626741	0.0	0	0.0	4610.5577793969715	1	0	1	1.344903428549207
150168.00458781092	1000.0	2442.55319158608	0.0	0	0.0	4610.5577793969715	1	0	1	1.344903428549207
150527.93703383827	1000.0	3082.620745558731	0.0	0	0.0	4610.5577793969715	1	0	1	1.344903428549207
151911.26328107578	2000.0	2699.294498321237	0.0	0	0.0	4610.5577793969715	1	0	1	1.6914770188291797
153091.60853577606	2000.0	2518.949243620944	0.0	0	0.0	4610.5577793969715	1	0	1	2.384624199389125
154168.43118500692	2000.0	2442.1265943900885	0.0	0	0.0	4610.557779397001	1	0	1	2.384624199389122
154992.84465917436	2000.0	2617.713120222633	0.0	0	0.0	4610.557779397001	1	0	1	2.384624199389122
156007.17537102432	2000.0	2603.3824083726813	0.0	0	0.0	4610.557779397001	1	0	1	2.384624199389122
156579.3727579058	2000.0	3031.1850214912333	0.0	0	0.0	4610.557779397001	1	0	1	2.384624199389122
157252.48599836216	2000.0	3358.071781034875	0.0	0	0.0	4610.55777939703	1	0	1	2.384624199389119
158945.328960685	3000.0	2665.22881871201	0.0	0	0.0	4610.55777939703	1	0	1	2.587356753443202
160663.34478085942	3000.0	1947.212998537581	0.0	0	0.0	4610.55777939703	1	0	1	2.9928218615513664
161584.2106258804	2000.0	2026.3471535166245	0.0	0	0.0	4610.55777939703	1	0	1	1.9791590912809545
163147.25633526786	2000.0	1463.3014441291405	0.0	0	0.0	4610.557779397001	1	0	1	2.3846241993891204
164041.17929083368	2000.0	1569.3784885633322	0.0	0	0.0	4610.55777939703	1	0	1	2.3846241993891204
164976.0035101439	2000.0	1634.5542692531187	0.0	0	0.0	4610.557779397059	1	0	1	2.3846241993891164
165584.09933695424	2000.0	2026.4584424427603	0.0	0	0.0	4610.557779397059	1	0	1	2.3846241993891164
166120.38101322792	2000.0	2490.1767661690806	0.0	0	0.0	4610.557779397088	1	0	1	2.3846241993891133
166982.3630331438	2000.0	2628.1947462531953	0.0	0	0.0	4610.557779397088	1	0	1	2.3846241993891133
167846.82113483112	2000.0	2763.736644565879	0.0	0	0.0	4610.557779397088	1	0	1	2.3846241993891133
168461.66574892518	2000.0	3148.8920304718126	0.0	0	0.0	4610.557779397117	1	0	1	2.38462419938911
169256.6712871458	2000.0	3353.8864922512225	0.0	0	0.0	4610.557779397146	1	0	1	2.3846241993891075
170388.16319624422	2000.0	3109.2453922429436	0.0	0	0.0	4497.408588487277	1	0	2	1.9927487901845518
172817.292321911	2000.0	1680.1162665761494	0.0	0	0.0	4497.408588487277	1	0	1	2.1959391184800934
175021.8323929215	2000.0	475.57619556563964	0.0	0	0.0	4497.408588487277	1	0	1	2.3959391184800944
176508.0654684093	2000.0	304.2405289694775	314.89740889161953	0	0.0	4812.30599737892	1	0	1	0.4750649242412133
176961.44724091954	1000.0	850.8587564592326	0.0	0	0.0	4812.30599737892	1	0	1	0.6315814261910676
177414.31421905014	1000.0	1397.9917783286523	0.0	0	0.0	4812.30599737892	1	0	1	1.3247286067510122
177857.08150942452	1000.0	1955.2244879542818	0.0	0	0.0	4812.305997378891	1	0	1	1.324728606751013
178799.45238729543	1000.0	2012.8536100833505	0.0	0	0.0	4812.305997378891	1	0	1	1.3247286067510151
179216.37685659478	1000.0	2595.929140783998	0.0	0	0.0	4812.305997378891	1	0	1	1.3247286067510151
179715.15806049263	1000.0	3097.1479368861505	0.0	0	0.0	4812.305997378891	1	0	1	1.3247286067510151
180107.08379762896	1000.0	3705.2221997498136	0.0	0	0.0	4812.305997378891	1	0	1	1.3247286067510151
180926.94452960574	2000.0	3885.3614677730384	0.0	0	0.0	4812.305997378891	1	0	1	1.6713021970309876
181740.59097643607	2000.0	4071.715020942719	0.0	0	0.0	4812.305997378891	1	0	1	2.3644493775909328
182961.8130120671	2000.0	3850.492985311712	0.0	0	0.0	4812.305997378891	1	0	1	2.3644493775909328
184533.5588421827	2000.0	3278.7471551961094	0.0	0	0.0	4812.305997378891	1	0	1	2.3644493775909328
185757.89369781062	2000.0	3054.412299568192	0.0	0	0.0	4812.305997378891	1	0	1	2.3644493775909328
186332.6559076625	2000.0	3479.650089716354	0.0	0	0.0	4812.305997378891	1	0	1	2.3644493775909328
187146.1678921638	2000.0	3666.1381052150655	0.0	0	0.0	4812.305997378891	1	0	1	2.3644493775909328
187824.78928429633	2000.0	3987.516713082571	0.0	0	0.0	4812.30599737892	1	0	1	2.36444937759093
188823.5049267404	2000.0	3988.8010706385326	0.0	0	0.0	4812.30599737892	1	0	1	2.36444937759093
189653.333289617	2000.0	4158.972707761948	0.0	0	0.0	4812.30599737892	1	0	1	2.36444937759093
191218.4418007621	2000.0	3593.864196616813	0.0	0	0.0	4812.305997378891	1	0	1	2.3644493775909328
192308.00831284115	2000.0	3395.3410333298666	0.0	0	0.0	4703.349346170988	1	0	2	1.9730457053039863
193699.8535561143	2000.0	3003.4957900567065	0.0	0	0.0	4703.349346170988	1	0	1	2.175345042711723
194919.51071138997	2000.0	2783.8386347810483	0.0	0	0.0	4703.349346171017	1	0	1	2.37534504271172
196357.0769134139	2000.0	2346.272432757115	0.0	0	0.0	4703.349346170988	1	0	1	2.3753450427117233
197435.47356420866	2000.0	2267.8757819623625	0.0	0	0.0	4703.349346170959	1	0	1	2.3753450427117255
198603.36022623643	2000.0	2099.989119934607	0.0	0	0.0	4703.349346170959	1	0	1	2.375345042711726
199566.2889333613	2000.0	2137.060412809762	0.0	0	0.0	4703.3493461709295	1	0	1	2.375345042711729
200647.63520146994	2000.0	2055.7141447011536	0.0	0	0.0	4703.349346170959	1	0	1	2.375345042711726
201382.43259257107	2000.0	2320.916753600009	0.0	0	0.0	4703.3493461709295	1	0	1	2.375345042711729
202032.96248520198	2000.0	2605.3338717059646	0.0	0	0.0	4638.296356907813	1	0	2	1.9802020157996119
202826.72084085422	2000.0	2811.575516053732	0.0	0	0.0	4638.296356907813	1	0	1	2.1818503416380404
204390.03093102665	2000.0	2248.265425881327	0.0	0	0.0	4638.296356907813	1	0	1	2.3818503416380405
205622.28605837433	2000.0	2016.0102985336284	0.0	0	0.0	4638.296356907813	1	0	1	2.3818503416380405
206803.8156924061	2000.0	1834.4806645018894	0.0	0	0.0	4638.296356907813	1	0	1	2.3818503416380405
207740.32914902602	2000.0	1897.9672078819428	0.0	0	0.0	4638.296356907813	1	0	1	2.3818503416380405
208797.11493499833	2000.0	1841.1814219096173	0.0	0	0.0	4638.296356907813	1	0	1	2.3818503416380405
209631.69463933297	2000.0	2006.6017175749898	0.0	0	0.0	4638.296356907813	1	0	1	2.3818503416380405
210630.762072469	2000.0	2007.5342844389838	0.0	0	0.0	4638.296356907784	1	0	1	2.3818503416380437
211595.15340271988	2000.0	2043.14295418807	0.0	0	0.0	4638.296356907784	1	0	1	2.3818503416380437
213061.84864328124	2000.0	1576.447713626762	0.0	0	0.0	4638.296356907842	1	0	1	2.38185034163804
214807.52330788542	2000.0	830.7730490225626	0.0	0	0.0	4638.296356907842	1	0	1	2.381850341638038
215832.99188236368	2000.0	805.304474544327	0.0	0	0.0	4638.296356907871	1	0	1	2.3818503416380348
216816.57579471226	2000.0	821.7205621957701	0.0	0	0.0	4638.296356907871	1	0	1	2.3818503416380348
217547.35419901236	2000.0	1090.942157895694	0.0	0	0.0	4638.296356907871	1	0	1	2.3818503416380348
218238.68009446733	2000.0	1399.6162624407214	0.0	0	0.0	4638.296356907842	1	0	1	2.381850341638038
218908.8075041348	2000.0	1729.4888527732755	0.0	0	0.0	4638.296356907871	1	0	1	2.3818503416380348
219954.9525509119	2000.0	1683.3438059962102	0.0	0	0.0	4638.2963569079	1	0	1	2.381850341638032
220699.80307644384	2000.0	1938.4932804642847	0.0	0	0.0	4638.2963569079	1	0	1	2.381850341638032
221687.71672637752	2000.0	1950.579630530617	0.0	0	0.0	4638.2963569079	1	0	1	2.381850341638032
222482.69993978628	3000.0	2155.596417121874	0.0	0	0.0	4638.296356907871	1	0	1	2.584582895692117
224062.3692328998	3000.0	1575.9271240083422	0.0	0	0.0	4638.2963569079	1	0	1	2.990048003800279
225344.9395519302	2000.0	1293.3568049779396	0.0	0	0.0	4638.2963569079	1	0	1	1.9763852335298675
226805.60324453414	2000.0	832.6931123740037	0.0	0	0.0	4638.296356907871	1	0	1	2.3818503416380348
227646.48855308729	1000.0	991.8078038208433	0.0	0	0.0	4638.296356907871	1	0	1	0.6489823902381722
228167.54530105487	1000.0	1470.7510558532556	0.0	0	0.0	4638.296356907871	1	0	1	1.3421295707981173
228581.6232192937	1000.0	2056.6731376144135	0.0	0	0.0	4638.296356907842	1	0	1	1.3421295707981202
229089.6363214404	1000.0	2548.660035467672	0.0	0	0.0	4638.296356907842	1	0	1	1.3421295707981202
229450.9655919017	1000.0	3187.3307650063643	0.0	0	0.0	4638.296356907842	1	0	1	1.3421295707981202
230201.94592635785	2000.0	3436.3504305502406	0.0	0	0.0	4638.296356907842	1	0	1	1.6887031610780927
231080.32377644395	2000.0	3557.972580464131	0.0	0	0.0	4638.296356907842	1	0	1	2.381850341638038
231812.8503450344	2000.0	3825.446011873682	0.0	0	0.0	4638.296356907871	1	0	1	2.3818503416380348
232612.76926115822	2000.0	4025.5270957499038	0.0	0	0.0	4638.296356907871	1	0	1	2.3818503416380348
234525.9885619827	3000.0	3112.307794925424	0.0	0	0.0	4638.2963569079	1	0	1	2.5845828956921144
235301.33938341698	2000.0	3336.9569734911624	0.0	0	0.0	4638.296356907871	1	0	1	1.9763852335298702
236540.69946101416	2000.0	3097.5968958939998	0.0	0	0.0	4638.296356907842	1	0	1	2.381850341638038
237289.42473818795	2000.0	3348.8716187202226	0.0	0	0.0	4638.296356907871	1	0	1	2.3818503416380348
238061.04442143752	2000.0	3577.2519354706656	0.0	0	0.0	4638.296356907871	1	0	1	2.3818503416380348
239146.8028653184	2000.0	3491.4934915898216	0.0	0	0.0	4638.296356907871	1	0	1	2.3818503416380348
240182.8566454973	2000.0	3455.4397114109147	0.0	0	0.0	4638.296356907871	1	0	1	2.3818503416380348
241266.85690204334	2000.0	3371.4394548648643	0.0	0	0.0	4638.296356907842	1	0	1	2.3818503416380374
241917.2183047506	2000.0	3656.0419118868513	0.0	0	0.0	4573.260216637107	1	0	2	1.9867814301570583
242688.7622646568	2000.0	3884.497951980604	0.0	0	0.0	4573.260216637107	1	0	1	2.1883539556651113
243351.74072703114	2000.0	4221.519489606315	0.0	0	0.0	4573.260216637107	1	0	1	2.3883539556651114
244200.0	2000.0	4373.260216637465	0.0	0	259.009526181384	4573.260216637107	1	0	1	2.3883539556651114
245224.16806574308	3000.0	4349.092150894369	0.0	0	0.0	4573.260216637107	1	0	1	2.5910865097191937
246566.58938262187	3000.0	4006.670834015586	0.0	0	0.0	4573.260216637107	1	0	1	2.9965516178273583
247676.38479064408	3000.0	3785.8958851911198	0.0	0	0.0	4462.2806758348015	1	0	2	2.604672190135409
248994.9909396662	3000.0	3467.2897361689706	0.0	0	0.0	4462.2806758348015	1	0	1	2.807649571907589
250404.89007580534	3000.0	3057.3906000298466	0.0	0	0.0	4462.2806758348015	1	0	1	3.007649571907589
251915.21824984168	3000.0	2547.0624259934957	0.0	0	0.0	4462.2806758348015	1	0	1	3.007649571907589
253188.8843949454	3000.0	2273.3962808897536	0.0	0	0.0	4462.2806758348015	1	0	1	3.007649571907589
254183.8043074157	2000.0	2278.476368419461	0.0	0	0.0	4462.2806758348015	1	0	1	1.9939868016371776
254878.87090875057	2000.0	2583.409767084564	0.0	0	0.0	4462.2806758348015	1	0	1	2.399451909745342
255899.62461353678	2000.0	2562.656062298314	0.0	0	0.0	4462.2806758348015	1	0	1	2.399451909745342
256341.99435940615	2000.0	3120.286316428955	0.0	0	0.0	4462.2806758348015	1	0	1	2.399451909745342
256964.17517334418	2000.0	3498.105502490904	0.0	0	0.0	4462.2806758348015	1	0	1	2.399451909745342
257728.7259012957	3000.0	3733.554774539389	0.0	0	0.0	4462.2806758348015	1	0	1	2.6021844637994245
258733.97506571517	3000.0	3728.3056101199136	0.0	0	0.0	4462.280675834831	1	0	1	3.007649571907586
260580.6061443438	3000.0	2697.011423628409	0.0	0	0.0	4277.617567971931	1	0	2	2.621818508011007
261461.0691334613	2000.0	2816.548434510943	0.0	0	0.0	4277.617567971931	1	0	1	1.8124531124234644
262581.43397991447	2000.0	2696.183588057799	0.0	0	0.0	4277.617567971989	1	0	1	2.417918220531624
263509.4806922245	2000.0	2768.1368757477017	0.0	0	0.0	4277.61756797196	1	0	1	2.417918220531625
264400.3986657645	2000.0	2877.2189022076723	0.0	0	0.0	4277.6175679718435	1	0	1	2.4179182205316327
265656.32572610275	2000.0	2621.2918418693544	0.0	0	0.0	4277.617567971785	1	0	1	2.4179182205316443
267570.8723418697	2000.0	1706.7452261024832	0.0	0	0.0	4277.617567971873	1	0	1	2.4179182205316363
269054.5577737724	2000.0	1223.0597941997441	0.0	0	0.0	4277.617567971931	1	0	1	2.417918220531629
269690.51417195686	2000.0	1587.103396015261	0.0	0	0.0	4277.617567971931	1	0	1	2.417918220531629
270360.94279366796	2000.0	1916.6747743041763	0.0	0	0.0	4277.617567971931	1	0	1	2.417918220531629
271833.5648768597	2000.0	1444.0526911125	0.0	0	0.0	4277.617567971931	1	0	1	2.417918220531629
272954.01555485703	2000.0	1323.6020131152147	0.0	0	0.0	4277.617567971989	1	0	1	2.4179182205316265
273969.4475311469	2000.0	1308.170036825296	0.0	0	0.0	4277.617567971931	1	0	1	2.417918220531629
274756.61702520185	2000.0	1521.00054277033	0.0	0	0.0	4277.617567971873	1	0	1	2.417918220531635
275560.0853549404	2000.0	1717.5322130318261	0.0	0	0.0	4277.617567971873	1	0	1	2.417918220531635
276472.6986532233	2000.0	1804.9189147489067	0.0	0	0.0	4277.617567971814	1	0	1	2.4179182205316407
276992.924029928	1000.0	2284.693538044232	0.0	0	0.0	4277.617567971814	1	0	1	0.6850502691317775
278068.71824166755	2000.0	2208.899326304695	0.0	0	0.0	4277.617567971756	1	0	1	1.7247710399716978
279256.44544713385	2000.0	2021.172120838335	0.0	0	0.0	4277.617567971756	1	0	1	2.4179182205316465
279912.1611347072	2000.0	2365.456433264968	0.0	0	0.0	4277.617567971756	1	0	1	2.4179182205316465
280540.07699145534	2000.0	2737.5405765168734	0.0	0	0.0	4277.617567971756	1	0	1	2.4179182205316465
281666.0220433095	2000.0	2611.59552466271	0.0	0	0.0	4277.617567971756	1	0	1	2.4179182205316465
283775.8853748737	3000.0	1501.732193098545	0.0	0	0.0	4277.617567971814	1	0	1	2.620650774585723
284422.1468843716	2000.0	1855.4706836007267	0.0	0	0.0	4277.617567971873	1	0	1	2.0124531124234704
285472.90455493965	2000.0	1804.7130130326968	0.0	0	0.0	4277.617567971931	1	0	1	2.417918220531629
286553.3114365988	2000.0	1724.3061313735152	0.0	0	0.0	4277.617567971931	1	0	1	2.417918220531629
287553.061082909	2000.0	1724.5564850632695	0.0	0	0.0	4277.617567971931	1	0	1	2.417918220531629
288421.8056314442	2000.0	1855.811936528048	0.0	0	0.0	4277.617567971931	1	0	1	2.417918220531629
289308.463058123	2000.0	1969.1545098492952	0.0	0	0.0	4277.617567971931	1	0	1	2.417918220531629
289826.3725268055	2000.0	2451.2450411669097	0.0	0	0.0	4277.617567971931	1	0	1	2.417918220531629
291176.42996368	2000.0	2101.187604292369	0.0	0	0.0	4277.617567971931	1	0	1	2.417918220531629
292475.615221109	2000.0	1802.0023468633754	0.0	0	0.0	4277.617567971989	1	0	1	2.4179182205316234
294091.9562274215	2000.0	1185.661340550847	0.0	0	0.0	4277.617567971989	1	0	1	2.4179182205316234
295671.54496146296	2000.0	606.0726065094515	0.0	0	0.0	4277.617567972047	1	0	1	2.4179182205316185
297157.5545959277	2000.0	489.27665643921137	369.21368439454966	0	0.0	4646.831252366945	1	0	1	0.16619332320910396
297625.83391827415	1000.0	1020.9973340927256	0.0	0	0.0	4646.831252367003	1	0	1	0.6481289006922588
298374.6234227391	2000.0	1272.207829627835	0.0	0	0.0	4646.831252367061	1	0	1	1.6878496715321707
299326.49397272425	2000.0	1320.3372796426393	0.0	0	0.0	4646.831252367003	1	0	1	2.380996852092122
299684.56777488434	1000.0	1962.2634774825638	0.0	0	0.0	4646.831252367061	1	0	1	0.648128900692253
301016.24196441105	2000.0	1630.5892879558673	0.0	0	0.0	4646.831252367061	1	0	1	1.6878496715321707
302134.56406545296	2000.0	1512.2671869139406	0.0	0	0.0	4646.831252367061	1	0	1	2.380996852092116
303026.4955821994	2000.0	1620.3356701675352	0.0	0	0.0	4646.831252367119	1	0	1	2.3809968520921103
2.2	3.22	3.46	1.89	1.86	1.67	1.66	1.48	1.6	2.12	2.99	2.72	2.37	2.75	1.81	1.71	1.02	0.97	1.27	1.07	1.66	1.96	2.92	1.38	2.18	2.34	1.93	1.95	1.29	1.46	2.12	3.05	2.8	2.18	2.05	1.54	1.63	2.28	1.67	1.33	1.36	1.97	1.45	1.86	2.03	2.0	3.56	3.22	1.6	1.51	2.42	2.14	1.67	1.99	3.13	2.0	2.32	1.86	1.41	1.61	2.17	2.54	3.09	2.71	2.5	2.87	2.72	2.84	2.44	1.77	1.23	1.91	1.33	2.27	3.0	1.82	2.39	2.55	0.88	2.47	1.78	2.24	2.04	2.88	1.45	1.7	2.47	2.81	3.12	2.92	1.9	2.5	2.97	2.02	3.13	1.34	2.35	3.22	1.98	2.25	1.95	3.93	3.04	2.81	1.24	1.54	2.35	2.18	2.09	2.43	1.99	1.11	1.46	1.51	2.55	3.04	1.19	1.75	2.4	2.24	2.18	2.73	1.96	2.11	2.54	2.85	2.22	1.25	2.0	3.07	2.2	2.54	2.27	2.29	3.19	2.13	1.37	1.39	1.75	1.39	1.32	1.02	2.39	2.86	2.49	1.77	2.27	2.42	2.07	2.27	2.2	3.22	3.46	1.89	1.86	1.67	1.66	1.48	1.6	2.12	2.99	2.72	2.37	2.75	1.81	1.71	1.02	0.97	1.27	1.07	1.66	1.96	2.92	1.38	2.18	2.34	1.93	1.95	1.29	1.46	2.12	3.05	2.8	2.18	2.05	1.54	1.63	2.28	1.67	1.33	1.36	1.97	1.45	1.86	2.03	2.0	3.56	3.22	1.6	1.51	2.42	2.14	1.67	1.99	3.13	2.0	2.32	1.86	1.41	1.61	2.17	2.54	3.09	2.71	2.5	2.87	2.72	2.84	2.44	1.77	1.23	1.91	1.33	2.27	3.0	1.82	2.39	2.55	0.88	2.47	1.78	2.24	2.04	2.88	1.45	1.7	2.47	2.81	3.12	2.92	1.9	2.5	2.97	2.02	3.13	1.34	2.35	3.22	1.98	2.25	1.95	3.93	3.04	2.81	1.24	1.54	2.35	2.18	2.09	2.43	1.99	1.11	1.46	1.51	2.55	3.04	1.19	1.75	2.4	2.24	2.18	2.73	1.96	2.11	2.54	2.85	2.22	1.25	2.0	3.07	2.2	2.54	2.27	2.29	3.19	2.13	1.37	1.39	1.75	1.39	1.32	1.02	2.39	2.86	2.49	1.77	2.27	2.42	2.07	2.27	2.2
1.0	2.0	3.0	4.0	5.0	6.0	7.0	8.0	9.0	10.0	11.0	12.0	13.0	14.0	15.0	16.0	17.0	18.0	19.0	20.0	21.0	22.0	23.0	24.0	25.0	26.0	27.0	28.0	29.0	30.0	31.0	32.0	33.0	34.0	35.0	36.0	37.0	38.0	39.0	40.0	41.0	42.0	43.0	44.0	45.0	46.0	47.0	48.0	49.0	50.0	51.0	52.0	53.0	54.0	55.0	56.0	57.0	58.0	59.0	60.0	61.0	62.0	63.0	64.0	65.0	66.0	67.0	68.0	69.0	70.0	71.0	72.0	73.0	74.0	75.0	76.0	77.0	78.0	79.0	80.0	81.0	82.0	83.0	84.0	85.0	86.0	87.0	88.0	89.0	90.0	91.0	92.0	93.0	94.0	95.0	96.0	97.0	98.0	99.0	100.0	101.0	102.0	103.0	104.0	105.0	106.0	107.0	108.0	109.0	110.0	111.0	112.0	113.0	114.0	115.0	116.0	117.0	118.0	119.0	120.0	121.0	122.0	123.0	124.0	125.0	126.0	127.0	128.0	129.0	130.0	131.0	132.0	133.0	134.0	135.0	136.0	137.0	138.0	139.0	140.0	141.0	142.0	143.0	144.0	145.0	146.0	147.0	148.0	149.0	149.0	150.0	151.0	152.0	153.0	154.0	155.0	156.0	157.0	158.0	159.0	160.0	161.0	162.0	163.0	164.0	165.0	166.0	167.0	168.0	169.0	170.0	171.0	172.0	173.0	174.0	175.0	176.0	177.0	178.0	179.0	180.0	181.0	182.0	183.0	184.0	185.0	186.0	187.0	188.0	189.0	190.0	191.0	192.0	193.0	194.0	195.0	196.0	197.0	198.0	199.0	200.0	201.0	202.0	203.0	204.0	205.0	206.0	207.0	208.0	209.0	210.0	211.0	212.0	213.0	214.0	215.0	216.0	217.0	218.0	219.0	220.0	221.0	222.0	223.0	224.0	225.0	226.0	227.0	228.0	229.0	230.0	231.0	232.0	233.0	234.0	235.0	236.0	237.0	238.0	239.0	240.0	241.0	242.0	243.0	244.0	245.0	246.0	247.0	248.0	249.0	250.0	251.0	252.0	253.0	254.0	255.0	256.0	257.0	258.0	259.0	260.0	261.0	262.0	263.0	264.0	265.0	266.0	267.0	268.0	269.0	270.0	271.0	272.0	273.0	274.0	275.0	276.0	277.0	278.0	279.0	280.0	281.0	282.0	283.0	284.0	285.0	286.0	287.0	288.0	289.0	290.0	291.0	292.0	293.0	294.0	295.0	296.0	297.0	298.0	298.0	299.0
5831.954280133847
