3781.3174252314625	300.0	2000.0	103.75256374113023	0	0.0	3781.3174252314625	1	0	1	-0.9986305553891546
3868.769913892852	300.0	2903.8022624724717	0.0	0	0.0	3772.5721763653237	1	0	2	-0.5886362642676048
4200.0	300.0	3539.449167754609	0.0	0	224.55170638523168	3739.4491677546084	1	0	2	-0.40764884552502956
5200.0	300.0	3439.4491677546093	0.0	0	914.0981257509975	3639.4491677546084	1	0	2	-0.44795726484033305
6200.0	500.0	3339.4491677546102	0.0	0	864.8095701395268	3539.449167754609	1	0	2	-0.4166856909849234
7200.0	500.0	3239.449167754609	0.0	0	901.0904069917169	3439.4491677546075	1	0	2	0.12290234088815515
8200.0	500.0	3139.4491677546075	0.0	0	910.1367317535387	3339.4491677546066	1	0	2	0.14931884274168006
9200.0	1000.0	3039.4491677546057	0.0	0	795.1324804522919	3239.449167754605	1	0	2	0.17354870184585441
10200.0	1000.0	2939.449167754607	0.0	0	861.7673002730062	3139.4491677546057	1	0	2	0.8888931491427854
11200.0	3000.0	2839.449167754608	0.0	0	335.1413293271853	3039.4491677546066	1	0	2	0.9093895696398641
12282.31987168392	3000.0	2648.897308902297	0.0	0	0.0	2931.2171805862163	1	0	2	2.0211858420333013
13200.0	3000.0	2639.4491677546084	0.0	0	199.23183468290154	2839.4491677546066	1	0	2	2.0530790815862203
14200.0	3000.0	2539.4491677546093	0.0	0	125.3759834824541	2739.4491677546102	1	0	2	2.059410802471001
15200.0	3000.0	2439.4491677546107	0.0	0	149.60410121698987	2639.449167754612	1	0	2	2.073898412913667
16200.0	3000.0	2339.449167754613	0.0	0	178.94726315139633	2539.449167754612	1	0	2	2.086769225784772
17200.0	3000.0	2239.449167754616	0.0	0	310.9489273923027	2439.449167754612	1	0	2	2.0981542226828385
18200.0	3000.0	2139.449167754616	0.0	0	616.7735696575619	2339.449167754614	1	0	2	2.108198773713184
19200.0	3000.0	2039.4491677546152	0.0	0	512.1995278568975	2239.449167754614	1	0	2	2.117887904655663
20200.0	3000.0	1939.4491677546134	0.0	0	442.55320899177605	2139.449167754614	1	0	2	2.1267141079381147
21248.220793532335	3000.0	1786.406294869047	0.0	0	0.0	2034.627088401383	1	0	2	2.131251882473556
22313.20463821612	3000.0	1614.924065716881	0.0	0	0.0	1928.1287039330018	1	0	2	2.137100332977511
23200.0	3000.0	1639.4491677546118	0.0	0	49.336500929472095	1839.4491677546102	1	0	2	2.1608556058057773
24334.81928873047	3000.0	1391.1479501510935	0.0	0	0.0	1725.9672388815598	1	0	2	2.1423689980545193
25200.0	3000.0	1525.9672388815636	0.0	0	22.94296297800247	1725.9672388815598	1	0	1	2.0575385657105127
26200.0	3000.0	1525.967238881562	0.0	0	457.3844190740674	1725.9672388815598	1	0	1	2.257538565710513
27200.0	3000.0	1525.9672388815625	0.0	0	448.5411807848286	1725.967238881556	1	0	1	2.2575385657105134
28200.0	3000.0	1525.9672388815643	0.0	0	393.77778985343684	1725.967238881556	1	0	1	2.2575385657105134
29200.0	3000.0	1525.9672388815666	0.0	0	478.37770847763386	1725.967238881556	1	0	1	2.2575385657105134
30219.166054794456	3000.0	1506.80118408711	0.0	0	0.0	1725.9672388815525	1	0	1	2.2575385657105134
31507.846186558065	3000.0	1218.121052323499	0.0	0	0.0	1725.9672388815525	1	0	1	2.2575385657105134
32200.0	3000.0	1525.9672388815638	0.0	0	60.82994590476301	1725.9672388815525	1	0	1	2.2575385657105134
33200.0	3000.0	1525.967238881567	0.0	0	60.289253281422134	1725.9672388815525	1	0	1	2.2575385657105134
34200.0	3000.0	1525.9672388815723	0.0	0	480.9709089833632	1725.967238881556	1	0	1	2.2575385657105134
35200.0	3000.0	1525.9672388815611	0.0	0	184.60094185466005	1725.9672388815525	1	0	1	2.2575385657105134
36200.0	3000.0	1525.967238881563	0.0	0	12.95413185567304	1725.9672388815525	1	0	1	2.2575385657105134
37200.0	3000.0	1525.9672388815673	0.0	0	424.42609457858634	1725.9672388815525	1	0	1	2.2575385657105134
38200.0	3000.0	1525.9672388815627	0.0	0	272.98877767350496	1725.9672388815525	1	0	1	2.2575385657105134
39200.0	3000.0	1525.9672388815648	0.0	0	465.9312925349295	1725.9672388815525	1	0	1	2.2575385657105134
40200.0	3000.0	1525.9672388815547	0.0	0	374.70648312426783	1725.9672388815525	1	0	1	2.2575385657105134
41200.0	3000.0	1525.9672388815557	0.0	0	551.1446802097416	1725.9672388815525	1	0	1	2.2575385657105134
42200.0	3000.0	1525.9672388815545	0.0	0	619.2741202114121	1725.9672388815525	1	0	1	2.2575385657105134
43200.0	3000.0	1525.9672388815559	0.0	0	185.15484032394306	1725.9672388815598	1	0	1	2.257538565710513
44200.0	3000.0	1525.96723888155	0.0	0	71.66962322065956	1725.9672388815525	1	0	1	2.2575385657105134
45200.0	3000.0	1525.9672388815525	0.0	0	355.00230121694767	1725.9672388815525	1	0	1	2.2575385657105134
46200.0	3000.0	1525.9672388815557	0.0	0	94.10674895676493	1725.9672388815525	1	0	1	2.2575385657105134
47200.0	3000.0	1525.9672388815582	0.0	0	137.82101114327816	1725.9672388815525	1	0	1	2.2575385657105134
48200.0	3000.0	1525.967238881565	0.0	0	121.70533303441334	1725.9672388815598	1	0	1	2.257538565710513
49200.0	3000.0	1525.9672388815634	0.0	0	148.44505628470506	1725.967238881567	1	0	1	2.2575385657105125
50200.0	3000.0	1525.9672388815586	0.0	0	333.22634607458167	1725.967238881567	1	0	1	2.2575385657105125
51200.0	3000.0	1525.9672388815525	0.0	0	472.6876018124094	1725.9672388815598	1	0	1	2.257538565710513
52200.0	3000.0	1525.9672388815422	0.0	0	527.0637832327266	1725.9672388815598	1	0	1	2.257538565710513
53200.0	3000.0	1525.967238881544	0.0	0	248.08609169767442	1725.9672388815598	1	0	1	2.257538565710513
54873.10790724033	3000.0	852.8593316412183	0.0	0	0.0	1725.967238881567	1	0	1	2.2575385657105125
55745.1505586681	3000.0	980.8166802134537	0.0	0	0.0	1725.967238881567	1	0	1	2.2575385657105125
56450.18744720362	3000.0	1275.779791677933	0.0	0	0.0	1725.967238881567	1	0	1	2.2575385657105125
57589.84095340531	3000.0	1136.126285476245	0.0	0	0.0	1725.967238881567	1	0	1	2.2575385657105125
58200.0	3000.0	1525.9672388815504	0.0	0	98.27697375040589	1725.967238881567	1	0	1	2.2575385657105125
59200.0	3000.0	1525.967238881553	0.0	0	397.7671439311671	1725.9672388815743	1	0	1	2.257538565710512
60200.0	3000.0	1525.9672388815475	0.0	0	403.12854996648093	1725.9672388815743	1	0	1	2.257538565710512
61200.0	3000.0	1525.967238881551	0.0	0	528.1975954672962	1725.9672388815743	1	0	1	2.257538565710512
62200.0	3000.0	1525.9672388815477	0.0	0	350.47423784552666	1725.9672388815743	1	0	1	2.257538565710512
63200.0	3000.0	1525.9672388815432	0.0	0	387.9035395652245	1725.967238881567	1	0	1	2.2575385657105125
64200.0	3000.0	1525.9672388815466	0.0	0	259.81616518735245	1725.967238881567	1	0	1	2.2575385657105125
65200.0	3000.0	1525.9672388815436	0.0	0	68.49779626518284	1725.967238881567	1	0	1	2.2575385657105125
66345.87044558143	3000.0	1380.096793300128	0.0	0	0.0	1725.9672388815889	1	0	1	2.257538565710512
67200.0	3000.0	1525.9672388815563	0.0	0	44.93966660244041	1725.9672388815889	1	0	1	2.257538565710511
68331.74740783458	3000.0	1394.2198310469648	0.0	0	0.0	1725.9672388815816	1	0	1	2.2575385657105116
69200.0	3000.0	1525.9672388815416	0.0	0	21.361496052428265	1725.9672388815816	1	0	1	2.2575385657105116
70200.0	3000.0	1525.967238881531	0.0	0	290.4763096905226	1725.9672388815816	1	0	1	2.2575385657105116
71200.0	3000.0	1525.967238881548	0.0	0	84.71335318218917	1725.9672388815816	1	0	1	2.2575385657105116
72200.0	3000.0	1525.9672388815466	0.0	0	393.13228549626365	1725.9672388815816	1	0	1	2.2575385657105116
73200.0	3000.0	1525.9672388815493	0.0	0	37.301487590695615	1725.9672388815816	1	0	1	2.2575385657105116
74248.01433360155	3000.0	1477.9529052799987	0.0	0	0.0	1725.9672388815816	1	0	1	2.2575385657105116
75200.0	3000.0	1525.9672388815452	0.0	0	197.3196112527221	1725.9672388815816	1	0	1	2.2575385657105116
76332.30753187303	3000.0	1393.6597070085106	0.0	0	0.0	1725.9672388815816	1	0	1	2.2575385657105116
77329.04513884657	3000.0	1396.9221000349619	0.0	0	0.0	1725.9672388815816	1	0	1	2.2575385657105116
78208.9307434345	3000.0	1517.0364954470483	0.0	0	0.0	1725.967238881567	1	0	1	2.2575385657105125
79692.42077208257	3000.0	1033.5464667989695	0.0	0	0.0	1725.967238881567	1	0	1	2.2575385657105125
80682.91771685507	3000.0	1043.049522026478	0.0	0	0.0	1725.9672388815816	1	0	1	2.2575385657105116
82220.90256012937	3000.0	505.06467875216697	0.0	0	0.0	1725.9672388815816	1	0	1	2.2575385657105116
82940.99202322496	2000.0	784.9752156565859	0.0	0	0.0	1725.9672388815816	1	0	1	1.4466083494941822
83421.39388851971	2000.0	1304.5733503618421	0.0	0	0.0	1725.9672388815816	1	0	1	1.8520734576023468
84200.0	2000.0	1525.9672388815634	0.0	0	182.6416446588555	1725.9672388815816	1	0	1	1.8520734576023468
85200.0	2000.0	1525.9672388815627	0.0	0	408.56839467988175	1725.9672388815816	1	0	1	1.8520734576023468
86200.0	2000.0	1525.96723888159	0.0	0	405.27754759618256	1725.9672388815816	1	0	1	1.8520734576023468
87200.0	2000.0	1525.9672388815832	0.0	0	357.07450493462966	1725.9672388815961	1	0	1	1.852073457602346
88200.0	3000.0	1525.9672388815768	0.0	0	484.2028827847971	1725.9672388815961	1	0	1	1.8520734576023463
89200.0	3000.0	1525.9672388815718	0.0	0	353.1121162134659	1725.9672388815961	1	0	1	2.257538565710511
90200.0	3000.0	1525.9672388815802	0.0	0	62.1892358398909	1725.9672388815961	1	0	1	2.257538565710511
91597.45313906224	3000.0	1128.5140998193267	0.0	0	0.0	1725.9672388815961	1	0	1	2.257538565710511
92485.12740671953	3000.0	1240.839832162037	0.0	0	0.0	1725.9672388815961	1	0	1	2.257538565710511
93727.33063557107	3000.0	998.6366033105004	0.0	0	0.0	1725.9672388815961	1	0	1	2.257538565710511
95041.88631427046	3000.0	684.0809246110844	0.0	0	0.0	1725.9672388815961	1	0	1	2.257538565710511
96065.53235692378	3000.0	660.4348819577806	0.0	0	0.0	1725.9672388816107	1	0	1	2.2575385657105103
96629.56361940375	3000.0	1096.4036194778182	0.0	0	0.0	1725.9672388816252	1	0	1	2.2575385657105094
97226.65494181305	3000.0	1499.3122970685313	0.0	0	0.0	1725.9672388816252	1	0	1	2.2575385657105094
98200.0	3000.0	1525.9672388815718	0.0	0	337.02445209250436	1725.9672388816252	1	0	1	2.2575385657105094
99200.0	3000.0	1525.9672388815618	0.0	0	449.5961028774909	1725.9672388816107	1	0	1	2.2575385657105103
100200.0	3000.0	1525.9672388815607	0.0	0	325.64051000949985	1725.9672388816107	1	0	1	2.2575385657105103
101200.0	3000.0	1525.967238881561	0.0	0	384.59509297845943	1725.9672388816107	1	0	1	2.2575385657105103
102200.0	3000.0	1525.9672388815595	0.0	0	255.79148905679176	1725.9672388816107	1	0	1	2.2575385657105103
103200.0	3000.0	1525.9672388815654	0.0	0	401.8194699600863	1725.9672388816107	1	0	1	2.2575385657105103
104200.0	3000.0	1525.9672388815666	0.0	0	21.04319679432956	1725.9672388816107	1	0	1	2.2575385657105103
105200.0	3000.0	1525.9672388815648	0.0	0	340.415554510284	1725.9672388816107	1	0	1	2.2575385657105103
106200.0	3000.0	1525.9672388815602	0.0	0	317.6800425866968	1725.9672388816252	1	0	1	2.2575385657105094
107200.0	3000.0	1525.9672388815522	0.0	0	203.02715087535034	1725.9672388816252	1	0	1	2.2575385657105094
108200.0	3000.0	1525.9672388815413	0.0	0	157.29743645651615	1725.9672388816252	1	0	1	2.2575385657105094
109200.0	3000.0	1525.9672388815402	0.0	0	439.586004974728	1725.9672388816252	1	0	1	2.2575385657105094
110200.0	3000.0	1525.967238881534	0.0	0	136.26501147994713	1725.9672388816252	1	0	1	2.2575385657105094
111620.04271067615	3000.0	1105.924528205379	0.0	0	0.0	1725.9672388816252	1	0	1	2.2575385657105094
112550.34072318832	3000.0	1175.6265156932257	0.0	0	0.0	1725.9672388816252	1	0	1	2.2575385657105094
113200.0	3000.0	1525.9672388815404	0.0	0	6.510090395226143	1725.9672388816252	1	0	1	2.2575385657105094
114200.0	3000.0	1525.967238881548	0.0	0	383.5458019384387	1725.9672388816107	1	0	1	2.2575385657105103
115200.0	3000.0	1525.9672388815522	0.0	0	265.45797757541004	1725.9672388816107	1	0	1	2.2575385657105103
116200.0	3000.0	1525.9672388815677	0.0	0	192.36553740639647	1725.9672388816252	1	0	1	2.2575385657105094
117200.0	3000.0	1525.9672388815802	0.0	0	277.82196604188357	1725.9672388816398	1	0	1	2.2575385657105085
118347.81594165931	3000.0	1378.1512972222795	0.0	0	0.0	1725.9672388816398	1	0	1	2.2575385657105085
120647.55555236693	3000.0	200.0	121.58831348535354	0	0.0	1847.5555523669318	1	0	1	1.5266101269241688
122947.46192845367	3000.0	200.0	1299.906376086744	0	0.0	3147.461928453675	1	0	1	-5.686833778845135
124047.58142276159	3000.0	557.3757660287943	457.4952603366988	0	0.0	3604.957188790373	1	0	1	-0.7667019317603868
125058.47282720078	3000.0	546.4843615896073	0.0	0	0.0	3604.957188790373	1	0	1	1.9782696302598062
125955.96228637433	3000.0	648.9949024160392	0.0	0	0.0	3604.957188790373	1	0	1	1.9782696302598062
126482.86797657463	3000.0	1122.089212215739	0.0	0	0.0	3604.9571887903876	1	0	1	1.9782696302598017
127033.97438321388	3000.0	1515.8721649125778	0.0	0	0.0	3549.846548126472	1	0	2	1.7358646163615856
127497.57069865034	3000.0	2005.9162179324853	0.0	0	0.0	3503.4869165828422	1	0	2	1.9585308581069267
128070.03982647532	3000.0	2376.2001773250163	0.0	0	0.0	3446.2400038003543	1	0	2	1.9628433926579638
128529.70989301238	3000.0	2870.56310413426	0.0	0	0.0	3400.2729971466615	1	0	2	1.9871536632037214
129414.08994039314	3000.0	2897.745052015433	0.0	0	0.0	3311.834992408607	1	0	2	1.9640426252487266
130200.0	3000.0	3033.2439864478956	0.0	0	31.241955640522065	3233.243986447924	1	0	2	1.992740544544286
131200.0	3000.0	2933.2439864479206	0.0	0	397.7442316768138	3133.243986447953	1	0	2	1.9891027442021116
132200.0	3000.0	2833.2439864479265	0.0	0	313.15411726551247	3033.243986447953	1	0	2	2.00982146050416
133200.0	3000.0	2733.243986447945	0.0	0	365.2022388501209	2933.243986447982	1	0	2	2.027746148084717
134200.0	3000.0	2633.243986447977	0.0	0	328.52058358254726	2833.243986448011	1	0	2	2.0450929351019256
135200.0	3000.0	2533.243986447982	0.0	0	261.5086707895389	2733.243986448011	1	0	2	2.0604931447817343
136200.0	3000.0	2433.243986447939	0.0	0	303.6786922957108	2633.243986448011	1	0	2	2.0740602731355344
137200.0	3000.0	2333.2439864479543	0.0	0	14.272957178181969	2533.243986448011	1	0	2	2.087915303205389
138200.0	3000.0	2233.243986447922	0.0	0	224.11888288683258	2433.243986447924	1	0	2	2.0989435030508186
139200.0	3000.0	2133.2439864479556	0.0	0	469.1317855415982	2333.243986447982	1	0	2	2.108932686690311
140200.0	3000.0	2033.2439864479516	0.0	0	232.98104036058066	2233.243986447982	1	0	2	2.1189522387392845
141200.0	3000.0	1933.2439864479454	0.0	0	243.3550830479071	2133.243986447953	1	0	2	2.127583330788446
142200.0	3000.0	1833.243986447959	0.0	0	485.14655853735167	2033.243986447982	1	0	2	2.1352057390166497
143200.0	3000.0	1733.2439864479704	0.0	0	410.0204207711795	1933.243986447982	1	0	2	2.1424864598328734
144200.0	3000.0	1633.2439864480014	0.0	0	271.8855105190014	1833.243986447982	1	0	2	2.149350705283701
145200.0	3000.0	1533.2439864479702	0.0	0	188.41546721491613	1733.243986447953	1	0	2	2.1552476911455467
146200.0	3000.0	1433.2439864480066	0.0	0	294.566849227238	1633.243986447982	1	0	2	2.1605731994073034
147200.0	3000.0	1333.243986447994	0.0	0	471.80117558760685	1533.2439864479238	1	0	2	2.165289158761888
148200.0	3000.0	1233.243986448027	0.0	0	554.0940762257669	1433.243986447982	1	0	2	2.1697130049770905
149200.0	3000.0	1133.2439864480234	0.0	0	615.4611511099502	1333.2439864479238	1	0	2	2.173694092256912
150200.0	3000.0	1033.2439864480655	0.0	0	206.9825452209334	1233.243986447982	1	0	2	2.1773981100778657
151242.6345648736	3000.0	886.3459650871469	0.0	0	0.0	1128.9805299606523	1	0	2	2.176946298720853
152200.0	3000.0	833.2439864480821	0.0	0	307.5204713692656	1033.243986447982	1	0	2	2.188086043711971
153200.0	3000.0	733.2439864481247	0.0	0	357.7508377575723	933.2439864480402	1	0	2	2.1864691184367526
154200.0	3000.0	733.2439864480882	0.0	0	285.8105976158113	933.2439864480402	1	0	1	2.0874221599119553
155200.0	3000.0	733.2439864480607	0.0	0	200.85021220636554	933.2439864480693	1	0	1	2.2874221599119546
156200.0	3000.0	733.2439864480342	0.0	0	500.8043923176301	933.2439864480693	1	0	1	2.2874221599119546
157200.0	3000.0	733.2439864480441	0.0	0	271.24863874772564	933.2439864480402	1	0	1	2.2874221599119555
158288.4952385251	3000.0	644.7487479229742	0.0	0	0.0	933.2439864480402	1	0	1	2.2874221599119555
159200.0	3000.0	733.2439864480451	0.0	0	89.70976606939803	933.2439864480402	1	0	1	2.2874221599119555
160200.0	3000.0	733.2439864480474	0.0	0	91.10765940960846	933.2439864480402	1	0	1	2.2874221599119555
161200.0	3000.0	733.2439864480543	0.0	0	10.418937377544353	933.2439864480402	1	0	1	2.2874221599119555
162200.0	3000.0	733.2439864480668	0.0	0	249.60417047335068	933.2439864480402	1	0	1	2.2874221599119555
163200.0	3000.0	733.2439864480564	0.0	0	353.90505350136664	933.2439864480402	1	0	1	2.2874221599119555
164200.0	3000.0	733.2439864480458	0.0	0	441.192737343139	933.2439864480402	1	0	1	2.2874221599119555
165200.0	3000.0	733.2439864480564	0.0	0	217.7232229023939	933.2439864480402	1	0	1	2.2874221599119555
166200.0	3000.0	733.243986448039	0.0	0	595.2334712051961	933.2439864480111	1	0	1	2.2874221599119564
167200.0	3000.0	733.2439864480345	0.0	0	483.01511236384977	933.243986447982	1	0	1	2.287422159911957
168200.0	3000.0	733.2439864480277	0.0	0	349.63431613185094	933.243986447982	1	0	1	2.287422159911957
169368.34345842196	3000.0	564.9005280260667	0.0	0	0.0	933.243986447982	1	0	1	2.287422159911957
170843.69989291296	3000.0	240.1564897684438	150.61239623339668	0	0.0	1083.856382681406	1	0	1	1.3797050715805637
171740.8538644704	3000.0	589.7908895245075	246.78837131352103	0	0.0	1330.644753994915	1	0	1	0.794580642979914
172487.5625209224	3000.0	843.0822330725265	0.0	0	0.0	1330.644753994915	1	0	1	2.27531087086104
173230.93247562327	3000.0	1099.7122783716636	0.0	0	0.0	1330.644753994915	1	0	1	2.27531087086104
174200.0	3000.0	1130.6447539949063	0.0	0	452.21097383630695	1330.644753994915	1	0	1	2.27531087086104
175200.0	3000.0	1130.6447539949104	0.0	0	554.2674042724539	1330.644753994915	1	0	1	2.27531087086104
176200.0	3000.0	1130.644753994918	0.0	0	450.35878762663924	1330.644753994915	1	0	1	2.27531087086104
177200.0	3000.0	1130.644753994899	0.0	0	7.329112614504993	1330.644753994915	1	0	1	2.27531087086104
178396.20719544432	3000.0	934.4375585505555	0.0	0	0.0	1330.644753994915	1	0	1	2.27531087086104
179200.0	3000.0	1130.6447539948856	0.0	0	134.03486398069072	1330.644753994915	1	0	1	2.27531087086104
180467.7170071921	3000.0	862.9277468027492	0.0	0	0.0	1330.644753994915	1	0	1	2.27531087086104
181768.3504792742	3000.0	562.294274720681	0.0	0	0.0	1330.644753994915	1	0	1	2.27531087086104
182770.89895903994	3000.0	559.7457949549342	0.0	0	0.0	1330.644753994915	1	0	1	2.27531087086104
183591.32605600255	3000.0	739.3186979923669	0.0	0	0.0	1330.644753994915	1	0	1	2.27531087086104
184235.90299070894	3000.0	1094.7417632859442	0.0	0	0.0	1330.644753994915	1	0	1	2.27531087086104
185200.0	3000.0	1130.6447539948929	0.0	0	326.29951756764785	1330.644753994915	1	0	1	2.27531087086104
186200.0	3000.0	1130.6447539948647	0.0	0	249.66981184942415	1330.644753994915	1	0	1	2.27531087086104
187200.0	3000.0	1130.6447539948651	0.0	0	376.5341042013315	1330.644753994915	1	0	1	2.27531087086104
188200.0	3000.0	1130.6447539948726	0.0	0	127.43817739919177	1330.644753994915	1	0	1	2.27531087086104
189642.86200497305	3000.0	687.7827490218152	0.0	0	0.0	1330.644753994915	1	0	1	2.27531087086104
190773.75780388704	3000.0	556.8869501078359	0.0	0	0.0	1330.644753994915	1	0	1	2.27531087086104
191796.35138298417	3000.0	534.2933710106967	0.0	0	0.0	1330.644753994915	1	0	1	2.27531087086104
192507.0652163678	3000.0	823.579537627097	0.0	0	0.0	1330.644753994915	1	0	1	2.27531087086104
193460.81839384235	3000.0	869.8263601525373	0.0	0	0.0	1330.644753994915	1	0	1	2.27531087086104
194200.0	3000.0	1130.6447539948613	0.0	0	214.8629857977794	1330.644753994915	1	0	1	2.27531087086104
195200.0	3000.0	1130.6447539948288	0.0	0	455.57713377539767	1330.644753994915	1	0	1	2.27531087086104
196200.0	3000.0	1130.6447539948504	0.0	0	238.50904850126244	1330.644753994915	1	0	1	2.27531087086104
197200.0	3000.0	1130.6447539948097	0.0	0	303.59000648075016	1330.644753994915	1	0	1	2.27531087086104
198200.0	3000.0	1130.6447539947985	0.0	0	163.19275149941677	1330.644753994915	1	0	1	2.27531087086104
199200.0	3000.0	1130.6447539947785	0.0	0	273.30329150601756	1330.644753994915	1	0	1	2.27531087086104
200200.0	3000.0	1130.6447539948038	0.0	0	515.1269427203806	1330.644753994915	1	0	1	2.27531087086104
201200.0	3000.0	1130.644753994752	0.0	0	494.65434000178357	1330.644753994915	1	0	1	2.27531087086104
202200.0	3000.0	1130.6447539947662	0.0	0	293.14406053721905	1330.644753994915	1	0	1	2.27531087086104
203200.0	3000.0	1130.6447539947608	0.0	0	297.63190930272685	1330.644753994915	1	0	1	2.27531087086104
204231.3036348465	3000.0	1099.3411191482546	0.0	0	0.0	1330.644753994915	1	0	1	2.27531087086104
205200.0	3000.0	1130.6447539947453	0.0	0	216.27887046564138	1330.644753994915	1	0	1	2.27531087086104
206631.69700751556	3000.0	698.9477464792049	0.0	0	0.0	1330.644753994915	1	0	1	2.27531087086104
207391.10330219666	3000.0	939.5414517980988	0.0	0	0.0	1330.644753994915	1	0	1	2.27531087086104
208200.0	3000.0	1130.6447539947583	0.0	0	380.3278365598526	1330.644753994915	1	0	1	2.27531087086104
209200.0	3000.0	1130.6447539947615	0.0	0	510.4003558063996	1330.644753994915	1	0	1	2.27531087086104
210200.0	3000.0	1130.6447539947437	0.0	0	555.6560144338873	1330.644753994915	1	0	1	2.27531087086104
211200.0	3000.0	1130.6447539947396	0.0	0	512.5989672278811	1330.6447539948858	1	0	1	2.2753108708610412
212200.0	3000.0	1130.644753994721	0.0	0	309.39664168283343	1330.6447539948858	1	0	1	2.2753108708610412
213200.0	3000.0	1130.6447539947224	0.0	0	273.56931123978575	1330.6447539948858	1	0	1	2.2753108708610412
214200.0	3000.0	1130.6447539947198	0.0	0	388.5000630056311	1330.6447539948858	1	0	1	2.2753108708610412
215208.80884093334	3000.0	1121.8359130614044	0.0	0	4.735495666653151	1330.644753994915	1	0	1	2.27531087086104
216200.0	3000.0	1130.6447539947494	0.0	0	129.03602652900736	1330.644753994915	1	0	1	2.27531087086104
217200.0	3000.0	1130.6447539947517	0.0	0	132.21306117848144	1330.644753994915	1	0	1	2.27531087086104
218200.0	3000.0	1130.6447539947499	0.0	0	575.1770024117432	1330.644753994915	1	0	1	2.27531087086104
219200.0	3000.0	1130.6447539947346	0.0	0	428.1211444340588	1330.644753994915	1	0	1	2.27531087086104
220200.0	3000.0	1130.644753994706	0.0	0	596.1141231131915	1330.644753994944	1	0	1	2.275310870861039
221200.0	3000.0	1130.6447539947085	0.0	0	544.2925311155559	1330.644753994944	1	0	1	2.275310870861039
222200.0	3000.0	1130.6447539947076	0.0	0	532.6356284163776	1330.6447539949731	1	0	1	2.2753108708610377
223600.25510084323	3000.0	730.3896531514871	0.0	0	0.0	1330.6447539949731	1	0	1	2.2753108708610377
224537.56096253573	3000.0	793.083791458991	0.0	0	0.0	1330.6447539949731	1	0	1	2.2753108708610377
225200.0	3000.0	1130.6447539947635	0.0	0	108.39130376433604	1330.6447539950022	1	0	1	2.275310870861037
226200.0	3000.0	1130.6447539947853	0.0	0	412.38924977200804	1330.6447539950022	1	0	1	2.275310870861037
227200.0	3000.0	1130.644753994793	0.0	0	478.6249650406826	1330.6447539950022	1	0	1	2.275310870861037
228200.0	3000.0	1130.6447539947922	0.0	0	301.8129571765603	1330.6447539950314	1	0	1	2.2753108708610355
229200.0	3000.0	1130.6447539948017	0.0	0	202.50318329644506	1330.6447539950314	1	0	1	2.2753108708610355
230200.0	3000.0	1130.6447539948326	0.0	0	443.35620617933455	1330.6447539950605	1	0	1	2.275310870861035
231200.0	3000.0	1130.644753994861	0.0	0	376.99924745221506	1330.6447539950896	1	0	1	2.2753108708610337
232200.0	3000.0	1130.644753994872	0.0	0	405.0362816846464	1330.6447539951187	1	0	1	2.2753108708610323
233200.0	3000.0	1130.644753994924	0.0	0	345.7844192601042	1330.6447539951187	1	0	1	2.2753108708610323
234200.0	3000.0	1130.6447539949484	0.0	0	209.15016769239446	1330.6447539951187	1	0	1	2.2753108708610323
235200.0	3000.0	1130.644753994929	0.0	0	315.3162692882761	1330.6447539950896	1	0	1	2.2753108708610337
236200.0	3000.0	1130.644753994958	0.0	0	415.1902571517858	1330.6447539951187	1	0	1	2.2753108708610323
237200.0	3000.0	1130.6447539949609	0.0	0	368.87818269155105	1330.6447539951478	1	0	1	2.2753108708610315
238200.0	3000.0	1130.6447539949897	0.0	0	498.00446051193285	1330.6447539951478	1	0	1	2.2753108708610315
239200.0	3000.0	1130.6447539950163	0.0	0	584.2508976757817	1330.6447539951769	1	0	1	2.2753108708610306
240200.0	3000.0	1130.6447539949838	0.0	0	610.5075216967671	1330.6447539951478	1	0	1	2.2753108708610315
241200.0	3000.0	1130.644753994988	0.0	0	567.7669758479751	1330.6447539951478	1	0	1	2.2753108708610315
242200.0	3000.0	1130.6447539949907	0.0	0	567.4552200101607	1330.6447539951478	1	0	1	2.2753108708610315
243200.0	3000.0	1130.6447539949882	0.0	0	258.79740062120254	1330.6447539951769	1	0	1	2.2753108708610306
244298.4370939934	3000.0	1032.2076600016037	0.0	0	0.0	1330.6447539951769	1	0	1	2.2753108708610306
245200.0	3000.0	1130.6447539950036	0.0	0	108.43702787091024	1330.6447539951769	1	0	1	2.2753108708610306
246245.5762218701	3000.0	1189.6261543119303	0.0	0	0.0	1435.202376182191	1	0	0	2.072432226650432
247399.95307324055	3000.0	1035.2493029414752	0.0	0	0.0	1435.202376182191	1	0	1	2.0712568104102016
248200.0	3000.0	1235.2023761820546	0.0	0	175.51589099963894	1435.202376182191	1	0	1	2.2712568104102013
249200.0	3000.0	1235.2023761820521	0.0	0	212.83754206460435	1435.202376182191	1	0	1	2.2712568104102013
250200.0	3000.0	1235.2023761820637	0.0	0	203.5752325192734	1435.2023761822202	1	0	1	2.2712568104102004
251200.0	3000.0	1235.2023761820328	0.0	0	192.97030674206326	1435.2023761822202	1	0	1	2.2712568104102004
252200.0	3000.0	1235.2023761820296	0.0	0	77.69617980209296	1435.2023761822202	1	0	1	2.2712568104102004
253200.0	3000.0	1235.2023761820392	0.0	0	29.92275085579604	1435.2023761822202	1	0	1	2.2712568104102004
254200.0	3000.0	1235.202376182077	0.0	0	151.8093882567773	1435.2023761822202	1	0	1	2.2712568104102004
255200.0	3000.0	1235.2023761820897	0.0	0	410.2834049882076	1435.2023761822493	1	0	1	2.271256810410199
256236.8182318063	3000.0	1198.384144375792	0.0	0	0.0	1435.2023761822493	1	0	1	2.271256810410199
257250.59037197568	3000.0	1184.6120042064322	0.0	0	0.0	1435.2023761822493	1	0	1	2.271256810410199
258200.0	3000.0	1235.2023761821135	0.0	0	159.9226205815503	1435.2023761822493	1	0	1	2.271256810410199
259200.0	3000.0	1235.2023761821408	0.0	0	34.00432512286352	1435.2023761822493	1	0	1	2.271256810410199
260245.64323957902	3000.0	1189.559136603148	0.0	0	0.0	1435.2023761822493	1	0	1	2.271256810410199
261200.0	3000.0	1235.202376182171	0.0	0	252.07081664833822	1435.2023761822493	1	0	1	2.271256810410199
262241.84454754984	3000.0	1193.357828632326	0.0	0	0.0	1435.2023761822784	1	0	1	2.2712568104101987
263200.0	3000.0	1235.2023761821401	0.0	0	82.15568082366372	1435.2023761822202	1	0	1	2.2712568104101996
264674.9938763264	3000.0	760.208499855651	0.0	0	0.0	1435.202376182191	1	0	1	2.2712568104102013
265642.46045739256	3000.0	792.7419187895239	0.0	0	0.0	1435.202376182191	1	0	1	2.271256810410203
266839.4649952821	3000.0	595.7373808999372	0.0	0	0.0	1435.202376182191	1	0	1	2.2712568104102013
267757.9180782769	3000.0	677.2842979050642	0.0	0	0.0	1435.202376182191	1	0	1	2.2712568104102013
268456.82629717566	3000.0	978.3760790062984	0.0	0	0.0	1435.202376182191	1	0	1	2.2712568104102013
269474.49341915955	3000.0	960.7089570224344	0.0	0	0.0	1435.202376182191	1	0	1	2.2712568104102013
270949.30989858386	3000.0	485.8924775981433	0.0	0	0.0	1435.2023761821329	1	0	1	2.271256810410204
271707.24338453286	3000.0	727.9589916492007	0.0	0	0.0	1435.202376182191	1	0	1	2.2712568104102013
272699.9460939224	3000.0	735.2562822596223	0.0	0	0.0	1435.2023761821329	1	0	1	2.271256810410204
273352.22937482106	3000.0	1082.973001361061	0.0	0	0.0	1435.2023761821329	1	0	1	2.271256810410204
274200.0	3000.0	1235.202376182145	0.0	0	70.48949475924019	1435.2023761821329	1	0	1	2.271256810410204
275200.0	3000.0	1235.2023761821379	0.0	0	160.66877148894127	1435.2023761821329	1	0	1	2.271256810410204
276200.0	3000.0	1235.2023761821108	0.0	0	263.10173544386635	1435.2023761821329	1	0	1	2.271256810410204
277200.0	3000.0	1235.2023761821656	0.0	0	445.78877944574924	1435.202376182191	1	0	1	2.2712568104102013
278200.0	3000.0	1235.2023761821754	0.0	0	225.07951712718932	1435.202376182191	1	0	1	2.2712568104102013
279200.0	3000.0	1235.2023761821638	0.0	0	481.65705520490883	1435.202376182191	1	0	1	2.2712568104102013
280200.0	3000.0	1235.202376182187	0.0	0	375.4719567876309	1435.2023761822493	1	0	1	2.271256810410199
281200.0	3000.0	1235.2023761822306	0.0	0	403.4783206084976	1435.2023761822493	1	0	1	2.271256810410199
282200.0	3000.0	1235.2023761822516	0.0	0	459.9448855461669	1435.2023761822493	1	0	1	2.271256810410199
283200.0	3000.0	1235.2023761822543	0.0	0	430.8657244020724	1435.202376182191	1	0	1	2.2712568104102013
284200.0	3000.0	1235.202376182159	0.0	0	490.0787245553802	1435.2023761821329	1	0	1	2.271256810410204
285200.0	3000.0	1235.2023761821722	0.0	0	365.2147657209425	1435.2023761821329	1	0	1	2.271256810410204
286200.0	3000.0	1235.2023761822313	0.0	0	405.6278571933508	1435.2023761821329	1	0	1	2.271256810410204
287200.0	3000.0	1235.2023761822645	0.0	0	251.19185189466225	1435.2023761821329	1	0	1	2.271256810410204
288200.0	3000.0	1235.2023761822272	0.0	0	501.74538244045107	1435.2023761821329	1	0	1	2.271256810410204
289200.0	3000.0	1235.2023761822115	0.0	0	675.7083235688624	1435.2023761821329	1	0	1	2.271256810410204
290200.0	3000.0	1235.2023761821852	0.0	0	521.6957630147226	1435.2023761821329	1	0	1	2.271256810410204
291200.0	6000.0	1235.202376182197	0.0	0	194.66389910579892	1435.2023761821329	1	0	1	2.2712568104102036
292819.1039808651	6000.0	616.0983953170971	0.0	0	0.0	1435.2023761821329	1	0	1	2.9644039909701485
293424.8933826563	3000.0	1010.3089935258905	0.0	0	0.0	1435.2023761820747	1	0	1	1.5781096298502613
294200.0	3000.0	1235.2023761821338	0.0	0	127.78748233383521	1435.2023761820747	1	0	1	2.271256810410206
295200.0	3000.0	1235.2023761821863	0.0	0	339.9427784451982	1435.2023761820747	1	0	1	2.271256810410206
296200.0	3000.0	1235.202376182191	0.0	0	303.6146941877669	1435.2023761820165	1	0	1	2.2712568104102084
297200.0	3000.0	1235.202376182171	0.0	0	609.2622490850044	1435.2023761820165	1	0	1	2.2712568104102084
298200.0	3000.0	1235.2023761821815	0.0	0	198.6194332127925	1435.2023761820165	1	0	1	2.2712568104102084
299370.129809253	3000.0	1065.072566929215	0.0	0	0.0	1435.2023761820747	1	0	1	2.271256810410206
300468.01457731886	3000.0	967.1877988633645	0.0	0	0.0	1435.2023761820747	1	0	1	2.271256810410206
4.49	6.26	6.66	8.91	7.03	7.07	8.12	4.48	3.09	4.37	2.91	2.95	3.86	6.21	8.54	5.8	3.05	2.76	2.85	3.13	2.7	4.71	5.06	5.9	5.05	4.49	2.84	2.84	3.97	4.68	4.66	4.45	3.57	5.8	6.07	3.68	5.83	7.4	5.63	4.58	3.85	3.58	3.54	3.71	2.94	5.04	6.34	6.08	4.1	2.63	2.27	2.84	3.57	3.56	4.73	5.55	6.46	5.94	5.49	3.92	3.73	2.17	2.97	2.84	2.81	4.85	2.86	3.29	4.99	3.53	3.01	4.2	2.83	3.2	2.93	2.15	2.83	2.27	2.48	3.45	3.76	3.97	3.22	5.14	7.11	5.53	2.78	2.54	2.98	3.31	2.39	2.85	4.85	5.14	4.82	3.9	4.9	5.1	5.87	3.95	4.48	6.34	4.71	4.84	4.39	5.05	3.09	2.35	4.1	4.95	5.46	4.36	4.48	3.43	3.04	1.56	1.74	1.17	1.89	1.97	3.67	3.78	5.43	6.59	5.21	4.33	4.83	4.39	5.63	4.04	4.85	5.35	4.17	3.31	4.21	4.53	5.28	5.46	4.75	3.9	5.06	4.83	5.93	8.27	10.7	7.15	3.28	3.9	5.64	5.82	4.47	4.85	5.82	3.31	3.41	4.43	4.63	3.54	4.61	4.97	3.79	5.87	7.73	6.59	3.41	2.28	2.76	2.5	3.6	4.48	4.92	6.59	3.75	3.49	3.29	3.58	2.78	2.73	3.58	4.7	5.75	5.82	5.18	4.11	3.97	2.43	2.95	3.74	3.86	3.81	4.51	4.2	4.45	4.61	4.89	4.88	5.27	5.42	4.14	2.84	2.98	3.57	2.17	4.19	6.57	6.37	5.93	5.06	4.92	5.68	6.27	2.68	3.13	5.36	7.05	6.14	6.75	7.18	3.95	2.35	4.1	6.53	7.09	5.12	4.45	5.69	6.64	5.24	5.4	3.85	4.15	6.15	5.72	5.54	7.96	6.75	6.19	6.05	4.74	5.1	3.05	3.6	3.15	3.67	3.85	5.73	4.29	4.33	4.39	3.44	4.02	4.63	3.34	3.32	3.12	3.8	3.54	3.78	3.45	3.52	2.55	2.35	3.06	4.04	5.66	2.34	1.97	3.22	3.97	3.88	2.95	3.51	5.97	5.42	4.01	5.12	4.38	6.68	6.92	7.21	5.66	5.73	5.43	5.04	7.34	9.39	6.86	4.9	4.24	5.99	4.31	5.26	6.56	6.79	3.68	3.24	3.07	2.42
1.0	2.0	3.0	4.0	5.0	6.0	7.0	8.0	9.0	10.0	11.0	12.0	13.0	14.0	15.0	16.0	17.0	18.0	19.0	20.0	21.0	22.0	23.0	24.0	25.0	26.0	27.0	28.0	29.0	30.0	31.0	32.0	33.0	34.0	35.0	36.0	37.0	38.0	39.0	40.0	41.0	42.0	43.0	44.0	45.0	46.0	47.0	48.0	49.0	50.0	51.0	52.0	53.0	54.0	55.0	56.0	57.0	58.0	59.0	60.0	61.0	62.0	63.0	64.0	65.0	66.0	67.0	68.0	69.0	70.0	71.0	72.0	73.0	74.0	75.0	76.0	77.0	78.0	79.0	80.0	81.0	82.0	83.0	84.0	85.0	86.0	87.0	88.0	89.0	90.0	91.0	92.0	93.0	94.0	95.0	96.0	97.0	98.0	99.0	100.0	101.0	102.0	103.0	104.0	105.0	106.0	107.0	108.0	109.0	110.0	111.0	112.0	113.0	114.0	115.0	116.0	117.0	118.0	119.0	120.0	121.0	122.0	123.0	124.0	125.0	126.0	127.0	128.0	129.0	130.0	131.0	132.0	133.0	134.0	135.0	136.0	137.0	138.0	139.0	140.0	141.0	142.0	143.0	144.0	145.0	146.0	147.0	148.0	149.0	150.0	151.0	152.0	153.0	154.0	155.0	156.0	157.0	158.0	159.0	160.0	161.0	162.0	163.0	164.0	165.0	166.0	167.0	168.0	169.0	170.0	171.0	172.0	173.0	174.0	175.0	176.0	177.0	178.0	179.0	180.0	181.0	182.0	183.0	184.0	185.0	186.0	187.0	188.0	189.0	190.0	191.0	192.0	193.0	194.0	195.0	196.0	197.0	198.0	199.0	200.0	201.0	202.0	203.0	204.0	205.0	206.0	207.0	208.0	209.0	210.0	211.0	212.0	213.0	214.0	215.0	216.0	217.0	218.0	219.0	220.0	221.0	222.0	223.0	224.0	225.0	226.0	227.0	228.0	229.0	230.0	231.0	232.0	233.0	234.0	235.0	236.0	237.0	238.0	239.0	240.0	241.0	242.0	243.0	244.0	245.0	246.0	247.0	248.0	249.0	250.0	251.0	252.0	253.0	254.0	255.0	256.0	257.0	258.0	259.0	260.0	261.0	262.0	263.0	264.0	265.0	266.0	267.0	268.0	269.0	270.0	271.0	272.0	273.0	274.0	275.0	276.0	277.0	278.0	279.0	280.0	281.0	282.0	283.0	284.0	285.0	286.0	287.0	288.0	289.0	290.0	291.0	292.0	293.0	294.0	295.0	296.0	297.0	298.0
3580.1635649571476
