4883.321190103561	300.0	2000.0	203.99550206357577	0	0.0	4883.321190103561	1	0	1	-2.1649027027247687
5094.734475949001	300.0	2767.445385570016	0.0	0	0.0	4862.179861519017	1	0	2	-1.18547246450991
5338.100703153533	300.0	3499.7425356450312	0.0	0	0.0	4837.843238798565	1	0	2	-0.971416043805196
5520.288072689786	300.0	4299.336429155153	0.0	0	0.0	4819.62450184494	1	0	2	-0.9512590768915561
6200.0	500.0	4551.653309113917	0.0	0	365.53807718977623	4751.653309113918	1	0	2	-0.9725785338661782
7200.0	500.0	4451.653309113916	0.0	0	646.0103738576217	4651.653309113917	1	0	2	-0.4304923566159523
8200.0	500.0	4351.653309113915	0.0	0	653.726629911117	4551.653309113918	1	0	2	-0.3654170385584984
9200.0	500.0	4251.6533091139145	0.0	0	582.7341894719575	4451.653309113918	1	0	2	-0.30398368249154517
10200.0	1000.0	4151.653309113915	0.0	0	598.2009632688587	4351.653309113919	1	0	2	-0.24610626269072436
11200.0	1000.0	4051.6533091139145	0.0	0	571.9774367301507	4251.653309113917	1	0	2	0.5003964471185844
12200.0	1000.0	3951.6533091139154	0.0	0	713.0386872727449	4151.653309113917	1	0	2	0.5503719861269627
13200.0	1000.0	3851.6533091139145	0.0	0	561.4116584921067	4051.653309113917	1	0	2	0.5971197957156182
14200.0	2000.0	3751.6533091139127	0.0	0	477.74329634231253	3951.6533091139154	1	0	2	0.6412992537274544
15200.0	2000.0	3651.653309113914	0.0	0	457.7713772488878	3851.6533091139136	1	0	2	1.374407708152832
16200.0	2000.0	3551.653309113915	0.0	0	601.1899543335312	3751.6533091139136	1	0	2	1.4108822015637488
17200.0	2000.0	3451.6533091139177	0.0	0	440.9601795749113	3651.6533091139154	1	0	2	1.4456009993237027
18200.0	2000.0	3351.653309113916	0.0	0	363.78403825086934	3551.65330911391	1	0	2	1.4775644481248311
19200.0	2000.0	3251.6533091139136	0.0	0	377.9336866463673	3451.653309113908	1	0	2	1.506080316378176
21568.994660797267	3000.0	1645.7591822369213	0.0	0	0.0	3214.753843034181	1	0	2	1.4229446905459033
22655.941535073995	2000.0	1450.1176205325187	0.0	0	0.0	3106.0591556065083	1	0	2	1.177714605967851
23441.527586994856	2000.0	1585.9729634195687	0.0	0	0.0	3027.5005504144137	1	0	2	1.6299544413993285
24069.753772329754	2000.0	1894.924159551183	0.0	0	0.0	2964.677931880924	1	0	2	1.6578773829248616
24834.89350226405	2000.0	2053.2704566234615	0.0	0	0.0	2888.163958887493	1	0	2	1.6562876406671028
26014.083258837592	2000.0	1756.1617243925639	0.0	0	0.0	2770.2449832301354	1	0	2	1.6309247624196566
27187.350228838986	2000.0	1465.568057391033	0.0	0	0.0	2652.9182862300004	1	0	2	1.6506046059328017
27911.981610613682	2000.0	1668.473537438868	0.0	0	0.0	2580.4551480525297	1	0	2	1.705472111451273
28931.342922265183	2000.0	1547.1760946222166	0.0	0	0.0	2478.519016887378	1	0	2	1.687549666454268
29845.171424368247	2000.0	1541.9647423088431	0.0	0	0.0	2387.1361666770717	1	0	2	1.7078443245081936
30743.976669746673	2000.0	1553.2789723925748	0.0	0	0.0	2297.2556421392255	1	0	2	1.7183282955428991
31538.574197114725	2000.0	1679.2216922877158	0.0	0	0.0	2217.7958894024123	1	0	2	1.7365821040599463
32394.292390161714	2000.0	1737.9316799360302	0.0	0	0.0	2132.2240700977163	1	0	2	1.7377407639329583
33705.60700335343	2000.0	1295.4856054251588	0.0	0	0.0	2001.0926087785592	1	0	2	1.7019220000878281
34350.37212029876	2000.0	1586.2439767853027	0.0	0	0.0	1936.6160970840356	1	0	2	1.7738746502435128
35200.0	2000.0	1651.6533091139368	0.0	0	166.21907629457564	1851.6533091139136	1	0	2	1.7581042574079366
36200.0	2000.0	1551.6533091139431	0.0	0	523.6312381963653	1751.6533091139281	1	0	2	1.7484619066328055
37200.0	2000.0	1451.6533091139468	0.0	0	648.9370944419934	1651.6533091139354	1	0	2	1.7538815758391941
38200.0	2000.0	1351.6533091139454	0.0	0	522.0953708534944	1551.6533091139281	1	0	2	1.7589045945096313
39200.0	2000.0	1251.6533091139502	0.0	0	578.0751081255075	1451.65330911395	1	0	2	1.7634071479367757
40200.0	2000.0	1151.6533091139486	0.0	0	504.0921103414221	1351.6533091139572	1	0	2	1.76753078868157
41200.0	2000.0	1051.6533091139445	0.0	0	332.97828892595135	1251.65330911395	1	0	2	1.7713725907343267
42200.0	3000.0	951.653309113949	0.0	0	182.00800838669966	1151.6533091139572	1	0	2	1.7747996166139726
43200.0	3000.0	851.6533091139493	0.0	0	285.0768243700586	1051.65330911395	1	0	2	2.1832454516376822
44200.0	3000.0	751.6533091139479	0.0	0	326.9087015015757	951.6533091139572	1	0	2	2.1859479059241864
45396.962650245834	3000.0	554.690658868113	0.0	0	0.0	951.6533091139572	1	0	1	2.0869596411421867
46612.8299060286	3000.0	366.5397702439765	27.71636715862519	0	0.0	979.3696762725813	1	0	1	2.1199490391853417
47701.36812335324	3000.0	500.21001703942056	222.20846412008353	0	0.0	1201.5781403926667	1	0	1	0.9465233704568984
48468.820025773326	3000.0	732.7581146193345	0.0	0	0.0	1201.5781403926667	1	0	1	2.2797741551773996
49335.31352113492	3000.0	866.26461925774	0.0	0	0.0	1201.5781403926594	1	0	1	2.2797741551773996
50674.44441393877	3000.0	527.1337264538944	0.0	0	0.0	1201.5781403926594	1	0	1	2.2797741551773996
51842.27203693048	3000.0	422.04601682082927	62.73991335864736	0	0.0	1264.3180537513035	1	0	1	1.9012356831809754
52462.13771560775	3000.0	802.180338143559	0.0	0	0.0	1264.3180537513035	1	0	1	2.277675163332859
53200.0	3000.0	1064.3180537513124	0.0	0	0.30913092337868875	1264.3180537513035	1	0	1	2.277675163332859
54200.0	3000.0	1064.3180537513135	0.0	0	438.47815765954147	1264.3180537513035	1	0	1	2.277675163332859
55200.0	3000.0	1064.318053751313	0.0	0	300.1406629849371	1264.3180537513108	1	0	1	2.277675163332859
56200.0	3000.0	1064.3180537513128	0.0	0	167.55568668692285	1264.3180537513108	1	0	1	2.277675163332859
57200.0	3000.0	1064.3180537513151	0.0	0	363.80769428564236	1264.3180537513108	1	0	1	2.277675163332859
58200.0	3000.0	1064.3180537513128	0.0	0	300.58070081409824	1264.3180537513108	1	0	1	2.277675163332859
59200.0	3000.0	1064.3180537513206	0.0	0	66.44286836673564	1264.318053751318	1	0	1	2.2776751633328587
60271.59816088581	3000.0	992.7198928655091	0.0	0	0.0	1264.3180537513108	1	0	1	2.277675163332859
61667.06234056466	3000.0	597.2557131866581	0.0	0	0.0	1264.3180537513108	1	0	1	2.277675163332859
63528.511130252344	3000.0	202.11458867288027	466.3076651739068	0	0.0	1730.625718925221	1	0	1	-0.5375742475615064
64437.81624108373	3000.0	509.75751899071327	216.94804114921988	0	0.0	1947.573760074447	1	0	1	0.9424543564825065
65292.83392782316	3000.0	654.7398322512904	0.0	0	0.0	1947.573760074447	1	0	1	2.244142603377826
66055.2036420074	3000.0	892.3701180670568	0.0	0	0.0	1947.5737600744615	1	0	1	2.244142603377826
66843.76769732239	3000.0	1103.806062752079	0.0	0	0.0	1947.5737600744615	1	0	1	2.2441426033778247
67450.55754971836	3000.0	1497.0162103561204	0.0	0	0.0	1947.573760074476	1	0	1	2.2441426033778242
69005.57989691147	3000.0	941.9938631630152	0.0	0	0.0	1947.573760074476	1	0	1	2.244142603377824
70106.88708932699	3000.0	840.6866707474954	0.0	0	0.0	1947.573760074476	1	0	1	2.244142603377824
71757.4714646066	3000.0	200.0	9.897704532127904	0	0.0	1957.471464606584	1	0	1	2.184622781606397
72570.39208360686	2000.0	554.7874213162562	226.36372928777047	0	0.0	2125.1795049231005	1	0	2	-0.19826055028608497
73702.34885202855	2000.0	345.194491390543	32.32683212559414	0	0.0	2047.5433434190782	1	0	2	1.5254253020558113
74762.50460444807	2000.0	379.8605465541022	182.57943893184802	0	0.0	2142.3651510021446	1	0	2	0.6387916250956889
75564.18303645216	2000.0	620.0806459419537	41.89853139194082	0	0.0	2184.2636823940848	1	0	1	1.3694313026831175
76265.12248141177	2000.0	919.1412009823516	0.0	0	0.0	2184.26368239407	1	0	1	1.820822491034764
77055.97562876676	2000.0	1128.2880536273663	0.0	0	0.0	2184.2636823940848	1	0	1	1.8208224910347626
77592.90563605561	2000.0	1591.3580463385238	0.0	0	0.0	2184.2636823940848	1	0	1	1.8208224910347626
78227.03400889276	2000.0	1957.2296735013585	0.0	0	0.0	2184.26368239407	1	0	1	1.820822491034764
79436.53867887851	2000.0	1747.7250035156155	0.0	0	0.0	2184.26368239407	1	0	1	1.820822491034764
80709.33021456774	2000.0	1474.9334678263988	0.0	0	0.0	2184.26368239407	1	0	1	1.820822491034764
81508.03481430006	2000.0	1676.2288680940858	0.0	0	0.0	2184.26368239407	1	0	1	1.820822491034764
82200.0	2000.0	1984.2636823941675	0.0	0	39.21357177216851	2184.2636823940848	1	0	1	1.8208224910347626
83200.0	2000.0	1984.2636823941684	0.0	0	191.63482480170205	2184.2636823940993	1	0	1	1.8208224910347615
84319.90247719373	2000.0	1864.36120520043	0.0	0	0.0	2184.2636823940993	1	0	1	1.8208224910347615
86120.58445517434	2000.0	1063.6792272198331	0.0	0	0.0	2184.2636823940848	1	0	1	1.8208224910347626
87388.38566859448	2000.0	795.8780137996952	0.0	0	0.0	2184.26368239407	1	0	1	1.820822491034764
88505.39299962095	2000.0	678.8706827732168	0.0	0	0.0	2184.26368239407	1	0	1	1.820822491034764
89022.94330959511	1000.0	1161.3203727990717	0.0	0	0.0	2184.2636823940848	1	0	1	0.4345281299148724
89701.96025716033	1000.0	1482.3034252338434	0.0	0	0.0	2184.2636823940848	1	0	1	1.1276753104748176
90200.0	1000.0	1984.2636823941814	0.0	0	23.72609299958276	2184.2636823940848	1	0	1	1.1276753104748176
91200.0	1000.0	1984.2636823941739	0.0	0	493.53424236539286	2184.2636823940848	1	0	1	1.1276753104748176
92200.0	1000.0	1984.2636823941666	0.0	0	596.0909894506913	2184.2636823940993	1	0	1	1.1276753104748163
93200.0	1000.0	1984.263682394183	0.0	0	512.9071245424566	2184.263682394114	1	0	1	1.1276753104748152
94200.0	1000.0	1984.2636823941752	0.0	0	548.2982190036419	2184.263682394114	1	0	1	1.1276753104748152
95200.0	1000.0	1984.2636823941657	0.0	0	576.6753185322159	2184.263682394114	1	0	1	1.1276753104748152
96200.0	2000.0	1984.2636823941739	0.0	0	446.67962820181856	2184.263682394114	1	0	1	1.1276753104748152
97200.0	2000.0	1984.2636823941784	0.0	0	291.46159562999674	2184.263682394114	1	0	1	1.8208224910347603
98200.0	2000.0	1984.2636823941639	0.0	0	300.39850103693607	2184.263682394114	1	0	1	1.8208224910347603
99200.0	2000.0	1984.2636823941589	0.0	0	106.46159340720624	2184.263682394114	1	0	1	1.8208224910347603
100200.0	2000.0	1984.263682394148	0.0	0	488.4728458283207	2184.263682394114	1	0	1	1.8208224910347603
101200.0	2000.0	1984.2636823941516	0.0	0	317.77459866220306	2184.263682394114	1	0	1	1.8208224910347603
102200.0	3000.0	1984.2636823941634	0.0	0	179.72296681860462	2184.2636823940993	1	0	1	1.8208224910347617
103200.0	3000.0	1984.2636823941862	0.0	0	361.70259189060016	2184.2636823940993	1	0	1	2.226287599142926
104200.0	3000.0	1984.2636823941784	0.0	0	289.3152553649852	2184.2636823940993	1	0	1	2.226287599142926
105200.0	3000.0	1984.2636823941793	0.0	0	346.4183411463018	2184.263682394114	1	0	1	2.226287599142925
106200.0	3000.0	1984.2636823941812	0.0	0	187.03773409135465	2184.263682394114	1	0	1	2.226287599142925
107826.56872240939	3000.0	1357.6949599847917	0.0	0	0.0	2184.263682394114	1	0	1	2.226287599142925
109053.32942621935	3000.0	1130.9342561748354	0.0	0	0.0	2184.263682394114	1	0	1	2.226287599142925
109686.65029536514	3000.0	1497.6133870290469	0.0	0	0.0	2184.263682394114	1	0	1	2.226287599142925
110232.57113731821	3000.0	1951.6925450759618	0.0	0	0.0	2184.263682394114	1	0	1	2.226287599142925
111200.0	3000.0	1984.2636823941764	0.0	0	0.3814022294827737	2184.263682394114	1	0	1	2.226287599142925
112386.83704781893	3000.0	1797.4266345752537	0.0	0	0.0	2184.263682394114	1	0	1	2.226287599142925
113894.68278459653	3000.0	1289.5808977976524	0.0	0	0.0	2184.263682394114	1	0	1	2.226287599142925
115494.67160219655	3000.0	689.5920801976251	0.0	0	0.0	2184.2636823940993	1	0	1	2.226287599142926
116102.03414392177	2000.0	1082.2295384724039	0.0	0	0.0	2184.2636823940993	1	0	1	1.4153573829265969
116799.10939787915	2000.0	1385.1542845150389	0.0	0	0.0	2184.2636823940993	1	0	1	1.8208224910347615
117527.19520327642	2000.0	1657.068479117763	0.0	0	0.0	2184.2636823940993	1	0	1	1.8208224910347615
118200.0	3000.0	1984.2636823941875	0.0	0	46.265760134963784	2184.2636823940993	1	0	1	1.8208224910347617
119200.0	3000.0	1984.2636823941793	0.0	0	428.85672001793864	2184.2636823940993	1	0	1	2.226287599142926
120200.0	3000.0	1984.2636823941707	0.0	0	413.3391961136076	2184.2636823940993	1	0	1	2.226287599142926
121200.0	3000.0	1984.2636823941639	0.0	0	328.88006084330846	2184.2636823940848	1	0	1	2.2262875991429274
122334.30403806946	3000.0	1849.95964432469	0.0	0	0.0	2184.2636823940848	1	0	1	2.2262875991429274
123719.66951206727	3000.0	1464.594170326869	0.0	0	0.0	2184.26368239407	1	0	1	2.2262875991429287
124426.96573426339	3000.0	1757.2979481307473	0.0	0	0.0	2184.2636823940556	1	0	1	2.22628759914293
125612.79088795734	3000.0	1571.4727944368	0.0	0	0.0	2184.2636823940556	1	0	1	2.22628759914293
126586.8623881562	3000.0	1597.4012942379377	0.0	0	0.0	2184.263682394041	1	0	1	2.2262875991429314
127705.41522404648	3000.0	1478.8484583476386	0.0	0	0.0	2184.2636823940265	1	0	1	2.2262875991429323
128551.69757250705	3000.0	1632.5661098870585	0.0	0	0.0	2184.2636823940265	1	0	1	2.2262875991429323
130088.6543229383	3000.0	1095.6093594558351	0.0	0	0.0	2184.263682394041	1	0	1	2.2262875991429314
131095.1658991552	3000.0	1089.0977832389212	0.0	0	0.0	2184.2636823940265	1	0	1	2.2262875991429314
131804.57961451059	2000.0	1379.6840678835522	0.0	0	0.0	2184.263682394041	1	0	1	1.4153573829266022
132241.48110970322	2000.0	1942.78257269088	0.0	0	0.0	2184.263682394012	1	0	1	1.8208224910347675
133200.0	2000.0	1984.263682394122	0.0	0	262.6744572772004	2184.263682394041	1	0	1	1.8208224910347677
134200.0	2000.0	1984.263682394107	0.0	0	51.8686810330546	2184.2636823940556	1	0	1	1.820822491034765
135200.0	2000.0	1984.2636823941384	0.0	0	303.80739035934675	2184.2636823940556	1	0	1	1.820822491034765
136200.0	2000.0	1984.2636823941316	0.0	0	286.82922017778037	2184.2636823940556	1	0	1	1.820822491034765
137200.0	2000.0	1984.2636823941357	0.0	0	357.69405019428814	2184.2636823940556	1	0	1	1.820822491034765
138200.0	2000.0	1984.2636823941466	0.0	0	544.0344254190859	2184.2636823940848	1	0	1	1.8208224910347626
139200.0	2000.0	1984.2636823941557	0.0	0	513.7916240879858	2184.2636823940556	1	0	1	1.820822491034765
140200.0	3000.0	1984.2636823941189	0.0	0	149.29203576548025	2184.2636823940556	1	0	1	1.8208224910347652
141200.0	3000.0	1984.263682394143	0.0	0	34.12625768058933	2184.2636823940556	1	0	1	2.22628759914293
142200.0	3000.0	1984.2636823941639	0.0	0	317.7349115286197	2184.2636823940556	1	0	1	2.22628759914293
143591.56681258505	3000.0	1592.6968698091066	0.0	0	0.0	2184.2636823940265	1	0	1	2.2262875991429323
145562.47281795635	3000.0	621.7908644378276	0.0	0	0.0	2184.2636823940265	1	0	1	2.2262875991429323
146335.407423014	2000.0	848.8562593801684	0.0	0	0.0	2184.2636823940265	1	0	1	1.415357382926603
146952.97802134062	2000.0	1231.2856610535455	0.0	0	0.0	2184.2636823940265	1	0	1	1.8208224910347677
147522.254852201	2000.0	1662.0088301931482	0.0	0	0.0	2184.2636823940265	1	0	1	1.8208224910347677
148200.0	2000.0	1984.2636823941284	0.0	0	174.88537049706792	2184.2636823940265	1	0	1	1.8208224910347677
149200.0	2000.0	1984.2636823941411	0.0	0	525.4592771094467	2184.2636823940265	1	0	1	1.8208224910347677
150200.0	2000.0	1984.2636823941398	0.0	0	298.08065569458995	2184.2636823940265	1	0	1	1.8208224910347677
151200.0	2000.0	1984.2636823941898	0.0	0	28.98635302114417	2184.2636823940556	1	0	1	1.820822491034765
152200.0	2000.0	1984.263682394218	0.0	0	376.4942299124086	2184.2636823940556	1	0	1	1.820822491034765
153200.0	2000.0	1984.263682394233	0.0	0	328.96586506065796	2184.2636823940556	1	0	1	1.820822491034765
154200.0	2000.0	1984.2636823942266	0.0	0	240.35182535502827	2184.2636823940556	1	0	1	1.820822491034765
155200.0	2000.0	1984.263682394278	0.0	0	388.0069255788694	2184.2636823940848	1	0	1	1.8208224910347626
156200.0	3000.0	1984.263682394255	0.0	0	62.148188730032416	2184.2636823940848	1	0	1	1.8208224910347628
157424.84152177174	3000.0	1759.4221606224864	0.0	0	0.0	2184.2636823940848	1	0	1	2.2262875991429274
158525.18830800266	2000.0	1659.0753743915748	0.0	0	0.0	2184.2636823940848	1	0	1	1.415357382926598
159200.0	2000.0	1984.2636823942075	0.0	0	165.94811621954432	2184.2636823940848	1	0	1	1.8208224910347626
160200.0	2000.0	1984.2636823941857	0.0	0	246.04368272752617	2184.2636823940848	1	0	1	1.8208224910347626
161200.0	2000.0	1984.2636823941793	0.0	0	457.12849912879756	2184.2636823940848	1	0	1	1.8208224910347626
162200.0	2000.0	1984.2636823941784	0.0	0	171.37537572756992	2184.2636823940848	1	0	1	1.8208224910347626
164413.9440337029	2000.0	770.3196486913047	0.0	0	0.0	2184.2636823940848	1	0	1	1.8208224910347626
165693.1538181511	2000.0	491.1098642430951	0.0	0	0.0	2184.263682394114	1	0	1	1.8208224910347603
166625.2441932647	2000.0	559.0194891295167	0.0	0	0.0	2184.263682394143	1	0	1	1.820822491034758
167421.86161588345	2000.0	762.4020665107587	0.0	0	0.0	2184.263682394143	1	0	1	1.820822491034758
168669.62538590032	2000.0	514.638296493902	0.0	0	0.0	2184.263682394143	1	0	1	1.820822491034758
169639.4237684413	2000.0	555.6524767585455	10.812562805614334	0	0.0	2195.0762451997434	1	0	1	1.755030548367647
170336.1559113606	2000.0	858.920333839224	0.0	0	0.0	2195.0762451997434	1	0	1	1.819905925201333
171191.16765579913	2000.0	1003.908589400709	0.0	0	0.0	2195.0762451997434	1	0	1	1.819905925201333
171912.83402232977	2000.0	1282.242222870056	0.0	0	0.0	2195.0762451997434	1	0	1	1.819905925201333
172417.90595129618	2000.0	1777.1702939036566	0.0	0	0.0	2195.0762451997434	1	0	1	1.819905925201333
173249.01331490467	2000.0	1946.0629302951595	0.0	0	0.0	2195.0762451997143	1	0	1	1.8199059252013354
174225.38199444674	2000.0	1969.6942507530753	0.0	0	0.0	2195.076245199685	1	0	1	1.819905925201338
175200.0	2000.0	1995.0762451997944	0.0	0	219.23746004130226	2195.0762451997143	1	0	1	1.8199059252013354
176200.0	2000.0	1995.0762451998016	0.0	0	172.06061351069366	2195.0762451997434	1	0	1	1.819905925201333
177200.0	2000.0	1995.0762451998153	0.0	0	224.08556024395511	2195.0762451997434	1	0	1	1.819905925201333
178200.0	2000.0	1995.076245199808	0.0	0	225.34410947971628	2195.0762451997143	1	0	1	1.8199059252013354
179200.0	2000.0	1995.0762451998216	0.0	0	299.74951362024876	2195.0762451997143	1	0	1	1.8199059252013354
180315.41458022027	2000.0	1879.6616649795665	0.0	0	0.0	2195.076245199685	1	0	1	1.819905925201338
181563.1323700552	2000.0	1631.9438751446626	0.0	0	0.0	2195.076245199685	1	0	1	1.819905925201338
182322.6490960161	2000.0	1872.4271491837412	0.0	0	0.0	2195.076245199685	1	0	1	1.819905925201338
183200.0	2000.0	1995.076245199837	0.0	0	221.58659073125455	2195.076245199656	1	0	1	1.8199059252013405
184200.0	2000.0	1995.0762451998626	0.0	0	567.9493366488605	2195.076245199656	1	0	1	1.8199059252013405
185200.0	2000.0	1995.076245199854	0.0	0	471.34505670305225	2195.076245199627	1	0	1	1.819905925201343
186200.0	2000.0	1995.0762451998407	0.0	0	187.57532510350575	2195.076245199627	1	0	1	1.819905925201343
187200.0	2000.0	1995.076245199842	0.0	0	341.07600409165025	2195.076245199627	1	0	1	1.819905925201343
188645.66884548834	2000.0	1549.407399711483	0.0	0	0.0	2195.076245199656	1	0	1	1.8199059252013405
189863.36680156595	2000.0	1331.7094436338791	0.0	0	0.0	2195.076245199656	1	0	1	1.8199059252013405
190681.59193070015	2000.0	1513.484314499709	0.0	0	0.0	2195.076245199656	1	0	1	1.8199059252013405
191385.5789328247	2000.0	1809.497312375176	0.0	0	0.0	2195.076245199685	1	0	1	1.819905925201338
192200.0	2000.0	1995.0762451998535	0.0	0	69.1847266581317	2195.0762451997143	1	0	1	1.8199059252013354
193212.10297586257	2000.0	1982.9732693372887	0.0	0	0.0	2195.0762451997143	1	0	1	1.8199059252013354
194270.99850299937	2000.0	1924.0777422005085	0.0	0	0.0	2195.0762451997143	1	0	1	1.8199059252013354
195455.9191296828	2000.0	1739.157115517103	0.0	0	0.0	2195.0762451997143	1	0	1	1.8199059252013354
196200.0	1000.0	1995.0762451999171	0.0	0	248.21427928542835	2195.0762451997143	1	0	1	0.43361156408144524
197200.0	1000.0	1995.0762451999176	0.0	0	404.8514994244033	2195.0762451997143	1	0	1	1.1267587446413905
198200.0	1000.0	1995.0762451999226	0.0	0	545.2681768419279	2195.0762451997143	1	0	1	1.1267587446413905
199200.0	1000.0	1995.0762451999194	0.0	0	561.7982654171064	2195.0762451997143	1	0	1	1.1267587446413905
200200.0	2000.0	1995.0762451999221	0.0	0	413.8745166173903	2195.0762451997143	1	0	1	1.1267587446413905
201200.0	2000.0	1995.0762451999285	0.0	0	147.87856004200876	2195.0762451997143	1	0	1	1.8199059252013354
202200.0	2000.0	1995.0762451999208	0.0	0	318.7556496129255	2195.0762451997143	1	0	1	1.8199059252013354
203200.0	2000.0	1995.0762451999053	0.0	0	245.78500685738982	2195.0762451997143	1	0	1	1.8199059252013354
204200.0	2000.0	1995.0762451999335	0.0	0	430.2867809306772	2195.0762451997143	1	0	1	1.8199059252013354
205200.0	2000.0	1995.0762451999408	0.0	0	65.4398577848915	2195.0762451997143	1	0	1	1.8199059252013354
206200.0	2000.0	1995.0762451999526	0.0	0	149.87854697569855	2195.0762451997143	1	0	1	1.8199059252013354
207247.38552198367	2000.0	1947.6907232162562	0.0	0	0.0	2195.0762451997143	1	0	1	1.8199059252013354
208366.70044979732	2000.0	1828.375795402571	0.0	0	0.0	2195.076245199685	1	0	1	1.819905925201338
209200.0	2000.0	1995.0762451998671	0.0	0	341.78052948310506	2195.076245199685	1	0	1	1.819905925201338
210200.0	2000.0	1995.0762451998871	0.0	0	458.9379174177302	2195.076245199685	1	0	1	1.819905925201338
211200.0	2000.0	1995.076245199898	0.0	0	381.4025042017456	2195.076245199685	1	0	1	1.819905925201338
212200.0	2000.0	1995.0762451999299	0.0	0	377.7754517463618	2195.0762451997143	1	0	1	1.8199059252013354
213200.0	2000.0	1995.0762451999117	0.0	0	441.9395117658423	2195.0762451997143	1	0	1	1.8199059252013354
214200.0	2000.0	1995.076245199888	0.0	0	200.92190927627962	2195.0762451997143	1	0	1	1.8199059252013354
215200.0	2000.0	1995.0762451998678	0.0	0	4.634326117375167	2195.076245199685	1	0	1	1.819905925201338
216200.0	2000.0	1995.0762451998553	0.0	0	168.3552679977438	2195.076245199685	1	0	1	1.819905925201338
217200.0	2000.0	1995.0762451998617	0.0	0	277.63894438772695	2195.076245199656	1	0	1	1.8199059252013405
218200.0	3000.0	1995.0762451998407	0.0	0	177.88865334389266	2195.076245199656	1	0	1	1.8199059252013408
219217.35723625158	3000.0	1977.719008948283	0.0	0	0.0	2195.076245199656	1	0	1	2.2253710333095054
220200.0	3000.0	1995.0762451998344	0.0	0	221.74804723405396	2195.076245199656	1	0	1	2.2253710333095054
221354.28632182957	3000.0	1840.7899233702722	0.0	0	0.0	2195.076245199627	1	0	1	2.225371033309508
222808.38457712703	3000.0	1386.6916680728523	0.0	0	0.0	2195.076245199627	1	0	1	2.225371033309508
224783.52200529465	3000.0	411.5542399052405	0.0	0	0.0	2195.076245199627	1	0	1	2.225371033309508
225913.22359677727	2000.0	521.6008697004904	239.74822127790713	0	0.0	2434.8244664775266	1	0	1	-0.046998372114195996
226951.04356222297	2000.0	502.81811293807857	19.037208683290146	0	0.0	2453.8616751607915	1	0	1	1.6806768967658348
228003.4259377968	2000.0	482.1244222690534	31.688684904771705	0	0.0	2485.5503600658267	1	0	1	1.6012628512244373
228825.94643121932	2000.0	659.6039288465524	0.0	0	0.0	2485.5503600658267	1	0	1	1.7913949606530677
229336.00350280796	2000.0	1149.5468572579139	0.0	0	0.0	2485.550360065856	1	0	1	1.7913949606530646
229919.89657493721	2000.0	1565.653785128658	0.0	0	0.0	2485.550360065856	1	0	1	1.7913949606530646
230536.18730998176	2000.0	1949.3630500841095	0.0	0	0.0	2485.550360065856	1	0	1	1.7913949606530646
231337.79601900696	2000.0	2147.754341058913	0.0	0	0.0	2485.550360065856	1	0	1	1.7913949606530646
232200.0	2000.0	2285.550360065904	0.0	0	307.9875679273682	2485.550360065856	1	0	1	1.7913949606530646
233200.0	2000.0	2285.550360065932	0.0	0	304.0343190829735	2485.550360065856	1	0	1	1.7913949606530646
234200.0	2000.0	2285.5503600658963	0.0	0	407.78816669931985	2485.5503600658267	1	0	1	1.7913949606530677
235200.0	2000.0	2285.550360065883	0.0	0	283.5556193784287	2485.5503600658267	1	0	1	1.7913949606530677
236200.0	2000.0	2285.550360065858	0.0	0	242.5809766141465	2485.5503600658267	1	0	1	1.7913949606530677
237200.0	2000.0	2285.550360065859	0.0	0	389.98925639345543	2485.5503600658267	1	0	1	1.7913949606530677
238200.0	2000.0	2285.550360065874	0.0	0	552.5027272084553	2485.550360065856	1	0	1	1.7913949606530646
239200.0	2000.0	2285.5503600658876	0.0	0	482.3664124083589	2485.5503600658267	1	0	1	1.7913949606530677
240200.0	2000.0	2285.550360065852	0.0	0	397.9829452872509	2485.5503600658267	1	0	1	1.7913949606530677
241200.0	2000.0	2285.5503600658512	0.0	0	345.96727340557845	2485.5503600658267	1	0	1	1.7913949606530677
242200.0	3000.0	2285.5503600658717	0.0	0	189.3861066629761	2485.5503600658267	1	0	1	1.791394960653068
243200.0	3000.0	2285.5503600658562	0.0	0	159.07346367073478	2485.5503600658267	1	0	1	2.1968600687612323
244200.0	3000.0	2285.550360065887	0.0	0	388.415138613258	2485.5503600658267	1	0	1	2.1968600687612323
245200.0	3000.0	2285.5503600659235	0.0	0	539.5232133393292	2485.5503600658267	1	0	1	2.1968600687612323
246200.0	3000.0	2285.550360065957	0.0	0	567.5472092912532	2485.5503600658267	1	0	1	2.1968600687612323
247200.0	3000.0	2285.550360065939	0.0	0	56.155179603985744	2485.5503600658267	1	0	1	2.1968600687612323
248200.0	3000.0	2285.550360065926	0.0	0	90.01969534228556	2485.5503600658267	1	0	1	2.1968600687612323
249213.37369942624	3000.0	2272.176660639668	0.0	0	0.0	2485.5503600658267	1	0	1	2.1968600687612323
250200.0	3000.0	2285.5503600659354	0.0	0	323.7866424918466	2485.5503600658267	1	0	1	2.1968600687612323
251200.0	3000.0	2285.5503600659354	0.0	0	81.46191762108356	2485.5503600658267	1	0	1	2.1968600687612323
252325.02572807064	3000.0	2160.5246319953085	0.0	0	0.0	2485.5503600658267	1	0	1	2.1968600687612323
253776.6545214531	3000.0	1708.8958386128368	0.0	0	0.0	2485.5503600658267	1	0	1	2.1968600687612323
255421.49938255094	3000.0	1064.0509775149949	0.0	0	0.0	2485.5503600658267	1	0	1	2.1968600687612323
257148.58174687758	3000.0	336.9686131883715	0.0	0	0.0	2485.5503600658267	1	0	1	2.1968600687612323
257947.8694505061	2000.0	632.2530353696332	94.5721258097726	0	0.0	2580.1224858756177	1	0	1	0.8073926722062362
258864.1165208208	2000.0	716.0059650549358	0.0	0	0.0	2580.1224858756177	1	0	1	1.7802905351730365
259700.40706407066	2000.0	879.7154218050853	0.0	0	0.0	2580.122485875647	1	0	1	1.780290535173033
260127.65673371888	2000.0	1452.465752156896	0.0	0	0.0	2580.122485875647	1	0	1	1.780290535173033
260697.7740397667	2000.0	1882.3484461090843	0.0	0	0.0	2580.122485875647	1	0	1	1.780290535173033
261200.0	2000.0	2380.1224858757437	0.0	0	120.85480908930185	2580.122485875647	1	0	1	1.780290535173033
262200.0	2000.0	2380.1224858757305	0.0	0	411.1164974467538	2580.122485875647	1	0	1	1.780290535173033
263200.0	2000.0	2380.1224858756996	0.0	0	392.5099822410848	2580.1224858755886	1	0	1	1.7802905351730378
264200.0	2000.0	2380.1224858758083	0.0	0	369.5354111153283	2580.122485875734	1	0	1	1.7802905351730294
265200.0	3000.0	2380.122485875828	0.0	0	213.69255920301657	2580.122485875734	1	0	1	1.7802905351730232
266200.0	3000.0	2380.1224858757996	0.0	0	158.3795490618213	2580.122485875734	1	0	1	2.185755643281187
267200.0	3000.0	2380.122485875782	0.0	0	45.27944624458905	2580.122485875734	1	0	1	2.185755643281187
268200.0	3000.0	2380.122485875723	0.0	0	10.914308982202783	2580.122485875676	1	0	1	2.185755643281194
269637.08141271543	3000.0	1943.041073160332	0.0	0	0.0	2580.122485875734	1	0	1	2.185755643281187
271802.08752034063	3000.0	778.0349655351317	0.0	0	0.0	2580.122485875734	1	0	1	2.185755643281187
273464.8371122927	2000.0	200.0	84.71462641693344	0	0.0	2664.8371122927056	1	0	1	0.8608362433477672
274692.22797787376	2000.0	342.412883292945	369.8037488739489	0	0.0	3034.640861166641	1	0	1	-0.5078743980187845
275511.75682343065	2000.0	608.9691421476184	86.08510441150617	0	0.0	3120.7259655781672	1	0	1	1.1777491179897002
276522.732437936	2000.0	597.9935276422942	0.0	0	0.0	3120.7259655781672	1	0	1	1.6942597444587373
277283.4718890491	2000.0	837.2540765292233	0.0	0	0.0	3120.725965578109	1	0	1	1.694259744458749
277837.115470274	2000.0	1283.6104953042582	0.0	0	0.0	3120.725965578109	1	0	1	1.694259744458749
278550.7261988931	2000.0	1498.6386938232615	0.0	0	0.0	3049.3648927162285	1	0	2	1.4332248110983303
279144.4650337305	2000.0	1845.525975502177	0.0	0	0.0	2989.991009232588	1	0	2	1.6569855157669888
279828.6739186093	2000.0	2092.896202135563	0.0	0	0.0	2921.570120744698	1	0	2	1.660034188104806
280323.12895716476	2000.0	2548.9956597245296	0.0	0	0.0	2872.124616889225	1	0	2	1.687748704426677
281245.2583063974	2000.0	2534.6533755685973	0.0	0	0.0	2779.9116819658666	1	0	2	1.657362633808713
282200.0	2000.0	2484.4375126057676	0.0	0	207.41965590394102	2684.4375126056257	1	0	2	1.666704581819408
283200.0	2000.0	2384.437512605783	0.0	0	27.163634579628706	2584.4375126056257	1	0	2	1.6758788635515591
284730.2727355412	2000.0	1701.1375035104156	0.0	0	0.0	2431.4102390515036	1	0	2	1.6394373410757968
286328.38447186234	2000.0	943.2145935571866	0.0	0	0.0	2271.599065419403	1	0	2	1.649562951536575
287614.1964933851	2000.0	657.4025720344438	0.0	0	0.0	2271.599065419403	1	0	1	1.6131413380717194
288790.5597016544	2000.0	481.0393637651499	0.0	0	0.0	2271.599065419461	1	0	1	1.8131413380717143
289549.58437495684	2000.0	722.0146904627721	0.0	0	0.0	2271.599065419461	1	0	1	1.8131413380717143
290183.6142090037	2000.0	1087.9848564159927	0.0	0	0.0	2271.599065419461	1	0	1	1.8131413380717143
290774.980760318	2000.0	1496.6183051017106	0.0	0	0.0	2271.599065419461	1	0	1	1.8131413380717143
291492.56393902836	2000.0	1779.035126391362	0.0	0	0.0	2271.599065419461	1	0	1	1.8131413380717143
292579.0733049676	2000.0	1692.5257604521	0.0	0	0.0	2271.599065419461	1	0	1	1.8131413380717143
293676.9059513747	2000.0	1594.693114045034	0.0	0	0.0	2271.599065419461	1	0	1	1.8131413380717143
294298.0278773727	2000.0	1973.5711880470033	0.0	0	0.0	2271.599065419403	1	0	1	1.8131413380717196
295200.0	2000.0	2071.5990654196826	0.0	0	408.7306887898594	2271.5990654193447	1	0	1	1.8131413380717247
296200.0	2000.0	2071.5990654197094	0.0	0	454.75759314972674	2271.5990654193447	1	0	1	1.8131413380717247
297200.0	2000.0	2071.599065419762	0.0	0	507.48307890450815	2271.5990654193447	1	0	1	1.8131413380717247
298258.58369800524	2000.0	2013.0153674145056	0.0	0	0.0	2271.5990654193447	1	0	1	1.8131413380717247
299200.0	2000.0	2071.599065419756	0.0	0	167.3971158649074	2271.5990654193447	1	0	1	1.8131413380717247
300261.9188422941	2000.0	2009.6802231257227	0.0	0	0.0	2271.599065419403	1	0	1	1.8131413380717196
1.87	1.96	2.09	1.76	1.67	2.49	2.94	3.27	2.63	3.72	4.14	4.41	4.3	4.42	2.76	1.39	1.46	1.96	2.28	3.05	2.29	1.16	2.18	2.27	2.99	2.35	1.9	1.96	1.73	2.81	4.02	5.36	4.71	4.49	3.98	3.36	4.01	4.38	4.52	2.76	2.78	2.79	2.72	3.72	2.83	2.69	3.14	3.8	4.6	4.49	2.99	3.67	4.89	4.09	2.99	3.65	2.32	1.97	1.75	2.94	4.08	5.11	4.55	2.44	2.95	4.1	1.84	2.06	2.33	2.26	2.76	3.09	3.43	2.5	1.64	1.69	2.22	3.49	2.81	2.11	1.46	1.2	1.41	1.64	2.06	1.93	2.15	3.04	2.58	3.36	2.92	3.07	3.73	3.05	2.78	3.86	4.1	4.67	5.0	5.04	5.03	2.77	1.74	2.63	3.76	4.44	3.46	2.2	3.0	1.88	2.48	3.26	3.45	4.55	5.83	6.17	5.15	2.49	2.98	3.44	3.31	3.58	3.1	2.87	2.26	1.78	2.71	3.88	3.22	2.68	3.15	3.08	4.27	4.02	3.6	4.3	4.04	3.19	1.66	2.0	1.99	2.99	3.43	3.65	3.87	2.54	2.22	2.84	3.13	3.42	3.98	4.17	1.92	2.25	3.7	3.17	3.13	2.55	1.07	0.938	1.78	2.87	3.05	1.93	2.11	3.13	3.14	3.27	3.21	2.49	3.04	2.56	3.58	3.38	2.57	1.68	1.73	2.79	4.03	4.39	2.77	2.39	2.55	1.75	1.61	1.77	2.28	2.29	1.84	1.62	2.15	1.84	2.58	2.86	2.92	2.91	2.97	3.32	3.7	2.35	2.57	2.42	1.95	2.54	3.79	4.76	4.02	2.78	3.86	3.15	2.24	2.7	3.6	3.9	3.8	4.09	3.05	2.46	2.19	2.0	1.52	1.99	2.55	2.84	3.59	3.05	2.2	2.98	3.04	2.75	2.44	2.98	3.75	3.93	4.22	4.33	4.05	4.91	4.88	5.35	6.26	5.39	3.59	4.07	3.83	3.74	3.27	2.14	2.05	2.5	2.28	1.76	1.96	2.4	2.9	3.95	4.39	3.12	3.08	4.03	4.21	2.88	3.34	3.79	1.69	1.95	1.88	1.46	1.6	2.07	2.0	1.67	2.79	3.44	2.63	3.35	2.72	2.24	1.41	1.99	1.39	1.52	1.52	2.09	2.78	2.9	2.94	2.37	2.26	3.23	4.05	3.53	2.68	2.13	2.11	2.13	2.76	2.93
1.0	2.0	3.0	4.0	5.0	6.0	7.0	8.0	9.0	10.0	11.0	12.0	13.0	14.0	15.0	16.0	17.0	18.0	19.0	20.0	21.0	22.0	23.0	24.0	25.0	26.0	27.0	28.0	29.0	30.0	31.0	32.0	33.0	34.0	35.0	36.0	37.0	38.0	39.0	40.0	41.0	42.0	43.0	44.0	45.0	46.0	47.0	48.0	49.0	50.0	51.0	52.0	53.0	54.0	55.0	56.0	57.0	58.0	59.0	60.0	61.0	62.0	63.0	64.0	65.0	66.0	67.0	68.0	69.0	70.0	71.0	72.0	73.0	74.0	75.0	76.0	77.0	78.0	79.0	80.0	81.0	82.0	83.0	84.0	85.0	86.0	87.0	88.0	89.0	90.0	91.0	92.0	93.0	94.0	95.0	96.0	97.0	98.0	99.0	100.0	101.0	102.0	103.0	104.0	105.0	106.0	107.0	108.0	109.0	110.0	111.0	112.0	113.0	114.0	115.0	116.0	117.0	118.0	119.0	120.0	121.0	122.0	123.0	124.0	125.0	126.0	127.0	128.0	129.0	130.0	131.0	132.0	133.0	134.0	135.0	136.0	137.0	138.0	139.0	140.0	141.0	142.0	143.0	144.0	145.0	146.0	147.0	148.0	149.0	150.0	151.0	152.0	153.0	154.0	155.0	156.0	157.0	158.0	159.0	160.0	161.0	162.0	163.0	164.0	165.0	166.0	167.0	168.0	169.0	170.0	171.0	172.0	173.0	174.0	175.0	176.0	177.0	178.0	179.0	180.0	181.0	182.0	183.0	184.0	185.0	186.0	187.0	188.0	189.0	190.0	191.0	192.0	193.0	194.0	195.0	196.0	197.0	198.0	199.0	200.0	201.0	202.0	203.0	204.0	205.0	206.0	207.0	208.0	209.0	210.0	211.0	212.0	213.0	214.0	215.0	216.0	217.0	218.0	219.0	220.0	221.0	222.0	223.0	224.0	225.0	226.0	227.0	228.0	229.0	230.0	231.0	232.0	233.0	234.0	235.0	236.0	237.0	238.0	239.0	240.0	241.0	242.0	243.0	244.0	245.0	246.0	247.0	248.0	249.0	250.0	251.0	252.0	253.0	254.0	255.0	256.0	257.0	258.0	259.0	260.0	261.0	262.0	263.0	264.0	265.0	266.0	267.0	268.0	269.0	270.0	271.0	272.0	273.0	274.0	275.0	276.0	277.0	278.0	279.0	280.0	281.0	282.0	283.0	284.0	285.0	286.0	287.0	288.0	289.0	290.0	291.0	292.0	293.0	294.0	295.0	296.0	297.0	298.0
4456.955300557202
