2857.95802179564	300.0	2000.0	143.79554260219314	0	0.0	2857.95802179564	1	0	1	-1.0141591567612938
3200.0	300.0	2657.95802179564	0.0	0	121.74639060569598	2857.9580217956404	1	0	1	-0.15573348379782392
4200.0	300.0	2657.95802179564	0.0	0	831.8216142210904	2857.95802179564	1	0	1	-0.15573348379782387
5200.0	300.0	2657.9580217956404	0.0	0	834.5135244764124	2857.9580217956395	1	0	1	-0.15573348379782387
6200.0	500.0	2657.9580217956404	0.0	0	741.8777081178605	2857.9580217956395	1	0	1	-0.15573348379782376
7200.0	500.0	2657.958021795641	0.0	0	707.2877311816592	2857.95802179564	1	0	1	0.35509213996816696
8200.0	500.0	2657.9580217956413	0.0	0	654.8238984756899	2857.95802179564	1	0	1	0.3550921399681669
9200.0	500.0	2657.9580217956427	0.0	0	703.4267448779556	2857.958021795642	1	0	1	0.3550921399681667
10200.0	1000.0	2657.958021795643	0.0	0	124.12988921798569	2857.958021795642	1	0	1	0.3550921399681665
11200.0	1000.0	2657.9580217956427	0.0	0	334.793218890738	2857.958021795641	1	0	1	1.0482393205281122
12200.0	1000.0	2657.9580217956423	0.0	0	494.1842303128833	2857.958021795641	1	0	1	1.0482393205281122
13200.0	1000.0	2657.95802179564	0.0	0	661.0100941037617	2857.958021795641	1	0	1	1.0482393205281122
14200.0	1000.0	2657.958021795642	0.0	0	660.9009998518559	2857.958021795639	1	0	1	1.0482393205281124
15200.0	1000.0	2657.9580217956427	0.0	0	630.1017835679595	2857.958021795641	1	0	1	1.0482393205281122
16255.135290436961	2000.0	2602.8227313586785	0.0	0	0.0	2857.958021795641	1	0	1	1.0482393205281122
17200.0	2000.0	2657.958021795637	0.0	0	210.5603083665228	2857.958021795639	1	0	1	1.7413865010880576
18200.0	2000.0	2657.9580217956386	0.0	0	94.74740941162236	2857.958021795641	1	0	1	1.7413865010880576
19200.0	2000.0	2657.9580217956386	0.0	0	7.6447315546975005	2857.958021795641	1	0	1	1.7413865010880576
20200.0	2000.0	2657.95802179564	0.0	0	188.13980733105564	2857.9580217956463	1	0	1	1.7413865010880563
21200.0	2000.0	2657.9580217956373	0.0	0	52.826094861036836	2857.9580217956463	1	0	1	1.7413865010880563
22200.0	2000.0	2657.958021795638	0.0	0	38.117098309692665	2857.9580217956463	1	0	1	1.7413865010880563
23567.473354975507	2000.0	2290.484666820134	0.0	0	0.0	2857.9580217956463	1	0	1	1.7413865010880563
24455.05624823951	2000.0	2402.9017735561347	0.0	0	0.0	2857.9580217956463	1	0	1	1.7413865010880563
25595.123642736864	2000.0	2262.834379058783	0.0	0	0.0	2857.95802179565	1	0	1	1.7413865010880558
26621.554150595493	2000.0	2236.4038712001575	0.0	0	0.0	2857.9580217956536	1	0	1	1.7413865010880554
27295.977688954175	2000.0	2561.980332841472	0.0	0	0.0	2857.9580217956536	1	0	1	1.7413865010880554
28200.0	2000.0	2657.9580217956477	0.0	0	228.9262049508252	2857.9580217956536	1	0	1	1.7413865010880554
29238.61582162007	2000.0	2619.3422001755744	0.0	0	0.0	2857.9580217956536	1	0	1	1.7413865010880554
30200.0	2000.0	2657.9580217956427	0.0	0	95.07633639924461	2857.9580217956536	1	0	1	1.7413865010880554
31200.0	2000.0	2657.9580217956454	0.0	0	317.22247937200154	2857.9580217956573	1	0	1	1.7413865010880547
32200.0	2000.0	2657.9580217956454	0.0	0	539.1339300665713	2857.9580217956573	1	0	1	1.7413865010880547
33200.0	2000.0	2657.958021795651	0.0	0	276.1513711773623	2857.958021795661	1	0	1	1.7413865010880545
34200.0	2000.0	2657.958021795657	0.0	0	433.9771041812128	2857.958021795672	1	0	1	1.7413865010880534
35200.0	2000.0	2657.9580217956573	0.0	0	13.72825833313982	2857.9580217956754	1	0	1	1.7413865010880518
36431.02001451604	2000.0	2426.9380072796175	0.0	0	0.0	2857.9580217956754	1	0	1	1.7413865010880518
37481.59561852671	2000.0	2376.3624032689454	0.0	0	0.0	2857.9580217956754	1	0	1	1.7413865010880518
38419.75117999624	2000.0	2438.2068417994205	0.0	0	0.0	2857.9580217956754	1	0	1	1.7413865010880518
39200.0	2000.0	2657.9580217956636	0.0	0	305.71495259431686	2857.9580217956827	1	0	1	1.741386501088051
40200.0	2000.0	2657.958021795658	0.0	0	366.3078819039438	2857.9580217956754	1	0	1	1.7413865010880518
41200.0	2000.0	2657.9580217956636	0.0	0	539.2376209587164	2857.9580217956827	1	0	1	1.741386501088051
42200.0	2000.0	2657.9580217956664	0.0	0	300.4688109967756	2857.9580217956827	1	0	1	1.741386501088051
43200.0	2000.0	2657.95802179567	0.0	0	246.42094159666885	2857.95802179569	1	0	1	1.7413865010880494
44380.39761162695	2000.0	2477.560410168722	0.0	0	0.0	2857.95802179569	1	0	1	1.7413865010880494
45715.233140718075	2000.0	2142.7248810775945	0.0	0	0.0	2857.95802179569	1	0	1	1.7413865010880494
47053.81280808806	2000.0	1804.1452137076026	0.0	0	0.0	2857.9580217956827	1	0	1	1.741386501088051
48054.057799116265	2000.0	1803.9002226793943	0.0	0	0.0	2857.9580217956827	1	0	1	1.741386501088051
48964.2376558049	2000.0	1893.7203659907611	0.0	0	0.0	2857.9580217956754	1	0	1	1.7413865010880518
49739.625575317	2000.0	2118.3324464786574	0.0	0	0.0	2857.9580217956754	1	0	1	1.7413865010880518
51085.834271587984	2000.0	1772.123750207672	0.0	0	0.0	2857.9580217956827	1	0	1	1.741386501088051
52207.369290004935	2000.0	1538.4352299490342	0.0	0	0.0	2745.8045199539993	1	0	2	1.4423488052733133
52655.595732790825	1000.0	2045.3861428845494	0.0	0	0.0	2700.9818756753957	1	0	2	0.33179798595926774
53200.0	1000.0	2446.5414489544655	0.0	0	131.00823906711594	2646.541448954493	1	0	2	1.021599022098754
54200.0	1000.0	2346.541448954461	0.0	0	567.1046751810427	2546.5414489544855	1	0	2	0.9863478327704681
55200.0	1000.0	2246.5414489544605	0.0	0	635.6733391065936	2446.5414489544855	1	0	2	0.9980941012264377
56200.0	1000.0	2146.5414489544582	0.0	0	454.58911001675733	2346.5414489544637	1	0	2	1.008979682275152
57200.0	2000.0	2046.5414489544596	0.0	0	251.8962228211676	2246.5414489544564	1	0	2	1.0190557808891172
58200.0	2000.0	1946.5414489544455	0.0	0	263.19781017112837	2146.541448954442	1	0	2	1.720852477109447
59200.0	2000.0	1846.5414489544435	0.0	0	329.8115142695606	2046.5414489544346	1	0	2	1.7289045491482105
60200.0	2000.0	1746.5414489544473	0.0	0	371.16854421037715	1946.5414489544346	1	0	2	1.7362224932335308
61200.0	2000.0	1646.5414489544414	0.0	0	411.68169608143944	1846.5414489544273	1	0	2	1.7427189122506461
62200.0	2000.0	1546.5414489544455	0.0	0	41.52058682778443	1746.5414489544346	1	0	2	1.7493878330707844
63262.24190782126	2000.0	1378.07535035105	0.0	0	0.0	1640.3172581722974	1	0	2	1.7490417999212196
64200.0	2000.0	1346.541448954434	0.0	0	133.2670875293843	1546.5414489544128	1	0	2	1.7658363157777701
65235.033170682895	2000.0	1208.0049612032476	0.0	0	0.0	1443.0381318861255	1	0	2	1.7607754564358369
66204.29370114952	2000.0	1141.8183776899527	0.0	0	0.0	1346.1120788394692	1	0	2	1.7714486348048746
67200.0	2000.0	1046.5414489544394	0.0	0	154.46354242996313	1246.54144895442	1	0	2	1.7720513821453088
68200.0	2000.0	946.5414489544478	0.0	0	123.07029349327786	1146.5414489544346	1	0	2	1.7751525460157815
69200.0	2000.0	846.5414489544364	0.0	0	274.86598325411614	1046.54144895442	1	0	2	1.77788052863261
70200.0	2000.0	846.54144895444	0.0	0	326.2393144129892	1046.54144895442	1	0	1	1.678972584029259
71200.0	2000.0	846.541448954436	0.0	0	212.2169291247701	1046.54144895442	1	0	1	1.8789725840292593
72200.0	2000.0	846.541448954421	0.0	0	219.9683807522233	1046.54144895442	1	0	1	1.8789725840292593
73252.70273130166	2000.0	793.8387176527572	0.0	0	0.0	1046.5414489544055	1	0	1	1.8789725840292595
74200.0	2000.0	846.5414489544081	0.0	0	138.53000722097931	1046.541448954391	1	0	1	1.8789725840292602
75200.0	2000.0	846.5414489544266	0.0	0	440.56831722501374	1046.541448954391	1	0	1	1.8789725840292602
76200.0	2000.0	846.5414489544285	0.0	0	210.23003571225854	1046.541448954391	1	0	1	1.8789725840292602
77200.0	2000.0	846.5414489544374	0.0	0	365.98853422209504	1046.541448954391	1	0	1	1.8789725840292602
78200.0	2000.0	846.541448954436	0.0	0	334.6125198154332	1046.541448954391	1	0	1	1.8789725840292602
79200.0	2000.0	846.5414489544343	0.0	0	260.78442577592796	1046.541448954391	1	0	1	1.8789725840292602
80451.31719945221	2000.0	595.2242495022219	0.0	0	0.0	1046.5414489544055	1	0	1	1.8789725840292595
81204.64096877683	2000.0	841.9004801775984	0.0	0	0.0	1046.5414489544055	1	0	1	1.8789725840292595
82200.0	2000.0	846.5414489544487	0.0	0	137.73194845038233	1046.5414489544055	1	0	1	1.8789725840292595
83200.0	2000.0	846.5414489544467	0.0	0	393.29465959199297	1046.5414489544055	1	0	1	1.8789725840292595
84200.0	2000.0	846.541448954438	0.0	0	197.3248565463582	1046.5414489544055	1	0	1	1.8789725840292595
85200.0	2000.0	846.5414489544314	0.0	0	48.86691421805881	1046.5414489544055	1	0	1	1.8789725840292595
86246.31715289509	2000.0	800.2242960593376	0.0	0	0.0	1046.541448954391	1	0	1	1.8789725840292602
87225.90390507705	2000.0	820.6375438773811	0.0	0	0.0	1046.5414489543764	1	0	1	1.8789725840292604
88200.0	2000.0	846.5414489544503	0.0	0	93.08169271092629	1046.541448954391	1	0	1	1.8789725840292602
89554.77625614085	2000.0	491.76519281360834	0.0	0	0.0	1046.5414489544055	1	0	1	1.8789725840292595
90363.98344253674	2000.0	682.5580064176991	0.0	0	0.0	1046.5414489544055	1	0	1	1.8789725840292595
91243.27386245543	2000.0	803.2675864990179	0.0	0	0.0	1046.54144895442	1	0	1	1.8789725840292593
92200.0	2000.0	846.541448954462	0.0	0	237.78963032619504	1046.5414489544346	1	0	1	1.8789725840292588
93200.0	2000.0	846.5414489544755	0.0	0	79.72835391762783	1046.5414489544346	1	0	1	1.8789725840292588
94200.0	2000.0	846.541448954472	0.0	0	353.8148057152721	1046.5414489544346	1	0	1	1.8789725840292588
95200.0	2000.0	846.5414489544703	0.0	0	412.63344825513195	1046.5414489544346	1	0	1	1.8789725840292588
96200.0	2000.0	846.5414489544795	0.0	0	427.2869090549211	1046.5414489544346	1	0	1	1.8789725840292588
97200.0	2000.0	846.5414489544727	0.0	0	425.45815515203867	1046.54144895442	1	0	1	1.8789725840292593
98200.0	2000.0	846.5414489544738	0.0	0	324.24680519672984	1046.54144895442	1	0	1	1.8789725840292593
99200.0	2000.0	846.541448954468	0.0	0	193.16527313650295	1046.5414489544055	1	0	1	1.8789725840292595
100200.0	2000.0	846.5414489544775	0.0	0	447.0243579817761	1046.5414489544055	1	0	1	1.8789725840292595
101200.0	2000.0	846.5414489544708	0.0	0	98.27762234417605	1046.541448954391	1	0	1	1.8789725840292602
102200.0	2000.0	846.5414489544723	0.0	0	329.77025300120295	1046.541448954391	1	0	1	1.8789725840292602
103848.16134464214	2000.0	200.0	1.6198956876755517	0	0.0	1048.161344642067	1	0	1	1.8692441826754498
105009.5128128479	2000.0	455.38172992253135	416.7331981282856	0	0.0	1464.8945427703584	1	0	1	-0.6358365296876953
106129.65080960638	2000.0	428.6363446288117	93.39261146476328	0	0.0	1558.2871542351932	1	0	1	1.3001000215533054
107069.86733919846	2000.0	528.4575202199364	40.03770518319654	0	0.0	1598.3248594183824	1	0	1	1.6183507225894418
107925.35926912329	2000.0	672.9655902950998	0.0	0	0.0	1598.3248594183824	1	0	1	1.8585769536886212
109295.22214170388	2000.0	303.1027177145222	0.0	0	0.0	1598.3248594183824	1	0	1	1.8585769536886212
110220.06045138632	2000.0	503.70789105678386	125.44348302469785	0	0.0	1723.7683424430725	1	0	1	1.0995315738584845
110865.74641756831	1000.0	858.0219248748018	0.0	0	0.0	1723.7683424430725	1	0	1	0.46589811088678124
111391.75889887533	1000.0	1332.0094435677838	0.0	0	0.0	1723.7683424430725	1	0	1	1.1590452914467264
112200.0	1000.0	1523.7683424431075	0.0	0	282.3772534948512	1723.7683424430725	1	0	1	1.1590452914467264
113200.0	1000.0	1523.768342443114	0.0	0	507.7588181696192	1723.7683424430725	1	0	1	1.1590452914467264
114200.0	1000.0	1523.7683424431007	0.0	0	416.65311217568524	1723.768342443058	1	0	1	1.1590452914467273
115647.93948374823	2000.0	1075.8288586948706	0.0	0	0.0	1723.768342443058	1	0	1	1.159045291446727
116241.31231186276	1000.0	1482.4560305803536	0.0	0	0.0	1723.7683424430434	1	0	1	0.4658981108867829
117200.0	1000.0	1523.7683424430902	0.0	0	184.0964905481378	1723.7683424430434	1	0	1	1.159045291446728
118200.0	1000.0	1523.7683424431025	0.0	0	211.36436097245314	1723.7683424430434	1	0	1	1.159045291446728
119200.0	1000.0	1523.7683424431175	0.0	0	119.38629398446938	1723.7683424430434	1	0	1	1.159045291446728
120200.0	1000.0	1523.7683424431195	0.0	0	328.1628933275788	1723.7683424430434	1	0	1	1.159045291446728
121200.0	1000.0	1523.7683424431184	0.0	0	207.0894254531595	1723.7683424430434	1	0	1	1.159045291446728
122200.0	1000.0	1523.768342443111	0.0	0	524.3276107198471	1723.7683424430288	1	0	1	1.1590452914467289
123200.0	1000.0	1523.768342443115	0.0	0	558.4763702595665	1723.7683424430288	1	0	1	1.1590452914467289
124200.0	1000.0	1523.7683424431327	0.0	0	451.65492759908375	1723.7683424430288	1	0	1	1.1590452914467289
125200.0	1000.0	1523.7683424431334	0.0	0	195.39606503186224	1723.7683424430143	1	0	1	1.1590452914467295
126200.0	1000.0	1523.7683424431393	0.0	0	508.7342481330561	1723.7683424430143	1	0	1	1.1590452914467295
127200.0	1000.0	1523.768342443155	0.0	0	372.3823292412271	1723.7683424430143	1	0	1	1.1590452914467295
128200.0	1000.0	1523.7683424431636	0.0	0	373.473158656343	1723.7683424430143	1	0	1	1.1590452914467295
129200.0	1000.0	1523.7683424431575	0.0	0	408.4863142975664	1723.7683424429997	1	0	1	1.1590452914467304
130200.0	1000.0	1523.7683424431416	0.0	0	435.99386258363666	1723.7683424429997	1	0	1	1.1590452914467304
131200.0	1000.0	1523.7683424431436	0.0	0	541.3430933736672	1723.7683424429997	1	0	1	1.1590452914467304
132200.0	1000.0	1523.768342443145	0.0	0	625.2405174224114	1723.7683424429997	1	0	1	1.1590452914467304
133200.0	1000.0	1523.768342443109	0.0	0	391.65769175160676	1723.7683424429852	1	0	1	1.1590452914467309
134200.0	1000.0	1523.7683424431375	0.0	0	410.30005692335544	1723.7683424429852	1	0	1	1.159045291446731
135200.0	1000.0	1523.7683424431511	0.0	0	329.0951433269074	1723.7683424429852	1	0	1	1.159045291446731
136200.0	1000.0	1523.768342443131	0.0	0	310.8669558496622	1723.7683424429852	1	0	1	1.159045291446731
137200.0	1000.0	1523.7683424431357	0.0	0	433.516353635845	1723.7683424429852	1	0	1	1.159045291446731
138200.0	1000.0	1523.7683424431098	0.0	0	392.06010356292245	1723.7683424429852	1	0	1	1.159045291446731
139200.0	1000.0	1523.7683424431086	0.0	0	434.5885590828548	1723.7683424429852	1	0	1	1.159045291446731
140200.0	1000.0	1523.768342443081	0.0	0	403.3602672626439	1723.7683424429852	1	0	1	1.159045291446731
141200.0	1000.0	1523.7683424430854	0.0	0	532.074309227959	1723.7683424429852	1	0	1	1.159045291446731
142200.0	1000.0	1523.768342443098	0.0	0	419.70322651878814	1723.7683424429852	1	0	1	1.159045291446731
143238.78862496238	1000.0	1484.979717480701	0.0	0	0.0	1723.7683424429852	1	0	1	1.159045291446731
144338.61200841356	1000.0	1385.1563340295415	0.0	0	0.0	1723.7683424429852	1	0	1	1.159045291446731
145200.0	1000.0	1523.7683424430797	0.0	0	80.82308015672606	1723.7683424429852	1	0	1	1.159045291446731
146200.0	1000.0	1523.7683424430784	0.0	0	421.32371626098757	1723.7683424429852	1	0	1	1.159045291446731
147200.0	1000.0	1523.7683424430707	0.0	0	231.10495812428417	1723.7683424429852	1	0	1	1.159045291446731
148200.0	1000.0	1523.7683424430782	0.0	0	277.0384292238741	1723.7683424429852	1	0	1	1.159045291446731
149200.0	1000.0	1523.7683424430181	0.0	0	619.1394935151038	1723.7683424429852	1	0	1	1.159045291446731
150200.0	1000.0	1523.7683424430054	0.0	0	468.70084104911075	1723.7683424429852	1	0	1	1.159045291446731
151242.33086422898	1000.0	1481.4374782140264	0.0	0	0.0	1723.7683424430143	1	0	1	1.1590452914467295
152200.0	1000.0	1523.7683424429742	0.0	0	11.79351778147975	1723.7683424430143	1	0	1	1.1590452914467295
153200.0	1000.0	1523.768342442972	0.0	0	383.13031836631126	1723.7683424430143	1	0	1	1.1590452914467295
154200.0	1000.0	1523.7683424429806	0.0	0	469.30900148753426	1723.7683424430143	1	0	1	1.1590452914467295
155200.0	1000.0	1523.7683424429606	0.0	0	597.8169138525845	1723.7683424430143	1	0	1	1.1590452914467295
156200.0	1000.0	1523.7683424429454	0.0	0	643.5029157843965	1723.7683424430143	1	0	1	1.1590452914467295
157200.0	1000.0	1523.7683424429304	0.0	0	763.7320184122073	1723.7683424430143	1	0	1	1.1590452914467295
158200.0	1000.0	1523.768342442949	0.0	0	709.4251998288382	1723.7683424430143	1	0	1	1.1590452914467295
159200.0	1000.0	1523.7683424429363	0.0	0	658.4194333413907	1723.7683424430143	1	0	1	1.1590452914467295
160200.0	2000.0	1523.7683424429574	0.0	0	449.6660381187103	1723.7683424430143	1	0	1	1.1590452914467297
161200.0	2000.0	1523.7683424429597	0.0	0	499.7419304252253	1723.7683424430143	1	0	1	1.852192472006675
162200.0	2000.0	1523.7683424429206	0.0	0	474.01561311256955	1723.7683424430143	1	0	1	1.852192472006675
163200.0	3000.0	1523.7683424429297	0.0	0	305.29790778661845	1723.7683424430143	1	0	1	1.8521924720066751
164214.81460853072	3000.0	1508.9537339122303	0.0	0	0.0	1723.7683424430434	1	0	1	2.257657580114838
165200.0	3000.0	1523.7683424429283	0.0	0	65.54611652586027	1723.7683424430143	1	0	1	2.2576575801148397
166514.3443931376	3000.0	1209.4239493053062	0.0	0	0.0	1723.7683424430434	1	0	1	2.257657580114838
168130.7475171234	3000.0	593.0208253195281	0.0	0	0.0	1723.7683424430143	1	0	1	2.2576575801148397
170160.94146237514	3000.0	200.0	637.1731199322167	0	0.0	2360.9414623751945	1	0	1	-1.602743657437736
170910.01219328676	2000.0	651.2211314145078	200.29186232612153	0	0.0	2561.2333247012575	1	0	1	0.17537166464341125
171735.8071289131	2000.0	825.4261957881821	0.0	0	0.0	2561.2333247012575	1	0	1	1.7825879467083052
172343.3951799737	2000.0	1217.838144727551	0.0	0	0.0	2561.2333247012575	1	0	1	1.7825879467083052
172854.127775932	2000.0	1656.0322891734531	0.0	0	0.0	2510.160065105447	1	0	2	1.536188011175056
173578.27852774193	2000.0	1859.466462182529	0.0	0	0.0	2437.744989924453	1	0	2	1.722138884251339
174200.0	2000.0	2175.5728426986507	0.0	0	137.7306431941688	2375.5728426986316	1	0	2	1.7386434633002472
175200.0	2000.0	2075.5728426986257	0.0	0	232.93783330341103	2275.5728426986316	1	0	2	1.709304689750796
176200.0	2000.0	1975.5728426986375	0.0	0	108.16821739973966	2175.5728426986316	1	0	2	1.718744019905495
177201.15228302535	2000.0	1874.3053313707417	0.0	0	0.0	2075.4576143960876	1	0	2	1.7275445943810104
178200.0	2000.0	1775.5728426986207	0.0	0	18.734213732299395	1975.5728426986025	1	0	2	1.7349833973916906
179318.57774401148	2000.0	1545.137324286013	0.0	0	0.0	1863.7150682974898	1	0	2	1.7302600478585353
180316.0714844003	2000.0	1547.6435838971602	0.0	0	0.0	1863.7150682974898	1	0	1	1.6440876533749864
181200.0	2000.0	1663.7150682974498	0.0	0	105.57228509773267	1863.7150682974898	1	0	1	1.8440876533749866
182200.0	2000.0	1663.7150682974482	0.0	0	85.79057758199633	1863.7150682974898	1	0	1	1.8440876533749866
183200.0	2000.0	1663.715068297471	0.0	0	24.995496339397505	1863.7150682974898	1	0	1	1.8440876533749866
184200.0	2000.0	1663.715068297443	0.0	0	224.9823888768733	1863.7150682974607	1	0	1	1.8440876533749884
185200.0	2000.0	1663.7150682974511	0.0	0	56.16395265844767	1863.7150682974316	1	0	1	1.8440876533749904
186200.0	2000.0	1663.7150682974714	0.0	0	205.9819035975379	1863.7150682974316	1	0	1	1.8440876533749904
187200.0	2000.0	1663.7150682974745	0.0	0	486.01680217057583	1863.7150682974607	1	0	1	1.8440876533749884
188200.0	2000.0	1663.7150682974575	0.0	0	391.12424113746965	1863.7150682974316	1	0	1	1.8440876533749904
189494.53196487925	2000.0	1369.1831034181987	0.0	0	0.0	1863.7150682974316	1	0	1	1.8440876533749904
190480.31539651525	2000.0	1383.3996717822247	0.0	0	0.0	1863.7150682974316	1	0	1	1.8440876533749904
191675.63926657414	2000.0	1188.0758017233186	0.0	0	0.0	1863.7150682974316	1	0	1	1.8440876533749904
192459.05675815023	2000.0	1404.658310147233	0.0	0	0.0	1863.7150682974316	1	0	1	1.8440876533749904
193239.34772666465	2000.0	1624.367341632847	0.0	0	0.0	1863.7150682974316	1	0	1	1.8440876533749904
194200.0	2000.0	1663.71506829754	0.0	0	18.926513586717192	1863.7150682974316	1	0	1	1.8440876533749904
195200.0	2000.0	1663.715068297566	0.0	0	242.39911180516356	1863.7150682974316	1	0	1	1.8440876533749904
196200.0	2000.0	1663.715068297544	0.0	0	181.1807872831996	1863.7150682974316	1	0	1	1.8440876533749904
197349.08356640264	2000.0	1514.6315018949135	0.0	0	0.0	1863.7150682974316	1	0	1	1.8440876533749904
198563.6481809279	2000.0	1300.0668873696031	0.0	0	0.0	1863.7150682974316	1	0	1	1.8440876533749904
200022.4511468258	2000.0	841.263921471744	0.0	0	0.0	1863.7150682974607	1	0	1	1.8440876533749884
200769.23513774172	2000.0	1094.479930555829	0.0	0	0.0	1863.7150682974898	1	0	1	1.8440876533749866
201486.78531500953	2000.0	1376.9297532880078	0.0	0	0.0	1863.7150682974898	1	0	1	1.8440876533749866
202211.21731189755	2000.0	1652.4977564000176	0.0	0	0.0	1863.7150682974898	1	0	1	1.8440876533749866
203200.0	2000.0	1663.715068297523	0.0	0	419.85117106401594	1863.7150682974898	1	0	1	1.8440876533749866
204200.0	2000.0	1663.7150682975328	0.0	0	284.0886554931931	1863.7150682974898	1	0	1	1.8440876533749866
205200.0	2000.0	1663.7150682975375	0.0	0	98.04657198191853	1863.7150682974898	1	0	1	1.8440876533749866
206694.45769809204	2000.0	1169.257370205479	0.0	0	0.0	1863.7150682974898	1	0	1	1.8440876533749866
207487.67335755238	2000.0	1376.0417107451078	0.0	0	0.0	1863.7150682974898	1	0	1	1.8440876533749866
208200.0	2000.0	1663.7150682975073	0.0	0	119.99479758253437	1863.7150682974898	1	0	1	1.8440876533749866
209200.0	2000.0	1663.7150682975125	0.0	0	233.6009100684023	1863.7150682974898	1	0	1	1.8440876533749866
210496.66222813135	2000.0	1367.0528401661581	0.0	0	0.0	1863.7150682974898	1	0	1	1.8440876533749866
211387.5376661727	2000.0	1476.1774021247809	0.0	0	0.0	1863.7150682974898	1	0	1	1.8440876533749866
212200.0	2000.0	1663.715068297458	0.0	0	38.71709283691598	1863.7150682974607	1	0	1	1.8440876533749884
213237.89265249518	2000.0	1625.8224158022638	0.0	0	0.0	1863.7150682974607	1	0	1	1.8440876533749884
214256.68797467224	2000.0	1607.0270936251984	0.0	0	0.0	1863.7150682974898	1	0	1	1.8440876533749866
215200.0	2000.0	1663.7150682974802	0.0	0	266.62495670988574	1863.7150682974898	1	0	1	1.8440876533749866
216200.0	2000.0	1663.7150682974661	0.0	0	297.7070930848422	1863.7150682974898	1	0	1	1.8440876533749866
217529.93573760934	2000.0	1333.779330688112	0.0	0	0.0	1863.7150682974898	1	0	1	1.8440876533749866
218473.55185248406	2000.0	1390.163215813375	0.0	0	0.0	1863.7150682974898	1	0	1	1.8440876533749866
219622.5846466206	2000.0	1241.1304216767962	0.0	0	0.0	1863.7150682975189	1	0	1	1.8440876533749848
220200.0	1000.0	1663.7150682973695	0.0	0	49.6434312001802	1863.7150682975189	1	0	1	0.4577932922550946
221200.0	1000.0	1663.7150682973618	0.0	0	563.0715474924364	1863.7150682975189	1	0	1	1.1509404728150399
222200.0	2000.0	1663.715068297381	0.0	0	437.1659932791954	1863.7150682975189	1	0	1	1.1509404728150396
223200.0	2000.0	1663.7150682973577	0.0	0	281.89793887810083	1863.7150682975189	1	0	1	1.8440876533749848
224200.0	2000.0	1663.7150682973538	0.0	0	74.00899490347365	1863.7150682975189	1	0	1	1.8440876533749848
225691.85713315607	2000.0	1171.8579351413177	0.0	0	0.0	1863.715068297548	1	0	1	1.844087653374983
226200.0	1000.0	1663.715068297358	0.0	0	110.98060717002954	1863.715068297548	1	0	1	0.4577932922550928
227200.0	1000.0	1663.7150682973647	0.0	0	472.99774359731236	1863.715068297548	1	0	1	1.150940472815038
228200.0	1000.0	1663.7150682973868	0.0	0	633.6268928531208	1863.715068297548	1	0	1	1.150940472815038
229200.0	2000.0	1663.7150682974122	0.0	0	140.60850615275558	1863.715068297548	1	0	1	1.1509404728150379
230200.0	2000.0	1663.715068297396	0.0	0	112.60258145033731	1863.715068297548	1	0	1	1.844087653374983
231200.0	2000.0	1663.7150682973686	0.0	0	26.29139389572083	1863.7150682975189	1	0	1	1.8440876533749848
232200.0	2000.0	1663.7150682973606	0.0	0	92.71326189400861	1863.7150682975189	1	0	1	1.8440876533749848
233521.7672304098	2000.0	1341.9478378875203	0.0	0	0.0	1863.7150682975189	1	0	1	1.8440876533749848
234472.7634605765	2000.0	1390.9516077208295	0.0	0	0.0	1863.7150682975189	1	0	1	1.8440876533749848
235200.0	1000.0	1663.7150682973504	0.0	0	343.5172275767836	1863.7150682975189	1	0	1	0.4577932922550946
236449.9600541961	2000.0	1413.755014101248	0.0	0	0.0	1863.7150682975189	1	0	1	1.1509404728150396
237561.70501727337	2000.0	1302.01005102394	0.0	0	0.0	1863.7150682974898	1	0	1	1.8440876533749866
238507.42480124123	2000.0	1356.2902670560852	0.0	0	0.0	1863.7150682974898	1	0	1	1.8440876533749866
239214.76012623493	2000.0	1648.9549420623832	0.0	0	0.0	1863.7150682974898	1	0	1	1.8440876533749866
240200.0	2000.0	1663.7150682973224	0.0	0	47.54122646994074	1863.7150682974898	1	0	1	1.8440876533749866
241200.0	1000.0	1663.7150682973477	0.0	0	481.99442636661115	1863.7150682974898	1	0	1	0.4577932922550964
242200.0	1000.0	1663.7150682973233	0.0	0	682.3250589779345	1863.7150682974898	1	0	1	1.1509404728150416
243200.0	2000.0	1663.7150682973179	0.0	0	6.9212446161254775	1863.7150682974898	1	0	1	1.1509404728150416
244200.0	2000.0	1663.7150682973268	0.0	0	163.76890036422992	1863.7150682974898	1	0	1	1.8440876533749866
245200.0	2000.0	1663.715068297349	0.0	0	312.7340493001393	1863.7150682974898	1	0	1	1.8440876533749866
246200.0	2000.0	1663.7150682973245	0.0	0	145.15618252957938	1863.7150682974607	1	0	1	1.8440876533749884
247332.7707412965	2000.0	1530.9443270008328	0.0	0	0.0	1863.7150682974607	1	0	1	1.8440876533749884
248200.0	2000.0	1663.7150682973308	0.0	0	131.36438404559158	1863.7150682974607	1	0	1	1.8440876533749884
249200.0	2000.0	1663.7150682973297	0.0	0	107.20560605704668	1863.7150682974607	1	0	1	1.8440876533749884
250200.0	2000.0	1663.7150682973222	0.0	0	348.955997672776	1863.7150682974607	1	0	1	1.8440876533749884
251294.31357843758	2000.0	1569.4014898597238	0.0	0	0.0	1863.7150682974607	1	0	1	1.8440876533749884
252200.0	2000.0	1663.7150682973033	0.0	0	175.15259965186124	1863.7150682974607	1	0	1	1.8440876533749884
253200.0	2000.0	1663.7150682973117	0.0	0	205.34975122116157	1863.7150682974607	1	0	1	1.8440876533749884
254200.0	2000.0	1663.7150682972735	0.0	0	135.160123500973	1863.7150682974607	1	0	1	1.8440876533749884
255200.0	2000.0	1663.7150682972713	0.0	0	71.44895064772572	1863.7150682974607	1	0	1	1.8440876533749884
256200.0	2000.0	1663.7150682973263	0.0	0	63.21811088564573	1863.7150682974607	1	0	1	1.8440876533749884
257200.0	2000.0	1663.7150682972933	0.0	0	222.45994768780656	1863.7150682974607	1	0	1	1.8440876533749884
258200.0	2000.0	1663.715068297287	0.0	0	340.811991410068	1863.7150682974898	1	0	1	1.8440876533749866
259200.0	2000.0	1663.7150682973024	0.0	0	433.78933700703783	1863.7150682974898	1	0	1	1.8440876533749866
260200.0	2000.0	1663.7150682972924	0.0	0	429.0709529557498	1863.7150682974607	1	0	1	1.8440876533749884
261200.0	2000.0	1663.7150682973108	0.0	0	446.34507587444386	1863.7150682974607	1	0	1	1.8440876533749884
262200.0	2000.0	1663.7150682973167	0.0	0	279.88565777390613	1863.7150682974607	1	0	1	1.8440876533749884
263200.0	2000.0	1663.7150682972715	0.0	0	490.2252574841841	1863.7150682974316	1	0	1	1.8440876533749901
264200.0	2000.0	1663.7150682972585	0.0	0	258.48235426971223	1863.7150682974025	1	0	1	1.8440876533749924
265200.0	2000.0	1663.7150682972526	0.0	0	147.93187412357656	1863.7150682973443	1	0	1	1.8440876533749955
266200.0	2000.0	1663.7150682972103	0.0	0	199.92852561926702	1863.7150682973443	1	0	1	1.8440876533749955
267335.7670935383	2000.0	1527.9479747589153	0.0	0	0.0	1863.7150682973443	1	0	1	1.8440876533749955
268243.1609483034	2000.0	1620.5541199937848	0.0	0	0.0	1863.7150682973443	1	0	1	1.8440876533749955
269379.6855393025	2000.0	1484.0295289947276	0.0	0	0.0	1863.715068297286	1	0	1	1.8440876533749992
270207.46592766134	2000.0	1656.2491406359086	0.0	0	0.0	1863.715068297286	1	0	1	1.8440876533749992
271413.5565273368	2000.0	1450.1585409603563	0.0	0	0.0	1863.715068297286	1	0	1	1.8440876533749992
272476.9895472682	2000.0	1386.7255210290195	0.0	0	0.0	1863.715068297286	1	0	1	1.8440876533749992
273778.57043633703	2000.0	1085.14463196012	0.0	0	0.0	1863.715068297286	1	0	1	1.8440876533749992
274342.97251964785	1000.0	1520.7425486493082	0.0	0	0.0	1863.7150682973443	1	0	1	0.4577932922551054
275200.0	1000.0	1663.7150682972022	0.0	0	493.2532793506398	1863.7150682973443	1	0	1	1.1509404728150505
276200.0	1000.0	1663.7150682972574	0.0	0	682.2117201599758	1863.7150682973443	1	0	1	1.1509404728150505
277318.20045512565	2000.0	1545.5146131715885	0.0	0	0.0	1863.7150682973443	1	0	1	1.1509404728150505
278466.4867609549	2000.0	1397.2283073422846	0.0	0	0.0	1863.7150682973443	1	0	1	1.8440876533749955
279430.2632472702	2000.0	1433.4518210269403	0.0	0	0.0	1863.7150682973443	1	0	1	1.8440876533749955
280200.0	1000.0	1663.715068297092	0.0	0	235.25922778144013	1863.715068297286	1	0	1	0.457793292255109
281200.0	1000.0	1663.7150682970976	0.0	0	520.9020464023924	1863.715068297286	1	0	1	1.1509404728150543
282200.0	1000.0	1663.7150682971776	0.0	0	502.5478985744994	1863.715068297286	1	0	1	1.1509404728150543
283200.0	2000.0	1663.7150682970794	0.0	0	300.6011504503549	1863.7150682972278	1	0	1	1.1509404728150576
284200.0	2000.0	1663.7150682970519	0.0	0	147.0529190248344	1863.7150682972278	1	0	1	1.8440876533750028
285200.0	2000.0	1663.7150682970453	0.0	0	433.89526190789184	1863.7150682972278	1	0	1	1.8440876533750028
286200.0	2000.0	1663.7150682969477	0.0	0	533.6589926037705	1863.7150682972278	1	0	1	1.8440876533750028
287200.0	2000.0	1663.7150682969516	0.0	0	426.7532820297638	1863.7150682972278	1	0	1	1.8440876533750028
288200.0	2000.0	1663.7150682969477	0.0	0	392.15516959590605	1863.7150682972278	1	0	1	1.8440876533750028
289200.0	2000.0	1663.715068297033	0.0	0	139.06369134015404	1863.7150682972278	1	0	1	1.8440876533750028
290200.0	2000.0	1663.7150682970994	0.0	0	314.0397081937408	1863.7150682972278	1	0	1	1.8440876533750028
291363.2636936146	3000.0	1500.4513746825544	0.0	0	0.0	1863.7150682972278	1	0	1	1.844087653375003
292574.4637117079	3000.0	1289.2513565892168	0.0	0	0.0	1863.7150682972278	1	0	1	2.2495527614831676
293768.5220657929	3000.0	1095.1930025042773	0.0	0	0.0	1863.7150682972278	1	0	1	2.2495527614831676
294818.4351474189	3000.0	1045.2799208782444	0.0	0	0.0	1863.7150682971696	1	0	1	2.249552761483171
296017.22296422743	3000.0	846.4921040696578	0.0	0	0.0	1863.7150682971114	1	0	1	2.2495527614831747
297632.19071990415	3000.0	231.52434839295387	0.0	0	0.0	1863.7150682971114	1	0	1	2.2495527614831747
298388.32068351866	2000.0	631.470426013903	156.07604123546201	0	0.0	2019.7911095325835	1	0	1	0.49173260317235823
299130.98619716027	2000.0	888.8049123722766	0.0	0	0.0	2019.7911095325835	1	0	1	1.833653958693295
299940.39291143435	2000.0	1079.398198098174	0.0	0	0.0	2019.7911095325835	1	0	1	1.833653958693295
301179.3135292087	2000.0	840.4775803237901	0.0	0	0.0	2019.7911095325835	1	0	1	1.833653958693295
2.05	2.61	2.04	2.27	2.2	1.81	1.26	1.54	2.2	3.08	2.7	2.57	2.17	2.19	3.02	2.62	2.46	2.39	2.94	2.64	1.56	1.82	2.2	2.54	2.7	2.77	2.58	2.7	3.67	3.19	3.3	2.54	2.41	1.7	2.0	2.76	3.65	4.0	3.58	3.14	1.93	1.8	1.78	1.52	1.74	2.36	2.17	1.31	1.63	2.5	2.05	2.22	2.49	2.65	3.17	2.42	2.68	3.28	2.56	2.29	2.43	2.56	2.5	2.55	2.37	3.24	2.2	2.68	3.06	2.59	1.98	2.65	2.98	3.21	3.26	3.27	1.74	2.0	2.84	2.77	2.09	2.06	2.42	2.58	2.63	1.62	1.62	1.92	2.57	2.5	3.13	2.91	3.6	4.03	3.72	3.24	2.97	2.62	2.91	2.22	1.25	1.45	1.95	2.25	2.54	2.07	1.48	1.75	2.09	2.22	2.4	2.43	1.64	1.71	1.41	0.753	1.08	1.59	1.75	2.02	1.6	1.78	1.76	2.07	1.81	1.69	1.76	1.85	2.37	2.2	2.06	2.29	1.92	1.97	2.44	2.17	1.64	1.8	1.7	1.47	1.26	1.02	1.44	1.24	1.83	1.97	2.35	1.63	0.869	1.16	2.0	2.65	3.56	4.33	4.08	4.25	2.76	3.29	4.23	3.5	4.04	3.43	3.7	2.42	2.44	2.0	1.71	1.92	2.59	3.49	3.65	3.64	3.0	2.49	2.5	1.98	1.62	2.47	2.9	2.46	2.28	1.98	2.25	3.22	3.45	2.8	1.62	1.9	1.99	2.72	2.78	1.85	2.07	2.99	2.25	2.21	1.58	2.06	2.84	3.72	3.78	3.41	1.87	1.55	2.35	3.12	2.02	1.56	1.75	2.49	2.18	2.69	2.28	2.25	1.77	2.11	1.52	1.98	2.83	2.61	2.42	1.89	1.33	2.02	2.58	2.65	3.38	2.76	1.9	1.73	1.66	1.63	2.36	1.74	2.2	2.61	2.78	2.19	2.43	2.95	2.21	2.31	2.26	2.0	2.64	2.81	3.09	2.12	2.48	2.66	2.7	1.66	1.67	2.02	2.34	3.0	3.32	3.45	3.5	3.7	3.38	1.96	1.9	1.97	1.87	1.96	2.43	2.39	2.04	1.61	1.4	2.15	3.09	2.75	1.59	1.9	2.1	1.81	2.32	2.8	2.79	3.6	4.29	5.02	4.75	3.52	2.92	2.72	3.44	3.24	2.75	3.32	2.36	2.13	2.33	2.61	2.18	1.63	1.88	2.73
1.0	2.0	3.0	4.0	5.0	6.0	7.0	8.0	9.0	10.0	11.0	12.0	13.0	14.0	15.0	16.0	17.0	18.0	19.0	20.0	21.0	22.0	23.0	24.0	25.0	26.0	27.0	28.0	29.0	30.0	31.0	32.0	33.0	34.0	35.0	36.0	37.0	38.0	39.0	40.0	41.0	42.0	43.0	44.0	45.0	46.0	47.0	48.0	49.0	50.0	51.0	52.0	53.0	54.0	55.0	56.0	57.0	58.0	59.0	60.0	61.0	62.0	63.0	64.0	65.0	66.0	67.0	68.0	69.0	70.0	71.0	72.0	73.0	74.0	75.0	76.0	77.0	78.0	79.0	80.0	81.0	82.0	83.0	84.0	85.0	86.0	87.0	88.0	89.0	90.0	91.0	92.0	93.0	94.0	95.0	96.0	97.0	98.0	99.0	100.0	101.0	102.0	103.0	104.0	105.0	106.0	107.0	108.0	109.0	110.0	111.0	112.0	113.0	114.0	115.0	116.0	117.0	118.0	119.0	120.0	121.0	122.0	123.0	124.0	125.0	126.0	127.0	128.0	129.0	130.0	131.0	132.0	133.0	134.0	135.0	136.0	137.0	138.0	139.0	140.0	141.0	142.0	143.0	144.0	145.0	146.0	147.0	148.0	149.0	150.0	151.0	152.0	153.0	154.0	155.0	156.0	157.0	158.0	159.0	160.0	161.0	162.0	163.0	164.0	165.0	166.0	167.0	168.0	169.0	170.0	171.0	172.0	173.0	174.0	175.0	176.0	177.0	178.0	179.0	180.0	181.0	182.0	183.0	184.0	185.0	186.0	187.0	188.0	189.0	190.0	191.0	192.0	193.0	194.0	195.0	196.0	197.0	198.0	199.0	200.0	201.0	202.0	203.0	204.0	205.0	206.0	207.0	208.0	209.0	210.0	211.0	212.0	213.0	214.0	215.0	216.0	217.0	218.0	219.0	220.0	221.0	222.0	223.0	224.0	225.0	226.0	227.0	228.0	229.0	230.0	231.0	232.0	233.0	234.0	235.0	236.0	237.0	238.0	239.0	240.0	241.0	242.0	243.0	244.0	245.0	246.0	247.0	248.0	249.0	250.0	251.0	252.0	253.0	254.0	255.0	256.0	257.0	258.0	259.0	260.0	261.0	262.0	263.0	264.0	265.0	266.0	267.0	268.0	269.0	270.0	271.0	272.0	273.0	274.0	275.0	276.0	277.0	278.0	279.0	280.0	281.0	282.0	283.0	284.0	285.0	286.0	287.0	288.0	289.0	290.0	291.0	292.0	293.0	294.0	295.0	296.0	297.0	298.0	299.0	300.0
2555.6097575158938
