3850.430761199386	300.0	2000.0	90.3275040522876	0	0.0	3850.430761199386	1	0	1	-0.9442044453185825
3926.518623144726	300.0	2916.303351860126	0.0	0	0.0	3842.821975004852	1	0	2	-0.6127854888357497
4200.0	300.0	3615.4738373193245	0.0	0	172.5968414697213	3815.473837319324	1	0	2	-0.42774344696236477
5200.0	300.0	3515.4738373193263	0.0	0	924.085323326899	3715.4738373193254	1	0	2	-0.4735122604210768
6200.0	500.0	3415.4738373193277	0.0	0	923.4701064819046	3615.4738373193263	1	0	2	-0.44022229018834336
7200.0	500.0	3315.4738373193277	0.0	0	912.8487833187173	3515.4738373193263	1	0	2	0.10125828814310059
8200.0	500.0	3215.473837319328	0.0	0	892.8861212520087	3415.473837319326	1	0	2	0.12944350608337496
9200.0	1000.0	3115.4738373193286	0.0	0	745.2876499422437	3315.473837319325	1	0	2	0.15532141699280166
10200.0	2000.0	3015.4738373193295	0.0	0	686.7268133653579	3215.473837319327	1	0	2	0.872197314217654
11200.0	3000.0	2915.473837319331	0.0	0	491.1015223758477	3115.4738373193286	1	0	2	1.5873452145495035
12200.0	6000.0	2815.473837319329	0.0	0	336.65375541041794	3015.473837319325	1	0	2	2.0131571149561642
13200.0	6000.0	2715.473837319328	0.0	0	297.10385605244846	2915.473837319323	1	0	2	2.724386015833682
14200.0	6000.0	2615.473837319329	0.0	0	153.82683790313786	2815.4738373193213	1	0	2	2.7412296760882433
15200.0	6000.0	2515.4738373193272	0.0	0	62.48308424296374	2715.4738373193195	1	0	2	2.757152292388915
16200.0	6000.0	2415.4738373193277	0.0	0	369.5956923558333	2615.473837319323	1	0	2	2.7695417475919935
17200.0	6000.0	2315.47383731933	0.0	0	256.3631220334137	2515.473837319323	1	0	2	2.7823934404452504
18200.0	6000.0	2215.473837319335	0.0	0	67.76080128590547	2415.4738373193286	1	0	2	2.79420521411511
19200.0	6000.0	2115.4738373193345	0.0	0	296.3131607508403	2315.473837319325	1	0	2	2.8040277865798218
20200.0	6000.0	2015.4738373193345	0.0	0	293.7596462317342	2215.473837319325	1	0	2	2.8134737768991673
21200.0	6000.0	1915.4738373193356	0.0	0	87.67504200374606	2115.473837319325	1	0	2	2.8226041447015264
22200.0	6000.0	1815.473837319336	0.0	0	195.0910258887743	2015.4738373193213	1	0	2	2.8299688491135555
23200.0	6000.0	1715.4738373193325	0.0	0	227.91664758812112	1915.473837319314	1	0	2	2.8370223821189207
24275.614609525943	6000.0	1532.2977668407912	0.0	0	0.0	1807.9123763667121	1	0	2	2.836995128017418
25200.0	6000.0	1515.4738373193302	0.0	0	270.1781761681341	1715.4738373193104	1	0	2	2.85696367223042
26200.4794063451	6000.0	1414.9464903397177	0.0	0	0.0	1615.4258966848029	1	0	2	2.8551720165841616
27200.0	6000.0	1315.4738373193334	0.0	0	200.34500194900102	1515.473837319314	1	0	2	2.859549828705263
28230.28732750617	6000.0	1182.1577770625481	0.0	0	136.27635522577475	1412.4451045686947	1	0	2	2.8606434881295635
29314.126828692584	6000.0	989.9343257574898	0.0	0	0.0	1304.0611544500462	1	0	2	2.860306117070235
30267.425180220755	6000.0	941.3061390765012	0.0	0	0.0	1208.7313192972251	1	0	2	2.8763556382058666
31200.0	6000.0	915.4738373193343	0.0	0	144.11824825565782	1115.4738373193031	1	0	2	2.881485679543724
32200.0	6000.0	815.4738373193335	0.0	0	172.78382102944306	1015.4738373193068	1	0	2	2.877481423239248
33200.0	6000.0	715.4738373193347	0.0	0	153.78235196920286	915.4738373193104	1	0	2	2.880284527838784
34200.0	6000.0	615.4738373193372	0.0	0	447.74542149848276	815.473837319325	1	0	2	2.88246383076317
35200.0	6000.0	515.4738373193418	0.0	0	157.66530613484792	715.4738373193468	1	0	2	2.8848008647286285
36200.0	6000.0	415.4738373193437	0.0	0	295.00263355467905	615.4738373193395	1	0	2	2.8866880473224175
37200.0	6000.0	351.5108148392716	32.76088865447366	0	138.36242964419216	551.510814839261	1	0	2	2.694623230352084
38200.0	6000.0	251.5108148392772	0.0	0	352.2774825283341	451.5108148392683	1	0	2	2.8895048220808843
39200.0	6000.0	288.6609990429114	124.68198563968085	0	307.20767163104756	488.6609990428915	1	0	2	2.153309084410743
40200.0	6000.0	280.9497747157867	83.89888697533343	0	377.5275750600413	480.94977471576567	1	0	2	2.3940488273801805
41200.0	6000.0	180.9497747157851	0.0	0	456.7443981746619	380.94977471577295	1	0	2	2.8905853388794824
42200.0	6000.0	278.36517925063	179.4685495771377	0	284.9802870946951	478.3651792506207	1	0	2	1.830232727932234
43200.0	6000.0	298.3860834264469	109.10991288710409	0	223.29630819222803	498.3860834264415	1	0	2	2.2450276115234438
44200.0	6000.0	328.8079526009954	118.56533561322519	0	260.5612113927855	528.8079526009824	1	0	2	2.1887442790506086
45200.0	6000.0	233.0658208120925	3.87078928282358	0	345.17861972900573	433.06582081208035	1	0	2	2.8669628250481782
46200.0	6000.0	305.3977903626419	156.6654268641465	0	264.2523657499478	505.3977903626146	1	0	2	1.964336626108147
47200.0	6000.0	308.3695955102278	93.61073195234334	0	285.7135394658326	508.3695955101866	1	0	2	2.3363083485988696
48200.0	6000.0	376.6069957149722	152.94309109522058	0	148.8486118814617	576.6069957149302	1	0	2	1.9851227669801705
49200.0	6000.0	276.60699571497264	0.0	0	369.8027614622479	476.6069957149448	1	0	2	2.8891039036058506
50200.0	6000.0	317.2127062295005	127.82337319502423	0	131.70249046359095	517.2127062294676	1	0	2	2.1343286947978957
51200.0	6000.0	283.8576994516207	60.58635747465911	0	342.12192639234127	483.85769945158245	1	0	2	2.5315464645632373
52200.0	6000.0	356.8837739777312	157.29643138736884	0	141.3316336716889	556.8837739776936	1	0	2	1.9597751992220762
53200.0	6000.0	267.31455783537217	9.482530779667627	0	311.60678069890855	467.3145578353433	1	0	2	2.83331743504867
54241.288264988296	6000.0	430.20409000988343	280.2787487833048	0	0.0	671.4923549981759	1	0	2	1.228027302240862
55256.38927519366	6000.0	511.12275491461935	179.57252375511732	0	0.0	767.5120301082789	1	0	2	1.8229073463795311
56200.0	6000.0	473.1509576276462	0.0	0	360.8587985866179	673.150957627644	1	0	2	2.891206169928737
57200.0	6000.0	373.15095762764946	0.0	0	258.6289570923982	573.150957627644	1	0	2	2.887485515721012
58200.0	6000.0	354.51983069120246	73.97170278505183	0	148.77845198914292	554.5198306911916	1	0	2	2.451429737990389
59200.0	6000.0	270.9386040920214	14.926157637107394	0	320.6050233450442	470.93860409200715	1	0	2	2.801145345136706
60200.0	6000.0	248.71989664150902	70.71026595407861	0	344.95161004069814	448.7198966414944	1	0	2	2.472366541231224
61200.0	6000.0	207.05205106024422	53.0292312897532	0	411.24095323665824	407.05205106022186	1	0	2	2.5773252368649135
62200.0	6000.0	366.0462414197484	235.44926396319224	0	199.99758397794358	566.0462414197173	1	0	2	1.4985026284954994
63200.0	6000.0	266.04624141973267	0.0	0	462.4911352400668	466.0462414197027	1	0	2	2.889264592573284
64200.0	6000.0	293.3688939010836	115.74786589213343	0	276.1888633851413	493.3688939010535	1	0	2	2.2059430332133556
65200.0	6000.0	193.3688939010855	0.0	0	491.53093587028707	393.3688939010535	1	0	2	2.8903993054439674
66200.0	6000.0	368.601302579011	250.211280616289	0	229.79372717242222	568.6013025789871	1	0	2	1.4113603202002727
67200.0	6000.0	268.60130257899255	0.0	0	223.06209457543446	468.601302578958	1	0	2	2.889240033193435
68200.0	6000.0	439.3105252803739	246.09929336489114	0	185.85733317880658	639.3105252803653	1	0	2	1.4343687043294957
69200.0	6000.0	405.865797889458	60.50479328098055	0	70.90582036763954	605.865797889448	1	0	2	2.53001906019733
70200.0	6000.0	372.51668023895553	60.5917112268134	0	147.26597525594116	572.5166802389722	1	0	2	2.530067335741891
71200.0	6000.0	272.51668023894933	0.0	0	484.67310906827333	472.51668023895763	1	0	2	2.889154512051369
72200.0	6000.0	247.4948375302592	68.16196117391786	0	360.2054048915743	447.49483753027744	1	0	2	2.4874202034180346
73200.0	6000.0	208.14479473006713	55.136324727084144	0	422.4456137572706	408.14479473009123	1	0	2	2.56487690175551
74200.0	6000.0	331.895054304525	203.4093268858741	0	183.8257740969566	531.8950543045503	1	0	2	1.6881157856307456
75200.0	6000.0	384.1152160541527	138.38196522693653	0	79.81853996189602	584.1152160541824	1	0	2	2.070915319781586
76200.0	6000.0	390.24808205719097	96.48442363912375	0	197.6353734020813	590.2480820572091	1	0	2	2.3179784612532925
77200.0	6000.0	292.6933303155722	2.2229529621614006	0	248.6752148612286	492.69333031559654	1	0	2	2.875752462084573
78200.0	6000.0	206.88834958378183	12.904562971110124	0	425.40374801223516	406.8883495837945	1	0	2	2.814063247838129
79200.0	6000.0	307.0116619939705	181.93028400925735	0	180.20969388562662	507.0116619939945	1	0	2	1.815254071465581
80200.0	6000.0	266.8157744327369	54.367374944321114	0	313.6393133958045	466.8157744327473	1	0	2	2.568510704965308
81200.0	6000.0	358.47015143858954	174.23125182350114	0	178.6594514682074	558.4701514385961	1	0	2	1.8598194266280776
82200.0	6000.0	331.2523045540079	66.16559374128155	0	58.390303158725146	531.2523045540001	1	0	2	2.497881293990404
83200.0	6000.0	459.0447762436294	207.08406517239206	0	6.3575530792732025	659.0447762436379	1	0	2	1.6642733728156536
84200.0	6000.0	359.0447762436464	0.0	0	134.04219112244027	559.044776243667	1	0	2	2.8877439762654284
85200.0	6000.0	504.3588343982976	223.0127801405942	0	133.26819857399096	704.3588343983138	1	0	2	1.5693614833958538
86200.0	6000.0	404.35883439829826	0.0	0	302.5685335524613	604.3588343982992	1	0	2	2.8868706638253485
87200.0	6000.0	336.9895024203274	29.664243656381643	0	145.50884386293183	536.9895024203288	1	0	2	2.713135961371618
88200.0	6000.0	236.98950242032004	0.0	0	334.9291017371288	436.9895024203288	1	0	2	2.8897309297804026
89200.0	6000.0	464.3990653523457	297.64505721092746	0	47.45098344718281	664.3990653523506	1	0	2	1.129840816709622
90200.0	6000.0	364.39906535233814	0.0	0	325.3538912668446	564.3990653523506	1	0	2	2.8876193219720587
91200.0	6000.0	264.3990653523164	0.0	0	300.5080538982438	464.3990653523215	1	0	2	2.889311488764876
92200.0	6000.0	334.35101586232224	154.50177319091543	0	262.0968334121717	534.3510158623103	1	0	2	1.9766243434016042
93200.0	6000.0	234.35101586232076	0.0	0	455.17560523161956	434.35101586229575	1	0	2	2.889771790747403
94200.0	6000.0	204.18581506982758	63.486181097720475	0	406.32519534634775	404.1858150698099	1	0	2	2.5156723862635118
95200.0	6000.0	303.49577994990705	181.19087716371115	0	296.4996192282997	503.49577994988067	1	0	2	1.819666914083038
96200.0	6000.0	302.04260448183436	89.58802230176428	0	284.0077705921285	502.04260448178684	1	0	2	2.360146121190283
97200.0	6000.0	319.47969709377253	106.76099328356347	0	156.3842772804055	519.4796970937314	1	0	2	2.2585479994416193
98281.44365609146	6000.0	322.05990538495644	174.69839090161813	0	0.0	603.5035614763765	1	0	2	1.8481460632254136
99200.0	6000.0	409.98551864939543	89.39781051257677	0	201.62283618444053	609.985518649366	1	0	2	2.367579496972002
100200.0	6000.0	355.0992782260318	41.01250870604281	0	208.43693721444288	555.0992782260146	1	0	2	2.645871335714571
101200.0	6000.0	331.8226970629205	69.74856257897648	0	138.48536835848063	531.8226970628893	1	0	2	2.4767245706444125
102200.0	6000.0	231.822697062909	0.0	0	389.3887702956854	431.82269706288935	1	0	2	2.889818056154664
103200.0	6000.0	206.69198915929817	68.06299281489848	0	395.6620276588219	406.6919891592552	1	0	2	2.4886314714857183
104200.0	6000.0	319.4805163960148	193.444115669736	0	194.14939253973716	519.4805163959682	1	0	2	1.7471165069789425
105200.0	6000.0	219.48051639600658	0.0	0	387.7400121668179	419.48051639596815	1	0	2	2.8900046055698922
106200.0	6000.0	367.26613229069426	225.25965081334024	0	166.51991472934606	567.2661322906497	1	0	2	1.5586091331954894
107200.0	6000.0	370.77441570673756	94.09843946912247	0	118.76805882834014	570.7744157066627	1	0	2	2.33241138139529
108200.0	6000.0	386.6694258573933	105.35910013695434	0	33.59393723098037	586.6694258573116	1	0	2	2.265735941649578
109200.0	6000.0	392.43531771189004	96.15081077681953	0	103.8416377154208	592.4353177117882	1	0	2	2.319931529409482
110200.0	6000.0	292.4353177118775	0.0	0	442.7566867422429	492.43531771178823	1	0	2	2.8888270918911774
111200.0	6000.0	330.9769930211529	125.94697755388867	0	236.9589741564996	530.976993021075	1	0	2	2.145155157158281
112200.0	6000.0	298.79985708540795	61.65714914932687	0	160.109300023978	498.7998570853233	1	0	2	2.5249957710734843
113200.0	6000.0	400.0891354027874	182.99025301580104	0	43.24430345966539	600.0891354027117	1	0	2	1.8074652122319699
114200.0	6000.0	404.7294123392062	95.12752448765082	0	122.68145454872865	604.7294123391184	1	0	2	2.325751066814424
115200.0	6000.0	315.218969539511	9.53596109118672	0	196.90104790493206	515.218969539419	1	0	2	2.832245345097725
116200.0	6000.0	312.20855693931344	88.17235218164353	0	227.5823311786371	512.2085569392075	1	0	2	2.3683364450043505
117200.0	6000.0	238.0015866946518	23.44820886849024	0	390.0067232496367	438.0015866945323	1	0	2	2.751379538706897
118200.0	6000.0	331.4930333372252	175.90131512961645	0	216.27322109998204	531.4930333371158	1	0	2	1.8504153829655112
119200.0	6000.0	243.42423305301287	10.846545196174532	0	349.3924134063709	443.4242330528796	1	0	2	2.8256448708261304
120200.0	6000.0	201.90420979481095	53.16361521982614	0	454.77392443359713	401.9042097946658	1	0	2	2.5766097900628604
121200.0	6000.0	330.76124541597096	208.05185056470145	0	191.1779533818626	530.7612454158079	1	0	2	1.6607432400797482
122200.0	6000.0	343.5978589816148	102.57873960512615	0	183.83451019605855	543.5978589814476	1	0	2	2.2828222005348797
123200.0	6000.0	342.90574436193344	90.27989580027656	0	155.04749311538762	542.905744361793	1	0	2	2.3554034836468194
124200.0	6000.0	343.88288095087836	91.7973968990417	0	135.76957379559462	543.882880950754	1	0	2	2.3464351988557874
125200.0	6000.0	456.19973652714054	193.01532325114107	0	100.08235286566196	656.1997365271236	1	0	2	1.747283319332555
126200.0	6000.0	356.19973652715294	0.0	0	335.0989560911694	556.1997365271382	1	0	2	2.8877329098792655
127200.0	6000.0	387.0659101344728	118.9692487339243	0	215.64962813792226	587.06591013445	1	0	2	2.1853723886278633
128200.0	6000.0	287.0659101344666	0.0	0	444.88800327623903	487.06591013444995	1	0	2	2.8889059534181216
129200.0	6000.0	281.3531948132534	85.7157133443539	0	323.9597542759002	481.35319481324404	1	0	2	2.383324800429289
130200.0	6000.0	401.6555029415051	200.2748255711385	0	71.7110470658663	601.6555029414885	1	0	2	1.7054551121816939
131200.0	6000.0	301.6555029415255	0.0	0	441.55406330828555	501.6555029415031	1	0	2	2.8886784947384188
132200.0	6000.0	303.32498102551097	92.4267982581649	0	165.14155838260194	503.32498102547834	1	0	2	2.343383450109978
133200.0	6000.0	264.0644931458012	55.217738291170264	0	371.7223497572704	464.0644931457646	1	0	2	2.5635324134899564
134200.0	6000.0	257.61040556983596	85.04173856732672	0	382.92791090440005	457.6104055697797	1	0	2	2.387670088817067
135200.0	6000.0	247.92249798787873	82.10190219822252	0	396.5978918852343	447.9224979878345	1	0	2	2.405167842942168
136200.0	6000.0	339.47840016693453	174.14172925366944	0	86.11871875551878	539.4784001669032	1	0	2	1.860689686762179
137200.0	6000.0	239.4784001669253	0.0	0	377.19369961193297	439.47840016687405	1	0	2	2.889699425854639
138200.0	6000.0	386.95648266610334	224.98007499927573	0	147.5381792903645	586.9564826660499	1	0	2	1.5599209917511048
139200.0	6000.0	433.589889156827	133.3030968097653	0	2.429289995721774	633.5898891567776	1	0	2	2.100050123767854
140200.0	6000.0	333.5898891568338	0.0	0	349.9949891753495	533.5898891568067	1	0	2	2.888149172480146
141200.0	6000.0	233.58988915682448	0.0	0	385.1462327746558	433.58988915680675	1	0	2	2.8897917149377887
142200.0	6000.0	327.516992642653	176.29736680530831	0	191.41417339904	527.5169926426024	1	0	2	1.8481459105820615
143200.0	6000.0	332.81642891166075	95.72676024457098	0	115.93858953317977	532.8164289116103	1	0	2	2.3234357086771213
144435.98614747138	6000.0	258.9757929851364	259.76738753817955	0	0.0	694.961940456531	1	0	2	1.3289500431253793
145200.0	6000.0	559.4926978468976	128.1201296756518	0	102.47281824270613	759.492697846872	1	0	2	2.1517401346693483
146200.0	6000.0	459.4926978468587	0.0	0	231.07268644298892	659.4926978468138	1	0	2	2.8858714813789472
147200.0	6000.0	359.49269784684486	0.0	0	394.59888249018695	559.4926978468429	1	0	2	2.88768081962952
148200.0	6000.0	332.90297001737997	66.73661106411276	0	235.54948119519395	532.9029700173705	1	0	2	2.4944633370137925
149200.0	6000.0	376.2528797873757	130.31809979089303	0	73.45378251376678	576.2528797873529	1	0	2	2.118638419985154
150200.0	6000.0	276.25287978736117	0.0	0	391.9118292162311	476.25287978735287	1	0	2	2.8890981108326237
151200.0	6000.0	229.79855388568342	48.67788554394795	0	375.66061459088814	429.7985538856883	1	0	2	2.602651401863883
152200.0	6000.0	280.26736118703525	136.78982481942742	0	276.77844548103167	480.26736118708504	1	0	2	2.082004832564498
153200.0	6000.0	441.7699377047543	237.72961501611877	0	88.75940788848675	641.7699377047538	1	0	2	1.4837416343736223
154200.0	6000.0	341.7699377047578	0.0	0	155.11398459106567	541.7699377047829	1	0	2	2.888072471176844
155200.0	6000.0	282.28498188543244	36.83185834603637	0	279.0689775211504	482.28498188543017	1	0	2	2.6717227898964166
156200.0	6000.0	353.71695739725396	155.84725046525855	0	263.2058630461106	553.7169573972642	1	0	2	1.9683584415072843
157200.0	6000.0	253.71695739726084	0.0	0	416.6346482708759	453.7169573972642	1	0	2	2.889461551696953
158200.0	6000.0	222.03383886347223	62.106255878365886	0	295.13992287399014	422.03383886348456	1	0	2	2.5235432570081087
160026.14889597232	6000.0	239.55080911179795	932.9825052889737	0	0.0	1265.6997050841164	1	0	2	-2.714413018749328
160796.51704204135	6000.0	555.4422171555192	148.45124429060294	0	0.0	1351.9592591969122	1	0	2	2.0139869973822337
161958.96443042837	6000.0	339.254492207009	56.82218388838362	0	0.0	1298.218922635424	1	0	2	2.5170768616493726
162772.35020110715	6000.0	560.1271208291764	105.0881603353443	0	0.0	1332.4773219363997	1	0	2	2.266284511229674
163470.19101294284	6000.0	792.5022278099194	0.0	0	0.0	1262.693240752822	1	0	2	2.9004250107031373
164200.0	6000.0	989.7123420470156	0.0	0	125.81466754584108	1189.7123420471034	1	0	2	2.8995411768296315
165200.0	6000.0	889.7123420470114	0.0	0	372.74098919783137	1089.7123420471034	1	0	2	2.875239737005491
166200.0	6000.0	789.7123420470034	0.0	0	442.5836074191029	989.7123420471034	1	0	2	2.8780880280895396
167200.0	6000.0	689.7123420469502	0.0	0	244.8038367118861	889.7123420470452	1	0	2	2.880765251776854
168200.0	6000.0	589.7123420469438	0.0	0	141.83011329628062	789.7123420470161	1	0	2	2.883161764722874
169200.0	6000.0	489.7123420469177	0.0	0	431.82373729199753	689.7123420470161	1	0	2	2.8851871671319325
170200.0	6000.0	389.7123420469394	0.0	0	429.9410100613313	589.7123420470452	1	0	2	2.887131058028
171200.0	6000.0	289.71234204697726	0.0	0	473.8515744129254	489.71234204707434	1	0	2	2.8888673350141416
172200.0	6000.0	341.9301863470025	138.37985845457845	0	172.67381223433767	541.9301863471046	1	0	2	2.0716228057727375
173200.0	6000.0	241.93018634699916	0.0	0	385.9231032298412	441.9301863470755	1	0	2	2.8896450128116005
174200.0	6000.0	325.5911128536579	166.96447864241438	0	241.28488487296272	525.5911128537264	1	0	2	1.9032408715754427
175207.445663794	6000.0	481.93475161411425	240.48533539446416	0	0.0	689.3804154081445	1	0	2	1.4658807618672602
176200.0	6000.0	390.12498178751355	0.0	0	194.89529125462286	590.1249817875505	1	0	2	2.887979334662411
177200.0	6000.0	290.12498178748945	0.0	0	268.2629795537796	490.1249817875214	1	0	2	2.8888931734396683
178234.76928466238	6000.0	311.66059871844914	145.25620914508403	0	0.0	546.4298833808571	1	0	2	2.027512059074444
179601.70986454008	6000.0	272.4636223991845	422.2160559510993	0	0.0	874.1734869392822	1	0	2	0.35344195680842616
180432.76094155118	6000.0	537.5976188750251	162.9910738072933	0	0.0	970.358560426248	1	0	2	1.9343245436995216
181200.0	6000.0	693.6346545813442	0.0	0	20.733841804933036	893.6346545813722	1	0	2	2.904336891260855
182200.0	6000.0	593.6346545813599	0.0	0	7.081355626869481	793.6346545814304	1	0	2	2.8831990748175222
183200.0	6000.0	493.6346545813517	0.0	0	26.692799129814375	693.6346545814304	1	0	2	2.8853394543918305
184200.0	6000.0	410.2103074828571	15.06877536500292	0	61.17855549874366	610.210307482892	1	0	2	2.7980215334679617
185200.0	6000.0	413.18867072684236	93.61669385815662	0	78.85738734449842	613.1886707268422	1	0	2	2.334527252020294
186200.0	6000.0	313.1886707268859	0.0	0	215.99815069301985	513.1886707268714	1	0	2	2.888523482064966
187210.60086798356	6000.0	343.75155499318976	129.29439913475125	0	0.0	554.35242297675	1	0	2	2.124006739519642
188200.0	6000.0	449.599870724983	176.53396449988432	0	178.18004198695417	649.5998707249819	1	0	2	1.8456773240894524
189200.0	6000.0	349.59987072495755	0.0	0	371.4293219901447	549.5998707249237	1	0	2	2.8878403337938705
190200.0	6000.0	311.4297696988967	56.20899906721462	0	306.7587222516886	511.4297696988797	1	0	2	2.556939452079635
191200.0	6000.0	253.3712912008043	38.12865591080811	0	376.10639821572113	453.3712912008632	1	0	2	2.664524279105707
192200.0	6000.0	296.9134975393694	130.49291485322357	0	237.76361345709302	496.91349753941176	1	0	2	2.118892524779141
193200.0	6000.0	225.56705613044196	26.048689628231585	0	386.256491794833	425.56705613050144	1	0	2	2.7362287513572445
194200.0	6000.0	406.9143577630573	255.77027421147451	0	85.74094493527082	606.914357763133	1	0	2	1.377928665539444
195200.0	6000.0	342.6557073292349	32.49213596923943	0	229.28913633403135	542.6557073293079	1	0	2	2.696344196548357
196200.0	6000.0	242.65570732926065	0.0	0	413.2731536536885	442.655707329337	1	0	2	2.8896490299948714
197200.0	6000.0	267.3565158950672	113.36437142345358	0	296.4709637548949	467.3565158951387	1	0	2	2.2204190409857807
198200.0	6000.0	229.20620351244997	56.22698874308307	0	422.1447798910376	429.2062035125273	1	0	2	2.5581208213511064
199200.0	6000.0	328.0984283352775	180.81111347529935	0	201.22745429546922	528.0984283353027	1	0	2	1.8215081792560839
200200.0	6000.0	344.483670792234	105.80476586999646	0	124.57487438165117	544.4836707923096	1	0	2	2.2637726581668343
201200.0	6000.0	264.19326188660955	17.91781008577277	0	412.7863964191638	464.193261886714	1	0	2	2.7836016674170203
202200.0	6000.0	164.19326188657448	0.0	0	514.5422220574983	364.19326188674313	1	0	2	2.890825854253124
203920.81458019098	6000.0	293.9911485277846	929.7217498648236	0	0.0	1214.8057287189586	1	0	2	-2.6809428523157957
204789.86041126717	6000.0	493.3507227521478	141.190898552897	0	0.0	1283.2111340194824	1	0	2	2.049377472455748
205791.37898917403	6000.0	461.60815969010787	63.570793305002724	0	0.0	1252.987148864282	1	0	2	2.495177324340519
206627.9751458542	6000.0	541.3523873418934	0.0	0	0.0	1169.3275331962504	1	0	2	2.8895964021952554
207461.54267494645	6000.0	624.4281053404164	0.0	0	0.0	1085.9707802870253	1	0	2	2.8925188882530466
208349.08322728495	6000.0	648.1334977680522	0.0	0	0.0	997.2167250531202	1	0	2	2.88954562331966
209206.26841190027	6000.0	705.2297946911864	0.0	0	0.0	911.4982065915829	1	0	2	2.894815509767
210200.0	6000.0	612.1250477814731	0.0	0	32.55418346816441	812.125047781592	1	0	2	2.883424330751186
211211.82003433452	6000.0	499.1230100135296	0.0	0	0.0	710.9430443481833	1	0	2	2.883850449026881
212200.0	6000.0	412.1250477814986	0.0	0	419.89987524598837	612.1250477816211	1	0	2	2.8878898776717796
213200.0	6000.0	312.12504778148946	0.0	0	342.88446745541296	512.125047781592	1	0	2	2.8885164572069404
214767.38759457463	6000.0	309.6973202408606	656.0896604468057	0	67.6300897882029	1077.084914815554	1	0	2	-1.0434054829208304
215356.17542669465	6000.0	686.3838296679262	22.139204326467166	0	0.0	1042.5592563626124	1	0	2	2.787798108803051
216220.48310642203	6000.0	735.645381967774	0.0	0	0.0	956.1284883898334	1	0	2	2.8928631821748283
217334.64784237696	6000.0	510.06417241730355	0.0	0	0.0	844.7120147942915	1	0	2	2.8706362790773414
218437.94616294728	6000.0	324.3988646594931	25.42076806322561	0	0.0	762.3450276067888	1	0	2	2.723514541283671
219686.9910561813	6000.0	333.23727351532796	347.9889012847793	0	0.0	1020.2283296966052	1	0	2	0.7994240811240115
220345.33756862572	6000.0	635.9051245117297	24.408195168434077	0	0.0	981.2426931374357	1	0	2	2.769068138381173
221200.0	6000.0	695.776450000026	0.0	0	267.5952170183591	895.776450000034	1	0	2	2.8951780355786645
222200.0	6000.0	595.7764500000118	0.0	0	161.73465094855055	795.776450000063	1	0	2	2.8830227224762255
223200.0	6000.0	495.77645000004003	0.0	0	81.22370180836879	695.7764500001213	1	0	2	2.885290229679395
224200.0	6000.0	398.650807084629	2.61305189509568	0	154.68329675905989	598.6508070846903	1	0	2	2.8716825906393075
225200.0	6000.0	298.6508070846332	0.0	0	322.2701572232472	498.6508070847194	1	0	2	2.888745965937368
226200.0	6000.0	329.61288903585705	119.0564381374758	0	210.20500999497017	529.6128890359541	1	0	2	2.1858341767137985
227200.0	6000.0	235.78322370058885	5.609395149754562	0	337.88577980422997	435.78322370070964	1	0	2	2.856662972707171
228200.0	6000.0	297.16194636293676	146.70792969304938	0	191.99471947178245	497.1619463630195	1	0	2	2.023222616066405
229200.0	6000.0	216.14847102103084	17.260476961894312	0	450.3160542790429	416.14847102112253	1	0	2	2.788223132762684
230200.0	6000.0	213.59557918329614	88.58828014749781	0	439.6394445798651	413.5955791833985	1	0	2	2.36742787793091
231200.0	6000.0	243.5788628675991	118.16662153118403	0	392.5309285975527	443.57886286769644	1	0	2	2.1924540047987637
232200.0	6000.0	233.33532754167481	81.59678606735486	0	330.10552863110206	433.3353275418049	1	0	2	2.408375275809979
233550.7256012206	6000.0	200.0	411.3298489099784	0	0.0	750.7256012207363	1	0	2	0.42374023282337514
234416.74258998968	6000.0	543.1840465285054	268.9115765222664	0	0.0	959.9266365183285	1	0	2	1.3061827615106323
235284.5916270822	6000.0	588.5501057266949	0.0	0	0.0	873.1417328090465	1	0	2	2.894721347289786
236200.0	6000.0	581.6008955170963	0.0	0	298.2849360080145	781.6008955172438	1	0	2	2.891780088007888
237200.0	6000.0	481.60089551708995	0.0	0	268.15128445328446	681.6008955171856	1	0	2	2.885408014747575
238200.0	6000.0	381.60089551704516	0.0	0	293.4430333741766	581.6008955171274	1	0	2	2.887322537141497
239200.0	6000.0	281.60089551702424	0.0	0	262.2846933223773	481.60089551712736	1	0	2	2.8890462267749006
240200.0	6000.0	231.60952263945128	45.46238829311261	0	361.5202370096522	431.60952263954096	1	0	2	2.6215948951575268
241200.0	6000.0	462.6329843729291	300.93041975770154	0	0.5590893573826179	662.6329843729327	1	0	2	1.1105151038436336
242200.0	6000.0	362.6329843729268	0.0	0	18.94610861237743	562.6329843729909	1	0	2	2.8877367898341415
243200.0	6000.0	462.98166162083487	182.1351611344742	0	158.70474063861184	662.9816616208409	1	0	2	1.8113260933297972
244200.0	6000.0	362.98166162084516	0.0	0	162.97839692005073	562.98166162087	1	0	2	2.8876750566160894
245200.0	6000.0	361.6413626792122	89.69063732579968	0	192.41273557493696	561.6413626791909	1	0	2	2.358556715757856
246200.0	6000.0	275.0771110244303	12.214316677452189	0	316.9362144470797	475.07711102438043	1	0	2	2.817079756811043
247200.0	6000.0	288.2727505431324	102.90512683518082	0	285.86097961713676	488.2727505430521	1	0	2	2.2817937532744987
248200.0	6000.0	379.6945006764987	174.01977284852674	0	147.8019329580129	579.6945006763854	1	0	2	1.8607175610329896
249200.0	6000.0	324.1311564596741	40.396959802900994	0	128.71818197407993	524.131156459538	1	0	2	2.6500302702572185
250200.0	6000.0	338.2868074045689	103.77786449537331	0	177.39331386605045	538.2868074043945	1	0	2	2.275845845312903
251200.0	6000.0	416.99877418047265	162.46542434171778	0	101.68225048028398	616.9987741803343	1	0	2	1.9282405641428175
252200.0	6000.0	328.50568651345003	10.460829393609572	0	139.84752005263	528.5056865132938	1	0	2	2.8265765038042865
253200.0	6000.0	266.65809255092483	34.68400548861007	0	313.0844876636402	466.65809255078784	1	0	2	2.684647707093677
254200.0	6000.0	263.1670991379534	87.73546053366687	0	350.70982947040466	463.1670991377905	1	0	2	2.371691137006913
255200.0	6000.0	215.61541971328862	47.68029143211231	0	440.2243782606092	415.6154197131691	1	0	2	2.608754333569467
256200.0	6000.0	260.7976847408015	131.98387729773742	0	291.00160997750936	460.7976847407117	1	0	2	2.1106681940369496
257200.0	6000.0	178.789201722217	16.35592452857938	0	382.69038539149915	378.789201722102	1	0	2	2.7941180414486633
258200.0	6000.0	441.8658158597059	330.069649215924	0	171.44393967150245	641.8658158596954	1	0	2	0.9388990193993949
259200.0	6000.0	341.8658158596842	0.0	0	527.7915703243634	541.8658158596663	1	0	2	2.887964345446182
260200.0	6000.0	336.3965647321582	85.93704442952816	0	221.0701456205279	536.3965647321311	1	0	2	2.3811237059713832
261200.0	6000.0	366.0361490167421	117.85416753142249	0	110.29079624413862	566.036149016727	1	0	2	2.1923359411626775
262200.0	6000.0	275.89834288277666	8.965630787331577	0	308.9083751656872	475.8983428827196	1	0	2	2.836234352509529
263200.0	6000.0	295.5714386585711	108.79372343259442	0	219.69669715536293	495.57143865857506	1	0	2	2.2469383832434637
265031.55295392	6000.0	275.73904854142944	904.432599267994	0	0.0	1307.292002461385	1	0	2	-2.545536928036717
265679.3319121043	6000.0	655.3133943393256	83.7556361823573	0	0.0	1334.6453064435045	1	0	2	2.408786736548126
266631.12513942184	6000.0	608.3408442900186	0.0	0	0.0	1239.465983711707	1	0	2	2.875684115032743
267492.46797986445	6000.0	660.8637198031506	0.0	0	0.0	1153.3316996674985	1	0	2	2.8876098398146812
268252.06546837284	6000.0	825.3064824438966	0.0	0	0.0	1077.371950816596	1	0	2	2.9002315467115367
269200.0	6000.0	782.578497654016	0.0	0	75.04326790466439	982.5784976539435	1	0	2	2.8837595552259607
270200.0	6000.0	682.5784976540717	0.0	0	210.0543649600586	882.5784976539435	1	0	2	2.8809151698927
271273.9129313691	6000.0	501.2742731480219	0.0	0	0.0	775.1872045170749	1	0	2	2.8762010460080445
272200.0	6000.0	482.5784976539662	0.0	0	61.17548711044947	682.5784976539435	1	0	2	2.8929002595289086
273206.4314779047	6000.0	493.0075973029469	106.82156849474066	0	0.0	699.439075207687	1	0	2	2.254418622368746
274200.0	6000.0	400.08222299808125	0.0	0	377.29052266135113	600.0822229979676	1	0	2	2.8875725307198445
275200.0	6000.0	300.0822229981378	0.0	0	304.47683017421514	500.0822229979094	1	0	2	2.8887442224564
276200.0	6000.0	387.2705040448283	170.17116458791355	0	97.04124179983046	587.2705040446017	1	0	2	1.8833025382805975
277200.0	6000.0	287.27050404490404	0.0	0	392.8480293461471	487.2705040447181	1	0	2	2.8889147419436534
278200.0	6000.0	261.97397441186865	67.91224578813797	0	321.5435777110979	461.97397441166686	1	0	2	2.488665996979388
279374.47182267526	6000.0	333.73956869082144	330.62236292886297	0	0.0	708.2113913660869	1	0	2	0.916861816635612
280200.0	6000.0	582.366711768414	142.46194375888186	0	18.142932583694346	782.3667117684381	1	0	2	2.060555477630218
281200.0	6000.0	482.3667117684325	0.0	0	249.49087208724814	682.3667117684381	1	0	2	2.885376899019344
282200.0	6000.0	382.36671176849137	0.0	0	154.73819767317036	582.3667117684381	1	0	2	2.887306901181499
283200.0	6000.0	282.36671176853895	0.0	0	351.8175714893732	482.3667117684381	1	0	2	2.889024928114134
284200.0	6000.0	291.7996341527801	99.48447489478474	0	342.68532858852996	491.79963415279053	1	0	2	2.301918569519977
285200.0	6000.0	265.6964256762991	67.17890138503773	0	328.3898581190733	465.6964256763458	1	0	2	2.492937826932613
286200.0	6000.0	374.3432948423631	189.67897196917372	0	125.70974207256222	574.3432948424015	1	0	2	1.768422352743504
287200.0	6000.0	274.343294842368	0.0	0	288.85005881020334	474.3432948424015	1	0	2	2.88915291483333
288244.2178279491	6000.0	366.6001153001167	218.99675563792368	0	0.0	610.817943249247	1	0	2	1.590404722834982
289301.3561178837	6000.0	416.6261361297526	193.52558159790271	0	0.0	717.9822540134774	1	0	2	1.7373385930382126
290200.0	6000.0	509.4891780184279	73.97392019691162	0	18.16351809387561	709.489178018528	1	0	2	2.458793713662111
291200.0	6000.0	409.489178018463	0.0	0	353.5570446351194	609.4891780185862	1	0	2	2.886764832985792
292200.0	6000.0	309.48917801851843	0.0	0	295.2005806423258	509.48917801870266	1	0	2	2.888568030282117
293200.0	6000.0	399.2842711461765	172.54099375238448	0	26.531465591979213	599.2842711463454	1	0	2	1.8691388395807247
294200.0	6000.0	299.2842711462753	0.0	0	275.9112099664635	499.28427114652004	1	0	2	2.8887537763648194
295242.5488436043	6000.0	453.250946637393	273.4276395052905	0	0.0	695.7997902416973	1	0	2	1.2678552456062693
296276.6242137202	6000.0	357.5623740064384	37.994849542338	0	0.0	634.1865877266391	1	0	2	2.658886482023775
297293.29178110854	6000.0	465.5759966829321	205.77086073066562	0	0.0	758.8677777914563	1	0	2	1.668330415674432
298200.0	6000.0	468.19695590230737	0.0	0	140.1156076041516	668.1969559023273	1	0	2	2.8951294055916375
299200.0	6000.0	422.1032292124792	49.005703009237834	0	30.15862322540488	622.1032292125165	1	0	2	2.5975971873019343
300238.60758940043	6000.0	393.81836494690504	103.80316734087461	0	0.0	632.4259543474182	1	0	2	2.2702280892557547
5.73	9.97	9.06	8.82	5.65	5.96	7.99	8.2	8.3	7.8	7.59	8.47	8.45	7.42	6.98	7.88	8.02	8.69	8.04	6.58	7.02	7.84	8.68	8.95	3.49	8.74	4.76	7.32	5.89	8.68	8.89	9.81	9.12	8.29	6.84	7.38	10.3	8.85	9.38	8.38	9.38	9.54	9.04	9.07	9.76	8.52	7.85	9.1	9.49	7.04	7.0	8.91	10.1	9.54	9.09	8.57	8.38	9.21	10.4	10.1	9.92	7.9	9.97	6.06	8.76	8.91	9.77	10.2	9.38	9.34	8.88	8.05	10.4	9.25	8.6	8.78	10.2	9.35	6.59	7.91	5.25	10.1	8.85	8.57	6.42	8.87	8.64	8.75	9.85	8.35	8.48	8.88	8.91	7.76	5.99	7.12	9.98	8.68	8.19	8.58	8.93	8.5	8.56	8.41	8.25	8.23	9.22	9.06	7.39	6.91	8.76	9.17	9.15	9.5	9.33	9.25	9.08	9.06	9.21	9.28	8.35	9.8	6.95	10.4	6.75	7.38	8.7	8.87	7.69	8.43	9.19	9.25	7.97	7.98	8.07	8.13	8.99	8.96	8.11	6.54	6.19	7.8	7.82	8.46	8.46	8.93	8.48	8.73	7.71	8.96	8.89	7.87	9.5	8.34	5.58	2.99	6.44	6.41	7.85	7.74	8.34	8.34	9.37	9.06	7.82	9.49	10.6	9.98	9.15	6.48	6.86	7.67	9.25	8.24	5.05	6.04	8.32	7.67	7.76	7.43	7.4	8.63	8.87	6.81	10.1	6.26	10.8	11.3	10.3	8.7	9.21	9.99	9.84	9.34	9.04	9.45	6.84	12.9	9.54	2.09	8.36	5.06	6.67	8.3	7.71	7.51	8.07	8.54	7.52	8.83	0.94	9.93	6.08	7.02	5.96	6.69	9.52	7.85	6.95	7.96	9.43	8.99	9.36	9.64	8.52	9.25	10.0	10.4	8.95	4.65	8.77	8.78	10.4	9.16	9.22	9.51	7.81	8.45	6.11	10.3	8.33	9.53	8.5	7.46	8.11	7.67	9.08	9.25	8.3	9.38	8.62	9.3	9.62	6.09	10.5	8.77	8.56	9.25	8.51	7.04	1.65	7.05	6.06	6.25	9.06	8.68	7.58	7.47	6.63	9.07	8.09	8.13	7.79	7.52	6.06	6.78	8.86	8.48	7.38	8.39	8.98	8.93	8.64	7.37	7.39	7.35	7.59	7.47	7.37	6.42	6.24	8.31	7.31	7.71	7.58	8.42	7.07
1.0	2.0	3.0	4.0	5.0	6.0	7.0	8.0	9.0	10.0	11.0	12.0	13.0	14.0	15.0	16.0	17.0	18.0	19.0	20.0	21.0	22.0	23.0	24.0	25.0	26.0	27.0	28.0	29.0	30.0	31.0	32.0	33.0	34.0	35.0	36.0	37.0	38.0	39.0	40.0	41.0	42.0	43.0	44.0	45.0	46.0	47.0	48.0	49.0	50.0	51.0	52.0	53.0	54.0	55.0	56.0	57.0	58.0	59.0	60.0	61.0	62.0	63.0	64.0	65.0	66.0	67.0	68.0	69.0	70.0	71.0	72.0	73.0	74.0	75.0	76.0	77.0	78.0	79.0	80.0	81.0	82.0	83.0	84.0	85.0	86.0	87.0	88.0	89.0	90.0	91.0	92.0	93.0	94.0	95.0	96.0	97.0	98.0	99.0	100.0	101.0	102.0	103.0	104.0	105.0	106.0	107.0	108.0	109.0	110.0	111.0	112.0	113.0	114.0	115.0	116.0	117.0	118.0	119.0	120.0	121.0	122.0	123.0	124.0	125.0	126.0	127.0	128.0	129.0	130.0	131.0	132.0	133.0	134.0	135.0	136.0	137.0	138.0	139.0	140.0	141.0	142.0	143.0	144.0	145.0	146.0	147.0	148.0	149.0	150.0	151.0	152.0	153.0	154.0	155.0	156.0	157.0	158.0	159.0	160.0	161.0	162.0	163.0	164.0	165.0	166.0	167.0	168.0	169.0	170.0	171.0	172.0	173.0	174.0	175.0	176.0	177.0	178.0	179.0	180.0	181.0	182.0	183.0	184.0	185.0	186.0	187.0	188.0	189.0	190.0	191.0	192.0	193.0	194.0	195.0	196.0	197.0	198.0	199.0	200.0	201.0	202.0	203.0	204.0	205.0	206.0	207.0	208.0	209.0	210.0	211.0	212.0	213.0	214.0	215.0	216.0	217.0	218.0	219.0	220.0	221.0	222.0	223.0	224.0	225.0	226.0	227.0	228.0	229.0	230.0	231.0	232.0	233.0	234.0	235.0	236.0	237.0	238.0	239.0	240.0	241.0	242.0	243.0	244.0	245.0	246.0	247.0	248.0	249.0	250.0	251.0	252.0	253.0	254.0	255.0	256.0	257.0	258.0	259.0	260.0	261.0	262.0	263.0	264.0	265.0	266.0	267.0	268.0	269.0	270.0	271.0	272.0	273.0	274.0	275.0	276.0	277.0	278.0	279.0	280.0	281.0	282.0	283.0	284.0	285.0	286.0	287.0	288.0	289.0	290.0	291.0	292.0	293.0	294.0	295.0	296.0	297.0
3688.475880268622
