3575.1035900213187	300.0	2000.0	66.5314392533582	0	0.0	3575.1035900213187	1	0	1	-0.7121155818774442
3636.11654785696	300.0	2932.8857463807935	0.0	0	0.0	3569.002294237754	1	0	2	-0.5197476411125068
4200.0	300.0	3312.6139490234495	0.0	0	506.6229914547739	3512.61394902345	1	0	2	-0.3629298171232586
5200.0	300.0	3212.6139490234495	0.0	0	938.5730111586454	3412.61394902345	1	0	2	-0.3806107530955716
6200.0	500.0	3112.613949023449	0.0	0	930.7758416632742	3312.613949023449	1	0	2	-0.3547964793950667
7200.0	500.0	3012.613949023449	0.0	0	925.3071324478142	3212.613949023449	1	0	2	0.1796986700883917
8200.0	500.0	2912.613949023449	0.0	0	920.977189865197	3112.613949023449	1	0	2	0.201375931102785
9200.0	1000.0	2812.6139490234464	0.0	0	875.6901427888297	3012.6139490234455	1	0	2	0.22120707470767287
10200.0	2000.0	2712.6139490234473	0.0	0	771.8869889101315	2912.6139490234473	1	0	2	0.9324784925085638
11200.0	6000.0	2612.6139490234495	0.0	0	319.0265320846029	2812.613949023449	1	0	2	1.6428578333186896
12200.0	6000.0	2512.6139490234477	0.0	0	488.4832028859382	2712.613949023449	1	0	2	2.7561402849301864
13200.0	6000.0	2412.6139490234477	0.0	0	333.5916138929406	2612.613949023449	1	0	2	2.7701429042308434
14200.0	6000.0	2312.6139490234495	0.0	0	510.52371917815435	2512.6139490234527	1	0	2	2.782269333563782
15200.0	6000.0	2212.6139490234505	0.0	0	443.0248579901254	2412.6139490234527	1	0	2	2.7937972384839886
16200.0	6000.0	2112.6139490234495	0.0	0	493.29955373550365	2312.6139490234546	1	0	2	2.8041382391942165
17200.0	6000.0	2012.6139490234473	0.0	0	575.5937192071833	2212.6139490234527	1	0	2	2.8134502441159763
18200.0	6000.0	1912.6139490234489	0.0	0	367.2115892773254	2112.613949023451	1	0	2	2.8222620391938698
19200.0	6000.0	1812.6139490234486	0.0	0	414.4115242660846	2012.6139490234527	1	0	2	2.829965500316979
20200.0	6000.0	1712.613949023446	0.0	0	366.3872248714033	1912.6139490234455	1	0	2	2.8370484710178854
21200.0	6000.0	1612.6139490234464	0.0	0	430.0783645761949	1812.613949023449	1	0	2	2.843464145211934
22200.0	6000.0	1512.6139490234464	0.0	0	362.1188516497459	1712.6139490234455	1	0	2	2.8493043026035636
23200.0	6000.0	1412.6139490234448	0.0	0	288.8595388597496	1612.6139490234455	1	0	2	2.8547205704163487
24200.0	6000.0	1312.6139490234448	0.0	0	329.7379862466951	1512.6139490234418	1	0	2	2.859426729474562
25200.0	6000.0	1212.613949023446	0.0	0	322.05332118186925	1412.6139490234382	1	0	2	2.8637462983531092
26626.05741596473	6000.0	643.9507914622404	0.0	0	0.0	1270.0082074269594	1	0	2	2.826596169394631
27562.80998624443	6000.0	613.5229641545699	0.0	0	0.0	1176.3329503989917	1	0	2	2.879263292748921
28819.037629531485	6000.0	325.5353762120262	85.3298360665639	0	0.0	1144.5730057435067	1	0	2	2.344783528486897
29286.563494341306	3000.0	858.0095114022018	0.0	0	0.0	1144.5730057435067	1	0	1	1.3884249870714758
30412.48665741361	6000.0	732.086348329896	0.0	0	0.0	1144.5730057435067	1	0	1	2.281572167631421
31296.46878343957	6000.0	848.1042223039365	0.0	0	0.0	1144.5730057435067	1	0	1	2.974719348191366
32200.0	6000.0	944.5730057435048	0.0	0	56.47261980726762	1144.573005743503	1	0	1	2.974719348191366
33200.0	6000.0	944.5730057435103	0.0	0	404.916546592518	1144.5730057435067	1	0	1	2.974719348191366
34200.0	6000.0	944.5730057435082	0.0	0	340.96133380437095	1144.5730057435067	1	0	1	2.974719348191366
35200.0	6000.0	944.5730057435062	0.0	0	549.7820852922741	1144.5730057435067	1	0	1	2.974719348191366
36200.0	6000.0	944.5730057434967	0.0	0	565.2157379019118	1144.5730057435067	1	0	1	2.974719348191366
37200.0	6000.0	944.5730057435048	0.0	0	303.2696984571521	1144.5730057435067	1	0	1	2.974719348191366
38200.0	6000.0	944.5730057434994	0.0	0	432.69768215483055	1144.5730057434994	1	0	1	2.974719348191366
39200.0	6000.0	944.573005743503	0.0	0	279.1871408933366	1144.5730057435067	1	0	1	2.974719348191366
40200.0	6000.0	944.5730057434994	0.0	0	243.9200668954727	1144.5730057435067	1	0	1	2.974719348191366
41200.0	6000.0	944.5730057434932	0.0	0	102.78708052594448	1144.5730057435067	1	0	1	2.974719348191366
42200.0	6000.0	944.5730057434921	0.0	0	293.99792244379205	1144.5730057435067	1	0	1	2.974719348191366
43200.0	6000.0	944.5730057434939	0.0	0	250.00828941143118	1144.5730057435067	1	0	1	2.974719348191366
44200.0	6000.0	944.5730057434901	0.0	0	288.2239452948779	1144.5730057435067	1	0	1	2.974719348191366
45200.0	6000.0	944.5730057434862	0.0	0	335.40677503739425	1144.5730057435067	1	0	1	2.974719348191366
46200.0	6000.0	944.5730057434907	0.0	0	319.0765229272147	1144.5730057435067	1	0	1	2.974719348191366
47200.0	6000.0	944.5730057434885	0.0	0	282.11362334930163	1144.5730057435067	1	0	1	2.974719348191366
48200.0	6000.0	944.5730057434957	0.0	0	377.63399918421055	1144.5730057435067	1	0	1	2.974719348191366
49200.0	6000.0	944.5730057435007	0.0	0	330.5380839006393	1144.5730057435067	1	0	1	2.974719348191366
50200.0	6000.0	944.5730057434985	0.0	0	247.98218093282776	1144.5730057434994	1	0	1	2.974719348191366
51200.0	6000.0	944.5730057434916	0.0	0	290.53990214403166	1144.573005743492	1	0	1	2.9747193481913663
52200.0	6000.0	944.5730057434951	0.0	0	542.4358724481572	1144.573005743492	1	0	1	2.9747193481913663
53200.0	6000.0	944.5730057434985	0.0	0	430.23216647710797	1144.5730057434848	1	0	1	2.9747193481913663
54200.0	6000.0	944.5730057435057	0.0	0	345.82617188712175	1144.573005743492	1	0	1	2.9747193481913663
55200.0	6000.0	944.5730057435048	0.0	0	175.67119668365922	1144.573005743492	1	0	1	2.9747193481913663
56200.0	6000.0	944.5730057435035	0.0	0	368.65809959244507	1144.573005743492	1	0	1	2.9747193481913663
57200.0	6000.0	944.5730057434987	0.0	0	476.8531877084388	1144.573005743492	1	0	1	2.9747193481913663
58200.0	6000.0	944.5730057434935	0.0	0	446.82108837015403	1144.573005743492	1	0	1	2.9747193481913663
59200.0	6000.0	944.5730057434905	0.0	0	404.81961820536526	1144.5730057434994	1	0	1	2.974719348191366
60200.0	6000.0	944.5730057434898	0.0	0	223.2957076726234	1144.5730057434994	1	0	1	2.974719348191366
61200.0	6000.0	944.5730057434862	0.0	0	476.60259648760257	1144.5730057434994	1	0	1	2.974719348191366
62200.0	6000.0	944.5730057434919	0.0	0	581.9360207805439	1144.5730057435067	1	0	1	2.974719348191366
63200.0	6000.0	944.5730057434898	0.0	0	302.827041953984	1144.5730057434994	1	0	1	2.974719348191366
64200.0	6000.0	944.5730057434841	0.0	0	566.0061969855888	1144.573005743492	1	0	1	2.9747193481913663
65200.0	6000.0	944.5730057434871	0.0	0	211.89007260632934	1144.573005743492	1	0	1	2.9747193481913663
66200.0	6000.0	944.5730057434873	0.0	0	376.45421232555236	1144.5730057434848	1	0	1	2.9747193481913663
67200.0	6000.0	944.5730057434944	0.0	0	519.4902800965501	1144.5730057434994	1	0	1	2.974719348191366
68200.0	6000.0	944.5730057434957	0.0	0	339.3480206236709	1144.573005743514	1	0	1	2.9747193481913654
69200.0	6000.0	944.5730057434857	0.0	0	235.23639004904544	1144.573005743514	1	0	1	2.9747193481913654
70200.0	6000.0	944.5730057434935	0.0	0	441.8833890712558	1144.573005743514	1	0	1	2.9747193481913654
71200.0	6000.0	944.5730057435032	0.0	0	449.27177507620945	1144.5730057435285	1	0	1	2.9747193481913654
72200.0	6000.0	944.5730057435076	0.0	0	499.4300617678382	1144.5730057435285	1	0	1	2.9747193481913654
73200.0	6000.0	944.5730057435221	0.0	0	426.43925457567093	1144.5730057435285	1	0	1	2.9747193481913654
74200.0	6000.0	944.573005743513	0.0	0	383.2053112619906	1144.5730057435285	1	0	1	2.9747193481913654
75200.0	6000.0	944.5730057435123	0.0	0	553.7393844775215	1144.573005743543	1	0	1	2.974719348191365
76200.0	6000.0	944.5730057435139	0.0	0	412.7774587068707	1144.5730057435285	1	0	1	2.9747193481913654
77200.0	6000.0	944.5730057435042	0.0	0	352.125192129417	1144.5730057435285	1	0	1	2.9747193481913654
78200.0	6000.0	944.5730057435044	0.0	0	450.44251624899334	1144.5730057435285	1	0	1	2.9747193481913654
79200.0	6000.0	944.5730057434973	0.0	0	567.7143880578369	1144.5730057435285	1	0	1	2.9747193481913654
80200.0	6000.0	944.5730057434903	0.0	0	555.7464197467634	1144.5730057435285	1	0	1	2.9747193481913654
81200.0	6000.0	944.5730057434848	0.0	0	328.50237037944316	1144.5730057435285	1	0	1	2.9747193481913654
82200.0	6000.0	944.5730057434716	0.0	0	349.9812040074903	1144.5730057435285	1	0	1	2.9747193481913654
83200.0	6000.0	944.5730057434848	0.0	0	582.9928913682088	1144.5730057435285	1	0	1	2.9747193481913654
84200.0	6000.0	944.5730057434926	0.0	0	534.1620339386427	1144.573005743543	1	0	1	2.974719348191365
85200.0	6000.0	944.5730057435003	0.0	0	228.75412265102204	1144.573005743543	1	0	1	2.974719348191365
86200.0	6000.0	944.5730057434814	0.0	0	78.8966491176252	1144.573005743543	1	0	1	2.974719348191365
87200.0	6000.0	944.5730057434837	0.0	0	534.1660632346902	1144.573005743543	1	0	1	2.974719348191365
88200.0	6000.0	944.5730057434685	0.0	0	509.7772076591791	1144.573005743543	1	0	1	2.974719348191365
89200.0	6000.0	944.5730057434721	0.0	0	381.31783250925946	1144.573005743543	1	0	1	2.974719348191365
90200.0	6000.0	944.5730057434707	0.0	0	342.2652658584411	1144.573005743543	1	0	1	2.974719348191365
91200.0	6000.0	944.573005743458	0.0	0	417.7061792971217	1144.573005743543	1	0	1	2.974719348191365
92200.0	6000.0	944.5730057434694	0.0	0	565.3813501394034	1144.573005743543	1	0	1	2.974719348191365
93200.0	6000.0	944.5730057434721	0.0	0	494.6215267476655	1144.573005743543	1	0	1	2.974719348191365
94200.0	6000.0	944.5730057434685	0.0	0	411.271383325613	1144.573005743543	1	0	1	2.974719348191365
95200.0	6000.0	944.5730057434712	0.0	0	396.97075609330204	1144.573005743543	1	0	1	2.974719348191365
96200.0	6000.0	944.5730057434753	0.0	0	499.32967323457706	1144.5730057435285	1	0	1	2.9747193481913654
97200.0	6000.0	944.5730057434967	0.0	0	383.486464097572	1144.5730057435285	1	0	1	2.9747193481913654
98200.0	6000.0	944.5730057434839	0.0	0	429.3831527460716	1144.573005743514	1	0	1	2.9747193481913654
99200.0	6000.0	944.5730057434691	0.0	0	191.7566153913649	1144.573005743514	1	0	1	2.9747193481913654
100200.0	6000.0	944.5730057434602	0.0	0	63.51277783524711	1144.573005743514	1	0	1	2.9747193481913654
101200.0	6000.0	944.5730057434616	0.0	0	130.93433050991734	1144.5730057434994	1	0	1	2.974719348191366
102200.0	6000.0	944.5730057434462	0.0	0	353.9312459984503	1144.5730057434994	1	0	1	2.974719348191366
103200.0	6000.0	944.5730057434503	0.0	0	256.6028641686571	1144.5730057434994	1	0	1	2.974719348191366
104200.0	6000.0	944.5730057434503	0.0	0	514.9154907478078	1144.5730057434994	1	0	1	2.974719348191366
105200.0	6000.0	944.5730057434516	0.0	0	354.19190396461636	1144.5730057434994	1	0	1	2.974719348191366
106200.0	6000.0	944.573005743446	0.0	0	477.8197150053602	1144.5730057434994	1	0	1	2.974719348191366
107200.0	6000.0	944.5730057434416	0.0	0	314.9802371480473	1144.5730057434994	1	0	1	2.974719348191366
108200.0	6000.0	944.5730057434287	0.0	0	386.0535874180787	1144.5730057434994	1	0	1	2.974719348191366
109200.0	6000.0	944.5730057434284	0.0	0	500.1094625892292	1144.5730057434994	1	0	1	2.974719348191366
110200.0	6000.0	944.5730057434396	0.0	0	376.67109508461726	1144.5730057434994	1	0	1	2.974719348191366
111200.0	6000.0	944.5730057434366	0.0	0	231.9051461971394	1144.573005743514	1	0	1	2.9747193481913654
112200.0	6000.0	944.5730057434519	0.0	0	339.97737539655645	1144.573005743514	1	0	1	2.9747193481913654
113200.0	6000.0	944.573005743453	0.0	0	217.6433482000284	1144.573005743514	1	0	1	2.9747193481913654
114200.0	6000.0	944.5730057434594	0.0	0	250.54464625862602	1144.573005743514	1	0	1	2.9747193481913654
115200.0	6000.0	944.5730057434627	0.0	0	27.24704144714633	1144.573005743514	1	0	1	2.9747193481913654
116248.58573947511	6000.0	895.987266268367	0.0	0	0.0	1144.573005743514	1	0	1	2.9747193481913654
117200.0	6000.0	944.5730057434612	0.0	0	265.3904843791388	1144.5730057434994	1	0	1	2.974719348191366
118200.0	6000.0	944.573005743483	0.0	0	255.74289330057218	1144.5730057434994	1	0	1	2.974719348191366
119200.0	6000.0	944.5730057434832	0.0	0	209.76418728883436	1144.5730057434994	1	0	1	2.974719348191366
120200.0	6000.0	944.573005743468	0.0	0	330.9934474877082	1144.5730057434848	1	0	1	2.9747193481913663
121200.0	6000.0	944.5730057434832	0.0	0	449.74817214412906	1144.5730057434848	1	0	1	2.9747193481913663
122200.0	6000.0	944.5730057434771	0.0	0	231.870304003387	1144.5730057434848	1	0	1	2.9747193481913663
123200.0	6000.0	944.5730057434575	0.0	0	437.23119774275983	1144.5730057434703	1	0	1	2.9747193481913667
124200.0	6000.0	944.5730057434389	0.0	0	422.61080954658973	1144.5730057434848	1	0	1	2.9747193481913663
125200.0	6000.0	944.5730057434396	0.0	0	249.54378445186012	1144.5730057434848	1	0	1	2.9747193481913663
126200.0	6000.0	944.5730057434369	0.0	0	326.169717430952	1144.5730057434703	1	0	1	2.9747193481913667
127200.0	6000.0	944.5730057434355	0.0	0	462.51456126075936	1144.5730057434703	1	0	1	2.9747193481913667
128200.0	6000.0	944.5730057434214	0.0	0	379.70995835159556	1144.5730057434703	1	0	1	2.9747193481913667
129200.0	6000.0	944.5730057434189	0.0	0	65.56824400871119	1144.5730057434703	1	0	1	2.9747193481913667
130200.0	6000.0	944.5730057434239	0.0	0	128.12384936236776	1144.5730057434703	1	0	1	2.9747193481913667
131200.0	6000.0	944.573005743418	0.0	0	306.7355146657792	1144.5730057434703	1	0	1	2.9747193481913667
132200.0	6000.0	944.5730057433905	0.0	0	479.1279429072747	1144.5730057434266	1	0	1	2.974719348191368
133200.0	6000.0	944.5730057433789	0.0	0	150.88128060253803	1144.5730057434412	1	0	1	2.974719348191368
134200.0	6000.0	944.5730057433643	0.0	0	416.9106912369025	1144.5730057434412	1	0	1	2.974719348191368
135200.0	6000.0	944.5730057433307	0.0	0	322.9305555152532	1144.5730057434412	1	0	1	2.974719348191368
136200.0	6000.0	944.5730057433286	0.0	0	209.2757045412436	1144.5730057434703	1	0	1	2.9747193481913667
137200.0	6000.0	944.5730057433345	0.0	0	515.895160141401	1144.5730057434703	1	0	1	2.9747193481913667
138200.0	6000.0	944.5730057433484	0.0	0	520.7899567267741	1144.5730057434703	1	0	1	2.9747193481913667
139200.0	6000.0	944.5730057433586	0.0	0	566.7830563297321	1144.5730057434703	1	0	1	2.9747193481913667
140200.0	6000.0	944.5730057433848	0.0	0	409.428150400141	1144.5730057434703	1	0	1	2.9747193481913667
141200.0	6000.0	944.5730057433707	0.0	0	316.53751880233176	1144.5730057434703	1	0	1	2.9747193481913667
142200.0	6000.0	944.5730057433889	0.0	0	223.6639939606248	1144.5730057434994	1	0	1	2.974719348191366
143200.0	6000.0	944.5730057434171	0.0	0	471.5669528449944	1144.5730057435285	1	0	1	2.9747193481913654
144200.0	6000.0	944.5730057434198	0.0	0	243.93964076859993	1144.5730057435285	1	0	1	2.9747193481913654
145200.0	6000.0	944.5730057434027	0.0	0	115.66263865988003	1144.5730057435285	1	0	1	2.9747193481913654
146200.0	6000.0	944.5730057434102	0.0	0	373.8470601627778	1144.5730057434994	1	0	1	2.974719348191366
147200.0	6000.0	944.5730057434098	0.0	0	195.47055937204277	1144.5730057434994	1	0	1	2.974719348191366
148200.0	6000.0	944.5730057434107	0.0	0	508.45982110427576	1144.5730057434994	1	0	1	2.974719348191366
149200.0	6000.0	944.5730057434159	0.0	0	232.04475650476525	1144.5730057434994	1	0	1	2.974719348191366
150200.0	6000.0	944.5730057434091	0.0	0	354.20419746951666	1144.5730057434994	1	0	1	2.974719348191366
151200.0	6000.0	944.5730057434014	0.0	0	532.4127997928008	1144.5730057435285	1	0	1	2.9747193481913654
152200.0	6000.0	944.5730057434243	0.0	0	549.1168242203421	1144.5730057435285	1	0	1	2.9747193481913654
153200.0	6000.0	944.5730057434084	0.0	0	390.32699903918547	1144.5730057435576	1	0	1	2.974719348191364
154200.0	6000.0	944.5730057433898	0.0	0	280.91978611715604	1144.5730057435285	1	0	1	2.9747193481913654
155200.0	6000.0	944.5730057433641	0.0	0	410.1487510766601	1144.5730057435285	1	0	1	2.9747193481913654
156200.0	6000.0	944.5730057433643	0.0	0	354.73161361701204	1144.5730057435285	1	0	1	2.9747193481913654
157200.0	6000.0	944.5730057433718	0.0	0	281.1164961803297	1144.5730057435285	1	0	1	2.9747193481913654
158200.0	6000.0	944.573005743355	0.0	0	259.04384142661	1144.5730057435285	1	0	1	2.9747193481913654
159200.0	6000.0	944.573005743372	0.0	0	388.9449452617846	1144.5730057435285	1	0	1	2.9747193481913654
160200.0	6000.0	944.5730057433589	0.0	0	148.87005144331488	1144.5730057435285	1	0	1	2.9747193481913654
161200.0	6000.0	944.5730057434	0.0	0	451.36167581382324	1144.5730057435576	1	0	1	2.974719348191364
162200.0	6000.0	944.5730057433798	0.0	0	387.9682403279003	1144.5730057435576	1	0	1	2.974719348191364
163200.0	6000.0	944.5730057434066	0.0	0	410.87286261154804	1144.5730057435576	1	0	1	2.974719348191364
164200.0	6000.0	944.5730057434105	0.0	0	337.678599728737	1144.5730057435576	1	0	1	2.974719348191364
165200.0	6000.0	944.5730057434002	0.0	0	558.8643420104927	1144.5730057435285	1	0	1	2.9747193481913654
166200.0	6000.0	944.5730057434166	0.0	0	257.6476583723561	1144.5730057435576	1	0	1	2.974719348191364
167200.0	6000.0	944.5730057434203	0.0	0	377.0880727006588	1144.5730057435576	1	0	1	2.974719348191364
168200.0	6000.0	944.5730057434471	0.0	0	330.9629170449916	1144.5730057435576	1	0	1	2.974719348191364
169200.0	6000.0	944.5730057434344	0.0	0	366.2910682129732	1144.5730057435576	1	0	1	2.974719348191364
170200.0	6000.0	944.5730057434389	0.0	0	216.09090200075298	1144.5730057435576	1	0	1	2.974719348191364
171200.0	6000.0	944.5730057434366	0.0	0	386.1444828211388	1144.5730057435576	1	0	1	2.974719348191364
172200.0	6000.0	944.5730057434484	0.0	0	524.4794979335275	1144.5730057435576	1	0	1	2.974719348191364
173200.0	6000.0	944.5730057434544	0.0	0	516.4793176458334	1144.5730057435285	1	0	1	2.9747193481913654
174200.0	6000.0	944.5730057434698	0.0	0	451.59709470850066	1144.5730057435285	1	0	1	2.9747193481913654
175200.0	6000.0	944.5730057434546	0.0	0	409.3495236519375	1144.5730057434994	1	0	1	2.974719348191366
176200.0	6000.0	944.5730057434484	0.0	0	127.72972968601971	1144.5730057434994	1	0	1	2.974719348191366
177200.0	6000.0	944.5730057434821	0.0	0	422.9335852767108	1144.5730057434994	1	0	1	2.974719348191366
178200.0	6000.0	944.5730057434866	0.0	0	344.2345063354587	1144.5730057434994	1	0	1	2.974719348191366
179200.0	6000.0	944.5730057434998	0.0	0	453.4819217949407	1144.5730057434703	1	0	1	2.9747193481913667
180200.0	6000.0	944.5730057435105	0.0	0	232.78821193397744	1144.5730057434703	1	0	1	2.9747193481913667
181200.0	6000.0	944.5730057435385	0.0	0	329.09034052147763	1144.5730057434703	1	0	1	2.9747193481913667
182200.0	6000.0	944.573005743506	0.0	0	490.9523633280187	1144.5730057434703	1	0	1	2.9747193481913667
183200.0	6000.0	944.5730057434916	0.0	0	345.13302749278955	1144.5730057434703	1	0	1	2.9747193481913667
184200.0	6000.0	944.5730057434794	0.0	0	422.51800555794034	1144.5730057434703	1	0	1	2.9747193481913667
185200.0	6000.0	944.5730057434828	0.0	0	495.9626483981265	1144.5730057434703	1	0	1	2.9747193481913667
186200.0	6000.0	944.5730057435376	0.0	0	279.6363522062893	1144.5730057434994	1	0	1	2.974719348191366
187200.0	6000.0	944.5730057435408	0.0	0	337.3563919183798	1144.5730057434994	1	0	1	2.974719348191366
188200.0	6000.0	944.5730057435437	0.0	0	448.99689083066187	1144.5730057434703	1	0	1	2.9747193481913667
189200.0	6000.0	944.5730057435765	0.0	0	438.75523453453206	1144.5730057434703	1	0	1	2.9747193481913667
190200.0	6000.0	944.5730057435751	0.0	0	223.7627420098288	1144.5730057434703	1	0	1	2.9747193481913667
191200.0	6000.0	944.5730057435997	0.0	0	52.830641960172215	1144.5730057434994	1	0	1	2.974719348191366
192200.0	6000.0	944.5730057435599	0.0	0	376.4097174364433	1144.5730057434994	1	0	1	2.974719348191366
193200.0	6000.0	944.5730057435585	0.0	0	492.39933043709607	1144.5730057434994	1	0	1	2.974719348191366
194200.0	6000.0	944.5730057435749	0.0	0	454.0404697757331	1144.5730057434994	1	0	1	2.974719348191366
195200.0	6000.0	944.573005743553	0.0	0	399.8428579758329	1144.5730057434703	1	0	1	2.9747193481913667
196200.0	6000.0	944.5730057435414	0.0	0	289.443919676065	1144.5730057434703	1	0	1	2.9747193481913667
197200.0	6000.0	944.573005743518	0.0	0	329.7805868652649	1144.5730057434703	1	0	1	2.9747193481913667
198200.0	6000.0	944.573005743518	0.0	0	438.60830029129284	1144.5730057434703	1	0	1	2.9747193481913667
199200.0	6000.0	944.5730057435087	0.0	0	512.0225383848883	1144.5730057434703	1	0	1	2.9747193481913667
200200.0	6000.0	944.5730057435139	0.0	0	319.21394327492453	1144.5730057434994	1	0	1	2.974719348191366
201200.0	6000.0	944.5730057435153	0.0	0	552.8588287903985	1144.5730057434994	1	0	1	2.974719348191366
202200.0	6000.0	944.573005743518	0.0	0	243.9213197141362	1144.5730057434994	1	0	1	2.974719348191366
203200.0	6000.0	944.5730057435144	0.0	0	373.568290613126	1144.5730057434994	1	0	1	2.974719348191366
204200.0	6000.0	944.573005743538	0.0	0	168.20701292794547	1144.5730057434994	1	0	1	2.974719348191366
205200.0	6000.0	944.5730057435474	0.0	0	48.3983803698502	1144.5730057434994	1	0	1	2.974719348191366
206200.0	6000.0	944.5730057435358	0.0	0	474.9572950176662	1144.5730057434994	1	0	1	2.974719348191366
207200.0	6000.0	944.573005743523	0.0	0	512.0360585939779	1144.5730057434994	1	0	1	2.974719348191366
208200.0	6000.0	944.5730057434998	0.0	0	273.7908842127945	1144.5730057435285	1	0	1	2.9747193481913654
209200.0	6000.0	944.5730057434864	0.0	0	418.4974096226215	1144.5730057435285	1	0	1	2.9747193481913654
210200.0	6000.0	944.5730057434926	0.0	0	275.22688627583557	1144.5730057435285	1	0	1	2.9747193481913654
211200.0	6000.0	944.5730057434873	0.0	0	465.3539276930096	1144.5730057435285	1	0	1	2.9747193481913654
212200.0	6000.0	944.5730057434839	0.0	0	464.1330349474447	1144.5730057435285	1	0	1	2.9747193481913654
213200.0	6000.0	944.5730057434828	0.0	0	292.7858197930327	1144.5730057435285	1	0	1	2.9747193481913654
214200.0	6000.0	944.5730057435126	0.0	0	437.80646475049434	1144.5730057435576	1	0	1	2.974719348191364
215200.0	6000.0	944.5730057435194	0.0	0	286.07187499970314	1144.5730057435576	1	0	1	2.974719348191364
216200.0	6000.0	944.573005743478	0.0	0	439.6434942089254	1144.5730057435285	1	0	1	2.9747193481913654
217200.0	6000.0	944.5730057434885	0.0	0	323.78401605028193	1144.5730057435285	1	0	1	2.9747193481913654
218200.0	6000.0	944.5730057434703	0.0	0	561.0201409404981	1144.5730057435576	1	0	1	2.974719348191364
219200.0	6000.0	944.5730057434853	0.0	0	274.9751811521419	1144.5730057435576	1	0	1	2.974719348191364
220200.0	6000.0	944.5730057435312	0.0	0	524.7098469329649	1144.5730057435867	1	0	1	2.974719348191363
221200.0	6000.0	944.5730057435355	0.0	0	340.0908560936514	1144.5730057435576	1	0	1	2.974719348191364
222200.0	6000.0	944.573005743506	0.0	0	383.4575901784701	1144.5730057435285	1	0	1	2.9747193481913654
223200.0	6000.0	944.573005743523	0.0	0	442.2976908777782	1144.5730057435576	1	0	1	2.974719348191364
224200.0	6000.0	944.5730057434985	0.0	0	446.7807160463999	1144.5730057435576	1	0	1	2.974719348191364
225200.0	6000.0	944.5730057434791	0.0	0	598.9374429773015	1144.5730057435576	1	0	1	2.974719348191364
226200.0	6000.0	944.5730057434841	0.0	0	355.8110217869689	1144.5730057435576	1	0	1	2.974719348191364
227200.0	6000.0	944.5730057434746	0.0	0	475.3046285161108	1144.5730057435285	1	0	1	2.9747193481913654
228200.0	6000.0	944.5730057434769	0.0	0	569.4332992391719	1144.5730057435285	1	0	1	2.9747193481913654
229200.0	6000.0	944.5730057435007	0.0	0	287.1233433816233	1144.5730057435285	1	0	1	2.9747193481913654
230200.0	6000.0	944.5730057435128	0.0	0	530.7648021992645	1144.5730057435285	1	0	1	2.9747193481913654
231200.0	6000.0	944.5730057435017	0.0	0	344.50904286126024	1144.5730057435285	1	0	1	2.9747193481913654
232200.0	6000.0	944.5730057434994	0.0	0	524.8709540732671	1144.5730057434994	1	0	1	2.974719348191366
233200.0	6000.0	944.5730057435158	0.0	0	550.9668622078607	1144.5730057434994	1	0	1	2.974719348191366
234200.0	6000.0	944.5730057435235	0.0	0	506.07294974755496	1144.5730057434994	1	0	1	2.974719348191366
235200.0	6000.0	944.5730057435178	0.0	0	405.88071692647645	1144.5730057434703	1	0	1	2.9747193481913667
236200.0	6000.0	944.5730057435132	0.0	0	365.2246882317413	1144.5730057434412	1	0	1	2.974719348191368
237200.0	6000.0	944.5730057435308	0.0	0	352.7034017155529	1144.5730057434412	1	0	1	2.974719348191368
238200.0	6000.0	944.5730057435424	0.0	0	374.95154850633116	1144.5730057434412	1	0	1	2.974719348191368
239200.0	6000.0	944.5730057435426	0.0	0	320.16795798184467	1144.5730057434412	1	0	1	2.974719348191368
240200.0	6000.0	944.5730057435476	0.0	0	496.2103047428536	1144.573005743412	1	0	1	2.9747193481913685
241200.0	6000.0	944.5730057435471	0.0	0	421.5515031317191	1144.573005743412	1	0	1	2.9747193481913685
242200.0	6000.0	944.5730057435717	0.0	0	562.0152979117993	1144.573005743412	1	0	1	2.9747193481913685
243200.0	6000.0	944.5730057435674	0.0	0	411.0914065060788	1144.573005743412	1	0	1	2.9747193481913685
244200.0	6000.0	944.573005743583	0.0	0	316.3729629390582	1144.573005743412	1	0	1	2.9747193481913685
245200.0	6000.0	944.5730057435762	0.0	0	396.29806303119403	1144.573005743412	1	0	1	2.9747193481913685
246200.0	6000.0	944.5730057435217	0.0	0	485.6197905932204	1144.573005743412	1	0	1	2.9747193481913685
247200.0	6000.0	944.5730057435499	0.0	0	428.3196367235505	1144.573005743412	1	0	1	2.9747193481913685
248200.0	6000.0	944.5730057435667	0.0	0	562.5238790283329	1144.5730057434412	1	0	1	2.974719348191368
249200.0	6000.0	944.5730057435717	0.0	0	204.93555934092728	1144.5730057434412	1	0	1	2.974719348191368
250200.0	6000.0	944.5730057435899	0.0	0	258.3630509666691	1144.5730057434412	1	0	1	2.974719348191368
251200.0	6000.0	944.5730057436105	0.0	0	151.4299594554759	1144.5730057434412	1	0	1	2.974719348191368
252200.0	6000.0	944.5730057436213	0.0	0	368.8809897932806	1144.5730057434412	1	0	1	2.974719348191368
253200.0	6000.0	944.5730057436028	0.0	0	219.72364744052175	1144.5730057434412	1	0	1	2.974719348191368
254200.0	6000.0	944.573005743599	0.0	0	315.1847218463663	1144.573005743412	1	0	1	2.9747193481913685
255200.0	6000.0	944.5730057435983	0.0	0	307.30403790375567	1144.573005743412	1	0	1	2.9747193481913685
256200.0	6000.0	944.5730057435958	0.0	0	151.61760072983452	1144.573005743412	1	0	1	2.9747193481913685
257200.0	6000.0	944.5730057435999	0.0	0	347.0990921499033	1144.573005743412	1	0	1	2.9747193481913685
258200.0	6000.0	944.5730057435841	0.0	0	173.55393389664823	1144.573005743412	1	0	1	2.9747193481913685
259200.0	6000.0	944.5730057435994	0.0	0	298.75307324310415	1144.573005743412	1	0	1	2.9747193481913685
260200.0	6000.0	944.5730057436158	0.0	0	447.2119931675261	1144.573005743412	1	0	1	2.9747193481913685
261200.0	6000.0	944.5730057436103	0.0	0	554.1615539316845	1144.573005743412	1	0	1	2.9747193481913685
262200.0	6000.0	944.5730057435967	0.0	0	300.26017024792964	1144.573005743383	1	0	1	2.97471934819137
263200.0	6000.0	944.5730057436333	0.0	0	477.9920292692841	1144.5730057434412	1	0	1	2.9747193481913685
264200.0	6000.0	944.5730057436176	0.0	0	178.88989408238558	1144.5730057434412	1	0	1	2.974719348191368
265200.0	6000.0	944.5730057436001	0.0	0	126.58817811234621	1144.5730057434412	1	0	1	2.974719348191368
266200.0	6000.0	944.5730057435992	0.0	0	224.29737153818132	1144.573005743383	1	0	1	2.97471934819137
267200.0	6000.0	944.5730057436297	0.0	0	351.1671405030065	1144.573005743383	1	0	1	2.97471934819137
268200.0	6000.0	944.5730057435981	0.0	0	520.5648889355944	1144.573005743383	1	0	1	2.97471934819137
269200.0	6000.0	944.5730057435428	0.0	0	515.3852050911519	1144.573005743383	1	0	1	2.97471934819137
270200.0	6000.0	944.5730057435876	0.0	0	544.8050555178197	1144.573005743383	1	0	1	2.97471934819137
271200.0	6000.0	944.5730057435926	0.0	0	589.2678217752255	1144.573005743383	1	0	1	2.97471934819137
272200.0	6000.0	944.5730057435926	0.0	0	446.71745799772907	1144.573005743383	1	0	1	2.97471934819137
273200.0	6000.0	944.5730057435446	0.0	0	453.0077285809675	1144.573005743383	1	0	1	2.97471934819137
274200.0	6000.0	944.573005743571	0.0	0	399.76731084031053	1144.573005743383	1	0	1	2.97471934819137
275200.0	6000.0	944.5730057435571	0.0	0	363.4683264984633	1144.573005743383	1	0	1	2.97471934819137
276200.0	6000.0	944.5730057435294	0.0	0	338.6567862437805	1144.573005743383	1	0	1	2.97471934819137
277200.0	6000.0	944.5730057435298	0.0	0	154.36353200982558	1144.573005743383	1	0	1	2.97471934819137
278200.0	6000.0	944.5730057435076	0.0	0	317.22412032820284	1144.573005743383	1	0	1	2.97471934819137
279200.0	6000.0	944.5730057435367	0.0	0	327.70954771520337	1144.5730057433248	1	0	1	2.974719348191371
280200.0	6000.0	944.5730057435231	0.0	0	72.33663203887409	1144.5730057433248	1	0	1	2.974719348191371
281200.0	6000.0	944.5730057434594	0.0	0	39.07484678563196	1144.5730057432665	1	0	1	2.974719348191373
282200.0	6000.0	944.5730057434716	0.0	0	264.26234358287184	1144.5730057432665	1	0	1	2.974719348191373
283200.0	6000.0	944.5730057434253	0.0	0	510.7987183263176	1144.5730057432665	1	0	1	2.974719348191373
284200.0	6000.0	944.573005743508	0.0	0	563.2359634343302	1144.5730057432665	1	0	1	2.974719348191373
285200.0	6000.0	944.5730057435196	0.0	0	301.48400739516364	1144.5730057432665	1	0	1	2.974719348191373
286200.0	6000.0	944.5730057434544	0.0	0	457.1151066654711	1144.5730057432665	1	0	1	2.974719348191373
287200.0	6000.0	944.5730057434823	0.0	0	473.6123500112444	1144.5730057433248	1	0	1	2.974719348191371
288200.0	6000.0	944.573005743498	0.0	0	546.3517268924043	1144.5730057433248	1	0	1	2.974719348191371
289200.0	6000.0	944.573005743451	0.0	0	399.25148031965364	1144.5730057433248	1	0	1	2.974719348191371
290200.0	6000.0	944.5730057434789	0.0	0	358.05090046982514	1144.573005743383	1	0	1	2.97471934819137
291200.0	6000.0	944.573005743433	0.0	0	346.4544708788162	1144.573005743383	1	0	1	2.97471934819137
292200.0	6000.0	944.5730057433884	0.0	0	310.537808150053	1144.573005743383	1	0	1	2.97471934819137
293200.0	6000.0	944.5730057433707	0.0	0	495.8537463528919	1144.573005743383	1	0	1	2.97471934819137
294200.0	6000.0	944.5730057433836	0.0	0	539.2313793887733	1144.573005743383	1	0	1	2.97471934819137
295200.0	6000.0	944.573005743402	0.0	0	32.061640352068935	1144.5730057434412	1	0	1	2.974719348191368
296802.7331042368	6000.0	341.8399015066751	0.0	0	0.0	1144.5730057434412	1	0	1	2.974719348191368
298035.2579930169	6000.0	473.65253102201575	364.3375182954731	0	0.0	1508.9105240389472	1	0	1	0.7752608982944414
299081.1605914068	6000.0	466.1686214703369	38.41868883821549	0	0.0	1547.329212877201	1	0	1	2.7290573643288365
300231.8967289361	6000.0	315.4324839410323	0.0	0	0.0	1547.329212877201	1	0	1	2.9595694973581295
300998.9291492923	6000.0	650.4296128645437	102.0295492796935	0	0.0	1649.3587621569168	1	0	1	2.3425083296082723
10.4	12.6	12.2	11.7	12.0	11.5	7.54	8.75	12.4	12.0	11.7	11.3	12.1	11.0	11.1	11.5	11.2	11.2	8.8	9.17	7.49	6.14	4.2	5.44	5.06	6.64	7.52	8.04	9.21	10.2	12.0	9.43	12.4	11.2	12.0	11.0	8.39	7.69	11.3	10.4	10.2	10.5	8.25	12.1	11.7	10.9	10.4	10.5	10.2	11.1	9.16	8.19	9.91	9.8	10.6	9.87	9.92	12.1	10.9	11.9	11.6	9.91	12.9	11.5	11.8	10.4	8.7	10.1	11.0	11.5	11.6	11.3	11.2	10.8	10.5	11.3	11.6	11.8	12.3	11.7	10.6	8.89	8.75	11.3	10.6	10.5	11.1	11.5	10.5	10.8	11.5	10.6	11.6	9.85	13.3	8.45	8.73	9.09	10.2	11.1	10.9	11.3	10.1	10.5	10.4	10.4	9.8	10.6	10.6	9.63	8.44	7.08	7.37	9.56	9.26	8.95	9.89	9.45	9.35	9.43	9.62	9.07	9.66	8.45	9.43	6.5	8.06	8.92	10.4	9.97	9.86	9.79	9.38	11.0	10.5	11.0	9.89	10.2	9.94	9.53	8.1	7.84	9.8	10.2	11.3	10.2	10.7	11.0	10.3	9.98	9.68	10.3	10.8	9.69	10.5	10.1	8.02	8.43	10.8	9.6	10.7	11.4	10.8	10.9	10.3	11.3	8.65	12.4	9.07	12.3	9.32	8.45	8.77	11.0	12.2	11.7	10.8	11.3	8.98	13.0	11.6	11.3	10.5	12.3	11.3	11.2	8.63	8.67	10.1	11.8	10.9	10.4	11.5	10.3	11.5	11.1	11.2	11.1	10.6	11.6	9.23	8.03	9.58	11.2	10.8	11.3	11.7	11.6	10.9	11.7	11.6	9.05	13.5	11.6	11.2	10.6	8.58	10.2	11.9	12.0	12.0	11.9	11.7	11.5	11.3	11.4	11.5	11.8	9.12	13.6	6.93	11.1	10.6	9.65	11.5	12.3	11.5	12.0	11.5	11.7	11.7	11.5	11.8	11.6	12.0	7.04	8.25	6.38	8.28	7.59	7.1	7.58	10.2	9.38	8.69	10.4	10.9	10.6	11.4	10.7	9.66	8.71	10.6	11.4	11.3	12.2	11.9	12.2	10.7	12.2	11.3	11.5	9.02	8.08	9.08	8.84	7.28	9.19	10.7	11.1	11.3	11.5	10.2	11.1	10.7	11.0	11.0	12.1	10.5	12.1	9.06	5.64	2.95	5.38	7.24	7.5	5.26	8.51	8.44
1.0	2.0	3.0	4.0	5.0	6.0	7.0	8.0	9.0	10.0	11.0	12.0	13.0	14.0	15.0	16.0	17.0	18.0	19.0	20.0	21.0	22.0	23.0	24.0	25.0	26.0	27.0	28.0	29.0	30.0	31.0	32.0	33.0	34.0	35.0	36.0	37.0	38.0	39.0	40.0	41.0	42.0	43.0	44.0	45.0	46.0	47.0	48.0	49.0	50.0	51.0	52.0	53.0	54.0	55.0	56.0	57.0	58.0	59.0	60.0	61.0	62.0	63.0	64.0	65.0	66.0	67.0	68.0	69.0	70.0	71.0	72.0	73.0	74.0	75.0	76.0	77.0	78.0	79.0	80.0	81.0	82.0	83.0	84.0	85.0	86.0	87.0	88.0	89.0	90.0	91.0	92.0	93.0	94.0	95.0	96.0	97.0	98.0	99.0	100.0	101.0	102.0	103.0	104.0	105.0	106.0	107.0	108.0	109.0	110.0	111.0	112.0	113.0	114.0	115.0	116.0	117.0	118.0	119.0	120.0	121.0	122.0	123.0	124.0	125.0	126.0	127.0	128.0	129.0	130.0	131.0	132.0	133.0	134.0	135.0	136.0	137.0	138.0	139.0	140.0	141.0	142.0	143.0	144.0	145.0	146.0	147.0	148.0	149.0	150.0	151.0	152.0	153.0	154.0	155.0	156.0	157.0	158.0	159.0	160.0	161.0	162.0	163.0	164.0	165.0	166.0	167.0	168.0	169.0	170.0	171.0	172.0	173.0	174.0	175.0	176.0	177.0	178.0	179.0	180.0	181.0	182.0	183.0	184.0	185.0	186.0	187.0	188.0	189.0	190.0	191.0	192.0	193.0	194.0	195.0	196.0	197.0	198.0	199.0	200.0	201.0	202.0	203.0	204.0	205.0	206.0	207.0	208.0	209.0	210.0	211.0	212.0	213.0	214.0	215.0	216.0	217.0	218.0	219.0	220.0	221.0	222.0	223.0	224.0	225.0	226.0	227.0	228.0	229.0	230.0	231.0	232.0	233.0	234.0	235.0	236.0	237.0	238.0	239.0	240.0	241.0	242.0	243.0	244.0	245.0	246.0	247.0	248.0	249.0	250.0	251.0	252.0	253.0	254.0	255.0	256.0	257.0	258.0	259.0	260.0	261.0	262.0	263.0	264.0	265.0	266.0	267.0	268.0	269.0	270.0	271.0	272.0	273.0	274.0	275.0	276.0	277.0	278.0	279.0	280.0	281.0	282.0	283.0	284.0	285.0	286.0	287.0	288.0	289.0	290.0	291.0	292.0	293.0	294.0	295.0	296.0	297.0	298.0	299.0
3448.7970493087278
