2336.2799513995155	300.0	2000.0	70.67522978019737	0	0.0	2336.2799513995155	1	0	1	-0.5131025892526274
3200.0	300.0	2136.2799513995155	0.0	0	800.6929434746362	2336.2799513995155	1	0	1	-0.09009406429454185
4200.0	300.0	2136.2799513995155	0.0	0	932.439242838961	2336.279951399516	1	0	1	-0.0900940642945419
5200.0	500.0	2136.2799513995164	0.0	0	913.4609905061652	2336.2799513995164	1	0	1	-0.09009406429454182
6200.0	500.0	2136.279951399516	0.0	0	912.1451641017975	2336.279951399516	1	0	1	0.42073155947144886
7200.0	500.0	2136.2799513995164	0.0	0	916.7383516832851	2336.279951399517	1	0	1	0.4207315594714488
8200.0	500.0	2136.279951399517	0.0	0	911.0555384051931	2336.279951399517	1	0	1	0.4207315594714488
9200.0	1000.0	2136.27995139952	0.0	0	863.4519700993405	2336.2799513995205	1	0	1	0.4207315594714486
10200.0	2000.0	2136.279951399522	0.0	0	814.698699495415	2336.2799513995224	1	0	1	1.1138787400313936
11200.0	6000.0	2136.2799513995233	0.0	0	393.55781035056316	2336.2799513995233	1	0	1	1.807025920591339
12200.0	6000.0	2136.2799513995233	0.0	0	333.2722686300349	2336.2799513995233	1	0	1	2.9056382092594486
13200.0	6000.0	2136.279951399524	0.0	0	473.6647048251034	2336.2799513995233	1	0	1	2.9056382092594486
14200.0	6000.0	2136.279951399525	0.0	0	542.5493452332448	2336.2799513995233	1	0	1	2.9056382092594486
15200.0	6000.0	2136.279951399524	0.0	0	253.42521095058328	2336.2799513995233	1	0	1	2.9056382092594486
16200.0	6000.0	2136.2799513995255	0.0	0	345.1676719015031	2336.2799513995233	1	0	1	2.9056382092594486
17200.0	6000.0	2136.279951399529	0.0	0	494.6350854351258	2336.279951399527	1	0	1	2.9056382092594477
18200.0	6000.0	2136.279951399527	0.0	0	502.5698927514568	2336.279951399525	1	0	1	2.9056382092594477
19200.0	6000.0	2136.2799513995224	0.0	0	400.36226615543274	2336.279951399527	1	0	1	2.9056382092594477
20200.0	6000.0	2136.2799513995183	0.0	0	537.2698416493149	2336.279951399527	1	0	1	2.9056382092594477
21200.0	6000.0	2136.279951399518	0.0	0	609.3076886113413	2336.279951399527	1	0	1	2.9056382092594477
22200.0	6000.0	2136.27995139952	0.0	0	549.3646886393071	2336.279951399527	1	0	1	2.9056382092594477
23200.0	6000.0	2136.2799513995205	0.0	0	429.1828313003098	2336.279951399527	1	0	1	2.9056382092594477
24200.0	6000.0	2136.2799513995246	0.0	0	281.66183322947836	2336.279951399527	1	0	1	2.9056382092594477
25200.0	6000.0	2136.279951399527	0.0	0	467.27159986786137	2336.279951399527	1	0	1	2.9056382092594477
26200.0	6000.0	2136.279951399531	0.0	0	438.39559275061765	2336.2799513995305	1	0	1	2.9056382092594473
27200.0	6000.0	2136.279951399529	0.0	0	404.8906927654207	2336.2799513995305	1	0	1	2.9056382092594473
28200.0	6000.0	2136.2799513995324	0.0	0	572.9304492027986	2336.2799513995305	1	0	1	2.9056382092594473
29200.0	6000.0	2136.2799513995296	0.0	0	441.0203940161264	2336.279951399527	1	0	1	2.9056382092594477
30200.0	6000.0	2136.2799513995305	0.0	0	390.2331366266517	2336.279951399527	1	0	1	2.9056382092594477
31200.0	6000.0	2136.279951399531	0.0	0	378.92697009664334	2336.279951399527	1	0	1	2.9056382092594477
32200.0	6000.0	2136.279951399534	0.0	0	360.50532094095615	2336.279951399527	1	0	1	2.9056382092594477
33200.0	6000.0	2136.2799513995346	0.0	0	505.4665236149049	2336.2799513995305	1	0	1	2.9056382092594473
34200.0	6000.0	2136.279951399535	0.0	0	153.93035404958937	2336.2799513995305	1	0	1	2.9056382092594473
35200.0	6000.0	2136.279951399536	0.0	0	468.09027155629883	2336.279951399527	1	0	1	2.9056382092594477
36200.0	6000.0	2136.279951399535	0.0	0	286.9955009289406	2336.279951399527	1	0	1	2.9056382092594477
37200.0	6000.0	2136.279951399538	0.0	0	369.69270670451806	2336.279951399527	1	0	1	2.9056382092594477
38200.0	6000.0	2136.2799513995396	0.0	0	502.62367315686424	2336.279951399527	1	0	1	2.9056382092594477
39200.0	6000.0	2136.2799513995355	0.0	0	348.3696456123289	2336.279951399527	1	0	1	2.9056382092594477
40200.0	6000.0	2136.2799513995365	0.0	0	387.66115094676206	2336.279951399527	1	0	1	2.9056382092594477
41200.0	6000.0	2136.279951399539	0.0	0	503.35539394609805	2336.279951399527	1	0	1	2.9056382092594477
42200.0	6000.0	2136.279951399543	0.0	0	338.71717811575945	2336.2799513995196	1	0	1	2.9056382092594486
43200.0	6000.0	2136.279951399539	0.0	0	503.39584564686083	2336.2799513995196	1	0	1	2.9056382092594486
44200.0	6000.0	2136.279951399547	0.0	0	469.24946082683164	2336.2799513995196	1	0	1	2.9056382092594486
45200.0	6000.0	2136.2799513995446	0.0	0	580.2521108673609	2336.279951399527	1	0	1	2.9056382092594477
46200.0	6000.0	2136.279951399544	0.0	0	311.0476176160373	2336.279951399527	1	0	1	2.9056382092594477
47200.0	6000.0	2136.279951399541	0.0	0	380.21015722621814	2336.279951399527	1	0	1	2.9056382092594477
48200.0	6000.0	2136.2799513995496	0.0	0	546.3779489642184	2336.279951399534	1	0	1	2.9056382092594473
49200.0	6000.0	2136.2799513995415	0.0	0	419.23533854008565	2336.279951399534	1	0	1	2.9056382092594473
50200.0	6000.0	2136.279951399538	0.0	0	430.468433351416	2336.279951399534	1	0	1	2.9056382092594473
51200.0	6000.0	2136.2799513995415	0.0	0	430.16922575692297	2336.279951399534	1	0	1	2.9056382092594473
52200.0	6000.0	2136.2799513995365	0.0	0	522.9992292825846	2336.2799513995415	1	0	1	2.905638209259447
53200.0	6000.0	2136.2799513995406	0.0	0	551.3385397955062	2336.2799513995415	1	0	1	2.905638209259447
54200.0	6000.0	2136.2799513995487	0.0	0	325.3188692798649	2336.2799513995415	1	0	1	2.905638209259447
55200.0	6000.0	2136.2799513995506	0.0	0	393.38625750725623	2336.279951399556	1	0	1	2.9056382092594455
56200.0	6000.0	2136.279951399554	0.0	0	413.5199736385548	2336.279951399556	1	0	1	2.905638209259445
57200.0	6000.0	2136.279951399561	0.0	0	449.48729325840395	2336.279951399556	1	0	1	2.905638209259445
58200.0	6000.0	2136.2799513995665	0.0	0	522.2781198815428	2336.2799513995633	1	0	1	2.9056382092594446
59200.0	6000.0	2136.2799513995624	0.0	0	407.4432254750427	2336.2799513995706	1	0	1	2.9056382092594433
60200.0	6000.0	2136.279951399556	0.0	0	501.81540477462113	2336.2799513995706	1	0	1	2.9056382092594433
61200.0	6000.0	2136.279951399551	0.0	0	569.3549654748713	2336.2799513995633	1	0	1	2.9056382092594446
62200.0	6000.0	2136.279951399547	0.0	0	236.71803807223478	2336.279951399556	1	0	1	2.905638209259445
63200.0	6000.0	2136.2799513995633	0.0	0	348.57199768374994	2336.2799513995633	1	0	1	2.9056382092594446
64200.0	6000.0	2136.2799513995615	0.0	0	478.07160927943187	2336.2799513995633	1	0	1	2.9056382092594446
65200.0	6000.0	2136.2799513995606	0.0	0	386.1281049923564	2336.2799513995633	1	0	1	2.9056382092594446
66200.0	6000.0	2136.2799513995606	0.0	0	344.9621961797093	2336.2799513995633	1	0	1	2.9056382092594446
67200.0	6000.0	2136.279951399569	0.0	0	528.9978655129962	2336.2799513995633	1	0	1	2.9056382092594446
68200.0	6000.0	2136.279951399572	0.0	0	463.9119375599548	2336.2799513995706	1	0	1	2.905638209259444
69200.0	6000.0	2136.2799513995706	0.0	0	366.5566054550145	2336.2799513995706	1	0	1	2.9056382092594433
70200.0	6000.0	2136.279951399571	0.0	0	577.4561404249253	2336.2799513995706	1	0	1	2.9056382092594433
71200.0	6000.0	2136.2799513995724	0.0	0	504.78477289476723	2336.2799513995706	1	0	1	2.9056382092594433
72200.0	6000.0	2136.279951399573	0.0	0	381.0049663751124	2336.2799513995706	1	0	1	2.9056382092594433
73200.0	6000.0	2136.279951399559	0.0	0	349.8183337188675	2336.2799513995706	1	0	1	2.9056382092594433
74200.0	6000.0	2136.27995139956	0.0	0	394.62722824019147	2336.2799513995706	1	0	1	2.9056382092594433
75200.0	6000.0	2136.279951399556	0.0	0	515.3636570375093	2336.2799513995706	1	0	1	2.9056382092594433
76200.0	6000.0	2136.2799513995583	0.0	0	333.60186003157287	2336.2799513995706	1	0	1	2.9056382092594433
77200.0	6000.0	2136.2799513995533	0.0	0	294.6541172053694	2336.2799513995706	1	0	1	2.9056382092594433
78200.0	6000.0	2136.279951399564	0.0	0	313.5333838114457	2336.2799513995706	1	0	1	2.9056382092594433
79200.0	6000.0	2136.2799513995665	0.0	0	567.8954151304497	2336.2799513995706	1	0	1	2.9056382092594433
80200.0	6000.0	2136.2799513995824	0.0	0	504.10976005338307	2336.2799513995706	1	0	1	2.9056382092594433
81200.0	6000.0	2136.2799513995787	0.0	0	386.70813991448085	2336.2799513995706	1	0	1	2.9056382092594433
82200.0	6000.0	2136.2799513995824	0.0	0	586.3327755390055	2336.2799513995706	1	0	1	2.9056382092594433
83200.0	6000.0	2136.279951399584	0.0	0	513.26924564199	2336.279951399585	1	0	1	2.9056382092594424
84200.0	6000.0	2136.279951399602	0.0	0	342.4738448917342	2336.279951399585	1	0	1	2.9056382092594424
85200.0	6000.0	2136.2799513995874	0.0	0	428.3351677253959	2336.279951399585	1	0	1	2.9056382092594424
86200.0	6000.0	2136.2799513995865	0.0	0	454.9765365150088	2336.279951399585	1	0	1	2.9056382092594424
87200.0	6000.0	2136.279951399594	0.0	0	580.6726575325301	2336.279951399585	1	0	1	2.9056382092594424
88200.0	6000.0	2136.2799513995965	0.0	0	452.79923650801356	2336.279951399585	1	0	1	2.9056382092594424
89200.0	6000.0	2136.2799513996015	0.0	0	366.0312869568297	2336.279951399585	1	0	1	2.9056382092594424
90200.0	6000.0	2136.2799513995897	0.0	0	263.9409201062372	2336.2799513995706	1	0	1	2.9056382092594433
91200.0	6000.0	2136.2799513995856	0.0	0	508.6253973076964	2336.279951399556	1	0	1	2.905638209259445
92200.0	6000.0	2136.279951399588	0.0	0	594.4586144842469	2336.279951399556	1	0	1	2.905638209259445
93200.0	6000.0	2136.279951399591	0.0	0	280.7573379064561	2336.279951399556	1	0	1	2.905638209259445
94200.0	6000.0	2136.279951399596	0.0	0	496.0779300592694	2336.279951399556	1	0	1	2.905638209259445
95200.0	6000.0	2136.279951399594	0.0	0	405.73193043569336	2336.2799513995706	1	0	1	2.9056382092594433
96200.0	6000.0	2136.2799513996024	0.0	0	449.0739455854491	2336.2799513995706	1	0	1	2.9056382092594433
97200.0	6000.0	2136.279951399596	0.0	0	395.24934706804925	2336.279951399556	1	0	1	2.905638209259445
98200.0	6000.0	2136.279951399597	0.0	0	472.4508563814452	2336.279951399556	1	0	1	2.905638209259445
99200.0	6000.0	2136.279951399582	0.0	0	620.3206608397013	2336.279951399556	1	0	1	2.905638209259445
100200.0	6000.0	2136.2799513995774	0.0	0	619.8799247642601	2336.279951399556	1	0	1	2.905638209259445
101200.0	6000.0	2136.2799513995856	0.0	0	513.9857067998237	2336.279951399556	1	0	1	2.905638209259445
102200.0	6000.0	2136.2799513995806	0.0	0	458.571870558706	2336.279951399556	1	0	1	2.905638209259445
103200.0	6000.0	2136.2799513995883	0.0	0	333.7672715013905	2336.279951399556	1	0	1	2.905638209259445
104200.0	6000.0	2136.2799513995706	0.0	0	633.0229120804725	2336.2799513995415	1	0	1	2.905638209259447
105200.0	6000.0	2136.2799513995574	0.0	0	530.070165686062	2336.2799513995415	1	0	1	2.905638209259447
106200.0	6000.0	2136.279951399564	0.0	0	328.89445700759825	2336.279951399556	1	0	1	2.905638209259445
107200.0	6000.0	2136.279951399579	0.0	0	476.75080528455146	2336.279951399556	1	0	1	2.905638209259445
108200.0	6000.0	2136.2799513995683	0.0	0	333.12172489470686	2336.279951399556	1	0	1	2.905638209259445
109200.0	6000.0	2136.2799513995556	0.0	0	549.0880269264308	2336.279951399556	1	0	1	2.905638209259445
110200.0	6000.0	2136.279951399561	0.0	0	428.5323146585288	2336.279951399556	1	0	1	2.905638209259445
111200.0	6000.0	2136.279951399562	0.0	0	553.31380839333	2336.279951399556	1	0	1	2.905638209259445
112200.0	6000.0	2136.2799513995624	0.0	0	492.6520410788362	2336.279951399556	1	0	1	2.905638209259445
113200.0	6000.0	2136.279951399551	0.0	0	459.49643974112405	2336.279951399556	1	0	1	2.905638209259445
114200.0	6000.0	2136.2799513995656	0.0	0	387.72278959315736	2336.2799513995706	1	0	1	2.9056382092594433
115200.0	6000.0	2136.2799513995615	0.0	0	538.5779871416598	2336.2799513995706	1	0	1	2.9056382092594433
116200.0	6000.0	2136.2799513995556	0.0	0	527.7873834742059	2336.2799513995706	1	0	1	2.9056382092594433
117200.0	6000.0	2136.2799513995633	0.0	0	479.5748444235069	2336.2799513995706	1	0	1	2.9056382092594433
118200.0	6000.0	2136.2799513995596	0.0	0	405.08715348679107	2336.279951399556	1	0	1	2.905638209259445
119200.0	6000.0	2136.27995139956	0.0	0	523.3943990393163	2336.279951399556	1	0	1	2.905638209259445
120200.0	6000.0	2136.2799513995624	0.0	0	430.14485144968785	2336.2799513995415	1	0	1	2.905638209259447
121200.0	6000.0	2136.27995139956	0.0	0	357.56143558124313	2336.2799513995415	1	0	1	2.905638209259447
122200.0	6000.0	2136.2799513995624	0.0	0	81.62013029918307	2336.2799513995415	1	0	1	2.905638209259447
123200.0	6000.0	2136.2799513995737	0.0	0	392.6119169180165	2336.2799513995415	1	0	1	2.905638209259447
124200.0	6000.0	2136.2799513995888	0.0	0	491.19097691339266	2336.2799513995415	1	0	1	2.905638209259447
125200.0	6000.0	2136.279951399579	0.0	0	334.68876818634453	2336.279951399556	1	0	1	2.905638209259445
126200.0	6000.0	2136.2799513995883	0.0	0	589.7729538382555	2336.279951399556	1	0	1	2.905638209259445
127200.0	6000.0	2136.2799513995838	0.0	0	322.2515489741636	2336.279951399556	1	0	1	2.905638209259445
128200.0	6000.0	2136.279951399589	0.0	0	406.77801039488986	2336.279951399556	1	0	1	2.905638209259445
129200.0	6000.0	2136.2799513995897	0.0	0	314.8042642874352	2336.2799513995415	1	0	1	2.905638209259447
130200.0	6000.0	2136.2799513995956	0.0	0	358.2018590130174	2336.2799513995415	1	0	1	2.905638209259447
131200.0	6000.0	2136.279951399599	0.0	0	480.06096161185997	2336.2799513995415	1	0	1	2.905638209259447
132200.0	6000.0	2136.2799513995756	0.0	0	274.42615120849223	2336.2799513995124	1	0	1	2.90563820925945
133200.0	6000.0	2136.279951399593	0.0	0	481.0409010228468	2336.279951399527	1	0	1	2.9056382092594495
134200.0	6000.0	2136.2799513996056	0.0	0	411.30621543093	2336.2799513995124	1	0	1	2.9056382092594495
135200.0	6000.0	2136.279951399583	0.0	0	438.95665976416785	2336.2799513995415	1	0	1	2.905638209259447
136200.0	6000.0	2136.279951399567	0.0	0	488.1205196798837	2336.2799513995415	1	0	1	2.905638209259447
137200.0	6000.0	2136.2799513995756	0.0	0	446.272136071173	2336.2799513995706	1	0	1	2.9056382092594433
138200.0	6000.0	2136.2799513995933	0.0	0	329.3063245402591	2336.2799513995706	1	0	1	2.9056382092594433
139200.0	6000.0	2136.2799513995824	0.0	0	172.61137462951592	2336.2799513995706	1	0	1	2.9056382092594433
140200.0	6000.0	2136.279951399597	0.0	0	274.19783234782517	2336.2799513995706	1	0	1	2.9056382092594433
141200.0	6000.0	2136.279951399637	0.0	0	444.2874119761982	2336.2799513995997	1	0	1	2.9056382092594406
142200.0	6000.0	2136.27995139961	0.0	0	595.564582416875	2336.2799513995706	1	0	1	2.9056382092594433
143200.0	6000.0	2136.279951399624	0.0	0	350.13851741389954	2336.2799513995706	1	0	1	2.9056382092594433
144200.0	6000.0	2136.279951399633	0.0	0	456.66144455689937	2336.2799513995997	1	0	1	2.9056382092594406
145200.0	6000.0	2136.2799513996365	0.0	0	359.441425264813	2336.2799513995997	1	0	1	2.9056382092594406
146200.0	6000.0	2136.2799513996506	0.0	0	349.1151708163379	2336.2799513995997	1	0	1	2.9056382092594406
147200.0	6000.0	2136.279951399666	0.0	0	521.5002540870046	2336.2799513995997	1	0	1	2.9056382092594406
148200.0	6000.0	2136.2799513996747	0.0	0	315.2937529445044	2336.2799513995997	1	0	1	2.9056382092594406
149200.0	6000.0	2136.2799513996765	0.0	0	524.1462863618508	2336.2799513995997	1	0	1	2.9056382092594406
150200.0	6000.0	2136.2799513997084	0.0	0	471.5117770334764	2336.2799513995997	1	0	1	2.9056382092594406
151200.0	6000.0	2136.279951399723	0.0	0	519.1009646132297	2336.2799513996288	1	0	1	2.905638209259438
152200.0	6000.0	2136.2799513997625	0.0	0	406.30579132572166	2336.2799513996288	1	0	1	2.905638209259438
153200.0	6000.0	2136.2799513997547	0.0	0	459.91861959101516	2336.2799513995997	1	0	1	2.9056382092594406
154200.0	6000.0	2136.2799513997747	0.0	0	331.60382870407193	2336.2799513995997	1	0	1	2.9056382092594406
155200.0	6000.0	2136.2799513997547	0.0	0	510.3232475281111	2336.2799513995997	1	0	1	2.9056382092594406
156200.0	6000.0	2136.279951399743	0.0	0	560.0810568851884	2336.2799513995997	1	0	1	2.9056382092594406
157200.0	6000.0	2136.279951399731	0.0	0	317.3891043200565	2336.2799513995997	1	0	1	2.9056382092594406
158200.0	6000.0	2136.279951399747	0.0	0	457.8012884774944	2336.2799513995997	1	0	1	2.9056382092594406
159200.0	6000.0	2136.2799513997447	0.0	0	329.3736082284886	2336.2799513995997	1	0	1	2.9056382092594406
160200.0	6000.0	2136.2799513997775	0.0	0	546.5059960821818	2336.2799513996288	1	0	1	2.905638209259438
161200.0	6000.0	2136.279951399776	0.0	0	559.9111240948259	2336.2799513996288	1	0	1	2.905638209259438
162200.0	6000.0	2136.2799513997757	0.0	0	309.6855069894809	2336.2799513996288	1	0	1	2.905638209259438
163200.0	6000.0	2136.2799513997284	0.0	0	369.28915666165994	2336.2799513996288	1	0	1	2.905638209259438
164200.0	6000.0	2136.279951399717	0.0	0	469.67051306995563	2336.2799513996288	1	0	1	2.905638209259438
165200.0	6000.0	2136.279951399701	0.0	0	422.48915112562827	2336.2799513996288	1	0	1	2.905638209259438
166200.0	6000.0	2136.279951399745	0.0	0	250.81999644631287	2336.279951399658	1	0	1	2.9056382092594353
167200.0	6000.0	2136.2799513997506	0.0	0	523.1598967495083	2336.279951399658	1	0	1	2.9056382092594353
168200.0	6000.0	2136.2799513997393	0.0	0	455.19719603157137	2336.279951399658	1	0	1	2.9056382092594353
169200.0	6000.0	2136.279951399718	0.0	0	522.5358500472212	2336.2799513996288	1	0	1	2.905638209259438
170200.0	6000.0	2136.279951399679	0.0	0	311.88241689364077	2336.2799513996288	1	0	1	2.905638209259438
171200.0	6000.0	2136.279951399694	0.0	0	388.03236038115574	2336.2799513996288	1	0	1	2.905638209259438
172200.0	6000.0	2136.279951399676	0.0	0	380.8969023608661	2336.2799513996288	1	0	1	2.905638209259438
173200.0	6000.0	2136.2799513996724	0.0	0	434.5618155566626	2336.2799513996288	1	0	1	2.905638209259438
174200.0	6000.0	2136.279951399704	0.0	0	484.8357749345014	2336.2799513996288	1	0	1	2.905638209259438
175200.0	6000.0	2136.279951399746	0.0	0	463.07934900571126	2336.279951399658	1	0	1	2.9056382092594353
176200.0	6000.0	2136.2799513997466	0.0	0	592.6667759989214	2336.279951399687	1	0	1	2.9056382092594326
177200.0	6000.0	2136.279951399769	0.0	0	480.9885484993283	2336.279951399687	1	0	1	2.9056382092594326
178200.0	6000.0	2136.279951399788	0.0	0	488.937802301778	2336.279951399687	1	0	1	2.9056382092594326
179200.0	6000.0	2136.279951399792	0.0	0	598.7852975560818	2336.279951399687	1	0	1	2.9056382092594326
180200.0	6000.0	2136.2799513998234	0.0	0	527.9386508456955	2336.279951399687	1	0	1	2.9056382092594326
181200.0	6000.0	2136.2799513998016	0.0	0	288.8450185689435	2336.279951399687	1	0	1	2.9056382092594326
182200.0	6000.0	2136.279951399763	0.0	0	440.27992608750355	2336.279951399687	1	0	1	2.9056382092594326
183200.0	6000.0	2136.279951399747	0.0	0	202.88120108511066	2336.279951399687	1	0	1	2.9056382092594326
184200.0	6000.0	2136.279951399737	0.0	0	354.448106114869	2336.279951399687	1	0	1	2.9056382092594326
185200.0	6000.0	2136.2799513997466	0.0	0	614.9938974867109	2336.279951399658	1	0	1	2.9056382092594353
186200.0	6000.0	2136.279951399719	0.0	0	435.37643279432086	2336.279951399658	1	0	1	2.9056382092594353
187200.0	6000.0	2136.2799513997375	0.0	0	591.2880467674404	2336.279951399658	1	0	1	2.9056382092594353
188200.0	6000.0	2136.2799513997484	0.0	0	567.6013035400247	2336.279951399658	1	0	1	2.9056382092594353
189200.0	6000.0	2136.2799513997497	0.0	0	293.40362533394364	2336.2799513996288	1	0	1	2.905638209259438
190200.0	6000.0	2136.279951399754	0.0	0	416.7772009522596	2336.2799513996288	1	0	1	2.905638209259438
191200.0	6000.0	2136.2799513997415	0.0	0	327.85052625389653	2336.2799513996288	1	0	1	2.905638209259438
192200.0	6000.0	2136.2799513997384	0.0	0	445.16487599589163	2336.2799513996288	1	0	1	2.905638209259438
193200.0	6000.0	2136.2799513997807	0.0	0	447.4659082869184	2336.2799513996288	1	0	1	2.905638209259438
194200.0	6000.0	2136.279951399789	0.0	0	568.8454767778167	2336.2799513996288	1	0	1	2.905638209259438
195200.0	6000.0	2136.2799513998034	0.0	0	374.88364916085266	2336.2799513996288	1	0	1	2.905638209259438
196200.0	6000.0	2136.2799513997934	0.0	0	316.3104750307393	2336.2799513996288	1	0	1	2.905638209259438
197200.0	6000.0	2136.2799513997943	0.0	0	376.5778971314721	2336.2799513996288	1	0	1	2.905638209259438
198200.0	6000.0	2136.279951399806	0.0	0	452.1759174322069	2336.2799513996288	1	0	1	2.905638209259438
199200.0	6000.0	2136.279951399787	0.0	0	152.4268457290018	2336.2799513996288	1	0	1	2.905638209259438
200200.0	6000.0	2136.2799513998166	0.0	0	378.9191198310582	2336.2799513996288	1	0	1	2.905638209259438
201200.0	6000.0	2136.2799513998125	0.0	0	190.32237816220731	2336.2799513996288	1	0	1	2.905638209259438
202200.0	6000.0	2136.2799513998098	0.0	0	120.61614932774683	2336.2799513996288	1	0	1	2.905638209259438
203200.0	6000.0	2136.2799513998216	0.0	0	348.8222191471141	2336.2799513996288	1	0	1	2.905638209259438
204200.0	6000.0	2136.2799513998275	0.0	0	205.25050763471518	2336.279951399658	1	0	1	2.9056382092594353
205200.0	6000.0	2136.279951399796	0.0	0	159.02144334593322	2336.279951399658	1	0	1	2.9056382092594353
206200.0	6000.0	2136.279951399802	0.0	0	214.2034687033156	2336.279951399658	1	0	1	2.9056382092594353
207200.0	6000.0	2136.279951399789	0.0	0	72.15083710799809	2336.2799513996288	1	0	1	2.905638209259438
208200.0	6000.0	2136.2799513997606	0.0	0	367.29549966417835	2336.2799513996288	1	0	1	2.905638209259438
209200.0	6000.0	2136.2799513997525	0.0	0	193.6558371827996	2336.2799513996288	1	0	1	2.905638209259438
210200.0	6000.0	2136.279951399743	0.0	0	298.19064558885293	2336.2799513996288	1	0	1	2.905638209259438
211287.49052032368	6000.0	2048.7894310760857	0.0	0	0.0	2336.2799513996288	1	0	1	2.905638209259438
212200.0	6000.0	2136.279951399792	0.0	0	242.41691669772263	2336.279951399658	1	0	1	2.9056382092594353
213200.0	6000.0	2136.2799513997784	0.0	0	369.1380905249098	2336.279951399658	1	0	1	2.9056382092594353
214200.0	6000.0	2136.279951399764	0.0	0	403.15436571169994	2336.279951399658	1	0	1	2.9056382092594353
215200.0	6000.0	2136.279951399778	0.0	0	278.7300968339259	2336.279951399658	1	0	1	2.9056382092594353
216200.0	6000.0	2136.27995139978	0.0	0	411.73800313062384	2336.279951399658	1	0	1	2.9056382092594353
217200.0	6000.0	2136.2799513997807	0.0	0	618.1259464327886	2336.279951399658	1	0	1	2.9056382092594353
218200.0	6000.0	2136.2799513998048	0.0	0	496.82327194383834	2336.279951399658	1	0	1	2.9056382092594353
219200.0	6000.0	2136.2799513998198	0.0	0	446.9484915866924	2336.279951399687	1	0	1	2.9056382092594326
220200.0	6000.0	2136.2799513998298	0.0	0	541.1070296469843	2336.279951399687	1	0	1	2.9056382092594326
221200.0	6000.0	2136.2799513998243	0.0	0	357.485303759051	2336.279951399687	1	0	1	2.9056382092594326
222200.0	6000.0	2136.2799513998093	0.0	0	444.5582437136618	2336.279951399658	1	0	1	2.9056382092594353
223200.0	6000.0	2136.279951399818	0.0	0	464.67059004394105	2336.279951399658	1	0	1	2.9056382092594353
224200.0	6000.0	2136.2799513997984	0.0	0	626.7478147655202	2336.279951399658	1	0	1	2.9056382092594353
225200.0	6000.0	2136.2799513998266	0.0	0	587.3260755015654	2336.279951399658	1	0	1	2.9056382092594353
226200.0	6000.0	2136.2799513998343	0.0	0	292.66128427453805	2336.2799513996288	1	0	1	2.905638209259438
227200.0	6000.0	2136.2799513998134	0.0	0	235.97509006244945	2336.2799513996288	1	0	1	2.905638209259438
228200.0	6000.0	2136.279951399813	0.0	0	263.94009886233835	2336.279951399658	1	0	1	2.9056382092594353
229200.0	6000.0	2136.2799513998143	0.0	0	545.5554465005698	2336.279951399658	1	0	1	2.9056382092594353
230200.0	6000.0	2136.279951399834	0.0	0	475.40508420957485	2336.279951399658	1	0	1	2.9056382092594353
231200.0	6000.0	2136.2799513998343	0.0	0	562.2930530878948	2336.279951399658	1	0	1	2.9056382092594353
232200.0	6000.0	2136.2799513998293	0.0	0	479.7846097803267	2336.279951399658	1	0	1	2.9056382092594353
233200.0	6000.0	2136.2799513998516	0.0	0	302.17343891845667	2336.279951399658	1	0	1	2.9056382092594353
234200.0	6000.0	2136.279951399867	0.0	0	542.3174425093166	2336.279951399658	1	0	1	2.9056382092594353
235200.0	6000.0	2136.279951399858	0.0	0	563.5123616004421	2336.279951399658	1	0	1	2.9056382092594353
236200.0	6000.0	2136.2799513998184	0.0	0	520.6553321823012	2336.279951399658	1	0	1	2.9056382092594353
237200.0	6000.0	2136.2799513997984	0.0	0	468.1557216354122	2336.279951399658	1	0	1	2.9056382092594353
238200.0	6000.0	2136.279951399819	0.0	0	380.3018724054273	2336.279951399658	1	0	1	2.9056382092594353
239200.0	6000.0	2136.2799513998098	0.0	0	284.2134943692072	2336.279951399658	1	0	1	2.9056382092594353
240200.0	6000.0	2136.2799513997934	0.0	0	481.3076252833416	2336.279951399658	1	0	1	2.9056382092594353
241200.0	6000.0	2136.279951399782	0.0	0	258.63605045102304	2336.279951399658	1	0	1	2.9056382092594353
242200.0	6000.0	2136.279951399767	0.0	0	322.62918466469273	2336.279951399687	1	0	1	2.9056382092594326
243200.0	6000.0	2136.2799513997834	0.0	0	229.10214583500056	2336.279951399687	1	0	1	2.9056382092594326
244200.0	6000.0	2136.2799513997957	0.0	0	478.16371986456215	2336.279951399687	1	0	1	2.9056382092594326
245200.0	6000.0	2136.2799513997907	0.0	0	556.3305205675133	2336.279951399687	1	0	1	2.9056382092594326
246200.0	6000.0	2136.2799513997925	0.0	0	602.80832967491	2336.279951399687	1	0	1	2.9056382092594326
247200.0	6000.0	2136.2799513998025	0.0	0	381.98919542494696	2336.279951399658	1	0	1	2.9056382092594353
248200.0	6000.0	2136.2799513997825	0.0	0	555.9122049085272	2336.279951399658	1	0	1	2.9056382092594353
249200.0	6000.0	2136.279951399766	0.0	0	305.25167071048054	2336.279951399658	1	0	1	2.9056382092594353
250200.0	6000.0	2136.279951399731	0.0	0	522.0651728138328	2336.2799513996288	1	0	1	2.905638209259438
251200.0	6000.0	2136.2799513996943	0.0	0	498.8686048864911	2336.2799513996288	1	0	1	2.905638209259438
252200.0	6000.0	2136.2799513996883	0.0	0	389.61299555696314	2336.2799513995997	1	0	1	2.9056382092594406
253200.0	6000.0	2136.279951399698	0.0	0	506.5206334067916	2336.2799513995997	1	0	1	2.9056382092594406
254200.0	6000.0	2136.279951399686	0.0	0	370.31206447136356	2336.2799513995997	1	0	1	2.9056382092594406
255200.0	6000.0	2136.2799513996833	0.0	0	439.94991366623435	2336.2799513995997	1	0	1	2.9056382092594406
256200.0	6000.0	2136.279951399699	0.0	0	418.9231851786317	2336.2799513995997	1	0	1	2.9056382092594406
257200.0	6000.0	2136.2799513996633	0.0	0	211.78052252999623	2336.2799513995997	1	0	1	2.9056382092594406
258200.0	6000.0	2136.279951399649	0.0	0	300.4554719220614	2336.2799513995997	1	0	1	2.9056382092594406
259200.0	6000.0	2136.2799513996692	0.0	0	456.322293648147	2336.2799513995997	1	0	1	2.9056382092594406
260200.0	6000.0	2136.279951399643	0.0	0	478.6870730574592	2336.2799513995997	1	0	1	2.9056382092594406
261200.0	6000.0	2136.2799513996283	0.0	0	542.8949093997362	2336.2799513995997	1	0	1	2.9056382092594406
262200.0	6000.0	2136.2799513996288	0.0	0	492.9890676829673	2336.2799513995997	1	0	1	2.9056382092594406
263200.0	6000.0	2136.279951399614	0.0	0	516.2287861799705	2336.2799513995997	1	0	1	2.9056382092594406
264200.0	6000.0	2136.2799513995983	0.0	0	421.8530940178898	2336.2799513995997	1	0	1	2.905638209259441
265200.0	6000.0	2136.2799513995933	0.0	0	528.368012535153	2336.2799513995997	1	0	1	2.9056382092594406
266200.0	6000.0	2136.2799513995956	0.0	0	585.8185737437452	2336.2799513995997	1	0	1	2.9056382092594406
267200.0	6000.0	2136.2799513996374	0.0	0	502.0481508348021	2336.2799513995997	1	0	1	2.9056382092594406
268200.0	6000.0	2136.2799513996492	0.0	0	370.02220990962815	2336.2799513995997	1	0	1	2.9056382092594406
269200.0	6000.0	2136.2799513996783	0.0	0	517.6733861374087	2336.2799513995997	1	0	1	2.9056382092594406
270200.0	6000.0	2136.279951399692	0.0	0	473.92669940099586	2336.2799513995997	1	0	1	2.9056382092594406
271200.0	6000.0	2136.279951399653	0.0	0	200.76017997018062	2336.2799513995997	1	0	1	2.9056382092594406
272200.0	6000.0	2136.2799513996893	0.0	0	276.8285018170718	2336.2799513995997	1	0	1	2.9056382092594406
273200.0	6000.0	2136.2799513997106	0.0	0	352.27406014554435	2336.2799513995997	1	0	1	2.9056382092594406
274200.0	6000.0	2136.2799513996592	0.0	0	602.652699101076	2336.2799513995415	1	0	1	2.905638209259447
275200.0	6000.0	2136.279951399678	0.0	0	348.83329405699624	2336.2799513995415	1	0	1	2.905638209259447
276200.0	6000.0	2136.2799513996524	0.0	0	334.7457737168879	2336.2799513995415	1	0	1	2.905638209259447
277200.0	6000.0	2136.2799513996915	0.0	0	363.0940790339955	2336.2799513995997	1	0	1	2.9056382092594406
278200.0	6000.0	2136.2799513996815	0.0	0	440.05068294057855	2336.2799513995997	1	0	1	2.9056382092594406
279200.0	6000.0	2136.2799513996742	0.0	0	522.1205734714167	2336.2799513995997	1	0	1	2.9056382092594406
280200.0	6000.0	2136.279951399709	0.0	0	550.4101021001698	2336.2799513995415	1	0	1	2.905638209259447
281200.0	6000.0	2136.2799513998184	0.0	0	345.36935422575334	2336.2799513995997	1	0	1	2.9056382092594406
282200.0	6000.0	2136.2799513998325	0.0	0	405.51855440507643	2336.2799513995997	1	0	1	2.9056382092594406
283200.0	6000.0	2136.2799513997943	0.0	0	564.3425730516319	2336.2799513995997	1	0	1	2.9056382092594406
284200.0	6000.0	2136.279951399779	0.0	0	527.7549620112404	2336.2799513995997	1	0	1	2.9056382092594406
285200.0	6000.0	2136.279951399743	0.0	0	250.40457677608356	2336.2799513995997	1	0	1	2.9056382092594406
286200.0	6000.0	2136.2799513997193	0.0	0	592.8163251104415	2336.2799513995997	1	0	1	2.9056382092594406
287200.0	6000.0	2136.2799513997184	0.0	0	434.68524397630244	2336.2799513995997	1	0	1	2.9056382092594406
288200.0	6000.0	2136.2799513997797	0.0	0	487.90983264439274	2336.2799513995997	1	0	1	2.9056382092594406
289200.0	6000.0	2136.279951399804	0.0	0	355.346840274171	2336.2799513995997	1	0	1	2.9056382092594406
290200.0	6000.0	2136.279951399822	0.0	0	340.96068491600454	2336.2799513995415	1	0	1	2.905638209259447
291200.0	6000.0	2136.279951399825	0.0	0	427.34304004494334	2336.2799513994833	1	0	1	2.905638209259452
292200.0	6000.0	2136.2799513998734	0.0	0	617.6789875833783	2336.2799513994833	1	0	1	2.905638209259452
293200.0	6000.0	2136.2799513998525	0.0	0	473.21687693486456	2336.2799513995415	1	0	1	2.905638209259447
294200.0	6000.0	2136.279951399949	0.0	0	582.4497996933642	2336.2799513995415	1	0	1	2.905638209259447
295200.0	6000.0	2136.2799513999303	0.0	0	557.6843546140008	2336.2799513995415	1	0	1	2.905638209259447
296200.0	6000.0	2136.279951399989	0.0	0	386.7725960565149	2336.2799513995415	1	0	1	2.905638209259447
297200.0	6000.0	2136.279951399955	0.0	0	637.0487576127052	2336.2799513995415	1	0	1	2.905638209259447
298200.0	6000.0	2136.2799513999034	0.0	0	463.30648846918484	2336.2799513995415	1	0	1	2.905638209259447
299200.0	6000.0	2136.279951399972	0.0	0	496.28254011820536	2336.2799513995415	1	0	1	2.905638209259447
300200.0	6000.0	2136.279951399944	0.0	0	594.7627626362955	2336.2799513995997	1	0	1	2.9056382092594406
9.44	8.18	12.9	12.1	12.5	12.2	12.7	12.1	12.3	12.3	12.5	12.7	9.32	7.12	10.7	10.9	11.9	12.3	12.6	12.7	12.6	9.8	14.2	11.7	11.4	11.3	12.1	11.5	11.1	10.9	9.59	9.54	11.6	11.5	11.5	11.2	11.3	11.2	11.5	11.7	11.4	8.81	11.8	10.3	11.6	11.6	9.13	14.0	12.2	11.7	11.8	11.7	11.5	11.7	11.4	11.0	8.63	14.2	10.8	10.2	10.6	11.4	11.8	11.5	11.8	11.9	10.1	13.3	11.1	11.3	11.8	10.7	10.1	10.9	11.7	11.0	11.4	10.9	11.5	11.6	11.4	11.6	11.7	11.5	11.6	10.5	12.8	10.2	11.2	12.1	11.8	12.0	12.6	12.4	12.4	12.0	12.4	12.4	12.3	12.1	10.2	13.6	10.3	10.7	12.5	12.2	12.3	12.1	11.9	12.6	12.3	12.4	12.3	12.0	12.5	12.5	11.9	10.3	8.19	5.87	11.1	12.1	12.5	12.5	9.82	14.0	11.6	11.5	11.6	11.3	11.8	11.8	11.6	11.4	11.6	11.1	9.98	10.3	11.8	11.9	11.9	12.1	12.0	11.9	11.9	11.9	12.1	12.2	10.7	10.1	11.3	12.1	12.5	12.1	12.0	11.8	12.3	12.1	12.0	11.8	12.1	11.6	10.5	10.2	11.4	12.2	12.1	11.6	11.8	12.2	11.8	12.1	11.1	12.8	12.0	11.7	12.2	11.9	12.0	9.98	10.1	11.3	12.3	12.3	12.6	11.7	10.1	13.9	12.4	12.4	11.9	11.7	10.1	10.4	11.1	8.5	8.7	8.06	9.51	7.72	7.9	7.51	7.9	7.78	7.95	7.74	8.08	7.94	5.33	9.72	8.09	8.1	8.05	10.6	12.9	12.6	12.8	12.2	12.4	12.6	10.3	14.8	11.8	11.5	10.4	9.62	11.0	11.5	11.6	11.4	11.3	10.9	11.2	11.1	11.0	12.6	11.6	11.3	11.2	10.9	10.0	10.5	12.6	12.5	12.7	11.8	11.8	11.6	11.4	11.1	11.5	12.1	11.9	10.9	10.5	11.4	12.6	12.1	11.7	12.4	12.1	12.3	10.3	14.2	12.4	11.8	11.8	10.5	10.4	11.3	12.3	12.1	12.2	12.3	12.1	12.1	12.2	11.7	12.4	11.9	12.4	10.4	10.4	12.0	12.2	12.3	12.6	12.1	12.3	13.0	13.0	13.1	13.2	13.0	13.2	13.0	12.9	12.0	11.0	11.7	13.1
1.0	2.0	3.0	4.0	5.0	6.0	7.0	8.0	9.0	10.0	11.0	12.0	13.0	14.0	15.0	16.0	17.0	18.0	19.0	20.0	21.0	22.0	23.0	24.0	25.0	26.0	27.0	28.0	29.0	30.0	31.0	32.0	33.0	34.0	35.0	36.0	37.0	38.0	39.0	40.0	41.0	42.0	43.0	44.0	45.0	46.0	47.0	48.0	49.0	50.0	51.0	52.0	53.0	54.0	55.0	56.0	57.0	58.0	59.0	60.0	61.0	62.0	63.0	64.0	65.0	66.0	67.0	68.0	69.0	70.0	71.0	72.0	73.0	74.0	75.0	76.0	77.0	78.0	79.0	80.0	81.0	82.0	83.0	84.0	85.0	86.0	87.0	88.0	89.0	90.0	91.0	92.0	93.0	94.0	95.0	96.0	97.0	98.0	99.0	100.0	101.0	102.0	103.0	104.0	105.0	106.0	107.0	108.0	109.0	110.0	111.0	112.0	113.0	114.0	115.0	116.0	117.0	118.0	119.0	120.0	121.0	122.0	123.0	124.0	125.0	126.0	127.0	128.0	129.0	130.0	131.0	132.0	133.0	134.0	135.0	136.0	137.0	138.0	139.0	140.0	141.0	142.0	143.0	144.0	145.0	146.0	147.0	148.0	149.0	150.0	151.0	152.0	153.0	154.0	155.0	156.0	157.0	158.0	159.0	160.0	161.0	162.0	163.0	164.0	165.0	166.0	167.0	168.0	169.0	170.0	171.0	172.0	173.0	174.0	175.0	176.0	177.0	178.0	179.0	180.0	181.0	182.0	183.0	184.0	185.0	186.0	187.0	188.0	189.0	190.0	191.0	192.0	193.0	194.0	195.0	196.0	197.0	198.0	199.0	200.0	201.0	202.0	203.0	204.0	205.0	206.0	207.0	208.0	209.0	210.0	211.0	212.0	213.0	214.0	215.0	216.0	217.0	218.0	219.0	220.0	221.0	222.0	223.0	224.0	225.0	226.0	227.0	228.0	229.0	230.0	231.0	232.0	233.0	234.0	235.0	236.0	237.0	238.0	239.0	240.0	241.0	242.0	243.0	244.0	245.0	246.0	247.0	248.0	249.0	250.0	251.0	252.0	253.0	254.0	255.0	256.0	257.0	258.0	259.0	260.0	261.0	262.0	263.0	264.0	265.0	266.0	267.0	268.0	269.0	270.0	271.0	272.0	273.0	274.0	275.0	276.0	277.0	278.0	279.0	280.0	281.0	282.0	283.0	284.0	285.0	286.0	287.0	288.0	289.0	290.0	291.0	292.0	293.0	294.0	295.0	296.0	297.0	298.0	299.0	300.0	301.0
2197.4883767107995
