4644.07992114825	300.0	2000.0	193.29786638831092	0	0.0	4644.07992114825	1	0	1	-1.619791726397057
5150.023456335388	1000.0	2443.4621112941472	0.0	0	0.0	4593.485567629536	1	0	2	-0.2586319137598027
6135.315178445665	2000.0	2359.641216972843	0.0	0	0.0	4494.956395418508	1	0	2	1.50066476798072
6971.80088870259	2000.0	2439.506935690225	0.0	0	0.0	4411.307824392815	1	0	2	2.202522970351955
7906.478509269636	2000.0	2411.361553066474	0.0	0	0.0	4317.840062336109	1	0	2	2.21160197595537
8875.571108887294	3000.0	2345.3596934870516	0.0	0	0.0	4220.930802374345	1	0	2	2.423901448141953
9723.75456909636	3000.0	2412.35788725708	0.0	0	0.0	4136.112456353438	1	0	2	2.838227281516919
10600.894980840883	2000.0	2447.5034343381044	0.0	0	0.0	4048.3984151789864	1	0	2	1.832582194700973
11905.91835108188	2000.0	2011.9777270730083	0.0	0	0.0	3917.8960781548867	1	0	2	2.2496825257529167
13234.587267146877	2000.0	1550.4419194015102	0.0	0	0.0	3785.029186548383	1	0	2	2.2640661374121436
13947.204423344136	2000.0	1766.5630475845253	0.0	0	0.0	3713.7674709286566	1	0	2	2.272515057955746
15045.8609628637	2000.0	1558.0408541130018	0.0	0	0.0	3603.901816976697	1	0	2	2.2827143088917476
16011.184717963155	2000.0	1496.184723503603	0.0	0	0.0	3507.3694414667516	1	0	2	2.29240782587042
16686.06710407739	2000.0	1753.8140987779448	0.0	0	0.0	3439.8812028553293	1	0	2	2.3000778712010446
17291.671998940557	1000.0	2087.648714428456	0.0	0	0.0	3379.3207133690103	1	0	2	0.5733364260276705
18155.22852708797	2000.0	2137.7365334663023	0.0	0	0.0	3292.9650605542683	1	0	2	1.6209103460954215
19178.22689118797	2000.0	2012.4383329563032	0.0	0	0.0	3190.665224144268	1	0	2	2.323835275466373
20065.91598616021	2000.0	2035.9803284868424	0.0	0	0.0	3101.896314647045	1	0	2	2.3332243931268613
20827.77887934764	2000.0	2274.1174352994153	0.0	0	0.0	3101.896314647045	1	0	1	2.3354903458641174
21703.099033391307	2000.0	2311.265265851385	0.0	0	0.0	3014.364299242683	1	0	2	2.1421658377679966
22572.619515150116	2000.0	2441.7447840925765	0.0	0	0.0	3014.364299242683	1	0	1	2.3442435474045538
23727.911860733882	2000.0	2170.923203950433	0.0	0	0.0	2898.835064684303	1	0	2	2.1528533075558705
24370.730514286228	2000.0	2528.1045503980913	0.0	0	0.0	2898.835064684303	1	0	1	2.355796470860392
25200.0	2000.0	2698.8350646843205	0.0	0	69.56950947701989	2898.835064684299	1	0	1	2.555796470860392
26227.03928863105	2000.0	2569.091847190167	0.0	0	0.0	2796.131135821197	1	0	2	2.163486725011419
27816.714148159434	2000.0	1820.449501708944	0.0	0	0.0	2637.1636498683583	1	0	2	2.3787059104189314
28819.699334103378	2000.0	1817.4643157649991	0.0	0	0.0	2637.163649868362	1	0	1	2.381963612341986
29565.050990351563	2000.0	2072.1126595168116	0.0	0	0.0	2637.163649868362	1	0	1	2.581963612341986
30302.634369376075	2000.0	2334.5292804923006	0.0	0	0.0	2637.163649868362	1	0	1	2.581963612341986
31200.0	2000.0	2437.163649868375	0.0	0	229.85931275974872	2637.163649868362	1	0	1	2.581963612341986
32200.0	3000.0	2437.163649868377	0.0	0	192.39960145975783	2637.163649868362	1	0	1	2.7846961663960683
33745.528227646326	2000.0	1891.6354222220411	0.0	0	0.0	2637.1636498683474	1	0	1	2.1764985042338223
34343.99617279663	1000.0	2293.167477071738	0.0	0	0.0	2637.1636498683474	1	0	1	0.8490956609421243
35200.0	1000.0	2437.1636498683706	0.0	0	254.53022022255755	2637.163649868351	1	0	1	1.5422428415020695
36200.0	1000.0	2437.16364986837	0.0	0	339.647537870791	2637.163649868351	1	0	1	1.5422428415020693
37200.0	1000.0	2437.1636498683783	0.0	0	482.68550357344066	2637.1636498683583	1	0	1	1.5422428415020684
38200.0	1000.0	2437.163649868386	0.0	0	612.1291466366092	2637.1636498683583	1	0	1	1.5422428415020684
39200.0	1000.0	2337.163649868379	0.0	0	263.25184847151104	2537.163649868351	1	0	2	1.1486522415986828
40200.0	1000.0	2337.1636498683774	0.0	0	140.88373684871476	2537.163649868351	1	0	1	1.352242841502069
41385.44822098169	1000.0	2151.7154288866914	0.0	0	0.0	2537.163649868351	1	0	1	1.5522428415020693
42200.0	1000.0	2337.163649868391	0.0	0	229.89645738297986	2537.1636498683583	1	0	1	1.5522428415020684
43200.0	2000.0	2337.163649868393	0.0	0	216.94629039533174	2537.1636498683583	1	0	1	1.8988164317820413
44200.0	2000.0	2337.163649868394	0.0	0	205.7909619823913	2537.1636498683583	1	0	1	2.5919636123419867
45200.0	2000.0	2337.1636498683924	0.0	0	188.51172538236278	2537.1636498683656	1	0	1	2.5919636123419854
46200.0	2000.0	2337.1636498683947	0.0	0	354.84732177486876	2537.1636498683656	1	0	1	2.5919636123419854
47200.0	2000.0	2337.163649868388	0.0	0	201.2249022893957	2537.1636498683583	1	0	1	2.5919636123419867
48200.0	2000.0	2337.1636498683893	0.0	0	141.8880296973366	2537.1636498683583	1	0	1	2.5919636123419867
49705.58387138847	1000.0	1831.5797784799165	0.0	0	0.0	2537.1636498683583	1	0	1	0.8590956609421232
51005.80154271958	1000.0	1531.3621071488067	0.0	0	0.0	2537.1636498683583	1	0	1	1.5522428415020684
52042.34424716511	1000.0	1494.8194027032773	0.0	0	0.0	2537.1636498683583	1	0	1	1.5522428415020684
52757.23132510522	1000.0	1708.4436169691444	0.0	0	0.0	2465.674942074329	1	0	2	1.1576604940961452
53622.10366831464	1000.0	1757.0840394387844	0.0	0	0.0	2379.187707753379	1	0	2	1.3663264237804555
55075.54653666763	2000.0	1158.2968842504993	0.0	0	0.0	2233.8434209180996	1	0	2	1.7250647707946747
55839.72807779559	2000.0	1394.115343122543	0.0	0	0.0	2233.843420918107	1	0	1	2.422295635237011
57240.94463472292	3000.0	992.8987861952173	0.0	0	0.0	2233.843420918114	1	0	1	2.825028189291093
58514.887023750045	3000.0	718.9563971680884	0.0	0	0.0	2233.843420918107	1	0	1	3.230493297399258
59254.17403932274	3000.0	979.669381595391	0.0	0	0.0	2233.843420918107	1	0	1	3.230493297399258
60149.29890432395	3000.0	1084.544516594176	0.0	0	0.0	2233.843420918107	1	0	1	3.230493297399258
61346.72167055411	3000.0	887.1217503640139	0.0	0	0.0	2233.843420918107	1	0	1	3.230493297399258
62135.16510277899	3000.0	1098.6783181391258	0.0	0	0.0	2233.843420918114	1	0	1	3.2304932973992577
62714.80270797663	3000.0	1519.0407129414778	0.0	0	0.0	2233.843420918114	1	0	1	3.2304932973992577
63377.65374341267	3000.0	1856.1896775054338	0.0	0	0.0	2233.843420918114	1	0	1	3.2304932973992577
64200.0	3000.0	2033.8434209181128	0.0	0	287.34928990725166	2233.843420918114	1	0	1	3.2304932973992577
65269.0997001458	3000.0	1964.743720772311	0.0	0	0.0	2233.843420918114	1	0	1	3.2304932973992577
66477.68096106286	3000.0	1756.1624598552642	0.0	0	0.0	2233.8434209181214	1	0	1	3.230493297399257
67659.54088374048	3000.0	1574.302537177638	0.0	0	0.0	2233.843420918114	1	0	1	3.2304932973992573
68452.82131533956	3000.0	1781.0221055785682	0.0	0	0.0	2233.843420918114	1	0	1	3.2304932973992577
69322.50310334373	2000.0	1911.3403175743936	0.0	0	0.0	2233.843420918114	1	0	1	2.216830527128846
70414.33735314173	2000.0	1819.5060677763922	0.0	0	0.0	2233.8434209181287	1	0	1	2.622295635237009
71239.9825930712	2000.0	1993.8608278469276	0.0	0	0.0	2233.8434209181432	1	0	1	2.622295635237008
72321.42344507958	2000.0	1912.4199758385616	0.0	0	0.0	2233.8434209181432	1	0	1	2.622295635237008
73247.14697658825	2000.0	1986.6964443298853	0.0	0	0.0	2233.8434209181432	1	0	1	2.622295635237008
74200.0	2000.0	2033.8434209181314	0.0	0	171.5845666123496	2233.8434209181287	1	0	1	2.622295635237009
75200.0	2000.0	2033.843420918116	0.0	0	248.09163661222556	2233.843420918114	1	0	1	2.622295635237011
76241.62985890839	3000.0	1992.2135620097233	0.0	0	0.0	2233.843420918114	1	0	1	2.825028189291093
77200.0	2000.0	2033.8434209181264	0.0	0	114.35940489932545	2233.843420918114	1	0	1	2.216830527128846
78528.71294188002	2000.0	1705.130479038112	0.0	0	0.0	2233.8434209181287	1	0	1	2.622295635237009
79863.1009992419	2000.0	1370.7424216762179	0.0	0	0.0	2233.8434209181287	1	0	1	2.622295635237009
80926.09063825099	2000.0	1307.7527826671371	0.0	0	0.0	2233.8434209181287	1	0	1	2.622295635237009
81638.79357726648	2000.0	1595.049843651655	0.0	0	0.0	2233.843420918114	1	0	1	2.622295635237011
82255.48246865987	2000.0	1978.3609522582556	0.0	0	0.0	2233.8434209181287	1	0	1	2.622295635237009
83222.10023143458	2000.0	2011.7431894835713	0.0	0	0.0	2233.8434209181287	1	0	1	2.622295635237009
84200.0	2000.0	2033.8434209181555	0.0	0	179.21981616088306	2233.8434209181432	1	0	1	2.622295635237008
85200.0	2000.0	1933.8434209181544	0.0	0	270.001696952997	2133.8434209181432	1	0	2	2.228667626387298
86200.0	2000.0	1933.843420918145	0.0	0	407.951451490575	2133.8434209181432	1	0	1	2.4322956352370078
87417.32610971772	2000.0	1716.5173112004256	0.0	0	0.0	2133.8434209181432	1	0	1	2.632295635237008
88200.0	1000.0	1933.8434209181428	0.0	0	28.229653166403295	2133.843420918158	1	0	1	0.8994276838371433
89507.49361925917	1000.0	1626.3498016589883	0.0	0	0.0	2133.843420918158	1	0	1	1.5925748643970885
90277.00568450267	1000.0	1856.8377364154983	0.0	0	0.0	2133.843420918158	1	0	1	1.5925748643970885
91200.0	1000.0	1933.8434209181676	0.0	0	236.4761210415454	2133.843420918158	1	0	1	1.5925748643970885
92200.0	1000.0	1933.8434209181542	0.0	0	563.503270732559	2133.843420918158	1	0	1	1.5925748643970885
93200.0	1000.0	1933.8434209181632	0.0	0	551.5425086326868	2133.843420918158	1	0	1	1.5925748643970885
94200.0	1000.0	1933.8434209181432	0.0	0	439.83089816381107	2133.8434209181432	1	0	1	1.5925748643970898
95200.0	1000.0	1933.843420918136	0.0	0	395.6570272508834	2133.843420918158	1	0	1	1.5925748643970885
96200.0	1000.0	1933.8434209181453	0.0	0	192.31221415978507	2133.8434209181723	1	0	1	1.5925748643970872
97482.67134652386	2000.0	1651.172074394285	0.0	0	0.0	2133.8434209181723	1	0	1	1.9391484546770594
98269.10960796155	2000.0	1864.7338129565824	0.0	0	0.0	2133.8434209181723	1	0	1	2.632295635237005
99431.32422951308	2000.0	1702.5191914050638	0.0	0	0.0	2133.8434209181723	1	0	1	2.632295635237005
100593.4542277426	2000.0	1540.389193175563	0.0	0	0.0	2133.8434209181723	1	0	1	2.632295635237005
101336.67163188031	2000.0	1797.171789037823	0.0	0	0.0	2133.8434209181723	1	0	1	2.632295635237005
102200.0	2000.0	1933.8434209181423	0.0	0	101.75051462437841	2133.8434209181723	1	0	1	2.632295635237005
103200.0	2000.0	1933.8434209181344	0.0	0	240.55649115935375	2133.843420918187	1	0	1	2.6322956352370035
104792.72936966136	2000.0	1341.1140512567572	0.0	0	0.0	2133.8434209181723	1	0	1	2.632295635237005
105803.53931039655	2000.0	1330.3041105215796	0.0	0	0.0	2133.843420918187	1	0	1	2.6322956352370035
106823.56740731643	2000.0	1310.27601360171	0.0	0	0.0	2133.843420918187	1	0	1	2.6322956352370035
108060.42776648699	3000.0	1073.4156544311559	0.0	0	0.0	2133.843420918187	1	0	1	2.8350281892910862
109222.96740565711	3000.0	910.8760152610544	0.0	0	0.0	2133.8434209182014	1	0	1	3.240493297399249
109834.74300872738	2000.0	1299.100412190786	0.0	0	0.0	2133.8434209182014	1	0	1	2.226830527128837
110415.02356506007	2000.0	1718.8198558580934	0.0	0	0.0	2133.8434209182014	1	0	1	2.6322956352370017
111200.0	2000.0	1933.8434209181564	0.0	0	97.89098766441748	2133.8434209182014	1	0	1	2.6322956352370017
112200.0	2000.0	1933.8434209181648	0.0	0	78.85813414512086	2133.8434209182014	1	0	1	2.6322956352370017
113473.26235202161	1000.0	1660.5810688965441	0.0	0	0.0	2133.843420918216	1	0	1	0.8994276838371376
114699.71547006677	2000.0	1434.1279508513817	0.0	0	0.0	2133.843420918216	1	0	1	1.9391484546770554
115686.08660016561	2000.0	1447.7568207525405	0.0	0	0.0	2133.843420918216	1	0	1	2.6322956352370004
116516.61183858616	2000.0	1617.231582331976	0.0	0	0.0	2133.843420918216	1	0	1	2.6322956352370004
117343.50067774836	2000.0	1790.3427431697944	0.0	0	0.0	2133.843420918216	1	0	1	2.6322956352370004
118218.58690243511	2000.0	1915.25651848307	0.0	0	0.0	2133.843420918216	1	0	1	2.6322956352370004
119215.22210881443	2000.0	1918.6213121037497	0.0	0	0.0	2133.843420918216	1	0	1	2.6322956352370004
120628.09723483499	2000.0	1364.4586734811392	0.0	0	0.0	1992.5559083161643	1	0	2	2.242983473241694
121778.49854315438	3000.0	1214.0573651617674	0.0	0	0.0	1992.5559083161643	1	0	1	2.649156940551288
122872.48221644526	3000.0	1120.073691870877	0.0	0	0.0	1992.5559083161788	1	0	1	3.254622048659451
123779.18322672199	3000.0	1213.3726815941566	0.0	0	0.0	1992.5559083161788	1	0	1	3.254622048659451
124559.08691239664	3000.0	1433.4689959194955	0.0	0	0.0	1992.5559083161788	1	0	1	3.254622048659451
125381.69915672111	3000.0	1610.8567515950178	0.0	0	0.0	1992.5559083161788	1	0	1	3.254622048659451
126200.0	3000.0	1792.5559083161259	0.0	0	99.33079733076738	1992.5559083161788	1	0	1	3.254622048659451
127200.0	3000.0	1792.5559083161381	0.0	0	183.4343070723844	1992.5559083161788	1	0	1	3.254622048659451
128200.0	3000.0	1792.5559083161363	0.0	0	189.61909016581194	1992.5559083161788	1	0	1	3.254622048659451
129200.0	3000.0	1792.5559083161436	0.0	0	18.2847235219524	1992.5559083161934	1	0	1	3.2546220486594497
130213.88859495224	3000.0	1778.6673133639	0.0	0	0.0	1992.5559083161934	1	0	1	3.2546220486594497
131254.92556137804	2000.0	1737.6303469381007	0.0	0	0.0	1992.5559083161788	1	0	1	2.2409592783890386
132200.0	2000.0	1792.5559083161556	0.0	0	119.28092635810026	1992.5559083161934	1	0	1	2.6464243864972037
133200.0	2000.0	1792.5559083161402	0.0	0	349.39759835088626	1992.5559083161643	1	0	1	2.646424386497205
134262.03179183387	3000.0	1730.524116482295	0.0	0	0.0	1992.5559083161643	1	0	1	2.849156940551288
135287.8272757016	3000.0	1704.728632614591	0.0	0	0.0	1992.5559083161643	1	0	1	3.254622048659453
136200.0	1000.0	1792.5559083161959	0.0	0	124.44857930621947	1992.5559083161643	1	0	1	0.508091326989178
137200.0	1000.0	1792.555908316216	0.0	0	198.41824058900238	1992.5559083161643	1	0	1	1.6067036156572878
138323.60302763735	1000.0	1668.9528806788717	0.0	0	0.0	1992.5559083161643	1	0	1	1.6067036156572878
139200.0	1000.0	1792.5559083162327	0.0	0	210.44324965335545	1992.5559083161643	1	0	1	1.6067036156572878
140200.0	1000.0	1792.5559083162618	0.0	0	361.7365619475604	1992.5559083161643	1	0	1	1.6067036156572878
141200.0	1000.0	1792.5559083162543	0.0	0	308.2927225883759	1992.5559083161643	1	0	1	1.6067036156572878
142200.0	1000.0	1792.5559083162477	0.0	0	415.8864549466525	1992.5559083161643	1	0	1	1.6067036156572878
143200.0	1000.0	1792.5559083162539	0.0	0	425.59566460741917	1992.5559083161352	1	0	1	1.606703615657291
144200.0	1000.0	1792.5559083162477	0.0	0	132.26937176231877	1992.5559083161352	1	0	1	1.606703615657291
145200.0	1000.0	1792.5559083162277	0.0	0	4.224338267784333	1992.555908316106	1	0	1	1.6067036156572936
146200.0	1000.0	1792.555908316237	0.0	0	115.84209676415776	1992.555908316106	1	0	1	1.6067036156572936
147200.0	1000.0	1792.5559083162354	0.0	0	463.04237354174256	1992.555908316106	1	0	1	1.6067036156572936
148357.54830345296	1000.0	1635.0076048632698	0.0	0	0.0	1992.555908316106	1	0	1	1.6067036156572936
149281.34887358113	1000.0	1711.2070347350693	0.0	0	0.0	1992.555908316077	1	0	1	1.6067036156572967
150200.0	1000.0	1792.5559083162163	0.0	0	32.98642496188404	1992.5559083160479	1	0	1	1.6067036156572994
151200.0	1000.0	1792.5559083162148	0.0	0	539.3164571824891	1992.5559083160479	1	0	1	1.6067036156572994
152200.0	1000.0	1792.5559083161884	0.0	0	360.92982790386304	1992.5559083160479	1	0	1	1.6067036156572994
153200.0	2000.0	1692.5559083161854	0.0	0	28.105380857217824	1892.5559083160479	1	0	2	1.560501200085885
154200.0	2000.0	1692.5559083161825	0.0	0	48.592969443125185	1892.5559083160479	1	0	1	2.4564243864972175
155200.0	2000.0	1692.5559083161581	0.0	0	210.07674965879414	1892.5559083160188	1	0	1	2.6564243864972203
156200.0	2000.0	1692.5559083161656	0.0	0	171.8094713234168	1892.5559083160479	1	0	1	2.6564243864972177
157200.0	2000.0	1692.5559083161597	0.0	0	198.33882727572927	1892.5559083160188	1	0	1	2.6564243864972203
158200.0	2000.0	1692.5559083161463	0.0	0	382.5030258773477	1892.5559083159897	1	0	1	2.656424386497223
159200.0	2000.0	1692.5559083161263	0.0	0	245.37512947857613	1892.5559083159897	1	0	1	2.656424386497223
160200.0	2000.0	1692.5559083161222	0.0	0	94.37248021707637	1892.5559083159897	1	0	1	2.656424386497223
161639.20615713962	2000.0	1253.3497511764742	0.0	0	0.0	1892.5559083159606	1	0	1	2.6564243864972257
162614.96893377387	2000.0	1277.5869745422401	0.0	0	0.0	1892.5559083159606	1	0	1	2.6564243864972257
163502.67158919186	2000.0	1389.8843191242486	0.0	0	0.0	1892.5559083159606	1	0	1	2.6564243864972257
164644.28482796822	2000.0	1248.2710803478926	0.0	0	0.0	1892.5559083159897	1	0	1	2.656424386497224
165791.34184358967	2000.0	1101.214064726437	0.0	0	0.0	1892.5559083159897	1	0	1	2.656424386497223
166792.60854608883	2000.0	1099.9473622272926	0.0	0	0.0	1892.5559083159606	1	0	1	2.6564243864972257
167898.22181401832	2000.0	994.3340942977691	0.0	0	0.0	1892.5559083159606	1	0	1	2.6564243864972257
169055.83933306532	2000.0	836.7165752507843	0.0	0	0.0	1892.5559083159314	1	0	1	2.6564243864972292
169613.4337555982	2000.0	1279.1221527179173	0.0	0	0.0	1892.5559083159606	1	0	1	2.6564243864972257
170469.82434504523	2000.0	1422.7315632708849	0.0	0	0.0	1892.5559083159606	1	0	1	2.6564243864972257
171200.0	2000.0	1692.5559083161147	0.0	0	4.525660010112915	1892.5559083159897	1	0	1	2.656424386497223
172898.7733659607	3000.0	993.7825423554119	0.0	0	0.0	1892.5559083159897	1	0	1	2.8591569405513058
173517.56059614255	2000.0	1374.9953121735236	0.0	0	0.0	1892.5559083159606	1	0	1	2.2509592783890606
174356.1703948872	2000.0	1536.385513428877	0.0	0	0.0	1892.5559083159606	1	0	1	2.6564243864972283
175503.66855795757	2000.0	1388.8873503585146	0.0	0	0.0	1892.5559083159897	1	0	1	2.656424386497225
177057.10897283012	2000.0	835.446935485974	0.0	0	0.0	1892.5559083159897	1	0	1	2.656424386497223
177757.01245808796	2000.0	1135.5434502281068	0.0	0	0.0	1892.5559083159897	1	0	1	2.656424386497223
178470.6673881481	2000.0	1421.8885201679623	0.0	0	0.0	1892.5559083159897	1	0	1	2.656424386497223
179266.6965211617	3000.0	1625.8593871543662	0.0	0	0.0	1892.5559083159897	1	0	1	2.8591569405513058
180315.31144444094	3000.0	1577.2444638751033	0.0	0	0.0	1892.5559083159606	1	0	1	3.264622048659473
181200.0	2000.0	1692.5559083160176	0.0	0	463.9887890131213	1892.5559083159606	1	0	1	2.250959278389061
182239.30496134	2000.0	1653.2509469760128	0.0	0	0.0	1892.5559083159606	1	0	1	2.6564243864972257
183557.84862546515	2000.0	1334.7072828508385	0.0	0	0.0	1892.5559083159314	1	0	1	2.6564243864972292
184995.23914056958	2000.0	897.3167677463845	0.0	0	0.0	1892.5559083159606	1	0	1	2.6564243864972257
185971.32027834296	2000.0	921.2356299730435	0.0	0	0.0	1892.5559083159606	1	0	1	2.6564243864972257
186675.16917116268	2000.0	1217.3867371533415	0.0	0	0.0	1892.5559083159606	1	0	1	2.6564243864972257
187385.63375676848	1000.0	1506.9221515475524	0.0	0	0.0	1892.5559083159606	1	0	1	0.9235564350973632
188200.0	1000.0	1692.5559083160415	0.0	0	209.6560594723269	1892.5559083159897	1	0	1	1.6167036156573054
189217.21607820768	1000.0	1675.3398301083967	0.0	0	0.0	1892.5559083159897	1	0	1	1.6167036156573054
190209.05222032542	1000.0	1683.5036879906734	0.0	0	0.0	1892.5559083159606	1	0	1	1.6167036156573085
191200.0	1000.0	1692.5559083160983	0.0	0	453.6205219995172	1892.5559083159606	1	0	1	1.6167036156573085
192200.0	1000.0	1692.5559083161072	0.0	0	676.7609607094782	1892.5559083159314	1	0	1	1.6167036156573111
193200.0	2000.0	1692.5559083161238	0.0	0	390.40006074422854	1892.5559083159314	1	0	1	1.963277205937284
194200.0	1000.0	1692.5559083161143	0.0	0	572.6637601307884	1892.5559083159314	1	0	1	0.923556435097366
195200.0	2000.0	1692.5559083160974	0.0	0	227.36439050998888	1892.5559083159023	1	0	1	1.963277205937287
196555.36268009647	3000.0	1337.1932282196328	0.0	0	0.0	1892.5559083158732	1	0	1	2.8591569405513173
197200.0	1000.0	1692.5559083161015	0.0	0	202.1157777569024	1892.5559083158732	1	0	1	0.5180913269892071
198376.48910682334	1000.0	1516.0668014927567	0.0	0	0.0	1892.5559083158732	1	0	1	1.616703615657317
200064.66741876697	1000.0	827.8884895491315	0.0	0	0.0	1892.5559083158732	1	0	1	1.616703615657317
200526.89035424535	500.0	1365.6655540707352	0.0	0	0.0	1892.5559083159023	1	0	1	-0.11616433574254953
201237.23605719235	1000.0	1655.3198511237088	0.0	0	0.0	1892.5559083159023	1	0	1	0.9235564350973688
202200.0	1000.0	1692.555908316056	0.0	0	223.63582100262283	1892.5559083158732	1	0	1	1.616703615657317
203200.0	1000.0	1692.5559083160322	0.0	0	361.6406947943033	1892.5559083158441	1	0	1	1.61670361565732
204296.02281343515	2000.0	1486.9308135373628	0.0	0	0.0	1782.953626972303	1	0	2	1.5714491291736898
205200.0	2000.0	1582.9536269725113	0.0	0	240.92420978177688	1782.953626972303	1	0	1	2.4673846146315914
206200.0	2000.0	1582.9536269725008	0.0	0	308.9139485293417	1782.9536269723321	1	0	1	2.667384614631589
207200.0	2000.0	1582.953626972502	0.0	0	267.7659042251471	1782.9536269723321	1	0	1	2.667384614631589
208200.0	3000.0	1582.9536269725015	0.0	0	179.32885945649468	1782.953626972303	1	0	1	2.870117168685674
209305.98661658107	3000.0	1476.967010391444	0.0	0	0.0	1782.953626972303	1	0	1	3.2755822767938385
210500.25295069168	3000.0	1282.7006762808387	0.0	0	0.0	1782.953626972303	1	0	1	3.2755822767938385
211487.43451650254	3000.0	1295.519110469976	0.0	0	0.0	1782.953626972303	1	0	1	3.2755822767938367
212303.40699811513	3000.0	1479.5466288573873	0.0	0	0.0	1782.953626972303	1	0	1	3.2755822767938385
213200.0	3000.0	1582.953626972465	0.0	0	169.20118004866526	1782.953626972303	1	0	1	3.2755822767938385
214200.0	3000.0	1582.9536269724558	0.0	0	26.578699196339585	1782.953626972303	1	0	1	3.2755822767938385
215452.2344977746	3000.0	1330.7191291978809	0.0	0	0.0	1782.953626972274	1	0	1	3.275582276793842
216200.0	3000.0	1582.953626972481	0.0	0	60.98832645636867	1782.953626972274	1	0	1	3.275582276793842
217200.0	3000.0	1582.9536269724967	0.0	0	26.708423040166963	1782.9536269722448	1	0	1	3.2755822767938447
218268.8480813771	3000.0	1514.1055455953765	0.0	0	0.0	1782.9536269722448	1	0	1	3.2755822767938447
219594.46982972042	2000.0	1188.483797252111	0.0	0	0.0	1782.9536269722448	1	0	1	2.261919506523433
220461.84722708556	2000.0	1321.1063998870127	0.0	0	0.0	1782.9536269722448	1	0	1	2.667384614631598
221549.25088195634	2000.0	1233.7027450162373	0.0	0	0.0	1782.9536269722448	1	0	1	2.667384614631598
222243.06720119828	2000.0	1539.886425774321	0.0	0	0.0	1782.9536269722448	1	0	1	2.667384614631598
223200.0	2000.0	1582.953626972597	0.0	0	326.24371817402425	1782.9536269722448	1	0	1	2.667384614631598
224200.0	2000.0	1582.9536269725618	0.0	0	224.6054024483601	1782.953626972274	1	0	1	2.6673846146315947
225200.0	2000.0	1582.9536269725486	0.0	0	536.7963939178153	1782.953626972303	1	0	1	2.6673846146315916
226947.28173752915	3000.0	835.6718894433616	0.0	0	0.0	1782.953626972303	1	0	1	2.8701171686856726
228379.8648048918	2000.0	403.08882208066854	0.0	0	0.0	1782.953626972274	1	0	1	2.2619195065234274
229512.76004884247	2000.0	458.9362198087954	188.7426416787677	0	0.0	1971.6962686510524	1	0	1	1.5160545003911108
230339.45488808805	2000.0	632.24138056323	0.0	0	0.0	1971.6962686510524	1	0	1	2.648510350463717
230916.92186128703	2000.0	1054.7744073642516	0.0	0	0.0	1971.6962686510524	1	0	1	2.648510350463717
231924.65931529814	2000.0	1047.036953353145	0.0	0	0.0	1971.6962686510524	1	0	1	2.648510350463717
232922.75203671266	2000.0	1048.9442319386342	0.0	0	0.0	1971.6962686510524	1	0	1	2.648510350463717
233894.43074981787	2000.0	1077.2655188334136	0.0	0	0.0	1971.6962686510524	1	0	1	2.648510350463717
234693.85341475604	2000.0	1277.8428538952369	0.0	0	0.0	1971.6962686510524	1	0	1	2.648510350463717
235266.31173871452	2000.0	1705.384529936736	0.0	0	0.0	1971.6962686510233	1	0	1	2.6485103504637197
236200.0	2000.0	1771.6962686512338	0.0	0	237.76669542572927	1971.6962686510233	1	0	1	2.6485103504637197
237933.29852634986	2000.0	1038.3977423014048	0.0	0	0.0	1971.6962686510233	1	0	1	2.6485103504637197
238662.60517046685	1000.0	1309.0910981844356	0.0	0	0.0	1971.6962686510233	1	0	1	0.9156423990638567
239528.68992606804	1000.0	1443.0063425832698	0.0	0	0.0	1971.6962686510233	1	0	1	1.6087895796238019
240271.86115405106	1000.0	1699.8351146002497	0.0	0	0.0	1971.6962686510233	1	0	1	1.6087895796238019
241200.0	1000.0	1771.696268651305	0.0	0	515.675857316266	1971.6962686509942	1	0	1	1.608789579623805
242200.0	1000.0	1771.6962686512863	0.0	0	580.1917549832433	1971.6962686509942	1	0	1	1.608789579623805
243200.0	1000.0	1771.6962686512989	0.0	0	488.02337780973176	1971.696268650965	1	0	1	1.6087895796238079
244200.0	1000.0	1771.6962686512852	0.0	0	43.477786534727784	1971.6962686509942	1	0	1	1.608789579623805
245200.0	1000.0	1771.6962686512786	0.0	0	192.18412830738816	1971.696268650965	1	0	1	1.6087895796238079
246200.0	1000.0	1771.6962686512754	0.0	0	375.4818468853482	1971.696268650965	1	0	1	1.6087895796238079
247200.0	1000.0	1771.6962686512745	0.0	0	465.4295437122055	1971.696268650965	1	0	1	1.6087895796238079
248527.02581744455	2000.0	1444.6704512067388	0.0	0	0.0	1971.6962686509942	1	0	1	1.9553631699037792
249200.0	1000.0	1771.6962686513073	0.0	0	227.58681757724844	1971.6962686509942	1	0	1	0.9156423990638598
250200.0	2000.0	1771.6962686513123	0.0	0	78.16322839970235	1971.6962686510233	1	0	1	1.9553631699037746
251200.0	2000.0	1771.6962686513373	0.0	0	131.6788769204286	1971.6962686510524	1	0	1	2.648510350463717
252416.5457742097	2000.0	1555.150494441631	0.0	0	0.0	1971.6962686510815	1	0	1	2.648510350463714
253821.93737048787	2000.0	1149.7588981634508	0.0	0	0.0	1971.6962686510815	1	0	1	2.648510350463714
254830.8109591543	2000.0	1140.8853094970355	0.0	0	0.0	1971.6962686510815	1	0	1	2.648510350463714
255740.2421248077	2000.0	1231.4541438436327	0.0	0	0.0	1971.6962686510524	1	0	1	2.648510350463717
256550.59877059548	2000.0	1421.0974980558574	0.0	0	0.0	1971.6962686510524	1	0	1	2.648510350463717
257374.45392965933	3000.0	1597.2423389920114	0.0	0	0.0	1971.6962686510815	1	0	1	2.8512429045177985
258200.0	3000.0	1771.6962686513361	0.0	0	11.264358078333316	1971.6962686510815	1	0	1	3.2567080126259613
259200.0	3000.0	1771.6962686513564	0.0	0	344.59558344379184	1971.6962686510815	1	0	1	3.2567080126259613
260248.99589749944	3000.0	1722.70037115193	0.0	0	0.0	1971.6962686510815	1	0	1	3.2567080126259613
262362.0047445856	3000.0	609.6915240657735	0.0	0	0.0	1971.6962686511106	1	0	1	3.256708012625959
263235.76594457246	1000.0	735.9303240788929	0.0	0	0.0	1971.6962686510815	1	0	1	0.5101772909556845
263910.05794297945	1000.0	1061.6383256719496	0.0	0	0.0	1971.6962686511397	1	0	1	1.6087895796237914
264495.8415892676	1000.0	1475.8546793838195	0.0	0	0.0	1971.6962686511688	1	0	1	1.6087895796237874
265340.23337220494	2000.0	1631.4628964464896	0.0	0	0.0	1971.6962686511688	1	0	1	1.9553631699037601
266200.0	2000.0	1771.6962686513982	0.0	0	17.69933593465248	1971.6962686511688	1	0	1	2.648510350463705
267200.0	2000.0	1771.6962686514048	0.0	0	281.86962937703356	1971.6962686511688	1	0	1	2.648510350463705
268200.0	2000.0	1771.696268651371	0.0	0	122.90995571995154	1971.6962686511688	1	0	1	2.648510350463705
269200.0	2000.0	1771.6962686513723	0.0	0	122.51986800529994	1971.6962686511106	1	0	1	2.648510350463711
270200.0	2000.0	1771.6962686513743	0.0	0	258.43154717830475	1971.6962686511106	1	0	1	2.648510350463711
271200.0	2000.0	1771.6962686513866	0.0	0	354.3191567483591	1971.6962686511106	1	0	1	2.648510350463711
272200.0	2000.0	1771.6962686513523	0.0	0	282.6596492754179	1971.6962686511106	1	0	1	2.648510350463711
273200.0	2000.0	1771.6962686513643	0.0	0	463.875025368412	1971.6962686511106	1	0	1	2.648510350463711
274200.0	3000.0	1771.6962686513498	0.0	0	127.96552368928678	1971.6962686511106	1	0	1	2.851242904517793
275206.7187557683	3000.0	1764.977512882999	0.0	0	0.0	1971.6962686510524	1	0	1	3.256708012625964
276200.0	3000.0	1771.6962686513302	0.0	0	273.3174251400633	1971.6962686510524	1	0	1	3.256708012625964
277200.0	3000.0	1771.6962686512868	0.0	0	326.9291351114516	1971.6962686510524	1	0	1	3.256708012625964
278200.0	3000.0	1771.6962686512702	0.0	0	4.548078291874845	1971.6962686511106	1	0	1	3.2567080126259578
279836.2204163057	3000.0	1135.4758523455791	0.0	0	0.0	1971.6962686511106	1	0	1	3.2567080126259578
280795.13337824657	2000.0	1176.5628904047758	0.0	0	0.0	1971.6962686511106	1	0	1	2.2430452423555463
281400.39499250846	2000.0	1571.3012761428213	0.0	0	0.0	1971.6962686510524	1	0	1	2.6485103504637135
282200.0	2000.0	1771.6962686512877	0.0	0	262.3847813368775	1971.6962686510524	1	0	1	2.648510350463717
283200.0	2000.0	1771.6962686512366	0.0	0	368.1084722461528	1971.6962686510524	1	0	1	2.648510350463717
284200.0	2000.0	1771.6962686512645	0.0	0	210.8215591229964	1971.6962686510524	1	0	1	2.648510350463717
286098.904525753	2000.0	872.7917428982273	0.0	0	0.0	1971.6962686509942	1	0	1	2.64851035046372
287145.6877797677	1000.0	826.0084888834639	0.0	0	0.0	1971.696268650936	1	0	1	0.9156423990638656
288035.3420544302	1000.0	936.3542142208878	0.0	0	0.0	1971.6962686508778	1	0	1	1.6087895796238167
288595.5650606485	1000.0	1376.1312080026603	0.0	0	0.0	1971.6962686508778	1	0	1	1.6087895796238167
289200.0	1000.0	1771.6962686511492	0.0	0	27.750998682924546	1971.6962686508778	1	0	1	1.6087895796238167
290200.0	1000.0	1771.6962686512163	0.0	0	296.80097618472064	1971.6962686508778	1	0	1	1.6087895796238167
291200.0	1000.0	1771.6962686512154	0.0	0	254.76179454417434	1971.6962686508778	1	0	1	1.6087895796238167
292200.0	1000.0	1771.6962686512645	0.0	0	426.6447129281005	1971.6962686508778	1	0	1	1.6087895796238167
293200.0	1000.0	1771.6962686512397	0.0	0	67.42441661236808	1971.6962686508778	1	0	1	1.6087895796238167
294200.0	1000.0	1771.6962686511963	0.0	0	363.2923374288366	1971.6962686508778	1	0	1	1.6087895796238167
295261.4203015772	1000.0	1710.2759670739408	0.0	0	0.0	1971.6962686508195	1	0	1	1.6087895796238225
296200.0	1000.0	1771.6962686510954	0.0	0	32.672985753568355	1971.6962686508195	1	0	1	1.6087895796238225
297200.0	1000.0	1771.6962686510797	0.0	0	221.99565748026362	1971.6962686508195	1	0	1	1.6087895796238225
298200.0	1000.0	1771.6962686510649	0.0	0	145.38702631054912	1971.6962686508778	1	0	1	1.6087895796238167
299808.4247478961	2000.0	1163.2715207549784	0.0	0	0.0	1971.6962686508778	1	0	1	1.955363169903789
300857.82134656317	2000.0	1113.874922087882	0.0	0	0.0	1971.6962686508778	1	0	1	2.6485103504637344
2.14	1.91	1.91	2.42	2.98	3.15	2.17	1.22	1.63	2.06	2.33	2.34	2.26	1.91	1.81	2.32	2.92	3.09	2.07	2.5	3.09	2.15	1.41	1.99	2.78	3.22	3.81	3.9	1.77	1.37	1.98	1.85	2.37	2.07	1.54	1.16	0.9	2.35	2.97	2.95	2.77	2.48	3.13	2.06	0.83	0.89	0.71	1.15	1.15	1.73	1.71	2.32	2.5	2.46	3.13	3.08	3.29	3.65	4.08	4.83	3.73	2.84	3.43	3.28	2.59	1.95	2.19	2.48	2.44	2.86	3.5	3.72	2.2	2.02	1.48	2.15	2.78	3.39	2.46	2.27	2.51	3.06	2.36	1.38	0.95	1.3	1.88	2.4	2.47	2.12	1.26	1.42	1.25	1.95	1.99	2.05	2.65	3.1	2.41	1.45	1.91	2.46	2.99	3.53	3.45	3.67	3.92	1.56	0.97	1.47	1.66	2.27	2.85	2.65	2.06	1.82	2.12	2.66	2.73	3.1	3.5	3.92	3.74	4.17	3.2	2.44	2.22	2.68	3.29	3.8	3.38	1.36	0.95	1.25	1.17	1.55	1.63	1.38	1.59	1.15	1.3	1.1	1.48	0.95	0.96	1.49	2.09	2.1	2.63	2.71	2.14	1.91	1.91	2.42	2.98	3.15	2.17	1.22	1.63	2.06	2.33	2.34	2.26	1.91	1.81	2.32	2.92	3.09	2.07	2.5	3.09	2.15	1.41	1.99	2.78	3.22	3.81	3.9	1.77	1.37	1.98	1.85	2.37	2.07	1.54	1.16	0.9	2.35	2.97	2.95	2.77	2.48	3.13	2.06	0.83	0.89	0.71	1.15	1.15	1.73	1.71	2.32	2.5	2.46	3.13	3.08	3.29	3.65	4.08	4.83	3.73	2.84	3.43	3.28	2.59	1.95	2.19	2.48	2.44	2.86	3.5	3.72	2.2	2.02	1.48	2.15	2.78	3.39	2.46	2.27	2.51	3.06	2.36	1.38	0.95	1.3	1.88	2.4	2.47	2.12	1.26	1.42	1.25	1.95	1.99	2.05	2.65	3.1	2.41	1.45	1.91	2.46	2.99	3.53	3.45	3.67	3.92	1.56	0.97	1.47	1.66	2.27	2.85	2.65	2.06	1.82	2.12	2.66	2.73	3.1	3.5	3.92	3.74	4.17	3.2	2.44	2.22	2.68	3.29	3.8	3.38	1.36	0.95	1.25	1.17	1.55	1.63	1.38	1.59	1.15	1.3	1.1	1.48	0.95	0.96	1.49	2.09	2.1	2.63	2.71
1.0	2.0	3.0	4.0	5.0	6.0	7.0	8.0	9.0	10.0	11.0	12.0	13.0	14.0	15.0	16.0	17.0	18.0	19.0	20.0	21.0	22.0	23.0	24.0	25.0	26.0	27.0	28.0	29.0	30.0	31.0	32.0	33.0	34.0	35.0	36.0	37.0	38.0	39.0	40.0	41.0	42.0	43.0	44.0	45.0	46.0	47.0	48.0	49.0	50.0	51.0	52.0	53.0	54.0	55.0	56.0	57.0	58.0	59.0	60.0	61.0	62.0	63.0	64.0	65.0	66.0	67.0	68.0	69.0	70.0	71.0	72.0	73.0	74.0	75.0	76.0	77.0	78.0	79.0	80.0	81.0	82.0	83.0	84.0	85.0	86.0	87.0	88.0	89.0	90.0	91.0	92.0	93.0	94.0	95.0	96.0	97.0	98.0	99.0	100.0	101.0	102.0	103.0	104.0	105.0	106.0	107.0	108.0	109.0	110.0	111.0	112.0	113.0	114.0	115.0	116.0	117.0	118.0	119.0	120.0	121.0	122.0	123.0	124.0	125.0	126.0	127.0	128.0	129.0	130.0	131.0	132.0	133.0	134.0	135.0	136.0	137.0	138.0	139.0	140.0	141.0	142.0	143.0	144.0	145.0	146.0	147.0	148.0	149.0	149.0	150.0	151.0	152.0	153.0	154.0	155.0	156.0	157.0	158.0	159.0	160.0	161.0	162.0	163.0	164.0	165.0	166.0	167.0	168.0	169.0	170.0	171.0	172.0	173.0	174.0	175.0	176.0	177.0	178.0	179.0	180.0	181.0	182.0	183.0	184.0	185.0	186.0	187.0	188.0	189.0	190.0	191.0	192.0	193.0	194.0	195.0	196.0	197.0	198.0	199.0	200.0	201.0	202.0	203.0	204.0	205.0	206.0	207.0	208.0	209.0	210.0	211.0	212.0	213.0	214.0	215.0	216.0	217.0	218.0	219.0	220.0	221.0	222.0	223.0	224.0	225.0	226.0	227.0	228.0	229.0	230.0	231.0	232.0	233.0	234.0	235.0	236.0	237.0	238.0	239.0	240.0	241.0	242.0	243.0	244.0	245.0	246.0	247.0	248.0	249.0	250.0	251.0	252.0	253.0	254.0	255.0	256.0	257.0	258.0	259.0	260.0	261.0	262.0	263.0	264.0	265.0	266.0	267.0	268.0	269.0	270.0	271.0	272.0	273.0	274.0	275.0	276.0	277.0	278.0	279.0	280.0	281.0	282.0	283.0	284.0	285.0	286.0	287.0	288.0	289.0	290.0	291.0	292.0	293.0	294.0	295.0	296.0	297.0	298.0	298.0
4268.994954656605
