4135.876563611844	300.0	2000.0	176.78531913700056	0	0.0	4135.876563611844	1	0	1	-1.4707543133072605
4521.7179381399	1000.0	2614.158625471943	0.0	0	0.0	4135.876563611843	1	0	1	0.18839874580178367
5053.455236334736	1000.0	3082.4213272771076	0.0	0	0.0	4135.876563611843	1	0	1	1.39237155012772
5558.986673783973	1000.0	3576.889889827871	0.0	0	0.0	4135.876563611844	1	0	1	1.3923715501277198
6247.921007652312	2000.0	3887.955555959531	0.0	0	0.0	4135.876563611844	1	0	1	1.7389451404076923
7200.0	2000.0	3935.8765636118437	0.0	0	26.06305655855067	4135.876563611844	1	0	1	2.4320923209676377
8600.325706521839	2000.0	3395.518286437821	0.0	0	0.0	3995.8439929596598	1	0	2	2.0415665341014635
9311.416852630982	1000.0	3613.3180257177632	0.0	0	0.0	3924.734878348746	1	0	2	0.5183753031328467
11181.895197097414	2000.0	2555.7918468046882	0.0	0	0.0	3737.687043902104	1	0	2	1.5741847964141829
11957.836926625841	1000.0	2702.2559443234177	0.0	0	0.0	3660.09287094926	1	0	2	0.5447367636387459
13303.142928545738	2000.0	2356.949942403521	0.0	0	0.0	3660.09287094926	1	0	1	1.5865235096739507
14798.357796190225	2000.0	1861.7350747590353	0.0	0	0.0	3660.09287094926	1	0	1	2.4796706902338963
16333.209786420442	3000.0	1326.8830845288173	0.0	0	0.0	3660.09287094926	1	0	1	2.6824032442879786
17450.674062840782	3000.0	1209.4188081084787	0.0	0	0.0	3660.092870949262	1	0	1	3.087868352396143
18061.402877104163	3000.0	1598.6899938451002	0.0	0	0.0	3660.0928709492637	1	0	1	3.0878683523961428
19099.14986027622	3000.0	1560.9430106730467	0.0	0	0.0	3660.0928709492655	1	0	1	3.0878683523961428
20053.26327736864	2000.0	1606.8295935806289	0.0	0	0.0	3660.0928709492655	1	0	1	2.074205582125731
21258.01235812687	2000.0	1402.0805128223958	0.0	0	0.0	3660.0928709492655	1	0	1	2.4796706902338954
21935.916927310067	2000.0	1724.1759436391994	0.0	0	0.0	3660.0928709492655	1	0	1	2.4796706902338954
22789.71881306538	3000.0	1870.3740578838826	0.0	0	0.0	3660.0928709492655	1	0	1	2.682403244287978
23786.680099374786	3000.0	1873.412771574479	0.0	0	0.0	3660.0928709492655	1	0	1	3.0878683523961428
24330.965112659178	3000.0	2329.127758290084	0.0	0	0.0	3660.0928709492655	1	0	1	3.0878683523961428
24884.679074922085	3000.0	2775.4137960271755	0.0	0	0.0	3660.092870949262	1	0	1	3.087868352396143
25549.919619716482	3000.0	3110.173251232783	0.0	0	0.0	3660.092870949262	1	0	1	3.087868352396143
26365.611821276383	3000.0	3294.4810496728787	0.0	0	0.0	3660.092870949262	1	0	1	3.087868352396143
27890.24403459496	2000.0	2617.3856150224456	0.0	0	0.0	3507.6296496174036	1	0	2	1.6849613842345874
29086.365185715582	2000.0	2421.2644639018226	0.0	0	0.0	3507.6296496174036	1	0	1	2.2949170123670815
29656.64018415611	1000.0	2850.989465461295	0.0	0	0.0	3507.6296496174073	1	0	1	0.7620490609672184
30638.912013221943	1000.0	2868.717636395465	0.0	0	0.0	3507.6296496174036	1	0	1	1.455196241527164
31558.47148643977	1000.0	2949.158163177637	0.0	0	0.0	3507.6296496174036	1	0	1	1.455196241527164
32853.59955716974	2000.0	2654.030092447666	0.0	0	0.0	3507.6296496174073	1	0	1	1.8017698318071362
33788.28803735658	2000.0	2719.3416122608287	0.0	0	0.0	3507.6296496174073	1	0	1	2.494917012367081
35074.50424734927	2000.0	2433.12540226814	0.0	0	0.0	3507.6296496174145	1	0	1	2.4949170123670807
36451.70430120244	2000.0	1918.2053430296667	0.0	0	0.0	3369.9096442321097	1	0	2	2.1054006452210032
37662.683897362396	2000.0	1707.2257468697032	0.0	0	0.0	3369.9096442321097	1	0	1	2.308689012905611
39331.6664629326	2000.0	1038.2431812994978	0.0	0	0.0	3369.9096442321024	1	0	1	2.5086890129056116
40013.75501828617	1000.0	1356.15462594592	0.0	0	0.0	3369.9096442321024	1	0	1	0.7758210615057489
41152.22596827037	2000.0	1217.683675961722	0.0	0	0.0	3369.9096442321024	1	0	1	1.8155418323456665
42024.95677399144	2000.0	1344.9528702406585	0.0	0	0.0	3369.9096442321024	1	0	1	2.5086890129056125
42808.324226414225	2000.0	1561.5854178178772	0.0	0	0.0	3369.9096442321024	1	0	1	2.5086890129056116
43467.51807744882	2000.0	1902.391566783287	0.0	0	0.0	3369.9096442321097	1	0	1	2.508689012905611
44102.39997058968	2000.0	2267.5096736424293	0.0	0	0.0	3369.9096442321097	1	0	1	2.508689012905611
45083.055571214114	3000.0	2286.8540730179893	0.0	0	0.0	3369.9096442321097	1	0	1	2.7114215669596935
46128.931867722924	3000.0	2240.9777765091785	0.0	0	0.0	3369.9096442321097	1	0	1	3.116886675067858
46823.14044447621	2000.0	2546.7691997558913	0.0	0	0.0	3369.9096442321097	1	0	1	2.1032239047974466
48046.9873951586	2000.0	2322.9222490734933	0.0	0	0.0	3369.9096442321097	1	0	1	2.508689012905611
49252.45049377075	2000.0	2117.459150461336	0.0	0	0.0	3369.9096442321097	1	0	1	2.508689012905611
50579.08467404037	2000.0	1790.8249701917239	0.0	0	0.0	3369.909644232117	1	0	1	2.5086890129056103
51431.293086780024	2000.0	1938.6165574520664	0.0	0	0.0	3369.909644232117	1	0	1	2.5086890129056103
52241.54550103335	2000.0	2128.3641431987444	0.0	0	0.0	3369.909644232117	1	0	1	2.5086890129056103
53384.70592006589	3000.0	1985.2037241662047	0.0	0	0.0	3369.9096442321243	1	0	1	2.711421566959692
54187.418596704854	3000.0	2182.49104752724	0.0	0	0.0	3369.9096442321243	1	0	1	3.1168866750678568
54738.794499941396	2000.0	2631.1151442907053	0.0	0	0.0	3369.9096442321315	1	0	1	2.1032239047974444
56319.635926380426	2000.0	2050.273717851678	0.0	0	0.0	3369.9096442321315	1	0	1	2.508689012905609
57578.33307828401	2000.0	1791.5765659480908	0.0	0	0.0	3369.9096442321315	1	0	1	2.508689012905609
58527.51205703191	1000.0	1842.3975872001938	0.0	0	0.0	3369.909644232139	1	0	1	0.775821061505745
59599.0325047443	1000.0	1770.877139487803	0.0	0	0.0	3369.909644232139	1	0	1	1.4689682420656902
60941.61648530092	2000.0	1428.2931589311756	0.0	0	0.0	3369.909644232139	1	0	1	1.8155418323456631
62012.84983060162	2000.0	1357.0598136304789	0.0	0	0.0	3369.909644232139	1	0	1	2.5086890129056085
62685.722168811226	1000.0	1684.1874754208661	0.0	0	0.0	3369.909644232139	1	0	1	0.775821061505745
63582.207414692304	2000.0	1787.7022295397944	0.0	0	0.0	3369.909644232139	1	0	1	1.8155418323456631
64292.94950078165	2000.0	2076.960143450442	0.0	0	0.0	3369.909644232139	1	0	1	2.5086890129056085
64933.16547404044	2000.0	2436.7441701916473	0.0	0	0.0	3369.909644232139	1	0	1	2.5086890129056085
65600.74786749332	2000.0	2769.1617767387575	0.0	0	0.0	3369.909644232139	1	0	1	2.5086890129056085
66563.7081547769	2000.0	2806.2014894551703	0.0	0	0.0	3369.9096442321315	1	0	1	2.5086890129056085
67651.4143890592	2000.0	2718.495255172884	0.0	0	0.0	3369.9096442321315	1	0	1	2.5086890129056094
68858.79360243931	2000.0	2511.116041792748	0.0	0	0.0	3369.909644232117	1	0	1	2.5086890129056094
70245.23579440478	2000.0	2124.673849827278	0.0	0	0.0	3369.9096442321315	1	0	1	2.508689012905609
71298.64348363937	2000.0	2071.266160592697	0.0	0	0.0	3369.9096442321315	1	0	1	2.508689012905609
72097.52760089122	2000.0	2272.382043340861	0.0	0	0.0	3369.9096442321315	1	0	1	2.508689012905609
73119.54560046867	2000.0	2250.364043763415	0.0	0	0.0	3369.9096442321315	1	0	1	2.508689012905609
74299.19142681861	2000.0	2070.7182174134805	0.0	0	0.0	3369.909644232146	1	0	1	2.508689012905607
75077.66326300053	2000.0	2292.2463812315455	0.0	0	0.0	3369.909644232146	1	0	1	2.508689012905607
75890.22515967961	2000.0	2479.6844845524734	0.0	0	0.0	3369.9096442321606	1	0	1	2.508689012905606
76780.29660991713	2000.0	2589.613034314962	0.0	0	0.0	3369.9096442321606	1	0	1	2.508689012905606
77881.14873565108	2000.0	2488.760908581007	0.0	0	0.0	3369.909644232146	1	0	1	2.508689012905607
78811.32922039673	2000.0	2558.58042383535	0.0	0	0.0	3369.909644232146	1	0	1	2.508689012905607
79749.04065743629	2000.0	2620.868986795779	0.0	0	0.0	3369.9096442321315	1	0	1	2.508689012905609
81106.22960484325	2000.0	2263.68003938881	0.0	0	0.0	3369.9096442321315	1	0	1	2.508689012905609
81919.10401709241	2000.0	2450.8056271396536	0.0	0	0.0	3369.9096442321315	1	0	1	2.508689012905609
83082.1774338563	2000.0	2287.7322103757638	0.0	0	0.0	3369.9096442321315	1	0	1	2.508689012905609
83714.13806161251	2000.0	2655.771582619526	0.0	0	0.0	3369.909644232117	1	0	1	2.5086890129056103
84749.93767385546	2000.0	2619.9719703765754	0.0	0	0.0	3369.9096442321315	1	0	1	2.508689012905609
85464.04876206715	2000.0	2905.8608821648772	0.0	0	0.0	3369.9096442321315	1	0	1	2.508689012905609
86528.92340686156	2000.0	2840.9862373704564	0.0	0	0.0	3369.909644232146	1	0	1	2.508689012905607
88018.18583008587	2000.0	2351.7238141461394	0.0	0	0.0	3369.909644232146	1	0	1	2.508689012905607
88805.63067451889	2000.0	2564.278969713128	0.0	0	0.0	3369.909644232146	1	0	1	2.508689012905607
89404.74104051158	1000.0	2965.168603720429	0.0	0	0.0	3369.9096442321315	1	0	1	0.7758210615057459
90200.0	1000.0	3169.9096442319947	0.0	0	357.292600740504	3369.9096442321315	1	0	1	1.468968242065691
91693.27640925323	2000.0	2676.63323497876	0.0	0	0.0	3369.9096442321315	1	0	1	1.8155418323456636
93217.31923480514	2000.0	2000.1861268716718	0.0	0	0.0	3217.505361676973	1	0	2	2.119469272097497
94309.15381479391	2000.0	1908.3515468828953	0.0	0	0.0	3217.505361676973	1	0	1	2.323929441161124
95530.68525409598	2000.0	1686.8201075808142	0.0	0	0.0	3217.505361676973	1	0	1	2.5239294411611244
96249.75450452487	2000.0	1967.7508571519206	0.0	0	0.0	3217.505361676973	1	0	1	2.5239294411611244
97718.50257764415	3000.0	1499.0027840326534	0.0	0	0.0	3217.505361676973	1	0	1	2.726661995215207
99283.14992260242	3000.0	934.3554390743825	0.0	0	0.0	3217.5053616769583	1	0	1	3.1321271033233735
99978.19211234016	2000.0	1239.3132493366495	0.0	0	0.0	3217.5053616769583	1	0	1	2.1184643330529616
100778.61476465798	2000.0	1438.8905970188318	0.0	0	0.0	3217.5053616769583	1	0	1	2.523929441161126
101416.49742062863	2000.0	1801.0079410481953	0.0	0	0.0	3217.5053616769583	1	0	1	2.523929441161126
102259.88021391621	2000.0	1957.6251477606295	0.0	0	0.0	3217.5053616769583	1	0	1	2.523929441161126
103162.68551435697	2000.0	2054.819847319891	0.0	0	0.0	3217.5053616769583	1	0	1	2.523929441161126
104226.83245088904	2000.0	1990.6729107878089	0.0	0	0.0	3217.5053616769437	1	0	1	2.523929441161128
104942.64813925498	2000.0	2274.8572224218615	0.0	0	0.0	3217.5053616769437	1	0	1	2.523929441161128
105460.33995348316	2000.0	2705.396226770867	0.0	0	0.0	3165.736180254142	1	0	2	2.1279119674318343
106200.0	2000.0	2965.736180254009	0.0	0	152.01160389755387	3165.736180254142	1	0	1	2.329106359303408
107200.0	2000.0	2965.736180253998	0.0	0	366.32925516503747	3165.736180254142	1	0	1	2.529106359303408
108200.0	2000.0	2965.7361802539913	0.0	0	241.1723192558129	3165.736180254142	1	0	1	2.529106359303408
109200.0	2000.0	2965.736180253988	0.0	0	266.0297693606699	3165.736180254142	1	0	1	2.529106359303408
110250.81362049883	2000.0	2914.922559755157	0.0	0	0.0	3165.736180254142	1	0	1	2.529106359303408
111200.0	2000.0	2965.7361802539913	0.0	0	143.0073981219175	3165.736180254142	1	0	1	2.529106359303408
112200.0	2000.0	2965.736180254	0.0	0	78.07851960559492	3165.736180254142	1	0	1	2.529106359303408
113200.0	2000.0	2965.7361802539704	0.0	0	80.66475590383925	3165.736180254142	1	0	1	2.529106359303408
114225.82757887132	2000.0	2939.9086013826523	0.0	0	0.0	3165.736180254142	1	0	1	2.529106359303408
115200.0	1000.0	2965.7361802539676	0.0	0	463.05495781154605	3165.736180254142	1	0	1	0.7962384079035449
116200.0	1000.0	2965.736180253956	0.0	0	341.5567418933206	3165.736180254142	1	0	1	1.4893855884634901
117854.11504664687	2000.0	2311.6211336071033	0.0	0	0.0	3165.736180254142	1	0	1	1.8359591787434628
118905.6114381041	1000.0	2260.124742149877	0.0	0	0.0	3165.736180254142	1	0	1	0.7962384079035449
119737.70545178947	1000.0	2428.0307284644837	0.0	0	0.0	3165.7361802541272	1	0	1	1.4893855884634917
120379.59631128807	1000.0	2786.1398689658754	0.0	0	0.0	3165.7361802541127	1	0	1	1.489385588463493
121200.0	1000.0	2965.7361802539363	0.0	0	128.83671341116133	3165.7361802541127	1	0	1	1.489385588463493
122200.0	1000.0	2965.736180253943	0.0	0	250.8139830295404	3165.7361802541272	1	0	1	1.4893855884634917
123200.0	1000.0	2965.736180253947	0.0	0	214.17377724891412	3165.736180254142	1	0	1	1.4893855884634901
124200.0	1000.0	2965.7361802539526	0.0	0	415.0823594996764	3165.736180254142	1	0	1	1.4893855884634901
125252.97022941605	2000.0	2912.765950837888	0.0	0	0.0	3165.736180254142	1	0	1	1.8359591787434628
126221.77551277472	1000.0	2943.9606674792085	0.0	0	85.14650355282356	3165.7361802541272	1	0	1	0.7962384079035464
127200.0	1000.0	2965.736180253937	0.0	0	57.71511908477987	3165.7361802541272	1	0	1	1.4893855884634917
128200.0	1000.0	2965.736180253949	0.0	0	295.6580836320354	3165.736180254142	1	0	1	1.4893855884634901
129741.56866574039	2000.0	2424.1675145135678	0.0	0	0.0	3165.736180254142	1	0	1	1.8359591787434628
131057.18401340637	3000.0	2108.552166847572	0.0	0	0.0	3165.736180254142	1	0	1	2.7318389133574903
132103.79219367384	3000.0	2061.9439865800987	0.0	0	0.0	3165.7361802541564	1	0	1	3.1373040214656545
132962.24016726104	3000.0	2203.4960129929295	0.0	0	0.0	3165.7361802542	1	0	1	3.13730402146565
133444.10846438532	3000.0	2721.627715868658	0.0	0	0.0	3165.7361802542146	1	0	1	3.1373040214656482
134200.0	3000.0	2965.7361802539663	0.0	0	199.49208610827918	3165.7361802542146	1	0	1	3.1373040214656474
135200.0	3000.0	2965.73618025398	0.0	0	573.3357069658814	3165.736180254229	1	0	1	3.137304021465646
136200.0	3000.0	2965.736180253947	0.0	0	195.9099354946229	3165.736180254229	1	0	1	3.137304021465646
137249.50479451445	3000.0	2916.2313857394925	0.0	0	0.0	3165.736180254229	1	0	1	3.137304021465646
138374.9821999577	3000.0	2790.753980296222	0.0	0	0.0	3165.736180254229	1	0	1	3.137304021465646
139200.0	3000.0	2965.7361802539217	0.0	0	24.47511381143704	3165.736180254229	1	0	1	3.137304021465646
140376.69074210158	3000.0	2789.0454381523577	0.0	0	0.0	3165.736180254229	1	0	1	3.137304021465646
141381.97898718718	3000.0	2783.757193066751	0.0	0	0.0	3165.736180254229	1	0	1	3.137304021465646
142200.0	3000.0	2965.7361802539353	0.0	0	38.12465010091546	3165.736180254229	1	0	1	3.137304021465646
143475.75403804707	3000.0	2689.9821422068762	0.0	0	0.0	3165.736180254229	1	0	1	3.137304021465646
144386.5867039576	3000.0	2779.1494762963225	0.0	0	0.0	3165.7361802542	1	0	1	3.137304021465649
145286.4128046337	3000.0	2879.3233756202544	0.0	0	0.0	3165.736180254229	1	0	1	3.137304021465646
146200.0	3000.0	2965.7361802539594	0.0	0	32.82471139411791	3165.736180254229	1	0	1	3.137304021465646
147521.21368933428	3000.0	2644.5224909196727	0.0	0	0.0	3165.736180254229	1	0	1	3.137304021465646
148643.25416415976	3000.0	2522.4820160942277	0.0	0	0.0	3165.736180254258	1	0	1	3.1373040214656434
149297.38138466765	3000.0	2868.3547955862923	0.0	0	0.0	3165.736180254229	1	0	1	3.137304021465646
150200.0	3000.0	2965.7361802539044	0.0	0	24.869702557305573	3165.736180254229	1	0	1	3.137304021465646
151200.0	3000.0	2965.7361802538776	0.0	0	492.3937586462416	3165.736180254258	1	0	1	3.1373040214656434
152200.0	3000.0	2965.7361802538817	0.0	0	162.93174840256688	3165.7361802542873	1	0	1	3.1373040214656407
153200.0	2000.0	2965.736180253856	0.0	0	200.0423348636832	3165.7361802542873	1	0	1	2.123641251195229
154200.0	2000.0	2965.7361802538544	0.0	0	205.9539065309218	3165.7361802543455	1	0	1	2.5291063593033893
155200.0	2000.0	2965.736180253838	0.0	0	10.186747418279992	3165.7361802543455	1	0	1	2.5291063593033876
156200.0	2000.0	2965.736180253806	0.0	0	231.17191580371582	3165.7361802543455	1	0	1	2.5291063593033876
157673.47948650614	2000.0	2492.2566937476477	0.0	0	0.0	3165.7361802543164	1	0	1	2.52910635930339
159300.40533302716	2000.0	1865.3308472266058	0.0	0	0.0	3165.7361802543164	1	0	1	2.5291063593033902
160756.699616652	2000.0	1263.4071352392968	0.0	0	0.0	3020.1067518918426	1	0	2	2.139956938661646
161332.4870239519	1000.0	1687.619727939393	0.0	0	0.0	3020.1067518918426	1	0	1	0.6108013507397747
162306.313937351	1000.0	1713.7928145402382	0.0	0	0.0	3020.1067518918135	1	0	1	1.5039485312997232
163680.36423428936	2000.0	1339.7425176018996	0.0	0	0.0	3020.1067518918426	1	0	1	1.8505221215796928
165238.5378244617	3000.0	781.5689274295644	0.0	0	0.0	3020.106751891901	1	0	1	2.7464018561937156
166203.31643226597	3000.0	816.7903196252854	0.0	0	0.0	3020.10675189193	1	0	1	3.1518669643018757
166885.70460426758	3000.0	1134.402147623695	0.0	0	0.0	3020.10675189193	1	0	1	3.1518669643018757
167569.34580341517	3000.0	1450.7609484761165	0.0	0	0.0	3020.10675189193	1	0	1	3.1518669643018757
168683.6825028291	3000.0	1336.424249062189	0.0	0	0.0	3020.106751891901	1	0	1	3.1518669643018793
169889.53939236255	2000.0	1130.567359528729	0.0	0	0.0	3020.106751891901	1	0	1	2.1382041940314678
170743.4510716166	2000.0	1276.6556802746754	0.0	0	0.0	3020.106751891901	1	0	1	2.5436693021396324
171354.8632619296	2000.0	1665.2434899616837	0.0	0	0.0	3020.106751891901	1	0	1	2.5436693021396324
171994.2831145159	2000.0	2025.823637375342	0.0	0	0.0	3020.106751891901	1	0	1	2.5436693021396324
172631.74257143482	3000.0	2388.364180456436	0.0	0	0.0	3020.106751891901	1	0	1	2.7464018561937147
173357.63210151927	3000.0	2662.4746503719807	0.0	0	0.0	3020.106751891901	1	0	1	3.1518669643018793
174200.0	3000.0	2820.106751891241	0.0	0	305.9332094005367	3020.106751891901	1	0	1	3.1518669643018793
175200.0	3000.0	2820.1067518912296	0.0	0	169.27427216863725	3020.1067518918717	1	0	1	3.15186696430188
176563.72301972128	2000.0	2456.383732169918	0.0	0	0.0	3020.1067518918135	1	0	1	2.1382041940314753
177235.5237250229	1000.0	2784.5830268682807	0.0	0	0.0	3020.1067518918135	1	0	1	0.8108013507397779
178228.8185170072	1000.0	2791.288234883993	0.0	0	0.0	3020.1067518918135	1	0	1	1.503948531299724
179200.0	1000.0	2820.106751891193	0.0	0	114.4988867243228	3020.1067518918426	1	0	1	1.5039485312997214
180855.7824338976	2000.0	2164.3243179935776	0.0	0	0.0	3020.1067518918717	1	0	1	1.850522121579692
182039.94691008932	2000.0	1980.1598418018486	0.0	0	0.0	3020.1067518918717	1	0	1	2.543669302139635
182977.16157215578	2000.0	2042.9451797353981	0.0	0	0.0	3020.1067518918717	1	0	1	2.543669302139635
184230.56668060966	2000.0	1789.540071281511	0.0	0	0.0	3020.1067518918717	1	0	1	2.543669302139635
184892.79608308242	1000.0	2127.310668808752	0.0	0	0.0	3020.1067518918426	1	0	1	0.8108013507397749
185870.27243494094	2000.0	2149.8343169502295	0.0	0	0.0	3020.1067518918426	1	0	1	1.8505221215796928
186988.01371914338	2000.0	2032.0930327477977	0.0	0	0.0	3020.1067518918426	1	0	1	2.5436693021396377
188914.69177329808	2000.0	1105.4149785930995	0.0	0	0.0	3020.1067518918426	1	0	1	2.5436693021396377
189974.33832557077	2000.0	1045.7684263203719	0.0	0	0.0	3020.1067518918426	1	0	1	2.5436693021396377
190677.69964033944	2000.0	1342.4071115516929	0.0	0	0.0	3020.1067518918426	1	0	1	2.5436693021396377
191239.61932976462	2000.0	1780.4874221265231	0.0	0	0.0	3020.1067518918426	1	0	1	2.5436693021396377
191956.774552069	2000.0	2063.3321998221445	0.0	0	0.0	3020.1067518918426	1	0	1	2.5436693021396377
192551.7146243547	2000.0	2468.3921275364355	0.0	0	0.0	3020.1067518918426	1	0	1	2.5436693021396377
193512.17737358503	3000.0	2507.929378306126	0.0	0	0.0	3020.1067518918426	1	0	1	2.74640185619372
194226.51942714144	3000.0	2793.587324749716	0.0	0	0.0	3020.1067518918426	1	0	1	3.1518669643018846
195200.0	3000.0	2820.106751891141	0.0	0	177.62091408655397	3020.1067518918426	1	0	1	3.1518669643018846
196200.0	2000.0	2820.1067518911327	0.0	0	369.0349241635413	3020.1067518918717	1	0	1	2.138204194031472
197500.63257363878	2000.0	2519.4741782523324	0.0	0	0.0	3020.1067518918717	1	0	1	2.543669302139635
198364.68367409738	2000.0	2655.423077793713	0.0	0	0.0	3020.1067518918717	1	0	1	2.543669302139635
199505.41693595794	2000.0	2514.689815933157	0.0	0	0.0	3020.106751891901	1	0	1	2.5436693021396324
200481.12721215608	2000.0	2538.9795397350126	0.0	0	0.0	3020.106751891901	1	0	1	2.5436693021396324
201200.0	2000.0	2820.106751891076	0.0	0	20.971315505856182	3020.106751891901	1	0	1	2.5436693021396324
202235.3565019124	3000.0	2784.750249978691	0.0	0	0.0	3020.106751891901	1	0	1	2.7464018561937147
203200.0	3000.0	2820.106751891072	0.0	0	205.34592414301005	3020.1067518918717	1	0	1	3.15186696430188
204223.82029820423	2000.0	2796.2864536868633	0.0	0	55.045272255752934	3020.1067518918717	1	0	1	2.1382041940314704
205200.0	1000.0	2820.1067518911095	0.0	0	357.01295202889014	3020.1067518918717	1	0	1	0.810801350739772
206284.81612508287	2000.0	2735.290626808274	0.0	0	0.0	3020.106751891901	1	0	1	1.8505221215796879
208025.98348856642	2000.0	1994.123263324725	0.0	0	0.0	3020.106751891901	1	0	1	2.5436693021396324
209593.19776216656	2000.0	1426.9089897245558	0.0	0	0.0	3020.1067518918717	1	0	1	2.543669302139635
210452.68460191673	2000.0	1567.422149974397	0.0	0	0.0	3020.1067518918717	1	0	1	2.543669302139635
211720.3581521273	2000.0	1299.7485997638173	0.0	0	0.0	3020.106751891901	1	0	1	2.5436693021396324
212900.87699992154	2000.0	1119.2297519695549	0.0	0	0.0	3020.106751891901	1	0	1	2.5436693021396324
213756.1339433516	2000.0	1263.9728085394881	0.0	0	0.0	3020.106751891901	1	0	1	2.5436693021396324
214607.2961496498	2000.0	1412.8106022412921	0.0	0	0.0	3020.106751891901	1	0	1	2.5436693021396324
215920.1974890084	2000.0	1099.9092628826907	0.0	0	0.0	3020.1067518918717	1	0	1	2.543669302139635
217164.63261010055	2000.0	855.474141790551	0.0	0	0.0	3020.1067518918717	1	0	1	2.543669302139635
218600.39837535608	2000.0	419.7083765350584	0.0	0	0.0	3020.1067518918717	1	0	1	2.543669302139635
219713.6982958621	2000.0	442.05390790509557	135.6454518760646	0	0.0	3155.7522037679155	1	0	1	1.716232045695643
220443.26130434044	2000.0	712.4908994267694	0.0	0	0.0	3155.7522037679155	1	0	1	2.5301047569520305
221055.0258460753	2000.0	1100.7263576919263	0.0	0	0.0	3155.7522037679155	1	0	1	2.5301047569520305
221829.67919804287	2000.0	1326.0730057243313	0.0	0	0.0	3155.7522037679446	1	0	1	2.5301047569520274
223175.3531579096	2000.0	980.3990458576227	0.0	0	0.0	3155.7522037679737	1	0	1	2.5301047569520247
224075.83802257854	2000.0	1079.9141811886825	0.0	0	0.0	3155.7522037679737	1	0	1	2.5301047569520247
225097.00504893027	2000.0	1058.747154836951	0.0	0	0.0	3155.7522037679155	1	0	1	2.5301047569520287
226149.19545969833	2000.0	1006.5567440688947	0.0	0	0.0	3155.7522037679155	1	0	1	2.5301047569520305
226982.8800179726	2000.0	1172.872185794639	0.0	0	0.0	3155.7522037679155	1	0	1	2.5301047569520305
227960.85568051084	2000.0	1194.8965232563953	0.0	0	0.0	3155.7522037679155	1	0	1	2.5301047569520305
228711.57549042304	2000.0	1444.1767133441986	0.0	0	0.0	3155.7522037679155	1	0	1	2.5301047569520305
230031.51121691617	2000.0	1124.2409868511018	0.0	0	0.0	3155.7522037679155	1	0	1	2.5301047569520305
230854.07835271079	2000.0	1301.6738510565035	0.0	0	0.0	3155.7522037678864	1	0	1	2.5301047569520314
231639.11595204027	2000.0	1516.6362517270047	0.0	0	0.0	3155.7522037678573	1	0	1	2.5301047569520363
232020.1233467263	1000.0	2135.62885704097	0.0	0	0.0	3155.752203767828	1	0	1	0.7972368055521764
232787.8943320477	2000.0	2367.8578717195714	0.0	0	0.0	3155.752203767828	1	0	1	1.836957576392094
233874.62171282773	2000.0	2281.1304909395467	0.0	0	0.0	3155.752203767799	1	0	1	2.53010475695204
234806.34431337626	2000.0	2349.4078903910386	0.0	0	0.0	3155.752203767799	1	0	1	2.5301047569520425
235997.3842832713	2000.0	2158.3679204960104	0.0	0	0.0	3155.752203767828	1	0	1	2.5301047569520416
237011.99609755763	2000.0	2143.756106209684	0.0	0	0.0	3155.752203767828	1	0	1	2.530104756952039
237977.20658009354	2000.0	2178.545623673782	0.0	0	0.0	3155.752203767828	1	0	1	2.530104756952039
238964.48952014	2000.0	2191.2626836273203	0.0	0	0.0	3155.752203767799	1	0	1	2.5301047569520425
239729.14614822922	2000.0	2426.606055538102	0.0	0	0.0	3155.752203767799	1	0	1	2.5301047569520425
241071.68171812096	2000.0	2084.070485646355	0.0	0	0.0	3155.752203767799	1	0	1	2.5301047569520425
242073.9567452396	2000.0	2081.7954585277284	0.0	0	0.0	3155.75220376777	1	0	1	2.530104756952045
243529.06020789297	2000.0	1626.6919958743151	0.0	0	0.0	3155.75220376777	1	0	1	2.530104756952045
244354.80026916994	2000.0	1800.9519345973506	0.0	0	0.0	3155.75220376777	1	0	1	2.530104756952045
245164.70055288821	2000.0	1991.051650879053	0.0	0	0.0	3155.752203767799	1	0	1	2.5301047569520425
246248.95634882085	2000.0	1906.7958549463974	0.0	0	0.0	3155.752203767741	1	0	1	2.530104756952047
247011.8556586263	2000.0	2143.8965451409285	0.0	0	0.0	3155.752203767741	1	0	1	2.530104756952048
247777.49588695203	2000.0	2378.256316815187	0.0	0	0.0	3155.752203767741	1	0	1	2.530104756952048
248561.50913996206	3000.0	2594.2430638051596	0.0	0	0.0	3155.752203767741	1	0	1	2.73283731100613
249310.2041580424	3000.0	2845.548045724819	0.0	0	0.0	3155.752203767741	1	0	1	3.1383024191142948
250554.4932125892	3000.0	2601.2589911780256	0.0	0	0.0	3155.752203767741	1	0	1	3.1383024191142948
251549.8193903285	3000.0	2605.9328134387674	0.0	0	0.0	3155.75220376777	1	0	1	3.138302419114292
252715.8105499869	3000.0	2439.9416537804145	0.0	0	0.0	3155.75220376777	1	0	1	3.138302419114292
253572.58715741528	2000.0	2583.165046352041	0.0	0	0.0	3155.75220376777	1	0	1	2.1246396488438806
254308.41939302214	2000.0	2847.3328107451794	0.0	0	0.0	3155.752203767799	1	0	1	2.5301047569520425
255276.81542039468	2000.0	2878.936783372646	0.0	0	0.0	3155.7522037678573	1	0	1	2.5301047569520367
256200.0	2000.0	2955.7522037673193	0.0	0	95.70140861114487	3155.752203767828	1	0	1	2.5301047569520376
257200.0	2000.0	2955.752203767308	0.0	0	182.00474193916307	3155.752203767828	1	0	1	2.530104756952039
258449.1781328861	2000.0	2706.5740708812027	0.0	0	0.0	3155.752203767828	1	0	1	2.530104756952039
259436.01365814512	2000.0	2719.7385456221846	0.0	0	0.0	3155.7522037678573	1	0	1	2.5301047569520363
260638.1153986406	2000.0	2517.6368051266973	0.0	0	0.0	3155.7522037678573	1	0	1	2.5301047569520363
261216.4273619247	1000.0	2939.3248418425837	0.0	0	0.0	3155.7522037678573	1	0	1	0.7972368055521732
262200.0	1000.0	2955.7522037672934	0.0	0	276.3738834085816	3155.7522037678573	1	0	1	1.4903839861121184
263200.0	1000.0	2955.7522037672707	0.0	0	662.2141513517126	3155.752203767799	1	0	1	1.4903839861121244
264200.0	1000.0	2955.752203767253	0.0	0	461.83135668339673	3155.75220376777	1	0	1	1.490383986112126
265200.0	1000.0	2855.7522037671783	0.0	0	179.31286340905353	3055.75220376777	1	0	2	1.096915298723326
266200.0	1000.0	2755.7522037671656	0.0	0	256.98035623977194	2955.7522037677118	1	0	2	1.30688117457338
267200.0	1000.0	2755.7522037672147	0.0	0	246.45375876314938	2955.75220376777	1	0	1	1.3103839861121307
268200.0	1000.0	2755.7522037671934	0.0	0	96.5311061006505	2955.752203767828	1	0	1	1.5103839861121215
269275.6338200018	1000.0	2680.118383765383	0.0	0	0.0	2955.752203767828	1	0	1	1.5103839861121215
270200.0	1000.0	2755.7522037671897	0.0	0	162.0858499108581	2955.75220376777	1	0	1	1.5103839861121273
271200.0	1000.0	2755.7522037671692	0.0	0	483.3325481065549	2955.75220376777	1	0	1	1.5103839861121273
272200.0	1000.0	2755.752203767202	0.0	0	379.8510426915018	2955.75220376777	1	0	1	1.5103839861121273
273430.591776981	2000.0	2525.1604267861508	0.0	0	0.0	2955.7522037677118	1	0	1	1.8569575763921056
274555.1223704371	2000.0	2400.6298333301115	0.0	0	0.0	2955.7522037677118	1	0	1	2.5501047569520505
275732.4597162652	1000.0	2223.292487501909	0.0	0	0.0	2955.7522037676536	1	0	1	0.8172368055521939
276882.61440914305	1000.0	2073.137794624091	0.0	0	0.0	2955.7522037677118	1	0	1	1.5103839861121378
278393.03219528834	2000.0	1562.7200084788012	0.0	0	0.0	2955.7522037676536	1	0	1	1.8569575763921105
279838.5090361377	3000.0	1117.243167629454	0.0	0	0.0	2955.7522037675953	1	0	1	2.752837311006145
280815.2907897153	3000.0	1140.4614140518675	0.0	0	0.0	2955.7522037675953	1	0	1	3.1583024191143094
281664.8556561135	3000.0	1290.8965476536246	0.0	0	0.0	2955.7522037675953	1	0	1	3.1583024191143094
282155.6606150937	3000.0	1800.0915886734385	0.0	0	0.0	2955.7522037676536	1	0	1	3.158302419114304
282625.8633720068	3000.0	2329.888831760403	0.0	0	0.0	2955.7522037676536	1	0	1	3.158302419114304
283200.0	3000.0	2755.7522037671984	0.0	0	132.87983246997464	2955.7522037676536	1	0	1	3.158302419114304
284200.0	3000.0	2755.7522037672147	0.0	0	435.5675051068538	2955.7522037676536	1	0	1	3.158302419114304
285200.0	3000.0	2755.7522037672975	0.0	0	68.33601283706957	2955.7522037676536	1	0	1	3.158302419114304
286200.0	3000.0	2755.752203767258	0.0	0	150.28080279828282	2955.7522037675953	1	0	1	3.1583024191143094
287200.0	3000.0	2755.7522037672647	0.0	0	253.26614644820802	2955.7522037675953	1	0	1	3.1583024191143094
288200.0	3000.0	2755.7522037672966	0.0	0	149.21984105923912	2955.7522037675953	1	0	1	3.1583024191143094
289475.46024131525	3000.0	2480.2919624520787	0.0	0	0.0	2955.7522037676536	1	0	1	3.158302419114305
290318.0741131582	3000.0	2637.6780906090744	0.0	0	0.0	2955.7522037676536	1	0	1	3.158302419114304
291549.49526652205	3000.0	2406.256937245175	0.0	0	0.0	2955.7522037676536	1	0	1	3.158302419114304
292533.0726331305	3000.0	2422.67957063671	0.0	0	0.0	2955.7522037676536	1	0	1	3.158302419114304
293249.1222891381	3000.0	2706.6299146291067	0.0	0	0.0	2955.7522037677118	1	0	1	3.158302419114298
294383.9173203371	3000.0	2571.8348834300646	0.0	0	0.0	2955.7522037676536	1	0	1	3.158302419114304
295230.53308466956	3000.0	2725.219119097606	0.0	0	0.0	2955.7522037676536	1	0	1	3.158302419114304
296200.0	3000.0	2755.7522037671147	0.0	0	58.79932613222627	2955.7522037676536	1	0	1	3.158302419114304
297368.4687020959	3000.0	2587.2835016712597	0.0	0	0.0	2955.7522037677118	1	0	1	3.158302419114298
298384.9358776724	3000.0	2570.8163260947267	0.0	0	0.0	2955.7522037677118	1	0	1	3.158302419114298
299278.1367501167	3000.0	2677.615453650452	0.0	0	0.0	2955.75220376777	1	0	1	3.158302419114292
300200.0	3000.0	2755.752203767132	0.0	0	68.9664940846269	2955.7522037677118	1	0	1	3.158302419114298
2.47	2.53	2.9	2.27	1.44	1.25	1.46	1.47	1.56	1.2	1.76	2.36	2.97	3.65	4.26	2.92	2.02	2.5	3.19	3.83	4.31	4.38	2.4	1.55	1.51	1.34	1.26	1.34	1.47	1.91	2.18	1.48	1.9	2.15	1.05	1.48	2.04	2.69	3.23	3.04	3.36	3.82	2.73	1.96	1.63	1.91	2.1	2.77	3.31	3.82	3.56	1.37	2.11	1.9	1.11	1.17	1.48	1.97	1.98	2.21	2.92	3.23	1.55	1.58	1.49	1.76	2.29	2.69	2.33	1.67	2.2	2.42	2.43	1.86	2.64	2.61	1.38	2.41	2.07	2.53	2.46	2.9	2.12	1.56	1.98	2.22	2.32	1.6	1.85	1.34	1.56	2.25	2.26	2.56	2.43	2.95	3.43	3.07	3.36	2.14	2.54	3.13	2.48	2.31	2.2	1.67	2.41	1.75	1.8	2.41	2.84	1.88	1.34	1.66	1.09	0.89	1.39	1.54	1.68	1.85	2.36	2.24	0.83	1.09	1.27	1.84	2.4	3.01	3.7	5.87	8.44	4.37	4.34	3.24	3.9	3.46	1.93	3.73	2.94	3.43	4.05	2.92	2.53	3.09	3.68	4.24	5.03	4.48	3.73	2.18	2.47	2.53	2.9	2.27	1.44	1.25	1.46	1.47	1.56	1.2	1.76	2.36	2.97	3.65	4.26	2.92	2.02	2.5	3.19	3.83	4.31	4.38	2.4	1.55	1.51	1.34	1.26	1.34	1.47	1.91	2.18	1.48	1.9	2.15	1.05	1.48	2.04	2.69	3.23	3.04	3.36	3.82	2.73	1.96	1.63	1.91	2.1	2.77	3.31	3.82	3.56	1.37	2.11	1.9	1.11	1.17	1.48	1.97	1.98	2.21	2.92	3.23	1.55	1.58	1.49	1.76	2.29	2.69	2.33	1.67	2.2	2.42	2.43	1.86	2.64	2.61	1.38	2.41	2.07	2.53	2.46	2.9	2.12	1.56	1.98	2.22	2.32	1.6	1.85	1.34	1.56	2.25	2.26	2.56	2.43	2.95	3.43	3.07	3.36	2.14	2.54	3.13	2.48	2.31	2.2	1.67	2.41	1.75	1.8	2.41	2.84	1.88	1.34	1.66	1.09	0.89	1.39	1.54	1.68	1.85	2.36	2.24	0.83	1.09	1.27	1.84	2.4	3.01	3.7	5.87	8.44	4.37	4.34	3.24	3.9	3.46	1.93	3.73	2.94	3.43	4.05	2.92	2.53	3.09	3.68	4.24	5.03	4.48	3.73	2.18	2.47	2.53
1.0	2.0	3.0	4.0	5.0	6.0	7.0	8.0	9.0	10.0	11.0	12.0	13.0	14.0	15.0	16.0	17.0	18.0	19.0	20.0	21.0	22.0	23.0	24.0	25.0	26.0	27.0	28.0	29.0	30.0	31.0	32.0	33.0	34.0	35.0	36.0	37.0	38.0	39.0	40.0	41.0	42.0	43.0	44.0	45.0	46.0	47.0	48.0	49.0	50.0	51.0	52.0	53.0	54.0	55.0	56.0	57.0	58.0	59.0	60.0	61.0	62.0	63.0	64.0	65.0	66.0	67.0	68.0	69.0	70.0	71.0	72.0	73.0	74.0	75.0	76.0	77.0	78.0	79.0	80.0	81.0	82.0	83.0	84.0	85.0	86.0	87.0	88.0	89.0	90.0	91.0	92.0	93.0	94.0	95.0	96.0	97.0	98.0	99.0	100.0	101.0	102.0	103.0	104.0	105.0	106.0	107.0	108.0	109.0	110.0	111.0	112.0	113.0	114.0	115.0	116.0	117.0	118.0	119.0	120.0	121.0	122.0	123.0	124.0	125.0	126.0	127.0	128.0	129.0	130.0	131.0	132.0	133.0	134.0	135.0	136.0	137.0	138.0	139.0	140.0	141.0	142.0	143.0	144.0	145.0	146.0	147.0	148.0	149.0	149.0	150.0	151.0	152.0	153.0	154.0	155.0	156.0	157.0	158.0	159.0	160.0	161.0	162.0	163.0	164.0	165.0	166.0	167.0	168.0	169.0	170.0	171.0	172.0	173.0	174.0	175.0	176.0	177.0	178.0	179.0	180.0	181.0	182.0	183.0	184.0	185.0	186.0	187.0	188.0	189.0	190.0	191.0	192.0	193.0	194.0	195.0	196.0	197.0	198.0	199.0	200.0	201.0	202.0	203.0	204.0	205.0	206.0	207.0	208.0	209.0	210.0	211.0	212.0	213.0	214.0	215.0	216.0	217.0	218.0	219.0	220.0	221.0	222.0	223.0	224.0	225.0	226.0	227.0	228.0	229.0	230.0	231.0	232.0	233.0	234.0	235.0	236.0	237.0	238.0	239.0	240.0	241.0	242.0	243.0	244.0	245.0	246.0	247.0	248.0	249.0	250.0	251.0	252.0	253.0	254.0	255.0	256.0	257.0	258.0	259.0	260.0	261.0	262.0	263.0	264.0	265.0	266.0	267.0	268.0	269.0	270.0	271.0	272.0	273.0	274.0	275.0	276.0	277.0	278.0	279.0	280.0	281.0	282.0	283.0	284.0	285.0	286.0	287.0	288.0	289.0	290.0	291.0	292.0	293.0	294.0	295.0	296.0	297.0	298.0	298.0	299.0	300.0
3819.6536743270876
