4978.339740722696	300.0	2000.0	323.8826861690735	0	0.0	4978.339740722696	1	0	1	-2.9337605834590237
5317.405456694456	300.0	2627.0277124310633	0.0	0	0.0	4944.433169125519	1	0	2	-1.2630379523765565
5642.0373234802455	300.0	3269.9326589666957	0.0	0	0.0	4911.969982446941	1	0	2	-1.0363632818948896
5895.566774665927	300.0	3991.0502626624457	0.0	0	0.0	4886.617037328373	1	0	2	-1.0085637503977938
6200.0	300.0	4656.173714794965	0.0	0	99.04374408807143	4856.173714794966	1	0	2	-0.9962153485995004
7200.0	500.0	4556.173714794964	0.0	0	619.4860196476047	4756.173714794966	1	0	2	-1.0133864827333745
8200.0	500.0	4456.173714794965	0.0	0	524.2963140224538	4656.173714794965	1	0	2	-0.43292683347096
9200.0	500.0	4356.173714794965	0.0	0	555.7465105103693	4556.173714794966	1	0	2	-0.36802919068451023
10200.0	500.0	4256.173714794965	0.0	0	586.1485148869615	4456.173714794966	1	0	2	-0.3068575025790772
11200.0	1000.0	4156.173714794964	0.0	0	110.28441353525159	4356.173714794966	1	0	2	-0.2445610706185845
12265.292293634166	1000.0	3984.352191797383	0.0	0	0.0	4249.64448543155	1	0	2	0.502703040693966
13282.32347401628	1000.0	3865.6178933770575	0.0	0	0.0	4147.941367393338	1	0	2	0.5574671838254617
14200.0	1000.0	3856.1737147949675	0.0	0	54.45396232682651	4056.17371479497	1	0	2	0.6091763309924921
15200.0	1000.0	3756.173714794967	0.0	0	466.2447074978227	3956.17371479497	1	0	2	0.6391726475175917
16200.0	1000.0	3656.1737147949693	0.0	0	238.49931951863255	3856.1737147949716	1	0	2	0.6807310474844699
17200.0	1000.0	3556.1737147949734	0.0	0	71.89662443730413	3756.173714794977	1	0	2	0.7196620164247323
19329.090802080696	1000.0	2214.1738325062097	0.0	0	0.0	3543.264634586909	1	0	2	0.6610626626433235
20821.696045801476	1000.0	1572.3080644133463	0.0	0	0.0	3394.0041102148316	1	0	2	0.7812416085263542
21574.900257954003	500.0	1743.7834310455682	0.0	0	0.0	3318.6836889995757	1	0	2	-0.507640623283567
21917.65236091454	500.0	2366.756117788973	0.0	0	0.0	3284.408478703517	1	0	2	0.23615989523942982
22474.442659689325	500.0	2754.286789136713	0.0	0	0.0	3228.7294488260377	1	0	2	0.22681535499794242
23200.0	500.0	2956.1737147949675	0.0	0	268.76680743464385	3156.173714794968	1	0	2	0.2217855877030669
24229.355362306636	1000.0	2823.8828162576656	0.0	0	0.0	3053.2381785642974	1	0	2	0.21271862939158054
25200.0	500.0	2756.1737147949693	0.0	0	605.180696750369	2956.1737147949643	1	0	2	-0.4585463696752202
26200.0	500.0	2656.173714794975	0.0	0	406.31876199788894	2856.1737147949752	1	0	2	0.24925602830995042
27200.0	500.0	2556.173714794972	0.0	0	399.50082018483226	2756.1737147949716	1	0	2	0.2648025558755446
28200.0	500.0	2456.1737147949707	0.0	0	550.810402583229	2656.1737147949643	1	0	2	0.27905926845796003
29200.0	500.0	2356.173714794972	0.0	0	625.7203733813294	2556.173714794968	1	0	2	0.29201275502777474
30200.0	1000.0	2256.1737147949716	0.0	0	411.54620142444037	2456.1737147949643	1	0	2	0.3041338738363464
31200.0	1000.0	2156.173714794972	0.0	0	526.3305488117549	2356.173714794968	1	0	2	1.00790430674978
32200.0	1000.0	2056.173714794971	0.0	0	57.4978620922484	2256.1737147949716	1	0	2	1.0185796244219576
34007.398083687294	1000.0	1068.0358227389472	0.0	0	0.0	2075.4339064262385	1	0	2	0.95183381933062
35200.77071660039	1000.0	755.3259265345463	0.0	0	0.0	1956.0966431349298	1	0	2	1.0236613690194316
36857.6957228344	1000.0	310.7837808371413	343.70487378183407	0	0.0	2168.479503671544	1	0	2	-1.0662576380254076
37874.26515610909	1000.0	525.7276757346773	302.8820649997185	0	0.0	2399.9928318437596	1	0	2	-0.7834546904039691
38285.83289040789	500.0	1114.1599414358852	0.0	0	0.0	2399.9928318437596	1	0	1	-0.4788182961547932
38837.54393805098	1000.0	1562.4488937927958	0.0	0	0.0	2399.9928318437596	1	0	1	0.41432888440515264
39742.00539071039	1000.0	1657.9874411333815	0.0	0	0.0	2399.9928318437596	1	0	1	1.107476064965098
41391.43294802762	1000.0	1008.5598838161429	0.0	0	0.0	2399.9928318437596	1	0	1	1.107476064965098
42687.161619409955	1000.0	712.8312124338079	0.0	0	0.0	2399.9928318437596	1	0	1	1.107476064965098
43237.34647968629	500.0	1162.6463521574753	0.0	0	0.0	2399.9928318437524	1	0	1	-0.2788182961547921
43726.9366106353	500.0	1673.0562212084665	0.0	0	0.0	2399.992831843745	1	0	1	0.41432888440515403
44501.18901304376	1000.0	1898.8038188000073	0.0	0	0.0	2399.992831843745	1	0	1	0.41432888440515403
45214.73617064481	1000.0	2185.2566611989687	0.0	0	0.0	2399.992831843745	1	0	1	1.1074760649650994
46200.0	1000.0	2199.992831843773	0.0	0	100.04994538945903	2399.992831843745	1	0	1	1.1074760649650994
47407.75848189813	1000.0	1992.2343499456501	0.0	0	0.0	2399.992831843745	1	0	1	1.1074760649650994
48223.284589195355	1000.0	2176.708242648422	0.0	0	0.0	2399.992831843745	1	0	1	1.1074760649650994
49200.0	500.0	2199.9928318437724	0.0	0	485.32071709907177	2399.992831843745	1	0	1	-0.27881829615479137
50200.0	500.0	2199.9928318437783	0.0	0	440.8419022305534	2399.992831843745	1	0	1	0.41432888440515403
51200.0	500.0	2199.9928318437774	0.0	0	581.7719878972348	2399.992831843745	1	0	1	0.41432888440515403
52667.31570258025	1000.0	1732.6771292635317	0.0	0	0.0	2399.992831843745	1	0	1	0.41432888440515403
53261.549665797545	500.0	2138.4431660462415	0.0	0	0.0	2399.992831843745	1	0	1	-0.27881829615479137
54200.0	500.0	2199.9928318437965	0.0	0	471.5463322472424	2399.992831843745	1	0	1	0.41432888440515403
55200.0	500.0	2199.992831843797	0.0	0	590.6185012359347	2399.992831843738	1	0	1	0.4143288844051547
56200.0	1000.0	2199.9928318437924	0.0	0	454.4623548921227	2399.9928318437305	1	0	1	0.4143288844051557
57200.0	1000.0	2199.9928318437846	0.0	0	534.0673414046469	2399.9928318437233	1	0	1	1.1074760649651019
58200.0	1000.0	2199.992831843783	0.0	0	437.4665354830795	2399.9928318437305	1	0	1	1.107476064965101
59258.46071090866	1000.0	2141.5321209351227	0.0	0	0.0	2399.9928318437305	1	0	1	1.107476064965101
60200.0	1000.0	2199.992831843772	0.0	0	48.82600965684105	2399.9928318437305	1	0	1	1.107476064965101
61200.0	1000.0	2199.9928318437755	0.0	0	404.7250722530589	2399.9928318437305	1	0	1	1.107476064965101
62200.0	1000.0	2199.9928318437774	0.0	0	307.5927038912123	2399.9928318437305	1	0	1	1.107476064965101
63200.0	1000.0	2199.9928318437806	0.0	0	2.213354364525003	2399.992831843738	1	0	1	1.1074760649651003
65725.9979441054	1000.0	673.9948877383631	0.0	0	0.0	2399.9928318437233	1	0	1	1.1074760649651008
67000.80458817241	1000.0	399.1882436713581	0.0	0	0.0	2399.9928318437305	1	0	1	1.1074760649651014
68736.51388471162	1000.0	227.30340848182595	563.824461349682	0	0.0	2963.8172931934096	1	0	1	-2.345366746818472
69891.57683681817	1000.0	358.72656156182575	286.48610518655767	0	0.0	3250.3033983799687	1	0	1	-0.7454684832159828
70629.76386612587	500.0	620.5395322541202	0.0	0	0.0	3250.3033983799687	1	0	1	-0.4128462132165279
71419.50210773681	500.0	830.8012906431553	0.0	0	0.0	3250.3033983799687	1	0	1	0.28030096734341736
72359.64085496176	500.0	890.6625434181981	0.0	0	0.0	3250.303398379954	1	0	1	0.2803009673434206
72908.51053153844	500.0	1341.7928668415252	0.0	0	0.0	3250.303398379954	1	0	1	0.2803009673434206
73372.27879888781	500.0	1878.0245994921586	0.0	0	0.0	3250.303398379954	1	0	1	0.2803009673434206
74073.84608692888	500.0	2106.3005826469953	0.0	0	0.0	3180.146669575872	1	0	2	0.021893240599322836
74635.95738780784	500.0	2487.9781516801495	0.0	0	0.0	3123.9355394879676	1	0	2	0.24748469998765554
75362.66644481177	500.0	2688.5981889758177	0.0	0	0.0	3051.264633787563	1	0	2	0.24545382101741975
76329.22381199316	500.0	2625.3850850762765	0.0	0	0.0	2954.608897069411	1	0	2	0.23799964580531924
77200.0	500.0	2667.5312782687693	0.0	0	6.660224529143306	2867.5312782687397	1	0	2	0.26272738363619424
78200.0	500.0	2567.53127826876	0.0	0	252.4564102801378	2767.5312782687106	1	0	2	0.2637728690692386
79200.0	500.0	2467.531278268783	0.0	0	228.74883564685297	2667.5312782687397	1	0	2	0.2780649261373942
80200.0	500.0	2367.5312782687583	0.0	0	373.88471598693286	2567.531278268725	1	0	2	0.29081394592288706
81200.0	500.0	2267.5312782687615	0.0	0	359.32862619604566	2467.531278268725	1	0	2	0.3029546876790076
82200.0	500.0	2167.5312782687565	0.0	0	523.6730155547993	2367.5312782687542	1	0	2	0.31362065265808703
83200.0	500.0	2067.5312782687506	0.0	0	673.9921156249911	2267.531278268725	1	0	2	0.32346008854589386
84200.0	500.0	1967.531278268761	0.0	0	547.4697488782986	2167.531278268725	1	0	2	0.3325557211272835
85200.0	500.0	1867.5312782687652	0.0	0	434.7976686691254	2067.531278268725	1	0	2	0.34083918979790984
86200.0	500.0	1767.5312782687756	0.0	0	560.759102980388	1967.5312782687251	1	0	2	0.34825605248704145
87200.0	500.0	1667.5312782687581	0.0	0	535.2929296521761	1867.5312782687251	1	0	2	0.3550059417797624
88200.0	500.0	1567.5312782687402	0.0	0	551.9238216835802	1767.5312782687251	1	0	2	0.3611765967374375
89200.0	500.0	1467.5312782687365	0.0	0	594.1597867758246	1667.5312782687106	1	0	2	0.3667644433729436
90200.0	1000.0	1367.531278268737	0.0	0	30.959245089194155	1567.5312782687251	1	0	2	0.3724737214243592
91200.0	1000.0	1267.53127826873	0.0	0	321.0019724811136	1467.5312782687106	1	0	2	1.069705838935351
92200.0	1000.0	1167.5312782687452	0.0	0	200.4394544090028	1367.5312782687106	1	0	2	1.073902992710564
94200.52460499368	1000.0	200.0	211.85980656754643	0	0.0	1400.5246049936395	1	0	2	-0.272649721459228
95070.67622542453	500.0	497.09724209081617	231.14911324067154	0	0.0	1567.7734675153042	1	0	2	-1.6713024372880003
95865.77759418898	500.0	701.9958733263713	0.0	0	0.0	1567.7734675153188	1	0	1	0.2737228076908898
96595.8918605946	500.0	971.8816069207357	0.0	0	0.0	1567.7734675153042	1	0	1	0.47372280769089065
97417.2333271074	500.0	1150.540140407913	0.0	0	0.0	1567.7734675153042	1	0	1	0.47372280769089065
98200.0	500.0	1367.7734675153235	0.0	0	295.2194687406736	1567.7734675153042	1	0	1	0.47372280769089065
99200.0	500.0	1367.7734675153258	0.0	0	444.330689089169	1567.7734675153042	1	0	1	0.47372280769089065
100200.0	500.0	1367.773467515328	0.0	0	500.29418266894936	1567.7734675153042	1	0	1	0.47372280769089065
101200.0	500.0	1367.7734675153165	0.0	0	544.2066306153283	1567.7734675153042	1	0	1	0.47372280769089065
102200.0	500.0	1367.7734675153324	0.0	0	434.47046202546335	1567.7734675153042	1	0	1	0.47372280769089065
103200.0	500.0	1367.7734675153374	0.0	0	408.5887549321342	1567.7734675152897	1	0	1	0.47372280769089137
104200.0	500.0	1367.773467515329	0.0	0	286.844140059271	1567.7734675152897	1	0	1	0.47372280769089137
105200.0	500.0	1367.7734675153333	0.0	0	345.3034099994984	1567.7734675152897	1	0	1	0.47372280769089137
106200.0	500.0	1367.7734675153342	0.0	0	289.12702747828735	1567.7734675152751	1	0	1	0.473722807690892
107200.0	500.0	1367.7734675153408	0.0	0	19.38340230783797	1567.7734675152751	1	0	1	0.473722807690892
108552.8775824985	500.0	1014.8958850168331	0.0	0	0.0	1567.7734675152751	1	0	1	0.473722807690892
109212.28944762959	500.0	1355.4840198857398	0.0	0	0.0	1567.7734675152751	1	0	1	0.473722807690892
110200.0	500.0	1367.7734675153265	0.0	0	91.08526935640839	1567.7734675152751	1	0	1	0.473722807690892
111200.0	500.0	1367.7734675153217	0.0	0	43.32102641373058	1567.7734675152751	1	0	1	0.473722807690892
112200.0	500.0	1367.77346751532	0.0	0	472.32226126195746	1567.7734675152751	1	0	1	0.473722807690892
113200.0	500.0	1367.7734675153106	0.0	0	325.65298366811476	1567.7734675152751	1	0	1	0.473722807690892
114200.0	500.0	1367.7734675153208	0.0	0	485.87501033178705	1567.7734675152751	1	0	1	0.473722807690892
115200.0	500.0	1367.7734675152985	0.0	0	688.2326523738593	1567.7734675152751	1	0	1	0.473722807690892
116200.0	500.0	1367.7734675152901	0.0	0	522.8566892881354	1567.7734675152751	1	0	1	0.473722807690892
117200.0	500.0	1367.7734675152828	0.0	0	477.67215908037906	1567.7734675152606	1	0	1	0.4737228076908927
118200.0	500.0	1367.7734675152694	0.0	0	437.81874459695246	1567.7734675152606	1	0	1	0.4737228076908927
119200.0	500.0	1367.7734675152697	0.0	0	471.8139169608912	1567.7734675152606	1	0	1	0.4737228076908927
120200.0	500.0	1367.773467515281	0.0	0	191.234985381976	1567.7734675152751	1	0	1	0.47372280769089253
121200.0	500.0	1367.7734675152828	0.0	0	156.5902374596044	1567.7734675152751	1	0	1	0.473722807690892
122200.0	500.0	1367.773467515287	0.0	0	446.6644903068518	1567.7734675152751	1	0	1	0.473722807690892
123200.0	500.0	1367.7734675152815	0.0	0	397.2950459452695	1567.7734675152751	1	0	1	0.473722807690892
124200.0	500.0	1367.7734675152763	0.0	0	72.53846595692448	1567.7734675152751	1	0	1	0.473722807690892
125200.0	500.0	1367.773467515273	0.0	0	491.4428416311421	1567.7734675152751	1	0	1	0.473722807690892
126200.0	500.0	1367.7734675152742	0.0	0	587.7942810521781	1567.7734675152606	1	0	1	0.4737228076908927
127200.0	500.0	1367.7734675152883	0.0	0	656.4703186164843	1567.7734675152751	1	0	1	0.473722807690892
128200.0	500.0	1367.7734675152712	0.0	0	626.3674359763245	1567.7734675152751	1	0	1	0.473722807690892
129200.0	500.0	1367.7734675152658	0.0	0	616.4673154338961	1567.7734675152751	1	0	1	0.473722807690892
130200.0	500.0	1367.7734675152599	0.0	0	134.23473671014654	1567.7734675152751	1	0	1	0.473722807690892
131200.0	500.0	1367.7734675152458	0.0	0	520.1081720316142	1567.7734675152751	1	0	1	0.473722807690892
132200.0	500.0	1367.7734675152572	0.0	0	498.2947431203502	1567.7734675152897	1	0	1	0.47372280769089176
133200.0	1000.0	1367.7734675152533	0.0	0	147.78880572051276	1567.7734675152751	1	0	1	0.4737228076908921
134616.19714412667	1000.0	951.5763233885716	0.0	0	0.0	1567.7734675152751	1	0	1	1.1668699882508375
135580.6726655191	1000.0	987.1008019961395	0.0	0	0.0	1567.773467515246	1	0	1	1.166869988250838
136741.5462528697	1000.0	826.2272146455132	0.0	0	0.0	1567.773467515246	1	0	1	1.1668699882508387
137436.50174193992	1000.0	1131.2717255752884	0.0	0	0.0	1567.773467515246	1	0	1	1.1668699882508387
138311.98417276738	1000.0	1255.7892947477922	0.0	0	0.0	1567.773467515246	1	0	1	1.1668699882508387
139406.16556687938	1000.0	1161.60790063578	0.0	0	0.0	1567.773467515246	1	0	1	1.1668699882508387
140221.4741288907	500.0	1346.2993386244511	0.0	0	0.0	1567.773467515246	1	0	1	-0.21942437286905203
141200.0	500.0	1367.7734675151785	0.0	0	276.8560868201603	1567.773467515246	1	0	1	0.47372280769089337
142200.0	500.0	1367.7734675151512	0.0	0	429.773796957219	1567.773467515246	1	0	1	0.47372280769089337
143200.0	500.0	1367.7734675151742	0.0	0	460.9457379350497	1567.773467515217	1	0	1	0.4737228076908947
144200.0	500.0	1367.7734675151705	0.0	0	570.4025051286735	1567.773467515217	1	0	1	0.4737228076908947
145200.0	1000.0	1367.773467515157	0.0	0	136.76766205320018	1567.7734675151878	1	0	1	0.47372280769089614
146200.0	1000.0	1367.773467515138	0.0	0	171.71238982514478	1567.7734675151878	1	0	1	1.1668699882508415
147200.0	1000.0	1367.7734675151264	0.0	0	302.6798856854439	1567.7734675151878	1	0	1	1.1668699882508415
148200.0	1000.0	1367.773467515129	0.0	0	404.91290875501	1567.7734675151878	1	0	1	1.1668699882508415
149200.0	1000.0	1367.773467515147	0.0	0	385.14511592060444	1567.7734675151878	1	0	1	1.1668699882508415
150200.0	1000.0	1367.7734675151191	0.0	0	205.47154220668017	1567.7734675151878	1	0	1	1.1668699882508415
151200.0	1000.0	1367.773467515139	0.0	0	97.05927018536022	1567.7734675151878	1	0	1	1.1668699882508415
152200.0	1000.0	1367.7734675151169	0.0	0	461.73199233040214	1567.7734675151878	1	0	1	1.1668699882508415
153200.0	1000.0	1367.77346751511	0.0	0	413.90296607027994	1567.7734675151878	1	0	1	1.1668699882508415
154200.0	1000.0	1367.7734675150887	0.0	0	24.059545764728682	1567.7734675151878	1	0	1	1.1668699882508415
155742.83258096967	1000.0	824.9408865454126	0.0	0	0.0	1567.7734675151878	1	0	1	1.1668699882508415
156703.73344875156	1000.0	864.0400187635261	0.0	0	0.0	1567.7734675151878	1	0	1	1.1668699882508415
157772.38451913846	1000.0	795.3889483766643	0.0	0	0.0	1567.7734675151878	1	0	1	1.1668699882508415
159780.30187966535	1000.0	224.39556893429713	436.9239810844739	0	0.0	2004.697448599618	1	0	1	-1.476272421507598
160568.49550616258	1000.0	604.3863309138877	168.1843884768178	0	0.0	2172.88183707642	1	0	1	0.11952361188171917
161189.21479733568	1000.0	983.667039740812	0.0	0	0.0	2172.88183707642	1	0	1	1.1286299427426258
161885.6749044099	1000.0	1287.2069326665824	0.0	0	0.0	2172.88183707642	1	0	1	1.1286299427426258
162554.75303673514	1000.0	1618.128800341353	0.0	0	0.0	2172.88183707642	1	0	1	1.1286299427426258
163637.45388161	1000.0	1535.427955466535	0.0	0	0.0	2172.88183707642	1	0	1	1.1286299427426258
164689.21202485103	1000.0	1483.6698122255111	0.0	0	0.0	2172.88183707642	1	0	1	1.1286299427426258
165223.6893041964	1000.0	1949.1925328801644	0.0	0	0.0	2172.88183707642	1	0	1	1.1286299427426258
166200.0	1000.0	1972.8818370765873	0.0	0	51.73399963599513	2172.88183707642	1	0	1	1.1286299427426258
167414.0256733047	1000.0	1758.8561637718474	0.0	0	0.0	2172.88183707642	1	0	1	1.1286299427426258
168200.0	1000.0	1972.881837076572	0.0	0	54.915968079905724	2172.8818370764493	1	0	1	1.1286299427426232
169200.0	1000.0	1972.8818370765457	0.0	0	261.2661643041065	2172.88183707642	1	0	1	1.1286299427426258
170200.0	1000.0	1972.8818370765443	0.0	0	387.51754764531506	2172.881837076391	1	0	1	1.1286299427426283
171200.0	1000.0	1972.8818370765612	0.0	0	255.7507702819421	2172.881837076391	1	0	1	1.1286299427426283
172200.0	1000.0	1972.8818370765462	0.0	0	63.10839230348938	2172.88183707642	1	0	1	1.1286299427426258
173407.2776397641	1000.0	1765.6041973124607	0.0	0	0.0	2172.8818370764493	1	0	1	1.1286299427426232
174953.2992983847	1000.0	1219.5825386918204	0.0	0	0.0	2172.88183707642	1	0	1	1.1286299427426258
176232.3723086891	1000.0	940.5095283873993	0.0	0	0.0	2172.88183707642	1	0	1	1.1286299427426258
177332.64846930237	1000.0	840.2333677741062	0.0	0	0.0	2172.88183707642	1	0	1	1.1286299427426258
178674.6274378957	1000.0	498.2543991807988	0.0	0	0.0	2172.88183707642	1	0	1	1.1286299427426258
181178.5479919972	1000.0	200.0	1205.6661549207688	0	0.0	3378.547991997213	1	0	1	-6.258633133936937
182193.25797584374	500.0	428.2337584790907	242.94374232560438	0	0.0	3621.49173432283	1	0	1	-1.969398712352758
183038.20058007972	500.0	583.2911542430959	0.0	0	0.0	3621.49173432283	1	0	1	0.1814109221608135
183651.45546982755	500.0	970.0362644952578	0.0	0	0.0	3621.49173432283	1	0	1	0.1814109221608135
184169.6910562068	500.0	1451.800678115995	0.0	0	0.0	3621.4917343228008	1	0	1	0.1814109221608226
184666.5732445304	500.0	1905.2302709600556	0.0	0	0.0	3571.8035154904646	1	0	2	-0.056985733313427815
185072.07701895438	500.0	2459.176119093627	0.0	0	0.0	3531.2531380480214	1	0	2	0.16484683483219095
185521.48242420008	500.0	2964.830173323336	0.0	0	0.0	3486.3125975234143	1	0	2	0.17311560835951273
186200.0	500.0	3218.4608399434433	0.0	0	309.50884044289705	3418.4608399434364	1	0	2	0.1635132759768158
187200.0	500.0	3118.460839943451	0.0	0	463.09955125354463	3318.4608399434073	1	0	2	0.15499542522185278
188200.0	500.0	3018.46083994349	0.0	0	696.3312707658915	3218.4608399434655	1	0	2	0.17837102848918146
189200.0	1000.0	2918.4608399434687	0.0	0	436.4811420213373	3118.4608399434655	1	0	2	0.20053026451904146
190276.5240945306	1000.0	2734.2843359598164	0.0	0	0.0	3010.8084304904332	1	0	2	0.9091859632061786
191563.93950528943	1000.0	2318.127384125105	0.0	0	0.0	2882.0668894145347	1	0	2	0.9102690794033071
192573.52567817055	1000.0	2207.582593955868	0.0	0	0.0	2781.1082721264684	1	0	2	0.9554299133394332
193336.77520888657	1000.0	2368.0081101682654	0.0	0	0.0	2704.783319054899	1	0	2	0.9920621324487651
194623.34096995642	1000.0	1952.785772991462	0.0	0	0.0	2576.126742947963	1	0	2	0.9543622738410902
195598.82189785375	1000.0	1879.756752304387	0.0	0	0.0	2478.578650158219	1	0	2	0.9989733823629611
196680.68658415382	1000.0	1689.705597374309	0.0	0	0.0	2370.392181528179	1	0	2	0.9998377195384254
197502.472870113	1000.0	1785.7406828191774	0.0	0	0.0	2288.213552932255	1	0	2	1.0341341220691709
198246.199968651	1000.0	1967.640874427394	0.0	0	0.0	2213.8408430784766	1	0	2	1.04900679903647
199336.7494365655	1000.0	1768.0364597214334	0.0	0	0.0	2104.7858962870087	1	0	2	1.0228209009016072
200404.5836902122	1000.0	1593.4187807100782	0.0	0	0.0	1998.0024709223362	1	0	2	1.033350892016664
201302.08082440362	1000.0	1606.171933099532	0.0	0	0.0	1908.2527575032145	1	0	2	1.0569285232480856
202255.96461400265	1000.0	1556.8997645406018	0.0	0	0.0	1812.8643785433378	1	0	2	1.0570839503550697
203200.0	1000.0	1518.460839943543	0.0	0	139.54932650501723	1718.460839943611	1	0	2	1.0632790972368897
204200.0	1000.0	1418.4608399435026	0.0	0	117.95986446159077	1618.460839943611	1	0	2	1.0629661595816986
205200.0	1000.0	1318.4608399434906	0.0	0	345.34808273549424	1518.460839943611	1	0	2	1.0674239860753096
206200.0	1000.0	1218.4608399434915	0.0	0	138.46746505436022	1418.460839943611	1	0	2	1.072035243493189
207216.31740761074	1000.0	1100.5116915716694	0.0	0	0.0	1316.8290991825052	1	0	2	1.0746130940827805
208200.0	1000.0	1018.4608399434834	0.0	0	375.99245382190566	1218.460839943611	1	0	2	1.0809740839949447
209200.0	1000.0	918.460839943447	0.0	0	319.9753602728306	1118.460839943582	1	0	2	1.082634838342718
210200.0	1000.0	818.4608399434487	0.0	0	395.99049771451973	1018.460839943582	1	0	2	1.0855450474781856
211200.0	1000.0	718.460839943446	0.0	0	230.10851249593543	918.460839943582	1	0	2	1.0882666449807492
212200.0	1000.0	618.4608399434308	0.0	0	334.22463094824343	818.4608399435238	1	0	2	1.090650555839435
213491.65993268328	1000.0	200.0	2.150078189252426	0	0.0	691.6599326833675	1	0	2	1.0515754842244587
214893.7808653133	1000.0	200.0	493.03002353910495	0	0.0	1093.780865313427	1	0	2	-1.8653876880570608
215918.81137629677	1000.0	482.5107297099212	372.76753799248706	0	0.0	1401.3221060067008	1	0	2	-1.1287650672544236
216616.65948416363	1000.0	784.662621843086	0.0	0	0.0	1401.3221060067008	1	0	1	0.9740039501203261
217379.15011156065	1000.0	1022.1719944460461	0.0	0	0.0	1401.3221060067008	1	0	1	1.1740039501203263
218378.66445104234	1000.0	1022.6576549643763	0.0	0	0.0	1401.3221060066717	1	0	1	1.1740039501203277
219268.17044811585	1000.0	1133.1516578908495	0.0	0	0.0	1401.3221060066717	1	0	1	1.1740039501203277
220578.76648807313	1000.0	822.5556179335734	0.0	0	0.0	1401.3221060066717	1	0	1	1.1740039501203277
221731.94047521803	1000.0	669.3816307886914	0.0	0	0.0	1401.3221060066717	1	0	1	1.1740039501203277
222808.58372300921	1000.0	592.7383829975272	0.0	0	0.0	1401.3221060067008	1	0	1	1.1740039501203263
223712.55982357395	1000.0	688.7622824328174	0.0	0	0.0	1401.3221060067008	1	0	1	1.1740039501203263
224873.25417210965	1000.0	528.067933897078	0.0	0	0.0	1401.3221060067008	1	0	1	1.1740039501203263
226027.71325051304	1000.0	461.6440331229787	88.03517762930562	0	0.0	1489.3572836359963	1	0	1	0.6421646461123816
227356.30760337674	1000.0	219.11381938896582	86.0641391296918	0	0.0	1575.4214227656776	1	0	1	0.6501286436160957
228402.5186613401	1000.0	492.3410746682104	319.43831324260054	0	0.0	1894.8597360082786	1	0	1	-0.7676476664420842
228934.97027190277	500.0	959.8894641055526	0.0	0	0.0	1894.8597360082786	1	0	1	-0.23731214810637172
229369.11383270758	500.0	1525.745903300716	0.0	0	0.0	1894.8597360082495	1	0	1	0.45583503245357543
230200.0	500.0	1694.8597360083118	0.0	0	385.89545806357637	1894.8597360082495	1	0	1	0.45583503245357543
231200.0	500.0	1694.8597360083315	0.0	0	432.96313337390893	1894.8597360082495	1	0	1	0.45583503245357543
232200.0	500.0	1694.8597360083547	0.0	0	549.9959497087111	1894.8597360082495	1	0	1	0.45583503245357543
233200.0	500.0	1694.8597360083395	0.0	0	601.220425245614	1894.8597360082495	1	0	1	0.45583503245357543
234200.0	500.0	1694.8597360083218	0.0	0	550.4570919811085	1894.8597360082204	1	0	1	0.4558350324535773
235200.0	500.0	1694.8597360083497	0.0	0	582.0108230826736	1894.8597360082204	1	0	1	0.4558350324535773
236200.0	500.0	1694.8597360083334	0.0	0	666.4248299298924	1894.8597360082204	1	0	1	0.4558350324535773
237292.57921303873	1000.0	1602.2805229695994	0.0	0	0.0	1894.8597360082204	1	0	1	0.4558350324535773
238515.59720235236	1000.0	1379.2625336559454	0.0	0	0.0	1894.8597360082495	1	0	1	1.148982213013521
239573.69218304197	1000.0	1321.1675529663642	0.0	0	0.0	1894.8597360082495	1	0	1	1.148982213013521
240241.94557015292	1000.0	1652.9141658553935	0.0	0	0.0	1894.8597360082495	1	0	1	1.148982213013521
241508.6086518407	1000.0	1386.2510841676149	0.0	0	0.0	1894.8597360082786	1	0	1	1.148982213013519
243575.30537960137	1000.0	319.5543564069735	0.0	0	0.0	1894.8597360082786	1	0	1	1.148982213013519
244546.45145581558	500.0	522.5422622195151	174.133982026728	0	0.0	2068.9937180350244	1	0	1	-1.2942198725311977
245458.72685193983	500.0	610.2668660952869	0.0	0	0.0	2068.9937180350244	1	0	1	0.44373120018911555
246146.94855033353	500.0	922.045167701575	0.0	0	0.0	2068.9937180350244	1	0	1	0.44373120018911555
246778.10755744152	500.0	1290.886160593574	0.0	0	0.0	2068.9937180350244	1	0	1	0.44373120018911555
247329.14680688208	500.0	1739.8469111530048	0.0	0	0.0	2068.9937180350244	1	0	1	0.44373120018911555
248200.0	500.0	1868.9937180350726	0.0	0	438.14505561915576	2068.9937180350244	1	0	1	0.44373120018911555
249200.0	500.0	1868.99371803507	0.0	0	476.05123757451656	2068.9937180350535	1	0	1	0.44373120018911333
250200.0	500.0	1868.9937180350944	0.0	0	331.8511648044805	2068.9937180350535	1	0	1	0.44373120018911333
251200.0	500.0	1868.9937180350857	0.0	0	396.67556596329086	2068.9937180350535	1	0	1	0.44373120018911333
252200.0	500.0	1868.9937180350641	0.0	0	125.29699206011719	2068.9937180350244	1	0	1	0.44373120018911555
253200.0	500.0	1868.9937180350755	0.0	0	300.8685688218975	2068.9937180350535	1	0	1	0.44373120018911333
254200.0	500.0	1868.9937180350892	0.0	0	286.6473761156376	2068.9937180350535	1	0	1	0.44373120018911333
255200.0	500.0	1868.9937180350848	0.0	0	640.8467860594683	2068.9937180350244	1	0	1	0.44373120018911555
256200.0	500.0	1868.9937180350837	0.0	0	584.5267076760065	2068.9937180350244	1	0	1	0.44373120018911555
257200.0	500.0	1868.993718035112	0.0	0	425.78111142202397	2068.9937180350244	1	0	1	0.44373120018911555
258200.0	500.0	1868.9937180350894	0.0	0	318.323493818898	2068.9937180350244	1	0	1	0.44373120018911555
259200.0	500.0	1868.9937180351142	0.0	0	287.5393298257259	2068.9937180350244	1	0	1	0.44373120018911555
260200.0	500.0	1868.9937180351176	0.0	0	526.5204430400336	2068.9937180350244	1	0	1	0.44373120018911555
261200.0	500.0	1868.993718035099	0.0	0	456.1927764917491	2068.9937180350244	1	0	1	0.44373120018911555
262200.0	500.0	1868.993718035092	0.0	0	481.44110496219946	2068.9937180350244	1	0	1	0.44373120018911555
263200.0	500.0	1868.9937180351187	0.0	0	240.8373842195142	2068.9937180350535	1	0	1	0.44373120018911333
264200.0	500.0	1868.9937180351494	0.0	0	319.11454007186694	2068.9937180351117	1	0	1	0.4437312001891111
265200.0	500.0	1868.9937180352324	0.0	0	446.07322445552563	2068.9937180351117	1	0	1	0.4437312001891089
266200.0	500.0	1868.9937180352206	0.0	0	626.4405540398438	2068.9937180351117	1	0	1	0.4437312001891089
267200.0	500.0	1868.9937180352022	0.0	0	672.0613497614977	2068.9937180351117	1	0	1	0.4437312001891089
268200.0	500.0	1868.9937180351749	0.0	0	508.6209743154468	2068.9937180351117	1	0	1	0.4437312001891089
269200.0	500.0	1868.993718035164	0.0	0	233.32362120389007	2068.9937180350535	1	0	1	0.44373120018911333
270200.0	500.0	1868.9937180351535	0.0	0	305.61442404903937	2068.9937180349953	1	0	1	0.4437312001891177
271200.0	500.0	1868.993718035203	0.0	0	514.4166270436835	2068.9937180349953	1	0	1	0.4437312001891177
272200.0	500.0	1868.9937180352076	0.0	0	497.83754958200734	2068.9937180349953	1	0	1	0.4437312001891177
273200.0	500.0	1868.993718035225	0.0	0	3.073852160887327	2068.9937180349953	1	0	1	0.4437312001891177
274200.0	500.0	1868.9937180352001	0.0	0	220.40442541637458	2068.9937180349953	1	0	1	0.4437312001891177
275200.0	500.0	1868.9937180351876	0.0	0	58.005460056941956	2068.9937180349953	1	0	1	0.4437312001891177
277201.322486227	500.0	867.6712318081268	0.0	0	0.0	2068.993718034937	1	0	1	0.44373120018912204
278822.9621815635	500.0	594.6699377418075	348.6384012700955	0	0.0	2417.632119305257	1	0	1	-1.6793435407439063
279622.212712793	500.0	795.4194065122712	0.0	0	0.0	2417.632119305257	1	0	1	0.4124868668766668
280036.44207353453	500.0	1381.1900457707227	0.0	0	0.0	2417.632119305257	1	0	1	0.4124868668766668
280592.7528448799	500.0	1824.879274425314	0.0	0	0.0	2417.6321193053154	1	0	1	0.41248686687666064
281200.0	500.0	2217.6321193052604	0.0	0	213.714551897021	2417.6321193053154	1	0	1	0.41248686687666064
282396.09298862045	500.0	2021.5391306847482	0.0	0	0.0	2417.6321193053154	1	0	1	0.41248686687666064
283200.0	500.0	2217.6321193051663	0.0	0	135.9459784309147	2417.6321193053154	1	0	1	0.41248686687666064
284200.0	500.0	2217.6321193051267	0.0	0	269.7000961705926	2417.6321193053154	1	0	1	0.41248686687666064
285200.0	500.0	2217.632119305119	0.0	0	625.1594099198119	2417.6321193053154	1	0	1	0.41248686687666064
286200.0	500.0	2217.6321193050867	0.0	0	674.2824713559821	2417.6321193053154	1	0	1	0.41248686687666064
287200.0	500.0	2217.632119305048	0.0	0	419.2512613545987	2417.6321193053154	1	0	1	0.41248686687666064
288200.0	500.0	2217.6321193050085	0.0	0	454.64386156597175	2417.632119305257	1	0	1	0.4124868668766668
289200.0	500.0	2217.632119304944	0.0	0	654.7336727354559	2417.632119305257	1	0	1	0.4124868668766668
290200.0	500.0	2217.632119305016	0.0	0	624.4738036663621	2417.6321193053154	1	0	1	0.41248686687666064
291200.0	500.0	2217.632119305019	0.0	0	547.2298997089383	2417.6321193053154	1	0	1	0.41248686687666064
292200.0	500.0	2217.632119305072	0.0	0	269.4137248938787	2417.6321193053154	1	0	1	0.41248686687666064
293203.95065658074	1000.0	2213.6814627243534	0.0	0	0.0	2417.6321193053154	1	0	1	0.4124868668766607
294424.3212152131	1000.0	1993.3109040919787	0.0	0	0.0	2417.6321193053154	1	0	1	1.105634047436606
295515.38177182525	1000.0	1902.2503474798248	0.0	0	0.0	2417.632119305257	1	0	1	1.1056340474366122
296473.4908155252	1000.0	1944.1413037798857	0.0	0	0.0	2417.6321193053154	1	0	1	1.105634047436606
297773.9214370791	1000.0	1643.710682225996	0.0	0	0.0	2417.6321193053154	1	0	1	1.105634047436606
298530.0728054142	500.0	1887.5593138909092	0.0	0	0.0	2417.6321193053736	1	0	1	-0.2806603136832908
299287.7234336869	500.0	2129.908685618191	0.0	0	0.0	2417.6321193053736	1	0	1	0.41248686687665453
300200.0	500.0	2217.632119305083	0.0	0	420.00155752315186	2417.6321193053736	1	0	1	0.41248686687665453
1.22	1.31	1.4	1.47	1.19	1.11	1.05	1.11	1.12	1.62	1.81	1.36	1.09	0.753	0.405	0.487	0.672	1.14	1.48	1.29	1.02	1.15	0.811	0.985	1.59	2.15	2.15	1.29	0.579	0.637	0.869	0.487	0.904	1.49	1.73	1.09	0.626	0.637	1.14	1.25	1.04	1.07	0.765	1.04	0.811	1.16	0.996	0.88	0.962	1.45	1.71	1.73	1.91	1.77	0.73	1.08	1.49	1.22	0.753	0.232	0.51	0.985	1.1	0.568	0.846	0.776	0.672	0.626	1.14	0.996	0.602	0.602	0.463	0.753	0.904	0.927	1.11	1.52	1.19	1.23	0.915	1.08	0.973	0.904	1.12	1.39	1.41	1.07	0.533	0.591	0.66	0.776	0.683	0.869	1.25	1.1	0.95	1.14	1.11	0.846	0.869	0.938	0.486	0.22	0.602	0.811	0.614	0.811	0.857	1.15	1.53	1.34	0.799	0.811	0.765	0.637	0.823	0.811	0.799	0.672	1.2	1.8	1.73	1.97	1.22	0.695	1.11	1.38	0.938	0.857	1.04	0.938	1.34	1.32	0.753	0.799	0.904	0.892	1.39	1.58	1.34	1.62	1.77	2.04	1.71	1.37	1.47	2.0	1.49	1.34	0.811	0.869	0.961	0.544	0.544	0.892	1.29	1.47	1.08	1.18	1.45	1.52	1.07	1.32	1.91	1.73	1.15	1.17	0.753	0.788	0.915	0.869	0.996	0.846	0.544	0.452	0.649	0.614	0.799	1.04	1.2	1.23	1.32	1.78	1.74	1.22	0.915	1.08	1.14	1.12	0.811	1.12	1.59	1.37	1.15	1.17	1.01	0.765	1.11	1.3	1.58	1.46	1.07	1.52	2.06	2.42	1.49	1.23	0.985	0.822	0.707	1.08	1.62	1.38	1.01	0.892	0.904	1.12	1.1	0.822	0.915	1.1	0.649	0.707	1.08	1.11	1.22	1.52	0.788	1.02	1.42	1.32	1.17	0.834	0.927	1.42	1.09	0.765	0.568	0.475	0.463	0.788	1.09	1.41	1.27	0.764	0.753	0.649	0.788	0.973	1.23	1.58	0.95	0.776	0.73	0.961	1.1	0.66	0.788	0.95	1.17	1.33	1.27	1.12	0.544	0.776	1.17	0.788	0.602	0.486	0.579	0.243	0.347	0.174	0.672	1.22	1.09	0.336	0.707	1.01	1.4	1.24	1.08	1.24	1.4	1.25	0.927	0.869	0.695	1.02	1.16	1.09	0.741	0.626	0.904	1.17	0.973	1.02	0.961
1.0	2.0	3.0	4.0	5.0	6.0	7.0	8.0	9.0	10.0	11.0	12.0	13.0	14.0	15.0	16.0	17.0	18.0	19.0	20.0	21.0	22.0	23.0	24.0	25.0	26.0	27.0	28.0	29.0	30.0	31.0	32.0	33.0	34.0	35.0	36.0	37.0	38.0	39.0	40.0	41.0	42.0	43.0	44.0	45.0	46.0	47.0	48.0	49.0	50.0	51.0	52.0	53.0	54.0	55.0	56.0	57.0	58.0	59.0	60.0	61.0	62.0	63.0	64.0	65.0	66.0	67.0	68.0	69.0	70.0	71.0	72.0	73.0	74.0	75.0	76.0	77.0	78.0	79.0	80.0	81.0	82.0	83.0	84.0	85.0	86.0	87.0	88.0	89.0	90.0	91.0	92.0	93.0	94.0	95.0	96.0	97.0	98.0	99.0	100.0	101.0	102.0	103.0	104.0	105.0	106.0	107.0	108.0	109.0	110.0	111.0	112.0	113.0	114.0	115.0	116.0	117.0	118.0	119.0	120.0	121.0	122.0	123.0	124.0	125.0	126.0	127.0	128.0	129.0	130.0	131.0	132.0	133.0	134.0	135.0	136.0	137.0	138.0	139.0	140.0	141.0	142.0	143.0	144.0	145.0	146.0	147.0	148.0	149.0	150.0	151.0	152.0	153.0	154.0	155.0	156.0	157.0	158.0	159.0	160.0	161.0	162.0	163.0	164.0	165.0	166.0	167.0	168.0	169.0	170.0	171.0	172.0	173.0	174.0	175.0	176.0	177.0	178.0	179.0	180.0	181.0	182.0	183.0	184.0	185.0	186.0	187.0	188.0	189.0	190.0	191.0	192.0	193.0	194.0	195.0	196.0	197.0	198.0	199.0	200.0	201.0	202.0	203.0	204.0	205.0	206.0	207.0	208.0	209.0	210.0	211.0	212.0	213.0	214.0	215.0	216.0	217.0	218.0	219.0	220.0	221.0	222.0	223.0	224.0	225.0	226.0	227.0	228.0	229.0	230.0	231.0	232.0	233.0	234.0	235.0	236.0	237.0	238.0	239.0	240.0	241.0	242.0	243.0	244.0	245.0	246.0	247.0	248.0	249.0	250.0	251.0	252.0	253.0	254.0	255.0	256.0	257.0	258.0	259.0	260.0	261.0	262.0	263.0	264.0	265.0	266.0	267.0	268.0	269.0	270.0	271.0	272.0	273.0	274.0	275.0	276.0	277.0	278.0	279.0	280.0	281.0	282.0	283.0	284.0	285.0	286.0	287.0	288.0	289.0	290.0	291.0	292.0	293.0	294.0	295.0	296.0	297.0	298.0	299.0
4374.335597119068
