5033.689676336181	300.0	2000.0	156.17348872610722	0	0.0	5033.689676336181	1	0	1	-2.0033363244808684
5186.11317954958	300.0	2832.334146465261	0.0	0	0.0	5018.447326014842	1	0	2	-1.2981823432904136
5386.3141429175175	300.0	3612.113086760529	0.0	0	0.0	4998.427229678047	1	0	2	-1.0882332032086361
5537.789215580837	300.0	4445.490506830877	0.0	0	0.0	4983.279722411714	1	0	2	-1.0705863986088897
6200.0	500.0	4717.058643969796	0.0	0	460.4678900286299	4917.058643969797	1	0	2	-1.0939132856209786
7200.0	500.0	4617.0586439697945	0.0	0	720.4187472465683	4817.058643969796	1	0	2	-0.5465582784558833
8200.0	500.0	4517.058643969793	0.0	0	828.6779180427757	4717.058643969796	1	0	2	-0.475135051873088
9200.0	500.0	4417.058643969792	0.0	0	811.8308389244103	4617.058643969796	1	0	2	-0.4075448543769006
10200.0	1000.0	4317.05864396979	0.0	0	535.0389316440378	4517.058643969794	1	0	2	-0.34363265800032605
11269.16857911963	2000.0	4140.973206938196	0.0	0	0.0	4410.141786057831	1	0	2	0.4113100430905635
12200.0	2000.0	4117.058643969788	0.0	0	247.52407033711643	4317.058643969794	1	0	2	1.169887626468101
13200.0	2000.0	4017.0586439697863	0.0	0	385.41982307150465	4217.058643969793	1	0	2	1.2120937711435835
14200.0	2000.0	3917.0586439697863	0.0	0	261.5697376670869	4117.058643969793	1	0	2	1.2625856845817673
15200.0	2000.0	3817.0586439697868	0.0	0	489.6547651150813	4017.0586439697945	1	0	2	1.3062722193269367
16200.0	2000.0	3717.0586439697845	0.0	0	500.0983122268317	3917.058643969791	1	0	2	1.3482423067337095
17200.0	2000.0	3617.058643969786	0.0	0	564.2892547768606	3817.058643969791	1	0	2	1.387088497801928
18200.0	2000.0	3517.0586439697854	0.0	0	559.982698895612	3717.058643969791	1	0	2	1.4232036482164225
19200.0	2000.0	3417.058643969782	0.0	0	306.7972303604729	3617.058643969791	1	0	2	1.4576703640030622
20200.0	3000.0	3317.0586439697836	0.0	0	29.89070167695536	3517.058643969791	1	0	2	1.4906572569907959
21200.0	3000.0	3217.0586439697886	0.0	0	371.87202885899023	3417.058643969798	1	0	2	1.9214896910259593
22200.0	3000.0	3117.0586439697922	0.0	0	263.1260681769454	3317.058643969802	1	0	2	1.947617714490028
23200.0	3000.0	3017.0586439697963	0.0	0	184.0052731467258	3217.058643969809	1	0	2	1.971397038148725
24968.273024348215	3000.0	2071.9583171867566	0.0	0	0.0	3040.2313415349818	1	0	2	1.9278218961523934
27087.125657531677	3000.0	741.2204206849449	0.0	0	0.0	2828.346078216633	1	0	2	1.9297812417187312
28272.958015053744	2000.0	555.3880631628793	0.0	0	0.0	2828.3460782166294	1	0	1	1.1405594442918665
29613.274532734045	2000.0	369.4596478818866	154.38810239930973	0	0.0	2982.734180615942	1	0	1	0.7940741510637849
31589.141980872148	2000.0	200.0	806.4078002562159	0	0.0	3789.1419808721585	1	0	1	-3.2938339522563376
33009.36957005347	2000.0	250.98404904549596	471.21163822682433	0	0.0	4260.35361909898	1	0	1	-1.5175455248875092
33566.86712854524	1000.0	730.0100923511169	36.523601797388096	0	0.0	4296.877220896364	1	0	1	-0.31465690290151205
34224.25882193183	1000.0	1072.6183989645276	0.0	0	0.0	4296.877220896371	1	0	1	0.5976318884427598
34703.29513896473	1000.0	1593.5820819316284	0.0	0	0.0	4296.877220896375	1	0	1	0.5976318884427576
35075.23084159187	1000.0	2184.4528090417716	0.0	0	0.0	4259.6836506336585	1	0	2	0.37514261492669065
35501.75024426388	1000.0	2715.281466102562	0.0	0	0.0	4217.031710366464	1	0	2	0.5899366260001542
35903.56396512356	1000.0	3273.2863731569146	0.0	0	0.0	4176.850338280499	1	0	2	0.613433643305642
36206.64684482684	1000.0	3939.895205483315	0.0	0	0.0	4146.542050310181	1	0	2	0.6383994855902912
37200.0	1000.0	3847.2067347928487	0.0	0	549.6651282091698	4047.206734792875	1	0	2	0.600188394566152
38200.0	2000.0	3747.2067347928514	0.0	0	250.5001622212585	3947.2067347928896	1	0	2	0.6442310823122473
39200.0	2000.0	3647.2067347928464	0.0	0	343.6600291353534	3847.206734792897	1	0	2	1.3763034134394143
40200.0	2000.0	3547.20673479284	0.0	0	432.84939962047065	3747.206734792897	1	0	2	1.4131319061798986
41200.0	2000.0	3447.2067347928396	0.0	0	298.84073961796093	3647.206734792897	1	0	2	1.4474129841822385
42200.0	2000.0	3347.206734792835	0.0	0	105.19222541913041	3547.2067347928896	1	0	2	1.4796754118803719
43200.0	2000.0	3247.2067347928396	0.0	0	46.521925650158664	3447.206734792904	1	0	2	1.5109894921966043
44200.0	2000.0	3147.206734792847	0.0	0	71.59497717364866	3347.2067347929114	1	0	2	1.5367139459709258
45200.0	2000.0	3047.2067347928432	0.0	0	472.9151940396041	3247.2067347929114	1	0	2	1.5582594924094444
46200.0	2000.0	2947.2067347928437	0.0	0	178.06554455809965	3147.2067347929114	1	0	2	1.582088293533483
47200.0	2000.0	2847.206734792844	0.0	0	457.4353058734632	3047.2067347929114	1	0	2	1.601178052572953
48200.0	2000.0	2747.2067347928455	0.0	0	379.85376131835073	2947.2067347929114	1	0	2	1.620116764746529
49200.0	2000.0	2647.206734792855	0.0	0	363.4397588880238	2847.2067347929187	1	0	2	1.636945388476142
50200.0	2000.0	2547.206734792853	0.0	0	80.09525124006905	2747.2067347929187	1	0	2	1.6533341274807478
51200.0	2000.0	2447.2067347928537	0.0	0	57.428607153575285	2647.2067347929333	1	0	2	1.6679190128354762
52200.0	2000.0	2347.206734792859	0.0	0	401.1779683925415	2547.206734792948	1	0	2	1.6795788058637557
53217.829781204564	2000.0	2227.593975467837	0.0	0	0.0	2445.4237566724987	1	0	2	1.6912653801110198
54200.0	2000.0	2147.2067347928632	0.0	0	241.271093539086	2347.206734792955	1	0	2	1.7042787812415527
55200.0	2000.0	2047.206734792859	0.0	0	348.582997419835	2247.206734792948	1	0	2	1.7119729241103374
56200.0	2000.0	1947.2067347928614	0.0	0	138.810238301965	2147.2067347929406	1	0	2	1.7213426827104126
57200.0	2000.0	1847.2067347928582	0.0	0	337.50901619673095	2047.2067347929406	1	0	2	1.728873106030912
58200.0	2000.0	1747.2067347928626	0.0	0	304.8378142479269	1947.2067347929406	1	0	2	1.7361563346633386
59200.0	2000.0	1647.206734792858	0.0	0	11.728668894989823	1847.206734792926	1	0	2	1.7433502473386588
60415.495746097906	2000.0	1310.1614140851582	0.0	0	0.0	1725.6571601831383	1	0	2	1.728886964497695
61552.19108656672	2000.0	1059.7965395694623	0.0	0	0.0	1611.9876261362515	1	0	2	1.742625813547012
62304.37177826253	2000.0	1307.615847873649	0.0	0	0.0	1611.9876261362515	1	0	1	1.6579188536780876
63200.0	2000.0	1411.9876261361837	0.0	0	234.6803811060745	1611.9876261362515	1	0	1	1.8579188536780877
64200.0	2000.0	1411.9876261361821	0.0	0	337.0705415186021	1611.9876261362588	1	0	1	1.8579188536780875
65200.0	2000.0	1411.9876261361865	0.0	0	304.2546934994316	1611.987626136266	1	0	1	1.857918853678087
66200.0	2000.0	1411.9876261361967	0.0	0	477.1614677651087	1611.9876261362733	1	0	1	1.857918853678087
67200.0	2000.0	1411.987626136194	0.0	0	245.27601887166384	1611.9876261362806	1	0	1	1.8579188536780866
68200.0	2000.0	1411.9876261361735	0.0	0	11.037647284436389	1611.987626136266	1	0	1	1.8579188536780866
69200.0	2000.0	1411.9876261361594	0.0	0	124.28601527446881	1611.987626136266	1	0	1	1.857918853678087
70236.85594012978	2000.0	1375.1316860063703	0.0	0	0.0	1611.987626136266	1	0	1	1.857918853678087
71200.0	2000.0	1411.9876261361471	0.0	0	41.14662135487015	1611.987626136266	1	0	1	1.857918853678087
72658.55891286758	2000.0	953.428713268564	0.0	0	0.0	1611.987626136266	1	0	1	1.857918853678087
74149.82288442185	2000.0	462.16474171430224	0.0	0	0.0	1611.987626136266	1	0	1	1.857918853678087
75878.37735855639	2000.0	200.0	466.38973242022274	0	0.0	2078.3773585563904	1	0	1	-0.9620679007061544
77774.34047028459	2000.0	219.62943824120822	915.592549969407	0	0.0	2993.969908525789	1	0	1	-3.7706842497717235
78198.39956144162	1000.0	798.1621809186029	2.5918338344455947	0	0.0	2996.5617423602234	1	0	1	0.31608197074037636
78630.77197391824	1000.0	1365.7897684419872	0.0	0	0.0	2996.5617423602234	1	0	1	1.024780154306995
79260.13109182505	1000.0	1673.494738744486	0.0	0	0.0	2933.625830569523	1	0	2	0.7702122029696798
79688.26771812452	1000.0	2202.5444498150882	0.0	0	0.0	2890.8121679396136	1	0	2	0.9983712978226126
80211.19766956642	1000.0	2627.3215032290013	0.0	0	0.0	2838.5191727954225	1	0	2	0.9969394451581888
81200.0	1000.0	2539.6389397520816	0.0	0	300.91272597674106	2739.6389397520834	1	0	2	0.9618935652354835
82200.0	1000.0	2439.638939752075	0.0	0	139.17601741704857	2639.638939752069	1	0	2	0.9755021140496678
83200.0	1000.0	2339.6389397520597	0.0	0	225.63425688742427	2539.6389397520543	1	0	2	0.9878258885078046
84200.0	1000.0	2239.6389397520593	0.0	0	424.8751889745472	2439.6389397520397	1	0	2	0.9990402601046079
85200.0	1000.0	2139.6389397520506	0.0	0	414.8467443435802	2339.638939752025	1	0	2	1.0097605799528826
86200.0	1000.0	2039.6389397520552	0.0	0	380.4198224608117	2239.6389397520397	1	0	2	1.0193736071005077
87200.0	1000.0	1939.6389397520404	0.0	0	409.8478095422179	2139.6389397520397	1	0	2	1.0282589383878105
88200.0	1000.0	1839.6389397520327	0.0	0	357.03192507127824	2039.6389397520397	1	0	2	1.0361854435916624
89200.0	1000.0	1739.63893975205	0.0	0	466.92804448619427	1939.6389397520688	1	0	2	1.0434519606949102
90200.0	1000.0	1639.6389397520513	0.0	0	429.0831189680757	1839.6389397520834	1	0	2	1.050027185373768
91200.0	1000.0	1539.6389397520638	0.0	0	559.9026325718005	1739.638939752098	1	0	2	1.0559508651640142
92200.0	1000.0	1439.6389397520811	0.0	0	527.7769918336417	1639.6389397521125	1	0	2	1.0614078418208415
93200.0	1000.0	1339.6389397520804	0.0	0	680.7892702198151	1539.6389397521125	1	0	2	1.0662973888763188
94200.0	1000.0	1239.6389397520838	0.0	0	575.6484285292536	1439.6389397521125	1	0	2	1.070789286467996
95200.0	1000.0	1139.6389397520666	0.0	0	563.9657758317189	1339.6389397521125	1	0	2	1.0748354325060383
96200.0	2000.0	1039.6389397520634	0.0	0	365.99413535952044	1239.638939752127	1	0	2	1.078593146128059
97200.0	2000.0	939.6389397520704	0.0	0	208.58060422404378	1139.6389397521125	1	0	2	1.7752063876449564
98200.0	2000.0	839.6389397520486	0.0	0	383.7043579488527	1039.638939752098	1	0	2	1.778082515331406
99200.0	2000.0	739.6389397520452	0.0	0	168.66320729722793	939.6389397520834	1	0	2	1.780919075032948
100200.0	2000.0	639.6389397520325	0.0	0	303.19624556250346	839.6389397520688	1	0	2	1.783332290659468
101347.6057810226	2000.0	377.27258062716487	0.0	0	0.0	724.8783616498258	1	0	2	1.7712309951536542
102496.89542440174	2000.0	391.056998924144	252.7300236491166	0	0.0	887.9524233259581	1	0	2	0.2763483822702817
103383.8097819229	2000.0	536.4582036098648	110.00636178092202	0	0.0	920.2679855328461	1	0	2	1.1440240710949223
104968.94175983449	2000.0	200.0	248.67377430172684	0	0.0	1168.9417598345754	1	0	1	0.18478337794460017
106742.22280797659	2000.0	219.36990205843085	792.650950200544	0	0.0	1961.5927100350236	1	0	1	-2.91744870006207
107675.22180108994	2000.0	509.03215843109524	222.66124948600634	0	0.0	2184.2539595210255	1	0	1	0.4848558140534896
108455.09812934967	2000.0	729.1558301713603	0.0	0	0.0	2184.2539595210255	1	0	1	1.820823310969528
109326.131196352	2000.0	858.1227631690206	0.0	0	0.0	2184.2539595210255	1	0	1	1.820823310969528
109708.17070275093	1000.0	1476.0832567700927	0.0	0	0.0	2184.253959521011	1	0	1	0.43452894984963886
110200.0	1000.0	1984.2539595210194	0.0	0	8.644780743139563	2184.2539595209964	1	0	1	1.1276761304095853
111200.0	1000.0	1984.253959521012	0.0	0	552.6746778808301	2184.2539595209964	1	0	1	1.1276761304095853
112200.0	2000.0	1984.2539595210192	0.0	0	481.0420842502499	2184.253959520982	1	0	1	1.1276761304095864
113200.0	2000.0	1984.2539595210174	0.0	0	157.9280405959871	2184.253959520982	1	0	1	1.8208233109695315
114200.0	2000.0	1984.253959521021	0.0	0	87.82102512761776	2184.253959520982	1	0	1	1.8208233109695315
115200.0	2000.0	1984.253959521011	0.0	0	97.67418444316718	2184.253959520982	1	0	1	1.8208233109695315
116297.71460453281	2000.0	1886.5393549882033	0.0	0	0.0	2184.253959520982	1	0	1	1.8208233109695315
117200.0	2000.0	1984.2539595209987	0.0	0	115.15601597666682	2184.2539595209673	1	0	1	1.8208233109695329
118200.0	2000.0	1984.2539595209987	0.0	0	101.79302950367855	2184.2539595209673	1	0	1	1.8208233109695329
119200.0	2000.0	1984.2539595209955	0.0	0	107.26622221275466	2184.2539595209673	1	0	1	1.8208233109695329
120200.0	2000.0	1984.253959521007	0.0	0	89.42368428243208	2184.2539595209673	1	0	1	1.8208233109695329
121238.8382749213	2000.0	1945.415684599696	0.0	0	0.0	2184.2539595209673	1	0	1	1.8208233109695329
122300.05477819717	2000.0	1884.1991813238324	0.0	0	0.0	2184.2539595209673	1	0	1	1.8208233109695329
123200.0	2000.0	1984.2539595209983	0.0	0	200.31881597959728	2184.253959520953	1	0	1	1.820823310969534
124391.08527076663	2000.0	1793.1686887543626	0.0	0	0.0	2184.253959520953	1	0	1	1.820823310969534
125200.0	2000.0	1984.2539595209842	0.0	0	92.66274608562526	2184.253959520953	1	0	1	1.820823310969534
126200.0	2000.0	1984.2539595209782	0.0	0	243.8618003561278	2184.253959520953	1	0	1	1.820823310969534
127200.0	2000.0	1984.2539595209519	0.0	0	279.859510182534	2184.253959520953	1	0	1	1.820823310969534
128200.0	2000.0	1984.2539595209578	0.0	0	342.6015509270801	2184.253959520953	1	0	1	1.820823310969534
129200.0	2000.0	1984.2539595209591	0.0	0	417.2374237683107	2184.253959520953	1	0	1	1.820823310969534
130225.27908341729	2000.0	1958.9748761036528	0.0	0	0.0	2184.253959520938	1	0	1	1.8208233109695353
131200.0	2000.0	1984.25395952095	0.0	0	302.1557193100598	2184.253959520953	1	0	1	1.820823310969535
132200.0	2000.0	1984.2539595209641	0.0	0	322.5943685916718	2184.2539595209673	1	0	1	1.8208233109695342
133200.0	2000.0	1984.253959520955	0.0	0	433.1886775774474	2184.253959520953	1	0	1	1.8208233109695338
134200.0	2000.0	1984.2539595209655	0.0	0	327.28546814626316	2184.253959520953	1	0	1	1.820823310969534
135242.00798587696	2000.0	1942.2459736439546	0.0	0	0.0	2184.253959520953	1	0	1	1.820823310969534
136224.68961988113	2000.0	1959.564339639797	0.0	0	0.0	2184.253959520953	1	0	1	1.820823310969534
137231.97754344667	2000.0	1952.2764160742709	0.0	0	0.0	2184.253959520953	1	0	1	1.820823310969534
138541.95732867185	2000.0	1642.296630849113	0.0	0	0.0	2184.253959520953	1	0	1	1.820823310969534
139828.999091159	2000.0	1355.2548683619696	0.0	0	0.0	2184.253959520982	1	0	1	1.8208233109695315
140662.79245957787	2000.0	1521.4614999430896	0.0	0	0.0	2184.253959520982	1	0	1	1.8208233109695315
141645.91480470795	2000.0	1538.3391548130228	0.0	0	0.0	2184.253959520982	1	0	1	1.8208233109695315
142653.7977816554	2000.0	1530.4561778655993	0.0	0	0.0	2184.253959521011	1	0	1	1.820823310969529
143273.20407028418	2000.0	1911.0498892368378	0.0	0	0.0	2184.253959521011	1	0	1	1.820823310969529
144200.0	2000.0	1984.253959521032	0.0	0	143.2962008161412	2184.253959521011	1	0	1	1.820823310969529
145200.0	2000.0	1984.2539595210505	0.0	0	386.70075234997785	2184.25395952104	1	0	1	1.8208233109695269
146200.0	2000.0	1984.2539595210528	0.0	0	266.4499061786919	2184.25395952104	1	0	1	1.8208233109695269
147200.0	2000.0	1984.2539595210528	0.0	0	370.22939673715155	2184.25395952104	1	0	1	1.8208233109695269
148200.0	2000.0	1984.2539595210787	0.0	0	14.393619447539095	2184.253959521069	1	0	1	1.8208233109695242
149200.0	2000.0	1984.2539595210928	0.0	0	162.44403768115444	2184.253959521069	1	0	1	1.8208233109695242
150280.80252347246	2000.0	1903.4514360486546	0.0	0	0.0	2184.253959521069	1	0	1	1.8208233109695242
151588.60868965907	2000.0	1595.6452698620471	0.0	0	0.0	2184.2539595210983	1	0	1	1.8208233109695218
152423.30494662415	2000.0	1760.9490128969778	0.0	0	0.0	2184.2539595210983	1	0	1	1.8208233109695218
153645.17531382927	2000.0	1539.0786456918775	0.0	0	0.0	2184.2539595210983	1	0	1	1.8208233109695218
154652.4473399056	2000.0	1531.806619615506	0.0	0	0.0	2184.2539595210983	1	0	1	1.8208233109695218
155858.38032671137	2000.0	1325.8736328097523	0.0	0	0.0	2184.2539595210983	1	0	1	1.8208233109695218
156636.09368629963	2000.0	1548.1602732214958	0.0	0	0.0	2184.2539595211274	1	0	1	1.8208233109695193
157731.2320401001	2000.0	1453.0219194210397	0.0	0	0.0	2184.2539595211274	1	0	1	1.8208233109695193
158897.29143156903	2000.0	1286.9625279521088	0.0	0	0.0	2184.2539595211274	1	0	1	1.8208233109695193
160676.4550481191	2000.0	507.798911402027	0.0	0	0.0	2184.2539595211274	1	0	1	1.8208233109695193
161383.44729218233	1000.0	800.8066673387759	0.0	0	0.0	2184.2539595211274	1	0	1	0.43452894984962903
161753.61245155646	1000.0	1430.6415079646604	0.0	0	0.0	2184.2539595211274	1	0	1	1.1276761304095742
162209.5017756838	1000.0	1974.7521838373348	0.0	0	0.0	2184.2539595211565	1	0	1	1.127676130409572
163200.0	1000.0	1984.253959521101	0.0	0	564.8572930177324	2184.2539595211565	1	0	1	1.127676130409572
164200.0	1000.0	1984.2539595211092	0.0	0	624.0535032361222	2184.2539595211274	1	0	1	1.1276761304095742
165200.0	1000.0	1984.2539595211401	0.0	0	156.23227412390406	2184.2539595211565	1	0	1	1.127676130409572
166200.0	1000.0	1984.2539595211265	0.0	0	175.73281827391475	2184.2539595211565	1	0	1	1.127676130409572
167200.0	1000.0	1984.2539595211078	0.0	0	148.52658758562757	2184.2539595211565	1	0	1	1.127676130409572
168200.0	1000.0	1984.2539595211338	0.0	0	320.6141583052231	2184.2539595211565	1	0	1	1.127676130409572
169200.0	1000.0	1984.2539595211329	0.0	0	562.3124381581147	2184.2539595211565	1	0	1	1.127676130409572
170200.0	1000.0	1984.2539595211101	0.0	0	694.22371545239	2184.2539595211565	1	0	1	1.127676130409572
171200.0	1000.0	1984.253959521097	0.0	0	622.1672516101971	2184.2539595211565	1	0	1	1.127676130409572
172200.0	1000.0	1984.2539595211083	0.0	0	699.2597134635434	2184.2539595211565	1	0	1	1.127676130409572
173200.0	2000.0	1984.2539595211256	0.0	0	255.62234648686717	2184.2539595211565	1	0	1	1.1276761304095717
174200.0	2000.0	1984.2539595211051	0.0	0	423.5272446475865	2184.2539595211565	1	0	1	1.8208233109695169
175200.0	2000.0	1984.2539595210937	0.0	0	189.6415113210678	2184.2539595211565	1	0	1	1.8208233109695169
176200.0	2000.0	1984.2539595210728	0.0	0	375.2371058432909	2184.2539595211565	1	0	1	1.8208233109695169
177205.12786961504	2000.0	1979.1260899060378	0.0	0	0.0	2184.2539595211565	1	0	1	1.8208233109695169
178287.81199682155	2000.0	1896.4419626995518	0.0	0	0.0	2184.2539595211565	1	0	1	1.8208233109695169
179244.02472596135	2000.0	1940.22923355975	0.0	0	0.0	2184.2539595211856	1	0	1	1.8208233109695144
180200.0	2000.0	1984.253959521127	0.0	0	329.6112300262321	2184.2539595211856	1	0	1	1.8208233109695144
181200.0	2000.0	1984.253959521092	0.0	0	433.0576771029737	2184.2539595211856	1	0	1	1.8208233109695144
182200.0	2000.0	1984.2539595211028	0.0	0	384.20808611580287	2184.2539595211856	1	0	1	1.8208233109695144
183200.0	2000.0	1984.2539595211047	0.0	0	121.78406935799285	2184.2539595211856	1	0	1	1.8208233109695144
184200.0	2000.0	1984.2539595211438	0.0	0	406.2436124154192	2184.2539595211856	1	0	1	1.8208233109695144
185200.0	2000.0	1984.2539595211028	0.0	0	407.3366223369376	2184.2539595211565	1	0	1	1.8208233109695169
186200.0	2000.0	1984.2539595211415	0.0	0	506.4611261464888	2184.2539595211856	1	0	1	1.8208233109695144
187200.0	2000.0	1984.2539595211551	0.0	0	476.5767563674017	2184.2539595211856	1	0	1	1.8208233109695144
188752.27609631128	2000.0	1431.9778632098548	0.0	0	0.0	2184.2539595211856	1	0	1	1.8208233109695144
190170.44456922828	2000.0	1013.8093902928376	0.0	0	0.0	2184.2539595211856	1	0	1	1.8208233109695144
190944.009983544	2000.0	1240.2439759770773	0.0	0	0.0	2184.2539595211565	1	0	1	1.8208233109695169
192185.02872209635	2000.0	999.2252374247264	0.0	0	0.0	2184.2539595211565	1	0	1	1.8208233109695169
193242.49380068618	2000.0	941.7601588348894	0.0	0	0.0	2184.2539595211565	1	0	1	1.8208233109695169
194232.75627231924	2000.0	951.4976872018465	0.0	0	0.0	2184.2539595211565	1	0	1	1.8208233109695169
195131.29802596688	2000.0	1052.9559335541867	0.0	0	0.0	2184.2539595211565	1	0	1	1.8208233109695169
195681.27975025374	2000.0	1502.9742092673287	0.0	0	0.0	2184.2539595211565	1	0	1	1.8208233109695169
196406.73948488568	2000.0	1777.5144746353749	0.0	0	0.0	2184.2539595211565	1	0	1	1.8208233109695169
197213.92194284417	2000.0	1970.3320166768592	0.0	0	0.0	2184.2539595211565	1	0	1	1.8208233109695169
198200.0	2000.0	1984.2539595210255	0.0	0	348.59161617493373	2184.2539595211274	1	0	1	1.8208233109695193
199200.0	2000.0	1984.2539595209855	0.0	0	458.43507275974844	2184.2539595210983	1	0	1	1.8208233109695218
200200.0	2000.0	1984.2539595209787	0.0	0	290.0022365801851	2184.2539595210983	1	0	1	1.8208233109695218
201200.0	2000.0	1984.25395952098	0.0	0	410.10487861477304	2184.2539595210983	1	0	1	1.8208233109695218
202200.0	2000.0	1984.2539595209978	0.0	0	168.6177018407907	2184.2539595210983	1	0	1	1.8208233109695218
203200.0	3000.0	1984.2539595209819	0.0	0	95.01162128330907	2184.2539595210983	1	0	1	1.820823310969522
204355.38414290478	3000.0	1828.8698166162283	0.0	0	0.0	2184.2539595211274	1	0	1	2.226288419077684
205237.3825688854	3000.0	1946.8713906355792	0.0	0	0.0	2184.2539595211274	1	0	1	2.226288419077684
206200.0	3000.0	1984.2539595210137	0.0	0	106.91684399030055	2184.2539595211274	1	0	1	2.226288419077684
207200.0	3000.0	1984.2539595210096	0.0	0	259.9150000579248	2184.2539595210983	1	0	1	2.2262884190776866
208200.0	3000.0	1984.2539595209946	0.0	0	316.7322650702263	2184.2539595210983	1	0	1	2.2262884190776866
209270.5008629016	3000.0	1913.7530966194001	0.0	0	0.0	2184.253959521069	1	0	1	2.2262884190776893
210755.6008582917	3000.0	1428.653101229312	0.0	0	0.0	2184.2539595210983	1	0	1	2.2262884190776866
212763.68872273812	3000.0	420.5652367829102	0.0	0	0.0	2184.2539595210983	1	0	1	2.2262884190776866
213699.22074882823	2000.0	553.1196614567741	68.0864507639597	0	0.0	2252.3404102850473	1	0	1	1.000906787058132
214654.320922155	2000.0	598.0194881300037	0.0	0	0.0	2252.3404102850473	1	0	1	1.814890599750055
215515.2828917801	2000.0	737.0575185048692	0.0	0	0.0	2252.3404102850473	1	0	1	1.814890599750055
216438.15900503876	2000.0	814.1814052462545	0.0	0	0.0	2252.3404102850764	1	0	1	1.8148905997500524
217826.115957953	2000.0	287.42875704058383	0.0	0	0.0	2113.5447149936517	1	0	2	1.4844072285922683
219012.3696127514	2000.0	451.44876407272125	350.27366183056125	0	0.0	2463.8183768242016	1	0	1	-0.5078318990307713
220416.1276683485	2000.0	301.11127886331735	253.42057038765725	0	0.0	2717.238947211794	1	0	1	0.24181767623813077
220971.56887790505	1000.0	745.670069306727	0.0	0	0.0	2717.238947211794	1	0	1	0.3760467374441839
221565.46092135613	1000.0	1151.7780258556154	0.0	0	0.0	2717.238947211794	1	0	1	1.069193918004129
222092.1284456052	1000.0	1625.1105016065467	0.0	0	0.0	2717.238947211794	1	0	1	1.069193918004129
222585.14623470147	1000.0	2132.092712510276	0.0	0	0.0	2717.238947211794	1	0	1	1.069193918004129
223200.0	1000.0	2517.238947211737	0.0	0	289.5467201829597	2717.238947211794	1	0	1	1.069193918004129
224200.0	2000.0	2517.2389472117534	0.0	0	301.96292916467064	2717.238947211794	1	0	1	1.069193918004129
225200.0	2000.0	2517.238947211762	0.0	0	545.8592791309056	2717.238947211794	1	0	1	1.7623410985640742
226200.0	2000.0	2517.238947211732	0.0	0	212.7563171570364	2717.2389472117648	1	0	1	1.7623410985640784
227200.0	2000.0	2517.2389472117434	0.0	0	465.00847503441037	2717.2389472117356	1	0	1	1.7623410985640822
228321.1688356912	2000.0	2396.0701115205798	0.0	0	0.0	2717.2389472117356	1	0	1	1.7623410985640822
230256.87441361303	2000.0	1460.3645335987756	0.0	0	0.0	2717.2389472117648	1	0	1	1.7623410985640784
231442.19701652566	2000.0	1275.04193068611	0.0	0	0.0	2717.2389472117648	1	0	1	1.7623410985640784
232160.67111857457	2000.0	1556.5678286372217	0.0	0	0.0	2717.2389472117648	1	0	1	1.7623410985640784
232907.0145133085	2000.0	1810.2244339032886	0.0	0	0.0	2717.238947211794	1	0	1	1.7623410985640742
233741.81671817836	2000.0	1975.422229033438	0.0	0	0.0	2717.238947211794	1	0	1	1.7623410985640742
234702.4280342725	2000.0	2014.8109129393072	0.0	0	0.0	2717.238947211794	1	0	1	1.7623410985640742
235741.76338205807	2000.0	1975.475565153756	0.0	0	0.0	2717.238947211823	1	0	1	1.76234109856407
236597.92909899208	2000.0	2119.3098482197324	0.0	0	0.0	2717.238947211823	1	0	1	1.76234109856407
237409.40750644778	2000.0	2307.8314407640205	0.0	0	0.0	2717.238947211852	1	0	1	1.7623410985640662
238251.5622279531	2000.0	2465.6767192586913	0.0	0	0.0	2717.238947211881	1	0	1	1.762341098564062
239432.8852148319	2000.0	2284.3537323798946	0.0	0	0.0	2717.238947211881	1	0	1	1.762341098564062
240408.6178293456	2000.0	2308.621117866163	0.0	0	0.0	2717.238947211852	1	0	1	1.7623410985640662
241585.4962903879	2000.0	2131.7426568238657	0.0	0	0.0	2717.238947211852	1	0	1	1.7623410985640662
242625.59757734387	2000.0	2091.6413698679253	0.0	0	0.0	2717.238947211852	1	0	1	1.7623410985640662
243655.3287738837	2000.0	2061.910173328115	0.0	0	0.0	2717.238947211881	1	0	1	1.762341098564062
244899.96400742955	2000.0	1817.27493978226	0.0	0	0.0	2717.238947211881	1	0	1	1.762341098564062
246441.227198072	2000.0	1276.0117491397978	0.0	0	0.0	2717.238947211852	1	0	1	1.7623410985640662
247083.82954729785	1000.0	1633.4093999139548	0.0	0	0.0	2717.238947211852	1	0	1	0.3760467374441757
247452.21186415534	1000.0	2265.0270830564846	0.0	0	0.0	2717.238947211852	1	0	1	1.0691939180041208
248200.0	1000.0	2517.2389472118252	0.0	0	358.81588959749206	2717.238947211852	1	0	1	1.0691939180041208
249200.0	1000.0	2517.238947211813	0.0	0	594.598886777414	2717.238947211823	1	0	1	1.069193918004125
250200.0	1000.0	2517.23894721182	0.0	0	641.7803910989023	2717.238947211823	1	0	1	1.069193918004125
251200.0	2000.0	2517.2389472117948	0.0	0	207.0144417405245	2717.238947211794	1	0	1	1.069193918004129
252200.0	2000.0	2517.238947211792	0.0	0	48.895465472276555	2717.2389472117648	1	0	1	1.7623410985640784
253200.0	2000.0	2517.2389472117916	0.0	0	289.13495660267654	2717.2389472117648	1	0	1	1.7623410985640784
254200.0	2000.0	2517.2389472117693	0.0	0	212.8863569459936	2717.2389472117648	1	0	1	1.7623410985640784
255200.0	2000.0	2517.2389472117784	0.0	0	558.523799307266	2717.2389472117648	1	0	1	1.7623410985640784
256200.0	2000.0	2517.238947211776	0.0	0	272.21801448529004	2717.2389472117356	1	0	1	1.7623410985640822
257200.0	2000.0	2517.238947211793	0.0	0	207.4900536495843	2717.2389472117065	1	0	1	1.7623410985640864
258340.43541857533	2000.0	2376.803528636454	0.0	0	0.0	2717.2389472117065	1	0	1	1.7623410985640864
259523.01117760333	2000.0	2194.227769608417	0.0	0	0.0	2717.2389472116774	1	0	1	1.7623410985640904
260960.16769924684	2000.0	1757.0712479649087	0.0	0	0.0	2717.2389472116774	1	0	1	1.7623410985640904
262001.4210365359	2000.0	1715.8179106758635	0.0	0	0.0	2717.2389472116774	1	0	1	1.7623410985640904
262914.8545772331	2000.0	1802.3843699786926	0.0	0	0.0	2717.2389472116483	1	0	1	1.762341098564092
263385.28571084037	1000.0	2331.953236371377	0.0	0	0.0	2717.2389472116483	1	0	1	0.37604673744420414
264200.0	1000.0	2517.2389472116815	0.0	0	336.7571543875383	2717.238947211561	1	0	1	1.0691939180041583
265200.0	1000.0	2517.2389472117197	0.0	0	537.0487348980387	2717.2389472116483	1	0	1	1.0691939180041534
266200.0	1000.0	2517.2389472117297	0.0	0	351.7624447400449	2717.2389472116483	1	0	1	1.0691939180041494
267200.0	1000.0	2517.2389472116693	0.0	0	294.8702840746846	2717.2389472116483	1	0	1	1.0691939180041494
268200.0	1000.0	2517.238947211634	0.0	0	66.7700930745923	2717.2389472116483	1	0	1	1.0691939180041494
269200.0	1000.0	2517.238947211698	0.0	0	462.0015532321413	2717.2389472116483	1	0	1	1.0691939180041494
270200.0	1000.0	2517.238947211657	0.0	0	388.759296598786	2717.2389472116483	1	0	1	1.0691939180041494
271200.0	1000.0	2517.2389472116106	0.0	0	265.80271354457363	2717.2389472116483	1	0	1	1.0691939180041494
272200.0	1000.0	2517.2389472115815	0.0	0	295.44678862934234	2717.2389472116483	1	0	1	1.0691939180041494
273313.2855178869	1000.0	2403.9534293246998	0.0	0	0.0	2717.2389472116483	1	0	1	1.0691939180041494
274200.0	1000.0	2517.238947211591	0.0	0	62.71188738051569	2717.2389472116483	1	0	1	1.0691939180041494
275200.0	1000.0	2517.2389472115647	0.0	0	216.86027562059462	2717.2389472116483	1	0	1	1.0691939180041494
276200.0	1000.0	2517.2389472115524	0.0	0	429.56669792172033	2717.2389472116483	1	0	1	1.0691939180041494
277200.0	1000.0	2517.238947211506	0.0	0	201.5668454290717	2717.2389472116483	1	0	1	1.0691939180041494
278200.0	1000.0	2517.2389472115615	0.0	0	100.06833623960847	2717.2389472116483	1	0	1	1.0691939180041494
279200.0	1000.0	2517.238947211609	0.0	0	223.3756026258925	2717.2389472116483	1	0	1	1.0691939180041494
280200.0	1000.0	2517.2389472115997	0.0	0	562.6141912019812	2717.2389472116483	1	0	1	1.0691939180041494
281200.0	1000.0	2517.2389472116574	0.0	0	526.9263054903131	2717.2389472116483	1	0	1	1.0691939180041494
282200.0	1000.0	2517.2389472115915	0.0	0	401.4145352745545	2717.2389472116483	1	0	1	1.0691939180041494
283200.0	1000.0	2517.238947211609	0.0	0	199.64951991202543	2717.2389472117065	1	0	1	1.0691939180041412
284200.0	1000.0	2517.238947211572	0.0	0	528.3282365738414	2717.2389472117065	1	0	1	1.0691939180041412
285200.0	1000.0	2517.2389472115615	0.0	0	498.53332764829975	2717.2389472117065	1	0	1	1.0691939180041412
286200.0	1000.0	2517.238947211544	0.0	0	408.15931054984685	2717.2389472117065	1	0	1	1.0691939180041412
287200.0	1000.0	2517.2389472114523	0.0	0	295.66715443116846	2717.2389472117065	1	0	1	1.0691939180041412
288200.0	1000.0	2517.238947211459	0.0	0	504.6950277974829	2717.2389472117648	1	0	1	1.069193918004133
289200.0	1000.0	2517.2389472113896	0.0	0	47.07062280172249	2717.2389472117065	1	0	1	1.0691939180041412
290321.87801105157	1000.0	2395.3609361598506	0.0	0	0.0	2717.2389472117065	1	0	1	1.0691939180041412
291247.8912305317	1000.0	2469.34771667982	0.0	0	0.0	2717.2389472117065	1	0	1	1.0691939180041412
292200.0	1000.0	2517.238947211426	0.0	0	338.6996630160138	2717.2389472117065	1	0	1	1.0691939180041412
293200.0	1000.0	2517.238947211472	0.0	0	476.3372116581886	2717.2389472117065	1	0	1	1.0691939180041412
294200.0	1000.0	2517.238947211384	0.0	0	284.91972657688893	2717.2389472117065	1	0	1	1.0691939180041412
295200.0	1000.0	2517.238947211423	0.0	0	273.31359798269114	2717.2389472117065	1	0	1	1.0691939180041412
296200.0	1000.0	2517.2389472114205	0.0	0	358.32825465279166	2717.2389472117065	1	0	1	1.0691939180041412
297200.0	1000.0	2517.238947211429	0.0	0	298.74492402747273	2717.2389472117065	1	0	1	1.0691939180041412
298200.0	1000.0	2517.23894721143	0.0	0	361.68849407794187	2717.2389472117648	1	0	1	1.069193918004133
299200.0	1000.0	2517.238947211463	0.0	0	588.9609724494512	2717.2389472117648	1	0	1	1.069193918004133
300200.0	1000.0	2517.238947211487	0.0	0	525.6600800618762	2717.2389472117648	1	0	1	1.069193918004133
2.13	2.26	2.91	3.22	3.08	2.79	2.05	2.58	3.17	3.76	4.17	3.86	3.87	3.58	3.7	3.48	4.15	3.65	2.72	2.28	1.58	1.65	1.52	1.45	1.67	1.11	1.19	1.8	1.98	2.11	2.56	3.08	3.61	4.05	3.87	4.33	2.51	1.99	2.56	2.93	2.92	3.29	3.7	4.26	3.1	2.61	2.65	2.66	2.68	2.61	2.77	3.13	2.98	2.64	2.09	2.17	1.74	2.25	2.78	3.41	4.01	3.96	2.84	2.47	2.02	2.24	1.54	1.61	1.37	1.52	1.47	1.08	1.46	2.03	2.15	1.52	1.49	1.66	1.61	1.8	1.92	1.74	2.09	1.42	1.8	2.27	2.24	2.61	3.1	3.49	2.7	2.7	3.24	3.29	2.94	2.46	1.9	2.02	2.26	1.39	1.07	1.4	1.93	2.54	2.49	2.79	3.16	3.05	3.08	2.87	2.32	2.2	2.05	2.29	2.02	2.36	2.63	2.49	2.35	2.11	2.43	2.13	2.56	3.08	2.77	2.21	2.72	3.34	3.36	2.44	2.56	2.26	2.13	1.95	1.91	2.26	2.51	2.64	2.99	2.72	3.21	3.38	1.9	1.96	2.28	2.72	1.66	2.02	2.22	2.42	2.2	2.4	2.15	1.53	1.17	1.54	2.04	2.59	2.37	1.62	1.44	1.29	1.68	2.28	2.88	3.49	3.7	3.45	3.46	3.34	3.04	2.73	1.89	1.95	2.43	2.97	3.08	3.2	2.9	2.97	3.52	3.32	2.35	1.2	1.37	1.95	2.0	2.2	2.32	2.71	2.9	2.97	3.06	3.52	3.94	3.6	2.93	3.23	3.22	2.58	2.88	3.49	4.1	3.86	3.26	2.25	1.87	1.92	2.2	2.35	2.04	2.46	1.31	1.27	1.64	2.09	2.15	2.58	3.1	3.79	3.32	3.64	2.02	1.84	1.12	1.49	2.09	2.65	2.39	2.79	2.51	2.44	2.26	2.41	2.26	2.18	1.61	1.85	1.96	1.73	1.55	1.8	2.25	2.83	3.41	3.01	2.29	2.83	3.43	3.66	3.52	3.2	1.61	1.74	1.26	1.1	1.45	1.8	2.05	2.22	2.05	1.67	1.09	1.59	1.99	1.61	1.33	1.23	1.14	1.7	1.59	1.38	1.16	1.42	1.96	2.54	2.32	1.68	1.71	2.17	1.58	1.75	2.09	1.3	1.2	0.892	1.3	1.81	1.63	1.51	1.41	1.52	1.78	2.39	2.99	3.58	3.87	2.18	1.09
1.0	2.0	3.0	4.0	5.0	6.0	7.0	8.0	9.0	10.0	11.0	12.0	13.0	14.0	15.0	16.0	17.0	18.0	19.0	20.0	21.0	22.0	23.0	24.0	25.0	26.0	27.0	28.0	29.0	30.0	31.0	32.0	33.0	34.0	35.0	36.0	37.0	38.0	39.0	40.0	41.0	42.0	43.0	44.0	45.0	46.0	47.0	48.0	49.0	50.0	51.0	52.0	53.0	54.0	55.0	56.0	57.0	58.0	59.0	60.0	61.0	62.0	63.0	64.0	65.0	66.0	67.0	68.0	69.0	70.0	71.0	72.0	73.0	74.0	75.0	76.0	77.0	78.0	79.0	80.0	81.0	82.0	83.0	84.0	85.0	86.0	87.0	88.0	89.0	90.0	91.0	92.0	93.0	94.0	95.0	96.0	97.0	98.0	99.0	100.0	101.0	102.0	103.0	104.0	105.0	106.0	107.0	108.0	109.0	110.0	111.0	112.0	113.0	114.0	115.0	116.0	117.0	118.0	119.0	120.0	121.0	122.0	123.0	124.0	125.0	126.0	127.0	128.0	129.0	130.0	131.0	132.0	133.0	134.0	135.0	136.0	137.0	138.0	139.0	140.0	141.0	142.0	143.0	144.0	145.0	146.0	147.0	148.0	149.0	150.0	151.0	152.0	153.0	154.0	155.0	156.0	157.0	158.0	159.0	160.0	161.0	162.0	163.0	164.0	165.0	166.0	167.0	168.0	169.0	170.0	171.0	172.0	173.0	174.0	175.0	176.0	177.0	178.0	179.0	180.0	181.0	182.0	183.0	184.0	185.0	186.0	187.0	188.0	189.0	190.0	191.0	192.0	193.0	194.0	195.0	196.0	197.0	198.0	199.0	200.0	201.0	202.0	203.0	204.0	205.0	206.0	207.0	208.0	209.0	210.0	211.0	212.0	213.0	214.0	215.0	216.0	217.0	218.0	219.0	220.0	221.0	222.0	223.0	224.0	225.0	226.0	227.0	228.0	229.0	230.0	231.0	232.0	233.0	234.0	235.0	236.0	237.0	238.0	239.0	240.0	241.0	242.0	243.0	244.0	245.0	246.0	247.0	248.0	249.0	250.0	251.0	252.0	253.0	254.0	255.0	256.0	257.0	258.0	259.0	260.0	261.0	262.0	263.0	264.0	265.0	266.0	267.0	268.0	269.0	270.0	271.0	272.0	273.0	274.0	275.0	276.0	277.0	278.0	279.0	280.0	281.0	282.0	283.0	284.0	285.0	286.0	287.0	288.0	289.0	290.0	291.0	292.0	293.0	294.0	295.0	296.0	297.0	298.0	299.0
4690.397345297284
