5277.1253151724795	300.0	2000.0	56.663909157499106	0	0.0	5277.1253151724795	1	0	1	-0.866993289872221
6080.448250037419	6000.0	2116.344771648566	0.0	0	0.0	5196.793021685985	1	0	2	0.5761575091754845
6781.255848140035	6000.0	2345.4564137356883	0.0	0	0.0	5126.712261875723	1	0	2	3.7791182643940577
7872.682464457464	6000.0	2144.8871357865137	0.0	0	0.0	5017.56960024398	1	0	2	3.788835933515878
8851.0116096447	6000.0	2068.725076080557	0.0	0	0.0	4919.736685725258	1	0	2	3.7991038480050006
9913.309625183389	6000.0	1900.1972589879988	0.0	0	0.0	4813.506884171388	1	0	2	3.809576637852988
10745.990853861515	6000.0	1984.2479074420576	0.0	0	0.0	4730.238761303572	1	0	2	3.818648694272759
11525.153426298968	6000.0	2127.169077760861	0.0	0	0.0	4652.322504059829	1	0	2	3.826365802000878
12286.321527728831	6000.0	2289.8841661880124	0.0	0	0.0	4576.205693916844	1	0	2	3.8338890406742587
13209.754789339057	6000.0	2274.1075784167647	0.0	0	0.0	4483.862367755819	1	0	2	3.842755263484859
14153.366425972385	6000.0	2236.134778120104	0.0	0	0.0	4389.5012040924885	1	0	2	3.8521872741435725
14998.111513742526	6000.0	2306.91518157295	0.0	0	0.0	4305.026695315477	1	0	2	3.8609960926795885
15621.436552159506	6000.0	2621.257639314272	0.0	0	0.0	4242.69419147378	1	0	2	3.8678279376464566
16377.7218454917	6000.0	2789.343816648858	0.0	0	0.0	4167.065662140558	1	0	2	3.8746582896830857
17181.314679429677	6000.0	2905.3916993170824	0.0	0	0.0	4086.7063787467596	1	0	2	3.8828791257393345
18077.396191168526	6000.0	2919.7020364043465	0.0	0	0.0	3997.098227572873	1	0	2	3.891450189564208
18633.100168317607	6000.0	3308.4276615403564	0.0	0	0.0	3941.5278298579633	1	0	2	3.8981100844606633
19217.239015582065	6000.0	3665.8749295494545	0.0	0	0.0	3883.1139451315194	1	0	2	3.9037487128538046
20200.0	6000.0	3584.837846689725	0.0	0	280.8413556920277	3784.837846689723	1	0	2	3.9116249091914774
21200.0	6000.0	3484.8378466897207	0.0	0	50.03368341960959	3684.837846689723	1	0	2	3.92219907386673
22200.0	6000.0	3384.837846689719	0.0	0	91.50716642108091	3584.8378466897193	1	0	2	3.932075135996749
23200.0	6000.0	3384.837846689721	0.0	0	295.538880691769	3584.837846689723	1	0	1	3.935114625662014
24200.0	6000.0	3384.8378466897207	0.0	0	438.36325251067683	3584.837846689723	1	0	1	4.135114625662014
25200.0	6000.0	3384.8378466897198	0.0	0	198.72264914442712	3584.8378466897193	1	0	1	4.135114625662014
26200.0	6000.0	3384.83784668972	0.0	0	527.6912029029372	3584.8378466897193	1	0	1	4.135114625662014
27200.0	6000.0	3284.837846689723	0.0	0	428.4393555233837	3484.837846689723	1	0	2	3.7412868157391217
28200.0	6000.0	3184.8378466897257	0.0	0	469.40319638127403	3384.8378466897266	1	0	2	3.951239370179289
29200.0	6000.0	3084.8378466897266	0.0	0	153.04200918384595	3284.837846689723	1	0	2	3.9619597667438047
30200.0	6000.0	3084.8378466897284	0.0	0	21.216848687981837	3284.837846689723	1	0	1	3.965114625662014
31200.0	6000.0	3084.837846689731	0.0	0	222.42733941687402	3284.837846689723	1	0	1	4.165114625662014
32200.0	6000.0	3084.837846689733	0.0	0	333.5815794988157	3284.837846689723	1	0	1	4.165114625662014
33200.0	6000.0	3084.837846689738	0.0	0	484.2597437080876	3284.83784668973	1	0	1	4.165114625662014
34200.0	6000.0	3084.837846689742	0.0	0	387.9742820197789	3284.8378466897375	1	0	1	4.165114625662013
35200.0	6000.0	3084.8378466897407	0.0	0	168.86415028707415	3284.8378466897375	1	0	1	4.165114625662013
36200.0	6000.0	3084.837846689742	0.0	0	367.27822407818894	3284.837846689741	1	0	1	4.165114625662013
37200.0	6000.0	3084.8378466897493	0.0	0	270.68164961222647	3284.837846689741	1	0	1	4.165114625662013
38200.0	6000.0	3084.837846689752	0.0	0	645.3733456286427	3284.837846689741	1	0	1	4.165114625662013
39200.0	6000.0	3084.837846689745	0.0	0	520.7389387870862	3284.837846689734	1	0	1	4.165114625662013
40200.0	6000.0	3084.83784668974	0.0	0	171.98239311480575	3284.837846689734	1	0	1	4.165114625662013
41200.0	6000.0	3084.83784668974	0.0	0	467.73187464776856	3284.837846689734	1	0	1	4.165114625662013
42261.31432839236	6000.0	3023.523518297383	0.0	0	0.0	3284.837846689734	1	0	1	4.165114625662013
43200.0	6000.0	3084.8378466897293	0.0	0	419.6259361163611	3284.837846689734	1	0	1	4.165114625662013
44200.0	6000.0	3084.837846689721	0.0	0	329.7249204356849	3284.837846689734	1	0	1	4.165114625662013
45200.0	6000.0	3084.837846689719	0.0	0	350.1229910494076	3284.837846689734	1	0	1	4.165114625662013
46200.0	6000.0	3084.8378466897248	0.0	0	109.16683058034687	3284.837846689741	1	0	1	4.165114625662013
47200.0	6000.0	3084.8378466897298	0.0	0	79.17755243706051	3284.837846689741	1	0	1	4.165114625662013
48200.0	6000.0	3084.837846689733	0.0	0	451.70401730333833	3284.8378466897484	1	0	1	4.165114625662012
49200.0	6000.0	2984.8378466897316	0.0	0	518.2873443577337	3184.8378466897484	1	0	2	3.7711854754134038
50200.0	6000.0	2884.837846689728	0.0	0	297.33734439306863	3084.837846689741	1	0	2	3.981534878703285
51200.0	6000.0	2784.8378466897275	0.0	0	60.72291488792689	2984.837846689734	1	0	2	3.99205967733523
52540.17256327706	6000.0	2310.6480270849497	0.0	0	0.0	2850.8205903620183	1	0	2	4.004688987140009
53468.64185427941	6000.0	2289.331806982359	0.0	0	0.0	2757.9736612617708	1	0	2	4.015869976710253
54350.22385272262	6000.0	2407.749808539155	0.0	0	0.0	2757.9736612617708	1	0	1	4.017801044204809
55200.0	6000.0	2557.973661261774	0.0	0	8.507732898964605	2757.9736612617708	1	0	1	4.21780104420481
56298.88798510306	6000.0	2459.085676158724	0.0	0	0.0	2757.973661261778	1	0	1	4.217801044204808
57530.520411152705	6000.0	2227.4532501090744	0.0	0	0.0	2757.9736612617853	1	0	1	4.217801044204808
58431.5520064127	6000.0	2326.421654849079	0.0	0	0.0	2757.9736612617853	1	0	1	4.217801044204808
59237.257934482244	6000.0	2520.715726779536	0.0	0	0.0	2757.973661261778	1	0	1	4.217801044204808
60200.0	6000.0	2557.9736612617776	0.0	0	54.80818166067911	2757.973661261778	1	0	1	4.217801044204808
61200.0	6000.0	2557.9736612617835	0.0	0	368.85396171842876	2757.973661261778	1	0	1	4.217801044204808
62241.31923862284	6000.0	2516.654422638944	0.0	0	0.0	2757.9736612617853	1	0	1	4.217801044204808
63200.0	6000.0	2557.9736612617885	0.0	0	201.42943491035112	2757.9736612617926	1	0	1	4.2178010442048075
64200.0	6000.0	2557.9736612617903	0.0	0	536.0984044704528	2757.9736612617926	1	0	1	4.2178010442048075
65231.25997944686	6000.0	2526.7136818149343	0.0	0	0.0	2757.9736612617853	1	0	1	4.217801044204808
66200.0	6000.0	2557.9736612617985	0.0	0	193.7079795956961	2757.9736612617853	1	0	1	4.2178010442048075
67200.0	6000.0	2557.973661261793	0.0	0	347.93615856580436	2757.973661261778	1	0	1	4.217801044204809
68221.21543953243	6000.0	2536.7582217293498	0.0	0	0.0	2757.9736612617635	1	0	1	4.21780104420481
69200.0	6000.0	2557.973661261788	0.0	0	271.8387464069092	2757.9736612617708	1	0	1	4.21780104420481
70200.0	6000.0	2557.973661261799	0.0	0	362.8372756439785	2757.9736612617708	1	0	1	4.21780104420481
71200.0	6000.0	2557.973661261786	0.0	0	396.7568819330627	2757.9736612617708	1	0	1	4.21780104420481
72273.30943676752	6000.0	2484.664224494251	0.0	0	0.0	2757.973661261756	1	0	1	4.217801044204811
73200.0	6000.0	2557.973661261791	0.0	0	149.6780436350673	2757.973661261756	1	0	1	4.217801044204811
74200.0	6000.0	2557.973661261776	0.0	0	155.5468263909861	2757.9736612617417	1	0	1	4.217801044204813
75263.1177264268	6000.0	2494.8559348349672	0.0	0	0.0	2757.973661261756	1	0	1	4.217801044204811
76200.0	6000.0	2557.973661261779	0.0	0	247.1289542469167	2757.973661261756	1	0	1	4.217801044204811
77339.31719913144	6000.0	2418.6564621303387	0.0	0	0.0	2757.973661261756	1	0	1	4.217801044204811
78508.43128261306	6000.0	2249.54237864872	0.0	0	0.0	2757.973661261756	1	0	1	4.217801044204811
79594.44419214928	6000.0	2163.5294691124936	0.0	0	0.0	2757.973661261756	1	0	1	4.217801044204811
80924.78123176089	6000.0	1833.1924295008712	0.0	0	0.0	2757.973661261756	1	0	1	4.217801044204811
81548.7196065213	6000.0	2209.254054740466	0.0	0	0.0	2757.973661261756	1	0	1	4.217801044204811
82200.0	6000.0	2557.9736612617726	0.0	0	69.58434608019888	2757.973661261756	1	0	1	4.217801044204811
83200.0	6000.0	2557.9736612617658	0.0	0	25.613854287774302	2757.973661261756	1	0	1	4.217801044204811
84200.0	6000.0	2557.973661261742	0.0	0	262.9673718802951	2757.973661261756	1	0	1	4.217801044204811
85200.0	6000.0	2557.973661261746	0.0	0	46.2617266492889	2757.9736612617708	1	0	1	4.21780104420481
86200.0	6000.0	2557.9736612617353	0.0	0	372.2934013227059	2757.9736612617708	1	0	1	4.21780104420481
87409.4502346781	6000.0	2348.523426583649	0.0	0	0.0	2757.9736612617708	1	0	1	4.21780104420481
88200.0	6000.0	2557.9736612617194	0.0	0	308.0769267601863	2757.9736612617708	1	0	1	4.21780104420481
89200.0	6000.0	2557.9736612617144	0.0	0	234.11870871704014	2757.9736612617708	1	0	1	4.21780104420481
90200.0	6000.0	2557.9736612617153	0.0	0	334.7509057188872	2757.9736612617708	1	0	1	4.21780104420481
91200.0	6000.0	2557.973661261725	0.0	0	370.32220381968364	2757.9736612617708	1	0	1	4.21780104420481
92200.0	6000.0	2557.973661261728	0.0	0	38.63900320410903	2757.9736612617708	1	0	1	4.21780104420481
93200.0	6000.0	2557.9736612617407	0.0	0	434.7673821649223	2757.9736612617853	1	0	1	4.217801044204808
94200.0	6000.0	2557.973661261739	0.0	0	332.95506713369105	2757.9736612617853	1	0	1	4.217801044204808
95200.0	6000.0	2557.973661261725	0.0	0	613.5291115994187	2757.9736612617853	1	0	1	4.217801044204808
96200.0	6000.0	2557.9736612617285	0.0	0	372.8778495217557	2757.9736612617853	1	0	1	4.217801044204808
97200.0	6000.0	2557.9736612617526	0.0	0	249.49551930095186	2757.9736612617853	1	0	1	4.217801044204808
98200.0	6000.0	2557.973661261744	0.0	0	295.49509899703844	2757.9736612617853	1	0	1	4.217801044204808
99200.0	6000.0	2557.9736612617426	0.0	0	418.52084172268223	2757.9736612617853	1	0	1	4.217801044204808
100200.0	6000.0	2557.973661261731	0.0	0	190.87942585896235	2757.9736612617853	1	0	1	4.217801044204808
101200.0	6000.0	2557.97366126173	0.0	0	259.59819742788386	2757.9736612617853	1	0	1	4.217801044204808
102200.0	6000.0	2557.9736612617257	0.0	0	148.1708420755458	2757.9736612617708	1	0	1	4.21780104420481
103200.0	6000.0	2557.973661261717	0.0	0	265.33934829929785	2757.9736612617708	1	0	1	4.21780104420481
104371.66629605937	6000.0	2386.3073652023554	0.0	0	0.0	2757.9736612617708	1	0	1	4.21780104420481
105479.63969143947	6000.0	2278.333969822254	0.0	0	0.0	2757.9736612617708	1	0	1	4.21780104420481
106200.0	6000.0	2557.973661261737	0.0	0	127.59425619716058	2757.973661261756	1	0	1	4.217801044204811
107200.0	6000.0	2557.9736612617307	0.0	0	384.77988554612966	2757.973661261756	1	0	1	4.217801044204811
108200.0	6000.0	2557.973661261744	0.0	0	341.023165007442	2757.973661261756	1	0	1	4.217801044204811
109281.21369775994	6000.0	2476.7599635017846	0.0	0	0.0	2757.9736612617417	1	0	1	4.217801044204813
110200.0	6000.0	2557.97366126173	0.0	0	421.68631360567815	2757.9736612617417	1	0	1	4.217801044204813
111336.8772003624	6000.0	2421.096460899328	0.0	0	0.0	2757.9736612617417	1	0	1	4.217801044204813
112255.09982914846	6000.0	2502.8738321132723	0.0	0	0.0	2757.9736612617417	1	0	1	4.217801044204813
113200.0	6000.0	2557.9736612617303	0.0	0	467.30392251613375	2757.9736612617417	1	0	1	4.217801044204813
114200.0	6000.0	2557.973661261733	0.0	0	478.3609936845751	2757.9736612617417	1	0	1	4.217801044204813
115200.0	6000.0	2557.973661261738	0.0	0	238.03359768536757	2757.9736612617417	1	0	1	4.217801044204813
116200.0	6000.0	2557.9736612617403	0.0	0	172.39359328124556	2757.9736612617417	1	0	1	4.217801044204813
117200.0	6000.0	2557.9736612617326	0.0	0	551.5262065949064	2757.9736612617417	1	0	1	4.217801044204813
118200.0	6000.0	2557.9736612617294	0.0	0	426.4639340858266	2757.973661261727	1	0	1	4.217801044204814
119200.0	6000.0	2557.9736612617357	0.0	0	276.8484716680541	2757.973661261727	1	0	1	4.217801044204814
120200.0	6000.0	2557.9736612617276	0.0	0	183.68867719502305	2757.973661261727	1	0	1	4.217801044204814
121200.0	6000.0	2557.973661261727	0.0	0	496.3757104090182	2757.973661261727	1	0	1	4.217801044204814
122200.0	6000.0	2557.973661261734	0.0	0	87.55293274213909	2757.973661261727	1	0	1	4.217801044204814
123200.0	6000.0	2557.9736612617326	0.0	0	213.9864742506179	2757.973661261727	1	0	1	4.217801044204814
124200.0	6000.0	2557.973661261726	0.0	0	32.75805513787782	2757.973661261727	1	0	1	4.217801044204814
125200.0	6000.0	2557.973661261729	0.0	0	246.19520971435122	2757.973661261727	1	0	1	4.217801044204814
126200.0	6000.0	2557.973661261726	0.0	0	394.5196328356833	2757.973661261727	1	0	1	4.217801044204814
127200.0	6000.0	2557.9736612617094	0.0	0	201.74466490049963	2757.973661261727	1	0	1	4.217801044204814
128200.0	6000.0	2557.973661261696	0.0	0	163.42592287661682	2757.973661261727	1	0	1	4.217801044204814
129200.0	6000.0	2557.9736612617	0.0	0	525.2173049966514	2757.973661261727	1	0	1	4.217801044204814
130807.10724103624	6000.0	1950.866420225468	0.0	0	0.0	2757.973661261727	1	0	1	4.217801044204814
131780.48427939482	6000.0	1977.4893818668822	0.0	0	0.0	2757.9736612617126	1	0	1	4.217801044204815
132620.87918295848	6000.0	2137.094478303239	0.0	0	0.0	2757.973661261727	1	0	1	4.2178010442048155
133318.93776319912	6000.0	2439.0358980625865	0.0	0	0.0	2757.973661261727	1	0	1	4.217801044204814
134200.0	6000.0	2557.973661261723	0.0	0	205.8834548801242	2757.973661261756	1	0	1	4.217801044204813
135200.0	6000.0	2557.973661261712	0.0	0	397.5335770440288	2757.973661261756	1	0	1	4.217801044204811
136200.0	6000.0	2557.9736612617016	0.0	0	520.4798939826724	2757.973661261756	1	0	1	4.217801044204811
137200.0	6000.0	2557.9736612616953	0.0	0	159.31963129653013	2757.973661261756	1	0	1	4.217801044204811
138200.0	6000.0	2557.9736612616716	0.0	0	22.199234845815226	2757.973661261756	1	0	1	4.217801044204811
139200.0	6000.0	2557.973661261661	0.0	0	99.18913645247812	2757.973661261756	1	0	1	4.217801044204811
140203.60869779525	6000.0	2554.364963466396	0.0	0	0.0	2757.973661261756	1	0	1	4.217801044204811
141211.26499036478	6000.0	2546.7086708968714	0.0	0	0.0	2757.973661261756	1	0	1	4.217801044204811
142200.0	6000.0	2557.9736612616252	0.0	0	228.29952521398081	2757.973661261756	1	0	1	4.217801044204811
143200.0	6000.0	2557.9736612615984	0.0	0	371.4442393599602	2757.973661261727	1	0	1	4.217801044204814
144200.0	6000.0	2557.9736612616202	0.0	0	333.6600431279803	2757.973661261727	1	0	1	4.217801044204814
145200.0	6000.0	2557.973661261639	0.0	0	467.96734359738184	2757.973661261698	1	0	1	4.217801044204817
146200.0	6000.0	2557.9736612616357	0.0	0	510.38435361374286	2757.973661261698	1	0	1	4.217801044204817
147200.0	6000.0	2557.973661261649	0.0	0	315.8205968255352	2757.973661261698	1	0	1	4.217801044204817
148200.0	6000.0	2557.97366126165	0.0	0	33.70933646647609	2757.973661261698	1	0	1	4.217801044204817
149200.0	6000.0	2557.9736612616557	0.0	0	175.95221763578593	2757.973661261698	1	0	1	4.217801044204817
150200.0	6000.0	2557.973661261665	0.0	0	111.3291004463972	2757.973661261698	1	0	1	4.217801044204817
151200.0	6000.0	2557.9736612616625	0.0	0	223.40195613965625	2757.973661261698	1	0	1	4.217801044204817
152200.0	6000.0	2557.973661261684	0.0	0	436.02326758627896	2757.973661261698	1	0	1	4.217801044204817
153200.0	6000.0	2557.9736612616693	0.0	0	359.4054804079642	2757.973661261698	1	0	1	4.217801044204817
154200.0	6000.0	2557.973661261692	0.0	0	366.67538088871515	2757.973661261698	1	0	1	4.217801044204817
155200.0	6000.0	2557.973661261667	0.0	0	170.7742746064032	2757.973661261669	1	0	1	4.21780104420482
156200.0	6000.0	2557.9736612616666	0.0	0	265.067638354114	2757.973661261669	1	0	1	4.21780104420482
157403.9865640971	6000.0	2353.9870971645646	0.0	0	0.0	2757.973661261669	1	0	1	4.21780104420482
158444.14177784455	6000.0	2313.8318834171155	0.0	0	0.0	2757.973661261669	1	0	1	4.21780104420482
159314.18640493875	6000.0	2443.787256322924	0.0	0	0.0	2757.973661261698	1	0	1	4.217801044204818
160200.0	6000.0	2557.9736612616857	0.0	0	27.966166388447164	2757.973661261698	1	0	1	4.217801044204817
161200.0	6000.0	2557.9736612616853	0.0	0	479.99942846107297	2757.973661261669	1	0	1	4.21780104420482
162200.0	6000.0	2557.9736612616566	0.0	0	383.023092409363	2757.97366126164	1	0	1	4.217801044204823
163200.0	6000.0	2557.9736612616653	0.0	0	384.2175768224697	2757.97366126164	1	0	1	4.217801044204823
164200.0	6000.0	2557.9736612616593	0.0	0	117.35807921239757	2757.973661261669	1	0	1	4.21780104420482
165200.0	6000.0	2557.9736612616643	0.0	0	119.2384866939974	2757.973661261698	1	0	1	4.217801044204817
166200.0	6000.0	2557.9736612616234	0.0	0	73.39338835931267	2757.973661261698	1	0	1	4.217801044204817
167200.0	6000.0	2557.9736612616166	0.0	0	411.4308758074476	2757.973661261727	1	0	1	4.217801044204814
168200.0	6000.0	2557.9736612616025	0.0	0	347.7700223235588	2757.973661261727	1	0	1	4.217801044204814
169200.0	6000.0	2557.9736612615866	0.0	0	357.68193453139975	2757.973661261698	1	0	1	4.217801044204817
170200.0	6000.0	2557.9736612615925	0.0	0	332.7038302569417	2757.973661261698	1	0	1	4.217801044204817
171200.0	6000.0	2557.9736612616016	0.0	0	289.57525325071765	2757.973661261698	1	0	1	4.217801044204817
172200.0	6000.0	2557.973661261617	0.0	0	93.00826228238293	2757.973661261698	1	0	1	4.217801044204817
173200.0	6000.0	2557.973661261638	0.0	0	392.7372556865157	2757.973661261698	1	0	1	4.217801044204817
174200.0	6000.0	2557.9736612616434	0.0	0	252.77994042879436	2757.973661261698	1	0	1	4.217801044204817
175200.0	6000.0	2557.97366126163	0.0	0	417.5550333338033	2757.973661261698	1	0	1	4.217801044204817
176200.0	6000.0	2557.9736612616334	0.0	0	474.1728708454466	2757.973661261669	1	0	1	4.21780104420482
177200.0	6000.0	2557.973661261641	0.0	0	369.6246336020995	2757.973661261669	1	0	1	4.21780104420482
178381.37709965234	6000.0	2376.596561609307	0.0	0	0.0	2757.973661261669	1	0	1	4.21780104420482
179440.67237830957	6000.0	2317.3012829520862	0.0	0	0.0	2757.973661261698	1	0	1	4.217801044204818
180200.0	6000.0	2557.9736612616553	0.0	0	102.63731516702683	2757.973661261698	1	0	1	4.217801044204817
181200.0	6000.0	2557.9736612616603	0.0	0	228.8408315582783	2757.973661261698	1	0	1	4.217801044204817
182200.0	6000.0	2557.9736612616616	0.0	0	615.619954561058	2757.973661261669	1	0	1	4.21780104420482
183200.0	6000.0	2557.973661261627	0.0	0	432.5136076496274	2757.973661261669	1	0	1	4.21780104420482
184200.0	6000.0	2557.9736612616607	0.0	0	183.0158958695829	2757.973661261669	1	0	1	4.21780104420482
185200.0	6000.0	2557.973661261678	0.0	0	401.7508345831011	2757.973661261669	1	0	1	4.21780104420482
186200.0	6000.0	2557.973661261658	0.0	0	389.20187879318837	2757.973661261669	1	0	1	4.21780104420482
187200.0	6000.0	2557.973661261677	0.0	0	591.9719134772313	2757.973661261698	1	0	1	4.217801044204817
188200.0	6000.0	2557.9736612616734	0.0	0	200.10449595353566	2757.973661261698	1	0	1	4.217801044204817
189200.0	6000.0	2557.973661261706	0.0	0	15.577401439717505	2757.973661261698	1	0	1	4.217801044204817
190200.0	6000.0	2557.973661261721	0.0	0	246.27314601498074	2757.973661261727	1	0	1	4.217801044204814
191279.71789457818	6000.0	2478.2557666835637	0.0	0	0.0	2757.973661261756	1	0	1	4.217801044204811
192200.0	6000.0	2557.9736612616985	0.0	0	135.70438392148935	2757.973661261756	1	0	1	4.217801044204811
193200.0	6000.0	2557.973661261712	0.0	0	426.65080743751605	2757.973661261756	1	0	1	4.217801044204811
194200.0	6000.0	2557.973661261717	0.0	0	1.5826139399723615	2757.9736612617853	1	0	1	4.21780104420481
195200.0	6000.0	2557.97366126169	0.0	0	274.97066944785183	2757.9736612617853	1	0	1	4.217801044204808
196200.0	6000.0	2557.9736612617007	0.0	0	327.66943581259693	2757.9736612617853	1	0	1	4.217801044204808
197200.0	6000.0	2557.9736612616944	0.0	0	337.4613899010001	2757.9736612617853	1	0	1	4.217801044204808
198200.0	6000.0	2557.973661261659	0.0	0	442.54737183320685	2757.973661261756	1	0	1	4.217801044204811
199210.42026041585	6000.0	2547.5534008457967	0.0	0	0.0	2757.973661261756	1	0	1	4.217801044204811
200200.0	6000.0	2557.973661261676	0.0	0	141.189271785639	2757.973661261756	1	0	1	4.217801044204811
201200.0	6000.0	2557.9736612616616	0.0	0	71.88752150154323	2757.973661261756	1	0	1	4.217801044204811
202327.17175695446	6000.0	2430.801904307231	0.0	0	0.0	2757.973661261756	1	0	1	4.217801044204811
203439.6561661971	6000.0	2318.3174950646035	0.0	0	0.0	2757.973661261756	1	0	1	4.217801044204811
204440.17438063343	6000.0	2317.7992806282864	0.0	0	0.0	2757.973661261756	1	0	1	4.217801044204811
205622.1398159319	6000.0	2135.833845329791	0.0	0	0.0	2757.973661261756	1	0	1	4.217801044204811
206483.15109214425	6000.0	2274.822569117461	0.0	0	0.0	2757.973661261756	1	0	1	4.217801044204811
207200.0	6000.0	2557.973661261736	0.0	0	60.219914768124	2757.9736612617853	1	0	1	4.217801044204808
208200.0	6000.0	2557.973661261742	0.0	0	139.34535657786182	2757.973661261756	1	0	1	4.217801044204811
209200.0	6000.0	2557.9736612617153	0.0	0	282.4404549532337	2757.973661261756	1	0	1	4.217801044204811
210200.0	6000.0	2557.9736612616985	0.0	0	228.34266586380545	2757.973661261756	1	0	1	4.217801044204811
211243.9847151963	6000.0	2513.9889460654213	0.0	0	0.0	2757.973661261756	1	0	1	4.217801044204811
212226.9754282822	6000.0	2530.9982329795025	0.0	0	0.0	2757.973661261727	1	0	1	4.217801044204812
213200.0	6000.0	2557.9736612616607	0.0	0	393.2783397913736	2757.973661261727	1	0	1	4.217801044204814
214200.0	6000.0	2557.973661261625	0.0	0	132.9926274586469	2757.973661261727	1	0	1	4.217801044204814
215200.0	6000.0	2557.9736612616257	0.0	0	188.02563117432874	2757.973661261727	1	0	1	4.217801044204814
216200.0	6000.0	2557.973661261601	0.0	0	309.69802493142197	2757.973661261727	1	0	1	4.217801044204814
217200.0	6000.0	2557.9736612616084	0.0	0	179.40875195414992	2757.973661261698	1	0	1	4.217801044204817
218200.0	6000.0	2557.9736612616202	0.0	0	227.5892079770856	2757.973661261698	1	0	1	4.217801044204817
219200.0	6000.0	2557.973661261575	0.0	0	526.1200124401075	2757.973661261698	1	0	1	4.217801044204817
220200.0	6000.0	2557.973661261531	0.0	0	238.3445684798353	2757.973661261669	1	0	1	4.21780104420482
221200.0	6000.0	2557.9736612615193	0.0	0	126.05926339811413	2757.973661261669	1	0	1	4.21780104420482
222373.39665462947	6000.0	2384.5770066320706	0.0	0	0.0	2757.973661261669	1	0	1	4.21780104420482
223200.0	6000.0	2557.9736612615507	0.0	0	90.20757063446217	2757.973661261669	1	0	1	4.21780104420482
224233.44044467952	6000.0	2524.533216582012	0.0	0	0.0	2757.973661261669	1	0	1	4.21780104420482
225200.0	6000.0	2557.973661261568	0.0	0	444.3195032994263	2757.973661261669	1	0	1	4.21780104420482
226200.0	6000.0	2557.973661261537	0.0	0	292.3508752413036	2757.973661261669	1	0	1	4.21780104420482
227200.0	6000.0	2557.9736612614993	0.0	0	120.42108910466777	2757.973661261669	1	0	1	4.21780104420482
228200.0	6000.0	2557.97366126149	0.0	0	120.94789435048006	2757.973661261698	1	0	1	4.217801044204817
229380.04043364822	6000.0	2377.9332276132777	0.0	0	0.0	2757.973661261698	1	0	1	4.217801044204817
230421.9412348775	6000.0	2336.0324263839684	0.0	0	0.0	2757.973661261698	1	0	1	4.217801044204817
231251.0459380249	6000.0	2506.927723236561	0.0	0	0.0	2757.973661261698	1	0	1	4.217801044204817
232223.48593327648	6000.0	2534.487727984957	0.0	0	0.0	2757.973661261698	1	0	1	4.217801044204817
233200.0	6000.0	2557.9736612614197	0.0	0	228.29306613880908	2757.973661261727	1	0	1	4.217801044204814
234200.0	6000.0	2557.9736612614183	0.0	0	192.44303206368932	2757.973661261727	1	0	1	4.217801044204814
235200.0	6000.0	2557.973661261426	0.0	0	198.60764876723988	2757.973661261727	1	0	1	4.217801044204814
236277.20413508904	6000.0	2480.7695261723793	0.0	0	0.0	2757.973661261727	1	0	1	4.217801044204814
237200.0	6000.0	2557.973661261421	0.0	0	468.91110750861117	2757.973661261727	1	0	1	4.217801044204814
238203.98163195112	6000.0	2553.9920293103132	0.0	0	0.0	2757.973661261756	1	0	1	4.217801044204814
239200.0	6000.0	2557.9736612614215	0.0	0	297.64451767821447	2757.973661261756	1	0	1	4.217801044204811
240206.16611024318	6000.0	2551.807551018247	0.0	0	0.0	2757.9736612617853	1	0	1	4.21780104420481
241200.0	6000.0	2557.973661261412	0.0	0	27.090164787572576	2757.9736612618144	1	0	1	4.217801044204805
242200.0	6000.0	2557.9736612614033	0.0	0	442.4430027329654	2757.9736612618144	1	0	1	4.217801044204805
243200.0	6000.0	2557.9736612613774	0.0	0	255.13342934381217	2757.9736612618144	1	0	1	4.217801044204805
244200.0	6000.0	2557.973661261376	0.0	0	434.77362415156676	2757.9736612618144	1	0	1	4.217801044204805
245200.0	6000.0	2557.973661261358	0.0	0	601.598293052346	2757.9736612618144	1	0	1	4.217801044204805
246200.0	6000.0	2557.9736612613556	0.0	0	502.6417717440636	2757.9736612618144	1	0	1	4.217801044204805
247200.0	6000.0	2557.973661261358	0.0	0	287.6033597048954	2757.9736612618144	1	0	1	4.217801044204805
248200.0	6000.0	2557.9736612613647	0.0	0	561.5252790043014	2757.9736612618144	1	0	1	4.217801044204805
249200.0	6000.0	2557.9736612613533	0.0	0	471.97953224534285	2757.9736612618435	1	0	1	4.217801044204802
250200.0	6000.0	2557.97366126137	0.0	0	73.40270544527448	2757.9736612618435	1	0	1	4.217801044204802
251200.0	6000.0	2557.9736612613624	0.0	0	335.96627094820724	2757.9736612618435	1	0	1	4.217801044204802
252216.18932293667	6000.0	2541.7843383247045	0.0	0	0.0	2757.9736612618435	1	0	1	4.217801044204802
253590.87518386135	6000.0	2167.098477400036	0.0	0	0.0	2757.9736612618435	1	0	1	4.217801044204802
254530.30455139664	6000.0	2227.669109864719	0.0	0	0.0	2757.9736612618144	1	0	1	4.217801044204805
255443.4605490885	6000.0	2314.5131121728855	0.0	0	0.0	2757.9736612618144	1	0	1	4.217801044204805
256200.0	6000.0	2557.9736612613588	0.0	0	67.98740944929887	2757.9736612618144	1	0	1	4.217801044204805
257200.0	6000.0	2557.9736612613715	0.0	0	247.59961233721697	2757.9736612618144	1	0	1	4.217801044204805
258200.0	6000.0	2557.9736612613565	0.0	0	39.30525626044255	2757.9736612618435	1	0	1	4.217801044204805
259200.0	6000.0	2557.9736612613287	0.0	0	378.6696619793656	2757.9736612618435	1	0	1	4.217801044204802
260536.04941167225	6000.0	2221.9242495890717	0.0	0	0.0	2757.9736612618435	1	0	1	4.217801044204802
261263.8566475757	6000.0	2494.117013685596	0.0	0	0.0	2757.9736612618435	1	0	1	4.217801044204802
262200.0	6000.0	2557.9736612613215	0.0	0	369.2411127545638	2757.9736612618435	1	0	1	4.217801044204802
263200.0	6000.0	2557.97366126128	0.0	0	408.2338040751638	2757.9736612618144	1	0	1	4.217801044204805
264200.0	6000.0	2557.973661261297	0.0	0	422.7642869927222	2757.9736612618435	1	0	1	4.217801044204803
265200.0	6000.0	2557.9736612613247	0.0	0	249.1820305355359	2757.9736612618435	1	0	1	4.217801044204805
266200.0	6000.0	2557.973661261232	0.0	0	675.5500332463998	2757.9736612618435	1	0	1	4.217801044204802
267200.0	6000.0	2557.9736612612223	0.0	0	307.4678072028328	2757.9736612618435	1	0	1	4.217801044204802
268200.0	6000.0	2557.9736612612037	0.0	0	506.94420301291393	2757.9736612619017	1	0	1	4.217801044204796
269200.0	6000.0	2557.9736612611227	0.0	0	164.82854072208283	2757.9736612619017	1	0	1	4.217801044204796
270200.0	6000.0	2557.9736612611014	0.0	0	209.16428732313216	2757.9736612619017	1	0	1	4.217801044204796
271200.0	6000.0	2557.9736612610595	0.0	0	219.1770304441452	2757.9736612619017	1	0	1	4.217801044204796
272200.0	6000.0	2557.9736612610354	0.0	0	64.80616026598727	2757.9736612619017	1	0	1	4.217801044204796
273200.0	6000.0	2557.9736612610614	0.0	0	65.68784786469769	2757.9736612619017	1	0	1	4.217801044204796
274200.0	6000.0	2557.973661261012	0.0	0	161.606198120513	2757.9736612619017	1	0	1	4.217801044204796
275200.0	6000.0	2557.97366126097	0.0	0	332.5214183125063	2757.9736612619017	1	0	1	4.217801044204796
276200.0	6000.0	2557.9736612609654	0.0	0	313.53725059406133	2757.9736612619017	1	0	1	4.217801044204796
277200.0	6000.0	2557.9736612609913	0.0	0	220.8887744867243	2757.9736612619017	1	0	1	4.217801044204796
278200.0	6000.0	2557.9736612610673	0.0	0	520.7039343510405	2757.9736612619017	1	0	1	4.217801044204796
279547.07625397627	6000.0	2210.8974072848278	0.0	0	0.0	2757.9736612618435	1	0	1	4.217801044204802
280660.3829765127	6000.0	2097.590684748363	0.0	0	0.0	2757.9736612618435	1	0	1	4.217801044204802
281462.35010380077	6000.0	2295.623557460292	0.0	0	0.0	2757.9736612618435	1	0	1	4.217801044204802
282200.0	6000.0	2557.973661261122	0.0	0	59.08883870911086	2757.9736612618435	1	0	1	4.217801044204802
283200.0	6000.0	2557.9736612610873	0.0	0	264.26123215444386	2757.9736612617853	1	0	1	4.217801044204808
284200.0	6000.0	2557.9736612610836	0.0	0	353.60500578035135	2757.973661261727	1	0	1	4.217801044204814
285200.0	6000.0	2557.9736612610286	0.0	0	517.7432381060789	2757.973661261727	1	0	1	4.217801044204814
286200.0	6000.0	2557.9736612610077	0.0	0	266.8934639552608	2757.973661261727	1	0	1	4.217801044204814
287203.7345572928	6000.0	2554.2391039681825	0.0	0	0.0	2757.973661261727	1	0	1	4.217801044204814
288200.0	6000.0	2557.973661260902	0.0	0	101.19445787143195	2757.973661261669	1	0	1	4.21780104420482
289200.0	6000.0	2557.973661260907	0.0	0	37.51524534705095	2757.973661261669	1	0	1	4.21780104420482
290200.0	6000.0	2557.9736612608936	0.0	0	193.71507720608497	2757.973661261669	1	0	1	4.21780104420482
291200.0	6000.0	2557.973661260897	0.0	0	272.01497013069456	2757.973661261727	1	0	1	4.217801044204814
292200.0	6000.0	2557.973661260928	0.0	0	548.4820291766082	2757.973661261727	1	0	1	4.217801044204814
293200.0	6000.0	2557.973661260969	0.0	0	388.4875243321876	2757.9736612617853	1	0	1	4.217801044204808
294200.0	6000.0	2557.9736612609595	0.0	0	489.4808611991466	2757.9736612617853	1	0	1	4.217801044204808
295200.0	6000.0	2557.9736612609754	0.0	0	533.3840318986913	2757.9736612617853	1	0	1	4.217801044204808
296200.0	6000.0	2557.97366126098	0.0	0	485.4538662637351	2757.9736612617853	1	0	1	4.217801044204808
297200.0	6000.0	2557.9736612609704	0.0	0	141.2844491681317	2757.9736612617853	1	0	1	4.217801044204808
298200.0	6000.0	2557.973661261042	0.0	0	134.1009922340745	2757.9736612618435	1	0	1	4.217801044204802
299200.0	6000.0	2557.973661260992	0.0	0	240.00216228852514	2757.9736612618435	1	0	1	4.217801044204802
300216.21064992517	6000.0	2541.7630113358414	0.0	0	0.0	2757.9736612618435	1	0	1	4.217801044204802
9.05	9.49	6.56	7.34	6.2	9.23	9.45	8.91	8.7	8.92	9.06	8.2	8.75	11.0	11.2	7.16	8.09	7.59	8.33	9.27	10.7	13.7	9.02	6.44	6.38	8.42	8.58	13.6	12.4	9.74	8.1	11.4	15.3	9.74	8.13	9.83	6.27	8.86	9.41	7.72	8.36	8.72	11.7	10.5	8.46	5.72	6.08	5.55	7.53	6.15	7.34	4.66	8.94	9.61	8.78	9.06	6.23	7.08	11.6	7.22	9.02	8.93	6.42	9.38	10.6	8.05	7.39	7.24	6.27	7.48	10.1	7.19	6.75	7.33	5.65	5.33	9.11	7.63	9.09	8.0	7.73	5.5	10.7	6.82	8.0	7.95	8.09	11.0	7.74	14.4	13.3	9.86	10.0	11.2	9.7	9.05	9.57	7.84	3.61	6.17	8.68	8.86	8.91	7.03	12.4	4.76	6.34	10.1	10.5	9.01	10.1	16.0	10.3	10.1	7.21	9.81	7.98	8.26	7.1	7.98	9.21	6.86	8.82	10.7	4.78	4.33	7.37	8.51	7.48	9.5	11.3	8.99	6.9	7.61	7.63	7.78	10.1	11.5	7.67	10.4	10.6	10.4	8.39	9.56	7.96	7.41	12.0	7.37	7.91	6.05	9.05	9.49	6.56	7.34	6.2	9.23	9.45	8.91	8.7	8.92	9.06	8.2	8.75	11.0	11.2	7.16	8.09	7.59	8.33	9.27	10.7	13.7	9.02	6.44	6.38	8.42	8.58	13.6	12.4	9.74	8.1	11.4	15.3	9.74	8.13	9.83	6.27	8.86	9.41	7.72	8.36	8.72	11.7	10.5	8.46	5.72	6.08	5.55	7.53	6.15	7.34	4.66	8.94	9.61	8.78	9.06	6.23	7.08	11.6	7.22	9.02	8.93	6.42	9.38	10.6	8.05	7.39	7.24	6.27	7.48	10.1	7.19	6.75	7.33	5.65	5.33	9.11	7.63	9.09	8.0	7.73	5.5	10.7	6.82	8.0	7.95	8.09	11.0	7.74	14.4	13.3	9.86	10.0	11.2	9.7	9.05	9.57	7.84	3.61	6.17	8.68	8.86	8.91	7.03	12.4	4.76	6.34	10.1	10.5	9.01	10.1	16.0	10.3	10.1	7.21	9.81	7.98	8.26	7.1	7.98	9.21	6.86	8.82	10.7	4.78	4.33	7.37	8.51	7.48	9.5	11.3	8.99	6.9	7.61	7.63	7.78	10.1	11.5	7.67	10.4	10.6	10.4	8.39	9.56	7.96	7.41	12.0	7.37	7.91	6.05
1.0	2.0	3.0	4.0	5.0	6.0	7.0	8.0	9.0	10.0	11.0	12.0	13.0	14.0	15.0	16.0	17.0	18.0	19.0	20.0	21.0	22.0	23.0	24.0	25.0	26.0	27.0	28.0	29.0	30.0	31.0	32.0	33.0	34.0	35.0	36.0	37.0	38.0	39.0	40.0	41.0	42.0	43.0	44.0	45.0	46.0	47.0	48.0	49.0	50.0	51.0	52.0	53.0	54.0	55.0	56.0	57.0	58.0	59.0	60.0	61.0	62.0	63.0	64.0	65.0	66.0	67.0	68.0	69.0	70.0	71.0	72.0	73.0	74.0	75.0	76.0	77.0	78.0	79.0	80.0	81.0	82.0	83.0	84.0	85.0	86.0	87.0	88.0	89.0	90.0	91.0	92.0	93.0	94.0	95.0	96.0	97.0	98.0	99.0	100.0	101.0	102.0	103.0	104.0	105.0	106.0	107.0	108.0	109.0	110.0	111.0	112.0	113.0	114.0	115.0	116.0	117.0	118.0	119.0	120.0	121.0	122.0	123.0	124.0	125.0	126.0	127.0	128.0	129.0	130.0	131.0	132.0	133.0	134.0	135.0	136.0	137.0	138.0	139.0	140.0	141.0	142.0	143.0	144.0	145.0	146.0	147.0	148.0	149.0	149.0	150.0	151.0	152.0	153.0	154.0	155.0	156.0	157.0	158.0	159.0	160.0	161.0	162.0	163.0	164.0	165.0	166.0	167.0	168.0	169.0	170.0	171.0	172.0	173.0	174.0	175.0	176.0	177.0	178.0	179.0	180.0	181.0	182.0	183.0	184.0	185.0	186.0	187.0	188.0	189.0	190.0	191.0	192.0	193.0	194.0	195.0	196.0	197.0	198.0	199.0	200.0	201.0	202.0	203.0	204.0	205.0	206.0	207.0	208.0	209.0	210.0	211.0	212.0	213.0	214.0	215.0	216.0	217.0	218.0	219.0	220.0	221.0	222.0	223.0	224.0	225.0	226.0	227.0	228.0	229.0	230.0	231.0	232.0	233.0	234.0	235.0	236.0	237.0	238.0	239.0	240.0	241.0	242.0	243.0	244.0	245.0	246.0	247.0	248.0	249.0	250.0	251.0	252.0	253.0	254.0	255.0	256.0	257.0	258.0	259.0	260.0	261.0	262.0	263.0	264.0	265.0	266.0	267.0	268.0	269.0	270.0	271.0	272.0	273.0	274.0	275.0	276.0	277.0	278.0	279.0	280.0	281.0	282.0	283.0	284.0	285.0	286.0	287.0	288.0	289.0	290.0	291.0	292.0	293.0	294.0	295.0	296.0	297.0	298.0	298.0
5154.8066439025815
