4808.634775364055	300.0	2000.0	85.7016314522354	0	0.0	4808.634775364055	1	0	1	-1.4276929625607289
4873.060407935767	300.0	2929.1318041711156	0.0	0	0.0	4802.192212106884	1	0	2	-1.124627831462609
4948.754476897047	300.0	3845.868328313707	0.0	0	0.0	4794.622805210755	1	0	2	-0.9204800480675167
5200.0	300.0	4569.498252900461	0.0	0	188.3078347758701	4769.498252900461	1	0	2	-0.9307664376586379
6200.0	500.0	4469.498252900459	0.0	0	885.8590709822747	4669.498252900461	1	0	2	-0.9533349831581198
7200.0	500.0	4369.49825290046	0.0	0	853.2946586896032	4569.498252900462	1	0	2	-0.3767480948027413
8200.0	500.0	4269.498252900458	0.0	0	869.9085038195026	4469.498252900463	1	0	2	-0.31482139049587354
9200.0	1000.0	4169.498252900457	0.0	0	818.617233984447	4369.498252900461	1	0	2	-0.2566859689437262
10200.0	2000.0	4069.4982529004574	0.0	0	568.3840260684265	4269.498252900461	1	0	2	0.4909922375811292
11200.0	6000.0	3969.498252900458	0.0	0	163.72948457773964	4169.498252900461	1	0	2	1.2396879752449386
12239.812081933418	6000.0	3825.7049627736974	0.0	0	0.0	4065.5170447071177	1	0	2	2.3848848248994807
13200.0	6000.0	3769.4982529004574	0.0	0	248.9480805007588	3969.498252900459	1	0	2	2.4304385844819443
14200.0	6000.0	3669.498252900454	0.0	0	256.121354820325	3869.4982529004537	1	0	2	2.466819027285392
15623.388031099408	6000.0	3103.771418691107	0.0	0	0.0	3727.1594497905135	1	0	2	2.4759736297382133
16320.969352018072	3000.0	3336.431965680575	0.0	0	0.0	3657.4013176986427	1	0	2	1.1930842346796158
17200.0	3000.0	3369.49825290045	0.0	0	282.3218195939444	3569.4982529004446	1	0	2	1.8906607638667436
18200.0	3000.0	3269.498252900449	0.0	0	174.98706590995062	3469.4982529004483	1	0	2	1.9082115798974684
19200.0	3000.0	3169.4982529004533	0.0	0	411.61003127235745	3369.4982529004537	1	0	2	1.934092639109679
20200.0	3000.0	3069.498252900453	0.0	0	548.6270660599184	3269.4982529004483	1	0	2	1.9583529662332981
21200.0	3000.0	2969.4982529004524	0.0	0	672.2136440168288	3169.498252900452	1	0	2	1.9810400504117651
22200.0	3000.0	2869.4982529004515	0.0	0	688.2346887306012	3069.4982529004483	1	0	2	2.0019038174987163
23200.0	3000.0	2769.498252900452	0.0	0	515.5715076569322	2969.498252900452	1	0	2	2.021184305804756
24200.0	3000.0	2669.49825290045	0.0	0	608.2218756597249	2869.4982529004556	1	0	2	2.0384117876267718
25200.0	3000.0	2569.4982529004565	0.0	0	406.10104348759705	2769.498252900463	1	0	2	2.0546495894073726
26366.79362535554	6000.0	2286.0252650093576	0.0	0	0.0	2652.818890364906	1	0	2	2.055244127429917
27266.27589671956	6000.0	2296.5947665089384	0.0	0	0.0	2562.870663228503	1	0	2	2.788394051932324
28630.95571383596	6000.0	1795.4469676808926	0.0	0	0.0	2426.402681516862	1	0	2	2.755745974470832
29610.449691499307	6000.0	1718.0035922512054	0.0	0	0.0	2328.4532837505285	1	0	2	2.805851089364268
30698.12067491831	6000.0	1521.5655104903017	0.0	0	0.0	2219.686185408631	1	0	2	2.8050605589937563
32259.72674597025	6000.0	803.7988323331704	0.0	0	0.0	2063.525578303437	1	0	2	2.7707897546561076
32616.61229598962	3000.0	1411.2247273118596	0.0	0	0.0	2027.837023301494	1	0	2	1.509090298644685
33200.0	6000.0	1769.498252900441	0.0	0	18.948561791265092	1969.4982529004556	1	0	2	2.183250766219206
34200.0	6000.0	1669.4982529004396	0.0	0	379.2444356007036	1869.4982529004556	1	0	2	2.8399264904302335
35200.0	6000.0	1569.4982529004349	0.0	0	298.6914846986692	1769.4982529004483	1	0	2	2.8461653674948826
36200.0	6000.0	1469.4982529004305	0.0	0	289.9504988138506	1669.498252900441	1	0	2	2.8516841271088684
37200.0	6000.0	1369.4982529004294	0.0	0	283.04926878608967	1569.4982529004483	1	0	2	2.856951686334822
38200.0	6000.0	1269.4982529004242	0.0	0	269.05900241609925	1469.4982529004483	1	0	2	2.8613204284538063
39200.0	6000.0	1169.4982529004155	0.0	0	0.09074834253260633	1369.498252900441	1	0	2	2.8658939373462733
40200.0	6000.0	1069.498252900423	0.0	0	165.4348546523761	1269.498252900441	1	0	2	2.869524248878648
41200.0	6000.0	969.498252900418	0.0	0	139.47723352946923	1169.4982529004337	1	0	2	2.8729183602788773
42200.0	6000.0	869.4982529004191	0.0	0	395.6130800453466	1069.4982529004337	1	0	2	2.875847824924742
43200.0	6000.0	769.4982529004292	0.0	0	18.57083453732048	969.498252900441	1	0	2	2.878793494280764
44606.2429245994	6000.0	222.63103584109263	0.0	0	0.0	828.8739604404982	1	0	2	2.8415634544654558
45672.67571647752	6000.0	400.70443065006896	319.22678715900304	0	0.0	1073.3801471275947	1	0	2	0.9859535402543674
46416.13536832887	6000.0	582.8988136135875	0.0	0	0.0	999.0341819424502	1	0	2	2.9040184179847044
47453.31068991143	6000.0	442.0059598727827	0.0	0	0.0	895.3166497841885	1	0	2	2.877103007451462
48200.0	3000.0	620.6477187753566	0.0	0	155.9750325469504	820.6477187753335	1	0	2	1.5216731012720708
49200.0	6000.0	520.6477187753602	0.0	0	269.44737418294244	720.6477187753408	1	0	2	2.191495069367047
50200.0	6000.0	420.64771877535696	0.0	0	167.38261650608183	620.6477187753335	1	0	2	2.8866072316374196
51200.0	6000.0	320.6477187753559	0.0	0	321.8259023771752	520.6477187753335	1	0	2	2.8883621079899773
52417.94189099532	6000.0	269.2634191821384	262.13798227421074	0	0.0	687.2053101774509	1	0	2	1.31693017843748
53654.68672432853	6000.0	325.9883278668864	379.2220230466204	0	0.0	980.6750521954018	1	0	2	0.6174662220555499
54387.45897964533	6000.0	610.9636921377698	82.7498591994206	0	0.0	998.4226717830825	1	0	2	2.4169238303483014
55200.0	6000.0	717.1685697476239	0.0	0	65.9043102063224	917.1685697476132	1	0	2	2.899093721880271
56200.0	6000.0	617.1685697476228	0.0	0	171.89343283850758	817.1685697476059	1	0	2	2.8825120019570223
57200.0	6000.0	517.1685697476237	0.0	0	221.48848575746524	717.1685697476132	1	0	2	2.8846736738948993
58378.59560680328	6000.0	243.23268587713943	20.472076011921594	0	0.0	621.8282926804095	1	0	2	2.747947211929797
59200.0	6000.0	498.4406535882664	144.32072747955806	0	45.57723617006559	698.4406535882663	1	0	2	2.051667708063332
60200.0	6000.0	398.44065358826873	0.0	0	18.157721069044783	598.4406535882663	1	0	2	2.887142740352461
61220.79211845729	6000.0	387.82510504039703	102.05071068649384	0	0.0	608.6172234976839	1	0	2	2.282790569067349
62559.59566670985	6000.0	252.2454819532203	306.4584363551256	0	0.0	811.8411486630721	1	0	2	1.0406650951547534
63791.41241281912	6000.0	311.961686920692	377.0132960796952	0	0.0	1103.3740997398127	1	0	2	0.6274548780041072
64489.78996885648	3000.0	650.5319798711674	36.94784898783814	0	0.0	1140.321948727651	1	0	1	1.1668679779513784
65408.71914176102	6000.0	731.6028069666193	0.0	0	0.0	1140.321948727651	1	0	1	2.281702252438352
66200.0	6000.0	940.3219487276361	0.0	0	63.162170737297856	1140.3219487276438	1	0	1	2.9748494329982975
67200.0	6000.0	940.3219487276328	0.0	0	491.6523003879702	1140.321948727651	1	0	1	2.974849432998297
68200.0	6000.0	940.3219487276373	0.0	0	354.3918664905941	1140.3219487276365	1	0	1	2.9748494329982975
69200.0	6000.0	940.3219487276215	0.0	0	327.58851901401067	1140.321948727622	1	0	1	2.9748494329982984
70200.0	6000.0	940.3219487276256	0.0	0	532.2082793176232	1140.3219487276365	1	0	1	2.9748494329982975
71200.0	6000.0	940.3219487276292	0.0	0	463.209771158683	1140.3219487276365	1	0	1	2.9748494329982975
72230.97670141274	6000.0	909.3452473148932	0.0	0	0.0	1140.3219487276365	1	0	1	2.9748494329982975
73293.36747374656	6000.0	846.9544749810748	0.0	0	0.0	1140.3219487276365	1	0	1	2.9748494329982975
74727.96056493935	6000.0	412.36138378828866	0.0	0	0.0	1140.3219487276365	1	0	1	2.9748494329982975
75561.77996111895	6000.0	590.5540943331957	12.01210672451117	0	0.0	1152.334055452142	1	0	1	2.902407806333578
76200.0	6000.0	952.3340554521542	0.0	0	15.323162541913916	1152.334055452142	1	0	1	2.974480446680645
77200.0	6000.0	952.3340554521578	0.0	0	305.62438428799214	1152.3340554521565	1	0	1	2.9744804466806447
78200.0	6000.0	952.334055452151	0.0	0	394.44634149030026	1152.3340554521565	1	0	1	2.9744804466806447
79200.0	6000.0	952.3340554521478	0.0	0	315.2293309555098	1152.3340554521565	1	0	1	2.9744804466806447
80249.02857986462	6000.0	903.3054755875337	0.0	0	0.0	1152.334055452171	1	0	1	2.9744804466806443
81200.0	6000.0	952.3340554521469	0.0	0	94.51408466733119	1152.334055452171	1	0	1	2.9744804466806443
82200.0	6000.0	952.3340554521271	0.0	0	380.11886670014064	1152.3340554521565	1	0	1	2.9744804466806447
83200.0	6000.0	952.3340554521274	0.0	0	553.6934015942534	1152.3340554521565	1	0	1	2.9744804466806447
84200.0	6000.0	952.3340554521369	0.0	0	444.4069557742623	1152.334055452171	1	0	1	2.9744804466806443
85200.0	6000.0	952.3340554521508	0.0	0	148.05519603789435	1152.3340554521856	1	0	1	2.9744804466806443
86200.0	6000.0	952.334055452154	0.0	0	270.08777237359027	1152.334055452171	1	0	1	2.9744804466806443
87404.11366129247	6000.0	748.2203941596873	0.0	0	0.0	1152.334055452171	1	0	1	2.9744804466806443
88793.24086760177	6000.0	359.0931878503861	0.0	0	0.0	1152.334055452171	1	0	1	2.9744804466806443
89614.3182870868	6000.0	582.8746257282992	44.858857362960975	0	0.0	1197.1929128151241	1	0	1	2.7039101160766394
90299.81298250667	6000.0	897.3799303084327	0.0	0	0.0	1197.1929128151241	1	0	1	2.9730632602544054
91200.0	6000.0	997.192912815105	0.0	0	33.80680591041164	1197.1929128151241	1	0	1	2.9730632602544054
92915.16617118922	6000.0	282.0267416259012	0.0	0	0.0	1197.1929128151241	1	0	1	2.9730632602544054
93877.75740690417	6000.0	562.8544449052692	243.41893899431463	0	0.0	1440.6118518094445	1	0	1	1.5036690971254223
94313.99961029374	3000.0	1126.612241515696	0.0	0	0.0	1440.6118518094445	1	0	1	1.5778883699714201
95477.23656794653	6000.0	963.3752838629098	0.0	0	0.0	1440.6118518094445	1	0	1	2.271035550531365
96344.56283713758	6000.0	1096.049014671857	0.0	0	0.0	1440.6118518094445	1	0	1	2.96418273109131
97200.0	3000.0	1240.6118518094333	0.0	0	283.27513266207825	1440.6118518094445	1	0	1	1.5778883699714201
98200.0	3000.0	1240.6118518094315	0.0	0	418.9296092557779	1440.611851809459	1	0	1	2.2710355505313644
99200.0	3000.0	1240.6118518094308	0.0	0	630.9751425457653	1440.611851809459	1	0	1	2.2710355505313644
100200.0	3000.0	1240.611851809425	0.0	0	346.89128354686545	1440.611851809459	1	0	1	2.2710355505313644
101200.0	3000.0	1240.6118518094345	0.0	0	464.18099946047005	1440.611851809459	1	0	1	2.2710355505313644
102200.0	3000.0	1240.6118518094338	0.0	0	206.78279789838416	1440.611851809459	1	0	1	2.2710355505313644
103200.0	3000.0	1240.6118518094388	0.0	0	507.44821547284664	1440.6118518094736	1	0	1	2.2710355505313635
104200.0	6000.0	1240.6118518094527	0.0	0	37.795135399355786	1440.6118518094736	1	0	1	2.271035550531364
105200.0	6000.0	1240.6118518094577	0.0	0	252.3192355394276	1440.611851809459	1	0	1	2.9641827310913094
106269.34280749716	6000.0	1171.26904431231	0.0	0	0.0	1440.611851809459	1	0	1	2.9641827310913094
107643.35337289375	6000.0	797.2584789157149	0.0	0	0.0	1440.611851809459	1	0	1	2.9641827310913094
108828.3525527302	6000.0	612.2592990792743	0.0	0	0.0	1440.611851809459	1	0	1	2.9641827310913094
109267.00535322166	3000.0	1173.6064985878115	0.0	0	0.0	1440.611851809459	1	0	1	1.5778883699714195
110200.0	3000.0	1240.6118518094806	0.0	0	449.02127735836257	1440.611851809459	1	0	1	2.2710355505313644
111200.0	6000.0	1240.6118518094775	0.0	0	415.2764201800019	1440.6118518094736	1	0	1	2.271035550531364
112459.79337990512	6000.0	980.8184719043501	0.0	0	0.0	1440.6118518094736	1	0	1	2.964182731091309
113286.0114980448	6000.0	1154.6003537646652	0.0	0	0.0	1440.6118518094736	1	0	1	2.964182731091309
114210.567579158	6000.0	1230.044272651458	0.0	0	0.0	1440.6118518094736	1	0	1	2.964182731091309
115850.15368446524	6000.0	590.4581673442075	0.0	0	0.0	1440.6118518094736	1	0	1	2.964182731091309
116552.9624975185	3000.0	887.64935429095	0.0	0	0.0	1440.6118518094736	1	0	1	1.5778883699714188
117200.0	3000.0	1240.6118518094481	0.0	0	96.86853321538365	1440.6118518094881	1	0	1	2.271035550531363
118200.0	3000.0	1240.6118518094374	0.0	0	303.20924826820556	1440.6118518094881	1	0	1	2.271035550531363
119200.0	3000.0	1240.6118518094243	0.0	0	294.9673286807083	1440.6118518094881	1	0	1	2.271035550531363
120200.0	3000.0	1240.6118518094372	0.0	0	556.607337810332	1440.6118518095027	1	0	1	2.2710355505313626
121200.0	3000.0	1240.6118518094409	0.0	0	647.8766673591599	1440.6118518095027	1	0	1	2.2710355505313626
122200.0	3000.0	1240.6118518094272	0.0	0	628.8417131578317	1440.6118518094881	1	0	1	2.271035550531363
123200.0	3000.0	1240.6118518094277	0.0	0	621.6262138501188	1440.6118518094881	1	0	1	2.271035550531363
124200.0	3000.0	1240.6118518094077	0.0	0	686.9992328028602	1440.6118518094736	1	0	1	2.2710355505313635
125200.0	6000.0	1240.6118518094247	0.0	0	429.1113163326372	1440.6118518094736	1	0	1	2.271035550531364
126200.0	6000.0	1240.6118518094108	0.0	0	402.79118563713564	1440.6118518094736	1	0	1	2.964182731091309
127205.4192428225	6000.0	1235.1926089869096	0.0	0	73.34358667206834	1440.6118518094736	1	0	1	2.964182731091309
128545.5936951257	6000.0	895.0181566837193	0.0	0	0.0	1440.6118518094736	1	0	1	2.964182731091309
129607.63531634075	6000.0	832.976535468678	0.0	0	0.0	1440.6118518094736	1	0	1	2.964182731091309
130451.94452897787	6000.0	988.667322831552	0.0	0	0.0	1440.6118518094736	1	0	1	2.964182731091309
131200.0	6000.0	1240.6118518094293	0.0	0	208.55927056618384	1440.6118518094736	1	0	1	2.964182731091309
132200.0	6000.0	1240.6118518094383	0.0	0	315.22789948701393	1440.6118518094736	1	0	1	2.964182731091309
133200.0	6000.0	1240.6118518094484	0.0	0	84.59217344617355	1440.6118518094881	1	0	1	2.9641827310913085
134587.7323142666	6000.0	852.8795375428081	0.0	0	0.0	1440.6118518094881	1	0	1	2.9641827310913085
135247.37054514035	6000.0	1193.2413066690988	0.0	0	0.0	1440.6118518094881	1	0	1	2.9641827310913085
136200.0	6000.0	1240.6118518094625	0.0	0	444.3159630159789	1440.6118518094881	1	0	1	2.9641827310913085
137200.0	6000.0	1240.6118518094731	0.0	0	280.23944884646335	1440.6118518095172	1	0	1	2.9641827310913067
138322.1669383427	6000.0	1118.4449134667748	0.0	0	0.0	1440.6118518095464	1	0	1	2.9641827310913054
139213.12230705813	6000.0	1227.4895447513068	0.0	0	0.0	1440.6118518095464	1	0	1	2.9641827310913054
140200.0	6000.0	1240.6118518094652	0.0	0	269.9501928751706	1440.6118518095464	1	0	1	2.9641827310913054
141200.0	6000.0	1240.6118518094765	0.0	0	317.97023420143523	1440.6118518095464	1	0	1	2.9641827310913054
142200.0	6000.0	1240.6118518094638	0.0	0	13.45897106200573	1440.6118518095464	1	0	1	2.9641827310913054
143200.0	6000.0	1240.6118518094597	0.0	0	252.27751763063134	1440.6118518095464	1	0	1	2.9641827310913054
144200.0	6000.0	1240.611851809441	0.0	0	471.31454894080525	1440.6118518095464	1	0	1	2.9641827310913054
145200.0	6000.0	1240.6118518094358	0.0	0	311.22496657815645	1440.6118518095464	1	0	1	2.9641827310913054
146200.0	6000.0	1240.6118518094288	0.0	0	180.46840261042234	1440.6118518095464	1	0	1	2.9641827310913054
147200.0	6000.0	1240.6118518094174	0.0	0	261.789184208028	1440.6118518095464	1	0	1	2.9641827310913054
148200.0	6000.0	1240.6118518093983	0.0	0	285.06411786045646	1440.6118518095464	1	0	1	2.9641827310913054
149200.0	6000.0	1240.6118518093888	0.0	0	217.03474450056092	1440.6118518095464	1	0	1	2.9641827310913054
150200.0	6000.0	1240.6118518094088	0.0	0	91.70936962071573	1440.6118518095464	1	0	1	2.9641827310913054
151200.0	6000.0	1240.6118518094438	0.0	0	145.6744910668349	1440.6118518095755	1	0	1	2.9641827310913045
152200.42806257113	6000.0	1240.18378923833	0.0	0	0.0	1440.6118518095755	1	0	1	2.9641827310913045
153317.86060616147	6000.0	1122.7512456479958	0.0	0	0.0	1440.6118518095464	1	0	1	2.9641827310913054
154200.0	6000.0	1240.6118518094684	0.0	0	4.771086767083034	1440.6118518095172	1	0	1	2.9641827310913067
155200.0	6000.0	1240.6118518094895	0.0	0	98.07063552792533	1440.6118518095464	1	0	1	2.9641827310913054
156200.0	6000.0	1240.6118518094997	0.0	0	379.24408257572213	1440.6118518095464	1	0	1	2.9641827310913054
157200.0	6000.0	1240.6118518095102	0.0	0	495.70663437165786	1440.6118518095464	1	0	1	2.9641827310913054
158200.0	6000.0	1240.611851809512	0.0	0	278.71587017030106	1440.6118518095464	1	0	1	2.9641827310913054
159562.8348965087	6000.0	877.7769553008316	0.0	0	0.0	1440.6118518095464	1	0	1	2.9641827310913054
160670.1358424339	6000.0	770.4760093756304	0.0	0	0.0	1440.6118518095464	1	0	1	2.9641827310913054
161598.17352507208	6000.0	842.4383267374803	0.0	0	0.0	1440.6118518095464	1	0	1	2.9641827310913054
162559.8759284109	6000.0	880.7359233986712	0.0	0	0.0	1440.6118518095464	1	0	1	2.9641827310913054
163391.54097624993	6000.0	1049.0708755596493	0.0	0	0.0	1440.6118518095172	1	0	1	2.9641827310913067
164581.5093519595	6000.0	859.1024998500669	0.0	0	0.0	1440.6118518095464	1	0	1	2.9641827310913054
165807.37209757458	6000.0	633.2397542349509	0.0	0	0.0	1440.6118518095464	1	0	1	2.9641827310913054
166986.6231547367	6000.0	453.98869707280204	0.0	0	0.0	1440.6118518095172	1	0	1	2.9641827310913067
167562.1770620469	3000.0	878.4347897626362	0.0	0	0.0	1440.6118518095172	1	0	1	1.577888369971417
168200.0	3000.0	1240.611851809513	0.0	0	111.23842621015501	1440.6118518095172	1	0	1	2.271035550531362
169200.0	3000.0	1240.6118518095	0.0	0	675.8879258217348	1440.6118518094881	1	0	1	2.271035550531363
170200.0	6000.0	1240.6118518094909	0.0	0	207.71175147083704	1440.6118518094881	1	0	1	2.271035550531363
171200.0	6000.0	1240.6118518094866	0.0	0	234.84204087482067	1440.6118518094881	1	0	1	2.9641827310913085
172200.0	6000.0	1240.6118518095016	0.0	0	287.12841034133453	1440.6118518094881	1	0	1	2.9641827310913085
173818.05272559996	6000.0	622.5591262095445	0.0	0	0.0	1440.6118518094881	1	0	1	2.9641827310913085
174869.80589166333	6000.0	570.8059601461906	0.0	0	0.0	1440.611851809459	1	0	1	2.9641827310913094
175496.32089863167	6000.0	944.2909531778256	0.0	0	0.0	1440.6118518094881	1	0	1	2.9641827310913085
176338.35210559628	6000.0	1102.2597462132305	0.0	0	0.0	1440.6118518094881	1	0	1	2.9641827310913085
177200.0	6000.0	1240.6118518094886	0.0	0	131.3993875393062	1440.611851809459	1	0	1	2.9641827310913094
178200.0	6000.0	1240.6118518095016	0.0	0	193.30449644147302	1440.611851809459	1	0	1	2.9641827310913094
179200.0	6000.0	1240.611851809511	0.0	0	200.22665040762513	1440.611851809459	1	0	1	2.9641827310913094
180200.0	6000.0	1240.6118518095216	0.0	0	307.7310890494264	1440.611851809459	1	0	1	2.9641827310913094
181200.0	6000.0	1240.6118518095645	0.0	0	353.04132073151413	1440.6118518094881	1	0	1	2.9641827310913085
182200.0	6000.0	1240.6118518095484	0.0	0	297.5076261724171	1440.611851809459	1	0	1	2.9641827310913094
183434.2019689925	6000.0	1006.4098828170623	0.0	0	0.0	1440.6118518094881	1	0	1	2.9641827310913085
184335.30240936982	6000.0	1105.3094424397268	0.0	0	0.0	1440.611851809459	1	0	1	2.9641827310913094
185221.21505421892	6000.0	1219.3967975906385	0.0	0	0.0	1440.611851809459	1	0	1	2.9641827310913094
186200.0	6000.0	1240.6118518095839	0.0	0	5.376372208382236	1440.611851809459	1	0	1	2.9641827310913094
187200.0	6000.0	1240.6118518095977	0.0	0	401.4667776505521	1440.611851809459	1	0	1	2.9641827310913094
188200.0	6000.0	1240.6118518095723	0.0	0	108.64353189250687	1440.611851809459	1	0	1	2.9641827310913094
189200.0	6000.0	1240.6118518095668	0.0	0	267.5577289695502	1440.611851809459	1	0	1	2.9641827310913094
190200.0	6000.0	1240.61185180955	0.0	0	252.264639780391	1440.611851809459	1	0	1	2.9641827310913094
191200.0	6000.0	1240.6118518095525	0.0	0	186.66419445892097	1440.6118518094881	1	0	1	2.9641827310913085
192200.0	6000.0	1240.611851809563	0.0	0	278.2813562475785	1440.6118518094881	1	0	1	2.9641827310913085
193200.0	6000.0	1240.6118518095561	0.0	0	373.60519292834215	1440.6118518094881	1	0	1	2.9641827310913085
194255.38565082345	6000.0	1185.2262009860788	0.0	0	0.0	1440.611851809459	1	0	1	2.9641827310913094
195200.0	6000.0	1240.611851809511	0.0	0	7.986256029078504	1440.611851809459	1	0	1	2.9641827310913094
196200.0	6000.0	1240.6118518094815	0.0	0	381.63982724177185	1440.611851809459	1	0	1	2.9641827310913094
197200.0	6000.0	1240.6118518094595	0.0	0	258.5452353358851	1440.611851809459	1	0	1	2.9641827310913094
198200.0	6000.0	1240.611851809455	0.0	0	243.78851737605873	1440.611851809459	1	0	1	2.9641827310913094
199200.0	6000.0	1240.6118518094684	0.0	0	398.0957534069603	1440.611851809459	1	0	1	2.9641827310913094
200200.0	6000.0	1240.6118518095075	0.0	0	91.87672866738285	1440.611851809459	1	0	1	2.9641827310913094
201200.0	6000.0	1240.6118518095016	0.0	0	367.8246340591286	1440.611851809459	1	0	1	2.9641827310913094
202200.0	6000.0	1240.6118518094959	0.0	0	414.19791870671907	1440.611851809459	1	0	1	2.9641827310913094
203200.0	6000.0	1240.6118518094888	0.0	0	203.6913487141137	1440.611851809459	1	0	1	2.9641827310913094
204200.0	6000.0	1240.6118518094818	0.0	0	336.0863359719515	1440.61185180943	1	0	1	2.9641827310913103
205200.0	6000.0	1240.6118518094945	0.0	0	239.97784196209977	1440.6118518094008	1	0	1	2.9641827310913116
206336.9554099813	6000.0	1103.656441828191	0.0	0	0.0	1440.6118518094008	1	0	1	2.9641827310913116
207200.0	6000.0	1240.611851809506	0.0	0	2.216679841047153	1440.6118518093717	1	0	1	2.964182731091313
208330.27944227116	6000.0	1110.3324095383546	0.0	0	0.0	1440.6118518093426	1	0	1	2.964182731091314
209200.0	6000.0	1240.6118518094786	0.0	0	38.6205337253341	1440.6118518093426	1	0	1	2.964182731091314
210200.0	6000.0	1240.6118518094795	0.0	0	181.3223411590734	1440.6118518093426	1	0	1	2.964182731091314
211200.0	6000.0	1240.611851809505	0.0	0	393.89499213785166	1440.6118518093426	1	0	1	2.964182731091314
212200.0	6000.0	1240.611851809517	0.0	0	164.11602100118762	1440.6118518093426	1	0	1	2.964182731091314
213200.0	6000.0	1240.611851809524	0.0	0	129.3817027573532	1440.6118518093426	1	0	1	2.964182731091314
214200.0	6000.0	1240.6118518095166	0.0	0	276.44629662818625	1440.6118518093426	1	0	1	2.964182731091314
215200.0	6000.0	1240.6118518094966	0.0	0	150.21002400596626	1440.6118518093426	1	0	1	2.964182731091314
216200.0	6000.0	1240.6118518094784	0.0	0	320.31094059345196	1440.6118518093426	1	0	1	2.964182731091314
217200.0	6000.0	1240.611851809484	0.0	0	48.15983797979425	1440.6118518093426	1	0	1	2.964182731091314
218433.00161459716	6000.0	1007.6102372123185	0.0	0	0.0	1440.6118518093426	1	0	1	2.964182731091314
219850.36800104677	6000.0	590.2438507626894	0.0	0	0.0	1440.6118518093426	1	0	1	2.964182731091314
220849.93880216876	6000.0	590.6730496406792	0.0	0	0.0	1440.6118518093717	1	0	1	2.964182731091313
221672.07187471495	6000.0	768.5399770945116	0.0	0	0.0	1440.6118518093717	1	0	1	2.964182731091313
222646.38809019825	6000.0	794.2237616112234	0.0	0	0.0	1440.6118518093717	1	0	1	2.964182731091313
223840.3971606003	6000.0	600.214691209163	0.0	0	0.0	1440.6118518093426	1	0	1	2.964182731091314
224596.8468850972	6000.0	843.7649667122445	0.0	0	0.0	1440.6118518093426	1	0	1	2.964182731091314
225200.0	6000.0	1240.6118518094563	0.0	0	62.49297771512647	1440.6118518093426	1	0	1	2.964182731091314
226200.0	6000.0	1240.6118518094704	0.0	0	286.70890813943697	1440.6118518093426	1	0	1	2.964182731091314
227492.69159173698	6000.0	947.9202600724815	0.0	0	0.0	1440.6118518093426	1	0	1	2.964182731091314
228461.08923343103	6000.0	979.5226183784189	0.0	0	0.0	1440.6118518093426	1	0	1	2.964182731091314
229872.36374546742	6000.0	568.2481063420614	0.0	0	0.0	1440.6118518093426	1	0	1	2.964182731091314
231853.02752989266	6000.0	230.96170843495554	643.3773865181415	0	0.0	2083.989238327602	1	0	1	-0.9211668448603796
233056.0382844034	6000.0	367.1854485997452	339.23449467551035	0	0.0	2423.2237330031057	1	0	1	0.8613961872176734
233551.00792634726	3000.0	872.2158066558743	0.0	0	0.0	2423.2237330030766	1	0	1	1.5105087941508493
234139.02377491313	3000.0	1284.1999580899999	0.0	0	0.0	2423.2237330030475	1	0	1	2.2036559747107973
234761.6914270801	3000.0	1661.5323059230327	0.0	0	0.0	2423.2237330030184	1	0	1	2.2036559747108004
235256.26168651367	3000.0	2166.9620464894833	0.0	0	0.0	2423.2237330030475	1	0	1	2.2036559747107973
236200.0	3000.0	2223.2237330031253	0.0	0	313.69076281087473	2423.2237330030475	1	0	1	2.2036559747107973
237200.0	3000.0	2223.223733003137	0.0	0	175.32556243112776	2423.2237330030475	1	0	1	2.2036559747107973
238200.0	3000.0	2223.223733003112	0.0	0	353.32319195754826	2423.2237330030184	1	0	1	2.2036559747108004
239200.0	3000.0	2223.2237330030703	0.0	0	367.46386557168444	2423.2237330030184	1	0	1	2.2036559747108004
240200.0	3000.0	2223.2237330031	0.0	0	406.49838548270054	2423.2237330030184	1	0	1	2.2036559747108004
241200.0	3000.0	2223.2237330030885	0.0	0	372.40657905873377	2423.2237330030184	1	0	1	2.2036559747108004
242200.0	3000.0	2223.2237330031	0.0	0	583.8315545854857	2423.2237330030184	1	0	1	2.2036559747108004
243200.0	3000.0	2223.2237330030835	0.0	0	453.5883196000359	2423.2237330030184	1	0	1	2.2036559747108004
244200.0	3000.0	2223.2237330030616	0.0	0	599.658423337125	2423.2237330030184	1	0	1	2.2036559747108004
245200.0	3000.0	2223.2237330030357	0.0	0	587.5772179043852	2423.2237330030184	1	0	1	2.2036559747108004
246200.0	3000.0	2223.2237330030134	0.0	0	500.90278055527597	2423.2237330030184	1	0	1	2.2036559747108004
247200.0	3000.0	2223.223733003001	0.0	0	418.05513168498874	2423.2237330030184	1	0	1	2.2036559747108004
248200.0	3000.0	2223.2237330029943	0.0	0	225.93693356067524	2423.2237330030475	1	0	1	2.2036559747107973
249200.0	3000.0	2223.2237330029725	0.0	0	545.4275160179823	2423.2237330030184	1	0	1	2.2036559747108004
250200.0	3000.0	2223.2237330029843	0.0	0	512.4360527718673	2423.2237330030184	1	0	1	2.2036559747108004
251200.0	3000.0	2223.2237330029807	0.0	0	490.7714277736959	2423.2237330030184	1	0	1	2.2036559747108004
252200.0	3000.0	2223.2237330029984	0.0	0	419.2549761341361	2423.2237330030184	1	0	1	2.2036559747108004
253200.0	3000.0	2223.223733002999	0.0	0	399.88771865249146	2423.2237330030475	1	0	1	2.2036559747107973
254200.0	3000.0	2223.2237330030025	0.0	0	477.14358626730973	2423.2237330030475	1	0	1	2.2036559747107973
255200.0	3000.0	2223.223733003017	0.0	0	721.5717369113408	2423.2237330030766	1	0	1	2.203655974710794
256200.0	3000.0	2223.223733003003	0.0	0	682.3127405444684	2423.2237330030475	1	0	1	2.2036559747107973
257200.0	6000.0	2223.2237330030266	0.0	0	386.5274468778225	2423.2237330030475	1	0	1	2.203655974710797
258200.0	6000.0	2223.2237330030257	0.0	0	434.6045925236249	2423.2237330030475	1	0	1	2.896803155270742
259200.0	6000.0	2223.223733002996	0.0	0	410.4389230273955	2423.2237330030475	1	0	1	2.896803155270742
260200.0	6000.0	2223.2237330030016	0.0	0	307.9814505862887	2423.2237330030475	1	0	1	2.896803155270742
261713.95269071704	6000.0	1709.2710422859855	0.0	0	0.0	2423.2237330030475	1	0	1	2.896803155270742
263095.55431820604	6000.0	1327.6694147970088	0.0	0	0.0	2423.2237330030475	1	0	1	2.896803155270741
264300.23375971516	6000.0	1122.9899732878796	0.0	0	0.0	2423.2237330030475	1	0	1	2.8968031552707396
265584.51458703994	6000.0	838.7091459631115	0.0	0	0.0	2423.22373300296	1	0	1	2.896803155270751
266697.9775875949	6000.0	725.246145408251	0.0	0	0.0	2423.223733002902	1	0	1	2.8968031552707574
268001.2547639367	6000.0	445.3703559405092	23.401386874107516	0	0.0	2446.6251198769896	1	0	1	2.75388998278965
268686.45452119276	6000.0	760.1705986843787	0.0	0	0.0	2446.6251198769314	1	0	1	2.8942983040343018
269750.53318572574	6000.0	589.6840676981072	0.0	0	0.0	2340.217253423587	1	0	2	2.5959855485806913
270343.07057871314	3000.0	997.1466747106882	0.0	0	0.0	2340.217253423587	1	0	1	1.3189593002587006
270766.4212399664	3000.0	1573.7960134574564	0.0	0	0.0	2340.217253423587	1	0	1	2.2121064808186457
271296.3438693639	3000.0	2043.8733840600028	0.0	0	0.0	2340.217253423645	1	0	1	2.2121064808186404
272200.0	3000.0	2140.217253423883	0.0	0	367.53794643539004	2340.217253423645	1	0	1	2.2121064808186404
273200.0	3000.0	2140.2172534238834	0.0	0	492.69947820709785	2340.217253423645	1	0	1	2.2121064808186404
274200.0	3000.0	2140.2172534238525	0.0	0	571.3232703956892	2340.217253423645	1	0	1	2.2121064808186404
275200.0	6000.0	2140.2172534238744	0.0	0	37.51154073985526	2340.217253423645	1	0	1	2.2121064808186404
276200.0	6000.0	2140.2172534238925	0.0	0	246.8617901573307	2340.2172534237034	1	0	1	2.9052536613785795
277200.0	6000.0	2140.217253423887	0.0	0	123.58505899237934	2340.2172534237034	1	0	1	2.9052536613785795
278200.0	6000.0	2140.2172534238152	0.0	0	14.757018699368928	2340.217253423645	1	0	1	2.905253661378585
279200.0	6000.0	2140.217253423806	0.0	0	16.155020053731278	2340.217253423645	1	0	1	2.905253661378585
280493.7386947966	6000.0	1846.4785586272724	0.0	0	0.0	2340.217253423645	1	0	1	2.905253661378585
281415.3797376932	6000.0	1924.8375157307537	0.0	0	0.0	2340.217253423645	1	0	1	2.905253661378585
282250.32970897935	6000.0	2089.887544444559	0.0	0	0.0	2340.217253423645	1	0	1	2.905253661378585
283697.03159704164	6000.0	1643.1856563822694	0.0	0	0.0	2340.217253423645	1	0	1	2.905253661378585
284524.6706155185	6000.0	1815.5466379053503	0.0	0	0.0	2340.217253423645	1	0	1	2.905253661378585
285458.41080597	6000.0	1881.8064474537848	0.0	0	0.0	2340.217253423587	1	0	1	2.9052536613785906
286200.0	6000.0	2140.217253423792	0.0	0	6.364786006335635	2340.217253423587	1	0	1	2.9052536613785906
287221.8150817685	6000.0	2118.4021716552593	0.0	0	0.0	2340.217253423587	1	0	1	2.9052536613785906
288200.0	6000.0	2140.217253423698	0.0	0	178.24608701310353	2340.217253423587	1	0	1	2.9052536613785906
289246.2571971577	6000.0	2093.960056266003	0.0	0	0.0	2340.217253423645	1	0	1	2.905253661378585
290200.0	6000.0	2140.217253423738	0.0	0	104.10079119785223	2340.217253423645	1	0	1	2.905253661378585
291200.0	6000.0	2140.217253423719	0.0	0	180.211073748942	2340.217253423645	1	0	1	2.905253661378585
292200.0	6000.0	2140.2172534236884	0.0	0	284.125686821877	2340.217253423587	1	0	1	2.9052536613785906
293200.0	6000.0	2140.2172534236806	0.0	0	154.07243532536086	2340.217253423587	1	0	1	2.9052536613785906
294460.4339632837	6000.0	1879.7832901399624	0.0	0	0.0	2340.217253423587	1	0	1	2.9052536613785906
295278.18900917075	6000.0	2062.02824425291	0.0	0	0.0	2340.217253423587	1	0	1	2.9052536613785906
296448.8113988536	6000.0	1891.4058545700682	0.0	0	0.0	2340.217253423587	1	0	1	2.9052536613785906
297351.3215249208	6000.0	1988.8957285028398	0.0	0	0.0	2340.217253423587	1	0	1	2.9052536613785906
298298.8698049094	6000.0	2041.3474485142146	0.0	0	0.0	2340.217253423587	1	0	1	2.9052536613785906
299361.07140569034	6000.0	1979.1458477333022	0.0	0	0.0	2340.217253423587	1	0	1	2.9052536613785906
300200.0	6000.0	2140.217253423588	0.0	0	3.9754122368176468	2340.217253423587	1	0	1	2.9052536613785906
8.5	5.2	4.6	7.01	6.43	5.8	7.19	8.26	7.47	6.36	5.19	5.58	4.88	4.8	7.1	7.41	8.91	6.87	6.97	7.34	6.63	5.79	6.9	5.5	6.02	7.45	3.51	6.63	8.79	9.87	10.5	7.65	11.4	6.57	5.35	7.03	7.21	8.82	5.5	5.64	7.48	7.68	7.08	7.08	9.8	8.02	7.07	5.76	7.07	11.3	9.72	8.41	7.66	5.98	6.68	6.39	6.1	5.4	4.88	5.22	8.94	9.85	12.3	6.77	11.3	11.0	7.32	5.88	5.54	4.33	9.06	8.12	9.09	8.54	8.66	6.13	7.37	12.2	9.7	7.68	7.6	7.33	6.77	4.96	8.68	7.82	5.24	3.76	4.52	6.59	7.0	5.46	5.72	10.1	5.26	6.21	4.59	5.77	9.93	5.37	7.56	6.36	4.43	5.7	8.04	10.2	6.66	4.83	8.6	3.48	4.14	4.18	5.14	4.93	7.0	11.8	6.19	7.59	13.5	8.48	10.1	12.5	5.1	6.17	7.54	8.91	13.3	8.94	5.32	4.87	10.5	10.3	6.48	4.2	7.92	7.98	5.9	7.4	11.1	9.22	4.98	7.6	10.2	7.62	6.1	8.17	8.54	6.48	6.39	6.27	7.9	12.6	9.39	6.13	3.74	4.98	5.53	8.48	8.57	4.48	4.91	6.39	6.96	7.53	9.07	7.21	8.16	7.07	3.5	5.33	7.76	7.69	8.28	8.6	11.1	10.9	9.9	7.77	5.35	5.12	5.07	8.95	8.07	11.0	7.95	9.34	8.19	8.03	6.34	6.26	6.95	9.26	8.34	8.11	9.01	9.16	8.42	7.97	9.43	10.7	7.23	6.64	5.92	7.33	9.01	9.06	10.6	8.16	7.65	4.59	8.06	8.87	4.97	5.69	4.97	5.34	7.23	7.16	5.15	10.6	12.6	7.36	3.54	4.68	6.19	4.75	2.33	5.49	6.49	6.3	4.96	3.7	5.41	6.94	5.86	4.43	7.96	7.17	7.0	6.74	4.89	5.97	4.92	4.81	6.66	6.13	5.8	6.09	6.28	9.39	9.17	14.5	11.3	9.65	12.3	5.04	4.37	5.11	5.19	7.02	4.68	6.2	4.83	7.25	5.85	4.69	7.05	7.56	7.69	6.95	6.13	7.11	8.12	8.1	6.43	4.29	5.92	6.02	5.35	7.96	7.95	8.56	6.3	7.43	7.03	5.47	7.56	10.6	8.34	5.79	6.01	5.85	6.64	7.73	4.47	6.61	6.49	9.14
1.0	2.0	3.0	4.0	5.0	6.0	7.0	8.0	9.0	10.0	11.0	12.0	13.0	14.0	15.0	16.0	17.0	18.0	19.0	20.0	21.0	22.0	23.0	24.0	25.0	26.0	27.0	28.0	29.0	30.0	31.0	32.0	33.0	34.0	35.0	36.0	37.0	38.0	39.0	40.0	41.0	42.0	43.0	44.0	45.0	46.0	47.0	48.0	49.0	50.0	51.0	52.0	53.0	54.0	55.0	56.0	57.0	58.0	59.0	60.0	61.0	62.0	63.0	64.0	65.0	66.0	67.0	68.0	69.0	70.0	71.0	72.0	73.0	74.0	75.0	76.0	77.0	78.0	79.0	80.0	81.0	82.0	83.0	84.0	85.0	86.0	87.0	88.0	89.0	90.0	91.0	92.0	93.0	94.0	95.0	96.0	97.0	98.0	99.0	100.0	101.0	102.0	103.0	104.0	105.0	106.0	107.0	108.0	109.0	110.0	111.0	112.0	113.0	114.0	115.0	116.0	117.0	118.0	119.0	120.0	121.0	122.0	123.0	124.0	125.0	126.0	127.0	128.0	129.0	130.0	131.0	132.0	133.0	134.0	135.0	136.0	137.0	138.0	139.0	140.0	141.0	142.0	143.0	144.0	145.0	146.0	147.0	148.0	149.0	150.0	151.0	152.0	153.0	154.0	155.0	156.0	157.0	158.0	159.0	160.0	161.0	162.0	163.0	164.0	165.0	166.0	167.0	168.0	169.0	170.0	171.0	172.0	173.0	174.0	175.0	176.0	177.0	178.0	179.0	180.0	181.0	182.0	183.0	184.0	185.0	186.0	187.0	188.0	189.0	190.0	191.0	192.0	193.0	194.0	195.0	196.0	197.0	198.0	199.0	200.0	201.0	202.0	203.0	204.0	205.0	206.0	207.0	208.0	209.0	210.0	211.0	212.0	213.0	214.0	215.0	216.0	217.0	218.0	219.0	220.0	221.0	222.0	223.0	224.0	225.0	226.0	227.0	228.0	229.0	230.0	231.0	232.0	233.0	234.0	235.0	236.0	237.0	238.0	239.0	240.0	241.0	242.0	243.0	244.0	245.0	246.0	247.0	248.0	249.0	250.0	251.0	252.0	253.0	254.0	255.0	256.0	257.0	258.0	259.0	260.0	261.0	262.0	263.0	264.0	265.0	266.0	267.0	268.0	269.0	270.0	271.0	272.0	273.0	274.0	275.0	276.0	277.0	278.0	279.0	280.0	281.0	282.0	283.0	284.0	285.0	286.0	287.0	288.0	289.0	290.0	291.0	292.0	293.0	294.0	295.0	296.0	297.0	298.0
4639.41106288215
