3120.862228428481	300.0	2000.0	72.39903675088357	0	0.0	3120.862228428481	1	0	1	-0.6352294323051237
3200.0	300.0	2912.948451271329	0.0	0	20.343936329240478	3112.9484512713293	1	0	2	-0.40968591609070415
4200.0	300.0	2812.948451271329	0.0	0	936.7457041730618	3012.9484512713298	1	0	2	-0.2896819638047427
5200.0	300.0	2712.948451271328	0.0	0	934.5182931811833	2912.9484512713284	1	0	2	-0.2715522409271235
6200.0	500.0	2612.948451271328	0.0	0	909.2190743839956	2812.9484512713284	1	0	2	-0.2549979670684793
7200.0	500.0	2512.948451271328	0.0	0	890.1507219338255	2712.948451271329	1	0	2	0.2709308564896947
8200.0	500.0	2412.948451271327	0.0	0	880.2798235566834	2612.948451271329	1	0	2	0.28469975542241943
9200.0	1000.0	2312.9484512713293	0.0	0	818.9460356202562	2512.9484512713298	1	0	2	0.29724357745600416
10200.0	2000.0	2212.9484512713266	0.0	0	676.391500231779	2412.948451271329	1	0	2	1.0018113239228992
11200.0	6000.0	2112.94845127133	0.0	0	513.9683149559369	2312.9484512713316	1	0	2	1.7054120208228025
12200.0	6000.0	2012.9484512713307	0.0	0	418.24139311911495	2212.9484512713316	1	0	2	2.8135834320019137
13200.0	6000.0	1912.9484512713286	0.0	0	197.7555710084962	2112.9484512713316	1	0	2	2.822354204368631
14270.882122716821	6000.0	1734.9781162828267	0.0	0	0.0	2005.8602389996522	1	0	2	2.824451205120364
15200.0	6000.0	1712.948451271327	0.0	0	58.71314523109868	1912.9484512713316	1	0	2	2.8450880990922944
16200.0	6000.0	1612.9484512713268	0.0	0	514.9232129905977	1812.9484512713298	1	0	2	2.8434104554339443
17200.0	6000.0	1512.9484512713293	0.0	0	408.9431893990077	1712.9484512713316	1	0	2	2.849301933989282
18200.0	6000.0	1412.9484512713327	0.0	0	437.9420984666649	1612.9484512713352	1	0	2	2.8545520297167153
19200.0	6000.0	1312.9484512713323	0.0	0	230.64087222285525	1512.9484512713352	1	0	2	2.859523098882441
20200.0	6000.0	1212.948451271337	0.0	0	400.446752260159	1412.9484512713425	1	0	2	2.8637526166089966
21200.0	6000.0	1112.9484512713357	0.0	0	443.4363363428565	1312.9484512713389	1	0	2	2.8676712180372985
22200.0	6000.0	1012.948451271338	0.0	0	605.1946731467651	1212.9484512713425	1	0	2	2.8711989732548964
23200.0	6000.0	912.9484512713418	0.0	0	626.7116908143253	1112.9484512713461	1	0	2	2.874449280213775
24200.0	6000.0	812.9484512713432	0.0	0	731.1239483721874	1012.9484512713498	1	0	2	2.8773948782744374
25200.0	6000.0	712.9484512713451	0.0	0	669.8540225027791	912.9484512713534	1	0	2	2.8800639391488274
26200.0	6000.0	612.9484512713466	0.0	0	454.927889243103	812.9484512713607	1	0	2	2.8825114969739003
27200.0	6000.0	512.9484512713489	0.0	0	311.03538193444547	712.9484512713607	1	0	2	2.884744077805551
28200.0	6000.0	412.94845127134886	0.0	0	117.95863867564913	612.9484512713643	1	0	2	2.886857348210639
29200.0	6000.0	323.53779889571354	9.62667965851216	0	197.20794106733956	523.5377988957225	1	0	2	2.8315735573717586
30200.0	6000.0	223.5377988957105	0.0	0	530.9279678027597	423.5377988957189	1	0	2	2.889933909491031
31200.0	6000.0	279.27912142447155	141.58302048068617	0	270.583476374155	479.2791214244753	1	0	2	2.0537408621453657
32200.0	6000.0	273.5069168330384	85.66163218960489	0	364.4418435342377	473.50691683304103	1	0	2	2.383765729476625
33200.0	6000.0	173.5069168330423	0.0	0	626.489902241814	373.50691683305195	1	0	2	2.8906802451486993
34200.0	6000.0	164.38779883890012	82.61898364168795	0	536.3024465113049	364.38779883890675	1	0	2	2.403375740918044
35200.0	6000.0	121.55835060506601	51.97322887833421	0	567.955282401228	321.55835060507525	1	0	2	2.584792350924709
36200.0	6000.0	194.4460394715263	157.17062624222655	0	459.5461561686534	394.44603947154246	1	0	2	1.9630799013694378
37200.0	6000.0	387.7500820012729	266.6400386633977	0	80.23028073419846	587.7500820012865	1	0	2	1.314129202777759
38200.0	6000.0	416.304744704405	116.86787518466843	0	35.432412559501245	616.3047447044228	1	0	2	2.1973349034131058
39200.0	6000.0	316.30474470440896	0.0	0	276.4345942748914	516.3047447044228	1	0	2	2.8884559486721777
40200.0	6000.0	331.6785461045548	104.88527400012958	0	161.56817084230715	531.6785461045656	1	0	2	2.269418485971731
41200.0	6000.0	327.229535711835	86.86453600661463	0	285.5190169148409	527.2295357118346	1	0	2	2.375800770987587
42200.0	6000.0	232.70321742634047	4.976074285913569	0	399.30540503821976	432.7032174263368	1	0	2	2.860447249851047
43200.0	6000.0	146.47990054876095	12.524257384019677	0	525.3219317702751	346.4799005487657	1	0	2	2.8171913682814065
44200.0	6000.0	179.2765563746973	120.72423256902796	0	452.0885893768427	379.27655637469434	1	0	2	2.178337874307328
45200.0	6000.0	279.5514301074297	182.06806702975416	0	331.5082043750517	479.55143010742904	1	0	2	1.814872697525197
46200.0	6000.0	217.63747158865988	34.6236740738473	0	443.40998672090063	417.6374715886632	1	0	2	2.6857576040429816
47200.0	6000.0	298.01667957490207	163.98109816930946	0	198.79697477830632	498.01667957489553	1	0	2	1.9212978307490856
48200.0	6000.0	325.14285211479984	115.56924776354421	0	233.34452656331268	525.14285211479	1	0	2	2.20648053395145
49200.0	6000.0	272.78006558711	43.30655770210262	0	312.52213849039254	472.7800655871106	1	0	2	2.6336760673931425
50200.0	6000.0	261.3469900711574	80.51538589458934	0	360.05626260831195	461.34699007115705	1	0	2	2.414316953806767
51200.0	6000.0	182.51149809055957	19.240461835817825	0	490.43963602730946	382.5114980905637	1	0	2	2.7770445774135064
52200.0	6000.0	151.58214724194275	62.7914992285329	0	539.9277471194946	351.5821472419484	1	0	2	2.520541947607184
53200.0	6000.0	274.2806871684883	202.45321811504147	0	317.4862384727312	474.2806871685025	1	0	2	1.6946839453272013
54200.0	6000.0	284.88137358205927	100.5460785578006	0	340.63275811466156	484.88137358206586	1	0	2	2.295767867996766
55200.0	6000.0	292.4877970298944	97.82402131621231	0	308.6724187261643	492.4877970298985	1	0	2	2.3117073217105952
56200.0	6000.0	192.48779702989737	0.0	0	477.77446704230533	392.4877970298985	1	0	2	2.8904123179733907
57200.0	6000.0	149.6042911840269	51.92408559465903	0	579.3176766839824	349.6042911840268	1	0	2	2.5846879103145355
58200.0	6000.0	210.30021794793024	146.08720614900102	0	450.3530091601642	410.3002179479299	1	0	2	2.0282341356883666
59200.0	6000.0	215.7624010422795	95.87471190395482	0	398.26743400937994	415.7624010422878	1	0	2	2.324405018041913
60200.0	6000.0	131.86750141751236	14.641000341117262	0	585.9860391127149	331.8675014175169	1	0	2	2.8049087830920456
61200.0	6000.0	207.09828333468613	159.3007108337945	0	456.51515253295656	407.0982833347007	1	0	2	1.9503228105058006
62200.0	6000.0	485.92449865758437	344.3874684753623	0	67.58848671423766	685.9244986575941	1	0	2	0.8536871651573769
63200.0	6000.0	385.9244986575867	0.0	0	381.00137242986966	585.9244986576014	1	0	2	2.887200477301694
64200.0	6000.0	285.9244986575938	0.0	0	310.59142344788415	485.92449865760864	1	0	2	2.8889597838364964
65200.0	6000.0	185.92449865759437	0.0	0	480.413294684804	385.92449865760864	1	0	2	2.8905104808173583
66200.0	6000.0	182.527500694363	87.82091094251427	0	525.5819455818491	382.52750069437025	1	0	2	2.3724196921193346
67200.0	6000.0	171.71959558158255	81.0837226247431	0	539.2099984640081	371.7195955815987	1	0	2	2.412327365593173
68200.0	6000.0	151.38951412801276	72.42719867857598	0	554.8344316763687	351.38951412800816	1	0	2	2.463694071950811
69200.0	6000.0	99.97956163131855	44.17277045753433	0	627.3942829194857	299.9795616313204	1	0	2	2.6311164834608576
70200.0	6000.0	126.62874814927484	115.1356241072331	0	532.7129397680255	326.62874814927636	1	0	2	2.212063715072072
71200.0	6000.0	418.7954067050913	356.51514414165695	0	113.37687157225446	618.7954067050887	1	0	2	0.7833225984779814
72200.0	6000.0	318.79540670508766	0.0	0	482.03795703619835	518.7954067050887	1	0	2	2.8883719789145763
73200.0	6000.0	218.79540670507197	0.0	0	495.3420982402022	418.7954067050887	1	0	2	2.8900061595214708
74200.0	6000.0	285.10702191896536	151.19237746715532	0	292.2070996371185	485.1070219189569	1	0	2	1.9969545190667333
75200.0	6000.0	243.18914288644277	52.8019281522451	0	359.2556408336095	443.18914288641827	1	0	2	2.5781117833026173
76200.0	6000.0	336.1700138880375	175.4371554559974	0	206.69867317219905	536.1700138879969	1	0	2	1.8530757245817147
77200.0	6000.0	285.6788346073976	45.00801883579476	0	251.68900049822696	485.67883460734447	1	0	2	2.623437554882904
78200.0	6000.0	273.5156108736986	79.85161478755333	0	308.7611721914873	473.51561087362643	1	0	2	2.418049176282147
79200.0	6000.0	317.67412933394957	131.0531986002158	0	286.96657748235157	517.6741293338564	1	0	2	2.1152474803496015
80200.0	6000.0	233.93422086812618	14.781901394710928	0	358.6012249569758	433.9342208680464	1	0	2	2.802573828931972
81200.0	6000.0	419.3034250689198	259.42654927345404	0	20.650819474001764	619.3034250688361	1	0	2	1.3561817725364067
82200.0	6000.0	319.3034250689201	0.0	0	130.97310608180123	519.3034250688506	1	0	2	2.888448449314237
83200.0	6000.0	223.9624864402245	4.23551033754228	0	340.9995150346658	423.9624864401412	1	0	2	2.864951122309108
84200.0	6000.0	399.9087300721251	250.86022148354394	0	82.10785230483452	599.9087300720275	1	0	2	1.4070200988480694
85200.0	6000.0	325.129594176188	22.928058276415356	0	173.83814910656656	525.1295941760764	1	0	2	2.7530730176976306
86200.0	6000.0	304.49560446258715	72.15091844218603	0	245.88695493681007	504.4956044624705	1	0	2	2.4629903900950545
87200.0	6000.0	215.607361380813	10.101597198400043	0	430.65026219892025	415.6073613806948	1	0	2	2.830468752060162
88200.0	6000.0	115.60736138080333	0.0	0	626.7517346791865	315.6073613806948	1	0	2	2.8915178741232026
89200.0	6000.0	107.66422846895796	83.68806098925292	0	612.7862168821302	307.66422846884234	1	0	2	2.3978695168218307
90200.0	6000.0	152.11684140951132	131.32055721868713	0	473.9021360102488	352.1168414093845	1	0	2	2.1162128664962476
91200.0	6000.0	208.86186993278696	142.49548047570443	0	427.26351205501123	408.86186993263254	1	0	2	2.049447056348795
92200.0	6000.0	295.39900606275336	169.57921466361665	0	337.9235662890278	495.39900606258016	1	0	2	1.8883025515716343
93200.0	6000.0	250.7833423280549	50.34939660480225	0	347.71841317739745	450.7833423278789	1	0	2	2.5924626777353734
94200.0	6000.0	205.82869081645208	50.041225898545946	0	466.91092226060573	405.82869081626995	1	0	2	2.5949729020032875
95200.0	6000.0	194.26740210003993	80.39882843963298	0	464.6687429744343	394.26740209983836	1	0	2	2.4160361685465093
96200.0	6000.0	209.15290809359874	104.44136908505848	0	416.5167742520134	409.15290809339785	1	0	2	2.2739619172635743
97200.0	6000.0	344.769320697528	214.1967387308453	0	167.25112922102562	544.7693206973345	1	0	2	1.624275745727374
98200.0	6000.0	244.76932069753028	0.0	0	437.00803139212076	444.7693206973345	1	0	2	2.8895976575795563
99200.0	6000.0	297.48864385106106	138.8357483213805	0	216.56268023206212	497.4886438508547	1	0	2	2.069665104762911
100200.0	6000.0	408.4215716759476	191.75720711354236	0	25.489823222727864	608.4215716757462	1	0	2	1.7555851290605733
101397.12530767177	6000.0	356.35266510560535	240.69902897147728	0	0.0	753.477972777182	1	0	2	1.4442153858903102
102200.0	6000.0	486.918435184794	12.47993785477712	0	131.51305031526135	686.9184351846052	1	0	2	2.8315585477077687
103234.57825519772	6000.0	497.73954575928536	135.32471935634743	0	0.0	732.3178009568219	1	0	2	2.0827995715733323
104200.0	6000.0	435.77562647676666	0.0	0	172.77975202843663	635.7756264765922	1	0	2	2.889775058791997
105200.0	6000.0	434.0502353281787	89.34055350127636	0	11.812658642767929	634.0502353280172	1	0	2	2.3594252156000377
106200.0	6000.0	334.0502353281795	0.0	0	266.5970204205514	534.0502353280317	1	0	2	2.888176891159179
107200.0	6000.0	304.1932956912231	63.76641851186139	0	209.27763688309642	504.19329569107504	1	0	2	2.512465438371902
108200.0	6000.0	278.4643371586278	67.5191286067433	0	279.57285341771785	478.4643371584825	1	0	2	2.4907337223878847
109200.0	6000.0	178.46433715863114	0.0	0	634.5025563790841	378.4643371584971	1	0	2	2.89060626387732
110200.0	6000.0	133.59555771500385	50.11929141487332	0	550.5279403489985	333.5955577148561	1	0	2	2.595562633789148
111200.0	6000.0	173.75081509758604	127.41387034780725	0	500.8230694471422	373.75081509743177	1	0	2	2.1389498776063323
112200.0	6000.0	193.0840467017815	108.48475600380819	0	470.8540934968187	393.0840467016387	1	0	2	2.2503468059154192
113200.0	6000.0	118.13304698319448	22.7718184376389	0	602.0193812112993	318.13304698304273	1	0	2	2.7571286019881542
114200.0	6000.0	244.8211011090362	206.08004920531368	0	313.1137636609783	444.8211011089006	1	0	2	1.6737459908748495
115200.0	6000.0	198.4345955755632	48.73954042411455	0	430.5089180936484	398.4345955754252	1	0	2	2.602763792100089
116200.0	6000.0	171.4971875850785	66.42053819046018	0	525.6660380185931	371.49718758492963	1	0	2	2.498843393037721
117200.0	6000.0	155.30191584349978	76.18611659856572	0	566.187969685343	355.30191584334534	1	0	2	2.441460479589469
118200.0	6000.0	122.16257241358323	60.78241506372558	0	575.5511884930311	322.16257241343556	1	0	2	2.5328097690025215
119200.0	6000.0	330.13729911869257	279.9770242773602	0	130.1538427212363	530.137299118549	1	0	2	1.2364062302097811
120200.0	6000.0	265.1847051575412	31.861278217126767	0	362.18277246147045	465.184705157415	1	0	2	2.701318094629003
121200.0	6000.0	383.3686808427443	198.3490688047184	0	163.56456755027466	583.3686808425991	1	0	2	1.7171144584062676
122200.0	6000.0	283.36868084273226	0.0	0	581.9121129987325	483.3686808425846	1	0	2	2.888962799776533
123200.0	6000.0	183.36868084272035	0.0	0	543.5506596118066	383.3686808425555	1	0	2	2.890537503943024
124200.0	6000.0	441.1090303714348	325.2184995715553	0	59.092287946114084	641.1090303712845	1	0	2	0.9675944158572269
125200.0	6000.0	342.91157696937074	1.6386787254051	0	140.84960334951757	542.9115769692289	1	0	2	2.878377352486316
126252.75630188151	6000.0	331.64094184679425	133.4193608609785	0	0.0	584.3972437281627	1	0	2	2.09488608983713
127285.70415317759	6000.0	576.2764013598083	346.25281448973675	0	0.0	861.980554537251	1	0	2	0.8356694201232278
128200.0	6000.0	570.5509698551568	0.0	0	195.28574114353978	770.5509698550013	1	0	2	2.892212629013649
129200.0	6000.0	470.5509698551513	0.0	0	302.0357467694994	670.5509698549868	1	0	2	2.885599251584892
130200.0	6000.0	370.5509698551469	0.0	0	261.6807855948282	570.5509698550013	1	0	2	2.8875062786266734
131375.80128481306	6000.0	549.0586425588659	428.9900781800596	0	0.0	924.85992737177	1	0	2	0.331640532123636
132200.0	6000.0	642.4400558532479	0.0	0	280.2308398177265	842.4400558531052	1	0	2	2.8995335325187295
133200.0	6000.0	542.4400558532493	0.0	0	348.4460404009733	742.4400558531343	1	0	2	2.8840898320010226
134200.0	6000.0	442.4400558532818	0.0	0	96.75996940108598	642.4400558531634	1	0	2	2.8863566111086056
135200.0	6000.0	342.4400558532716	0.0	0	541.2238117699744	542.4400558531052	1	0	2	2.8879548226905856
136200.0	6000.0	242.4400558532503	0.0	0	520.4312825180532	442.44005585307605	1	0	2	2.88963344066893
137200.0	6000.0	319.6133264115415	161.0666095984953	0	218.6004457291565	519.6133264113741	1	0	2	1.9381398292537293
138200.0	6000.0	219.61332641154388	0.0	0	437.87905710880295	419.61332641134504	1	0	2	2.890000811465319
139200.0	6000.0	230.62187598657488	100.91686325002973	0	359.21021974415635	430.62187598639866	1	0	2	2.294428736908511
140200.0	6000.0	146.5849855881358	14.511917819604832	0	534.9100298759004	346.58498558800784	1	0	2	2.8054626781677845
141200.0	6000.0	199.40405371578376	138.9264255705961	0	388.61630936095025	399.40405371561064	1	0	2	2.0706466688788567
142200.0	6000.0	236.42461045843544	124.5641424933334	0	397.4097245057055	436.4246104582562	1	0	2	2.154820015533005
143200.0	6000.0	394.04706840339713	234.20223449541737	0	168.5565044914838	594.0470684031898	1	0	2	1.5053877341824742
144200.0	6000.0	294.047068403416	0.0	0	542.9471253811207	494.0470684032189	1	0	2	2.888787911804026
145200.0	6000.0	236.49357115367255	38.58772977293205	0	339.84975712478627	436.49357115346356	1	0	2	2.6620797806392433
146200.0	6000.0	189.01280188844265	47.74475521344007	0	452.26779788246495	389.0128018882242	1	0	2	2.6087732414646663
147200.0	6000.0	420.7781066081837	301.6048224724851	0	56.18481476281886	620.7781066079333	1	0	2	1.1072881581004492
148200.0	6000.0	494.06697178963157	157.53533198313522	0	44.721234238444595	694.0669717894052	1	0	2	1.9559811482488845
149200.0	6000.0	394.06697178960474	0.0	0	427.65087381520425	594.0669717894052	1	0	2	2.8870518892637484
150200.0	6000.0	294.0669717896117	0.0	0	732.5790527661738	494.0669717894052	1	0	2	2.8887737535341556
151200.0	6000.0	194.066971789607	0.0	0	614.9538083709776	394.0669717894052	1	0	2	2.890371030589158
152200.0	6000.0	235.73164808719247	128.78606936142393	0	352.7960159150243	435.73164808700676	1	0	2	2.129921394520988
153200.0	6000.0	321.66078880458	169.0264915612889	0	203.11043782311026	521.66078880438	1	0	2	1.8911454094961926
154200.0	6000.0	319.19963308053826	88.67167661450065	0	203.84994423863827	519.1996330803086	1	0	2	2.3652734659569714
155256.0398024768	6000.0	537.5017223135858	345.4053381431571	0	0.0	793.5415247901401	1	0	2	0.8399018166718796
156200.0	6000.0	499.14550503808755	0.0	0	351.1622473176394	699.1455050378572	1	0	2	2.890636845738687
157200.0	6000.0	399.1455050381187	0.0	0	79.5828230631596	599.1455050378863	1	0	2	2.8870786554816377
158264.79743423365	6000.0	459.2931995820328	210.38624745538135	0	0.0	724.0906338154746	1	0	2	1.6370248206973295
159200.0	6000.0	430.57037723904625	0.0	0	126.5967357691261	630.5703772388515	1	0	2	2.8929970760472896
160200.0	6000.0	330.57037723900635	0.0	0	471.7849162563798	530.5703772387933	1	0	2	2.888168586526645
161255.0594251635	6000.0	401.01661579654194	210.0105511248894	0	0.0	656.0760409598297	1	0	2	1.6414876711236825
162200.0	6000.0	381.07501475452466	17.720937525590045	0	148.81869338059914	581.0750147543149	1	0	2	2.7883589327442313
163200.0	6000.0	491.6078830238388	191.393516608472	0	67.50481405534083	691.6078830236511	1	0	2	1.7562418752975086
164200.0	6000.0	391.6078830238108	0.0	0	371.04918345206534	591.6078830235929	1	0	2	2.887093917601107
165200.0	6000.0	291.60788302381684	0.0	0	522.6332147363573	491.6078830235929	1	0	2	2.8888332794397336
166200.0	6000.0	191.60788302381508	0.0	0	444.1726005182136	391.607883023622	1	0	2	2.89042809944673
167200.0	6000.0	351.4680284530928	236.2364958447829	0	139.94450421642978	551.4680284529459	1	0	2	1.4941206783348964
168200.0	6000.0	251.4680284530829	0.0	0	400.1546333099832	451.46802845291677	1	0	2	2.889505314040857
169200.0	6000.0	311.8379381618958	145.79082700802184	0	188.5599893387989	511.8379381617415	1	0	2	2.028395802350297
170228.48305273577	6000.0	380.2087969871775	181.5474698496424	0	0.0	608.691849722818	1	0	2	1.8129669859139033
171200.0	6000.0	493.4722762724682	165.39283752358693	0	7.494326672516763	693.4722762723686	1	0	2	1.9124874591417313
172200.0	6000.0	393.472276272419	0.0	0	52.5659782140865	593.4722762723104	1	0	2	2.887204587537995
173200.0	6000.0	326.2321157475643	29.781672250130725	0	274.720908021729	526.2321157474362	1	0	2	2.712606564476041
174200.0	6000.0	396.4747038363676	154.76598917161903	0	59.29992707041674	596.4747038362548	1	0	2	1.9740281552936914
175200.0	6000.0	374.33503032055444	70.78211498563564	0	138.94434708697372	574.3350303204788	1	0	2	2.4699216379723326
176200.0	6000.0	352.28351115750036	70.8622553062936	0	75.712361300044	552.2835111574386	1	0	2	2.4698225299217
177200.0	3000.0	256.33059697674776	3.67916892659872	0	392.0127759092138	456.3305969767098	1	0	2	1.4814370266129744
178200.0	6000.0	223.06032258964885	60.663386920820045	0	397.3257204731053	423.0603225895902	1	0	2	1.83889329165995
179200.0	6000.0	294.8930143166467	156.21153793360455	0	278.0130086503923	494.8930143165635	1	0	2	1.9671851986557432
180200.0	6000.0	194.89301431664316	0.0	0	655.6781545535196	394.8930143165635	1	0	2	2.8903584749371776
181200.0	6000.0	94.89301431662656	0.0	0	650.3183011046494	294.8930143165635	1	0	2	2.891806042813333
182200.0	6000.0	282.60506873150473	261.55641310443883	0	192.33608385821572	482.60506873144186	1	0	2	1.3458499797679213
183200.0	6000.0	226.24743566422202	39.67487902975782	0	382.7512230244174	426.247435664176	1	0	2	2.655823785644313
184200.0	6000.0	300.7494006954078	158.63815002837813	0	231.60654061831883	500.7494006953784	1	0	2	1.952775389651036
185200.0	6000.0	358.2083572098364	143.14450592221377	0	154.9253977939661	558.2083572098345	1	0	2	2.043243250128427
186200.0	6000.0	436.6542442179387	162.22353364373595	0	64.1141996604274	636.6542442179343	1	0	2	1.9293347655323685
187200.0	6000.0	341.24816251688753	4.176289362679427	0	216.9328826556739	541.2481625168293	1	0	2	2.8634362272715044
188200.0	6000.0	241.24816251690348	0.0	0	458.35053743686876	441.24816251685843	1	0	2	2.8896650718772867
189200.0	6000.0	202.72851344119104	55.891228112963205	0	487.3914099832473	402.7285134411941	1	0	2	2.5605045034055873
190200.0	6000.0	145.43605099544942	38.82503414024802	0	550.1679124334769	345.43605099545675	1	0	2	2.6620316130454924
191200.0	6000.0	331.80222621919035	260.3328865670224	0	164.29882084421115	531.8022262191807	1	0	2	1.3522671349933404
192200.0	6000.0	273.8856744038891	38.257680167895614	0	327.7893351519306	473.88567440386396	1	0	2	2.6634440665017833
193200.0	6000.0	362.95031457916474	171.87694561389543	0	112.9861313154106	562.9503145791241	1	0	2	1.8736608747072399
194200.0	6000.0	262.9503145791897	0.0	0	374.3336513110262	462.9503145791241	1	0	2	2.8893248720674634
195200.0	6000.0	179.84077245559786	15.35496170581331	0	475.93066219222965	379.8407724555873	1	0	2	2.8000082908621566
196200.0	6000.0	114.36919531037802	31.389475322511572	0	576.208626745065	314.36919531034073	1	0	2	2.706337361594347
197200.0	6000.0	172.3841329876702	143.64994334297523	0	553.2171211985988	372.3841329875868	1	0	2	2.043176980450812
198200.0	6000.0	139.25504901421078	60.791741842333536	0	528.7834975407168	339.2550490141439	1	0	2	2.532515528523496
199200.0	6000.0	238.11269231719217	180.7796757299726	0	367.3090281561308	438.1126923171105	1	0	2	1.823122157702377
200200.0	6000.0	233.73780515225627	86.93192075913882	0	417.4416382876807	433.7378051521373	1	0	2	2.3768917543430597
201200.0	6000.0	171.5386761748062	34.36442820233279	0	495.83399110124446	371.5386761746486	1	0	2	2.6879738377564917
202200.0	6000.0	253.43470931688879	165.36003012916984	0	342.80784808055614	453.43470931673073	1	0	2	1.913860159942686
203200.0	6000.0	267.0773379773369	103.31148060040678	0	333.3018922720221	467.0773379771854	1	0	2	2.2797313164757806
204200.0	6000.0	217.36510267627645	45.71614972630513	0	455.9502072109317	417.36510267612175	1	0	2	2.62031614618759
205200.0	6000.0	281.45900101316164	149.17627121534585	0	306.5253725523944	481.4590010129905	1	0	2	2.008904638778058
206200.0	6000.0	314.5827182537669	121.02156112783916	0	213.53720337338746	514.5827182536596	1	0	2	2.1744880244525744
207200.0	6000.0	364.55468465098215	136.33815127021063	0	108.68467702993075	564.5546846508805	1	0	2	2.0833123147858066
208200.0	6000.0	264.5546846509813	0.0	0	327.3592667072662	464.5546846508805	1	0	2	2.8892982081230154
209200.0	6000.0	284.4775233190642	109.0207624255388	0	293.95021530016675	484.47752331892843	1	0	2	2.2457743294613914
210200.0	6000.0	394.70315173332244	191.1142076492903	0	180.65810470163706	594.703151733178	1	0	2	1.7595928901486326
211200.0	6000.0	294.7031517333069	0.0	0	510.6477408404462	494.70315173317795	1	0	2	2.8887809049534856
212200.0	6000.0	194.70315173332327	0.0	0	505.18184942542575	394.70315173320705	1	0	2	2.8903805957481215
213200.0	6000.0	179.08325366890242	76.70918357780883	0	512.8885279098176	379.0832536687376	1	0	2	2.438029499596085
214200.0	6000.0	260.9295060864805	165.3147749250842	0	327.97263865952846	460.9295060862787	1	0	2	1.9140090910745657
215200.0	6000.0	276.5757821491137	105.13297823875894	0	333.3001468338771	476.5757821488951	1	0	2	2.2688393634147532
216200.0	6000.0	201.13619821806367	22.327650971773664	0	438.9590357176494	401.13619821780594	1	0	2	2.758553495977167
217200.0	6000.0	280.7368796825648	163.27334678593218	0	309.65071469460963	480.7368796822557	1	0	2	1.9257422740452312
218200.0	6000.0	208.68008432243332	25.402913308965196	0	461.84031288014376	408.68008432208444	1	0	2	2.7402959479703908
219200.0	6000.0	229.8895785997447	110.19044934301382	0	375.40658380949753	429.88957859939546	1	0	2	2.239725872253926
220200.0	6000.0	202.97748727347445	66.44355333974374	0	482.72956562551553	402.9774872731068	1	0	2	2.4982420461823756
221200.0	6000.0	205.0583409863478	92.800776102648	0	364.5590368033154	405.05834098596824	1	0	2	2.3427031519885437
222200.0	6000.0	340.93945141384836	214.43737311592216	0	220.82471523771528	540.9394514134328	1	0	2	1.6229044830099038
223200.0	6000.0	240.93945141383753	0.0	0	422.4865150186233	440.93945141346194	1	0	2	2.8896727361345835
224200.0	6000.0	202.2248839062787	55.71402953857569	0	467.6908005756559	402.2248839059612	1	0	2	2.5615575343051296
225200.0	6000.0	139.0048506251022	33.43633338077069	0	572.8322025013331	339.00485062479856	1	0	2	2.6939159688619423
226200.0	6000.0	87.91865909458986	44.4670986086398	0	644.137134365883	287.9186590943136	1	0	2	2.629545858844458
227200.0	6000.0	313.3814909638185	295.87530169927635	0	230.6636515869468	513.3814909635112	1	0	2	1.1428649679884724
228253.0471241255	6000.0	377.31702728960227	202.07942987620024	0	0.0	630.364151414833	1	0	2	1.688971945743605
229200.0	6000.0	473.7881294138526	125.56296871471972	0	16.305998677533353	673.7881294135877	1	0	2	2.1502904139737646
230200.0	6000.0	400.1002346683473	23.920095685879232	0	65.78497275579139	600.1002346680616	1	0	2	2.746004984560294
231200.0	6000.0	300.1002346683254	0.0	0	296.7535403710499	500.1002346680616	1	0	2	2.8887178814593852
232200.0	6000.0	333.15280823209395	120.95688505791028	0	257.2683174130507	533.1528082318255	1	0	2	2.1745579575994465
233200.0	6000.0	360.7661099429627	116.01209246442272	0	177.4038054998964	560.7661099426623	1	0	2	2.2032783785912127
234200.0	6000.0	445.06495164535704	167.54440154764285	0	49.56713742634747	645.0649516450358	1	0	2	1.8978143585688114
235200.0	6000.0	345.064951645385	0.0	0	449.43473359392374	545.0649516450649	1	0	2	2.8879307984148994
236200.0	6000.0	245.06495164540902	0.0	0	594.1164812929928	445.06495164509397	1	0	2	2.889576676590519
237200.0	6000.0	145.06495164542403	0.0	0	550.6178280855529	345.06495164506487	1	0	2	2.891101120868562
238200.0	6000.0	184.8520038697473	127.07913838574026	0	452.47211528092157	384.85200386933866	1	0	2	2.140761893519282
239205.1161300545	6000.0	468.01223622367286	353.44361401261483	0	0.0	673.1283662777278	1	0	2	0.8000094474148203
240200.0	6000.0	373.63997928356565	0.0	0	392.6601156680845	573.6399792831216	1	0	2	2.8879444423794576
241200.0	6000.0	273.6399792835618	0.0	0	412.4804848454369	473.63997928309254	1	0	2	2.8891479570885377
242200.0	6000.0	309.76231930838725	123.74758184074392	0	247.55345134349773	509.7623193079198	1	0	2	2.1584790187445946
243387.38114133614	6000.0	343.2305539265342	308.7159000798995	0	0.0	730.6116952622251	1	0	2	1.0443608854463542
244243.8332978746	6000.0	532.2915672322401	119.23489590729093	0	0.0	776.1248651063652	1	0	2	2.1946150740248545
245200.0	6000.0	480.50819489428955	0.0	0	186.11427197308512	680.5081948938314	1	0	2	2.889870508526438
246200.0	6000.0	380.5081948942578	0.0	0	601.6223507818358	580.5081948937732	1	0	2	2.887262121554632
247200.0	6000.0	280.50819489426794	0.0	0	487.12147695888416	480.5081948937732	1	0	2	2.889016127092623
248200.0	6000.0	271.45003358805604	82.67439881253623	0	299.0129093925061	471.4500335875782	1	0	2	2.4014266038014194
249200.0	6000.0	171.45003358805377	0.0	0	539.0650775094691	371.4500335875782	1	0	2	2.8907175801324096
250200.0	6000.0	334.52254355090645	239.1568272389751	0	215.22569351707352	534.5225435504399	1	0	2	1.4771600893077244
251200.0	6000.0	257.9850372237096	21.329539702515717	0	292.1191411902546	457.9850372232613	1	0	2	2.763571711662613
252200.0	6000.0	270.5100266346932	102.29544491908263	0	285.07362880770233	470.51002663423424	1	0	2	2.2856782739307873
253200.0	6000.0	409.94185285907963	217.66529656761156	0	126.10384790273383	609.9418528585811	1	0	2	1.6026856932719395
254200.0	6000.0	309.94185285904973	0.0	0	492.36994929928915	509.941852858552	1	0	2	2.8885332511124315
255200.0	6000.0	238.19451115854991	25.684234817707562	0	321.9860898376792	438.1945111580135	1	0	2	2.738183987544283
256200.0	6000.0	322.3324681183702	167.3981426907331	0	94.28509150803438	522.332468117791	1	0	2	1.900750945288703
257200.0	6000.0	294.31629369922354	65.4398414371106	0	234.3096093942586	494.3162936986191	1	0	2	2.5027518557791373
258200.0	6000.0	227.67478946311894	30.325905239923316	0	372.164324968704	427.6747894625587	1	0	2	2.7109607893220966
259200.0	6000.0	334.1715552879084	187.72433256796222	0	266.90683472697856	534.1715552873502	1	0	2	1.780614891556267
260200.0	6000.0	234.17155528788314	0.0	0	522.5110598406172	434.1715552873793	1	0	2	2.8897547837968687
261200.0	6000.0	222.56110887137146	80.35413962132247	0	299.794465430954	422.56110887083923	1	0	2	2.4158726743511707
262200.0	6000.0	477.0392459465026	322.2528518864733	0	89.47501526560518	677.0392459459836	1	0	2	0.9844344085691427
263200.0	6000.0	377.03924594651073	0.0	0	365.2282173136482	577.0392459459836	1	0	2	2.887363996507646
264200.0	6000.0	333.05826218139487	50.92637839538895	0	173.41430028981995	533.058262180828	1	0	2	2.587752161273442
265200.0	6000.0	275.088896133493	38.209667229174784	0	256.13057253934676	475.0888961329474	1	0	2	2.6637134771951394
266314.47566689766	6000.0	381.8885741211989	302.47537415915883	0	0.0	696.3642410183675	1	0	2	1.0892157258671817
267266.7827820547	6000.0	491.01076141154783	142.4181945118404	0	0.0	757.7935434657265	1	0	2	2.048595702040969
268200.0	6000.0	464.47182167165556	0.0	0	116.96147623937577	664.4718216711772	1	0	2	2.8925566434977537
269200.0	6000.0	364.47182167170104	0.0	0	534.1344051351189	564.4718216712936	1	0	2	2.8875616473700134
270200.0	6000.0	264.47182167176584	0.0	0	365.75299100612756	464.4718216713518	1	0	2	2.889305080893468
271200.0	6000.0	198.9685043288343	31.360620597366534	0	431.8273010731791	398.9685043282807	1	0	2	2.705291434730637
272228.01449005783	6000.0	310.07385189535273	219.92844239106077	0	58.94952780165477	538.0883419526508	1	0	2	1.5877219460490817
273390.10907571245	6000.0	487.93993853567923	414.70011896400206	0	0.0	878.0490142476046	1	0	2	0.41841777690637394
274200.0	6000.0	597.0599218193023	0.0	0	26.02051991474582	797.059921818669	1	0	2	2.9022986073734107
275200.0	6000.0	497.0599218192954	0.0	0	110.23845442471793	697.0599218185525	1	0	2	2.885205380129755
276200.0	6000.0	397.0599218193728	0.0	0	225.33442401321372	597.0599218187272	1	0	2	2.887039341723773
277200.0	6000.0	297.0599218193197	0.0	0	282.18620237044524	497.05992181855254	1	0	2	2.8887918366655265
278200.0	6000.0	197.05992181933553	0.0	0	476.56450380943716	397.05992181861075	1	0	2	2.890341326559139
279200.0	6000.0	291.38108163213286	176.6555998297891	0	227.8140400321572	491.38108163134893	1	0	2	1.8466220901329717
280200.0	6000.0	214.61919227809057	21.12555513260986	0	465.3718429928995	414.61919227731414	1	0	2	2.7654424162082307
281200.0	6000.0	204.84828988460703	82.0264523695565	0	471.0916965494398	404.84828988381196	1	0	2	2.4062748224329913
282200.0	6000.0	167.81556403426987	57.242976499663826	0	472.8149085378391	367.81556403345894	1	0	2	2.5530445264155954
283200.0	6000.0	107.55845597225502	36.129901761864915	0	603.9029868365615	307.5584559715353	1	0	2	2.678464131151154
284200.0	6000.0	85.2848062622623	70.66031844548218	0	649.1654893790255	285.2848062615376	1	0	2	2.4750418298411963
285200.0	6000.0	184.01979044196838	180.6681674360949	0	366.38889312685933	384.0197904413217	1	0	2	1.8245988955486405
286200.0	6000.0	405.68118155727484	292.4194464685054	0	134.45292758237338	605.6811815566616	1	0	2	1.16171747016556
287200.0	6000.0	323.62771256231485	16.315028186500285	0	151.75298331998056	523.6277125616907	1	0	2	2.792115129619739
288274.81273936504	6000.0	442.31527365693705	273.6196130874433	0	0.0	717.1280130213127	1	0	2	1.2630904648538972
289200.0	6000.0	424.60928695851584	0.0	0	166.95460598252248	624.6092869578861	1	0	2	2.8940839297406025
290200.0	6000.0	324.6092869585126	0.0	0	399.72369564312976	524.6092869578279	1	0	2	2.8882982786429423
291200.0	6000.0	224.60928695853022	0.0	0	524.3118929346674	424.60928695776965	1	0	2	2.88991737470171
292200.0	6000.0	124.60928695852547	0.0	0	676.5700448772986	324.60928695771145	1	0	2	2.891390783886136
293200.0	6000.0	82.25046896609442	52.401074552347794	0	674.0502749782172	282.25046896521235	1	0	2	2.5828126894172314
294200.0	6000.0	225.93128734061912	221.52801670413047	0	367.47633283998584	425.9312873397721	1	0	2	1.5828951291571904
295200.0	6000.0	200.55556012511545	67.84024798586267	0	428.4396476963302	400.5555601242231	1	0	2	2.490037874930178
296200.0	6000.0	318.46173776510506	198.0965251272537	0	290.95855717145605	518.4617377643008	1	0	2	1.719677142753552
297200.0	6000.0	264.6815401449468	42.01800216354758	0	333.8470846253913	464.68154014414176	1	0	2	2.6414039951141213
298200.0	6000.0	275.7300012706895	100.95314647801752	0	315.6913463877863	475.7300012698397	1	0	2	2.293511515850386
299200.0	6000.0	226.1156996865842	45.80518037805035	0	404.79607800458325	426.115699685819	1	0	2	2.6196570312331553
300200.0	6000.0	280.60857404339225	140.44806759714896	0	286.9302389888908	480.6085740426206	1	0	2	2.0604167297914517
8.78	10.9	8.48	8.31	6.21	4.98	7.1	12.5	10.9	10.6	6.22	8.17	12.7	13.8	11.9	9.41	11.7	13.8	13.9	18.4	24.8	20.0	9.46	10.2	8.5	9.7	11.0	11.3	9.02	14.4	15.3	20.2	13.1	8.33	7.73	10.3	8.82	9.43	11.2	12.7	12.3	10.3	10.9	9.28	8.98	9.42	11.4	9.57	13.9	11.6	9.81	12.0	13.6	12.6	14.8	14.6	11.8	9.17	7.54	13.4	12.8	9.02	10.4	13.2	16.7	17.7	13.2	6.9	9.52	13.9	12.3	13.3	9.05	6.96	8.79	10.7	12.8	7.82	9.15	8.06	7.53	7.55	7.23	10.5	13.6	15.3	12.5	8.99	8.53	12.1	10.2	10.9	9.87	7.43	12.8	8.68	8.26	6.31	6.92	7.11	10.8	6.08	6.49	9.43	11.2	15.2	10.9	9.94	13.8	12.4	12.1	9.9	10.1	14.5	13.6	9.6	7.59	9.16	13.5	15.2	8.03	9.87	7.09	5.36	11.3	13.0	7.34	5.42	9.46	8.02	6.32	10.2	12.4	10.5	10.3	12.7	12.2	14.7	7.49	8.33	11.7	13.6	8.97	5.78	7.16	13.7	20.1	20.0	9.72	7.01	7.56	5.06	9.45	8.77	7.15	8.69	9.88	8.61	6.53	6.17	10.9	11.8	9.72	8.06	7.89	7.56	6.82	5.87	8.87	6.71	8.02	5.25	7.36	6.06	11.4	10.3	14.2	15.5	11.2	7.77	8.98	9.5	8.07	9.0	12.9	16.6	16.9	10.3	7.6	8.21	9.15	11.9	14.3	10.5	13.5	9.17	9.92	11.8	10.6	10.1	8.26	11.7	10.7	8.75	10.0	8.33	6.78	9.9	11.2	10.9	10.2	7.95	12.7	12.1	9.46	10.4	11.6	11.6	8.2	13.3	14.4	15.5	15.2	10.0	6.48	6.34	7.78	11.4	7.85	8.03	8.17	11.0	12.0	12.2	9.55	7.08	10.1	11.4	10.4	6.64	6.72	8.02	12.4	10.6	9.5	10.8	9.73	9.63	8.43	7.67	9.48	12.4	9.37	6.8	9.74	10.1	15.4	11.9	4.66	7.78	7.61	7.94	7.23	7.75	8.16	11.8	11.5	9.68	8.63	4.2	6.59	8.76	9.86	10.1	11.5	11.4	9.23	11.2	15.7	16.5	16.7	10.8	5.19	8.05	6.72	9.97	9.86	15.0	17.0	18.5	11.1	9.27	7.56	8.47	9.06	8.14	9.56	10.1
1.0	2.0	3.0	4.0	5.0	6.0	7.0	8.0	9.0	10.0	11.0	12.0	13.0	14.0	15.0	16.0	17.0	18.0	19.0	20.0	21.0	22.0	23.0	24.0	25.0	26.0	27.0	28.0	29.0	30.0	31.0	32.0	33.0	34.0	35.0	36.0	37.0	38.0	39.0	40.0	41.0	42.0	43.0	44.0	45.0	46.0	47.0	48.0	49.0	50.0	51.0	52.0	53.0	54.0	55.0	56.0	57.0	58.0	59.0	60.0	61.0	62.0	63.0	64.0	65.0	66.0	67.0	68.0	69.0	70.0	71.0	72.0	73.0	74.0	75.0	76.0	77.0	78.0	79.0	80.0	81.0	82.0	83.0	84.0	85.0	86.0	87.0	88.0	89.0	90.0	91.0	92.0	93.0	94.0	95.0	96.0	97.0	98.0	99.0	100.0	101.0	102.0	103.0	104.0	105.0	106.0	107.0	108.0	109.0	110.0	111.0	112.0	113.0	114.0	115.0	116.0	117.0	118.0	119.0	120.0	121.0	122.0	123.0	124.0	125.0	126.0	127.0	128.0	129.0	130.0	131.0	132.0	133.0	134.0	135.0	136.0	137.0	138.0	139.0	140.0	141.0	142.0	143.0	144.0	145.0	146.0	147.0	148.0	149.0	150.0	151.0	152.0	153.0	154.0	155.0	156.0	157.0	158.0	159.0	160.0	161.0	162.0	163.0	164.0	165.0	166.0	167.0	168.0	169.0	170.0	171.0	172.0	173.0	174.0	175.0	176.0	177.0	178.0	179.0	180.0	181.0	182.0	183.0	184.0	185.0	186.0	187.0	188.0	189.0	190.0	191.0	192.0	193.0	194.0	195.0	196.0	197.0	198.0	199.0	200.0	201.0	202.0	203.0	204.0	205.0	206.0	207.0	208.0	209.0	210.0	211.0	212.0	213.0	214.0	215.0	216.0	217.0	218.0	219.0	220.0	221.0	222.0	223.0	224.0	225.0	226.0	227.0	228.0	229.0	230.0	231.0	232.0	233.0	234.0	235.0	236.0	237.0	238.0	239.0	240.0	241.0	242.0	243.0	244.0	245.0	246.0	247.0	248.0	249.0	250.0	251.0	252.0	253.0	254.0	255.0	256.0	257.0	258.0	259.0	260.0	261.0	262.0	263.0	264.0	265.0	266.0	267.0	268.0	269.0	270.0	271.0	272.0	273.0	274.0	275.0	276.0	277.0	278.0	279.0	280.0	281.0	282.0	283.0	284.0	285.0	286.0	287.0	288.0	289.0	290.0	291.0	292.0	293.0	294.0	295.0	296.0	297.0	298.0
2971.0405935936437
