4533.192384023063	300.0	2000.0	184.41524307315007	0	0.0	4533.192384023063	1	0	1	-1.555996885728471
5099.261470532265	1000.0	2433.930913490798	0.0	0	0.0	4533.192384023063	1	0	1	0.1486671637606618
5697.172564779086	1000.0	2776.2287098192946	0.0	0	0.0	4473.401274598381	1	0	2	0.9571765827607521
6695.752194514428	2000.0	2677.791117110418	0.0	0	0.0	4373.543311624846	1	0	2	1.5122911589895704
8360.009879444178	2000.0	1847.1076636876924	0.0	0	0.0	4207.117543131871	1	0	2	2.220824793047809
9506.487951586843	2000.0	1585.98178433076	0.0	0	0.0	4092.4697359176034	1	0	2	2.233048626628172
11080.804517651264	2000.0	854.2335616598962	0.0	0	0.0	3935.038079311161	1	0	2	2.2481825393520634
11978.808524965052	2000.0	956.2295543461091	0.0	0	0.0	3935.0380793111617	1	0	1	2.2521761693977056
13003.095483495947	2000.0	931.9425958152148	0.0	0	0.0	3935.0380793111617	1	0	1	2.4521761693977058
13987.888831747236	2000.0	947.1492475639255	0.0	0	0.0	3935.0380793111617	1	0	1	2.4521761693977058
14919.020057746753	2000.0	1016.0180215644093	0.0	0	0.0	3935.0380793111617	1	0	1	2.4521761693977058
16041.59267577044	2000.0	893.4454035407239	0.0	0	0.0	3935.0380793111617	1	0	1	2.4521761693977058
17142.477789611272	2000.0	792.5602896998945	0.0	0	0.0	3935.0380793111653	1	0	1	2.4521761693977058
17595.777960046926	1000.0	1339.2601192642423	0.0	0	0.0	3935.038079311167	1	0	1	0.7193082179978423
18144.203873451734	1000.0	1790.8342058594305	0.0	0	0.0	3935.0380793111653	1	0	1	1.4124553985577877
18914.879482648448	1000.0	2020.1585966627135	0.0	0	0.0	3935.0380793111635	1	0	1	1.4124553985577877
19367.476648008495	1000.0	2567.56143130267	0.0	0	0.0	3935.038079311167	1	0	1	1.4124553985577881
19848.267546990628	1000.0	3086.7705323205346	0.0	0	0.0	3935.0380793111653	1	0	1	1.412455398557788
20348.017444747915	1000.0	3537.0456447875144	0.0	0	0.0	3885.0630895354298	1	0	2	1.0161093251497433
21200.0	1000.0	3599.86483401022	0.0	0	163.85890701871176	3799.864834010219	1	0	2	1.222921740671394
22739.033336189506	2000.0	3060.8314978207122	0.0	0	0.0	3799.864834010219	1	0	1	1.5725463133678548
23920.13041991904	2000.0	2879.734414091172	0.0	0	0.0	3799.864834010219	1	0	1	2.4656934939278004
25183.506726949945	2000.0	2616.358107060269	0.0	0	0.0	3799.864834010219	1	0	1	2.4656934939278004
26643.555012063338	2000.0	2156.309821946877	0.0	0	0.0	3799.864834010219	1	0	1	2.4656934939278004
27497.627130527504	2000.0	2302.2377034827105	0.0	0	0.0	3799.864834010219	1	0	1	2.4656934939278004
28266.889022666757	2000.0	2532.975811343456	0.0	0	0.0	3799.864834010219	1	0	1	2.4656934939278004
29525.587409441912	2000.0	2274.277424568298	0.0	0	0.0	3799.8648340102154	1	0	1	2.4656934939278004
30626.93172679314	2000.0	2172.9331072170708	0.0	0	0.0	3799.8648340102154	1	0	1	2.4656934939278004
31601.032413183566	2000.0	2198.8324208266445	0.0	0	0.0	3799.8648340102154	1	0	1	2.4656934939278004
32640.004344952355	2000.0	2159.8604890578513	0.0	0	0.0	3799.8648340102154	1	0	1	2.4656934939278004
33381.754010834215	2000.0	2418.1108231759927	0.0	0	0.0	3799.8648340102154	1	0	1	2.465693493927801
34400.559863151844	2000.0	2399.3049708583567	0.0	0	0.0	3799.864834010208	1	0	1	2.465693493927801
35517.46093003708	2000.0	2282.4039039731206	0.0	0	0.0	3799.864834010208	1	0	1	2.4656934939278012
36857.61851132609	2000.0	1942.2463226841169	0.0	0	0.0	3799.864834010208	1	0	1	2.465693493927801
37720.29736631603	2000.0	2079.5674676941717	0.0	0	0.0	3799.864834010208	1	0	1	2.4656934939278012
38902.05574267218	3000.0	1897.8090913380236	0.0	0	0.0	3799.864834010208	1	0	1	2.6684260479818835
39534.01472937466	2000.0	2265.8501046355423	0.0	0	0.0	3799.864834010208	1	0	1	2.0602283858196366
40282.74606080373	2000.0	2517.1187732064773	0.0	0	0.0	3799.864834010208	1	0	1	2.4656934939278012
41348.57927247708	2000.0	2451.285561533126	0.0	0	0.0	3799.864834010208	1	0	1	2.4656934939278012
42124.53617608681	2000.0	2675.328657923401	0.0	0	0.0	3799.864834010208	1	0	1	2.4656934939278012
43963.007488208525	2000.0	1836.8573458016908	0.0	0	0.0	3799.864834010208	1	0	1	2.4656934939278012
45342.673330683305	2000.0	1457.1915033269024	0.0	0	0.0	3799.864834010201	1	0	1	2.4656934939278017
46298.49084463423	2000.0	1501.3739893759778	0.0	0	0.0	3799.864834010201	1	0	1	2.4656934939278017
47514.05476292284	2000.0	1285.8100710873653	0.0	0	0.0	3799.864834010201	1	0	1	2.4656934939278017
47970.59006915822	1000.0	1829.2747648519933	0.0	0	0.0	3799.864834010208	1	0	1	0.7328255425279384
48551.68089910043	1000.0	2248.183934909779	0.0	0	0.0	3799.864834010208	1	0	1	1.4259727230878836
49149.05946165254	1000.0	2650.8053723576622	0.0	0	0.0	3799.864834010208	1	0	1	1.4259727230878836
49655.36289176371	1000.0	3144.501942246497	0.0	0	0.0	3799.864834010208	1	0	1	1.4259727230878836
50200.0	1000.0	3599.8648340102095	0.0	0	133.90480190487142	3799.864834010201	1	0	1	1.425972723087884
51200.0	1000.0	3599.864834010215	0.0	0	236.27259535569465	3799.864834010201	1	0	1	1.425972723087884
52200.0	2000.0	3499.86483401021	0.0	0	156.14352667490311	3699.864834010179	1	0	2	1.379105162481868
53200.0	2000.0	3499.8648340102063	0.0	0	447.6632779366919	3699.864834010179	1	0	1	2.275693493927804
54200.0	1000.0	3499.8648340102013	0.0	0	620.8519772330328	3699.864834010179	1	0	1	0.7428255425279411
55200.0	1000.0	3399.864834010204	0.0	0	114.11045722043491	3599.8648340101718	1	0	2	1.0429297392475987
56200.0	1000.0	3299.8648340101995	0.0	0	136.32734406054806	3499.8648340101645	1	0	2	1.2527569153942322
57200.0	1000.0	3199.8648340102013	0.0	0	257.2023219067778	3399.8648340101427	1	0	2	1.2624274570905087
58332.919131826064	1000.0	3066.9457021841336	0.0	0	0.0	3399.8648340101427	1	0	1	1.2659727230878897
59293.21860359465	1000.0	3106.6462304155452	0.0	0	0.0	3399.8648340101427	1	0	1	1.4659727230878898
60200.0	1000.0	3199.8648340101986	0.0	0	63.64112927917449	3399.8648340101427	1	0	1	1.4659727230878898
61200.0	1000.0	3199.8648340101936	0.0	0	23.05165057416889	3399.8648340101354	1	0	1	1.4659727230878907
62200.0	2000.0	3199.8648340101945	0.0	0	104.2105746929301	3399.8648340101354	1	0	1	1.8125463133678634
63200.0	1000.0	3199.8648340101945	0.0	0	488.67094370171253	3399.8648340101354	1	0	1	0.7728255425279456
64200.0	1000.0	3199.8648340101954	0.0	0	567.8219292745343	3399.8648340101354	1	0	1	1.4659727230878907
65200.0	1000.0	3199.864834010193	0.0	0	547.2521103565014	3399.8648340101354	1	0	1	1.4659727230878907
67070.85196238563	2000.0	2329.012871624581	0.0	0	0.0	3399.8648340101427	1	0	1	1.812546313367863
68613.448591048	2000.0	1786.4162429622193	0.0	0	0.0	3399.864834010157	1	0	1	2.505693493927807
69614.37431135976	2000.0	1785.49052265046	0.0	0	0.0	3399.86483401015	1	0	1	2.505693493927807
71403.11117275953	2000.0	996.7536612506952	0.0	0	0.0	3399.86483401015	1	0	1	2.505693493927807
72651.02368817011	2000.0	748.8411458401094	0.0	0	0.0	3399.86483401015	1	0	1	2.505693493927807
73385.88443622833	2000.0	1013.9803977818789	0.0	0	0.0	3399.8648340101354	1	0	1	2.505693493927809
74588.40895559985	2000.0	811.4558784103602	0.0	0	0.0	3399.8648340101354	1	0	1	2.505693493927809
75289.07813035102	2000.0	1110.7867036591879	0.0	0	0.0	3399.8648340101354	1	0	1	2.505693493927809
76262.05795447603	2000.0	1137.806879534172	0.0	0	0.0	3399.8648340101354	1	0	1	2.505693493927809
77588.32457745043	2000.0	811.540256559771	0.0	0	0.0	3399.8648340101354	1	0	1	2.505693493927809
78034.39643907754	1000.0	1365.46839493267	0.0	0	0.0	3399.8648340101354	1	0	1	0.7728255425279456
78746.26540405369	1000.0	1653.5994299565264	0.0	0	0.0	3399.8648340101354	1	0	1	1.4659727230878907
79552.73768184417	1000.0	1847.127152166045	0.0	0	0.0	3399.8648340101354	1	0	1	1.4659727230878907
80958.76663726663	2000.0	1441.0981967435894	0.0	0	0.0	3399.8648340101354	1	0	1	1.8125463133678634
81620.06913849582	2000.0	1779.7956955143825	0.0	0	0.0	3399.864834010121	1	0	1	2.5056934939278097
82459.21130775938	2000.0	1940.65352625081	0.0	0	0.0	3399.864834010121	1	0	1	2.5056934939278097
83372.44007508318	2000.0	2027.4247589269994	0.0	0	0.0	3399.8648340101063	1	0	1	2.5056934939278115
84413.76530226189	2000.0	1986.0995317483018	0.0	0	0.0	3399.8648340101063	1	0	1	2.5056934939278115
85304.55333260502	2000.0	2006.2326983708506	0.0	0	0.0	3310.786030975767	1	0	2	2.1127087994077023
86279.2705748272	2000.0	2031.5154561486788	0.0	0	0.0	3310.7860309757525	1	0	1	2.3146013742312466
87090.73343880632	2000.0	2220.052592169543	0.0	0	0.0	3310.7860309757525	1	0	1	2.5146013742312467
87968.05403123789	2000.0	2342.7319997379755	0.0	0	0.0	3310.7860309757525	1	0	1	2.5146013742312467
88700.14876343597	2000.0	2610.637267539887	0.0	0	0.0	3310.7860309757525	1	0	1	2.5146013742312467
89542.09351203279	2000.0	2768.692518943073	0.0	0	0.0	3310.7860309757525	1	0	1	2.5146013742312467
90571.5884019516	2000.0	2739.1976290242783	0.0	0	0.0	3310.7860309757525	1	0	1	2.5146013742312467
91705.81634433517	2000.0	2604.969686640714	0.0	0	0.0	3310.7860309757525	1	0	1	2.5146013742312467
92426.16507161353	2000.0	2884.6209593623576	0.0	0	0.0	3310.7860309757525	1	0	1	2.5146013742312467
93550.98324510873	3000.0	2759.802785867154	0.0	0	0.0	3310.7860309757525	1	0	1	2.717333928285329
94200.0	2000.0	3110.7860309758807	0.0	0	72.238726092648	3310.7860309757525	1	0	1	2.109136266123082
95449.79800229364	2000.0	2860.988028682242	0.0	0	0.0	3310.7860309757525	1	0	1	2.5146013742312467
96452.0560043152	2000.0	2858.730026660669	0.0	0	0.0	3310.7860309757525	1	0	1	2.5146013742312467
97484.89728727523	2000.0	2722.604615404628	0.0	0	0.0	3207.501902679738	1	0	2	2.122232782464955
98619.62677662518	2000.0	2474.40217711967	0.0	0	0.0	3094.0289537447097	1	0	2	2.3333936982529035
99981.62607195943	2000.0	2112.402881785426	0.0	0	0.0	3094.0289537447243	1	0	1	2.3362770819543495
100619.1808931445	2000.0	2474.8480606003436	0.0	0	0.0	3094.0289537447243	1	0	1	2.5362770819543496
101461.29863935585	2000.0	2632.7303143889912	0.0	0	0.0	3094.0289537447243	1	0	1	2.5362770819543496
102590.27721433903	2000.0	2503.7517394058054	0.0	0	0.0	3094.0289537447243	1	0	1	2.5362770819543496
103580.67972280185	2000.0	2513.3492309429894	0.0	0	0.0	3094.0289537447243	1	0	1	2.5362770819543496
104917.15774441451	2000.0	2176.8712093303484	0.0	0	0.0	3094.0289537447243	1	0	1	2.5362770819543496
106023.62543284253	3000.0	2070.403520902338	0.0	0	0.0	3094.028953744739	1	0	1	2.739009636008431
106710.25053065737	2000.0	2383.778423087491	0.0	0	0.0	3094.0289537447534	1	0	1	2.130811973846182
107511.28826219811	2000.0	2582.7406915467477	0.0	0	0.0	3094.028953744739	1	0	1	2.5362770819543483
108523.35597572858	2000.0	2570.6729780162705	0.0	0	0.0	3094.028953744739	1	0	1	2.5362770819543483
109636.39854410561	2000.0	2457.6304096392387	0.0	0	0.0	3094.028953744739	1	0	1	2.5362770819543483
110397.40555011485	2000.0	2696.6234036299898	0.0	0	0.0	3094.028953744739	1	0	1	2.5362770819543483
111211.56404081827	2000.0	2882.46491292658	0.0	0	0.0	3094.028953744739	1	0	1	2.5362770819543483
112355.73961645573	2000.0	2738.2893372891267	0.0	0	0.0	3094.028953744739	1	0	1	2.5362770819543483
113200.0	2000.0	2894.028953744849	0.0	0	94.03810181948938	3094.028953744739	1	0	1	2.5362770819543483
114200.0	2000.0	2894.0289537448343	0.0	0	118.19881488960527	3094.0289537447243	1	0	1	2.5362770819543496
115277.35859301164	2000.0	2816.670360733194	0.0	0	0.0	3094.0289537447243	1	0	1	2.5362770819543496
116713.06703786942	2000.0	2380.961915875432	0.0	0	0.0	3094.0289537447243	1	0	1	2.5362770819543496
118195.16016186401	2000.0	1898.8687918808398	0.0	0	0.0	3094.0289537447243	1	0	1	2.5362770819543496
119143.46542189461	2000.0	1950.5635318502332	0.0	0	0.0	3094.0289537447243	1	0	1	2.5362770819543496
120087.58105022254	2000.0	2006.4479035222998	0.0	0	0.0	3094.0289537447243	1	0	1	2.5362770819543496
121158.69566556279	2000.0	1935.3332881820431	0.0	0	0.0	3094.028953744739	1	0	1	2.5362770819543483
122024.16950496321	2000.0	2069.8594487816144	0.0	0	0.0	3094.028953744739	1	0	1	2.5362770819543483
122789.51026213914	2000.0	2304.5186916056905	0.0	0	0.0	3094.028953744739	1	0	1	2.5362770819543483
123779.42113679212	2000.0	2314.6078169527173	0.0	0	0.0	3094.028953744739	1	0	1	2.5362770819543483
124788.36956858698	2000.0	2305.6593851578677	0.0	0	0.0	3094.028953744739	1	0	1	2.5362770819543483
125864.84132201382	2000.0	2229.187631731027	0.0	0	0.0	3094.028953744739	1	0	1	2.5362770819543483
127278.90844583003	2000.0	1815.1205079148017	0.0	0	0.0	3094.028953744739	1	0	1	2.5362770819543483
127969.34023591044	2000.0	2124.688717834384	0.0	0	0.0	3094.028953744739	1	0	1	2.5362770819543483
128764.21199257113	2000.0	2329.8169611736826	0.0	0	0.0	3094.028953744739	1	0	1	2.5362770819543483
129643.7228891771	3000.0	2450.306064567714	0.0	0	0.0	3094.028953744739	1	0	1	2.739009636008431
130518.5039407547	3000.0	2575.525012990109	0.0	0	0.0	3094.028953744739	1	0	1	3.1444747441165957
131952.12654159375	2000.0	2141.9024121510674	0.0	0	0.0	3094.0289537447243	1	0	1	2.1308119738461846
132553.2467013435	1000.0	2540.782252401323	0.0	0	0.0	3094.0289537447243	1	0	1	0.8034091305544877
133483.85477687162	2000.0	2610.1741768731936	0.0	0	0.0	3094.028953744695	1	0	1	1.8431299013944074
134457.4612890444	2000.0	2636.567664700415	0.0	0	0.0	3094.0289537447097	1	0	1	2.536277081954352
135501.3643205867	2000.0	2592.6646331581205	0.0	0	0.0	3094.0289537447097	1	0	1	2.536277081954351
136558.0789615526	2000.0	2535.9499921922184	0.0	0	0.0	3094.0289537447097	1	0	1	2.536277081954351
137200.0	2000.0	2894.028953744822	0.0	0	28.894211784150684	3094.0289537447097	1	0	1	2.536277081954351
138337.05673801253	2000.0	2756.972215732317	0.0	0	0.0	3094.0289537447097	1	0	1	2.536277081954351
139200.0	2000.0	2894.0289537448443	0.0	0	120.60004779748851	3094.0289537447097	1	0	1	2.536277081954351
140418.3242584119	2000.0	2675.7046953329127	0.0	0	0.0	3094.0289537447097	1	0	1	2.536277081954351
141200.0	2000.0	2894.0289537448266	0.0	0	176.84849033103092	3094.028953744739	1	0	1	2.5362770819543483
142283.91857963728	2000.0	2810.110374107558	0.0	0	0.0	3094.028953744739	1	0	1	2.5362770819543483
143200.0	2000.0	2894.028953744861	0.0	0	173.7451333612844	3094.028953744768	1	0	1	2.536277081954345
144200.0	2000.0	2894.028953744841	0.0	0	107.15125560361776	3094.028953744768	1	0	1	2.536277081954345
145370.51203711092	2000.0	2723.516916633934	0.0	0	0.0	3094.028953744826	1	0	1	2.536277081954341
146252.09221506887	2000.0	2841.9367386760027	0.0	0	0.0	3094.028953744826	1	0	1	2.5362770819543394
147200.0	2000.0	2894.02895374489	0.0	0	84.7506329579046	3094.028953744826	1	0	1	2.5362770819543394
148200.0	2000.0	2894.028953744885	0.0	0	287.386209353077	3094.028953744826	1	0	1	2.5362770819543394
150141.94323770134	2000.0	1952.0857160435678	0.0	0	0.0	3094.028953744826	1	0	1	2.5362770819543394
151200.65475326087	2000.0	1893.3742004840615	0.0	0	0.0	3094.028953744826	1	0	1	2.5362770819543394
152000.1070112391	2000.0	2093.9219425058495	0.0	0	0.0	3094.028953744826	1	0	1	2.5362770819543394
152464.27505863714	1000.0	2629.7538951078513	0.0	0	0.0	3094.0289537448552	1	0	1	0.8034091305544735
153200.0	1000.0	2894.0289537450208	0.0	0	200.05069866977283	3094.0289537448552	1	0	1	1.4965563111144187
154200.0	1000.0	2894.0289537450108	0.0	0	427.7357122019166	3094.0289537448552	1	0	1	1.4965563111144187
155813.6566689628	2000.0	2280.3722847822214	0.0	0	0.0	3094.0289537448552	1	0	1	1.8431299013943916
157383.5875708524	2000.0	1710.4413828926104	0.0	0	0.0	3094.028953744826	1	0	1	2.5362770819543394
158507.83462152342	2000.0	1586.1943322216182	0.0	0	0.0	3094.0289537448843	1	0	1	2.536277081954335
159947.48893754728	2000.0	1146.5400161977789	0.0	0	0.0	3094.0289537448843	1	0	1	2.536277081954333
160898.55859238462	2000.0	1195.4703613603974	0.0	0	0.0	3094.0289537448552	1	0	1	2.5362770819543368
162115.050889528	2000.0	978.9780642169934	0.0	0	0.0	3094.0289537448552	1	0	1	2.5362770819543368
163116.61050013514	2000.0	977.4184536098577	0.0	0	0.0	3094.0289537448552	1	0	1	2.5362770819543368
163713.80114063818	1000.0	1380.2278131067899	0.0	0	0.0	3094.028953744826	1	0	1	0.8034091305544766
164123.53229986256	1000.0	1970.4966538824176	0.0	0	0.0	3094.028953744826	1	0	1	1.4965563111144218
164627.72137939418	1000.0	2466.3075743508284	0.0	0	0.0	3094.028953744826	1	0	1	1.4965563111144218
165200.0	1000.0	2894.0289537449876	0.0	0	7.782371304871049	3094.028953744826	1	0	1	1.4965563111144218
166200.0	1000.0	2894.0289537449958	0.0	0	105.19249407894677	3094.028953744826	1	0	1	1.4965563111144218
167200.0	1000.0	2894.0289537450044	0.0	0	527.5619944587233	3094.028953744826	1	0	1	1.4965563111144218
168200.0	1000.0	2894.028953745025	0.0	0	309.88677559327334	3094.028953744826	1	0	1	1.4965563111144218
169200.0	1000.0	2894.0289537450294	0.0	0	422.31045043707127	3094.028953744826	1	0	1	1.4965563111144218
170200.0	1000.0	2894.0289537450485	0.0	0	393.2090452678385	3094.028953744826	1	0	1	1.4965563111144218
171200.0	1000.0	2894.0289537450294	0.0	0	233.64215747523122	3094.0289537448552	1	0	1	1.4965563111144211
172509.03484737268	2000.0	2584.99410637235	0.0	0	0.0	3094.0289537448552	1	0	1	1.8431299013943916
173924.76277094235	2000.0	2169.2661828026976	0.0	0	0.0	3094.0289537448552	1	0	1	2.5362770819543368
175352.58316511594	2000.0	1741.4457886291216	0.0	0	0.0	3094.028953744826	1	0	1	2.536277081954338
176197.27161443414	2000.0	1896.7573393109446	0.0	0	0.0	3094.0289537448552	1	0	1	2.5362770819543368
176958.8745015399	2000.0	2135.154452205224	0.0	0	0.0	3094.0289537448552	1	0	1	2.5362770819543368
178142.38505140867	2000.0	1951.6439023364464	0.0	0	0.0	3094.0289537448552	1	0	1	2.5362770819543368
179697.1305500755	2000.0	1396.8984036696334	0.0	0	0.0	3094.0289537448552	1	0	1	2.5362770819543368
180562.94226531702	2000.0	1444.5055169039422	0.0	0	0.0	3007.4477822206973	1	0	2	2.142905313386345
181312.6165536693	2000.0	1694.831228551644	0.0	0	0.0	3007.4477822206973	1	0	1	2.3449351991067524
182526.73141091393	2000.0	1480.7163713070495	0.0	0	0.0	3007.4477822207264	1	0	1	2.5449351991067504
183240.37477985286	2000.0	1767.0730023681308	0.0	0	0.0	3007.4477822207555	1	0	1	2.5449351991067464
184004.0679567403	2000.0	2003.3798254806866	0.0	0	0.0	3007.4477822207846	1	0	1	2.5449351991067437
185392.2706661285	2000.0	1615.177116092487	0.0	0	0.0	3007.4477822207555	1	0	1	2.5449351991067446
186520.4537728182	2000.0	1486.9940094027852	0.0	0	0.0	3007.4477822207555	1	0	1	2.5449351991067455
187401.3534759016	2000.0	1606.0943063193783	0.0	0	0.0	3007.4477822207555	1	0	1	2.5449351991067464
188155.83595724407	2000.0	1851.6118249769063	0.0	0	0.0	3007.4477822207555	1	0	1	2.5449351991067464
189220.75075467685	2000.0	1786.6970275441558	0.0	0	0.0	3007.4477822207555	1	0	1	2.5449351991067464
190197.56510504705	2000.0	1809.8826771739596	0.0	0	0.0	3007.4477822207555	1	0	1	2.5449351991067464
191667.56244344672	2000.0	1339.8853387743006	0.0	0	0.0	3007.4477822207555	1	0	1	2.5449351991067464
193011.3614969112	2000.0	996.0862853098288	0.0	0	0.0	3007.4477822207264	1	0	1	2.5449351991067495
193940.46253063457	2000.0	1066.9852515864611	0.0	0	0.0	3007.4477822207555	1	0	1	2.5449351991067464
194439.34851702148	1000.0	1568.099265199528	0.0	0	0.0	3007.4477822207264	1	0	1	0.8120672477068865
195087.27246385618	1000.0	1920.175318364817	0.0	0	0.0	3007.4477822207264	1	0	1	1.5052144282668318
195717.48901633298	1000.0	2289.9587658880323	0.0	0	0.0	3007.4477822207264	1	0	1	1.5052144282668318
196251.45420984674	1000.0	2755.993572374268	0.0	0	0.0	3007.4477822207264	1	0	1	1.5052144282668318
197200.0	1000.0	2807.4477822209824	0.0	0	313.1962246322073	3007.4477822206973	1	0	1	1.5052144282668345
198200.0	1000.0	2807.4477822209906	0.0	0	241.9823809408117	3007.4477822206973	1	0	1	1.5052144282668345
199200.0	1000.0	2807.447782220976	0.0	0	350.1224787370302	3007.4477822206973	1	0	1	1.5052144282668345
200200.0	1000.0	2807.447782220993	0.0	0	384.8778474187711	3007.4477822206973	1	0	1	1.5052144282668345
201200.0	1000.0	2807.447782220995	0.0	0	500.0890141270065	3007.4477822206973	1	0	1	1.5052144282668345
202200.0	1000.0	2807.44778222099	0.0	0	712.431056753092	3007.4477822206973	1	0	1	1.5052144282668345
203200.0	1000.0	2807.4477822209947	0.0	0	480.08387116342783	3007.447782220668	1	0	1	1.5052144282668376
204253.41260878075	1000.0	2754.035173440263	0.0	0	0.0	3007.447782220668	1	0	1	1.5052144282668376
205200.0	1000.0	2807.4477822209815	0.0	0	202.1942290761508	3007.447782220668	1	0	1	1.5052144282668376
206200.0	1000.0	2807.447782220988	0.0	0	244.06240072767832	3007.447782220668	1	0	1	1.5052144282668376
207283.32501625697	1000.0	2724.122765964016	0.0	0	0.0	3007.4477822206973	1	0	1	1.5052144282668345
208256.36799316262	1000.0	2751.079789058361	0.0	0	0.0	3007.4477822206973	1	0	1	1.5052144282668363
209284.23808497365	1000.0	2723.2096972473387	0.0	0	0.0	3007.4477822206973	1	0	1	1.5052144282668345
210200.0	1000.0	2807.4477822209833	0.0	0	285.13409409756423	3007.4477822206973	1	0	1	1.5052144282668345
211200.0	1000.0	2807.4477822209906	0.0	0	572.1650434658804	3007.4477822206973	1	0	1	1.5052144282668345
212200.0	1000.0	2807.4477822209897	0.0	0	218.4843679300393	3007.4477822206973	1	0	1	1.5052144282668345
213445.2970713284	2000.0	2562.150710892618	0.0	0	0.0	3007.4477822206973	1	0	1	1.8517880185468074
214200.0	1000.0	2807.447782221025	0.0	0	309.06783888174687	3007.4477822206973	1	0	1	0.8120672477068893
215200.0	1000.0	2807.4477822210106	0.0	0	154.87663760903524	3007.447782220668	1	0	1	1.5052144282668352
216200.0	1000.0	2807.447782221007	0.0	0	365.13850649201777	3007.447782220668	1	0	1	1.5052144282668376
217200.0	1000.0	2807.4477822210283	0.0	0	333.92443291429663	3007.4477822206973	1	0	1	1.505214428266837
218367.13019871272	2000.0	2640.3175835083007	0.0	0	0.0	3007.4477822206973	1	0	1	1.8517880185468074
219700.93049848767	2000.0	2306.5172837333475	0.0	0	0.0	3007.447782220668	1	0	1	2.544935199106754
221247.3060703797	2000.0	1760.1417118412949	0.0	0	0.0	3007.447782220668	1	0	1	2.5449351991067553
222325.84433680694	2000.0	1681.603445414065	0.0	0	0.0	3007.447782220668	1	0	1	2.5449351991067535
223199.74102191906	2000.0	1807.7067603019493	0.0	0	0.0	3007.447782220668	1	0	1	2.5449351991067553
224196.5102362178	2000.0	1810.9375460031943	0.0	0	0.0	3007.447782220668	1	0	1	2.5449351991067553
225061.73059856618	2000.0	1945.7171836547975	0.0	0	0.0	3007.4477822206973	1	0	1	2.5449351991067526
226215.79657359704	2000.0	1791.6512086239575	0.0	0	0.0	3007.4477822206973	1	0	1	2.5449351991067526
227127.53840015485	2000.0	1879.9093820661196	0.0	0	0.0	3007.4477822206973	1	0	1	2.5449351991067526
228576.3247069977	2000.0	1431.1230752232905	0.0	0	0.0	3007.4477822206973	1	0	1	2.5449351991067526
230132.64587687587	2000.0	874.801905345101	0.0	0	0.0	3007.4477822207264	1	0	1	2.544935199106752
231059.92719597308	2000.0	947.5205862478867	0.0	0	0.0	3007.4477822207264	1	0	1	2.5449351991067495
231677.64802106403	2000.0	1329.7997611569465	0.0	0	0.0	3007.4477822207264	1	0	1	2.5449351991067495
232852.66899016505	2000.0	1154.7787920559335	0.0	0	0.0	3007.4477822207264	1	0	1	2.5449351991067495
233878.31953608696	2000.0	1129.1282461340634	0.0	0	0.0	3007.4477822207555	1	0	1	2.5449351991067464
234759.0048225027	2000.0	1248.4429597183357	0.0	0	0.0	3007.4477822207555	1	0	1	2.5449351991067464
236003.8224463265	2000.0	1003.625335894565	0.0	0	0.0	3007.4477822207846	1	0	1	2.5449351991067437
236935.57989975225	2000.0	1071.8678824687968	0.0	0	0.0	3007.4477822207846	1	0	1	2.5449351991067437
238018.87998994315	2000.0	988.5677922778583	0.0	0	0.0	3007.4477822207846	1	0	1	2.5449351991067437
238859.16934813155	2000.0	1148.2784340894161	0.0	0	0.0	3007.4477822207846	1	0	1	2.5449351991067437
240126.1028701323	2000.0	881.344912088672	0.0	0	0.0	3007.447782220843	1	0	1	2.54493519910674
240911.68588473892	2000.0	1095.761897482038	0.0	0	0.0	3007.4477822208137	1	0	1	2.544935199106741
241546.7107195586	2000.0	1460.7370626624026	0.0	0	0.0	3007.447782220843	1	0	1	2.5449351991067375
242214.63412517527	2000.0	1792.8136570457527	0.0	0	0.0	3007.447782220901	1	0	1	2.544935199106734
242681.57975103954	2000.0	2325.8680311814746	0.0	0	0.0	3007.447782220872	1	0	1	2.544935199106735
243868.71892253557	2000.0	2138.7288596854287	0.0	0	0.0	3007.447782220872	1	0	1	2.544935199106735
244882.75706564257	2000.0	2124.690716578414	0.0	0	0.0	3007.447782220843	1	0	1	2.5449351991067375
245925.62331498563	2000.0	1977.5378423010518	0.0	0	0.0	2903.1611572865513	1	0	2	2.1524514375391925
246641.0700181814	2000.0	2262.091139105277	0.0	0	0.0	2903.1611572865513	1	0	1	2.355363861600167
247653.03827367668	2000.0	2250.12288361001	0.0	0	0.0	2903.1611572865804	1	0	1	2.555363861600164
248927.73373869932	2000.0	1975.4274185874074	0.0	0	0.0	2903.1611572865804	1	0	1	2.555363861600164
249689.86301359048	2000.0	2213.298143696249	0.0	0	0.0	2903.1611572866095	1	0	1	2.5553638616001613
250527.46954419074	2000.0	2375.6916130959826	0.0	0	0.0	2903.1611572866095	1	0	1	2.5553638616001613
251452.68807917868	2000.0	2450.473078108048	0.0	0	0.0	2903.1611572866095	1	0	1	2.5553638616001613
252571.05750396365	2000.0	2332.103653323039	0.0	0	0.0	2903.1611572866095	1	0	1	2.5553638616001613
253511.1098532596	2000.0	2392.051304027076	0.0	0	0.0	2903.1611572866095	1	0	1	2.5553638616001613
254545.69735558057	2000.0	2357.4638017060965	0.0	0	0.0	2903.1611572866095	1	0	1	2.5553638616001613
255200.0	2000.0	2703.161157286663	0.0	0	21.24094589316519	2903.1611572865804	1	0	1	2.555363861600162
256200.0	2000.0	2703.1611572866764	0.0	0	292.8985883727146	2903.1611572866095	1	0	1	2.5553638616001635
257261.97199135154	2000.0	2641.1891659351345	0.0	0	0.0	2903.1611572866095	1	0	1	2.5553638616001613
258384.63986057753	2000.0	2518.5212967091225	0.0	0	0.0	2903.1611572866095	1	0	1	2.5553638616001613
259286.20182123152	2000.0	2616.9593360551457	0.0	0	0.0	2903.1611572866386	1	0	1	2.555363861600158
260407.21504284992	2000.0	2495.9461144367556	0.0	0	0.0	2903.1611572866095	1	0	1	2.5553638616001604
261409.8608829691	2000.0	2493.3002743175853	0.0	0	0.0	2903.1611572866386	1	0	1	2.555363861600159
262245.7195087442	2000.0	2657.44164854256	0.0	0	0.0	2903.161157286697	1	0	1	2.555363861600157
263200.0	2000.0	2703.161157286767	0.0	0	157.34395016584313	2903.161157286697	1	0	1	2.5553638616001493
264200.0	2000.0	2703.161157286737	0.0	0	100.1097871940583	2903.1611572866386	1	0	1	2.5553638616001564
265497.124300356	2000.0	2406.03685693068	0.0	0	0.0	2903.1611572865513	1	0	1	2.5553638616001644
266905.90160324436	2000.0	1997.2595540423865	0.0	0	0.0	2903.1611572865513	1	0	1	2.555363861600167
268035.1322386354	2000.0	1868.0289186513462	0.0	0	0.0	2903.1611572865513	1	0	1	2.555363861600167
269112.6766204798	2000.0	1790.4845368069266	0.0	0	0.0	2903.1611572865513	1	0	1	2.555363861600167
269922.71197085764	2000.0	1980.4491864290708	0.0	0	0.0	2903.161157286493	1	0	1	2.555363861600173
270728.31621690636	2000.0	2174.8449403803306	0.0	0	0.0	2903.161157286493	1	0	1	2.555363861600173
271365.86717801436	2000.0	2537.2939792723514	0.0	0	0.0	2903.1611572865513	1	0	1	2.555363861600168
272200.0	2000.0	2703.161157286684	0.0	0	301.5866260652547	2903.1611572865513	1	0	1	2.555363861600167
273200.0	2000.0	2703.161157286676	0.0	0	27.851388549548574	2903.1611572865513	1	0	1	2.555363861600167
274515.89777722384	2000.0	2387.2633800628223	0.0	0	0.0	2903.161157286493	1	0	1	2.555363861600173
275511.4558872535	2000.0	2391.7052700331833	0.0	0	0.0	2903.161157286493	1	0	1	2.555363861600173
276340.76942749147	2000.0	2562.3917297951994	0.0	0	0.0	2903.161157286493	1	0	1	2.555363861600173
277200.0	2000.0	2703.1611572867587	0.0	0	96.37289401493035	2903.1611572865513	1	0	1	2.555363861600167
278200.0	2000.0	2703.161157286754	0.0	0	324.7980034232605	2903.1611572865513	1	0	1	2.555363861600167
279200.0	2000.0	2703.161157286736	0.0	0	439.8574889615993	2903.1611572865513	1	0	1	2.555363861600167
280200.0	2000.0	2703.161157286772	0.0	0	282.8436299494351	2903.1611572866095	1	0	1	2.5553638616001613
281605.1054762681	2000.0	2298.0556810186968	0.0	0	0.0	2903.1611572865513	1	0	1	2.555363861600167
282669.00581419544	2000.0	2234.1553430913623	0.0	0	0.0	2903.1611572866095	1	0	1	2.5553638616001613
283726.4240815191	2000.0	2176.737075767727	0.0	0	0.0	2903.1611572866677	1	0	1	2.5553638616001555
284632.30805012514	2000.0	2270.8531071615653	0.0	0	0.0	2903.1611572866095	1	0	1	2.5553638616001604
285769.2918209787	2000.0	2133.8693363080442	0.0	0	0.0	2903.1611572866095	1	0	1	2.5553638616001613
286720.61300995544	2000.0	2182.548147331275	0.0	0	0.0	2903.1611572866677	1	0	1	2.5553638616001555
287841.77737818396	2000.0	2061.3837791027254	0.0	0	0.0	2903.1611572866677	1	0	1	2.5553638616001555
289240.72443839395	2000.0	1662.4367188927404	0.0	0	0.0	2903.161157286726	1	0	1	2.5553638616001493
290054.9537218007	2000.0	1848.2074354860129	0.0	0	0.0	2903.161157286726	1	0	1	2.5553638616001493
291276.57371392346	2000.0	1626.5874433632484	0.0	0	0.0	2903.161157286784	1	0	1	2.5553638616001475
291891.2918050012	2000.0	2011.8693522854664	0.0	0	0.0	2903.161157286726	1	0	1	2.5553638616001493
292823.3836798073	2000.0	2079.777477479389	0.0	0	0.0	2903.161157286726	1	0	1	2.5553638616001493
294020.5022737751	2000.0	1882.658883511561	0.0	0	0.0	2903.161157286726	1	0	1	2.5553638616001493
295087.4211417819	2000.0	1815.740015504815	0.0	0	0.0	2903.161157286784	1	0	1	2.5553638616001484
296255.2690226358	2000.0	1647.8921346508068	0.0	0	0.0	2903.161157286726	1	0	1	2.5553638616001457
296585.09736715874	1000.0	2318.063790127894	0.0	0	0.0	2903.161157286726	1	0	1	0.8224959102002865
297200.0	1000.0	2703.1611572865977	0.0	0	175.57258717168588	2903.1611572866677	1	0	1	1.5156430907602374
298200.0	1000.0	2703.161157286601	0.0	0	378.40767771739047	2903.1611572866677	1	0	1	1.5156430907602374
299200.0	1000.0	2703.1611572865786	0.0	0	346.909847458126	2903.1611572866677	1	0	1	1.5156430907602374
300200.0	1000.0	2703.1611572865686	0.0	0	397.2581932656467	2903.1611572866095	1	0	1	1.5156430907602434
1.62	1.91	1.33	1.62	1.66	1.39	1.55	2.53	2.03	2.68	2.0	2.27	1.51	1.9	1.73	2.48	1.89	1.12	1.31	1.45	1.75	1.37	2.37	3.08	2.13	1.54	1.8	2.05	2.05	2.36	2.64	1.63	1.95	2.46	3.74	2.49	2.25	2.27	1.12	1.71	1.92	1.89	1.74	1.74	1.54	2.11	1.83	2.32	2.92	2.15	1.24	1.26	1.27	1.12	1.27	1.1	1.25	1.84	1.77	1.85	2.03	1.32	1.6	1.48	2.11	2.1	1.15	1.38	2.25	1.89	2.35	2.84	2.19	1.8	1.7	1.23	1.85	2.84	2.61	1.92	1.91	2.93	1.92	2.7	2.29	2.33	1.64	2.62	3.05	3.73	1.58	2.75	2.39	2.26	2.34	1.59	2.61	2.25	2.21	1.3	1.99	3.36	2.7	2.65	2.15	2.02	1.85	2.36	2.46	2.98	1.98	1.47	1.97	1.37	2.12	1.69	2.0	2.77	3.13	2.58	2.04	2.14	1.8	2.43	2.24	4.15	2.26	1.54	1.7	2.06	2.09	1.44	2.61	2.2	2.5	1.12	3.15	1.69	2.8	2.93	1.84	1.88	1.93	2.65	1.47	1.22	1.97	2.79	1.6	1.56	1.62	1.91	1.33	1.62	1.66	1.39	1.55	2.53	2.03	2.68	2.0	2.27	1.51	1.9	1.73	2.48	1.89	1.12	1.31	1.45	1.75	1.37	2.37	3.08	2.13	1.54	1.8	2.05	2.05	2.36	2.64	1.63	1.95	2.46	3.74	2.49	2.25	2.27	1.12	1.71	1.92	1.89	1.74	1.74	1.54	2.11	1.83	2.32	2.92	2.15	1.24	1.26	1.27	1.12	1.27	1.1	1.25	1.84	1.77	1.85	2.03	1.32	1.6	1.48	2.11	2.1	1.15	1.38	2.25	1.89	2.35	2.84	2.19	1.8	1.7	1.23	1.85	2.84	2.61	1.92	1.91	2.93	1.92	2.7	2.29	2.33	1.64	2.62	3.05	3.73	1.58	2.75	2.39	2.26	2.34	1.59	2.61	2.25	2.21	1.3	1.99	3.36	2.7	2.65	2.15	2.02	1.85	2.36	2.46	2.98	1.98	1.47	1.97	1.37	2.12	1.69	2.0	2.77	3.13	2.58	2.04	2.14	1.8	2.43	2.24	4.15	2.26	1.54	1.7	2.06	2.09	1.44	2.61	2.2	2.5	1.12	3.15	1.69	2.8	2.93	1.84	1.88	1.93	2.65	1.47	1.22	1.97	2.79	1.6	1.56	1.62
1.0	2.0	3.0	4.0	5.0	6.0	7.0	8.0	9.0	10.0	11.0	12.0	13.0	14.0	15.0	16.0	17.0	18.0	19.0	20.0	21.0	22.0	23.0	24.0	25.0	26.0	27.0	28.0	29.0	30.0	31.0	32.0	33.0	34.0	35.0	36.0	37.0	38.0	39.0	40.0	41.0	42.0	43.0	44.0	45.0	46.0	47.0	48.0	49.0	50.0	51.0	52.0	53.0	54.0	55.0	56.0	57.0	58.0	59.0	60.0	61.0	62.0	63.0	64.0	65.0	66.0	67.0	68.0	69.0	70.0	71.0	72.0	73.0	74.0	75.0	76.0	77.0	78.0	79.0	80.0	81.0	82.0	83.0	84.0	85.0	86.0	87.0	88.0	89.0	90.0	91.0	92.0	93.0	94.0	95.0	96.0	97.0	98.0	99.0	100.0	101.0	102.0	103.0	104.0	105.0	106.0	107.0	108.0	109.0	110.0	111.0	112.0	113.0	114.0	115.0	116.0	117.0	118.0	119.0	120.0	121.0	122.0	123.0	124.0	125.0	126.0	127.0	128.0	129.0	130.0	131.0	132.0	133.0	134.0	135.0	136.0	137.0	138.0	139.0	140.0	141.0	142.0	143.0	144.0	145.0	146.0	147.0	148.0	149.0	149.0	150.0	151.0	152.0	153.0	154.0	155.0	156.0	157.0	158.0	159.0	160.0	161.0	162.0	163.0	164.0	165.0	166.0	167.0	168.0	169.0	170.0	171.0	172.0	173.0	174.0	175.0	176.0	177.0	178.0	179.0	180.0	181.0	182.0	183.0	184.0	185.0	186.0	187.0	188.0	189.0	190.0	191.0	192.0	193.0	194.0	195.0	196.0	197.0	198.0	199.0	200.0	201.0	202.0	203.0	204.0	205.0	206.0	207.0	208.0	209.0	210.0	211.0	212.0	213.0	214.0	215.0	216.0	217.0	218.0	219.0	220.0	221.0	222.0	223.0	224.0	225.0	226.0	227.0	228.0	229.0	230.0	231.0	232.0	233.0	234.0	235.0	236.0	237.0	238.0	239.0	240.0	241.0	242.0	243.0	244.0	245.0	246.0	247.0	248.0	249.0	250.0	251.0	252.0	253.0	254.0	255.0	256.0	257.0	258.0	259.0	260.0	261.0	262.0	263.0	264.0	265.0	266.0	267.0	268.0	269.0	270.0	271.0	272.0	273.0	274.0	275.0	276.0	277.0	278.0	279.0	280.0	281.0	282.0	283.0	284.0	285.0	286.0	287.0	288.0	289.0	290.0	291.0	292.0	293.0	294.0	295.0	296.0	297.0	298.0	298.0	299.0
4082.355362812287
