5413.59325209817	300.0	2000.0	103.6708934600909	0	0.0	5413.59325209817	1	0	1	-1.1614703834885398
6039.440889675787	2000.0	2311.567598664621	0.0	0	0.0	5351.008488340408	1	0	2	0.011841413505006337
7301.377566139087	3000.0	2049.630922201321	0.0	0	0.0	5351.008488340408	1	0	1	2.3133116825488633
8236.119808211712	3000.0	2114.8886801286967	0.0	0	0.0	5351.008488340409	1	0	1	2.918776790657028
9351.908024543587	3000.0	1999.1004637968203	0.0	0	0.0	5351.008488340408	1	0	1	2.918776790657028
10232.322328281542	3000.0	2118.6861600588663	0.0	0	0.0	5351.008488340408	1	0	1	2.918776790657028
11089.483036186739	3000.0	2261.5254521536685	0.0	0	0.0	5351.008488340408	1	0	1	2.918776790657028
11688.093392141238	3000.0	2603.054060603719	0.0	0	0.0	5291.147452744955	1	0	2	2.523256383979797
12399.247217698505	3000.0	2820.7848524907236	0.0	0	0.0	5220.032070189228	1	0	2	2.729984947385425
13114.507267032224	3000.0	3033.998798223633	0.0	0	0.0	5148.506065255858	1	0	2	2.7373727079213976
13733.970573391205	3000.0	3414.535491864651	0.0	0	0.0	5148.506065255857	1	0	1	2.739027032965483
14357.722838381524	3000.0	3728.4080003753033	0.0	0	0.0	5086.130838756828	1	0	2	2.543706956329617
14935.456649196318	3000.0	4092.9008084790307	0.0	0	0.0	5028.357457675347	1	0	2	2.7496237281070477
15743.523641552356	3000.0	4204.027116887388	0.0	0	0.0	4947.55075843974	1	0	2	2.7568096093114445
16523.69542750993	3000.0	4345.838152334058	0.0	0	0.0	4869.533579843981	1	0	2	2.7646175270273536
17895.35461678981	3000.0	3837.0130441261913	0.0	0	0.0	4732.367660915992	1	0	2	2.7772580992436975
19293.620000887327	3000.0	3298.9211216189215	0.0	0	0.0	4592.541122506242	1	0	2	2.7908876158145826
20295.820912489075	3000.0	3196.500118857001	0.0	0	0.0	4492.321031346068	1	0	2	2.802315958376768
21291.81868674912	3000.0	3100.902567170951	0.0	0	0.0	4392.721253920063	1	0	2	2.811991114991531
22002.5853285054	3000.0	3319.059261239042	0.0	0	0.0	4321.644589744439	1	0	2	2.8199303056474414
22988.902189370063	3000.0	3234.110714287917	0.0	0	0.0	4223.012903657975	1	0	2	2.8289513783013653
23825.355698186442	3000.0	3397.657205471534	0.0	0	0.0	4223.012903657975	1	0	1	2.8315763491252715
24617.224393335855	3000.0	3605.7885103221147	0.0	0	0.0	4223.012903657971	1	0	1	3.0315763491252716
25331.663652907166	3000.0	3891.349250750807	0.0	0	0.0	4223.012903657971	1	0	1	3.0315763491252716
26241.33218199473	3000.0	3981.680721663241	0.0	0	0.0	4223.012903657975	1	0	1	3.0315763491252716
27363.00405700359	3000.0	3860.008846654384	0.0	0	0.0	4223.012903657978	1	0	1	3.031576349125271
28200.0	3000.0	4023.012903657969	0.0	0	164.48740054445443	4223.012903657982	1	0	1	3.031576349125271
29200.0	3000.0	4023.012903657969	0.0	0	422.2262272606167	4223.012903657982	1	0	1	3.031576349125271
30200.0	3000.0	4023.0129036579674	0.0	0	189.51879030236523	4223.012903657982	1	0	1	3.031576349125271
31204.94502967805	3000.0	3917.573371012114	0.0	0	0.0	4122.518400690176	1	0	2	2.6390976792681586
32863.28727726558	3000.0	3093.3968986658238	0.0	0	0.0	3956.684175931423	1	0	2	2.855196752996398
34035.66936942669	3000.0	2803.7765972886073	0.0	0	0.0	3839.4459667153133	1	0	2	2.866814150077245
35370.171387473696	3000.0	2335.824377436912	0.0	0	0.0	3705.9957649106254	1	0	2	2.879954856742737
36419.59841557348	3000.0	2286.3973493371286	0.0	0	0.0	3705.9957649106254	1	0	1	2.8832780630000068
37044.72679096663	3000.0	2661.2689739439716	0.0	0	0.0	3705.995764910622	1	0	1	3.083278063000007
37704.92182609596	3000.0	3001.0739388146417	0.0	0	0.0	3705.995764910622	1	0	1	3.083278063000007
38611.62046879655	3000.0	3094.375296114056	0.0	0	0.0	3705.995764910622	1	0	1	3.083278063000007
39607.18676497851	3000.0	3098.8089999320923	0.0	0	0.0	3705.995764910622	1	0	1	3.083278063000007
40928.35739474704	3000.0	2645.521307186705	0.0	0	0.0	3573.8787019337615	1	0	2	2.692299103558839
41893.964634565076	2000.0	2679.9140673686725	0.0	0	0.0	3573.8787019337615	1	0	1	1.882826999027281
42932.246325277636	3000.0	2641.6323766561113	0.0	0	0.0	3573.8787019337688	1	0	1	2.6910246611895277
43702.69258653807	3000.0	2871.186115395685	0.0	0	0.0	3573.8787019337688	1	0	1	3.0964897692976923
44714.529983083994	3000.0	2859.3487188497616	0.0	0	0.0	3573.8787019337688	1	0	1	3.0964897692976923
45713.19611246267	3000.0	2760.815976533226	0.0	0	0.0	3474.0120889959	1	0	2	2.704068086777668
46382.67342623014	3000.0	3091.338662765756	0.0	0	0.0	3474.0120889958926	1	0	1	2.90647643059148
47334.57743821944	3000.0	3139.434650776448	0.0	0	0.0	3474.0120889958853	1	0	1	3.1064764305914805
48785.15709818425	3000.0	2688.8549908116393	0.0	0	0.0	3474.0120889958853	1	0	1	3.1064764305914805
50001.9197290669	3000.0	2472.0923599289886	0.0	0	0.0	3474.012088995878	1	0	1	3.1064764305914814
51043.04232854053	3000.0	2430.9697604553608	0.0	0	0.0	3474.012088995878	1	0	1	3.1064764305914814
52419.469499789084	3000.0	2054.542589206804	0.0	0	0.0	3474.0120889958853	1	0	1	3.1064764305914805
53344.58322694751	3000.0	2129.428862048382	0.0	0	0.0	3474.0120889958853	1	0	1	3.1064764305914805
54280.13108450379	3000.0	2193.8810044921056	0.0	0	0.0	3474.0120889958853	1	0	1	3.1064764305914805
55292.15549668369	3000.0	2181.8565923121996	0.0	0	0.0	3474.0120889958853	1	0	1	3.1064764305914805
56364.40129401352	3000.0	2109.6107949823677	0.0	0	0.0	3474.012088995878	1	0	1	3.1064764305914814
57015.4575264291	3000.0	2458.5545625667983	0.0	0	0.0	3474.012088995878	1	0	1	3.1064764305914814
57735.84805356093	3000.0	2738.164035434973	0.0	0	0.0	3474.0120889958853	1	0	1	3.1064764305914805
58597.93543867428	3000.0	2876.076650321622	0.0	0	0.0	3474.0120889958853	1	0	1	3.1064764305914805
59573.07608313535	3000.0	2900.9360058605525	0.0	0	0.0	3474.0120889958853	1	0	1	3.1064764305914805
60716.75784483887	3000.0	2757.25424415703	0.0	0	0.0	3474.012088995878	1	0	1	3.1064764305914814
61413.8075651169	3000.0	3060.2045238790015	0.0	0	0.0	3474.012088995878	1	0	1	3.1064764305914814
62200.0	2000.0	3274.0120889959057	0.0	0	267.6883275397704	3474.0120889958707	1	0	1	2.0928136603210703
63200.0	3000.0	3274.0120889959035	0.0	0	116.6861829497575	3474.0120889958707	1	0	1	2.7010113224833177
64200.0	3000.0	3274.0120889959103	0.0	0	118.18143038342532	3474.012088995878	1	0	1	3.1064764305914814
65200.0	3000.0	3274.0120889958966	0.0	0	215.13709191268572	3474.012088995878	1	0	1	3.1064764305914814
66200.0	3000.0	3274.0120889959	0.0	0	247.20718341952306	3474.012088995878	1	0	1	3.1064764305914814
67440.14777633526	3000.0	3033.8643126606303	0.0	0	0.0	3474.0120889958707	1	0	1	3.1064764305914823
68592.94141519783	3000.0	2881.070673798048	0.0	0	0.0	3474.0120889958635	1	0	1	3.1064764305914823
69641.67727200818	3000.0	2832.3348169877017	0.0	0	0.0	3474.0120889958635	1	0	1	3.1064764305914827
70661.01878433663	3000.0	2812.9933046592564	0.0	0	0.0	3474.012088995849	1	0	1	3.1064764305914845
71969.77360923607	3000.0	2504.2384797598124	0.0	0	0.0	3474.012088995849	1	0	1	3.1064764305914845
73333.3887574465	3000.0	2140.6233315493837	0.0	0	0.0	3474.012088995849	1	0	1	3.1064764305914845
74564.9279075859	2000.0	1909.0841814099963	0.0	0	0.0	3474.012088995849	1	0	1	2.092813660321073
76332.59638680199	3000.0	964.6488542722797	0.0	0	0.0	3297.2452410742117	1	0	2	2.314806014406181
77123.70031718102	2000.0	1173.5449238932497	0.0	0	0.0	3297.245241074226	1	0	1	1.9104903451132347
77917.62664422026	2000.0	1379.6185968540062	0.0	0	0.0	3297.245241074226	1	0	1	2.5159554532213995
78740.53877903217	2000.0	1556.7064620420904	0.0	0	0.0	3297.245241074226	1	0	1	2.5159554532213995
79938.429897619	3000.0	1358.8153434552573	0.0	0	0.0	3297.2452410742408	1	0	1	2.7186880072754804
81162.56559288192	3000.0	1134.6796481923468	0.0	0	0.0	3297.2452410742408	1	0	1	3.124153115383645
82061.26059441306	3000.0	1235.9846466612034	0.0	0	0.0	3297.2452410742408	1	0	1	3.124153115383645
82876.3748405377	3000.0	1420.870400536579	0.0	0	0.0	3297.2452410742553	1	0	1	3.1241531153836437
83710.14010311931	3000.0	1587.105137954959	0.0	0	0.0	3297.2452410742553	1	0	1	3.1241531153836437
84359.99749470546	3000.0	1937.247746368815	0.0	0	0.0	3297.2452410742553	1	0	1	3.1241531153836437
84898.3254548463	3000.0	2398.9197862279702	0.0	0	0.0	3297.2452410742553	1	0	1	3.1241531153836437
85708.94238380087	3000.0	2588.302857273414	0.0	0	0.0	3297.2452410742553	1	0	1	3.1241531153836437
86506.2528154593	3000.0	2790.992425614971	0.0	0	0.0	3297.2452410742408	1	0	1	3.124153115383645
87200.0	3000.0	3097.245241074261	0.0	0	62.3414719622815	3297.2452410742408	1	0	1	3.124153115383645
88259.38805874334	3000.0	3037.8571823309344	0.0	0	0.0	3297.2452410742408	1	0	1	3.124153115383645
89200.0	3000.0	3097.245241074261	0.0	0	198.28649671006133	3297.245241074226	1	0	1	3.1241531153836464
90200.0	3000.0	3097.2452410742576	0.0	0	250.88597061646578	3297.245241074226	1	0	1	3.1241531153836464
91200.0	3000.0	3097.2452410742567	0.0	0	218.2884335036797	3297.2452410742408	1	0	1	3.124153115383645
92204.60101284436	3000.0	3092.6442282299	0.0	0	0.0	3297.2452410742408	1	0	1	3.124153115383645
93200.0	3000.0	3097.2452410742694	0.0	0	381.01271154527785	3297.2452410742408	1	0	1	3.124153115383645
94200.0	3000.0	3097.245241074264	0.0	0	281.09964998565556	3297.2452410742408	1	0	1	3.124153115383645
95200.0	3000.0	3097.245241074265	0.0	0	255.6472088938608	3297.2452410742408	1	0	1	3.124153115383645
96200.0	3000.0	3097.245241074247	0.0	0	348.20497641910333	3297.2452410742408	1	0	1	3.124153115383645
97200.0	3000.0	3097.245241074249	0.0	0	269.82560281967744	3297.2452410742408	1	0	1	3.124153115383645
98200.0	3000.0	3097.245241074262	0.0	0	251.22732377360808	3297.2452410742408	1	0	1	3.124153115383645
99712.42126648698	3000.0	2584.8239745872875	0.0	0	0.0	3297.2452410742408	1	0	1	3.124153115383645
100350.97521447229	3000.0	2946.2700266019788	0.0	0	0.0	3297.245241074226	1	0	1	3.1241531153836464
101200.0	3000.0	3097.24524107425	0.0	0	278.49603879118513	3297.2452410742117	1	0	1	3.1241531153836477
102200.0	3000.0	3097.2452410742403	0.0	0	217.67784699314507	3297.245241074197	1	0	1	3.1241531153836495
103200.0	3000.0	3097.245241074234	0.0	0	282.71134145646647	3297.2452410742117	1	0	1	3.1241531153836477
104446.74546321185	3000.0	2850.4997778623842	0.0	0	0.0	3297.2452410742117	1	0	1	3.1241531153836477
105689.91553698818	3000.0	2607.329704086051	0.0	0	0.0	3297.245241074197	1	0	1	3.1241531153836495
106498.1759400112	3000.0	2799.0693010630293	0.0	0	0.0	3297.245241074197	1	0	1	3.1241531153836495
107409.53111876851	3000.0	2887.7141223057274	0.0	0	0.0	3297.245241074197	1	0	1	3.1241531153836495
108200.0	3000.0	3097.24524107423	0.0	0	98.87318897258956	3297.245241074197	1	0	1	3.1241531153836495
109217.42977005483	3000.0	3079.815471019391	0.0	0	0.0	3297.245241074197	1	0	1	3.1241531153836495
110200.0	3000.0	3097.245241074216	0.0	0	181.29049434307672	3297.245241074197	1	0	1	3.1241531153836495
111212.93920221839	3000.0	3084.306038855812	0.0	0	0.0	3297.245241074197	1	0	1	3.1241531153836495
112200.0	3000.0	3097.245241074204	0.0	0	279.5198114175	3297.245241074197	1	0	1	3.1241531153836495
113200.0	3000.0	3097.245241074201	0.0	0	282.2765906195418	3297.245241074197	1	0	1	3.1241531153836495
114439.60399569506	3000.0	2857.641245379154	0.0	0	0.0	3297.245241074197	1	0	1	3.1241531153836495
115734.93795771222	3000.0	2562.307283361988	0.0	0	0.0	3297.245241074197	1	0	1	3.1241531153836495
116829.97633561476	3000.0	2467.268905459432	0.0	0	0.0	3297.245241074197	1	0	1	3.1241531153836495
117855.19121205581	3000.0	2442.0540290183726	0.0	0	0.0	3297.245241074197	1	0	1	3.1241531153836495
119318.82483046311	3000.0	1978.4204106110783	0.0	0	0.0	3297.245241074197	1	0	1	3.1241531153836495
120500.65920996678	3000.0	1796.5860311074107	0.0	0	0.0	3297.245241074197	1	0	1	3.1241531153836495
121609.25912593138	3000.0	1687.9861151427988	0.0	0	0.0	3297.245241074197	1	0	1	3.1241531153836495
122468.44492456364	3000.0	1828.800316510552	0.0	0	0.0	3297.2452410742117	1	0	1	3.1241531153836477
123197.44670548197	3000.0	2099.798535592211	0.0	0	0.0	3297.2452410742117	1	0	1	3.1241531153836477
124134.80862409773	3000.0	2162.4366169764644	0.0	0	0.0	3297.2452410742117	1	0	1	3.1241531153836477
125212.6887699156	3000.0	2084.556471158575	0.0	0	0.0	3297.245241074197	1	0	1	3.1241531153836495
125983.27832743514	3000.0	2313.966913639046	0.0	0	0.0	3297.2452410742117	1	0	1	3.1241531153836477
126953.70589758235	3000.0	2343.5393434918524	0.0	0	0.0	3297.2452410742117	1	0	1	3.1241531153836477
127778.75218404242	3000.0	2518.4930570317906	0.0	0	0.0	3297.2452410742117	1	0	1	3.1241531153836477
128881.601654028	3000.0	2305.3586400476615	0.0	0	0.0	3186.9602940756595	1	0	2	2.7322652764841147
129520.8524939917	3000.0	2666.1078000839743	0.0	0	0.0	3186.9602940756595	1	0	1	2.9351816100835033
130200.0	3000.0	2986.96029407567	0.0	0	43.42480672635429	3186.9602940756595	1	0	1	3.1351816100835035
131200.0	3000.0	2986.960294075686	0.0	0	133.9987748827698	3186.9602940756886	1	0	1	3.1351816100835013
132200.0	3000.0	2986.960294075668	0.0	0	156.51303011007258	3186.960294075674	1	0	1	3.1351816100835017
133343.99536766618	3000.0	2842.964926409466	0.0	0	0.0	3186.9602940756595	1	0	1	3.1351816100835026
134211.9431565486	3000.0	2975.0171375270456	0.0	0	0.0	3186.9602940756595	1	0	1	3.135181610083503
135200.0	3000.0	2986.9602940756304	0.0	0	198.00165824758005	3186.9602940756595	1	0	1	3.1351816100835035
136200.0	3000.0	2986.960294075652	0.0	0	549.0979915978678	3186.9602940756595	1	0	1	3.1351816100835035
137200.0	3000.0	2986.9602940756486	0.0	0	294.8468254977488	3186.9602940756595	1	0	1	3.1351816100835035
138200.0	3000.0	2986.96029407564	0.0	0	475.5302083763818	3186.9602940756595	1	0	1	3.1351816100835035
139501.49861305172	3000.0	2685.4616810238913	0.0	0	0.0	3186.9602940756595	1	0	1	3.1351816100835035
140300.7782099913	3000.0	2886.1820840843366	0.0	0	0.0	3186.9602940756595	1	0	1	3.1351816100835035
141200.0	3000.0	2986.96029407562	0.0	0	232.49269065010594	3186.9602940756595	1	0	1	3.1351816100835035
142200.0	3000.0	2986.9602940756404	0.0	0	471.51410861490876	3186.9602940756595	1	0	1	3.1351816100835035
143200.0	3000.0	2986.9602940756395	0.0	0	135.4645091308048	3186.9602940756595	1	0	1	3.1351816100835035
144200.0	3000.0	2986.960294075658	0.0	0	29.695859938219655	3186.9602940756595	1	0	1	3.1351816100835035
145200.0	3000.0	2986.9602940756467	0.0	0	333.091452683293	3186.9602940756886	1	0	1	3.1351816100835
146200.0	3000.0	2986.960294075653	0.0	0	155.4292953767872	3186.9602940756886	1	0	1	3.1351816100835
147825.67099362475	3000.0	2361.2893004509424	0.0	0	0.0	3186.9602940757177	1	0	1	3.1351816100834973
148603.04449252953	3000.0	2583.9158015461344	0.0	0	0.0	3186.9602940757177	1	0	1	3.1351816100834973
149861.90762304998	3000.0	2325.052671025684	0.0	0	0.0	3186.9602940757177	1	0	1	3.1351816100834973
150885.77048776543	3000.0	2301.189806310246	0.0	0	0.0	3186.960294075747	1	0	1	3.1351816100834946
152093.6884769708	3000.0	2093.2718171048473	0.0	0	0.0	3186.960294075747	1	0	1	3.1351816100834946
153611.47033711686	3000.0	1575.4899569587944	0.0	0	0.0	3186.960294075747	1	0	1	3.1351816100834946
154562.1890119131	3000.0	1624.7712821625391	0.0	0	0.0	3186.960294075747	1	0	1	3.1351816100834946
155102.5540465273	3000.0	2084.406247548374	0.0	0	0.0	3186.960294075747	1	0	1	3.1351816100834946
156006.5587258818	3000.0	2180.40156819387	0.0	0	0.0	3186.960294075776	1	0	1	3.1351816100834915
157057.31083554233	3000.0	2129.6494585333476	0.0	0	0.0	3186.960294075805	1	0	1	3.1351816100834884
157810.66722062172	3000.0	2376.293073453943	0.0	0	0.0	3186.960294075776	1	0	1	3.1351816100834915
158469.82053624658	3000.0	2717.139757829105	0.0	0	0.0	3186.960294075776	1	0	1	3.1351816100834915
159200.0	3000.0	2986.9602940756954	0.0	0	28.674655566195725	3186.960294075776	1	0	1	3.1351816100834915
160200.0	3000.0	2986.960294075683	0.0	0	182.58533080111374	3186.960294075776	1	0	1	3.1351816100834915
161200.0	3000.0	2986.9602940756613	0.0	0	448.5481937970035	3186.960294075776	1	0	1	3.1351816100834915
162200.0	3000.0	2986.960294075639	0.0	0	226.29435396144981	3186.960294075747	1	0	1	3.1351816100834946
163200.0	3000.0	2986.9602940756085	0.0	0	333.59946314108674	3186.960294075747	1	0	1	3.1351816100834946
164200.0	3000.0	2986.9602940756185	0.0	0	423.27813027321827	3186.960294075776	1	0	1	3.1351816100834915
165200.0	3000.0	2986.9602940756345	0.0	0	394.9848918559437	3186.960294075776	1	0	1	3.1351816100834915
166200.0	3000.0	2986.9602940756367	0.0	0	212.62140229713987	3186.960294075776	1	0	1	3.1351816100834915
167200.0	3000.0	2986.960294075629	0.0	0	183.35162612405838	3186.960294075776	1	0	1	3.1351816100834915
168511.77079916562	3000.0	2675.1894949100024	0.0	0	0.0	3186.960294075805	1	0	1	3.1351816100834884
169560.47586355306	3000.0	2626.48443052254	0.0	0	0.0	3186.960294075834	1	0	1	3.1351816100834866
170481.60445028677	3000.0	2705.355843788828	0.0	0	0.0	3186.960294075834	1	0	1	3.1351816100834857
171287.63146578637	3000.0	2899.3288282892167	0.0	0	0.0	3186.960294075834	1	0	1	3.1351816100834857
172200.0	3000.0	2986.96029407557	0.0	0	273.6773232885753	3186.960294075834	1	0	1	3.1351816100834857
173200.0	3000.0	2986.960294075567	0.0	0	313.4775291934784	3186.960294075834	1	0	1	3.1351816100834857
174200.0	3000.0	2986.9602940755362	0.0	0	555.0014920757676	3186.960294075834	1	0	1	3.1351816100834857
175301.82373536477	3000.0	2885.1365587107675	0.0	0	0.0	3186.960294075834	1	0	1	3.1351816100834857
176378.23149987077	3000.0	2808.7287942047524	0.0	0	0.0	3186.960294075834	1	0	1	3.1351816100834857
177225.64316286216	3000.0	2961.317131213347	0.0	0	0.0	3186.960294075863	1	0	1	3.1351816100834826
178200.0	3000.0	2986.9602940755467	0.0	0	425.76767934919917	3186.960294075863	1	0	1	3.1351816100834826
179200.0	3000.0	2986.9602940755353	0.0	0	256.02255035261624	3186.960294075863	1	0	1	3.1351816100834826
180200.0	3000.0	2986.9602940755185	0.0	0	348.41024559442303	3186.960294075863	1	0	1	3.1351816100834826
181744.59927767346	3000.0	2442.361016402056	0.0	0	0.0	3186.960294075834	1	0	1	3.1351816100834857
183331.78420157108	3000.0	1855.1760925044116	0.0	0	0.0	3186.960294075776	1	0	1	3.135181610083489
184382.82757076944	3000.0	1804.1327233060267	0.0	0	0.0	3186.960294075747	1	0	1	3.135181610083493
185283.14615573897	3000.0	1903.81413833652	0.0	0	0.0	3186.960294075747	1	0	1	3.1351816100834946
186140.07693839757	3000.0	2046.8833556779193	0.0	0	0.0	3186.960294075747	1	0	1	3.1351816100834946
186807.4736158802	3000.0	2379.4866781952273	0.0	0	0.0	3186.9602940757177	1	0	1	3.1351816100834973
187489.14027850816	3000.0	2697.82001556726	0.0	0	0.0	3186.9602940757177	1	0	1	3.1351816100834973
188510.32255761125	3000.0	2676.63773646416	0.0	0	0.0	3186.9602940757177	1	0	1	3.1351816100834973
189200.0	2000.0	2986.960294075407	0.0	0	123.27621491090395	3186.9602940757177	1	0	1	2.1215188398130858
190557.40330095278	3000.0	2629.556993122628	0.0	0	0.0	3186.9602940757177	1	0	1	2.7297165019753327
191529.94269289167	3000.0	2657.017601183746	0.0	0	0.0	3186.9602940757177	1	0	1	3.1351816100834973
192200.0	3000.0	2986.960294075405	0.0	0	28.858125910977833	3186.960294075747	1	0	1	3.1351816100834946
193251.86674358405	3000.0	2935.0935504913	0.0	0	0.0	3186.9602940757177	1	0	1	3.1351816100834973
194200.0	3000.0	2986.9602940753484	0.0	0	183.20513690906228	3186.9602940757177	1	0	1	3.1351816100834973
195200.0	3000.0	2986.960294075341	0.0	0	102.03666198824067	3186.9602940757177	1	0	1	3.1351816100834973
196200.0	3000.0	2986.9602940753457	0.0	0	287.78838691534474	3186.9602940757177	1	0	1	3.1351816100834973
197632.58268797968	3000.0	2554.37760609566	0.0	0	0.0	3186.9602940756886	1	0	1	3.1351816100834986
198462.60034061436	3000.0	2724.359953460944	0.0	0	0.0	3186.9602940756886	1	0	1	3.1351816100835
199746.68055604535	3000.0	2440.2797380299644	0.0	0	0.0	3186.9602940756886	1	0	1	3.1351816100835
201540.09639934	3000.0	1646.863894735352	0.0	0	0.0	3186.9602940756886	1	0	1	3.1351816100835
202558.9130981319	3000.0	1628.0471959434162	0.0	0	0.0	3186.9602940756886	1	0	1	3.1351816100835
203480.22800634606	3000.0	1706.7322877292022	0.0	0	0.0	3186.9602940756304	1	0	1	3.1351816100835053
204278.7968620987	3000.0	1908.1634319765503	0.0	0	0.0	3186.9602940756304	1	0	1	3.135181610083506
205512.88409474905	3000.0	1674.0761993262042	0.0	0	0.0	3186.9602940756304	1	0	1	3.135181610083506
206152.9853499665	3000.0	2033.9749441087456	0.0	0	0.0	3186.9602940756304	1	0	1	3.135181610083506
206896.5008961409	3000.0	2290.4593979343376	0.0	0	0.0	3186.9602940756595	1	0	1	3.1351816100835035
207716.1279859827	3000.0	2470.8323080925697	0.0	0	0.0	3186.9602940756595	1	0	1	3.1351816100835035
208957.9793776333	3000.0	2228.980916441914	0.0	0	0.0	3186.9602940756595	1	0	1	3.1351816100835035
209933.32834729514	3000.0	2253.6319467801004	0.0	0	0.0	3186.9602940756595	1	0	1	3.1351816100835035
211029.6321351394	3000.0	2157.328158935823	0.0	0	0.0	3186.9602940756886	1	0	1	3.1351816100835
211867.12197450022	3000.0	2319.838319575013	0.0	0	0.0	3186.9602940757177	1	0	1	3.1351816100834973
212687.80768353367	3000.0	2499.152610541553	0.0	0	0.0	3186.9602940757177	1	0	1	3.1351816100834973
213405.4602338562	3000.0	2781.5000602190084	0.0	0	0.0	3186.9602940757177	1	0	1	3.1351816100834973
214293.14624975476	3000.0	2893.81404432042	0.0	0	0.0	3186.9602940757177	1	0	1	3.1351816100834973
215200.0	3000.0	2986.960294075184	0.0	0	17.414673621562542	3186.9602940757177	1	0	1	3.1351816100834973
216442.11779771812	3000.0	2744.8424963570646	0.0	0	0.0	3186.9602940756886	1	0	1	3.135181610083498
217329.4127904471	3000.0	2857.547503628076	0.0	0	0.0	3186.9602940756886	1	0	1	3.1351816100835
218281.02301665302	3000.0	2905.937277422132	0.0	0	0.0	3186.9602940756886	1	0	1	3.1351816100835
219200.0	3000.0	2986.960294075166	0.0	0	16.454239431681344	3186.9602940756886	1	0	1	3.1351816100835
220592.6694833637	3000.0	2594.290810711516	0.0	0	0.0	3186.9602940757177	1	0	1	3.135181610083498
221374.36931665277	3000.0	2812.5909774224697	0.0	0	0.0	3186.960294075747	1	0	1	3.1351816100834946
222495.51038236317	3000.0	2579.335805141003	0.0	0	0.0	3074.846187504707	1	0	2	2.7434365710494273
224456.6208683813	3000.0	1618.2253191228824	0.0	0	0.0	3074.846187504707	1	0	1	2.946393020740598
225668.35664733488	3000.0	1406.4895401692863	0.0	0	0.0	3074.846187504736	1	0	1	3.1463930207405957
226856.38811568206	3000.0	1218.458071822127	0.0	0	0.0	3074.846187504736	1	0	1	3.1463930207405957
227904.7763449914	3000.0	1170.069842512777	0.0	0	0.0	3074.846187504736	1	0	1	3.1463930207405957
229197.14526312213	3000.0	877.7009243820605	0.0	0	0.0	3074.846187504736	1	0	1	3.1463930207405957
230432.75147271008	3000.0	642.0947147941154	0.0	0	0.0	3074.846187504707	1	0	1	3.1463930207405966
231657.9337930751	3000.0	416.91239442911404	0.0	0	0.0	3074.846187504707	1	0	1	3.1463930207405983
232511.24407676625	3000.0	614.7164014352393	51.11429069728922	0	0.0	3125.9604782020033	1	0	1	2.834595847487133
233245.29641322163	3000.0	880.6640649798417	0.0	0	0.0	3125.9604782020033	1	0	1	3.1412815916708685
233788.47290753742	3000.0	1337.4875706640646	0.0	0	0.0	3125.9604782020033	1	0	1	3.1412815916708685
234417.0364218742	3000.0	1708.9240563272679	0.0	0	0.0	3125.9604782020324	1	0	1	3.1412815916708676
235456.45453763037	3000.0	1669.5059405711042	0.0	0	0.0	3125.9604782020324	1	0	1	3.141281591670866
236397.09133918336	3000.0	1728.8691390181248	0.0	0	0.0	3125.9604782020615	1	0	1	3.141281591670865
237109.60931405768	3000.0	2016.351164143805	0.0	0	0.0	3125.9604782020615	1	0	1	3.141281591670863
238054.8461698845	3000.0	2071.114308317005	0.0	0	0.0	3125.9604782020615	1	0	1	3.141281591670863
238930.39605605154	3000.0	2108.009433533278	0.0	0	0.0	3038.4054895853624	1	0	2	2.747867518690823
239776.02698983913	3000.0	2262.378499745698	0.0	0	0.0	3038.4054895853915	1	0	1	2.9500370905325295
240509.87769602842	3000.0	2528.5277935563936	0.0	0	0.0	3038.4054895853915	1	0	1	3.1500370905325297
241423.4355307694	3000.0	2614.9699588153962	0.0	0	0.0	3038.4054895853624	1	0	1	3.1500370905325332
242200.0	3000.0	2838.4054895848267	0.0	0	63.09572305242182	3038.4054895853915	1	0	1	3.1500370905325297
243200.0	3000.0	2838.4054895848444	0.0	0	409.35124269512016	3038.4054895853915	1	0	1	3.1500370905325297
244200.0	3000.0	2838.405489584864	0.0	0	325.37158050754806	3038.4054895853915	1	0	1	3.1500370905325297
245258.4770483515	3000.0	2779.9284412333573	0.0	0	0.0	3038.4054895853915	1	0	1	3.1500370905325297
246200.0	3000.0	2838.4054895848603	0.0	0	458.90972776312265	3038.4054895853915	1	0	1	3.1500370905325297
247200.0	3000.0	2838.405489584849	0.0	0	256.57481279806234	3038.4054895853915	1	0	1	3.1500370905325297
248293.60444088155	3000.0	2744.8010487033043	0.0	0	0.0	3038.4054895853915	1	0	1	3.1500370905325297
249200.0	3000.0	2838.4054895848244	0.0	0	240.57396333187353	3038.4054895853915	1	0	1	3.1500370905325297
250200.0	3000.0	2838.4054895848185	0.0	0	605.1330346915056	3038.4054895853915	1	0	1	3.1500370905325297
251200.0	3000.0	2838.4054895848267	0.0	0	492.3941674955422	3038.4054895853624	1	0	1	3.1500370905325332
252200.0	3000.0	2838.40548958481	0.0	0	418.59727811443736	3038.4054895853624	1	0	1	3.1500370905325332
253200.0	3000.0	2838.405489584813	0.0	0	356.915606825758	3038.4054895853333	1	0	1	3.150037090532536
254800.82028113405	3000.0	2237.5852084507287	0.0	0	0.0	3038.405489585304	1	0	1	3.1500370905325386
255553.75553880367	3000.0	2484.64995078111	0.0	0	0.0	3038.4054895853333	1	0	1	3.150037090532536
256301.08412587352	3000.0	2737.3213637112603	0.0	0	0.0	3038.4054895853333	1	0	1	3.150037090532536
257200.0	3000.0	2838.405489584764	0.0	0	215.7518778879312	3038.4054895853333	1	0	1	3.150037090532536
258200.0	3000.0	2838.4054895848008	0.0	0	373.0715898440976	3038.4054895853333	1	0	1	3.150037090532536
259200.0	3000.0	2838.4054895848135	0.0	0	328.20088796151686	3038.4054895853333	1	0	1	3.150037090532536
260387.4883245707	3000.0	2650.9171650141348	0.0	0	0.0	3038.405489585304	1	0	1	3.1500370905325368
261541.76665311752	3000.0	2496.638836467334	0.0	0	0.0	3038.405489585304	1	0	1	3.1500370905325386
262426.883234629	3000.0	2611.52225495588	0.0	0	0.0	3038.4054895853624	1	0	1	3.150037090532537
263775.1826390586	3000.0	2263.222850526291	0.0	0	0.0	3038.4054895853915	1	0	1	3.1500370905325314
265050.05711656774	2000.0	1988.3483730171695	0.0	0	0.0	3038.4054895854206	1	0	1	2.136374320262116
265830.5966294415	2000.0	2207.808860143419	0.0	0	0.0	3038.4054895854206	1	0	1	2.54183942837028
267060.6479544694	3000.0	1977.757535115563	0.0	0	0.0	3038.4054895854206	1	0	1	2.7445719824243624
268060.8285545596	3000.0	1977.5769350253368	0.0	0	0.0	3038.4054895854206	1	0	1	3.150037090532527
268976.9987548602	3000.0	2061.4067347247887	0.0	0	0.0	3038.4054895854206	1	0	1	3.150037090532527
270162.90774776787	3000.0	1875.497741817084	0.0	0	0.0	3038.4054895853624	1	0	1	3.1500370905325332
271314.499320626	3000.0	1723.9061689588893	0.0	0	0.0	3038.405489585304	1	0	1	3.1500370905325386
272141.3994532271	3000.0	1897.0060363577934	0.0	0	0.0	3038.405489585304	1	0	1	3.1500370905325386
272950.9955200222	3000.0	2087.409969562776	0.0	0	0.0	3038.405489585304	1	0	1	3.1500370905325386
274007.8261632275	3000.0	2030.5793263574506	0.0	0	0.0	3038.405489585304	1	0	1	3.1500370905325386
274932.80457146233	3000.0	2105.6009181225427	0.0	0	0.0	3038.405489585246	1	0	1	3.1500370905325448
276071.38975244673	3000.0	1967.0157371381908	0.0	0	0.0	3038.405489585246	1	0	1	3.1500370905325448
276830.0948168424	3000.0	2208.3106727424	0.0	0	0.0	3038.4054895851878	1	0	1	3.1500370905325505
277582.79451832006	3000.0	2455.610971264721	0.0	0	0.0	3038.4054895851878	1	0	1	3.1500370905325505
278465.26799982507	3000.0	2573.1374897596984	0.0	0	0.0	3038.405489585246	1	0	1	3.1500370905325448
279329.998070727	3000.0	2708.407418857721	0.0	0	0.0	3038.4054895851878	1	0	1	3.150037090532547
280200.0	3000.0	2838.4054895847153	0.0	0	177.57926415663678	3038.4054895851878	1	0	1	3.1500370905325505
281200.0	3000.0	2838.405489584768	0.0	0	102.49444638786372	3038.4054895851878	1	0	1	3.1500370905325505
282639.9494163187	3000.0	2398.4560732660852	0.0	0	0.0	3038.4054895851295	1	0	1	3.1500370905325563
283499.2897727095	3000.0	2539.1157168753402	0.0	0	0.0	3038.4054895851878	1	0	1	3.1500370905325514
284200.0	3000.0	2838.4054895848244	0.0	0	62.37931262131315	3038.4054895851878	1	0	1	3.1500370905325505
285200.0	3000.0	2838.4054895848503	0.0	0	474.4480976652703	3038.4054895851878	1	0	1	3.1500370905325505
286200.0	3000.0	2838.405489584897	0.0	0	403.0938596224296	3038.405489585246	1	0	1	3.1500370905325448
287200.0	3000.0	2838.405489584888	0.0	0	373.2487136266427	3038.405489585246	1	0	1	3.1500370905325448
288212.21881589	3000.0	2826.186673694927	0.0	0	0.0	3038.405489585246	1	0	1	3.1500370905325448
289200.0	3000.0	2838.405489584909	0.0	0	181.44811890285928	3038.405489585246	1	0	1	3.1500370905325448
290200.0	3000.0	2838.4054895849113	0.0	0	387.2919495019596	3038.4054895851878	1	0	1	3.1500370905325505
291200.0	3000.0	2838.4054895849085	0.0	0	428.4407828763942	3038.4054895851878	1	0	1	3.1500370905325505
292200.0	3000.0	2838.405489584859	0.0	0	418.8198264000821	3038.4054895851295	1	0	1	3.1500370905325563
293273.71422970673	3000.0	2764.691259878187	0.0	0	0.0	3038.4054895851878	1	0	1	3.1500370905325505
294200.0	3000.0	2838.405489584943	0.0	0	254.92437946866266	3038.4054895851878	1	0	1	3.1500370905325505
295200.0	3000.0	2838.4054895849563	0.0	0	149.8216775280307	3038.405489585246	1	0	1	3.1500370905325448
296551.00288734783	3000.0	2487.40260223713	0.0	0	0.0	3038.405489585246	1	0	1	3.1500370905325448
297736.5811548596	3000.0	2301.8243347253183	0.0	0	0.0	3038.405489585246	1	0	1	3.1500370905325448
299047.6006429582	3000.0	1990.8048466268272	0.0	0	0.0	3038.405489585246	1	0	1	3.1500370905325448
300137.3347872711	3000.0	1901.070702313944	0.0	0	0.0	3038.405489585246	1	0	1	3.1500370905325448
301123.5778118846	3000.0	1816.203375239108	0.0	0	0.0	2939.78118712391	1	0	2	2.7572556641257084
4.25	2.95	2.87	3.07	4.1	4.14	4.61	4.31	5.24	6.09	4.22	2.99	3.06	2.36	2.42	3.88	3.42	3.93	4.44	5.22	3.12	2.56	3.97	6.43	4.72	4.0	1.34	2.51	2.27	2.71	3.41	3.94	3.93	3.79	3.48	2.33	2.88	3.96	3.63	3.31	3.72	3.37	2.78	2.55	3.28	2.88	1.61	3.6	2.95	2.85	3.08	4.03	3.79	3.51	2.84	3.58	3.43	3.32	4.0	4.27	4.46	2.78	3.7	2.51	4.27	2.91	3.01	2.79	2.49	1.66	2.04	2.97	1.85	2.91	2.34	3.22	3.13	3.16	4.19	5.6	3.74	4.66	3.85	3.61	3.96	5.1	4.1	3.72	4.91	5.51	3.96	5.42	4.81	1.9	4.05	6.23	4.56	4.37	3.71	2.0	3.31	3.45	3.78	4.03	3.9	2.73	3.24	4.46	3.41	2.56	1.7	2.42	3.6	2.47	2.48	3.32	2.64	4.58	3.98	2.68	3.49	3.51	3.6	3.57	4.08	4.25	2.71	2.46	2.84	4.31	5.4	5.46	6.34	2.9	3.89	5.71	4.65	4.42	3.74	3.85	4.12	2.36	2.83	3.9	2.51	3.38	2.36	2.72	2.76	2.82	4.25	2.95	2.87	3.07	4.1	4.14	4.61	4.31	5.24	6.09	4.22	2.99	3.06	2.36	2.42	3.88	3.42	3.93	4.44	5.22	3.12	2.56	3.97	6.43	4.72	4.0	1.34	2.51	2.27	2.71	3.41	3.94	3.93	3.79	3.48	2.33	2.88	3.96	3.63	3.31	3.72	3.37	2.78	2.55	3.28	2.88	1.61	3.6	2.95	2.85	3.08	4.03	3.79	3.51	2.84	3.58	3.43	3.32	4.0	4.27	4.46	2.78	3.7	2.51	4.27	2.91	3.01	2.79	2.49	1.66	2.04	2.97	1.85	2.91	2.34	3.22	3.13	3.16	4.19	5.6	3.74	4.66	3.85	3.61	3.96	5.1	4.1	3.72	4.91	5.51	3.96	5.42	4.81	1.9	4.05	6.23	4.56	4.37	3.71	2.0	3.31	3.45	3.78	4.03	3.9	2.73	3.24	4.46	3.41	2.56	1.7	2.42	3.6	2.47	2.48	3.32	2.64	4.58	3.98	2.68	3.49	3.51	3.6	3.57	4.08	4.25	2.71	2.46	2.84	4.31	5.4	5.46	6.34	2.9	3.89	5.71	4.65	4.42	3.74	3.85	4.12	2.36	2.83	3.9	2.51	3.38	2.36	2.72	2.76	2.82
1.0	2.0	3.0	4.0	5.0	6.0	7.0	8.0	9.0	10.0	11.0	12.0	13.0	14.0	15.0	16.0	17.0	18.0	19.0	20.0	21.0	22.0	23.0	24.0	25.0	26.0	27.0	28.0	29.0	30.0	31.0	32.0	33.0	34.0	35.0	36.0	37.0	38.0	39.0	40.0	41.0	42.0	43.0	44.0	45.0	46.0	47.0	48.0	49.0	50.0	51.0	52.0	53.0	54.0	55.0	56.0	57.0	58.0	59.0	60.0	61.0	62.0	63.0	64.0	65.0	66.0	67.0	68.0	69.0	70.0	71.0	72.0	73.0	74.0	75.0	76.0	77.0	78.0	79.0	80.0	81.0	82.0	83.0	84.0	85.0	86.0	87.0	88.0	89.0	90.0	91.0	92.0	93.0	94.0	95.0	96.0	97.0	98.0	99.0	100.0	101.0	102.0	103.0	104.0	105.0	106.0	107.0	108.0	109.0	110.0	111.0	112.0	113.0	114.0	115.0	116.0	117.0	118.0	119.0	120.0	121.0	122.0	123.0	124.0	125.0	126.0	127.0	128.0	129.0	130.0	131.0	132.0	133.0	134.0	135.0	136.0	137.0	138.0	139.0	140.0	141.0	142.0	143.0	144.0	145.0	146.0	147.0	148.0	149.0	149.0	150.0	151.0	152.0	153.0	154.0	155.0	156.0	157.0	158.0	159.0	160.0	161.0	162.0	163.0	164.0	165.0	166.0	167.0	168.0	169.0	170.0	171.0	172.0	173.0	174.0	175.0	176.0	177.0	178.0	179.0	180.0	181.0	182.0	183.0	184.0	185.0	186.0	187.0	188.0	189.0	190.0	191.0	192.0	193.0	194.0	195.0	196.0	197.0	198.0	199.0	200.0	201.0	202.0	203.0	204.0	205.0	206.0	207.0	208.0	209.0	210.0	211.0	212.0	213.0	214.0	215.0	216.0	217.0	218.0	219.0	220.0	221.0	222.0	223.0	224.0	225.0	226.0	227.0	228.0	229.0	230.0	231.0	232.0	233.0	234.0	235.0	236.0	237.0	238.0	239.0	240.0	241.0	242.0	243.0	244.0	245.0	246.0	247.0	248.0	249.0	250.0	251.0	252.0	253.0	254.0	255.0	256.0	257.0	258.0	259.0	260.0	261.0	262.0	263.0	264.0	265.0	266.0	267.0	268.0	269.0	270.0	271.0	272.0	273.0	274.0	275.0	276.0	277.0	278.0	279.0	280.0	281.0	282.0	283.0	284.0	285.0	286.0	287.0	288.0	289.0	290.0	291.0	292.0	293.0	294.0	295.0	296.0	297.0	298.0	298.0
5200.169017829866
