5247.948745967109	300.0	2000.0	109.771382735525	0	0.0	5247.948745967109	1	0	1	-1.9122405783004197
5357.959946380678	300.0	2878.987679545074	0.0	0	0.0	5236.947625925753	1	0	2	-1.4747675621846588
5466.685767010536	300.0	3759.38927685223	0.0	0	0.0	5226.0750438627665	1	0	2	-1.2652146417402426
5585.489669584997	300.0	4628.7049840203235	0.0	0	0.0	5214.19465360532	1	0	2	-1.2562010808371624
6200.0	500.0	4952.743620563821	0.0	0	471.552862208071	5152.743620563821	1	0	2	-1.2794091398856493
7200.0	500.0	4852.743620563821	0.0	0	758.8991131880948	5052.743620563821	1	0	2	-0.7296695110027034
8200.0	500.0	4752.743620563821	0.0	0	749.7836948740414	4952.743620563821	1	0	2	-0.6494981381200821
9200.0	1000.0	4652.7436205638205	0.0	0	534.9427417870993	4852.7436205638205	1	0	2	-0.5727913201942708
10200.0	1000.0	4552.7436205638205	0.0	0	470.14568039055484	4752.7436205638205	1	0	2	0.19395776104325618
11200.0	3000.0	4452.743620563821	0.0	0	45.56061079823485	4652.743620563821	1	0	2	0.27041357286389295
12373.67142093302	2000.0	4161.705057537499	0.0	0	0.0	4535.376478470519	1	0	2	0.6124170315877295
13500.158090108767	2000.0	3922.5697214441757	0.0	0	0.0	4422.727811552941	1	0	2	1.0967567690542803
14200.0	2000.0	4152.7436205638205	0.0	0	86.72553885037087	4352.7436205638205	1	0	2	1.1795969288413137
15200.0	2000.0	4052.7436205638205	0.0	0	370.7617634242888	4252.743620563819	1	0	2	1.193886743809618
16200.0	2000.0	3952.7436205638187	0.0	0	325.69620084317467	4152.743620563817	1	0	2	1.2443263503922677
17433.390303671233	2000.0	3596.0142865254643	0.0	0	0.0	4029.4045901966965	1	0	2	1.280446520858344
18979.65505551411	2000.0	2895.1230594982967	0.0	0	0.0	3874.7781150124065	1	0	2	1.3102543102400246
19738.898978259647	2000.0	3059.9547444782065	0.0	0	0.0	3798.853722737853	1	0	2	1.4253384414652848
20408.998308816972	2000.0	3322.8454808651495	0.0	0	0.0	3731.8437896821197	1	0	2	1.459574610976874
21200.0	2000.0	3452.7436205638146	0.0	0	153.55330636287545	3652.743620563815	1	0	2	1.4696723502298967
22200.0	2000.0	3352.7436205638155	0.0	0	104.85530824275702	3552.743620563815	1	0	2	1.4787301004393059
23200.0	2000.0	3252.743620563816	0.0	0	141.48595782777556	3452.743620563815	1	0	2	1.5079371056750894
24200.0	2000.0	3152.7436205638196	0.0	0	209.70318737854177	3352.743620563815	1	0	2	1.5337686252650673
25200.0	2000.0	3052.743620563822	0.0	0	39.66160432569086	3252.7436205638187	1	0	2	1.5590737869656357
26626.093726077324	2000.0	2484.040521878768	0.0	0	0.0	3110.134247956088	1	0	2	1.5452515575637586
27477.843829684516	2000.0	2547.115407910855	0.0	0	0.0	3024.9592375953653	1	0	2	1.6240714311102225
28858.43847346975	2000.0	2028.4612997470977	0.0	0	0.0	2886.899773216839	1	0	2	1.5922561594852027
30741.88797117997	2000.0	956.6668522658518	0.0	0	0.0	2698.554823445811	1	0	2	1.570957740158642
31751.831032718634	2000.0	946.7237907271963	0.0	0	0.0	2698.5548234458147	1	0	1	1.564923899585606
32533.999871292017	2000.0	1164.554952153809	0.0	0	0.0	2698.5548234458147	1	0	1	1.7649238995856062
33236.45925478189	2000.0	1462.0955686639375	0.0	0	0.0	2698.554823445822	1	0	1	1.7649238995856058
33904.76568454302	2000.0	1793.7891389028068	0.0	0	0.0	2698.5548234458183	1	0	1	1.7649238995856051
34831.25230022446	2000.0	1867.302523221355	0.0	0	0.0	2698.554823445811	1	0	1	1.7649238995856062
35540.62387665711	2000.0	2157.9309467887015	0.0	0	0.0	2698.554823445804	1	0	1	1.7649238995856074
36457.3418352668	2000.0	2241.2129881790115	0.0	0	0.0	2698.554823445804	1	0	1	1.7649238995856076
37200.0	2000.0	2498.5548234458115	0.0	0	88.92600967687031	2698.554823445804	1	0	1	1.7649238995856076
38200.0	2000.0	2498.554823445818	0.0	0	378.8757931657019	2698.554823445804	1	0	1	1.7649238995856076
39200.0	2000.0	2498.5548234458215	0.0	0	427.4285991680954	2698.554823445804	1	0	1	1.7649238995856076
40200.0	2000.0	2498.554823445822	0.0	0	434.7854972432542	2698.554823445804	1	0	1	1.7649238995856076
41200.0	2000.0	2498.5548234458192	0.0	0	251.3857666613476	2698.554823445804	1	0	1	1.7649238995856076
42200.0	2000.0	2498.554823445817	0.0	0	314.47507661295094	2698.554823445804	1	0	1	1.7649238995856076
43200.0	2000.0	2498.554823445815	0.0	0	515.3599054708902	2698.5548234457965	1	0	1	1.7649238995856087
44286.97525308878	3000.0	2411.579570357029	0.0	0	0.0	2698.5548234457965	1	0	1	1.764923899585609
45607.97364516626	3000.0	2090.581178279545	0.0	0	0.0	2698.5548234457965	1	0	1	2.1703890076937733
46556.0728038416	3000.0	2142.4820196042015	0.0	0	0.0	2698.5548234457965	1	0	1	2.1703890076937733
47441.34610787092	3000.0	2257.208715574883	0.0	0	0.0	2698.5548234457965	1	0	1	2.1703890076937733
48895.909563073394	3000.0	1802.645260372412	0.0	0	0.0	2698.5548234457965	1	0	1	2.1703890076937733
49762.82769531781	3000.0	1935.7271281280011	0.0	0	0.0	2698.5548234457965	1	0	1	2.1703890076937733
51039.31570635721	3000.0	1659.2391170886015	0.0	0	0.0	2698.5548234457965	1	0	1	2.1703890076937733
51829.30968660518	3000.0	1869.245136840633	0.0	0	0.0	2698.5548234457965	1	0	1	2.1703890076937733
52820.51696315511	3000.0	1878.0378602907026	0.0	0	0.0	2698.5548234457965	1	0	1	2.1703890076937733
53802.682098785495	3000.0	1895.8727246603269	0.0	0	0.0	2698.5548234457965	1	0	1	2.1703890076937733
54887.18894795351	2000.0	1811.3658754923065	0.0	0	0.0	2698.5548234457965	1	0	1	1.359458791477444
56062.5549033632	2000.0	1635.999920082618	0.0	0	0.0	2698.5548234457965	1	0	1	1.7649238995856087
57463.88143772632	2000.0	1234.6733857195009	0.0	0	0.0	2698.5548234457965	1	0	1	1.7649238995856087
58506.442781090205	2000.0	1192.1120423556035	0.0	0	0.0	2698.554823445789	1	0	1	1.7649238995856098
59232.96939469456	2000.0	1465.585428751245	0.0	0	0.0	2698.554823445782	1	0	1	1.7649238995856107
60076.49479398619	2000.0	1622.060029459625	0.0	0	0.0	2698.554823445782	1	0	1	1.7649238995856107
60944.04676334883	2000.0	1754.5080600969877	0.0	0	0.0	2698.554823445782	1	0	1	1.7649238995856107
61899.949928464026	2000.0	1798.6048949817907	0.0	0	0.0	2698.554823445782	1	0	1	1.7649238995856107
62909.25035658102	2000.0	1789.304466864795	0.0	0	0.0	2698.554823445782	1	0	1	1.7649238995856107
63726.43515278507	2000.0	1972.1196706607473	0.0	0	0.0	2698.5548234457747	1	0	1	1.7649238995856114
64435.73216393454	2000.0	2262.8226595112737	0.0	0	0.0	2698.5548234457747	1	0	1	1.7649238995856114
65246.924696051916	2000.0	2451.6301273938916	0.0	0	0.0	2698.5548234457747	1	0	1	1.7649238995856114
66200.0	2000.0	2498.5548234458165	0.0	0	60.21044331074518	2698.5548234457747	1	0	1	1.7649238995856114
67200.0	2000.0	2498.5548234458147	0.0	0	365.52251205805806	2698.5548234457674	1	0	1	1.7649238995856127
68200.0	2000.0	2498.5548234457933	0.0	0	314.2688041550282	2698.5548234457456	1	0	1	1.7649238995856142
69335.25578485616	2000.0	2363.299038589636	0.0	0	0.0	2698.554823445753	1	0	1	1.7649238995856145
70200.0	2000.0	2498.554823445807	0.0	0	274.57208760865615	2698.554823445753	1	0	1	1.7649238995856145
71200.0	2000.0	2498.554823445811	0.0	0	448.80380778161634	2698.554823445753	1	0	1	1.7649238995856145
72200.0	2000.0	2498.554823445815	0.0	0	199.58562156942207	2698.554823445753	1	0	1	1.7649238995856145
73200.0	2000.0	2498.5548234458124	0.0	0	309.7159337426274	2698.554823445753	1	0	1	1.7649238995856145
74200.0	2000.0	2498.5548234458297	0.0	0	2.4728557803173317	2698.554823445753	1	0	1	1.7649238995856145
75203.07601983346	2000.0	2495.478803612358	0.0	0	0.0	2698.554823445753	1	0	1	1.7649238995856145
76476.30027781373	2000.0	2222.2545456320913	0.0	0	0.0	2698.554823445753	1	0	1	1.7649238995856145
77520.72129881739	2000.0	2177.833524628439	0.0	0	0.0	2698.554823445753	1	0	1	1.7649238995856145
78200.0	2000.0	2498.5548234458206	0.0	0	62.313246992154745	2698.554823445753	1	0	1	1.7649238995856145
79200.0	2000.0	2498.5548234457997	0.0	0	456.27421689537005	2698.5548234457383	1	0	1	1.7649238995856165
80200.0	2000.0	2498.5548234457956	0.0	0	410.360119522491	2698.5548234457237	1	0	1	1.7649238995856187
81200.0	2000.0	2498.55482344581	0.0	0	54.487910103125614	2698.5548234457237	1	0	1	1.7649238995856187
82200.0	2000.0	2498.554823445822	0.0	0	228.22836168053618	2698.5548234457237	1	0	1	1.7649238995856187
83200.0	2000.0	2498.554823445837	0.0	0	141.4504502024356	2698.5548234457383	1	0	1	1.7649238995856165
84200.0	2000.0	2498.554823445814	0.0	0	224.91531184282212	2698.5548234457383	1	0	1	1.7649238995856165
85455.25479518082	2000.0	2243.3000282649823	0.0	0	0.0	2698.5548234457383	1	0	1	1.7649238995856165
86516.69735507395	2000.0	2181.857468371852	0.0	0	0.0	2698.5548234457383	1	0	1	1.7649238995856165
87575.33096341166	2000.0	2123.2238600341316	0.0	0	0.0	2698.5548234457383	1	0	1	1.7649238995856165
88281.75388430104	2000.0	2416.800939144763	0.0	0	0.0	2698.5548234457383	1	0	1	1.7649238995856165
89200.0	2000.0	2498.5548234457997	0.0	0	143.07149921025848	2698.5548234457383	1	0	1	1.7649238995856165
90200.0	2000.0	2498.554823445791	0.0	0	397.884599278259	2698.5548234457383	1	0	1	1.7649238995856165
91200.0	2000.0	2498.554823445784	0.0	0	183.15495823108358	2698.5548234457383	1	0	1	1.7649238995856165
92307.6721644742	2000.0	2390.882658971573	0.0	0	0.0	2698.5548234457383	1	0	1	1.7649238995856165
93200.0	2000.0	2498.5548234457697	0.0	0	143.28087870070885	2698.5548234457383	1	0	1	1.7649238995856165
94200.0	2000.0	2498.554823445774	0.0	0	452.4417846394208	2698.5548234457383	1	0	1	1.7649238995856165
95200.0	2000.0	2498.554823445777	0.0	0	514.1620981317392	2698.5548234457237	1	0	1	1.7649238995856187
96200.0	2000.0	2498.5548234457783	0.0	0	516.2205979825521	2698.554823445709	1	0	1	1.7649238995856207
97200.0	2000.0	2498.5548234457656	0.0	0	374.07887281086005	2698.554823445709	1	0	1	1.7649238995856207
98200.0	2000.0	2498.5548234457533	0.0	0	654.5724128739821	2698.554823445709	1	0	1	1.7649238995856207
99200.0	3000.0	2498.554823445764	0.0	0	401.7575757729064	2698.5548234457237	1	0	1	1.764923899585619
100200.0	3000.0	2498.5548234457574	0.0	0	405.012731351002	2698.554823445709	1	0	1	2.1703890076937853
101200.0	3000.0	2498.5548234457747	0.0	0	401.2720472914225	2698.554823445709	1	0	1	2.1703890076937853
102200.0	3000.0	2498.554823445792	0.0	0	130.41555994657392	2698.554823445709	1	0	1	2.1703890076937853
103225.70900112519	3000.0	2472.845822320621	0.0	0	0.0	2698.554823445709	1	0	1	2.1703890076937853
104200.0	3000.0	2498.5548234458	0.0	0	172.83715374261374	2698.554823445709	1	0	1	2.1703890076937853
105312.64978856589	3000.0	2385.9050348799065	0.0	0	0.0	2698.554823445709	1	0	1	2.1703890076937853
106200.0	3000.0	2498.5548234458097	0.0	0	56.50507165159797	2698.554823445709	1	0	1	2.1703890076937853
107200.0	3000.0	2498.554823445821	0.0	0	99.89959035765787	2698.5548234456946	1	0	1	2.1703890076937875
108200.0	3000.0	2498.554823445816	0.0	0	157.37202097241243	2698.5548234456946	1	0	1	2.1703890076937875
109200.0	3000.0	2498.5548234458042	0.0	0	238.38264187068853	2698.5548234456946	1	0	1	2.1703890076937875
110200.0	3000.0	2498.5548234458124	0.0	0	470.98686805066245	2698.5548234456946	1	0	1	2.1703890076937875
111200.0	3000.0	2498.5548234458056	0.0	0	423.06552487125737	2698.55482344568	1	0	1	2.1703890076937893
112259.05122072523	3000.0	2439.5036027205747	0.0	0	0.0	2698.55482344568	1	0	1	2.1703890076937893
113619.2434402216	3000.0	2079.3113832241943	0.0	0	0.0	2698.55482344568	1	0	1	2.1703890076937893
114475.56014325947	3000.0	2222.9946801863252	0.0	0	0.0	2698.55482344568	1	0	1	2.1703890076937893
115324.02685300096	3000.0	2374.5279704448353	0.0	0	0.0	2698.55482344568	1	0	1	2.1703890076937893
116347.25711224775	3000.0	2351.297711198052	0.0	0	0.0	2698.5548234456946	1	0	1	2.1703890076937875
117446.95479696679	3000.0	2251.6000264790096	0.0	0	0.0	2698.55482344568	1	0	1	2.1703890076937893
118859.75704849344	3000.0	1838.7977749523657	0.0	0	0.0	2698.55482344568	1	0	1	2.1703890076937893
119785.75994544661	3000.0	1912.7948779991978	0.0	0	0.0	2698.55482344568	1	0	1	2.1703890076937893
120287.08100551028	2000.0	2411.473817935528	0.0	0	0.0	2698.55482344568	1	0	1	1.3594587914774598
121200.0	2000.0	2498.554823445803	0.0	0	368.3021917054866	2698.55482344568	1	0	1	1.7649238995856245
122200.0	2000.0	2498.5548234458124	0.0	0	341.2200237100333	2698.55482344568	1	0	1	1.7649238995856245
123200.0	2000.0	2498.5548234458015	0.0	0	46.898696964402916	2698.55482344568	1	0	1	1.7649238995856245
124416.80338826403	2000.0	2281.7514351817854	0.0	0	0.0	2698.55482344568	1	0	1	1.7649238995856245
125363.13624651049	2000.0	2335.41857693534	0.0	0	0.0	2698.55482344568	1	0	1	1.7649238995856245
126200.0	2000.0	2498.554823445833	0.0	0	65.748068544126	2698.55482344568	1	0	1	1.7649238995856245
127200.0	2000.0	2498.5548234458224	0.0	0	210.6237660748593	2698.55482344568	1	0	1	1.7649238995856245
128200.0	2000.0	2498.554823445832	0.0	0	70.9474705613975	2698.55482344568	1	0	1	1.7649238995856245
129200.0	2000.0	2498.554823445842	0.0	0	441.9712321423285	2698.55482344568	1	0	1	1.7649238995856245
130200.0	2000.0	2498.5548234458383	0.0	0	436.7793676287256	2698.55482344568	1	0	1	1.7649238995856245
131200.0	2000.0	2498.5548234458297	0.0	0	372.6513592364063	2698.55482344568	1	0	1	1.7649238995856245
132200.0	2000.0	2498.5548234458315	0.0	0	130.56882995244814	2698.5548234456946	1	0	1	1.7649238995856216
133200.0	2000.0	2498.554823445841	0.0	0	526.2905007052177	2698.5548234456946	1	0	1	1.764923899585622
134200.0	2000.0	2498.554823445865	0.0	0	570.8580807388935	2698.5548234457383	1	0	1	1.764923899585618
135200.0	3000.0	2498.55482344587	0.0	0	14.250856654485688	2698.5548234457383	1	0	1	1.7649238995856136
136755.06508228744	3000.0	1943.4897411584375	0.0	0	0.0	2698.5548234457674	1	0	1	2.170389007693779
137713.3265213985	3000.0	1985.2283020473828	0.0	0	0.0	2698.5548234457674	1	0	1	2.1703890076937773
138566.42161083047	3000.0	2132.133212615412	0.0	0	0.0	2698.5548234457674	1	0	1	2.1703890076937773
139465.7133596511	3000.0	2232.8414637947676	0.0	0	0.0	2698.5548234457674	1	0	1	2.1703890076937773
140758.54996806278	3000.0	1940.0048553831032	0.0	0	0.0	2698.5548234457674	1	0	1	2.1703890076937773
141621.74124157848	3000.0	2076.8135818674214	0.0	0	0.0	2698.5548234457965	1	0	1	2.1703890076937733
142544.83046208505	3000.0	2153.7243613608507	0.0	0	0.0	2698.5548234457674	1	0	1	2.1703890076937773
143542.49853290673	3000.0	2156.0562905391625	0.0	0	0.0	2698.5548234457383	1	0	1	2.1703890076937817
144311.21737233724	3000.0	2387.3374511086895	0.0	0	0.0	2698.5548234457383	1	0	1	2.1703890076937817
145270.66214501832	2000.0	2427.892678427603	0.0	0	0.0	2698.5548234457383	1	0	1	1.3594587914774519
146200.0	2000.0	2498.554823445942	0.0	0	87.13135290675564	2698.5548234457383	1	0	1	1.7649238995856165
147283.67818322545	2000.0	2414.876640220495	0.0	0	0.0	2698.5548234457383	1	0	1	1.7649238995856165
148387.9521218869	2000.0	2310.602701559082	0.0	0	0.0	2698.5548234457674	1	0	1	1.7649238995856127
149308.5885008026	2000.0	2389.966322643368	0.0	0	0.0	2698.5548234457674	1	0	1	1.7649238995856127
150200.0	2000.0	2498.5548234459584	0.0	0	209.59423313112347	2698.5548234457674	1	0	1	1.7649238995856127
151377.1923153195	2000.0	2321.362508126471	0.0	0	0.0	2698.5548234457674	1	0	1	1.7649238995856127
153082.23438593498	2000.0	1616.3204375109883	0.0	0	0.0	2698.5548234457674	1	0	1	1.7649238995856127
154787.3475421412	2000.0	911.2072813047522	0.0	0	0.0	2698.5548234457674	1	0	1	1.7649238995856127
155301.75342680558	1000.0	1396.8013966403478	0.0	0	0.0	2698.5548234457383	1	0	1	0.37862953846572633
155848.21662795756	1000.0	1850.338195488385	0.0	0	0.0	2698.5548234457383	1	0	1	1.0717767190256715
156397.27315096208	1000.0	2301.281672483877	0.0	0	0.0	2698.5548234457383	1	0	1	1.0717767190256715
157200.0	1000.0	2498.55482344594	0.0	0	438.84979189230944	2698.5548234457383	1	0	1	1.0717767190256715
158200.0	1000.0	2498.554823445959	0.0	0	700.3045356239309	2698.5548234457383	1	0	1	1.0717767190256715
159200.0	1000.0	2498.5548234459707	0.0	0	578.2561166247178	2698.554823445709	1	0	1	1.0717767190256755
160200.0	1000.0	2498.554823445994	0.0	0	499.6184753772395	2698.5548234457383	1	0	1	1.0717767190256715
161200.0	1000.0	2498.5548234459916	0.0	0	229.8086269312771	2698.5548234457383	1	0	1	1.0717767190256715
162200.0	1000.0	2498.55482344601	0.0	0	565.9292588410899	2698.5548234457383	1	0	1	1.0717767190256715
163200.0	1000.0	2498.554823446031	0.0	0	528.7939259549021	2698.5548234457383	1	0	1	1.0717767190256715
164200.0	2000.0	2498.5548234460343	0.0	0	344.3111035057809	2698.5548234457383	1	0	1	1.0717767190256713
165200.0	2000.0	2498.554823446033	0.0	0	582.3470401360246	2698.5548234457383	1	0	1	1.7649238995856165
166200.0	2000.0	2498.5548234460284	0.0	0	478.72437944085686	2698.5548234457383	1	0	1	1.7649238995856165
167200.0	2000.0	2498.5548234460152	0.0	0	389.04819997478626	2698.5548234457674	1	0	1	1.7649238995856127
168200.0	2000.0	2498.5548234460257	0.0	0	363.45534284587484	2698.5548234457674	1	0	1	1.7649238995856127
169200.0	2000.0	2498.5548234460375	0.0	0	295.9370863196964	2698.5548234457674	1	0	1	1.7649238995856127
170200.0	2000.0	2498.5548234460416	0.0	0	328.21164995094296	2698.5548234457674	1	0	1	1.7649238995856127
171200.0	2000.0	2498.5548234460703	0.0	0	270.9310254251177	2698.5548234457674	1	0	1	1.7649238995856127
172200.0	2000.0	2498.554823446053	0.0	0	572.9531282237731	2698.5548234457674	1	0	1	1.7649238995856127
173291.52293944883	3000.0	2407.0318839972088	0.0	0	0.0	2698.5548234457674	1	0	1	1.7649238995856127
174200.0	3000.0	2498.554823446035	0.0	0	232.85281471483177	2698.5548234457674	1	0	1	2.1703890076937773
175200.0	3000.0	2498.5548234460366	0.0	0	366.16646640049294	2698.5548234457674	1	0	1	2.1703890076937773
176200.0	3000.0	2498.554823446081	0.0	0	487.6458657463372	2698.5548234457674	1	0	1	2.1703890076937773
177200.0	3000.0	2498.5548234460766	0.0	0	329.4470339313266	2698.5548234457674	1	0	1	2.1703890076937773
178200.0	3000.0	2498.5548234460593	0.0	0	310.90235363089596	2698.5548234457674	1	0	1	2.1703890076937773
179200.0	3000.0	2498.554823446031	0.0	0	275.9517870172567	2698.5548234457965	1	0	1	2.1703890076937733
180259.56642247015	3000.0	2438.98840097589	0.0	0	0.0	2698.5548234457965	1	0	1	2.1703890076937733
181388.96932950258	3000.0	2309.5854939434553	0.0	0	0.0	2698.5548234457965	1	0	1	2.1703890076937733
182518.197044921	3000.0	2180.3577785250513	0.0	0	0.0	2698.5548234457965	1	0	1	2.1703890076937733
183494.41242980785	3000.0	2204.142393638181	0.0	0	0.0	2698.5548234457965	1	0	1	2.1703890076937733
184200.0	3000.0	2498.5548234460593	0.0	0	33.57129193353467	2698.5548234458256	1	0	1	2.1703890076937693
185200.0	3000.0	2498.5548234460057	0.0	0	268.1640055233147	2698.5548234458256	1	0	1	2.1703890076937693
186221.16247699273	3000.0	2477.392346453301	0.0	0	0.0	2698.5548234458256	1	0	1	2.1703890076937693
187342.24453866782	3000.0	2356.310284778177	0.0	0	0.0	2698.5548234458256	1	0	1	2.1703890076937693
188606.16747883311	3000.0	2092.3873446128596	0.0	0	0.0	2698.5548234458256	1	0	1	2.1703890076937693
190311.0116900786	3000.0	1387.5431333674026	0.0	0	0.0	2698.5548234458547	1	0	1	2.1703890076937653
190809.59764743352	2000.0	1888.9571760124838	0.0	0	0.0	2698.5548234458256	1	0	1	1.35945879147744
191408.21879953748	2000.0	2290.336023908479	0.0	0	0.0	2698.5548234458256	1	0	1	1.7649238995856047
192201.9624750526	2000.0	2496.5923483933475	0.0	0	0.0	2698.5548234458256	1	0	1	1.7649238995856047
193200.0	2000.0	2498.554823445931	0.0	0	136.10130702442257	2698.5548234458256	1	0	1	1.7649238995856047
194226.81701114378	2000.0	2471.7378123021535	0.0	0	0.0	2698.5548234458256	1	0	1	1.7649238995856047
195200.0	2000.0	2498.5548234459457	0.0	0	438.03544614990824	2698.5548234458256	1	0	1	1.7649238995856047
196200.0	2000.0	2498.5548234459784	0.0	0	466.8098405918863	2698.5548234458547	1	0	1	1.7649238995856007
197249.0128541169	2000.0	2449.541969329085	0.0	0	0.0	2698.5548234458547	1	0	1	1.7649238995856007
198200.0	2000.0	2498.5548234459666	0.0	0	93.66685633888119	2698.5548234458547	1	0	1	1.7649238995856007
199200.0	2000.0	2498.554823446001	0.0	0	498.2562359214062	2698.5548234458547	1	0	1	1.7649238995856007
200200.0	2000.0	2498.55482344601	0.0	0	595.9599975042802	2698.5548234458256	1	0	1	1.7649238995856047
201200.0	3000.0	2498.5548234460234	0.0	0	397.81535062522744	2698.5548234458547	1	0	1	1.7649238995856007
202200.0	3000.0	2498.5548234460407	0.0	0	327.1588271742221	2698.5548234458547	1	0	1	2.1703890076937653
203614.05785631345	3000.0	2084.4969671325957	0.0	0	0.0	2698.5548234458547	1	0	1	2.1703890076937653
204716.00447197736	3000.0	1982.5503514686886	0.0	0	0.0	2698.5548234458547	1	0	1	2.1703890076937653
206294.77373029132	3000.0	1403.7810931547397	0.0	0	0.0	2698.5548234458547	1	0	1	2.1703890076937653
207025.51983352847	2000.0	1599.9603795939222	0.0	0	0.0	2625.4802131222095	1	0	2	1.09372773248925
207964.09818497393	2000.0	1567.5241930038717	0.0	0	0.0	2531.6223779776483	1	0	2	1.689474581799369
208743.3393498684	2000.0	1788.283028109414	0.0	0	0.0	2531.6223779776483	1	0	1	1.5861084764266207
209556.68473700638	2000.0	1974.9376409713982	0.0	0	0.0	2531.6223779776483	1	0	1	1.7861084764266209
210581.59701026144	2000.0	1950.0253677163405	0.0	0	0.0	2531.6223779776483	1	0	1	1.7861084764266209
211452.8124738604	2000.0	2078.8099041174028	0.0	0	0.0	2531.6223779776483	1	0	1	1.7861084764266209
212215.05631594962	2000.0	2316.566062028198	0.0	0	0.0	2531.6223779776483	1	0	1	1.7861084764266209
213200.0	2000.0	2331.6223779777893	0.0	0	58.97914914903231	2531.6223779776483	1	0	1	1.7861084764266209
214200.0	2000.0	2331.6223779778047	0.0	0	352.76371225182083	2531.622377977619	1	0	1	1.7861084764266244
215200.0	2000.0	2331.6223779777943	0.0	0	264.1998835389968	2531.622377977619	1	0	1	1.7861084764266244
216231.49527789024	2000.0	2300.127100087564	0.0	0	0.0	2531.6223779776483	1	0	1	1.7861084764266209
217200.0	2000.0	2331.622377977796	0.0	0	293.83258620795095	2531.6223779776483	1	0	1	1.7861084764266209
218200.0	2000.0	2331.6223779777624	0.0	0	461.76383730897214	2531.6223779776483	1	0	1	1.7861084764266209
219200.0	2000.0	2331.6223779777424	0.0	0	478.08686116320314	2531.6223779776483	1	0	1	1.7861084764266209
220200.0	2000.0	2331.622377977734	0.0	0	306.22972559163463	2531.6223779776483	1	0	1	1.7861084764266209
221200.0	2000.0	2331.6223779777474	0.0	0	234.9935791201715	2531.6223779776483	1	0	1	1.7861084764266209
222200.0	2000.0	2331.622377977752	0.0	0	516.6423201820871	2531.6223779776483	1	0	1	1.7861084764266209
223200.0	3000.0	2331.6223779777392	0.0	0	124.26113124008407	2531.6223779776483	1	0	1	1.7861084764266209
224216.86603745923	3000.0	2314.7563405185238	0.0	0	0.0	2531.6223779776774	1	0	1	2.1915735845347823
225200.0	3000.0	2331.6223779777565	0.0	0	287.8388552739343	2531.6223779776774	1	0	1	2.1915735845347823
226200.0	3000.0	2331.6223779777342	0.0	0	202.43101251742337	2531.6223779776774	1	0	1	2.1915735845347823
227200.0	3000.0	2331.6223779777606	0.0	0	181.19593872566475	2531.6223779776774	1	0	1	2.1915735845347823
228200.0	3000.0	2331.622377977771	0.0	0	336.7910845905135	2531.6223779776774	1	0	1	2.1915735845347823
229200.0	3000.0	2331.6223779778015	0.0	0	510.75252587220166	2531.6223779776774	1	0	1	2.1915735845347823
230200.0	3000.0	2331.6223779778074	0.0	0	387.73225812474266	2531.6223779776774	1	0	1	2.1915735845347823
231200.0	3000.0	2331.6223779778175	0.0	0	510.0897131531383	2531.6223779776774	1	0	1	2.1915735845347823
232200.0	3000.0	2331.622377977813	0.0	0	134.00098281775718	2531.6223779776483	1	0	1	2.1915735845347855
233200.0	3000.0	2331.6223779778165	0.0	0	24.607048578123795	2531.6223779776483	1	0	1	2.1915735845347855
234200.0	3000.0	2331.6223779777843	0.0	0	189.17013035301352	2531.6223779776483	1	0	1	2.1915735845347855
235200.0	3000.0	2331.6223779777574	0.0	0	179.89141799145727	2531.6223779776483	1	0	1	2.1915735845347855
236272.43176129475	3000.0	2259.1906166830177	0.0	0	0.0	2531.6223779776483	1	0	1	2.1915735845347855
237200.0	3000.0	2331.62237797779	0.0	0	381.59504286787705	2531.6223779776774	1	0	1	2.1915735845347823
238200.0	3000.0	2331.6223779778097	0.0	0	246.23985263047507	2531.6223779776483	1	0	1	2.1915735845347855
239200.0	3000.0	2331.622377977813	0.0	0	254.10494467196986	2531.6223779776774	1	0	1	2.1915735845347823
240295.30922017622	3000.0	2236.3131578015846	0.0	0	0.0	2531.6223779776774	1	0	1	2.1915735845347823
241400.97282595767	3000.0	2130.649552020167	0.0	0	0.0	2531.6223779776774	1	0	1	2.1915735845347823
242321.8284043301	3000.0	2209.793973647739	0.0	0	0.0	2531.6223779776774	1	0	1	2.1915735845347823
243200.0	3000.0	2331.622377977847	0.0	0	36.526472434052266	2531.6223779776483	1	0	1	2.1915735845347855
244200.0	3000.0	2331.62237797786	0.0	0	158.36828027220326	2531.6223779776483	1	0	1	2.1915735845347855
245200.0	3000.0	2331.6223779778784	0.0	0	264.51378942045267	2531.6223779776774	1	0	1	2.1915735845347823
246200.0	3000.0	2331.6223779778825	0.0	0	292.48603483030456	2531.6223779776774	1	0	1	2.1915735845347823
247348.07897601536	3000.0	2183.543401962505	0.0	0	0.0	2531.6223779776774	1	0	1	2.1915735845347823
248322.1278565894	3000.0	2209.494521388478	0.0	0	0.0	2531.6223779776483	1	0	1	2.1915735845347855
249200.0	3000.0	2331.6223779778725	0.0	0	2.4210432310646866	2531.6223779776483	1	0	1	2.1915735845347855
250200.0	3000.0	2331.622377977904	0.0	0	237.70972188282758	2531.6223779776483	1	0	1	2.1915735845347855
251315.94594746816	3000.0	2215.676430509767	0.0	0	0.0	2531.6223779776483	1	0	1	2.1915735845347855
252381.76113339272	3000.0	2149.8612445852327	0.0	0	0.0	2531.6223779776483	1	0	1	2.1915735845347855
253200.0	2000.0	2331.622377977955	0.0	0	79.19851135989302	2531.6223779776483	1	0	1	1.3806433683184562
254200.0	2000.0	2331.6223779779766	0.0	0	239.23247557660216	2531.6223779776483	1	0	1	1.7861084764266209
255200.0	2000.0	2331.622377977984	0.0	0	365.08175596772344	2531.6223779776483	1	0	1	1.7861084764266209
256200.0	2000.0	2331.6223779779807	0.0	0	165.3028568775626	2531.6223779776483	1	0	1	1.7861084764266209
257200.0	2000.0	2331.622377977978	0.0	0	275.49394725309685	2531.6223779776483	1	0	1	1.7861084764266209
258200.0	2000.0	2331.6223779780116	0.0	0	359.3077945714467	2531.6223779776774	1	0	1	1.7861084764266175
259200.0	2000.0	2331.6223779780216	0.0	0	544.9033953882463	2531.6223779776774	1	0	1	1.7861084764266175
260200.0	2000.0	2331.6223779780435	0.0	0	182.1330870030797	2531.6223779776774	1	0	1	1.7861084764266175
261200.0	2000.0	2331.6223779780253	0.0	0	206.01868531282526	2531.6223779776774	1	0	1	1.7861084764266175
262200.0	2000.0	2331.6223779780394	0.0	0	188.4141793315357	2531.6223779776774	1	0	1	1.7861084764266175
263200.0	2000.0	2331.6223779779957	0.0	0	322.08610030595446	2531.622377977619	1	0	1	1.7861084764266237
264519.8453451336	3000.0	2011.7770328443876	0.0	0	0.0	2531.6223779776483	1	0	1	1.7861084764266217
265214.3924119451	2000.0	2317.2299660328977	0.0	0	0.0	2531.6223779776483	1	0	1	1.3806433683184562
266200.0	2000.0	2331.62237797801	0.0	0	243.78335824067472	2531.6223779777065	1	0	1	1.7861084764266142
267317.51766908634	2000.0	2214.104708891621	0.0	0	0.0	2531.6223779776483	1	0	1	1.7861084764266209
268534.41041220067	2000.0	1997.2119657772903	0.0	0	0.0	2531.6223779776483	1	0	1	1.7861084764266209
269675.6111074579	2000.0	1856.0112705200493	0.0	0	0.0	2531.6223779776483	1	0	1	1.7861084764266209
270572.60654365603	2000.0	1959.0158343219327	0.0	0	0.0	2531.6223779776483	1	0	1	1.7861084764266209
271200.0	2000.0	2331.622377977995	0.0	0	7.56217399489833	2531.6223779776483	1	0	1	1.7861084764266209
272200.0	2000.0	2331.6223779780307	0.0	0	588.1726183238206	2531.6223779776483	1	0	1	1.7861084764266209
273200.0	2000.0	2331.622377978059	0.0	0	370.04857437929604	2531.6223779777065	1	0	1	1.7861084764266142
274200.0	2000.0	2331.6223779780403	0.0	0	486.718455452763	2531.6223779777647	1	0	1	1.786108476426607
275200.0	2000.0	2331.6223779780175	0.0	0	428.12759079103125	2531.622377977823	1	0	1	1.7861084764266004
276200.0	2000.0	2331.622377977973	0.0	0	395.99346650228836	2531.622377977823	1	0	1	1.7861084764266004
277200.0	2000.0	2331.6223779779466	0.0	0	487.85128538968274	2531.622377977823	1	0	1	1.7861084764266004
278200.0	2000.0	2331.6223779780216	0.0	0	275.1058955878834	2531.622377977823	1	0	1	1.7861084764266004
279287.4107511012	3000.0	2244.211626876846	0.0	0	0.0	2531.622377977823	1	0	1	1.7861084764266006
280200.0	3000.0	2331.6223779780266	0.0	0	165.54124200250953	2531.6223779777647	1	0	1	2.191573584534772
282286.6161287061	3000.0	1245.0062492719526	0.0	0	0.0	2531.6223779777647	1	0	1	2.191573584534772
284387.1162827253	3000.0	200.0	55.49390474719516	0	0.0	2587.11628272495	1	0	1	1.8572743690874476
285692.15170997044	2000.0	384.53470453046407	489.5701317755557	0	0.0	3076.686414500873	1	0	1	-1.6399276172511494
286383.9953702674	2000.0	699.6458030919553	6.954758858488475	0	0.0	3083.641173359356	1	0	1	1.6598787758511084
287163.4489528668	2000.0	920.1922204925824	0.0	0	0.0	3083.641173359356	1	0	1	1.7016073290020393
287879.97663520544	2000.0	1203.6645381538995	0.0	0	0.0	3083.641173359356	1	0	1	1.7016073290020393
288483.6145273176	2000.0	1539.662856830472	0.0	0	0.0	3023.2773841480957	1	0	2	1.449714011260448
289261.9795489729	2000.0	1683.4613330096597	0.0	0	0.0	2945.440881982562	1	0	2	1.6458506713220555
290105.1482983913	2000.0	1755.9757086493937	0.0	0	0.0	2861.124007040751	1	0	2	1.653088097563749
290638.15194784093	2000.0	2169.671694254911	0.0	0	0.0	2807.823642095842	1	0	2	1.6938987442361728
291200.0	2000.0	2551.638836879941	0.0	0	125.16762150422437	2751.6388368799817	1	0	2	1.698260530856961
292200.0	2000.0	2451.638836879932	0.0	0	656.3823825456784	2651.6388368798653	1	0	2	1.665817999495104
293200.0	3000.0	2351.638836879996	0.0	0	302.97965028020553	2551.6388368799235	1	0	2	1.6792585308949857
294200.0	3000.0	2251.6388368799703	0.0	0	360.55099158058874	2451.6388368799817	1	0	2	2.096354275713547
295200.0	3000.0	2151.6388368800035	0.0	0	163.15330668608658	2351.6388368799817	1	0	2	2.1076553715612105
296284.51874342735	3000.0	1958.668219109971	0.0	0	0.0	2243.186962537351	1	0	2	2.110177672576368
297200.0	3000.0	1951.6388368801056	0.0	0	126.53908781555947	2151.638836880098	1	0	2	2.1350843790261678
298200.0	3000.0	1851.638836880186	0.0	0	172.73076951567782	2051.6388368801563	1	0	2	2.1342285089862347
299200.0	3000.0	1751.6388368801715	0.0	0	229.22958566067973	1951.6388368801563	1	0	2	2.1414483547457976
300681.75104998756	3000.0	1121.7126818939428	0.0	0	0.0	1803.463731881522	1	0	2	2.102539546496395
4.15	3.16	2.2	2.93	2.41	2.46	2.26	1.96	3.1	4.07	2.4	1.74	1.77	1.49	2.56	3.07	3.12	2.62	3.13	2.33	1.84	1.34	2.2	1.75	0.938	1.74	2.92	3.87	2.63	2.24	2.13	2.72	3.89	5.1	3.67	2.97	3.82	4.41	3.17	3.24	2.86	3.43	2.46	2.65	3.13	2.68	3.53	3.95	2.42	1.9	1.71	1.74	2.19	2.72	2.94	2.9	1.69	2.59	1.87	2.73	2.95	4.01	3.22	2.37	2.65	2.98	2.95	2.68	2.65	2.21	1.85	1.61	2.59	3.15	2.86	2.51	2.39	3.28	2.19	1.76	2.47	2.53	2.27	2.85	2.73	3.27	2.13	2.49	3.54	4.87	3.97	3.87	4.95	6.3	6.54	5.76	3.6	3.51	3.78	2.95	4.07	3.92	4.71	4.53	4.95	4.73	3.19	2.93	2.76	3.93	2.53	2.42	1.93	2.53	2.72	3.97	3.49	2.19	1.98	2.12	2.4	2.31	2.62	3.78	3.57	4.34	3.04	3.83	4.88	3.89	2.77	1.97	2.63	3.04	3.1	2.68	3.73	3.64	3.12	3.01	1.82	2.32	2.64	1.73	2.31	2.29	1.54	0.973	1.07	1.51	2.33	2.2	2.8	2.64	1.68	1.68	2.05	2.77	3.06	4.05	5.11	3.54	2.44	2.83	2.93	3.89	4.31	3.1	4.26	5.09	4.88	4.32	5.17	5.79	3.86	3.19	3.27	3.05	3.65	3.3	3.43	3.87	2.32	1.8	2.33	3.32	3.1	3.02	2.26	3.02	4.08	2.63	2.61	3.96	4.53	4.56	4.65	2.0	2.39	2.2	1.45	2.42	2.88	2.68	2.18	2.05	2.12	2.65	3.3	2.07	2.02	3.13	4.53	4.96	3.46	3.16	3.15	4.27	2.79	3.95	4.91	3.76	3.94	5.28	6.32	6.87	3.49	2.93	3.94	4.82	3.54	4.43	4.47	3.49	3.51	3.82	3.56	3.63	4.04	4.05	3.72	2.81	2.39	3.29	2.99	2.19	2.4	2.32	3.53	3.8	3.17	3.24	3.72	3.98	3.14	2.35	2.2	3.21	2.8	1.96	3.17	1.97	2.09	1.19	1.78	2.85	4.19	3.95	4.84	4.54	2.87	3.6	3.24	3.1	3.2	2.4	1.61	1.29	1.69	1.67	2.15	3.29	3.42	3.08	3.21	3.83	5.07	5.65	5.49	3.72	3.39	3.34	3.58	3.08	2.81	2.56	3.29
1.0	2.0	3.0	4.0	5.0	6.0	7.0	8.0	9.0	10.0	11.0	12.0	13.0	14.0	15.0	16.0	17.0	18.0	19.0	20.0	21.0	22.0	23.0	24.0	25.0	26.0	27.0	28.0	29.0	30.0	31.0	32.0	33.0	34.0	35.0	36.0	37.0	38.0	39.0	40.0	41.0	42.0	43.0	44.0	45.0	46.0	47.0	48.0	49.0	50.0	51.0	52.0	53.0	54.0	55.0	56.0	57.0	58.0	59.0	60.0	61.0	62.0	63.0	64.0	65.0	66.0	67.0	68.0	69.0	70.0	71.0	72.0	73.0	74.0	75.0	76.0	77.0	78.0	79.0	80.0	81.0	82.0	83.0	84.0	85.0	86.0	87.0	88.0	89.0	90.0	91.0	92.0	93.0	94.0	95.0	96.0	97.0	98.0	99.0	100.0	101.0	102.0	103.0	104.0	105.0	106.0	107.0	108.0	109.0	110.0	111.0	112.0	113.0	114.0	115.0	116.0	117.0	118.0	119.0	120.0	121.0	122.0	123.0	124.0	125.0	126.0	127.0	128.0	129.0	130.0	131.0	132.0	133.0	134.0	135.0	136.0	137.0	138.0	139.0	140.0	141.0	142.0	143.0	144.0	145.0	146.0	147.0	148.0	149.0	150.0	151.0	152.0	153.0	154.0	155.0	156.0	157.0	158.0	159.0	160.0	161.0	162.0	163.0	164.0	165.0	166.0	167.0	168.0	169.0	170.0	171.0	172.0	173.0	174.0	175.0	176.0	177.0	178.0	179.0	180.0	181.0	182.0	183.0	184.0	185.0	186.0	187.0	188.0	189.0	190.0	191.0	192.0	193.0	194.0	195.0	196.0	197.0	198.0	199.0	200.0	201.0	202.0	203.0	204.0	205.0	206.0	207.0	208.0	209.0	210.0	211.0	212.0	213.0	214.0	215.0	216.0	217.0	218.0	219.0	220.0	221.0	222.0	223.0	224.0	225.0	226.0	227.0	228.0	229.0	230.0	231.0	232.0	233.0	234.0	235.0	236.0	237.0	238.0	239.0	240.0	241.0	242.0	243.0	244.0	245.0	246.0	247.0	248.0	249.0	250.0	251.0	252.0	253.0	254.0	255.0	256.0	257.0	258.0	259.0	260.0	261.0	262.0	263.0	264.0	265.0	266.0	267.0	268.0	269.0	270.0	271.0	272.0	273.0	274.0	275.0	276.0	277.0	278.0	279.0	280.0	281.0	282.0	283.0	284.0	285.0	286.0	287.0	288.0	289.0	290.0	291.0	292.0	293.0	294.0	295.0	296.0	297.0
5032.714780561606
