5977.767994305514	300.0	2000.0	183.68015451099436	0	0.0	5977.767994305514	1	0	1	-1.6960339084377156
6309.066893038466	1000.0	2635.571211393754	0.0	0	0.0	5944.63810443222	1	0	2	-0.393260677013149
7471.57603990037	3000.0	2356.8111498456587	0.0	0	0.0	5828.3871897460285	1	0	2	1.5695361586552052
8676.695772954858	3000.0	2031.1794434857218	0.0	0	0.0	5707.87521644058	1	0	2	2.6801470170728803
9696.959090433462	3000.0	1908.8897942592555	0.0	0	0.0	5605.848884692718	1	0	2	2.690630662392734
10515.480201989922	3000.0	2008.5165715471508	0.0	0	0.0	5523.996773537073	1	0	2	2.699263111714903
11176.884492709763	3000.0	2280.971851755324	0.0	0	0.0	5457.856344465087	1	0	2	2.706511515098769
11920.672163610718	3000.0	2462.8054137642744	0.0	0	0.0	5383.477577374992	1	0	2	2.713206155483051
12820.814439698273	3000.0	2472.648910067963	0.0	0	0.0	5293.463349766235	1	0	2	2.721859176436895
13924.250590739583	3000.0	2258.869143922523	0.0	0	0.0	5183.119734662105	1	0	2	2.7327705003599245
15079.637952572479	3000.0	1987.9430459063374	0.0	0	0.0	5067.5809984788175	1	0	2	2.744227668834598
16058.685856279057	3000.0	2008.8951421997624	0.0	0	0.0	5067.580998478819	1	0	1	2.7471195396431867
17034.97431998823	3000.0	2032.6066784905897	0.0	0	0.0	5067.5809984788175	1	0	1	2.947119539643187
17884.144305465827	3000.0	2098.519694465229	0.0	0	0.0	4982.6639999310555	1	0	2	2.553622730506239
18475.337835729468	2000.0	2507.326164201587	0.0	0	0.0	4982.6639999310555	1	0	1	1.7419484692275515
19088.998562346318	2000.0	2893.6654375847356	0.0	0	0.0	4982.663999931054	1	0	1	2.3474135773357165
20767.95187375248	3000.0	2214.7121261785737	0.0	0	0.0	4982.6639999310555	1	0	1	2.5501461313897993
21782.621365342966	3000.0	2200.0426345880915	0.0	0	0.0	4982.663999931061	1	0	1	2.955611239497963
22560.196229562367	2000.0	2422.467770368694	0.0	0	0.0	4982.663999931061	1	0	1	1.9419484692275515
23581.29133259637	2000.0	2299.2631570312883	0.0	0	0.0	4880.554489627662	1	0	2	1.9550482874123665
25093.525017537522	2000.0	1787.0294720901363	0.0	0	0.0	4880.554489627662	1	0	1	2.1576245283660556
26016.20471576289	2000.0	1864.3497738647688	0.0	0	0.0	4880.554489627662	1	0	1	2.3576245283660557
27078.216003288588	2000.0	1802.3384863390702	0.0	0	0.0	4880.554489627662	1	0	1	2.3576245283660557
28118.595613988215	3000.0	1761.9588756394471	0.0	0	0.0	4880.554489627662	1	0	1	2.560357082420138
28904.56399281688	3000.0	1975.9904968107842	0.0	0	0.0	4880.554489627659	1	0	1	2.9658221905283035
29480.14503985581	3000.0	2400.4094497718515	0.0	0	0.0	4880.554489627659	1	0	1	2.9658221905283035
30151.01888124115	3000.0	2729.5356083865076	0.0	0	0.0	4880.554489627659	1	0	1	2.9658221905283035
31100.54927291198	3000.0	2685.052177548596	0.0	0	0.0	4785.601450460574	1	0	2	2.5725953291429575
31590.368393949193	2000.0	3195.2330565113857	0.0	0	0.0	4785.601450460577	1	0	1	1.7616547241745997
33143.44981546506	2000.0	2486.8434928439283	0.0	0	0.0	4630.293308308977	1	0	2	1.9804017354994945
34162.1990968355	3000.0	2366.219283336442	0.0	0	0.0	4528.418380171934	1	0	2	2.392975556909531
35022.06840664332	2000.0	2506.349973528627	0.0	0	0.0	4528.41838017193	1	0	1	1.7873730312034644
36301.29780677765	2000.0	2227.1205733943007	0.0	0	0.0	4528.418380171937	1	0	1	2.3928381393116287
37245.6502439635	2000.0	2282.768136208447	0.0	0	0.0	4528.41838017193	1	0	1	2.392838139311629
38006.16108397485	2000.0	2522.2572961971	0.0	0	0.0	4528.418380171934	1	0	1	2.3928381393116287
38736.98836815958	3000.0	2791.430012012364	0.0	0	0.0	4528.418380171934	1	0	1	2.595570693365711
39375.92435098612	3000.0	3152.4940291858343	0.0	0	0.0	4528.418380171934	1	0	1	3.0010358014738756
40148.458776041094	3000.0	3379.9596041308528	0.0	0	0.0	4528.418380171926	1	0	1	3.0010358014738765
40949.401626615414	3000.0	3579.0167535565383	0.0	0	0.0	4528.418380171926	1	0	1	3.0010358014738765
41623.719549990594	2000.0	3904.6988301813562	0.0	0	0.0	4528.418380171926	1	0	1	1.9873730312034648
43112.12099918416	2000.0	3267.4572360684415	0.0	0	0.0	4379.578235252571	1	0	2	2.003862193716625
44545.61380738605	2000.0	2690.61514704637	0.0	0	0.0	4236.228954432387	1	0	2	2.217761256940652
45861.73999197897	2000.0	2242.876343994164	0.0	0	0.0	4104.6163359731	1	0	2	2.2318110429085563
47197.747754383585	2000.0	1773.2678053490808	0.0	0	0.0	3971.01555973263	1	0	2	2.2453419474508123
48031.44266166686	2000.0	1856.2034073374823	0.0	0	0.0	3887.6460690043023	1	0	2	2.254927650215818
48905.19877805537	2000.0	1895.071679310126	0.0	0	0.0	3800.2704573654555	1	0	2	2.263616895822204
50174.48624847806	3000.0	1498.8554618451647	0.0	0	0.0	3673.3417103231914	1	0	2	2.4775003938156317
51777.25483029602	3000.0	896.0868800272016	0.0	0	0.0	3673.341710323184	1	0	1	2.8865434684587505
52718.47992492427	3000.0	954.8617853989616	0.0	0	0.0	3673.341710323184	1	0	1	3.0865434684587507
53690.58091771819	3000.0	982.7607926050496	0.0	0	0.0	3673.341710323184	1	0	1	3.0865434684587507
54577.86852042706	3000.0	1095.4731898961859	0.0	0	0.0	3673.341710323184	1	0	1	3.0865434684587507
55241.53878288974	3000.0	1431.8029274335124	0.0	0	0.0	3673.3417103231914	1	0	1	3.08654346845875
56041.70089598219	3000.0	1631.6408143410604	0.0	0	0.0	3673.3417103231914	1	0	1	3.08654346845875
56818.683189622	3000.0	1854.6585207012458	0.0	0	0.0	3673.3417103231914	1	0	1	3.08654346845875
57551.2590084581	3000.0	2122.0827018651453	0.0	0	0.0	3673.3417103231986	1	0	1	3.086543468458749
58392.12730730189	3000.0	2281.2144030213567	0.0	0	0.0	3673.3417103231986	1	0	1	3.086543468458749
59440.95360498809	3000.0	2232.3881053351433	0.0	0	0.0	3673.3417103231914	1	0	1	3.08654346845875
60336.42019145486	3000.0	2336.9215188683706	0.0	0	0.0	3673.3417103231914	1	0	1	3.08654346845875
61283.616361027984	3000.0	2389.7253492952514	0.0	0	0.0	3673.341710323184	1	0	1	3.0865434684587507
62686.855022315875	3000.0	1986.4866880073619	0.0	0	0.0	3673.341710323184	1	0	1	3.0865434684587507
63557.03980214211	3000.0	2116.3019081811244	0.0	0	0.0	3673.341710323184	1	0	1	3.0865434684587507
64484.18259874909	3000.0	2189.159111574148	0.0	0	0.0	3673.341710323184	1	0	1	3.0865434684587507
65470.69040014328	3000.0	2202.6513101799646	0.0	0	0.0	3673.341710323184	1	0	1	3.0865434684587507
66174.92658945455	3000.0	2498.41512086868	0.0	0	0.0	3673.341710323177	1	0	1	3.086543468458751
66667.05842798746	3000.0	3006.2832823357658	0.0	0	0.0	3673.3417103231695	1	0	1	3.0865434684587516
67406.1782970993	3000.0	3267.1634132239287	0.0	0	0.0	3673.3417103231623	1	0	1	3.0865434684587525
68273.98538161433	3000.0	3399.356328708879	0.0	0	0.0	3673.3417103231477	1	0	1	3.0865434684587534
69200.0	2000.0	3473.3417103232064	0.0	0	201.81571930965583	3673.3417103231477	1	0	1	2.072880698188343
70348.01524632011	2000.0	3210.5249393710797	0.0	0	0.0	3558.5401856911194	1	0	2	2.087169573865196
71366.86639256055	2000.0	3089.7886785066084	0.0	0	0.0	3456.6550710670854	1	0	2	2.2974402173532806
72200.0	2000.0	3256.6550710671604	0.0	0	63.33386996679474	3456.6550710670854	1	0	1	2.3000144702221132
73283.7457585166	2000.0	3172.9093125505524	0.0	0	0.0	3456.6550710671	1	0	1	2.500014470222112
74301.48074296411	2000.0	3155.174328103051	0.0	0	0.0	3456.6550710671	1	0	1	2.500014470222112
75890.97072606247	3000.0	2565.684345004693	0.0	0	0.0	3456.6550710671	1	0	1	2.702747024276195
77019.58177355069	3000.0	2437.07329751648	0.0	0	0.0	3456.6550710671145	1	0	1	3.1082121323843577
78064.89377005758	3000.0	2391.7613010096065	0.0	0	0.0	3456.6550710671145	1	0	1	3.1082121323843577
78982.08049194384	3000.0	2474.574579123332	0.0	0	0.0	3456.6550710671145	1	0	1	3.1082121323843577
79591.54425191923	3000.0	2865.1108191479243	0.0	0	0.0	3456.6550710671145	1	0	1	3.1082121323843577
80372.45429871547	3000.0	3084.2007723516854	0.0	0	0.0	3456.6550710671145	1	0	1	3.1082121323843577
81200.0	3000.0	3256.6550710671545	0.0	0	87.58247352838225	3456.6550710671145	1	0	1	3.1082121323843577
82200.0	3000.0	3256.655071067163	0.0	0	375.5211431051139	3456.655071067129	1	0	1	3.108212132384356
83200.0	3000.0	3256.655071067157	0.0	0	355.79789809059	3456.655071067129	1	0	1	3.108212132384356
84200.0	3000.0	3256.6550710671527	0.0	0	591.8384842686355	3456.655071067129	1	0	1	3.108212132384356
85200.0	3000.0	3256.6550710671568	0.0	0	369.4683128473407	3456.655071067129	1	0	1	3.108212132384356
86200.0	3000.0	3256.6550710671563	0.0	0	180.83672395763278	3456.655071067129	1	0	1	3.108212132384356
87284.42492616887	3000.0	3172.2301448982716	0.0	0	0.0	3456.655071067129	1	0	1	3.108212132384356
88200.0	3000.0	3256.6550710671377	0.0	0	205.09425340827147	3456.6550710671436	1	0	1	3.108212132384355
89200.0	3000.0	3256.655071067155	0.0	0	203.5500087631517	3456.655071067158	1	0	1	3.1082121323843532
90200.0	3000.0	3256.6550710671595	0.0	0	225.56013989757048	3456.655071067158	1	0	1	3.1082121323843532
91200.0	3000.0	3256.6550710671645	0.0	0	193.75156722508837	3456.655071067158	1	0	1	3.1082121323843532
92200.0	3000.0	3256.6550710671854	0.0	0	198.9526228307659	3456.655071067158	1	0	1	3.1082121323843532
93200.0	2000.0	3156.655071067197	0.0	0	102.03510408755392	3356.655071067158	1	0	2	1.701618254679703
94200.0	2000.0	3156.6550710671886	0.0	0	338.6185721085494	3356.655071067158	1	0	1	2.310014470222106
95200.0	3000.0	3156.6550710671854	0.0	0	42.52330308810633	3356.655071067158	1	0	1	2.7127470242761884
96200.0	3000.0	3156.65507106719	0.0	0	232.3900842236617	3356.6550710671727	1	0	1	3.118212132384352
97718.76148393402	3000.0	2637.8935871331723	0.0	0	0.0	3356.6550710671727	1	0	1	3.118212132384352
99130.64213081954	3000.0	2226.012940247639	0.0	0	0.0	3356.6550710671727	1	0	1	3.118212132384352
100101.60234809938	3000.0	2255.0527229678055	0.0	0	0.0	3356.6550710671872	1	0	1	3.1182121323843504
100859.83260681723	3000.0	2496.8224642499363	0.0	0	0.0	3356.6550710671872	1	0	1	3.1182121323843504
101961.2578621673	3000.0	2395.397208899854	0.0	0	0.0	3356.6550710671872	1	0	1	3.1182121323843504
102772.99387266976	2000.0	2583.661198397408	0.0	0	0.0	3356.6550710671872	1	0	1	2.104549362113939
103490.71024900617	2000.0	2865.9448220610007	0.0	0	0.0	3356.6550710671872	1	0	1	2.5100144702221034
104200.0	2000.0	3156.655071067169	0.0	0	93.89631811904837	3356.6550710671727	1	0	1	2.5100144702221048
105276.80139760244	2000.0	3079.8536734647373	0.0	0	0.0	3356.6550710671872	1	0	1	2.5100144702221034
106972.59591126021	3000.0	2384.0591598069595	0.0	0	0.0	3356.6550710671727	1	0	1	2.7127470242761875
108185.66153861921	3000.0	2170.9935324479516	0.0	0	0.0	3356.6550710671727	1	0	1	3.118212132384352
109200.32830980075	2000.0	2156.3267612664126	0.0	0	0.0	3356.6550710671727	1	0	1	2.10454936211394
110073.78454687068	3000.0	2282.87052419649	0.0	0	0.0	3356.6550710671727	1	0	1	2.7127470242761875
111148.0542010364	3000.0	2208.6008700307693	0.0	0	0.0	3356.6550710671727	1	0	1	3.118212132384352
112635.55221810706	3000.0	1721.1028529601122	0.0	0	0.0	3356.6550710671727	1	0	1	3.118212132384352
113727.53187637898	3000.0	1629.1231946881858	0.0	0	0.0	3356.6550710671727	1	0	1	3.118212132384352
114487.73836250657	3000.0	1868.9167085605995	0.0	0	0.0	3356.6550710671872	1	0	1	3.1182121323843504
115271.59046179036	3000.0	2085.064609276802	0.0	0	0.0	3356.6550710671872	1	0	1	3.1182121323843504
115842.1727883615	3000.0	2514.482282705669	0.0	0	0.0	3356.6550710671872	1	0	1	3.1182121323843504
116661.5750136797	3000.0	2695.080057387483	0.0	0	0.0	3356.6550710671872	1	0	1	3.1182121323843504
117967.31931469082	3000.0	2389.3357563763734	0.0	0	0.0	3356.6550710671872	1	0	1	3.1182121323843504
119257.58680028719	3000.0	2099.068270779987	0.0	0	0.0	3356.6550710671872	1	0	1	3.1182121323843504
120177.40524042437	3000.0	2179.249830642818	0.0	0	0.0	3356.6550710671872	1	0	1	3.1182121323843504
121412.0411624487	3000.0	1944.6139086184796	0.0	0	0.0	3356.6550710671872	1	0	1	3.1182121323843504
122000.63718192233	3000.0	2356.0178891448572	0.0	0	0.0	3356.6550710671872	1	0	1	3.1182121323843504
122891.1507089082	3000.0	2465.504362158982	0.0	0	0.0	3356.6550710671872	1	0	1	3.1182121323843504
124066.35702170743	3000.0	2290.2980493597493	0.0	0	0.0	3356.6550710671872	1	0	1	3.1182121323843504
124809.81821142879	3000.0	2546.8368596383893	0.0	0	0.0	3356.6550710671727	1	0	1	3.118212132384352
126017.25865964571	3000.0	2218.652366599774	0.0	0	0.0	3235.9110262454633	1	0	2	2.7271307703658807
126833.0962654125	3000.0	2402.8147608329796	0.0	0	0.0	3235.9110262454633	1	0	1	2.9302865368665225
127554.50919644868	3000.0	2681.4018297968	0.0	0	0.0	3235.911026245478	1	0	1	3.130286536866521
128336.61614964355	3000.0	2899.2948766019244	0.0	0	0.0	3235.911026245478	1	0	1	3.130286536866521
129311.71975072622	3000.0	2924.1912755192625	0.0	0	0.0	3235.911026245478	1	0	1	3.130286536866521
130200.0	3000.0	3035.9110262454737	0.0	0	223.17970078070357	3235.911026245478	1	0	1	3.130286536866521
131619.81938415632	3000.0	2616.091642089131	0.0	0	0.0	3235.9110262454633	1	0	1	3.1302865368665214
132841.40004897595	3000.0	2394.5109772695087	0.0	0	0.0	3235.9110262454924	1	0	1	3.130286536866521
133927.83929303277	3000.0	2308.0717332127083	0.0	0	0.0	3235.911026245536	1	0	1	3.1302865368665174
134558.42975206423	3000.0	2677.481274181265	0.0	0	0.0	3235.911026245536	1	0	1	3.1302865368665156
135634.14391110418	3000.0	2601.767115141309	0.0	0	0.0	3235.911026245536	1	0	1	3.1302865368665156
136876.1414856318	3000.0	2359.769540613688	0.0	0	0.0	3235.911026245536	1	0	1	3.1302865368665156
137386.17746616784	2000.0	2849.733560077653	0.0	0	0.0	3235.911026245565	1	0	1	2.116623766596101
138200.0	2000.0	3035.911026245497	0.0	0	69.16147123617702	3235.911026245565	1	0	1	2.5220888747042656
139200.0	2000.0	3035.911026245493	0.0	0	11.058300342352595	3235.911026245565	1	0	1	2.5220888747042656
140381.01961970335	2000.0	2854.891406542134	0.0	0	0.0	3235.911026245565	1	0	1	2.5220888747042656
141768.72466609656	2000.0	2467.186360148902	0.0	0	0.0	3235.911026245565	1	0	1	2.5220888747042656
143106.9128776098	2000.0	2128.9981486356196	0.0	0	0.0	3235.911026245536	1	0	1	2.5220888747042687
143804.2004019876	2000.0	2431.7106242578184	0.0	0	0.0	3235.911026245536	1	0	1	2.5220888747042687
144566.1895179675	2000.0	2669.7215082779308	0.0	0	0.0	3235.911026245507	1	0	1	2.5220888747042713
145473.45020455314	3000.0	2762.46082169226	0.0	0	0.0	3235.911026245478	1	0	1	2.7248214287583563
147065.18997587817	3000.0	2170.721050367259	0.0	0	0.0	3235.911026245478	1	0	1	3.130286536866521
148173.54481023448	2000.0	2062.3662160109184	0.0	0	0.0	3235.911026245507	1	0	1	2.1166237665961067
148868.27116219938	2000.0	2367.639864046015	0.0	0	0.0	3235.911026245507	1	0	1	2.5220888747042713
150086.81322955305	3000.0	2149.09779669236	0.0	0	0.0	3235.911026245507	1	0	1	2.7248214287583536
151237.30345515962	3000.0	1998.607571085809	0.0	0	0.0	3235.911026245507	1	0	1	3.1302865368665183
152298.06586115801	2000.0	1937.8451650873922	0.0	0	0.0	3235.911026245478	1	0	1	2.1166237665961094
153215.67250581903	2000.0	2020.238520426353	0.0	0	0.0	3235.911026245478	1	0	1	2.522088874704274
154883.33675639066	3000.0	1185.8078447975295	0.0	0	0.0	3069.144601188309	1	0	2	2.3372186645145465
156437.0411760652	3000.0	632.1034251230288	0.0	0	0.0	3069.144601188309	1	0	1	2.9469631793722377
157250.77444085293	3000.0	818.3701603352924	0.0	0	0.0	3069.144601188309	1	0	1	3.146963179372238
158073.13173787278	3000.0	996.0128633154363	0.0	0	0.0	3069.144601188338	1	0	1	3.1469631793722352
158900.79239911636	3000.0	1168.35220207188	0.0	0	0.0	3069.144601188338	1	0	1	3.1469631793722352
159624.328035536	3000.0	1444.8165656522383	0.0	0	0.0	3069.144601188309	1	0	1	3.146963179372238
160185.67377928927	3000.0	1883.470821898999	0.0	0	0.0	3069.144601188309	1	0	1	3.146963179372238
161015.30995186185	3000.0	2053.834649326409	0.0	0	0.0	3069.144601188309	1	0	1	3.146963179372238
162098.4486245107	3000.0	1970.695976677607	0.0	0	0.0	3069.144601188338	1	0	1	3.1469631793722352
163108.94168748235	3000.0	1960.2029137059797	0.0	0	0.0	3069.144601188338	1	0	1	3.1469631793722352
164630.18976716185	3000.0	1438.9548340264803	0.0	0	0.0	3069.144601188338	1	0	1	3.1469631793722352
165788.93411752334	3000.0	1280.2104836649628	0.0	0	0.0	3069.1446011883672	1	0	1	3.1469631793722344
166485.38077530556	3000.0	1583.7638258827405	0.0	0	0.0	3069.1446011883672	1	0	1	3.1469631793722326
167128.01088947698	3000.0	1941.1337117112905	0.0	0	0.0	3069.1446011883672	1	0	1	3.1469631793722326
167554.13789680018	2000.0	2515.0067043880604	0.0	0	0.0	3069.144601188338	1	0	1	2.1333004091018237
168540.51634004447	2000.0	2528.628261143799	0.0	0	0.0	3069.144601188338	1	0	1	2.5387655172099883
169642.18117782174	2000.0	2426.9634233665597	0.0	0	0.0	3069.144601188338	1	0	1	2.538765517209986
170392.08344645778	2000.0	2677.0611547305302	0.0	0	0.0	3069.144601188338	1	0	1	2.5387655172099883
171200.0	2000.0	2869.1446011883	0.0	0	162.07220597815467	3069.144601188338	1	0	1	2.5387655172099883
172200.0	2000.0	2869.1446011882917	0.0	0	267.1420386801474	3069.1446011883672	1	0	1	2.5387655172099866
174117.69229640742	2000.0	1951.452304780884	0.0	0	0.0	3069.144601188338	1	0	1	2.5387655172099866
175478.1488225995	2000.0	1590.995778588809	0.0	0	0.0	3069.144601188338	1	0	1	2.5387655172099883
176214.5489357555	2000.0	1854.5956654327927	0.0	0	0.0	3069.144601188309	1	0	1	2.538765517209991
177207.2561225958	3000.0	1861.888478592499	0.0	0	0.0	3069.14460118828	1	0	1	2.741498071264077
178113.05184218055	3000.0	1956.0927590077779	0.0	0	0.0	3069.14460118828	1	0	1	3.1469631793722415
178970.78310431293	3000.0	2098.3614968753727	0.0	0	0.0	3069.144601188251	1	0	1	3.1469631793722437
180032.20831084126	3000.0	2036.9362903470296	0.0	0	0.0	3069.144601188251	1	0	1	3.146963179372244
180401.3389429766	1000.0	2667.8056582116765	0.0	0	0.0	3069.144601188251	1	0	1	0.40043245770196945
182043.39651514374	2000.0	1861.542328827835	0.0	0	0.0	2904.938843971526	1	0	2	1.4590545066507077
182932.31695426366	2000.0	1972.621889707921	0.0	0	0.0	2904.938843971526	1	0	1	2.3551860929316693
183511.37675367953	2000.0	2393.5620902920627	0.0	0	0.0	2904.938843971526	1	0	1	2.5551860929316694
184462.3770998567	2000.0	2442.5617441148747	0.0	0	0.0	2904.938843971526	1	0	1	2.5551860929316694
185677.32740588527	2000.0	2227.611438086346	0.0	0	0.0	2904.938843971584	1	0	1	2.555186092931666
186437.14530311784	2000.0	2467.7935408537505	0.0	0	0.0	2904.938843971584	1	0	1	2.555186092931664
187367.22446216244	3000.0	2537.7143818091595	0.0	0	0.0	2904.938843971555	1	0	1	2.757918646985749
188200.0	3000.0	2704.93884397159	0.0	0	195.57337111703237	2904.938843971584	1	0	1	3.163383755093911
189200.0	3000.0	2704.938843971626	0.0	0	433.4135556256806	2904.938843971584	1	0	1	3.163383755093911
190200.0	2000.0	2704.9388439716568	0.0	0	296.06170512284734	2904.938843971584	1	0	1	2.1497209848234995
191215.15455944795	2000.0	2689.784284523662	0.0	0	0.0	2904.938843971584	1	0	1	2.555186092931664
192200.0	1000.0	2704.9388439715885	0.0	0	432.09790624739253	2904.938843971613	1	0	1	0.8223181415317978
194026.68257771488	2000.0	1878.256266256692	0.0	0	0.0	2904.938843971613	1	0	1	1.8620389123717154
195497.1124466375	2000.0	1407.826397334096	0.0	0	0.0	2904.938843971584	1	0	1	2.555186092931664
196500.9192316115	2000.0	1404.0196123600736	0.0	0	0.0	2904.938843971613	1	0	1	2.5551860929316605
197619.41519320753	2000.0	1285.52365076403	0.0	0	0.0	2904.938843971613	1	0	1	2.5551860929316605
198576.33983261275	2000.0	1328.5990113588293	0.0	0	0.0	2904.938843971613	1	0	1	2.5551860929316605
199940.6152943259	3000.0	964.3235496456734	0.0	0	0.0	2904.938843971613	1	0	1	2.757918646985743
201481.6386028413	3000.0	423.30024113026155	0.0	0	0.0	2904.938843971613	1	0	1	3.1633837550939075
202660.03791094653	3000.0	375.5941135585922	130.6931805335298	0	0.0	3035.6320245051465	1	0	1	2.3661553538393756
203660.78598369757	3000.0	472.6589896328363	97.8129488252597	0	0.0	3133.444973330421	1	0	1	2.5536554492064685
204376.09578855452	3000.0	757.349184775876	0.0	0	0.0	3133.444973330421	1	0	1	3.1405331421580267
205133.52028334665	3000.0	999.924689983711	0.0	0	0.0	3133.444973330421	1	0	1	3.1405331421580267
205766.95673537685	3000.0	1366.4882379534972	0.0	0	0.0	3133.444973330392	1	0	1	3.1405331421580303
206553.24616268591	3000.0	1580.1988106444487	0.0	0	0.0	3133.444973330392	1	0	1	3.1405331421580303
207231.01167719945	2000.0	1902.433296130898	0.0	0	0.0	3133.4449733303627	1	0	1	2.1268703718876214
207871.78535295848	3000.0	2197.5822527959854	0.0	0	0.0	3069.3676057544653	1	0	2	2.339597318246011
208560.3368653336	3000.0	2509.030740420845	0.0	0	0.0	3069.3676057544653	1	0	1	2.9469408789156226
209438.98937346062	3000.0	2630.3782322937936	0.0	0	0.0	3069.3676057544653	1	0	1	3.146940878915623
210655.86624567	3000.0	2413.5013600844127	0.0	0	0.0	3069.3676057544653	1	0	1	3.146940878915623
211744.49048340428	3000.0	2324.8771223501485	0.0	0	0.0	3069.3676057544944	1	0	1	3.1469408789156192
212640.089484723	3000.0	2429.2781210314006	0.0	0	0.0	3069.3676057544944	1	0	1	3.1469408789156192
213271.48363740614	3000.0	2797.8839683482597	0.0	0	0.0	3069.3676057544944	1	0	1	3.1469408789156192
214200.0	3000.0	2869.3676057543894	0.0	0	289.67513343534665	3069.3676057544944	1	0	1	3.1469408789156192
215200.0	3000.0	2869.367605754411	0.0	0	405.9531216072792	3069.3676057544944	1	0	1	3.1469408789156192
216200.0	3000.0	2869.3676057543967	0.0	0	152.04684999736492	3069.3676057544944	1	0	1	3.1469408789156192
217200.0	2000.0	2869.367605754406	0.0	0	530.1448844859842	3069.3676057544944	1	0	1	2.1332781086452077
218200.0	2000.0	2869.367605754417	0.0	0	253.98215924107353	3069.3676057545235	1	0	1	2.5387432167533697
219436.5466963382	2000.0	2632.820909416231	0.0	0	0.0	3069.3676057545235	1	0	1	2.5387432167533697
220387.268023477	2000.0	2682.099582277434	0.0	0	0.0	3069.3676057545235	1	0	1	2.5387432167533697
221200.0	2000.0	2869.367605754409	0.0	0	103.20147248238209	3069.3676057544944	1	0	1	2.5387432167533723
222542.65558843513	2000.0	2526.7120173192875	0.0	0	0.0	3069.3676057545235	1	0	1	2.5387432167533697
223928.01513786867	2000.0	2141.352467885764	0.0	0	0.0	3069.3676057545817	1	0	1	2.5387432167533657
225663.8125443604	3000.0	1405.5550613940372	0.0	0	0.0	3069.3676057545817	1	0	1	2.7414757708074466
226853.430245142	3000.0	1215.9373606124532	0.0	0	0.0	3069.3676057545817	1	0	1	3.1469408789156113
227869.3698306994	3000.0	1199.997775055053	0.0	0	0.0	3069.3676057545817	1	0	1	3.1469408789156113
228780.1020499339	3000.0	1289.2655558205302	0.0	0	0.0	3069.3676057545526	1	0	1	3.146940878915614
229319.6697111301	3000.0	1749.69789462435	0.0	0	0.0	3069.3676057545817	1	0	1	3.1469408789156113
229850.10789301078	3000.0	2219.259712743674	0.0	0	0.0	3069.3676057545817	1	0	1	3.1469408789156113
230641.99103435985	3000.0	2427.3765713945927	0.0	0	0.0	3069.3676057545817	1	0	1	3.1469408789156113
231200.0	3000.0	2869.367605754433	0.0	0	36.401180641085375	3069.3676057545817	1	0	1	3.1469408789156113
232200.0	3000.0	2869.3676057544176	0.0	0	378.16651443610317	3069.3676057545817	1	0	1	3.1469408789156113
233200.0	3000.0	2869.367605754422	0.0	0	289.110754254536	3069.3676057545817	1	0	1	3.1469408789156113
234200.0	3000.0	2869.3676057544035	0.0	0	202.48335800031782	3069.3676057545817	1	0	1	3.1469408789156113
235231.1214191767	3000.0	2838.2461865777095	0.0	0	0.0	3069.367605754611	1	0	1	3.1469408789156077
236200.0	3000.0	2869.3676057544253	0.0	0	43.78234912038897	3069.36760575464	1	0	1	3.146940878915605
237200.0	3000.0	2869.3676057544344	0.0	0	90.50249467621325	3069.367605754669	1	0	1	3.1469408789156024
238238.66749268147	3000.0	2830.700113072976	0.0	0	0.0	3069.367605754698	1	0	1	3.1469408789155997
239200.0	3000.0	2869.367605754445	0.0	0	177.01357972054393	3069.367605754698	1	0	1	3.146940878915599
240200.0	2000.0	2869.3676057544412	0.0	0	390.71856258501066	3069.367605754698	1	0	1	2.1332781086451877
241200.0	3000.0	2869.3676057544512	0.0	0	129.2857628671045	3069.367605754698	1	0	1	2.741475770807435
242213.87265111777	3000.0	2855.494954636686	0.0	0	0.0	3069.3676057547273	1	0	1	3.146940878915596
243248.56516625982	3000.0	2820.8024394946256	0.0	0	0.0	3069.3676057547273	1	0	1	3.146940878915596
244200.0	3000.0	2869.36760575444	0.0	0	55.22372782998718	3069.3676057547273	1	0	1	3.146940878915596
245524.3237076649	3000.0	2545.043898089533	0.0	0	0.0	3069.3676057547564	1	0	1	3.1469408789155935
246763.58766782875	2000.0	2305.7799379257003	0.0	0	0.0	3069.3676057547855	1	0	1	2.133278108645179
247701.15638939038	2000.0	2368.2112163640895	0.0	0	0.0	3069.3676057547855	1	0	1	2.5387432167533435
248573.21708578928	3000.0	2496.150519965201	0.0	0	0.0	3069.3676057547855	1	0	1	2.741475770807426
249200.0	2000.0	2869.3676057544726	0.0	0	169.31734208157286	3069.3676057548146	1	0	1	2.133278108645176
250200.0	2000.0	2869.3676057545053	0.0	0	467.8486893903173	3069.3676057548146	1	0	1	2.538743216753341
251200.0	2000.0	2869.3676057545035	0.0	0	136.7030278548773	3069.3676057548146	1	0	1	2.538743216753341
252298.6986624573	2000.0	2770.6689432972025	0.0	0	0.0	3069.3676057548146	1	0	1	2.538743216753341
253200.0	2000.0	2869.367605754465	0.0	0	218.95297982325428	3069.3676057548146	1	0	1	2.538743216753341
254235.8631192504	2000.0	2833.504486504051	0.0	0	0.0	3069.3676057548437	1	0	1	2.538743216753338
255200.0	2000.0	2869.3676057544767	0.0	0	63.81845845977659	3069.367605754873	1	0	1	2.5387432167533346
256825.2647132669	3000.0	2244.102892487594	0.0	0	0.0	3069.367605754873	1	0	1	2.7414757708074173
258328.16505635215	3000.0	1741.2025494023558	0.0	0	0.0	3069.367605754873	1	0	1	3.146940878915582
259414.23633845817	3000.0	1655.1312672963943	0.0	0	0.0	3069.367605754873	1	0	1	3.146940878915582
260773.3985252426	3000.0	1295.9690805119517	0.0	0	0.0	3069.367605754873	1	0	1	3.1469408789155793
262151.20122979593	3000.0	918.1663759586474	0.0	0	0.0	3069.367605754873	1	0	1	3.146940878915582
262881.26468052855	3000.0	1188.1029252260112	0.0	0	0.0	3069.3676057548437	1	0	1	3.1469408789155855
263662.008618292	3000.0	1407.358987462599	0.0	0	0.0	3069.367605754873	1	0	1	3.14694087891558
264252.6263434769	3000.0	1816.7412622776885	0.0	0	0.0	3069.3676057548437	1	0	1	3.146940878915583
264765.26959755615	3000.0	2304.098008198462	0.0	0	0.0	3069.367605754873	1	0	1	3.146940878915582
265415.75026008626	3000.0	2653.617345668327	0.0	0	0.0	3069.367605754873	1	0	1	3.146940878915581
266705.23536546616	3000.0	2364.132240288488	0.0	0	0.0	3069.367605754931	1	0	1	3.146940878915576
268114.6129655855	3000.0	1954.7546401691825	0.0	0	0.0	3069.367605754873	1	0	1	3.1469408789155793
268943.4133604289	3000.0	2125.954245325789	0.0	0	0.0	3069.367605754873	1	0	1	3.146940878915582
269728.1821331064	3000.0	2341.1854726482766	0.0	0	0.0	3069.367605754873	1	0	1	3.1469408789155864
270807.3733151132	3000.0	2261.9942906414954	0.0	0	0.0	3069.367605754873	1	0	1	3.146940878915582
271764.80562308215	3000.0	2304.56198267245	0.0	0	0.0	3069.367605754873	1	0	1	3.146940878915582
272504.19570842263	3000.0	2565.171897331915	0.0	0	0.0	3069.367605754873	1	0	1	3.146940878915582
273600.4740534184	3000.0	2468.8935523362156	0.0	0	0.0	3069.367605754873	1	0	1	3.146940878915582
274623.35080599436	3000.0	2446.0167997602375	0.0	0	0.0	3069.367605754873	1	0	1	3.146940878915582
275501.00829439727	3000.0	2568.3593113573506	0.0	0	0.0	3069.367605754873	1	0	1	3.146940878915582
276244.90139054094	3000.0	2824.466215213718	0.0	0	0.0	3069.367605754931	1	0	1	3.146940878915576
277200.0	3000.0	2869.367605754669	0.0	0	250.88191347941756	3069.367605754931	1	0	1	3.146940878915576
278200.0	3000.0	2869.3676057546804	0.0	0	330.05200742941815	3069.367605754931	1	0	1	3.146940878915576
279200.0	3000.0	2869.367605754703	0.0	0	19.59808167157462	3069.367605754989	1	0	1	3.14694087891557
280200.0	3000.0	2869.367605754766	0.0	0	139.08579493069556	3069.367605754931	1	0	1	3.146940878915575
281602.9196838669	3000.0	2466.4479218879246	0.0	0	0.0	3069.367605754931	1	0	1	3.146940878915576
282544.3435434843	3000.0	2525.0240622705765	0.0	0	0.0	3069.367605754989	1	0	1	3.14694087891557
283298.10940095637	3000.0	2771.2582047984347	0.0	0	0.0	3069.367605754989	1	0	1	3.14694087891557
284233.61254089023	3000.0	2835.755064864662	0.0	0	0.0	3069.367605754989	1	0	1	3.14694087891557
285200.0	3000.0	2869.3676057549324	0.0	0	195.0385422882391	3069.367605754989	1	0	1	3.14694087891557
286252.2252437152	3000.0	2817.1423620397395	0.0	0	0.0	3069.367605754989	1	0	1	3.14694087891557
287200.0	3000.0	2869.3676057549746	0.0	0	227.8574945628643	3069.367605754989	1	0	1	3.14694087891557
288200.0	2000.0	2869.367605754972	0.0	0	168.2888596173725	3069.367605754989	1	0	1	2.1332781086451584
289267.9799854624	2000.0	2801.38762029262	0.0	0	0.0	3069.367605754989	1	0	1	2.538743216753323
290986.0888072258	2000.0	2083.2787985292043	0.0	0	0.0	3069.367605754931	1	0	1	2.5387432167533257
292038.14639329625	2000.0	2031.2212124587595	0.0	0	0.0	3069.367605754873	1	0	1	2.5387432167533333
292667.9473386305	2000.0	2401.4202671245007	0.0	0	0.0	3069.367605754931	1	0	1	2.5387432167533293
293640.08341163787	3000.0	2429.284194117163	0.0	0	0.0	3069.367605754931	1	0	1	2.7414757708074116
294303.3452916254	3000.0	2766.022314129583	0.0	0	0.0	3069.367605754931	1	0	1	3.146940878915576
295300.6740775094	3000.0	2768.693528245651	0.0	0	0.0	3069.367605754931	1	0	1	3.146940878915576
296733.1847662484	3000.0	2336.18283950664	0.0	0	0.0	3069.367605754989	1	0	1	3.14694087891557
297944.65339411556	3000.0	2124.71421163943	0.0	0	0.0	3069.367605754931	1	0	1	3.146940878915576
298975.10140244715	3000.0	2094.266203307875	0.0	0	0.0	3069.367605754989	1	0	1	3.14694087891557
299897.9181872542	3000.0	2171.4494185008334	0.0	0	0.0	3069.3676057550474	1	0	1	3.146940878915568
301211.9228029442	3000.0	1857.4448028108395	0.0	0	0.0	3069.3676057550474	1	0	1	3.1469408789155646
2.53	2.37	2.92	3.67	4.42	5.26	3.28	2.42	2.73	2.7	2.88	3.61	3.83	2.28	2.22	2.72	3.22	2.11	1.16	1.29	2.11	2.9	3.86	4.58	4.22	3.16	0.79	2.8	2.83	1.7	2.11	2.93	3.85	4.54	3.57	2.59	1.87	1.74	1.3	1.51	1.61	2.11	2.56	2.78	2.36	2.05	2.54	3.13	4.18	4.78	4.62	4.07	4.19	3.43	2.92	3.07	2.72	2.7	3.58	4.29	5.28	4.65	3.24	1.31	1.8	2.55	2.61	1.37	2.04	1.68	1.99	2.77	3.6	4.47	4.74	4.82	5.24	6.08	5.44	3.54	4.11	3.71	3.34	4.04	3.64	3.65	1.99	2.76	2.2	3.05	2.8	1.54	1.98	2.92	3.42	2.58	2.95	2.12	3.48	1.88	1.75	1.89	2.27	2.27	3.05	2.47	2.55	3.1	3.98	4.92	3.6	2.92	2.54	2.9	3.07	3.31	4.15	3.26	3.2	3.01	3.24	3.22	3.79	4.1	3.22	2.66	3.05	3.61	4.15	3.48	3.06	3.66	3.07	2.36	2.26	1.3	1.81	2.46	3.31	4.25	2.48	1.49	2.21	3.04	3.7	1.59	2.22	2.4	2.2	3.2	2.53	2.37	2.92	3.67	4.42	5.26	3.28	2.42	2.73	2.7	2.88	3.61	3.83	2.28	2.22	2.72	3.22	2.11	1.16	1.29	2.11	2.9	3.86	4.58	4.22	3.16	0.79	2.8	2.83	1.7	2.11	2.93	3.85	4.54	3.57	2.59	1.87	1.74	1.3	1.51	1.61	2.11	2.56	2.78	2.36	2.05	2.54	3.13	4.18	4.78	4.62	4.07	4.19	3.43	2.92	3.07	2.72	2.7	3.58	4.29	5.28	4.65	3.24	1.31	1.8	2.55	2.61	1.37	2.04	1.68	1.99	2.77	3.6	4.47	4.74	4.82	5.24	6.08	5.44	3.54	4.11	3.71	3.34	4.04	3.64	3.65	1.99	2.76	2.2	3.05	2.8	1.54	1.98	2.92	3.42	2.58	2.95	2.12	3.48	1.88	1.75	1.89	2.27	2.27	3.05	2.47	2.55	3.1	3.98	4.92	3.6	2.92	2.54	2.9	3.07	3.31	4.15	3.26	3.2	3.01	3.24	3.22	3.79	4.1	3.22	2.66	3.05	3.61	4.15	3.48	3.06	3.66	3.07	2.36	2.26	1.3	1.81	2.46	3.31	4.25	2.48	1.49	2.21	3.04	3.7	1.59	2.22	2.4	2.2	3.2
1.0	2.0	3.0	4.0	5.0	6.0	7.0	8.0	9.0	10.0	11.0	12.0	13.0	14.0	15.0	16.0	17.0	18.0	19.0	20.0	21.0	22.0	23.0	24.0	25.0	26.0	27.0	28.0	29.0	30.0	31.0	32.0	33.0	34.0	35.0	36.0	37.0	38.0	39.0	40.0	41.0	42.0	43.0	44.0	45.0	46.0	47.0	48.0	49.0	50.0	51.0	52.0	53.0	54.0	55.0	56.0	57.0	58.0	59.0	60.0	61.0	62.0	63.0	64.0	65.0	66.0	67.0	68.0	69.0	70.0	71.0	72.0	73.0	74.0	75.0	76.0	77.0	78.0	79.0	80.0	81.0	82.0	83.0	84.0	85.0	86.0	87.0	88.0	89.0	90.0	91.0	92.0	93.0	94.0	95.0	96.0	97.0	98.0	99.0	100.0	101.0	102.0	103.0	104.0	105.0	106.0	107.0	108.0	109.0	110.0	111.0	112.0	113.0	114.0	115.0	116.0	117.0	118.0	119.0	120.0	121.0	122.0	123.0	124.0	125.0	126.0	127.0	128.0	129.0	130.0	131.0	132.0	133.0	134.0	135.0	136.0	137.0	138.0	139.0	140.0	141.0	142.0	143.0	144.0	145.0	146.0	147.0	148.0	149.0	149.0	150.0	151.0	152.0	153.0	154.0	155.0	156.0	157.0	158.0	159.0	160.0	161.0	162.0	163.0	164.0	165.0	166.0	167.0	168.0	169.0	170.0	171.0	172.0	173.0	174.0	175.0	176.0	177.0	178.0	179.0	180.0	181.0	182.0	183.0	184.0	185.0	186.0	187.0	188.0	189.0	190.0	191.0	192.0	193.0	194.0	195.0	196.0	197.0	198.0	199.0	200.0	201.0	202.0	203.0	204.0	205.0	206.0	207.0	208.0	209.0	210.0	211.0	212.0	213.0	214.0	215.0	216.0	217.0	218.0	219.0	220.0	221.0	222.0	223.0	224.0	225.0	226.0	227.0	228.0	229.0	230.0	231.0	232.0	233.0	234.0	235.0	236.0	237.0	238.0	239.0	240.0	241.0	242.0	243.0	244.0	245.0	246.0	247.0	248.0	249.0	250.0	251.0	252.0	253.0	254.0	255.0	256.0	257.0	258.0	259.0	260.0	261.0	262.0	263.0	264.0	265.0	266.0	267.0	268.0	269.0	270.0	271.0	272.0	273.0	274.0	275.0	276.0	277.0	278.0	279.0	280.0	281.0	282.0	283.0	284.0	285.0	286.0	287.0	288.0	289.0	290.0	291.0	292.0	293.0	294.0	295.0	296.0	297.0	298.0	298.0
5640.231547474647
