4849.3841611343305	300.0	2000.0	628.054995416455	0	0.0	4849.3841611343305	1	0	1	-4.613118301939941
5366.393681825701	300.0	2431.289527239492	0.0	0	0.0	4797.683209065193	1	0	2	-1.1749251301173012
5756.850239373551	300.0	3001.787313936856	0.0	0	0.0	4758.637553310407	1	0	2	-0.9326662308136028
6034.859849943506	300.0	3695.9767423099065	0.0	0	0.0	4730.836592253412	1	0	2	-0.8991831410061184
6288.387238299808	300.0	4417.096615117974	0.0	0	0.0	4705.483853417782	1	0	2	-0.8797196411810793
7200.0	300.0	4414.322577247761	0.0	0	675.9460061314903	4614.322577247763	1	0	2	-0.9075212525794785
8200.0	500.0	4314.322577247761	0.0	0	747.0788218364014	4514.322577247762	1	0	2	-0.8529330676821817
9200.0	500.0	4214.322577247761	0.0	0	598.3397915334135	4414.322577247761	1	0	2	-0.2822317246746199
10200.0	500.0	4114.322577247763	0.0	0	658.876691171974	4314.322577247764	1	0	2	-0.22620667328116512
11200.0	500.0	4014.3225772477626	0.0	0	687.0054669419005	4214.322577247764	1	0	2	-0.17379906446652174
12200.0	1000.0	3914.322577247762	0.0	0	512.4270773709995	4114.322577247763	1	0	2	-0.12468340401221778
13200.0	1000.0	3814.322577247763	0.0	0	279.06716141266406	4014.3225772477617	1	0	2	0.6150093939127489
14200.0	1000.0	3714.3225772477617	0.0	0	358.4146249807709	3914.32257724776	1	0	2	0.6565875574595554
15200.0	1000.0	3614.322577247763	0.0	0	81.51469475828708	3814.3225772477617	1	0	2	0.697805053169416
16388.721632993194	1000.0	3306.728780955247	0.0	0	0.0	3695.450413948438	1	0	2	0.7233483903796704
17200.0	1000.0	3414.3225772477667	0.0	0	195.42634983919197	3614.3225772477654	1	0	2	0.7866429438772724
18200.0	1000.0	3314.3225772477667	0.0	0	336.9759006757595	3514.322577247767	1	0	2	0.7955971085764397
19200.0	1000.0	3214.322577247765	0.0	0	190.86285849811975	3414.3225772477635	1	0	2	0.8241607881666075
20584.577566932057	1000.0	2691.2872536225045	0.0	0	0.0	3275.864820554565	1	0	2	0.8206818958832174
21615.053153379256	1000.0	2557.764108530585	0.0	0	0.0	3172.8172619098405	1	0	2	0.8812619935665896
22431.70809749056	1000.0	2659.4436700081546	0.0	0	0.0	3091.1517674987153	1	0	2	0.9211728118821266
23739.425596841844	1000.0	2220.954420721743	0.0	0	0.0	2960.380017563588	1	0	2	0.8942903160347802
24634.94580099334	1000.0	2235.882196155098	0.0	0	0.0	2870.8279971484408	1	0	2	0.9529928706747746
25535.260593515457	1000.0	2245.535924380767	0.0	0	0.0	2780.7965178962186	1	0	2	0.966357776506026
26668.550127560677	1000.0	1998.917436931026	0.0	0	0.0	2667.4675644916933	1	0	2	0.9586137284527765
28191.974758429154	1000.0	1323.1503429757013	0.0	0	0.0	2515.125101404843	1	0	2	0.9379655774231821
29456.82021460562	1000.0	931.8203411815833	0.0	0	0.0	2388.6405557871985	1	0	2	0.9788647267582713
29977.742359542775	500.0	1358.8059817507117	0.0	0	0.0	2336.548341293481	1	0	2	-0.325621487304418
30635.395252069873	1000.0	1635.3877999709107	0.0	0	0.0	2270.783052040777	1	0	2	0.35961999724118865
31478.27870876143	1000.0	1708.215997610198	0.0	0	0.0	2186.494706371617	1	0	2	1.0414549432298272
32200.0	1000.0	1914.3225772477717	0.0	0	125.15697159880801	2114.3225772477635	1	0	2	1.059330454590401
33200.0	1000.0	1814.322577247769	0.0	0	442.04131771341054	2014.32257724776	1	0	2	1.0380492085960866
34200.0	1000.0	1714.3225772477706	0.0	0	201.32315985895548	1914.3225772477563	1	0	2	1.045404891821297
35200.0	1000.0	1614.3225772477708	0.0	0	86.65845222843927	1814.32257724776	1	0	2	1.0520472853027307
36288.002533635634	1000.0	1417.5197902485713	0.0	0	0.0	1705.5223238841863	1	0	2	1.0498430914318369
37242.24751376228	1000.0	1367.8503121092592	0.0	0	0.0	1610.0978258715259	1	0	2	1.0683344172835316
38200.0	1000.0	1314.3225772477713	0.0	0	180.18018670156744	1514.32257724776	1	0	2	1.0720864337838898
39200.0	1000.0	1214.3225772477676	0.0	0	431.8118137633137	1414.3225772477526	1	0	2	1.0719065805709735
40200.0	1000.0	1114.3225772477665	0.0	0	338.33438124761597	1314.3225772477454	1	0	2	1.0759032811711142
41200.0	1000.0	1014.3225772477653	0.0	0	486.76806615238456	1214.3225772477526	1	0	2	1.0794336544256846
42200.0	1000.0	914.3225772477649	0.0	0	117.97989464993589	1114.3225772477526	1	0	2	1.0828896729363677
43481.01443038888	1000.0	505.2067038200006	0.0	0	0.0	986.2211342088776	1	0	2	1.058198103274142
45706.931070630395	1000.0	200.0	1039.3650913142342	0	0.0	1906.931070630395	1	0	2	-5.190778028013358
47009.235180124044	1000.0	322.6651903221107	504.72700978647987	0	0.0	2331.9003704461575	1	0	2	-1.9966939967176416
48231.61535651749	1000.0	347.066939983564	335.47267608567466	0	0.0	2578.682296501058	1	0	2	-1.0177882886632146
49623.2230645513	1000.0	200.0	348.81958077602326	0	0.0	2823.2230645512973	1	0	2	-1.137514757859932
50106.48279939583	500.0	804.2870731616854	87.54680800621722	0	0.0	2910.7698725575174	1	0	1	-1.071926688572134
50817.578594333114	1000.0	1093.1912782244071	0.0	0	0.0	2910.7698725575174	1	0	1	0.3465013400251152
51641.20126967795	1000.0	1269.5686028795749	0.0	0	0.0	2910.7698725575174	1	0	1	1.0396485205850605
52381.27786017903	1000.0	1529.49201237849	0.0	0	0.0	2910.76987255751	1	0	1	1.0396485205850619
52882.611255463715	500.0	2028.1586170937996	0.0	0	0.0	2910.769872557503	1	0	1	-0.3466458405348277
53569.84095195718	500.0	2340.928920600331	0.0	0	0.0	2910.769872557503	1	0	1	0.34650134002511757
54200.0	500.0	2710.769872557509	0.0	0	32.400641997068305	2910.7698725574955	1	0	1	0.3465013400251188
55200.0	1000.0	2710.7698725574983	0.0	0	429.3877881086373	2910.7698725574955	1	0	1	0.3465013400251188
56200.0	1000.0	2710.7698725574955	0.0	0	561.6826099242608	2910.7698725574955	1	0	1	1.039648520585064
57200.0	1000.0	2710.769872557498	0.0	0	454.41676292989723	2910.7698725574955	1	0	1	1.039648520585064
58200.0	1000.0	2710.7698725575	0.0	0	350.61333015076525	2910.7698725574955	1	0	1	1.039648520585064
59200.0	1000.0	2710.769872557505	0.0	0	127.71429554759379	2910.7698725574955	1	0	1	1.039648520585064
60200.0	1000.0	2710.7698725575156	0.0	0	277.47228598894435	2910.7698725574955	1	0	1	1.039648520585064
61314.254075828656	1000.0	2596.515796728861	0.0	0	0.0	2910.769872557503	1	0	1	1.0396485205850632
62312.42797966429	1000.0	2598.3418928932356	0.0	0	0.0	2910.769872557503	1	0	1	1.0396485205850632
63200.0	1000.0	2710.769872557514	0.0	0	384.03446774314943	2910.769872557503	1	0	1	1.0396485205850632
64200.0	1000.0	2710.7698725575124	0.0	0	543.2386432259809	2910.769872557503	1	0	1	1.0396485205850632
65200.0	1000.0	2710.7698725575074	0.0	0	570.0567126822862	2910.7698725574955	1	0	1	1.039648520585064
66200.0	1000.0	2710.7698725574965	0.0	0	660.0655974662368	2910.7698725574883	1	0	1	1.0396485205850645
67200.0	1000.0	2710.769872557495	0.0	0	514.001314760957	2910.7698725574883	1	0	1	1.0396485205850656
68200.0	1000.0	2710.7698725575115	0.0	0	412.46155888917565	2910.76987255751	1	0	1	1.0396485205850632
69200.0	1000.0	2710.769872557496	0.0	0	118.10435052237881	2910.7698725574883	1	0	1	1.039648520585064
70201.24958658568	1000.0	2709.5202859718156	0.0	0	0.0	2910.769872557503	1	0	1	1.0396485205850632
71377.87328002731	1000.0	2532.896592530193	0.0	0	0.0	2910.769872557503	1	0	1	1.0396485205850632
72387.44956462491	1000.0	2523.320307932589	0.0	0	0.0	2910.769872557503	1	0	1	1.0396485205850632
73451.17908784946	1000.0	2459.590784708028	0.0	0	0.0	2910.769872557503	1	0	1	1.0396485205850632
74699.64066665697	1000.0	2211.1292059004977	0.0	0	0.0	2910.769872557503	1	0	1	1.0396485205850632
75812.74998039239	1000.0	2098.019892165083	0.0	0	0.0	2910.769872557503	1	0	1	1.0396485205850632
76807.9258718934	1000.0	2102.844000664065	0.0	0	0.0	2910.769872557503	1	0	1	1.0396485205850632
77322.094027323	1000.0	2588.6758452344643	0.0	0	0.0	2910.769872557503	1	0	1	1.0396485205850632
78200.0	1000.0	2710.769872557452	0.0	0	312.68890378011565	2910.769872557503	1	0	1	1.0396485205850632
79200.0	1000.0	2710.769872557438	0.0	0	606.2700757863931	2910.769872557503	1	0	1	1.0396485205850632
80200.0	1000.0	2710.7698725574287	0.0	0	262.22518694755854	2910.7698725574883	1	0	1	1.0396485205850654
81200.0	1000.0	2710.769872557433	0.0	0	50.635228211423964	2910.7698725574883	1	0	1	1.0396485205850654
82342.33766697146	1000.0	2568.4322055859557	0.0	0	0.0	2910.7698725574883	1	0	1	1.0396485205850654
83625.18203026742	1000.0	2285.5878422899855	0.0	0	0.0	2910.7698725574737	1	0	1	1.0396485205850678
84512.6442446174	1000.0	2398.125627939988	0.0	0	0.0	2910.7698725574737	1	0	1	1.0396485205850678
85297.31338959128	1000.0	2613.456482966109	0.0	0	0.0	2910.7698725574737	1	0	1	1.0396485205850678
86200.0	1000.0	2710.769872557363	0.0	0	333.7948526317341	2910.769872557459	1	0	1	1.0396485205850703
87200.0	1000.0	2710.7698725573596	0.0	0	260.38953791164386	2910.769872557459	1	0	1	1.0396485205850703
88416.97520117123	1000.0	2493.7946713861265	0.0	0	0.0	2910.7698725574737	1	0	1	1.0396485205850678
89363.50319997841	1000.0	2547.2666725789372	0.0	0	0.0	2910.7698725574737	1	0	1	1.0396485205850678
90200.0	1000.0	2710.769872557355	0.0	0	140.61248971504392	2910.7698725574737	1	0	1	1.0396485205850678
91314.87466726694	1000.0	2595.8952052904046	0.0	0	0.0	2910.7698725574737	1	0	1	1.0396485205850678
92436.15726071488	1000.0	2474.6126118424445	0.0	0	0.0	2910.769872557459	1	0	1	1.0396485205850703
93370.42247411217	1000.0	2540.3473984451466	0.0	0	0.0	2910.769872557459	1	0	1	1.0396485205850703
94275.26473501018	1000.0	2635.505137547148	0.0	0	0.0	2910.7698725574737	1	0	1	1.0396485205850678
95200.0	1000.0	2710.7698725573196	0.0	0	21.648926406094688	2910.7698725574737	1	0	1	1.0396485205850678
96200.0	1000.0	2710.769872557331	0.0	0	302.278439914895	2910.7698725574737	1	0	1	1.0396485205850678
97200.0	1000.0	2710.7698725573273	0.0	0	66.8617582184379	2910.7698725574737	1	0	1	1.0396485205850678
98217.0822731849	1000.0	2693.6875993724207	0.0	0	0.0	2910.7698725574883	1	0	1	1.0396485205850654
99200.0	1000.0	2710.7698725573373	0.0	0	74.75450340051611	2910.769872557503	1	0	1	1.0396485205850632
100357.36734864552	1000.0	2553.4025239118055	0.0	0	0.0	2910.769872557503	1	0	1	1.0396485205850632
101200.0	1000.0	2710.769872557332	0.0	0	3.8530400729505345	2910.769872557503	1	0	1	1.0396485205850632
102200.0	1000.0	2710.769872557331	0.0	0	326.5829700930917	2910.769872557503	1	0	1	1.0396485205850632
103200.0	1000.0	2710.7698725573314	0.0	0	146.35373413644265	2910.769872557503	1	0	1	1.0396485205850632
104200.0	1000.0	2710.7698725573314	0.0	0	341.2330602354341	2910.769872557503	1	0	1	1.0396485205850632
105200.0	1000.0	2710.769872557323	0.0	0	169.9919290505204	2910.7698725574883	1	0	1	1.0396485205850654
106200.0	1000.0	2710.76987255732	0.0	0	548.6742418713256	2910.7698725574883	1	0	1	1.0396485205850654
107209.4560551154	1000.0	2701.313817441925	0.0	0	261.9819493653631	2910.7698725574883	1	0	1	1.0396485205850654
108204.95010224436	1000.0	2705.8197703129576	0.0	0	0.0	2910.769872557503	1	0	1	1.0396485205850632
109200.0	1000.0	2710.769872557322	0.0	0	32.83924045077583	2910.769872557503	1	0	1	1.0396485205850632
110200.0	1000.0	2710.7698725573127	0.0	0	214.91272586092236	2910.769872557503	1	0	1	1.0396485205850632
111456.55733675377	1000.0	2454.212535803547	0.0	0	0.0	2910.7698725575174	1	0	1	1.0396485205850605
112972.25952977403	1000.0	1938.5103427832819	0.0	0	0.0	2910.7698725575174	1	0	1	1.0396485205850605
114068.05008400884	1000.0	1842.719788548483	0.0	0	0.0	2910.769872557532	1	0	1	1.0396485205850583
115124.75959186	1000.0	1786.0102806973116	0.0	0	0.0	2910.7698725575174	1	0	1	1.0396485205850605
116006.63068518911	1000.0	1904.1391873681919	0.0	0	0.0	2910.7698725575174	1	0	1	1.0396485205850605
116708.2544436159	1000.0	2202.515428941417	0.0	0	0.0	2910.7698725575174	1	0	1	1.0396485205850605
117576.32675988103	1000.0	2334.443112676284	0.0	0	0.0	2910.7698725575174	1	0	1	1.0396485205850605
119121.61387251853	1000.0	1789.1560000387883	0.0	0	0.0	2910.769872557532	1	0	1	1.0396485205850583
120142.46006213276	1000.0	1768.3098104245603	0.0	0	0.0	2910.769872557532	1	0	1	1.0396485205850583
121337.08521303146	1000.0	1573.6846595258708	0.0	0	0.0	2910.7698725575174	1	0	1	1.0396485205850605
122624.89801584266	1000.0	1285.8718567146816	0.0	0	0.0	2910.769872557532	1	0	1	1.0396485205850583
123690.58203838959	1000.0	1220.1878341677443	0.0	0	0.0	2910.7698725575174	1	0	1	1.0396485205850605
124969.04669933408	1000.0	941.7231732232467	0.0	0	0.0	2910.7698725575174	1	0	1	1.0396485205850605
126080.96764028307	1000.0	940.9943263691753	0.0	0	0.0	3021.961966652423	1	0	0	0.8249644891881771
126859.3499327965	1000.0	1162.6120338557348	0.0	0	0.0	3021.961966652423	1	0	1	0.8201514514816224
127838.60721068109	1000.0	1085.4290281826914	0.0	0	0.0	2924.0362388639915	1	0	2	0.7354373041645834
128575.56003382271	1000.0	1274.780922726894	0.0	0	0.0	2850.3409565498005	1	0	2	0.9727511336121728
129939.5362459686	1000.0	774.4070893664102	0.0	0	0.0	2713.9433353351924	1	0	2	0.9277723337008725
131093.6787748776	1000.0	504.85030756650247	0.0	0	0.0	2598.5290824442927	1	0	2	0.9660648542012693
131732.6472333283	500.0	865.8818491158382	0.0	0	0.0	2598.529082444322	1	0	1	-0.501429170194598
132494.682175696	1000.0	1103.8469067480917	0.0	0	0.0	2598.5290824443073	1	0	1	0.3917180103653447
133247.24848950945	1000.0	1351.2805929346398	0.0	0	0.0	2598.5290824442927	1	0	1	1.0848651909252927
134094.00098634543	1000.0	1504.5280960986704	0.0	0	0.0	2598.529082444322	1	0	1	1.0848651909252909
135081.56045451912	1000.0	1516.9686279250018	0.0	0	0.0	2598.529082444351	1	0	1	1.0848651909252869
136140.26153244788	1000.0	1458.2675499962322	0.0	0	0.0	2598.52908244438	1	0	1	1.0848651909252833
136906.955509628	1000.0	1691.5735728161385	0.0	0	0.0	2598.52908244438	1	0	1	1.0848651909252833
137573.24299291408	1000.0	2025.286089530067	0.0	0	0.0	2598.52908244438	1	0	1	1.0848651909252833
138312.5674504352	1000.0	2285.9616320089704	0.0	0	0.0	2598.529082444409	1	0	1	1.0848651909252796
139200.0	1000.0	2398.529082444164	0.0	0	172.66898456728086	2598.529082444409	1	0	1	1.0848651909252796
140200.0	1000.0	2398.529082444151	0.0	0	336.3148796915193	2598.529082444409	1	0	1	1.0848651909252796
141244.5858132953	1000.0	2353.9432691488423	0.0	0	0.0	2598.529082444409	1	0	1	1.0848651909252796
142200.0	1000.0	2398.529082444165	0.0	0	75.67055423636339	2598.529082444409	1	0	1	1.0848651909252796
143200.0	1000.0	2398.52908244418	0.0	0	221.65171006828314	2598.529082444409	1	0	1	1.0848651909252796
144200.0	1000.0	2398.52908244418	0.0	0	76.7577635544585	2598.529082444409	1	0	1	1.0848651909252796
145200.0	1000.0	2398.529082444192	0.0	0	340.33061125609674	2598.529082444409	1	0	1	1.0848651909252796
146200.0	1000.0	2398.5290824442095	0.0	0	235.89728275634116	2598.529082444409	1	0	1	1.0848651909252796
147200.0	1000.0	2398.5290824442027	0.0	0	193.06433060017298	2598.529082444409	1	0	1	1.0848651909252796
148504.85602037277	1000.0	2093.6730620714366	0.0	0	0.0	2598.52908244438	1	0	1	1.0848651909252833
149246.4812885888	1000.0	2352.047793855404	0.0	0	0.0	2598.529082444409	1	0	1	1.0848651909252796
150200.0	1000.0	2398.52908244425	0.0	0	249.37854288177914	2598.529082444409	1	0	1	1.0848651909252796
151200.0	1000.0	2398.5290824442895	0.0	0	3.164540415513329	2598.5290824444382	1	0	1	1.084865190925276
152200.0	1000.0	2398.5290824443	0.0	0	224.8485401928774	2598.5290824444382	1	0	1	1.084865190925276
153200.0	1000.0	2398.5290824443045	0.0	0	408.0684151345922	2598.5290824444673	1	0	1	1.0848651909252724
154200.0	1000.0	2398.529082444268	0.0	0	368.1933982951159	2598.5290824444673	1	0	1	1.0848651909252724
155289.73288002177	1000.0	2308.796202422522	0.0	0	0.0	2598.5290824444965	1	0	1	1.0848651909252687
156907.86430957174	1000.0	1690.6647728725131	0.0	0	0.0	2598.5290824444965	1	0	1	1.0848651909252687
158396.02867414217	1000.0	1202.5004083020885	0.0	0	0.0	2598.5290824444965	1	0	1	1.0848651909252687
160237.12980681844	1000.0	361.3992756258373	0.0	0	0.0	2598.5290824445256	1	0	1	1.0848651909252651
161425.23597711074	1000.0	432.234218774973	258.94111344144403	0	0.0	2857.4701958857186	1	0	1	-0.5053299272028258
162449.6028695711	1000.0	473.8919716753999	66.02464536078799	0	0.0	2923.4948412465164	1	0	1	0.6413679656447757
163599.8830747885	1000.0	390.0957625665769	66.4839961085479	0	0.0	2989.978837355069	1	0	1	0.6270585273063195
164635.36164464636	1000.0	471.1276837326868	116.510491023974	0	0.0	3106.4893283790443	1	0	1	0.30489920035147455
165146.81500570246	500.0	959.6743226765799	0.0	0	0.0	3106.4893283790443	1	0	1	-0.38233221462457223
165874.6528419114	1000.0	1231.836486467637	0.0	0	0.0	3106.489328379015	1	0	1	0.310814965935379
166953.50928050015	1000.0	1045.0944040200143	0.0	0	0.0	2998.603684520145	1	0	2	0.7110341696919102
167532.47610105324	500.0	1408.230901411631	0.0	0	0.0	2940.7070024648856	1	0	2	-0.41219948575915966
168077.01290367937	500.0	1809.2404185228895	0.0	0	0.0	2886.2533222022175	1	0	2	0.29391931754280376
168874.68066349055	500.0	1931.8058827305488	0.0	0	0.0	2806.486546221073	1	0	2	0.28011423758326354
169527.00559409268	500.0	2214.2484590681574	0.0	0	0.0	2741.25405316081	1	0	2	0.30497432007061814
170200.0	500.0	2473.9546125701145	0.0	0	126.19870640232693	2673.954612570087	1	0	2	0.31194635518346764
171200.0	500.0	2373.9546125701195	0.0	0	516.7805054546334	2573.954612570058	1	0	2	0.2898154477926703
172200.0	500.0	2273.9546125701327	0.0	0	302.8203870775178	2473.954612570087	1	0	2	0.30222980912968583
173200.0	500.0	2173.9546125701427	0.0	0	557.831872443785	2373.954612570058	1	0	2	0.31288445003802146
174200.0	500.0	2073.954612570168	0.0	0	507.73888161045033	2273.9546125701163	1	0	2	0.3230059726280321
175200.0	500.0	1973.9546125701718	0.0	0	667.9088471711148	2173.9546125701745	1	0	2	0.3319552077406269
176200.0	500.0	1873.9546125701763	0.0	0	668.5670832477335	2073.9546125702327	1	0	2	0.34023183775304755
177200.0	500.0	1773.9546125701731	0.0	0	713.4452508529939	1973.9546125702327	1	0	2	0.34775111059712027
178200.0	1000.0	1673.954612570175	0.0	0	453.5060251096438	1873.9546125702327	1	0	2	0.3546742918884237
179200.0	1000.0	1573.9546125701884	0.0	0	519.732945144613	1773.9546125701745	1	0	2	1.053968132362197
180200.0	1000.0	1473.954612570192	0.0	0	304.9504272012855	1673.9546125701454	1	0	2	1.0597352184314504
181200.0	1000.0	1373.954612570191	0.0	0	234.07413225338678	1573.9546125701163	1	0	2	1.0648529711100112
182200.0	1000.0	1273.954612570222	0.0	0	142.1954008837929	1473.9546125701454	1	0	2	1.0695964386123469
183200.0	1000.0	1173.9546125702395	0.0	0	210.19251368072582	1373.9546125701454	1	0	2	1.0737521251391493
184345.9077796428	1000.0	913.4560549631503	0.0	0	0.0	1259.3638346058433	1	0	2	1.0632645702258794
185377.30507599484	1000.0	882.0587586111308	0.0	0	0.0	1259.3638346058433	1	0	1	0.9792333682759041
186200.0	1000.0	1059.3638346059743	0.0	0	46.77768128813477	1259.3638346058724	1	0	1	1.1792333682759033
187200.0	1000.0	1059.3638346059834	0.0	0	84.46416191599565	1259.3638346058724	1	0	1	1.1792333682759033
188854.532024242	1000.0	404.8318103639982	0.0	0	0.0	1259.3638346058724	1	0	1	1.1792333682759033
190087.5010687241	1000.0	406.0338173963666	234.1710515144116	0	0.0	1493.5348861202656	1	0	1	-0.23483066358514637
191305.88745167432	1000.0	409.7527355774763	222.1053011313482	0	0.0	1715.6401872516144	1	0	1	-0.1731487850100015
192231.04133311377	1000.0	614.3445206623783	129.74566652435496	0	0.0	1845.3858537761553	1	0	1	0.37359163820802943
192706.58475785766	1000.0	1138.8010959184471	0.0	0	0.0	1845.3858537761553	1	0	1	1.1520656373541591
193325.0146275424	1000.0	1520.3712262337222	0.0	0	0.0	1845.3858537761553	1	0	1	1.1520656373541591
194200.0	1000.0	1645.3858537761362	0.0	0	297.3969638289709	1845.3858537761553	1	0	1	1.1520656373541591
195200.0	1000.0	1645.3858537761591	0.0	0	209.23956587252906	1845.3858537761553	1	0	1	1.1520656373541591
196200.0	1000.0	1645.3858537761623	0.0	0	320.4683771117416	1845.3858537761553	1	0	1	1.1520656373541591
197200.0	1000.0	1645.3858537761537	0.0	0	459.5713522780279	1845.3858537761553	1	0	1	1.1520656373541591
198200.0	1000.0	1645.3858537761732	0.0	0	254.90585963628837	1845.3858537761553	1	0	1	1.1520656373541591
199200.0	1000.0	1645.3858537761705	0.0	0	380.983313726465	1845.3858537761553	1	0	1	1.1520656373541591
200301.51692725168	1000.0	1543.868926524467	0.0	0	0.0	1845.3858537761844	1	0	1	1.1520656373541573
201200.0	1000.0	1645.3858537761137	0.0	0	95.40558030756074	1845.3858537761844	1	0	1	1.1520656373541573
202200.0	1000.0	1645.3858537761284	0.0	0	129.07821347893332	1845.3858537761553	1	0	1	1.1520656373541591
203200.0	1000.0	1645.3858537761207	0.0	0	419.3779299460002	1845.3858537761553	1	0	1	1.1520656373541591
204200.0	1000.0	1645.3858537761382	0.0	0	436.2348077677889	1845.3858537761844	1	0	1	1.1520656373541573
205200.0	1000.0	1645.3858537760968	0.0	0	405.9439849977207	1845.3858537761553	1	0	1	1.1520656373541591
206200.0	1000.0	1645.3858537761	0.0	0	367.84337505244184	1845.3858537761553	1	0	1	1.1520656373541591
207200.0	1000.0	1645.3858537761098	0.0	0	350.62161380797625	1845.3858537761553	1	0	1	1.1520656373541591
208411.49437666015	1000.0	1433.891477115991	0.0	0	0.0	1845.3858537761553	1	0	1	1.1520656373541591
209200.0	1000.0	1645.3858537761387	0.0	0	36.60807670588838	1845.3858537761262	1	0	1	1.152065637354161
210309.19177162502	1000.0	1536.1940821511246	0.0	0	0.0	1845.3858537761262	1	0	1	1.152065637354161
211410.30810896348	1000.0	1435.077744812672	0.0	0	0.0	1845.3858537761262	1	0	1	1.152065637354161
212252.49437633008	1000.0	1592.8914774460754	0.0	0	0.0	1845.3858537761262	1	0	1	1.152065637354161
213343.38283129202	1000.0	1502.003022484148	0.0	0	0.0	1845.3858537761553	1	0	1	1.1520656373541591
214390.06382094134	1000.0	1455.3220328348186	0.0	0	0.0	1845.3858537761553	1	0	1	1.1520656373541591
215318.9219922586	1000.0	1526.4638615175436	0.0	0	0.0	1845.3858537761844	1	0	1	1.1520656373541573
216200.0	1000.0	1645.3858537761678	0.0	0	293.8354330395523	1845.3858537761844	1	0	1	1.1520656373541573
217200.0	1000.0	1645.3858537761723	0.0	0	483.91431616884074	1845.3858537762135	1	0	1	1.1520656373541556
218200.0	1000.0	1645.3858537761753	0.0	0	212.99335870463983	1845.3858537762135	1	0	1	1.1520656373541556
219246.01251466924	1000.0	1599.3733391069293	0.0	0	0.0	1845.3858537762135	1	0	1	1.1520656373541556
220279.76715225965	1000.0	1565.6187015165099	0.0	0	0.0	1845.3858537762135	1	0	1	1.1520656373541556
221642.32514866602	1000.0	1203.0607051101747	0.0	0	0.0	1845.3858537762135	1	0	1	1.1520656373541556
222945.2492956005	1000.0	900.1365581757007	0.0	0	0.0	1845.3858537762135	1	0	1	1.1520656373541556
224496.40788055534	1000.0	348.977973220855	0.0	0	0.0	1845.3858537762135	1	0	1	1.1520656373541556
225848.14255736844	1000.0	320.24726911208717	323.00397270434325	0	0.0	2168.389826480561	1	0	1	-0.8090199872929787
226689.29630549098	1000.0	547.5157567026179	68.42223571304282	0	0.0	2236.8120621936396	1	0	1	0.7125972283464551
227460.74536282156	1000.0	776.0666993720598	0.0	0	0.0	2236.8120621936396	1	0	1	1.123130642624712
228281.66378146532	1000.0	955.1482807282733	0.0	0	0.0	2236.8120621936105	1	0	1	1.1231306426247147
228952.77900109513	1000.0	1216.9215391354865	0.0	0	0.0	2169.7005402306095	1	0	2	0.8601999150120595
229805.05389611435	1000.0	1279.4191546143559	0.0	0	0.0	2084.473050728673	1	0	2	1.048776368589332
230894.13091285594	1000.0	1081.4344361985948	0.0	0	0.0	1975.5653490544937	1	0	2	1.0328434034252147
231660.81931894287	1000.0	1238.0771895029848	0.0	0	0.0	1898.8965084458177	1	0	2	1.0708470298806643
232547.53969793525	1000.0	1262.6847726113883	0.0	0	0.0	1810.2244705465855	1	0	2	1.0639873522508334
233421.29998407033	1000.0	1301.5484578628386	0.0	0	0.0	1722.848441933107	1	0	2	1.0705306160118175
234990.2535201256	1000.0	575.6995682020122	0.0	0	0.0	1565.9530883275438	1	0	2	1.0078487272260301
235920.02888303675	1000.0	645.9242052908572	0.0	0	0.0	1565.9530883275438	1	0	1	0.9669544537772262
236613.3231200523	1000.0	952.6299682753076	0.0	0	0.0	1565.9530883275438	1	0	1	1.1669544537772265
237558.6580401041	1000.0	1007.2950482234739	0.0	0	0.0	1565.9530883275438	1	0	1	1.1669544537772265
238445.309993966	1000.0	1120.6430943616017	0.0	0	0.0	1565.9530883275147	1	0	1	1.1669544537772278
239200.0	1000.0	1365.9530883275927	0.0	0	6.81791701563634	1565.9530883275147	1	0	1	1.1669544537772278
240200.0	1000.0	1365.9530883276102	0.0	0	304.5368148939451	1565.9530883275147	1	0	1	1.1669544537772278
241617.63339776237	1000.0	948.319690565268	0.0	0	0.0	1565.9530883275147	1	0	1	1.1669544537772278
242516.57847406965	1000.0	1049.3746142580103	0.0	0	0.0	1565.9530883275147	1	0	1	1.1669544537772278
243458.02194769043	1000.0	1107.9311406371817	0.0	0	0.0	1565.9530883275147	1	0	1	1.1669544537772278
244575.55153055987	1000.0	990.4015577677476	0.0	0	0.0	1565.9530883275147	1	0	1	1.1669544537772278
245314.80502585717	1000.0	1251.1480624704668	0.0	0	0.0	1565.9530883275147	1	0	1	1.1669544537772278
246697.27536511302	1000.0	868.6777232146329	0.0	0	0.0	1565.9530883275147	1	0	1	1.1669544537772278
247474.93987553907	1000.0	1091.0132127885747	0.0	0	0.0	1565.9530883275147	1	0	1	1.1669544537772278
248200.0	1000.0	1365.9530883276618	0.0	0	123.95822228954057	1565.9530883275147	1	0	1	1.1669544537772278
249200.0	1000.0	1365.953088327686	0.0	0	88.06605672661681	1565.9530883275147	1	0	1	1.1669544537772278
250200.0	1000.0	1365.9530883276716	0.0	0	21.314998967660358	1565.9530883274856	1	0	1	1.1669544537772292
251200.0	1000.0	1365.9530883276639	0.0	0	158.17526874723262	1565.9530883274565	1	0	1	1.1669544537772305
252200.0	1000.0	1365.953088327657	0.0	0	293.30910106626106	1565.9530883274565	1	0	1	1.1669544537772305
253323.6168939231	1000.0	1242.3361944045364	0.0	0	0.0	1565.9530883274565	1	0	1	1.1669544537772305
254200.0	1000.0	1365.9530883276266	0.0	0	133.6630005510233	1565.9530883274565	1	0	1	1.1669544537772305
255200.0	1000.0	1365.9530883276284	0.0	0	167.33598413402797	1565.9530883274565	1	0	1	1.1669544537772305
256200.0	1000.0	1365.9530883276295	0.0	0	275.7025263379619	1565.9530883274565	1	0	1	1.1669544537772305
257200.0	1000.0	1365.9530883276332	0.0	0	25.433393069601152	1565.9530883274565	1	0	1	1.1669544537772305
258200.0	1000.0	1365.9530883276095	0.0	0	309.19975786391296	1565.9530883274565	1	0	1	1.1669544537772305
259200.0	1000.0	1365.9530883275972	0.0	0	569.5499913333915	1565.9530883274565	1	0	1	1.1669544537772305
260200.0	1000.0	1365.9530883275968	0.0	0	361.07402198467753	1565.9530883274565	1	0	1	1.1669544537772305
261200.0	1000.0	1365.9530883275484	0.0	0	374.9871883308515	1565.9530883274565	1	0	1	1.1669544537772305
262200.0	1000.0	1365.9530883275236	0.0	0	49.3835297418409	1565.9530883274565	1	0	1	1.1669544537772305
263200.0	1000.0	1365.9530883274847	0.0	0	205.69913941714913	1565.9530883274274	1	0	1	1.1669544537772318
264200.0	1000.0	1365.9530883274801	0.0	0	120.78126047673868	1565.9530883273692	1	0	1	1.1669544537772343
265200.0	1000.0	1365.9530883274977	0.0	0	359.79554679594	1565.953088327311	1	0	1	1.1669544537772356
266265.86612034176	1000.0	1300.0869679857421	0.0	0	0.0	1565.953088327311	1	0	1	1.1669544537772372
267246.6877052102	1000.0	1319.2653831173016	0.0	0	0.0	1565.953088327311	1	0	1	1.1669544537772372
268200.0	1000.0	1365.9530883275204	0.0	0	323.703225450241	1565.953088327311	1	0	1	1.1669544537772372
269200.0	1000.0	1365.9530883275982	0.0	0	314.66192646621494	1565.9530883273692	1	0	1	1.1669544537772345
270200.0	1000.0	1365.9530883276525	0.0	0	257.29863646888407	1565.9530883273692	1	0	1	1.1669544537772345
271200.0	1000.0	1365.9530883276461	0.0	0	209.04558391787577	1565.9530883273692	1	0	1	1.1669544537772345
272200.0	1000.0	1365.953088327672	0.0	0	286.4673250547494	1565.9530883273692	1	0	1	1.1669544537772345
273200.0	1000.0	1365.953088327729	0.0	0	106.98435667081503	1565.9530883273692	1	0	1	1.1669544537772345
274925.1863301431	1000.0	640.7667581846121	0.0	0	0.0	1565.9530883273692	1	0	1	1.1669544537772345
276043.8452593253	1000.0	522.1078290024047	0.0	0	0.0	1565.9530883273692	1	0	1	1.1669544537772345
277164.285881708	1000.0	410.8625215127487	9.195314893082639	0	0.0	1575.1484032204025	1	0	1	1.1113543617314665
278202.8968422161	1000.0	546.970597679579	174.71903667485793	0	0.0	1749.8674398952862	1	0	1	0.10930192048633741
278690.41080519254	1000.0	1059.4566347030423	0.0	0	0.0	1749.8674398952862	1	0	1	1.1576161405354852
279205.1447600349	1000.0	1544.7226798606323	0.0	0	0.0	1749.8674398952862	1	0	1	1.1576161405354852
280200.0	1000.0	1549.867439895625	0.0	0	393.660640002694	1749.8674398952862	1	0	1	1.1576161405354852
281200.0	1000.0	1549.8674398956498	0.0	0	228.6889605152537	1749.8674398952862	1	0	1	1.1576161405354852
282200.0	1000.0	1549.8674398956364	0.0	0	40.771242127229925	1749.867439895228	1	0	1	1.1576161405354886
283395.825989922	1000.0	1354.0414499735753	0.0	0	0.0	1749.867439895228	1	0	1	1.1576161405354886
284282.2992859746	1000.0	1467.5681539209443	0.0	0	0.0	1749.867439895228	1	0	1	1.1576161405354886
285465.6173347745	1000.0	1284.2501051209729	0.0	0	0.0	1749.8674398951698	1	0	1	1.1576161405354917
287380.0355687366	1000.0	369.83187115883806	0.0	0	0.0	1749.8674398951698	1	0	1	1.1576161405354917
288246.99046858127	1000.0	595.9511577853875	93.07418647117612	0	0.0	1842.9416263666353	1	0	1	0.5937690564693907
288946.1933987886	1000.0	896.7482275780869	0.0	0	0.0	1842.9416263666353	1	0	1	1.1522141752964474
289653.83034676604	1000.0	1189.111279600594	0.0	0	0.0	1842.9416263666353	1	0	1	1.1522141752964474
290386.97323287337	1000.0	1455.9683934932686	0.0	0	0.0	1842.9416263666353	1	0	1	1.1522141752964474
291445.61673955555	1000.0	1397.324886811125	0.0	0	0.0	1842.9416263666353	1	0	1	1.1522141752964474
292200.0	1000.0	1642.941626366661	0.0	0	136.32240431685932	1842.9416263666353	1	0	1	1.1522141752964474
293200.0	1000.0	1642.9416263666521	0.0	0	299.229168468446	1842.9416263666353	1	0	1	1.1522141752964474
294200.0	1000.0	1642.9416263666656	0.0	0	371.9485567759257	1842.9416263666935	1	0	1	1.1522141752964439
295200.0	1000.0	1642.9416263666633	0.0	0	386.9647293885355	1842.9416263666935	1	0	1	1.1522141752964439
296237.7836257949	1000.0	1605.1580005716714	0.0	0	0.0	1842.9416263666353	1	0	1	1.1522141752964474
297200.0	1000.0	1642.9416263665605	0.0	0	370.74838514858857	1842.941626366577	1	0	1	1.1522141752964508
298200.0	1000.0	1642.941626366629	0.0	0	455.1977275919053	1842.9416263666353	1	0	1	1.1522141752964474
299200.0	1000.0	1642.941626366622	0.0	0	555.1892791021965	1842.9416263666353	1	0	1	1.1522141752964474
300200.0	1000.0	1642.9416263666549	0.0	0	425.2178414238151	1842.9416263666353	1	0	1	1.1522141752964474
0.637	0.765	1.51	1.78	1.61	1.64	1.67	1.81	1.69	1.42	0.973	0.904	1.37	1.61	1.52	0.869	0.985	0.938	1.18	0.961	1.32	1.02	0.869	0.822	0.927	1.16	1.8	1.61	1.81	1.33	1.08	0.927	1.14	1.52	1.82	1.81	1.58	1.66	1.31	0.718	0.591	0.394	0.66	0.927	1.16	0.811	1.46	1.3	0.938	0.927	1.33	2.11	2.43	1.22	1.41	1.51	1.24	1.07	1.51	2.29	2.25	2.88	2.78	1.6	1.36	0.973	0.95	1.04	1.11	0.753	0.811	0.927	1.05	1.88	2.57	2.12	1.27	1.05	0.961	0.834	1.26	1.62	1.46	0.938	0.788	1.46	1.36	0.811	1.05	1.29	1.41	1.22	1.03	1.41	1.04	0.765	1.01	1.33	1.64	1.4	1.31	1.91	2.15	0.765	0.95	1.25	0.788	0.66	0.649	0.892	1.23	1.56	1.75	1.14	0.614	1.2	1.26	0.892	1.02	1.16	0.857	1.12	1.48	0.846	1.3	0.869	0.799	0.973	1.81	1.36	1.03	0.788	1.58	1.99	1.56	2.39	1.4	1.11	1.03	1.33	1.61	1.85	1.33	0.788	1.03	1.38	1.04	1.19	1.62	1.52	1.4	0.973	0.718	0.927	0.463	0.741	0.985	1.14	1.18	1.01	0.996	1.23	1.01	0.776	0.869	0.614	1.24	0.834	1.12	0.985	1.48	1.88	2.15	2.37	1.71	1.52	1.64	1.59	1.31	1.37	0.765	1.14	1.37	0.869	0.73	0.95	0.985	1.19	1.82	1.39	1.42	1.95	1.99	1.42	1.42	0.822	1.1	1.37	1.87	1.89	1.78	2.25	1.62	1.08	0.985	1.12	1.22	1.25	1.1	1.02	1.3	1.61	1.92	1.77	1.42	1.14	1.22	0.73	0.88	0.707	0.637	0.869	1.32	1.07	1.64	1.41	1.19	1.29	0.846	1.15	0.672	0.88	1.46	1.4	1.48	1.82	1.05	0.776	1.2	1.38	1.18	0.985	1.03	1.25	1.23	1.23	1.32	1.84	0.95	1.08	1.45	1.59	1.16	1.75	2.55	2.09	1.39	1.34	0.985	1.08	1.3	1.18	1.12	1.39	1.42	1.8	1.41	1.22	1.26	0.741	0.602	0.834	0.857	0.996	1.66	2.31	1.37	1.14	1.23	1.03	0.904	0.73	0.452	0.811	1.16	1.54	1.47	1.07	1.51	1.22	1.22	1.11	1.38	1.76	2.18	1.54	1.75	1.26	1.01
1.0	2.0	3.0	4.0	5.0	6.0	7.0	8.0	9.0	10.0	11.0	12.0	13.0	14.0	15.0	16.0	17.0	18.0	19.0	20.0	21.0	22.0	23.0	24.0	25.0	26.0	27.0	28.0	29.0	30.0	31.0	32.0	33.0	34.0	35.0	36.0	37.0	38.0	39.0	40.0	41.0	42.0	43.0	44.0	45.0	46.0	47.0	48.0	49.0	50.0	51.0	52.0	53.0	54.0	55.0	56.0	57.0	58.0	59.0	60.0	61.0	62.0	63.0	64.0	65.0	66.0	67.0	68.0	69.0	70.0	71.0	72.0	73.0	74.0	75.0	76.0	77.0	78.0	79.0	80.0	81.0	82.0	83.0	84.0	85.0	86.0	87.0	88.0	89.0	90.0	91.0	92.0	93.0	94.0	95.0	96.0	97.0	98.0	99.0	100.0	101.0	102.0	103.0	104.0	105.0	106.0	107.0	108.0	109.0	110.0	111.0	112.0	113.0	114.0	115.0	116.0	117.0	118.0	119.0	120.0	121.0	122.0	123.0	124.0	125.0	126.0	127.0	128.0	129.0	130.0	131.0	132.0	133.0	134.0	135.0	136.0	137.0	138.0	139.0	140.0	141.0	142.0	143.0	144.0	145.0	146.0	147.0	148.0	149.0	150.0	151.0	152.0	153.0	154.0	155.0	156.0	157.0	158.0	159.0	160.0	161.0	162.0	163.0	164.0	165.0	166.0	167.0	168.0	169.0	170.0	171.0	172.0	173.0	174.0	175.0	176.0	177.0	178.0	179.0	180.0	181.0	182.0	183.0	184.0	185.0	186.0	187.0	188.0	189.0	190.0	191.0	192.0	193.0	194.0	195.0	196.0	197.0	198.0	199.0	200.0	201.0	202.0	203.0	204.0	205.0	206.0	207.0	208.0	209.0	210.0	211.0	212.0	213.0	214.0	215.0	216.0	217.0	218.0	219.0	220.0	221.0	222.0	223.0	224.0	225.0	226.0	227.0	228.0	229.0	230.0	231.0	232.0	233.0	234.0	235.0	236.0	237.0	238.0	239.0	240.0	241.0	242.0	243.0	244.0	245.0	246.0	247.0	248.0	249.0	250.0	251.0	252.0	253.0	254.0	255.0	256.0	257.0	258.0	259.0	260.0	261.0	262.0	263.0	264.0	265.0	266.0	267.0	268.0	269.0	270.0	271.0	272.0	273.0	274.0	275.0	276.0	277.0	278.0	279.0	280.0	281.0	282.0	283.0	284.0	285.0	286.0	287.0	288.0	289.0	290.0	291.0	292.0	293.0	294.0	295.0	296.0	297.0	298.0	299.0
3838.4769971738056
