5712.987504764551	300.0	2000.0	88.26044809092959	0	0.0	5712.987504764551	1	0	1	-2.2217072379899405
5796.047249678898	300.0	2908.6342805942186	0.0	0	0.0	5704.681530273117	1	0	2	-1.9065079728678807
5863.33826517948	300.0	3834.6141635435774	0.0	0	0.0	5697.952428723057	1	0	2	-1.6979896477199181
5930.28736393728	300.0	4760.970154909997	0.0	0	0.0	5691.257518847277	1	0	2	-1.6914101663517747
6200.0	500.0	5464.286255241006	0.0	0	169.16375777295707	5664.286255241006	1	0	2	-1.6992059420650982
7200.0	500.0	5364.286255241003	0.0	0	866.7478790622827	5564.286255241006	1	0	2	-1.1887293850935872
8200.0	500.0	5264.286255241004	0.0	0	905.8109447084753	5464.286255241007	1	0	2	-1.093569221806406
9200.0	1000.0	5164.286255241006	0.0	0	884.1790550984242	5364.286255241008	1	0	2	-1.0006896425984952
10200.0	2000.0	5064.286255241008	0.0	0	795.58793176773	5264.28625524101	1	0	2	-0.217308422348235
11200.0	6000.0	4964.286255241009	0.0	0	431.47137300504255	5164.286255241011	1	0	2	0.5644978179561841
12200.0	6000.0	4864.286255241008	0.0	0	125.46645116980108	5064.28625524101	1	0	2	1.7522405250600515
13240.236079354545	6000.0	4720.026567951008	0.0	0	0.0	4960.262647305553	1	0	2	1.835160471976491
14200.0	6000.0	4664.286255241011	0.0	0	443.59527850978156	4864.286255241008	1	0	2	1.909651704376444
15200.0	6000.0	4564.286255241008	0.0	0	407.8368245146921	4764.2862552410115	1	0	2	1.977687775914764
16200.0	6000.0	4464.286255241008	0.0	0	125.83383208302985	4664.286255241015	1	0	2	2.0526309334317783
17200.0	6000.0	4364.286255241006	0.0	0	238.55877167501603	4564.2862552410115	1	0	2	2.1144013041581036
18200.0	6000.0	4264.286255241008	0.0	0	367.34038178048286	4464.286255241015	1	0	2	2.174372371941058
19200.0	6000.0	4164.286255241006	0.0	0	314.64932653740834	4364.2862552410115	1	0	2	2.232435863499064
20200.0	6000.0	4064.2862552410047	0.0	0	315.79811749785586	4264.2862552410115	1	0	2	2.286327540766937
21200.0	6000.0	3964.2862552410033	0.0	0	89.33823105060219	4164.2862552410115	1	0	2	2.341712197281616
22200.0	6000.0	3864.286255241001	0.0	0	337.90418447642514	4064.2862552410115	1	0	2	2.384832308667781
23200.0	6000.0	3764.2862552410024	0.0	0	348.5501839836252	3964.286255241019	1	0	2	2.427985054198736
24200.0	6000.0	3664.286255241002	0.0	0	348.4975111975291	3864.286255241015	1	0	2	2.468496484244309
25200.0	6000.0	3564.2862552410056	0.0	0	275.02497384309754	3764.286255241019	1	0	2	2.5059662790695807
26200.0	6000.0	3464.286255241004	0.0	0	312.17741168891735	3664.286255241019	1	0	2	2.541694244889905
27200.0	6000.0	3364.2862552410074	0.0	0	528.3899256593068	3564.286255241026	1	0	2	2.5716507685526366
28200.0	6000.0	3264.28625524101	0.0	0	325.6107334744738	3464.2862552410334	1	0	2	2.601335309886914
29200.0	6000.0	3164.2862552410134	0.0	0	334.8779688482464	3364.2862552410406	1	0	2	2.6292946727414668
30200.0	6000.0	3064.2862552410143	0.0	0	494.96119745745455	3264.286255241037	1	0	2	2.6526560766602696
31200.0	6000.0	2964.2862552410124	0.0	0	485.9524041803779	3164.2862552410334	1	0	2	2.6756869462553685
32200.0	6000.0	2864.2862552410156	0.0	0	306.5728430346826	3064.2862552410334	1	0	2	2.696656853485539
33200.0	6000.0	2764.286255241023	0.0	0	539.2005208841256	2964.286255241037	1	0	2	2.715245720185546
34200.0	6000.0	2664.286255241028	0.0	0	417.513664929691	2864.286255241037	1	0	2	2.7327513330185766
35200.0	6000.0	2564.2862552410243	0.0	0	349.49590521646314	2764.2862552410297	1	0	2	2.7485408068613837
36200.0	6000.0	2464.2862552410193	0.0	0	228.87343534578395	2664.2862552410224	1	0	2	2.7633113436849412
37200.0	6000.0	2364.286255241026	0.0	0	333.5566561044907	2564.286255241037	1	0	2	2.776301907095716
38200.0	6000.0	2264.2862552410234	0.0	0	466.75817087411997	2464.286255241037	1	0	2	2.7880172940146166
39200.0	6000.0	2164.2862552410224	0.0	0	267.0007579678422	2364.2862552410297	1	0	2	2.7992192454949336
40200.0	6000.0	2064.2862552410147	0.0	0	363.25202090518724	2264.286255241015	1	0	2	2.808908809704896
41200.0	6000.0	1964.2862552410118	0.0	0	412.48449843776325	2164.286255241008	1	0	2	2.81783588197572
42200.0	6000.0	1864.286255241012	0.0	0	501.2075331441447	2064.2862552410224	1	0	2	2.8259556396220993
43200.0	6000.0	1764.2862552410093	0.0	0	131.74882748119853	1964.2862552410224	1	0	2	2.8337322275804553
44200.0	6000.0	1664.2862552410131	0.0	0	454.09622063376446	1864.2862552410152	1	0	2	2.840267810790835
45200.0	6000.0	1564.2862552410083	0.0	0	321.1899463301452	1764.286255241008	1	0	2	2.846477302578296
46200.0	6000.0	1464.2862552410088	0.0	0	499.2201786453079	1664.2862552410152	1	0	2	2.8518695196911987
47200.0	6000.0	1364.286255241015	0.0	0	289.03357031317864	1564.2862552410224	1	0	2	2.8570772750705156
48200.0	6000.0	1264.2862552410143	0.0	0	513.6111518196049	1464.286255241008	1	0	2	2.8615044858025187
49200.0	6000.0	1164.2862552410202	0.0	0	397.450473363293	1364.2862552410152	1	0	2	2.865713304724138
50200.0	6000.0	1064.286255241021	0.0	0	429.06375859095715	1264.2862552410224	1	0	2	2.869456777956602
51200.0	6000.0	964.2862552410196	0.0	0	273.682844930765	1164.2862552410006	1	0	2	2.87298200150191
52200.0	6000.0	864.2862552410254	0.0	0	413.49740792575903	1064.2862552410152	1	0	2	2.8760071483784566
53200.0	6000.0	764.2862552410198	0.0	0	442.5799486130272	964.2862552410079	1	0	2	2.8787708318271803
54200.0	6000.0	664.2862552410198	0.0	0	303.6216306677161	864.2862552410079	1	0	2	2.881369697483198
55200.0	6000.0	564.2862552410231	0.0	0	450.93226501593745	764.2862552410297	1	0	2	2.8836054815521672
56200.0	6000.0	464.2862552410187	0.0	0	271.00745356534753	664.2862552410224	1	0	2	2.885739960312405
57200.0	6000.0	364.2862552410189	0.0	0	225.6144564895003	564.2862552410224	1	0	2	2.88763615716245
58200.0	6000.0	264.28625524102006	0.0	0	366.9145925530902	464.2862552410297	1	0	2	2.889292506032661
59200.0	6000.0	247.60885125217828	75.74781455559264	0	495.69531220223143	447.6088512521892	1	0	2	2.4426618802801645
60200.0	6000.0	147.60885125217803	0.0	0	500.71242886632535	347.6088512521892	1	0	2	2.8910635463301166
61200.0	6000.0	212.50458178700194	149.90520957711442	0	426.2388200271962	412.5045817870123	1	0	2	2.0056745394930355
62200.0	6000.0	278.0103075759149	150.45975071718655	0	324.0775193685113	478.010307575918	1	0	2	2.001387218141348
63200.0	6000.0	226.82118583165806	44.37352568703733	0	387.8446191662151	426.82118583167176	1	0	2	2.6280929541877835
64200.0	6000.0	323.5824624899301	178.87388787115663	0	214.70748218255903	523.5824624899251	1	0	2	1.8330111854520865
65200.0	6000.0	264.6091140034307	37.296955921366305	0	191.76966412038018	464.6091140034332	1	0	2	2.669269140138044
66200.0	6000.0	341.5714688892908	160.87486807807284	0	149.85727352630056	541.5714688892767	1	0	2	1.9389198487307386
67200.0	6000.0	304.5183378036095	57.22442628574052	0	306.45451092546864	504.51833780360175	1	0	2	2.551048068828798
68200.0	6000.0	244.60045058426812	36.438284346049926	0	375.185368623439	444.60045058424294	1	0	2	2.6746352256377723
69200.0	6000.0	269.467427396257	113.51543346545581	0	289.9502790794213	469.46742739625915	1	0	2	2.2194956334415963
70200.0	6000.0	242.72197179705233	66.59504036436473	0	404.59673375780403	442.72197179705836	1	0	2	2.4967397155867057
71200.0	6000.0	317.70817090932456	159.0783628293269	0	183.32171473781636	517.7081709093181	1	0	2	1.9499065412785344
72200.0	6000.0	217.70817090931482	0.0	0	509.90912901065894	417.7081709093036	1	0	2	2.8900274467582676
73200.0	6000.0	254.42794351996264	124.29070237331396	0	272.6585836875165	454.4279435199278	1	0	2	2.1561582378521877
74200.0	6000.0	321.21234853072133	151.6221863734366	0	226.30702933314024	521.2123485307093	1	0	2	1.9938348990767225
75200.0	6000.0	311.77903805049925	82.33335410890356	0	247.227538466861	511.779038050503	1	0	2	2.4027923274295726
76200.0	6000.0	284.16091050818574	65.80170223425674	0	293.4653081287106	484.16091050818795	1	0	2	2.5007733254823625
77200.0	6000.0	224.7159158015908	36.86818663036695	0	373.68354108111816	424.71591580158565	1	0	2	2.672406779821737
78200.0	6000.0	251.82873109860145	115.55710481544523	0	373.6556160611799	451.8287310985761	1	0	2	2.207720743353714
79200.0	6000.0	372.4809307482964	200.59290877244308	0	56.57202787746792	572.4809307482938	1	0	2	1.704088646751076
80200.0	6000.0	272.48093074828995	0.0	0	417.5359975043539	472.4809307482792	1	0	2	2.8891694327745094
81200.0	6000.0	351.76954927939653	162.98965321010672	0	85.60256518036476	551.7695492793864	1	0	2	1.9262915702629306
82200.0	6000.0	424.4794531245226	157.00900349558015	0	106.18444068427198	624.4794531245134	1	0	2	1.9602931233608931
83200.0	6000.0	376.5315465606394	47.32008494193445	0	178.0395065985358	576.5315465606254	1	0	2	2.6082901601636266
84200.0	6000.0	276.53154656065146	0.0	0	373.809989432164	476.5315465606691	1	0	2	2.889098628607501
85200.0	6000.0	268.2407320872699	83.37198684237356	0	336.0811831213359	468.24073208728805	1	0	2	2.397357749561156
86200.0	6000.0	195.41094479955402	24.700193374810823	0	470.2993939544249	395.41094479957246	1	0	2	2.744641078583761
87200.0	6000.0	173.43696484930564	70.93274549976388	0	454.7443923694227	373.4369648493448	1	0	2	2.472193094170988
88200.0	6000.0	222.00268886103552	135.0597491015816	0	441.06361101059883	422.00268886105914	1	0	2	2.0931181235357346
89200.0	6000.0	263.3249721371566	128.47480297827997	0	334.46909592466545	463.3249721371685	1	0	2	2.131329335388757
90200.0	6000.0	228.15608697354565	58.937377123988995	0	385.4298138830345	428.15608697354037	1	0	2	2.5421456996799368
91200.0	6000.0	229.07028997648206	91.74018454812838	0	403.57639522755926	429.0702899764874	1	0	2	2.348595059841254
92200.0	6000.0	308.4159230366763	163.0414846001798	0	303.9902001292212	508.4159230366786	1	0	2	1.9266650934200662
93200.0	6000.0	243.50167102923052	31.896134538681252	0	357.76910109608434	443.5016710292257	1	0	2	2.701451084002848
94200.0	6000.0	242.33433836468623	89.84787939585121	0	222.13029711348645	442.33433836467157	1	0	2	2.359558395892102
95200.0	6000.0	432.8801385481234	264.13254562131175	0	114.3170368585561	632.8801385481202	1	0	2	1.3281097781533349
96200.0	6000.0	332.88013854813835	0.0	0	361.64858313073637	532.8801385481202	1	0	2	2.8881312838478084
97200.0	6000.0	342.35725536844245	99.52465165481135	0	264.3867674662615	542.3572553684353	1	0	2	2.30085362665927
98200.0	6000.0	242.35725536845342	0.0	0	321.1522244359221	442.35725536844984	1	0	2	2.8896529728857177
99200.0	6000.0	233.19374838212775	82.5786300124357	0	396.23319230476045	433.193748382153	1	0	2	2.4025845863434796
100200.0	6000.0	325.4976154757994	174.821697357868	0	246.86457441363018	525.4976154757896	1	0	2	1.8568849374877054
101200.0	6000.0	225.49761547579686	0.0	0	370.20089919176826	425.4976154758042	1	0	2	2.889908590012992
102200.0	6000.0	281.2948549740671	141.63385408934568	0	315.6309888847318	481.29485497405403	1	0	2	2.0534086994648533
103200.0	6000.0	231.37912834002177	45.53115760540874	0	407.81999799639743	431.3791283400351	1	0	2	2.6211927135868613
104200.0	6000.0	187.90073668822066	51.38328031654825	0	503.8135974336619	387.90073668824334	1	0	2	2.587322408449587
105200.0	6000.0	307.7563430998208	199.86873310144324	0	222.6686126601562	507.7563430998416	1	0	2	1.7094016585379976
106200.0	6000.0	263.03597037898976	50.25420661743365	0	315.69946058714413	463.03597037898726	1	0	2	2.5928372297820976
107200.0	6000.0	163.03597037899058	0.0	0	503.6563776204421	363.03597037901636	1	0	2	2.8908442392281697
108200.0	6000.0	344.65576357888284	256.01799381808985	0	174.04645246712607	544.6557635788777	1	0	2	1.377516156912029
109200.0	6000.0	244.65576357888233	0.0	0	502.2279035012034	444.6557635788631	1	0	2	2.889603718249506
110200.0	6000.0	241.11830955922153	87.69322361849234	0	289.33692237838113	441.1183095591987	1	0	2	2.3722854484587037
111200.0	6000.0	303.8618695542868	147.94869090461958	0	212.24605795904063	503.8618695542973	1	0	2	2.0157953523664736
112200.0	6000.0	311.011737539905	97.40897089600534	0	264.2044042350608	511.0117375398986	1	0	2	2.3138578356452717
113200.0	6000.0	268.5055147405919	52.26707018245441	0	400.5761658909905	468.50551474059466	1	0	2	2.580867991557793
114200.0	6000.0	170.8825483159798	2.160939613985022	0	481.4857039903436	370.88254831595987	1	0	2	2.8779839729576775
115200.0	6000.0	224.58308174818978	139.72775766564965	0	411.22523109745816	424.58308174816193	1	0	2	2.065537348079112
116200.0	6000.0	158.94853107859603	31.24131757309067	0	546.5200482078217	358.9485310785676	1	0	2	2.706582427266392
117200.0	6000.0	203.7353354225359	131.62436758539582	0	486.49160836166993	403.7353354225197	1	0	2	2.1136638573247812
118200.0	6000.0	292.65089964297636	171.74142201859271	0	326.73720118796336	492.65089964299113	1	0	2	1.8755900842486184
119200.0	6000.0	239.39350618211873	42.4932786719549	0	370.69458373043744	439.39350618212484	1	0	2	2.638991983675447
120200.0	6000.0	205.89938550777327	60.45989029604851	0	421.3671321876318	405.89938550775696	1	0	2	2.5335017174440213
121200.0	6000.0	251.92596195973772	132.7514331381622	0	402.0147374708904	451.9259619597142	1	0	2	2.1062726748420886
122200.0	6000.0	176.57982061355276	22.41259877619177	0	448.702683180687	376.5798206135223	1	0	2	2.7584160333746146
123200.0	6000.0	202.22160382959288	114.21980292367736	0	365.37877636033227	402.22160382955917	1	0	2	2.2163735205537103
124200.0	6000.0	248.79370322571776	133.24736308740225	0	339.2553439555486	448.79370322565956	1	0	2	2.103396754280176
125200.0	6000.0	148.96918060582777	0.1595248910047644	0	468.2121326312772	348.9691806057672	1	0	2	2.890107869393763
126217.91233433012	6000.0	362.90392635646924	303.30755773980394	0	0.0	580.8162606865662	1	0	2	1.096143819798201
127200.0	6000.0	419.1065207975985	124.09002425272806	0	188.55494779202854	619.1065207975771	1	0	2	2.1563821891652126
128200.0	6000.0	319.10652079760064	0.0	0	425.0030348903674	519.1065207975917	1	0	2	2.8883872041170022
129200.0	6000.0	219.10652079759714	0.0	0	440.76456325425534	419.10652079759166	1	0	2	2.8900024683603993
130200.0	6000.0	403.5341897812023	258.5706081669174	0	191.48963709862437	603.5341897811886	1	0	2	1.3614324475701345
131200.0	6000.0	323.03878864484625	17.73145351240778	0	219.0460703582794	523.0387886448443	1	0	2	2.783758675807273
132200.0	6000.0	266.0277480084005	39.08087214867231	0	334.91197142819874	466.02774800840416	1	0	2	2.658710711704757
133200.0	6000.0	166.02774800840103	0.0	0	487.8641683352471	366.02774800840416	1	0	2	2.8908039401473555
134200.0	6000.0	177.29184149210766	101.14917589426442	0	496.60389853522065	377.29184149211505	1	0	2	2.2938598040646085
135200.0	6000.0	171.63952394852768	85.77062041492786	0	506.3995697615319	371.63952394851367	1	0	2	2.3846758349228887
136200.0	6000.0	317.3278457566812	223.35301982557684	0	267.8776930286549	517.327845756663	1	0	2	1.5706838932951839
137200.0	6000.0	217.32784575664428	0.0	0	497.2887497131305	417.3278457566048	1	0	2	2.890021224256795
138200.0	6000.0	257.0305801264951	127.00248579077751	0	327.1955689713068	457.0305801264767	1	0	2	2.1401142004358675
139200.0	6000.0	157.03058012647594	0.0	0	542.3063139121514	357.0305801264476	1	0	2	2.8909311471059067
140200.0	6000.0	165.74891465308767	98.8348495696289	0	334.822650428192	365.748914653057	1	0	2	2.307682433880598
141200.0	6000.0	310.1753773656105	222.20587519320827	0	351.63250856657396	510.17537736560917	1	0	2	1.577562616639698
142200.0	6000.0	210.17537736557207	0.0	0	506.24135969235795	410.17537736558006	1	0	2	2.890142709829315
143200.0	6000.0	243.19152291322965	120.92376867968147	0	346.24731295069796	443.19152291322825	1	0	2	2.176192887020874
144200.0	6000.0	277.38964633606884	121.99829402075454	0	326.8241061743465	477.3896463360288	1	0	2	2.1693182184632627
145200.0	6000.0	223.16989236128714	41.61840547749213	0	364.71310373427696	423.169892361213	1	0	2	2.644404184702015
146200.0	6000.0	263.1078330706779	127.21630973581182	0	341.1574083355954	463.1078330706223	1	0	2	2.1387570522638626
147200.0	6000.0	226.43745693125098	57.57238532784325	0	389.0339260135952	426.43745693122037	1	0	2	2.550225579186969
148200.0	6000.0	307.2278213456156	164.35487674028587	0	277.3184090940049	507.2278213456739	1	0	2	1.9189377495947562
149200.0	6000.0	236.35806058957252	26.4820356763004	0	312.72987388959154	436.35806058961316	1	0	2	2.7335058090341837
150200.0	6000.0	227.49303288141334	82.84997481073003	0	426.8161480339477	427.4930328814953	1	0	2	2.401071574564102
151200.0	6000.0	297.83673957494284	154.8579151759304	0	283.8016786502267	497.8367395748792	1	0	2	1.975121595409226
152200.0	6000.0	336.50550987800915	126.0625184573331	0	188.02178645133972	536.505509878014	1	0	2	2.1443853216733437
153200.0	6000.0	390.1536679534048	139.68014370487387	0	99.84381339748506	590.1536679533892	1	0	2	2.0631505518701623
154200.0	6000.0	290.1536679534026	0.0	0	354.39581869603717	490.15366795338923	1	0	2	2.8888809876942467
155200.0	6000.0	387.692034249105	179.5803329961224	0	63.68935618348769	587.6920342491067	1	0	2	1.8277899722471398
156333.9366692837	6000.0	285.4949315906773	131.9393032305698	0	0.0	619.4316008744063	1	0	2	2.0948394033185234
157200.0	6000.0	459.7825135406289	115.41567794353986	0	86.18703986977926	659.7825135406456	1	0	2	2.2184497062216177
158200.0	6000.0	372.3857088119996	11.457450246684019	0	219.5933130805497	572.385708812013	1	0	2	2.819938891062422
159200.0	6000.0	272.3857088120168	0.0	0	429.92499094069353	472.38570881201304	1	0	2	2.889160973999581
160200.0	6000.0	283.6228405168699	101.1246651862166	0	240.29483368244837	483.6228405168513	1	0	2	2.292380047309504
161200.0	6000.0	183.62284051688758	0.0	0	504.95238145274925	383.6228405168513	1	0	2	2.8905416898026415
162200.0	6000.0	327.23360447059383	221.46433086701694	0	227.94087530169054	527.233604470588	1	0	2	1.5816649711421318
163200.0	6000.0	227.2336044706198	0.0	0	344.4800710362615	427.23360447058803	1	0	2	2.8898731172805587
164200.0	6000.0	400.5771098108685	248.49409576386532	0	288.36150440902566	600.577109810838	1	0	2	1.4209167230366742
165200.0	6000.0	300.5771098108724	0.0	0	241.04088345207856	500.5771098108089	1	0	2	2.8886998313221404
166200.0	6000.0	370.89675333402363	154.8360395664858	0	221.98467314374284	570.8967533340328	1	0	2	1.9740306114667958
167200.0	6000.0	304.78830583817273	30.81050227648305	0	282.2277853739215	504.7883058381558	1	0	2	2.7068897188860728
168200.0	6000.0	204.78830583818342	0.0	0	363.4442450357019	404.7883058381267	1	0	2	2.890230790345752
169200.0	6000.0	257.2364857542702	138.58925446917235	0	375.9662466145819	457.23648575425614	1	0	2	2.071745666239109
170200.0	6000.0	230.73139271492198	66.8135517824245	0	218.04829163092654	430.73139271486434	1	0	2	2.4956401966380586
171200.0	6000.0	377.93261612761705	224.72838492060612	0	95.62650094859418	577.9326161276258	1	0	2	1.5615758735168108
172200.0	6000.0	352.6504565209283	67.92530944847337	0	184.11481194308726	552.6504565209616	1	0	2	2.4871279311172385
173200.0	6000.0	256.3147695230846	3.3311936383200873	0	423.7492734279076	456.31476952310186	1	0	2	2.869782811853558
174200.0	6000.0	276.14131950373957	108.93322725516327	0	293.8204882631253	476.14131950374576	1	0	2	2.2464242050570684
175200.0	6000.0	368.96593920299114	175.29510881746728	0	142.14790793941938	568.9659392029862	1	0	2	1.853374456020308
176200.0	6000.0	268.9659392029811	0.0	0	426.2304130263219	468.9659392029571	1	0	2	2.8892104956762568
177200.0	6000.0	327.5963468811136	144.2094615255899	0	172.5941464791249	527.5963468810951	1	0	2	2.037474219120826
178200.0	6000.0	227.59634688109244	0.0	0	441.6782625837077	427.5963468810951	1	0	2	2.889882446666846
179200.0	6000.0	181.73559618312788	49.217499365462714	0	499.862030779419	381.7355961831054	1	0	2	2.600191473162862
180200.0	6000.0	340.03342461930185	234.81620766926858	0	143.53416392274085	540.0334246193233	1	0	2	1.5026916329030797
181200.0	6000.0	356.35222469292387	105.7443637033121	0	147.32534791278886	556.3522246929642	1	0	2	2.2639385807084933
182200.0	6000.0	256.35222469291796	0.0	0	467.0897771003656	456.3522246929351	1	0	2	2.8894189138157538
183200.0	6000.0	191.66214878943308	32.09993099685556	0	417.2352572811651	391.66214878941537	1	0	2	2.7010384064436086
184200.0	6000.0	339.20025661624305	225.03464347892424	0	127.5635172559414	539.2002566162846	1	0	2	1.5604236172848476
185200.0	6000.0	258.14822298521074	17.225423971817747	0	270.93381532342755	458.14822298529907	1	0	2	2.7877864973640554
186267.373394717	6000.0	389.4431053969055	277.6414696367328	0	0.0	656.8165001139278	1	0	2	1.2412337245649212
187200.0	6000.0	448.6023954610781	77.31686897769097	0	114.47406470315764	648.6023954610864	1	0	2	2.4367704402391577
188200.0	6000.0	348.6023954610878	0.0	0	520.2677483486477	548.6023954611155	1	0	2	2.8878439220503638
189200.0	6000.0	278.48251699673347	27.163746850575127	0	319.26489917113213	478.4825169967662	1	0	2	2.7288266661276253
190200.0	6000.0	220.30938772773774	38.02442793725879	0	432.79583410342457	420.309387727757	1	0	2	2.6656524014072778
191200.0	6000.0	214.9873227689694	86.0708500374455	0	386.28863736838684	414.98732276895316	1	0	2	2.3822595839455496
192200.0	6000.0	394.9907035885322	254.54852801780663	0	60.56861037577619	594.9907035885262	1	0	2	1.385357777578276
193200.0	6000.0	307.298378180609	11.188795083712382	0	356.3899676405126	507.29837818059605	1	0	2	2.82260928652563
194200.0	6000.0	274.4377279769551	61.03577254215032	0	210.64395385570242	474.43772797699785	1	0	2	2.529053641716004
195200.0	6000.0	251.05612481495746	69.6530880345355	0	398.9993328700075	451.05612481496064	1	0	2	2.478566605923816
196200.0	6000.0	303.6902574824277	138.75830242495823	0	328.02056753938086	503.6902574823762	1	0	2	2.070010495650173
197200.0	6000.0	243.21073768047665	35.927709270956996	0	136.1114832177409	443.21073768046335	1	0	2	2.6776825316042476
198200.0	6000.0	413.2494866205957	245.4897717637448	0	190.2745750780159	613.2494866205961	1	0	2	1.4384388566757473
199200.0	6000.0	313.2494866205976	0.0	0	49.70574568846496	513.2494866205961	1	0	2	2.8884855095390813
200200.0	6000.0	421.95948152719694	189.7363590060003	0	129.8501462629356	621.9594815272139	1	0	2	1.7672420689961885
201228.97840519922	6000.0	311.547481146396	19.51295030759661	0	0.0	540.5258863456256	1	0	2	2.7701098891865765
202200.0	6000.0	473.71512641081074	209.3558177684352	0	59.28966997200041	673.7151264108252	1	0	2	1.6534658462137277
203200.0	6000.0	373.7151264108046	0.0	0	281.14228943543276	573.7151264108252	1	0	2	2.887463805604427
204200.0	6000.0	301.5189492046144	25.276202539834454	0	186.22305150542525	501.5189492046484	1	0	2	2.7396039046779626
205200.0	6000.0	290.20069217989425	80.61976634114066	0	231.53927517789998	490.20069217990385	1	0	2	2.4132554770391095
206200.0	6000.0	347.17115126933555	142.70041735402168	0	130.66860168013955	547.1711512693146	1	0	2	2.0460593114983947
207200.0	6000.0	359.1511328581356	101.79998326257294	0	107.4675146274094	559.1511328581255	1	0	2	2.28717721393708
208200.0	6000.0	387.87798540253164	117.02441140402668	0	67.8917189714557	587.8779854025634	1	0	2	2.1968717750813602
209200.0	6000.0	287.8779854025323	0.0	0	386.7442648797587	487.87798540253425	1	0	2	2.8889206124661704
210200.0	6000.0	245.55092432661837	52.42994447643957	0	361.33198319908115	445.5509243266133	1	0	2	2.580269559619057
211200.0	6000.0	381.65558474981304	214.64060038473062	0	146.62551734381123	581.6555847497948	1	0	2	1.6210200428727477
212200.0	6000.0	281.6555847498017	0.0	0	446.83419991927803	481.6555847497657	1	0	2	2.8890004322799907
213200.0	6000.0	181.65558474982802	0.0	0	511.2817291179672	381.6555847497657	1	0	2	2.890571641659635
214200.0	6000.0	217.51465778732057	123.5082482158956	0	329.66318860897445	417.51465778725105	1	0	2	2.161340487337762
215200.0	6000.0	275.77228681759334	143.87057184569917	0	373.78973660003976	475.7722868176061	1	0	2	2.0402939077352116
216200.0	6000.0	301.9264478372258	114.6856009269768	0	108.6253454456164	501.92644783720607	1	0	2	2.2120972965862884
217200.0	6000.0	272.476928608104	64.13680070081286	0	443.1580395337078	472.47692860811367	1	0	2	2.5107720449033373
218200.0	6000.0	172.47692860811875	0.0	0	502.0511195694271	372.4769286081719	1	0	2	2.8907076623186976
219200.0	6000.0	348.00898382673546	250.48368656234328	0	216.80916616291506	548.0089838267595	1	0	2	1.410101850831837
220200.0	6000.0	297.64388901219206	45.122641077650485	0	307.63837182725547	497.64388901219354	1	0	2	2.6225623086018177
221200.0	6000.0	197.64388901216805	0.0	0	557.8246365606901	397.64388901216444	1	0	2	2.890319158614953
222200.0	6000.0	212.74914078073002	104.64113797138958	0	388.1509561606799	412.74914078073925	1	0	2	2.272728854710262
223200.0	6000.0	258.91929910587373	132.8819621137663	0	346.55721570551395	458.9192991058808	1	0	2	2.1053956077021367
224200.0	6000.0	340.4153796210111	164.9964368319298	0	214.69712093195994	540.4153796210303	1	0	2	1.9146056986167415
225200.0	6000.0	252.5440340927753	11.026049519769401	0	361.25348208786454	452.5440340928035	1	0	2	2.8244433428995523
226200.0	6000.0	196.74498495799128	40.18268260475489	0	485.91224538264214	396.7449849580298	1	0	2	2.653274493170762
227200.0	6000.0	198.41679444033304	92.4289177112029	0	472.41121875005774	398.4167944403016	1	0	2	2.3449967322420413
228200.0	6000.0	235.52740074456028	124.64600573111716	0	350.07306341663934	435.52740074452595	1	0	2	2.1543509363317788
229200.0	6000.0	164.6432660301874	26.468968441496912	0	493.70037325582234	364.6432660301216	1	0	2	2.734657135472035
230200.0	6000.0	235.9202100603294	155.70631275466982	0	344.22911363319145	435.9202100603143	1	0	2	1.971089034715201
231200.0	6000.0	379.21009886364874	221.1726261848443	0	49.97629647262511	579.2100988636375	1	0	2	1.5825566527810888
232200.0	6000.0	326.86753160230563	43.324938853331496	0	313.01624932631967	526.8675316022709	1	0	2	2.6326870129498485
233200.0	6000.0	304.6999367486694	70.75673195121223	0	279.1603832252731	504.6999367486569	1	0	2	2.4712070805597173
234200.0	6000.0	204.6999367486533	0.0	0	495.36113530461444	404.6999367486569	1	0	2	2.8902208062195056
235200.0	6000.0	312.6752823992064	189.06849604597934	0	142.4957676565973	512.6752823991992	1	0	2	1.7730547774326937
236200.0	6000.0	247.10178077435057	31.296816704685256	0	337.97062797742547	447.10178077436285	1	0	2	2.704931045545421
237200.0	6000.0	280.7626666159651	121.50989621962897	0	362.2734202563879	480.76266661600675	1	0	2	2.1721433447036373
238200.0	6000.0	271.8478810055818	82.80474035418901	0	313.1269526775286	471.84788100558217	1	0	2	2.4006486158160243
239200.0	6000.0	272.94878211451476	91.90991009902667	0	365.13622698545805	472.9487821145449	1	0	2	2.3469068138197846
240200.0	6000.0	180.68757276753095	7.035264230015088	0	500.4659720955533	380.6875727675797	1	0	2	2.849082068118203
241200.0	6000.0	237.75053551860054	142.7845115918632	0	323.28952226560796	437.7505355186586	1	0	2	2.047300239670194
242200.0	6000.0	333.2796470487756	177.7537377547456	0	234.7738536639372	533.2796470487665	1	0	2	1.8394562273388395
243200.0	6000.0	328.8841790736134	86.91321093168452	0	211.04021013216698	528.8841790735605	1	0	2	2.375491431297083
244200.0	6000.0	228.884179073631	0.0	0	348.3648920575797	428.8841790735314	1	0	2	2.8898608633916774
245200.0	6000.0	253.9387268377169	113.68595251279024	0	356.79150235195993	453.9387268375722	1	0	2	2.2187277476511102
246200.0	6000.0	203.64539339824614	45.187878691413715	0	361.3963240311423	403.6453933981247	1	0	2	2.62364049339742
247200.0	6000.0	211.36859363672428	97.93018203501805	0	390.6097630057775	411.36859363660915	1	0	2	2.3123444107896503
248200.0	6000.0	368.3635557724642	233.63178375978868	0	232.76150032077567	568.3635557724629	1	0	2	1.5091780878426078
249200.0	6000.0	329.0966839672178	55.2119347224746	0	267.0342182079039	529.0966839672183	1	0	2	2.5625203602602604
250200.0	6000.0	279.62897452424846	45.93844596096617	0	220.5221670443716	479.6289745242102	1	0	2	2.618046462367058
251200.0	6000.0	301.31857137059257	110.62690622395981	0	219.45892908645328	501.3185713705898	1	0	2	2.236035021590005
252200.0	6000.0	306.7547338973414	95.85105684252594	0	257.37980156517006	506.75473389736726	1	0	2	2.323119796677381
253200.0	6000.0	226.23583186464123	17.71008906114855	0	436.5693487699318	426.23583186464384	1	0	2	2.7854162247108807
254200.0	6000.0	201.21236978744426	68.16048902073007	0	443.4699184788042	401.21236978739034	1	0	2	2.4881386096295697
255200.0	6000.0	362.0993420157512	237.16997475296577	0	151.4831790261669	562.0993420157756	1	0	2	1.4884330739599205
256200.0	6000.0	262.09934201577596	0.0	0	443.5075558658864	462.0993420157756	1	0	2	2.889325354180358
257200.0	6000.0	172.44816368034247	9.408019695070749	0	472.873289461917	372.4481636803248	1	0	2	2.8352033966574486
258200.0	6000.0	346.90760447776273	249.50858254311294	0	191.83829277259065	546.9076044777757	1	0	2	1.4158799833791216
259200.0	6000.0	256.202840689255	8.450214737699582	0	351.74012716286234	456.2028406893078	1	0	2	2.8395842155936704
260200.0	6000.0	230.51168861587962	67.55349811508884	0	382.72478280906216	430.51168861595215	1	0	2	2.491274291000087
261200.0	6000.0	353.6618484375795	202.86378165609693	0	113.2351177346427	553.6618484375358	1	0	2	1.6909929819361271
262200.0	6000.0	397.5819057946562	130.83641577918132	0	168.00523383988184	597.581905794621	1	0	2	2.1151766507479035
263200.0	6000.0	376.9588846256455	72.16088984629673	0	171.8934021392488	576.9588846256374	1	0	2	2.461719052010439
264200.0	6000.0	276.9588846255297	0.0	0	431.81001866731094	476.9588846254628	1	0	2	2.889066178874812
265200.0	6000.0	371.3825406672131	176.74877821967996	0	308.4603183820727	571.3825406671967	1	0	2	1.8447274708276966
266200.0	6000.0	271.3825406672692	0.0	0	526.3972074204939	471.38254066725494	1	0	2	2.8891605500993403
267200.0	6000.0	297.21013143457105	114.38871887936789	0	231.68170962762088	497.2101314346073	1	0	2	2.213905022184001
268200.0	6000.0	197.21013143459743	0.0	0	533.0267099983757	397.2101314346655	1	0	2	2.8903431959495682
269200.0	6000.0	274.2807278899794	160.97326950487178	0	138.03468339610845	474.2807278899709	1	0	2	1.9394334180977308
270200.0	6000.0	367.97355100199144	176.0843846472707	0	215.055514194828	567.9735510019818	1	0	2	1.84871806612683
271200.0	6000.0	267.9735510019716	0.0	0	529.3051570698735	467.97355100198183	1	0	2	2.8892188529815557
272200.0	6000.0	214.93718853535796	42.694215939508894	0	440.2324880195665	414.93718853534665	1	0	2	2.638182486837907
273200.0	6000.0	201.11493928875524	78.34340977581007	0	393.327363354736	401.11493928870186	1	0	2	2.428060837702659
274200.0	6000.0	329.4355851860174	207.5642235429563	0	211.15964440640528	529.4355851860018	1	0	2	1.663639780962472
275200.0	6000.0	229.43558518605568	0.0	0	406.69944806199055	429.43558518611826	1	0	2	2.8898413316070113
276200.0	6000.0	471.6233839898875	311.079817094335	0	17.291516984812915	671.6233839899069	1	0	2	1.0504577518851472
277200.0	6000.0	371.62338398984946	0.0	0	507.26745422027307	571.6233839897905	1	0	2	2.8874485535865557
278200.0	6000.0	271.623383989844	0.0	0	579.5267491168925	471.62338398984866	1	0	2	2.88915445405255
279200.0	6000.0	250.5974942532647	71.79464569406016	0	359.7495104857371	450.59749425330665	1	0	2	2.465938631872497
280200.0	6000.0	261.2439314715177	100.58767019836068	0	363.15524313540664	461.2439314715448	1	0	2	2.2958931420852107
281200.0	6000.0	164.60337904377417	3.0540432475090995	0	549.6791407566634	364.60337904375046	1	0	2	2.872805771110343
282200.0	6000.0	124.14433240943703	54.12813942338005	0	569.086742362706	324.1443324093707	1	0	2	2.572042464142368
283200.0	6000.0	195.55704449841826	155.82973826272848	0	457.24904822546523	395.5570444983314	1	0	2	1.9709745857386252
284200.0	6000.0	339.2880785780965	221.57366734516557	0	237.77508889872115	539.2880785780726	1	0	2	1.5808168112837282
285200.0	6000.0	239.28807857807402	0.0	0	435.5445912965224	439.2880785780726	1	0	2	2.8896935397218844
286200.0	6000.0	292.68794009610906	139.4544195618932	0	380.98464657366276	492.6879400960752	1	0	2	2.0660780427209167
287200.0	6000.0	221.88863235684263	26.546083873451153	0	356.97464013443096	421.88863235677127	1	0	2	2.7333504931380386
288200.0	6000.0	278.1552110224889	142.0605260596398	0	295.0988592353533	478.15521102253115	1	0	2	2.050942207185864
289200.0	6000.0	310.50990804160176	120.32245183552504	0	235.57973654463422	510.50990804156754	1	0	2	2.178679074588523
290200.0	6000.0	236.0688367832807	23.23538976511807	0	360.82044335477985	436.06883678311715	1	0	2	2.752665175413203
291200.0	6000.0	243.33041946009527	97.51052970618773	0	300.85501684236806	443.3304194599041	1	0	2	2.314328828740053
292200.0	6000.0	275.0635653042926	119.75740531297592	0	300.98521379346494	475.06356530427	1	0	2	2.1825785222931304
293200.0	6000.0	282.4428915356983	97.61756930126347	0	358.3219115238171	482.44289153569844	1	0	2	2.313082129656547
294200.0	6000.0	182.4428915356756	0.0	0	527.6920936082024	382.44289153564023	1	0	2	2.8905562421547093
295200.0	6000.0	291.02305704327114	189.61833227963473	0	267.7177244310151	491.02305704320315	1	0	2	1.7701476973549273
296200.0	6000.0	191.02305704332082	0.0	0	473.0481790882186	391.02305704320315	1	0	2	2.890434461855227
297200.0	6000.0	253.509336349997	147.71479936969965	0	423.97481732361484	453.50933635002	1	0	2	2.0179638551416765
298200.0	6000.0	301.23018156618167	134.2916774692791	0	272.6819496162352	501.23018156614853	1	0	2	2.096407556821753
299200.0	6000.0	226.48928980624564	22.962825672818695	0	405.43885543663055	426.489289806108	1	0	2	2.7544211847487547
300200.0	6000.0	316.99665735652087	173.18851595480083	0	248.97788176382892	516.9966573565616	1	0	2	1.866660512124311
6.96	7.06	9.55	9.25	9.63	9.08	7.82	7.45	11.2	8.88	9.27	9.69	9.53	8.7	6.99	8.54	10.2	9.73	9.68	7.03	12.7	11.1	6.95	13.4	9.45	11.0	10.7	11.0	11.3	9.42	8.63	8.69	11.1	11.0	10.9	10.8	10.6	8.06	10.5	10.9	10.5	10.8	11.1	10.8	8.61	8.19	9.92	10.4	11.0	9.25	10.2	9.34	7.95	13.5	9.14	9.34	9.7	8.97	10.4	7.31	7.11	9.69	9.98	9.82	9.52	9.3	10.1	9.22	9.63	9.91	9.55	8.13	9.06	7.91	9.94	7.54	8.2	10.8	11.5	11.5	11.7	11.6	11.1	10.8	11.0	10.7	11.0	11.3	6.51	9.86	6.25	10.5	10.3	10.6	11.4	10.3	9.79	11.0	11.1	10.4	11.1	9.92	9.59	11.0	8.04	8.35	9.07	11.8	9.36	11.3	10.1	10.8	12.6	11.7	11.4	12.2	11.7	9.49	10.4	7.91	7.12	9.2	9.89	7.5	10.0	11.0	11.3	11.4	11.1	10.2	12.0	11.0	10.8	11.4	5.8	10.3	10.3	9.78	9.53	9.73	9.6	9.19	9.62	9.24	9.17	8.59	8.81	8.94	8.78	8.23	6.61	6.54	8.96	9.42	9.42	9.03	9.47	5.62	13.3	8.49	10.2	9.67	8.53	11.4	7.54	7.45	8.93	10.5	9.36	9.56	9.79	9.34	9.48	9.55	9.39	8.89	10.4	9.76	9.47	7.36	6.79	9.92	10.2	9.61	10.9	9.93	7.56	12.3	8.36	8.17	8.96	5.5	9.6	3.89	8.4	6.32	8.46	8.75	8.21	8.24	8.0	8.1	7.57	8.54	8.51	10.5	9.5	9.64	7.63	10.4	7.35	11.4	10.5	10.6	10.6	10.5	10.4	10.8	10.3	9.88	9.79	10.7	10.1	10.2	7.72	6.91	9.74	10.5	9.82	8.83	9.28	9.33	10.1	11.0	10.5	10.5	10.9	10.7	9.99	10.1	8.08	7.81	10.1	11.7	9.5	9.07	9.87	10.6	10.4	9.76	9.92	9.26	9.52	10.2	8.78	7.38	8.93	10.6	6.76	14.0	11.3	10.0	11.5	8.73	11.3	10.7	10.8	10.1	9.23	6.61	8.57	11.1	11.3	10.5	10.6	11.9	11.3	10.8	10.5	8.59	11.5	11.0	10.4	11.4	10.0	7.51	7.64	11.4	11.3	10.9	9.95	11.4	9.82	10.8	9.69
1.0	2.0	3.0	4.0	5.0	6.0	7.0	8.0	9.0	10.0	11.0	12.0	13.0	14.0	15.0	16.0	17.0	18.0	19.0	20.0	21.0	22.0	23.0	24.0	25.0	26.0	27.0	28.0	29.0	30.0	31.0	32.0	33.0	34.0	35.0	36.0	37.0	38.0	39.0	40.0	41.0	42.0	43.0	44.0	45.0	46.0	47.0	48.0	49.0	50.0	51.0	52.0	53.0	54.0	55.0	56.0	57.0	58.0	59.0	60.0	61.0	62.0	63.0	64.0	65.0	66.0	67.0	68.0	69.0	70.0	71.0	72.0	73.0	74.0	75.0	76.0	77.0	78.0	79.0	80.0	81.0	82.0	83.0	84.0	85.0	86.0	87.0	88.0	89.0	90.0	91.0	92.0	93.0	94.0	95.0	96.0	97.0	98.0	99.0	100.0	101.0	102.0	103.0	104.0	105.0	106.0	107.0	108.0	109.0	110.0	111.0	112.0	113.0	114.0	115.0	116.0	117.0	118.0	119.0	120.0	121.0	122.0	123.0	124.0	125.0	126.0	127.0	128.0	129.0	130.0	131.0	132.0	133.0	134.0	135.0	136.0	137.0	138.0	139.0	140.0	141.0	142.0	143.0	144.0	145.0	146.0	147.0	148.0	149.0	150.0	151.0	152.0	153.0	154.0	155.0	156.0	157.0	158.0	159.0	160.0	161.0	162.0	163.0	164.0	165.0	166.0	167.0	168.0	169.0	170.0	171.0	172.0	173.0	174.0	175.0	176.0	177.0	178.0	179.0	180.0	181.0	182.0	183.0	184.0	185.0	186.0	187.0	188.0	189.0	190.0	191.0	192.0	193.0	194.0	195.0	196.0	197.0	198.0	199.0	200.0	201.0	202.0	203.0	204.0	205.0	206.0	207.0	208.0	209.0	210.0	211.0	212.0	213.0	214.0	215.0	216.0	217.0	218.0	219.0	220.0	221.0	222.0	223.0	224.0	225.0	226.0	227.0	228.0	229.0	230.0	231.0	232.0	233.0	234.0	235.0	236.0	237.0	238.0	239.0	240.0	241.0	242.0	243.0	244.0	245.0	246.0	247.0	248.0	249.0	250.0	251.0	252.0	253.0	254.0	255.0	256.0	257.0	258.0	259.0	260.0	261.0	262.0	263.0	264.0	265.0	266.0	267.0	268.0	269.0	270.0	271.0	272.0	273.0	274.0	275.0	276.0	277.0	278.0	279.0	280.0	281.0	282.0	283.0	284.0	285.0	286.0	287.0	288.0	289.0	290.0	291.0	292.0	293.0	294.0	295.0
5534.933814407654
