5122.8392960250585	300.0	2000.0	74.15873327779441	0	0.0	5122.8392960250585	1	0	1	-1.6017142831464568
5186.920995786491	300.0	2929.5101302624234	0.0	0	0.0	5116.431126048915	1	0	2	-1.3668520479327784
5252.25731546567	300.0	3857.6401786153265	0.0	0	0.0	5109.897494080997	1	0	2	-1.1615272507661554
5343.656857947574	500.0	4757.100681885233	0.0	0	0.0	5100.757539832807	1	0	2	-1.1573477538898307
6200.0	500.0	4815.123225627565	0.0	0	780.959143008221	5015.123225627564	1	0	2	-0.6847253705375976
7200.0	500.0	4715.123225627565	0.0	0	912.7763832513883	4915.123225627565	1	0	2	-0.6202720275215631
8200.0	500.0	4615.123225627564	0.0	0	913.7567803758047	4815.123225627564	1	0	2	-0.5451398189217342
9200.0	1000.0	4515.123225627566	0.0	0	883.4264101831104	4715.123225627565	1	0	2	-0.4737904278834118
10200.0	2000.0	4415.123225627569	0.0	0	730.7948860943125	4615.123225627568	1	0	2	0.28687253827698694
11200.0	6000.0	4315.12322562757	0.0	0	542.6403882583163	4515.123225627569	1	0	2	1.0439836570968448
12200.0	6000.0	4215.123225627569	0.0	0	118.09881362974738	4415.123225627566	1	0	2	2.207686595861789
13200.0	6000.0	4115.123225627569	0.0	0	478.86499236236523	4315.123225627569	1	0	2	2.2590979737594137
14200.0	6000.0	4015.123225627567	0.0	0	420.00677948602606	4215.123225627567	1	0	2	2.3115625824918236
15200.0	6000.0	3915.1232256275634	0.0	0	188.13733377502285	4115.123225627563	1	0	2	2.3622350195317905
16200.0	6000.0	3815.1232256275644	0.0	0	285.62152718521247	4015.1232256275634	1	0	2	2.4070445322087046
17200.0	6000.0	3715.123225627565	0.0	0	204.2252066926958	3915.123225627567	1	0	2	2.44969297090985
18200.0	6000.0	3615.123225627562	0.0	0	360.416008475142	3815.1232256275653	1	0	2	2.487177821861423
19200.0	6000.0	3515.123225627565	0.0	0	272.445488818983	3715.123225627567	1	0	2	2.5236595592512647
20316.54333732499	6000.0	3286.925554570069	0.0	0	0.0	3603.4688918950596	1	0	2	2.552110362857331
21200.0	6000.0	3315.1232256275553	0.0	0	49.99720794150562	3515.1232256275543	1	0	2	2.6030510393302873
22200.0	6000.0	3215.1232256275534	0.0	0	404.22753390643265	3415.1232256275543	1	0	2	2.614999097541803
23200.0	6000.0	3115.123225627549	0.0	0	476.7323128877615	3315.1232256275543	1	0	2	2.6407121938617912
24200.0	6000.0	3015.1232256275516	0.0	0	207.21778392574197	3215.123225627558	1	0	2	2.665264416595646
25200.0	6000.0	2915.1232256275507	0.0	0	175.3061576799846	3115.1232256275543	1	0	2	2.687312726786554
26200.0	6000.0	2815.1232256275525	0.0	0	252.38363267988098	3015.1232256275543	1	0	2	2.70661835145115
27200.0	6000.0	2715.1232256275503	0.0	0	373.0471859058307	2915.123225627547	1	0	2	2.7242448376411663
28200.0	6000.0	2615.123225627551	0.0	0	197.47762488573426	2815.123225627547	1	0	2	2.741350797109014
29200.0	6000.0	2515.123225627554	0.0	0	395.787360129616	2715.1232256275507	1	0	2	2.7558329860215087
30200.0	6000.0	2415.123225627556	0.0	0	295.6386071086599	2615.1232256275507	1	0	2	2.7697958113422265
31200.0	6000.0	2315.12322562756	0.0	0	161.31340207810354	2515.123225627547	1	0	2	2.782776751338684
32200.0	6000.0	2215.1232256275584	0.0	0	207.08306890254244	2415.123225627547	1	0	2	2.7940574615241345
33200.0	6000.0	2115.123225627563	0.0	0	387.04989217923503	2315.1232256275507	1	0	2	2.803966575616948
34200.0	6000.0	2015.1232256275684	0.0	0	175.30311048054136	2215.1232256275543	1	0	2	2.8137293675903297
35296.02251409191	6000.0	1809.4984601264744	0.0	0	0.0	2105.520974218365	1	0	2	2.8134466547031933
36310.496633694886	6000.0	1693.5769285632032	0.0	0	0.0	2004.0735622580687	1	0	2	2.8307581307030487
37200.0	6000.0	1715.1232256275796	0.0	0	285.42918410642596	1915.1232256275616	1	0	2	2.848139286598391
38200.0	6000.0	1615.1232256275819	0.0	0	463.2722187974432	1815.123225627569	1	0	2	2.8432834386972115
39200.0	6000.0	1515.1232256275764	0.0	0	249.63996277509432	1715.123225627569	1	0	2	2.8493022261583545
40200.0	6000.0	1415.1232256275844	0.0	0	119.50981649679306	1615.1232256275762	1	0	2	2.8547586670359397
41200.0	6000.0	1315.1232256275812	0.0	0	454.68044641603774	1515.1232256275762	1	0	2	2.859278130488164
42200.0	6000.0	1215.1232256275782	0.0	0	459.3003868622327	1415.1232256275762	1	0	2	2.8636312515303946
43200.0	6000.0	1115.1232256275744	0.0	0	457.4837734578541	1315.123225627569	1	0	2	2.8675813878541367
44200.0	6000.0	1015.1232256275691	0.0	0	73.8050501657126	1215.1232256275616	1	0	2	2.871525321465611
45200.0	6000.0	915.123225627572	0.0	0	379.99391035357985	1115.1232256275543	1	0	2	2.874439858115591
46200.0	6000.0	815.1232256275702	0.0	0	122.212675685063	1015.1232256275543	1	0	2	2.8775744605305307
47200.0	6000.0	715.1232256275749	0.0	0	96.0189032004564	915.1232256275616	1	0	2	2.880409845410264
48200.0	6000.0	615.1232256275697	0.0	0	468.47475271213625	815.1232256275616	1	0	2	2.882463062464903
49200.0	6000.0	515.1232256275806	0.0	0	402.33931648125144	715.1232256275689	1	0	2	2.8846710733353604
50200.0	6000.0	415.1232256275801	0.0	0	258.3787832208909	615.1232256275689	1	0	2	2.8866903785890745
51461.46033451894	6000.0	290.4242888056059	239.00675558988195	0	0.0	751.8846233245422	1	0	2	1.4477233718115565
52383.33303488782	6000.0	622.5815699199443	314.74295592736644	0	0.0	1005.9146048077673	1	0	2	1.029063660230368
53200.0	6000.0	724.247908296551	0.0	0	335.5635903555376	924.2479082965438	1	0	2	2.8982733364383355
54200.0	6000.0	624.2479082965511	0.0	0	385.1166624518373	824.2479082965438	1	0	2	2.882270556340406
55200.0	6000.0	524.2479082965554	0.0	0	361.33121969463537	724.247908296551	1	0	2	2.884488763156503
56200.0	6000.0	424.24790829655063	0.0	0	215.93025122097606	624.2479082965438	1	0	2	2.8865558907136997
57200.0	6000.0	324.2479082965483	0.0	0	322.09003228929214	524.2479082965365	1	0	2	2.8883166257619766
58200.0	6000.0	239.97899294793527	14.300986046709625	0	344.42969277538214	439.97899294792296	1	0	2	2.805317397553936
59200.0	6000.0	290.2793771460759	136.63671290739748	0	280.8478707373433	490.2793771460638	1	0	2	2.0827512660803658
60200.0	6000.0	227.93927912731127	34.23627452839605	0	396.16756959073973	427.9392791272985	1	0	2	2.687885541356873
61200.0	6000.0	322.77971843468623	177.1276720976116	0	90.1399391354571	522.7797184346709	1	0	2	1.8433452931233683
62200.0	6000.0	362.66140145243116	127.16516637976565	0	74.90265363129583	562.6614014524239	1	0	2	2.137460044738807
63200.0	6000.0	313.25518956694054	45.994352831367394	0	309.219487643757	513.2551895669385	1	0	2	2.6171648767797384
64200.0	6000.0	319.12223213410914	96.24276597015088	0	250.62285387538577	519.1222321341047	1	0	2	2.320604420163924
65200.0	6000.0	305.21024341154356	78.26182843403095	0	208.0212957871845	505.2102434115368	1	0	2	2.426921514839686
66402.86110711149	6000.0	377.8928605531524	359.8453045129552	0	0.0	780.7539676646411	1	0	2	0.7401256555821332
67200.0	6000.0	501.04007837579604	0.0	0	154.15807988627057	701.0400783757941	1	0	2	2.905438052961247
68200.0	6000.0	401.04007837580565	0.0	0	67.95689132259577	601.0400783758232	1	0	2	2.887043040163803
69200.0	6000.0	360.3407214551023	53.9096755266342	0	182.92884799430612	560.3407214551116	1	0	2	2.569687767641306
70200.0	6000.0	423.7585215590053	148.56163645809164	0	57.80072705108614	623.7585215590079	1	0	2	2.0101794873103094
71200.0	6000.0	381.0702499237721	52.10157124068667	0	154.90797874350392	581.0702499237668	1	0	2	2.5800031366053955
72200.0	6000.0	440.3959691510279	144.8415629338553	0	33.36735036653408	640.3959691510245	1	0	2	2.031833371669041
73200.0	6000.0	340.3959691510354	0.0	0	244.50078604975715	540.395969151039	1	0	2	2.888068819149522
74200.0	6000.0	409.33936724275884	153.58490735611656	0	43.016651442376315	609.3393672427483	1	0	2	1.9808098436798218
75200.0	6000.0	340.48250053874557	28.31193935998283	0	170.26236462091038	540.4825005387393	1	0	2	2.7210522375792228
76200.0	6000.0	309.9263924384946	63.1308108179735	0	188.21853976679267	509.92639243850135	1	0	2	2.516118945435957
77323.48577069808	6000.0	279.64469954930735	186.86604988972041	0	0.0	603.1304702474008	1	0	2	1.772052871015907
78516.32769044889	6000.0	443.39438328341157	432.6143595090827	0	0.0	959.7220737322932	1	0	2	0.3075398149910833
80187.234344442	6000.0	200.0	540.548123735459	0	0.0	1387.2343444419967	1	0	2	-0.38815043233175445
81564.82780034647	6000.0	209.99774299275015	477.59140407971654	0	0.0	1774.8255433392187	1	0	2	-0.009504825808375084
82475.88868068098	6000.0	545.3450975670489	306.83120267476124	0	0.0	2021.2337782480172	1	0	2	1.0292417823581994
82795.14578449742	3000.0	1226.08799375061	0.0	0	0.0	2021.2337782480172	1	0	1	1.3458679256795574
83658.55006468306	6000.0	1362.6837135649678	0.0	0	0.0	2021.2337782480172	1	0	1	2.2390151062395023
84267.55541908587	6000.0	1753.678359162167	0.0	0	0.0	2021.2337782480172	1	0	1	2.9321622867994472
85200.0	6000.0	1821.233778248019	0.0	0	134.47457128863607	2021.2337782480317	1	0	1	2.9321622867994463
86200.0	6000.0	1821.2337782480065	0.0	0	160.02971162814356	2021.2337782480463	1	0	1	2.932162286799445
87200.0	6000.0	1821.2337782480108	0.0	0	401.75592773006065	2021.2337782480608	1	0	1	2.9321622867994446
88200.0	6000.0	1821.2337782480085	0.0	0	79.88689115192392	2021.2337782480608	1	0	1	2.9321622867994446
89200.0	6000.0	1821.2337782480158	0.0	0	383.76286070821516	2021.2337782480608	1	0	1	2.9321622867994446
90200.0	6000.0	1821.2337782479995	0.0	0	521.0696728663024	2021.2337782480608	1	0	1	2.9321622867994446
91200.0	6000.0	1821.2337782480108	0.0	0	18.08590871313936	2021.2337782480608	1	0	1	2.9321622867994446
92200.0	6000.0	1821.2337782480276	0.0	0	431.7944959808665	2021.2337782480754	1	0	1	2.9321622867994437
93200.0	6000.0	1821.2337782480345	0.0	0	355.4683157492691	2021.2337782480754	1	0	1	2.9321622867994437
94200.0	6000.0	1821.2337782480347	0.0	0	245.9489000586036	2021.2337782480754	1	0	1	2.9321622867994437
95236.98798413739	6000.0	1784.2457941106468	0.0	0	0.0	2021.2337782480754	1	0	1	2.9321622867994437
96251.81219805554	6000.0	1769.4215801924795	0.0	0	0.0	2021.2337782480754	1	0	1	2.9321622867994437
97296.30426450216	6000.0	1724.9295137458598	0.0	0	0.0	2021.2337782480754	1	0	1	2.9321622867994437
98200.0	6000.0	1821.2337782480208	0.0	0	150.02124279433338	2021.2337782480754	1	0	1	2.9321622867994437
99200.0	6000.0	1821.2337782480085	0.0	0	222.27044854527048	2021.23377824809	1	0	1	2.9321622867994424
100200.0	6000.0	1821.2337782480067	0.0	0	399.7619490191137	2021.23377824809	1	0	1	2.9321622867994424
101200.0	6000.0	1821.2337782480245	0.0	0	335.72954845798085	2021.23377824809	1	0	1	2.9321622867994424
102200.0	6000.0	1821.2337782480092	0.0	0	201.97831238413346	2021.23377824809	1	0	1	2.9321622867994424
103200.0	6000.0	1821.2337782480242	0.0	0	405.45730797661236	2021.23377824809	1	0	1	2.9321622867994424
104200.0	6000.0	1821.2337782480295	0.0	0	361.9432312235149	2021.23377824809	1	0	1	2.9321622867994424
105200.0	6000.0	1821.2337782480324	0.0	0	331.25293839295045	2021.23377824809	1	0	1	2.9321622867994424
106200.0	6000.0	1821.2337782480372	0.0	0	403.90763736941153	2021.23377824809	1	0	1	2.9321622867994424
107533.79660030532	6000.0	1487.4371779426972	0.0	0	0.0	2021.2337782480754	1	0	1	2.9321622867994437
108228.19870027271	6000.0	1793.0350779753005	0.0	0	0.0	2021.23377824809	1	0	1	2.9321622867994424
109285.25628054794	6000.0	1735.9774977000748	0.0	0	0.0	2021.23377824809	1	0	1	2.9321622867994424
110200.0	6000.0	1821.2337782480156	0.0	0	172.93935575749492	2021.23377824809	1	0	1	2.9321622867994424
111200.0	6000.0	1821.2337782480035	0.0	0	63.49914444165188	2021.23377824809	1	0	1	2.9321622867994424
112200.0	6000.0	1821.2337782480063	0.0	0	352.1441810460965	2021.23377824809	1	0	1	2.9321622867994424
113200.0	6000.0	1821.2337782480104	0.0	0	279.42026418195746	2021.23377824809	1	0	1	2.9321622867994424
114200.0	6000.0	1821.233778248024	0.0	0	203.88942031667102	2021.23377824809	1	0	1	2.9321622867994424
115200.0	6000.0	1821.2337782480245	0.0	0	52.411885152178	2021.23377824809	1	0	1	2.9321622867994424
116200.0	6000.0	1821.2337782480276	0.0	0	243.9798946709634	2021.2337782480754	1	0	1	2.9321622867994437
117200.0	6000.0	1821.2337782480438	0.0	0	276.7503491156531	2021.2337782480754	1	0	1	2.9321622867994437
118200.0	6000.0	1821.2337782480615	0.0	0	186.4242051258334	2021.2337782480754	1	0	1	2.9321622867994437
119200.0	6000.0	1821.2337782480736	0.0	0	165.02878529578447	2021.2337782480754	1	0	1	2.9321622867994437
120200.0	6000.0	1821.2337782480645	0.0	0	211.45601623186667	2021.2337782480754	1	0	1	2.9321622867994437
121200.0	6000.0	1821.2337782480733	0.0	0	356.94205132297066	2021.2337782480754	1	0	1	2.9321622867994437
122200.0	6000.0	1821.233778248055	0.0	0	180.31820963138307	2021.2337782480754	1	0	1	2.9321622867994437
123200.0	6000.0	1821.2337782480508	0.0	0	321.791247122208	2021.2337782480608	1	0	1	2.9321622867994446
124200.0	6000.0	1821.233778248067	0.0	0	115.13640390190994	2021.2337782480754	1	0	1	2.9321622867994437
125200.0	6000.0	1821.2337782480656	0.0	0	128.69639767670014	2021.2337782480754	1	0	1	2.9321622867994437
126275.37646992315	6000.0	1745.857308324922	0.0	0	0.0	2021.2337782480754	1	0	1	2.9321622867994437
127200.0	6000.0	1821.2337782480674	0.0	0	410.7848583133891	2021.2337782480608	1	0	1	2.9321622867994446
128200.0	6000.0	1821.2337782480781	0.0	0	365.6666615596623	2021.2337782480608	1	0	1	2.9321622867994446
129200.0	6000.0	1821.233778248089	0.0	0	533.3581331323658	2021.2337782480608	1	0	1	2.9321622867994446
130200.0	6000.0	1821.2337782480822	0.0	0	123.57747553894296	2021.2337782480608	1	0	1	2.9321622867994446
131200.0	6000.0	1821.2337782480688	0.0	0	307.81528293711017	2021.2337782480463	1	0	1	2.932162286799445
132200.0	6000.0	1821.2337782480668	0.0	0	76.83786409543245	2021.2337782480463	1	0	1	2.9321622867994446
133200.0	6000.0	1821.2337782480722	0.0	0	332.3871372618305	2021.2337782480463	1	0	1	2.9321622867994455
134200.0	6000.0	1821.2337782480856	0.0	0	251.9163326570997	2021.2337782480463	1	0	1	2.932162286799445
135200.0	6000.0	1821.233778248077	0.0	0	187.87661270803073	2021.2337782480463	1	0	1	2.932162286799445
136200.0	6000.0	1821.2337782480645	0.0	0	329.0035154114594	2021.2337782480463	1	0	1	2.932162286799445
137200.0	6000.0	1821.2337782480408	0.0	0	358.9719076700858	2021.2337782480172	1	0	1	2.9321622867994472
138200.0	6000.0	1821.2337782480483	0.0	0	58.8120949206932	2021.233778247988	1	0	1	2.9321622867994495
139200.0	6000.0	1821.233778248036	0.0	0	55.5739127676934	2021.233778247988	1	0	1	2.9321622867994495
140334.6841261993	6000.0	1686.5496520487325	0.0	0	0.0	2021.233778247959	1	0	1	2.9321622867994517
141200.0	6000.0	1821.23377824805	0.0	0	5.659485023730667	2021.233778247959	1	0	1	2.9321622867994517
142200.0	6000.0	1821.2337782480151	0.0	0	356.89664106749115	2021.2337782479299	1	0	1	2.932162286799454
143200.0	6000.0	1821.2337782479963	0.0	0	311.90876055139233	2021.2337782479299	1	0	1	2.932162286799454
144200.0	6000.0	1821.233778248001	0.0	0	228.25134794981568	2021.2337782479299	1	0	1	2.932162286799454
145200.0	6000.0	1821.2337782480097	0.0	0	364.45943175427965	2021.2337782479008	1	0	1	2.9321622867994557
146200.0	6000.0	1821.2337782479829	0.0	0	244.3904703038861	2021.2337782479008	1	0	1	2.9321622867994557
147200.0	6000.0	1821.233778247983	0.0	0	382.43860228921403	2021.2337782479299	1	0	1	2.932162286799454
148200.0	6000.0	1821.2337782480033	0.0	0	216.5237842364004	2021.2337782479299	1	0	1	2.932162286799454
149200.0	6000.0	1821.2337782479995	0.0	0	207.39060595910996	2021.2337782479299	1	0	1	2.932162286799454
150200.0	6000.0	1821.2337782479988	0.0	0	352.80007363526965	2021.2337782479299	1	0	1	2.932162286799454
151200.0	6000.0	1821.233778247996	0.0	0	269.1612205648853	2021.2337782479299	1	0	1	2.932162286799454
152200.0	6000.0	1821.233778247993	0.0	0	314.3041916595248	2021.233778247959	1	0	1	2.9321622867994517
153200.0	6000.0	1821.2337782479751	0.0	0	382.12789106482523	2021.2337782479299	1	0	1	2.932162286799454
154200.0	6000.0	1821.2337782479788	0.0	0	412.19629598924075	2021.233778247959	1	0	1	2.9321622867994517
155200.0	6000.0	1821.2337782479874	0.0	0	186.94374077388784	2021.233778247988	1	0	1	2.9321622867994495
156200.0	6000.0	1821.2337782480186	0.0	0	81.05184655485209	2021.233778247988	1	0	1	2.9321622867994495
157200.0	6000.0	1821.2337782480283	0.0	0	309.1161916067649	2021.233778247988	1	0	1	2.9321622867994495
158200.0	6000.0	1821.2337782480074	0.0	0	318.0198028232844	2021.233778247988	1	0	1	2.9321622867994495
159200.0	6000.0	1821.2337782479947	0.0	0	163.94630903031793	2021.233778247988	1	0	1	2.9321622867994495
160200.0	6000.0	1821.2337782480122	0.0	0	264.1716297576495	2021.233778247988	1	0	1	2.9321622867994495
161200.0	6000.0	1821.2337782480524	0.0	0	345.50681502430234	2021.233778247988	1	0	1	2.9321622867994495
162200.0	6000.0	1821.2337782480413	0.0	0	55.99919828004204	2021.233778247988	1	0	1	2.9321622867994495
163200.0	6000.0	1821.2337782480354	0.0	0	148.69466044174624	2021.233778247988	1	0	1	2.9321622867994495
164200.0	6000.0	1821.2337782480583	0.0	0	312.21631472109584	2021.2337782480172	1	0	1	2.9321622867994472
165200.0	6000.0	1821.2337782480324	0.0	0	353.65273285398143	2021.2337782480172	1	0	1	2.9321622867994472
166200.0	6000.0	1821.233778248021	0.0	0	398.0653102362994	2021.2337782480172	1	0	1	2.9321622867994472
167200.0	6000.0	1821.2337782480329	0.0	0	393.6063367816678	2021.2337782480172	1	0	1	2.9321622867994472
168200.0	6000.0	1821.2337782480438	0.0	0	20.83273829781683	2021.2337782480172	1	0	1	2.9321622867994472
169200.0	6000.0	1821.233778248038	0.0	0	197.4866004298092	2021.2337782480172	1	0	1	2.9321622867994472
170200.0	6000.0	1821.2337782480495	0.0	0	180.84666414625826	2021.2337782480463	1	0	1	2.932162286799445
171253.62670340794	6000.0	1767.6070748400984	0.0	0	0.0	2021.2337782480463	1	0	1	2.932162286799445
172200.0	6000.0	1821.2337782480363	0.0	0	119.79218903614674	2021.2337782480463	1	0	1	2.932162286799445
173200.0	6000.0	1821.2337782480477	0.0	0	168.35075948381564	2021.2337782480463	1	0	1	2.932162286799445
174200.0	6000.0	1821.2337782480524	0.0	0	328.716530806385	2021.2337782480463	1	0	1	2.932162286799445
175200.0	6000.0	1821.2337782480554	0.0	0	408.0024439582485	2021.2337782480463	1	0	1	2.932162286799445
176200.61619220665	6000.0	1820.617586041393	0.0	0	0.0	2021.2337782480463	1	0	1	2.932162286799445
177200.0	6000.0	1821.2337782480347	0.0	0	63.03860397890094	2021.2337782480463	1	0	1	2.932162286799445
178200.0	6000.0	1821.2337782480226	0.0	0	118.3956105063262	2021.2337782480463	1	0	1	2.932162286799445
179200.0	6000.0	1821.2337782480786	0.0	0	447.14223973374465	2021.2337782480463	1	0	1	2.932162286799445
180200.0	6000.0	1821.2337782480822	0.0	0	254.3621686962142	2021.2337782480463	1	0	1	2.932162286799445
181200.0	6000.0	1821.2337782480702	0.0	0	199.02812057727715	2021.2337782480463	1	0	1	2.932162286799445
182200.0	6000.0	1821.2337782480768	0.0	0	24.034369794884697	2021.2337782480463	1	0	1	2.932162286799445
183200.0	6000.0	1821.2337782480702	0.0	0	352.15992130248924	2021.2337782480463	1	0	1	2.932162286799445
184200.0	6000.0	1821.2337782480747	0.0	0	423.86282910601585	2021.2337782480463	1	0	1	2.932162286799445
185457.3993510628	6000.0	1563.8344271852852	0.0	0	0.0	2021.2337782480463	1	0	1	2.932162286799445
186893.59312221516	6000.0	1127.6406560329256	0.0	0	0.0	2021.2337782480463	1	0	1	2.932162286799445
187698.94998751837	6000.0	1322.2837907296905	0.0	0	0.0	2021.2337782480463	1	0	1	2.932162286799445
188730.47338742617	6000.0	1290.7603908218978	0.0	0	0.0	2021.2337782480463	1	0	1	2.932162286799445
189940.8073126967	6000.0	1080.4264655513628	0.0	0	0.0	2021.2337782480463	1	0	1	2.932162286799445
190588.92849243135	6000.0	1432.3052858166875	0.0	0	0.0	2021.2337782480172	1	0	1	2.9321622867994472
191494.3049249882	6000.0	1526.9288532598177	0.0	0	0.0	2021.2337782480172	1	0	1	2.9321622867994472
192268.81774288835	6000.0	1752.4160353596694	0.0	0	0.0	2021.2337782480172	1	0	1	2.9321622867994472
193200.0	6000.0	1821.2337782480326	0.0	0	80.58408897789195	2021.233778247988	1	0	1	2.9321622867994495
194200.0	6000.0	1821.2337782480627	0.0	0	237.5001873287256	2021.233778247988	1	0	1	2.9321622867994495
195200.0	6000.0	1821.2337782480467	0.0	0	403.1726603131101	2021.233778247988	1	0	1	2.9321622867994495
196200.0	6000.0	1821.2337782480342	0.0	0	212.4502290537639	2021.233778247988	1	0	1	2.9321622867994495
197200.0	6000.0	1821.2337782480402	0.0	0	282.7536643627973	2021.233778247988	1	0	1	2.9321622867994495
198200.0	6000.0	1821.2337782480242	0.0	0	311.00656437996076	2021.233778247988	1	0	1	2.9321622867994495
199207.89007788728	6000.0	1813.343700360757	0.0	0	0.0	2021.233778247988	1	0	1	2.9321622867994495
200200.0	6000.0	1821.23377824805	0.0	0	214.53328369840165	2021.233778247988	1	0	1	2.9321622867994495
201200.0	6000.0	1821.2337782480668	0.0	0	324.68149465398164	2021.233778247988	1	0	1	2.9321622867994495
202200.0	6000.0	1821.2337782480442	0.0	0	76.09765535278711	2021.233778247988	1	0	1	2.9321622867994495
203200.0	6000.0	1821.2337782480395	0.0	0	247.84039507983834	2021.233778247959	1	0	1	2.9321622867994517
204221.24802577042	6000.0	1799.985752477603	0.0	0	0.0	2021.233778247959	1	0	1	2.9321622867994517
205200.0	6000.0	1821.2337782480492	0.0	0	237.06057771289488	2021.233778247959	1	0	1	2.9321622867994517
206200.0	6000.0	1821.2337782480465	0.0	0	271.7242433880165	2021.233778247959	1	0	1	2.9321622867994517
207200.0	6000.0	1821.2337782480424	0.0	0	237.21274425880983	2021.233778247959	1	0	1	2.9321622867994517
208200.0	6000.0	1821.2337782480258	0.0	0	106.63283764070366	2021.233778247959	1	0	1	2.9321622867994517
209200.0	6000.0	1821.2337782480367	0.0	0	210.17133066768292	2021.233778247988	1	0	1	2.9321622867994495
210200.0	6000.0	1821.2337782480524	0.0	0	69.12082527860184	2021.233778247959	1	0	1	2.9321622867994517
211200.0	6000.0	1821.233778248088	0.0	0	175.32319453475066	2021.233778247959	1	0	1	2.9321622867994517
212200.0	6000.0	1821.2337782480602	0.0	0	349.1192600154318	2021.233778247959	1	0	1	2.9321622867994517
213200.0	6000.0	1821.2337782480786	0.0	0	345.5509078075702	2021.233778247959	1	0	1	2.9321622867994517
214200.0	6000.0	1821.2337782480597	0.0	0	305.9178803215909	2021.233778247959	1	0	1	2.9321622867994517
215253.2505519346	6000.0	1767.983226313456	0.0	0	0.0	2021.233778247959	1	0	1	2.9321622867994517
216200.0	6000.0	1821.2337782480622	0.0	0	359.26335597629077	2021.233778247959	1	0	1	2.9321622867994517
217200.0	6000.0	1821.2337782480474	0.0	0	20.453141570207663	2021.2337782479299	1	0	1	2.932162286799454
218200.0	6000.0	1821.233778248065	0.0	0	196.6448618764698	2021.2337782479299	1	0	1	2.932162286799454
219200.0	6000.0	1821.2337782480174	0.0	0	484.5900819982344	2021.2337782479008	1	0	1	2.9321622867994557
220200.0	6000.0	1821.2337782480533	0.0	0	368.5799600050959	2021.2337782479299	1	0	1	2.932162286799454
221200.0	6000.0	1821.2337782481034	0.0	0	312.11325314987334	2021.233778247959	1	0	1	2.9321622867994517
222200.0	6000.0	1821.2337782480968	0.0	0	368.41977985572885	2021.233778247988	1	0	1	2.9321622867994495
223219.9367568862	6000.0	1801.2970213619026	0.0	0	0.0	2021.233778247988	1	0	1	2.9321622867994495
224200.0	6000.0	1821.2337782481072	0.0	0	205.8257178987551	2021.2337782480172	1	0	1	2.9321622867994472
225200.0	6000.0	1821.2337782480909	0.0	0	247.138836534461	2021.2337782480172	1	0	1	2.9321622867994472
226200.0	6000.0	1821.2337782480952	0.0	0	200.6761549783987	2021.233778247988	1	0	1	2.9321622867994495
227200.0	6000.0	1821.233778248113	0.0	0	20.003616035799496	2021.2337782480172	1	0	1	2.9321622867994472
228200.0	6000.0	1821.233778248142	0.0	0	322.31862510816427	2021.2337782480463	1	0	1	2.932162286799445
229200.0	6000.0	1821.2337782481197	0.0	0	125.42993226082763	2021.2337782480172	1	0	1	2.9321622867994472
230440.32818135057	6000.0	1580.905596897565	0.0	0	0.0	2021.2337782480172	1	0	1	2.9321622867994472
231366.85853721478	6000.0	1654.3752410333852	0.0	0	0.0	2021.2337782480172	1	0	1	2.9321622867994472
232200.0	6000.0	1821.2337782481484	0.0	0	94.06236486003036	2021.2337782480172	1	0	1	2.9321622867994472
233200.0	6000.0	1821.2337782481904	0.0	0	132.4558297462645	2021.2337782480172	1	0	1	2.9321622867994472
234200.0	6000.0	1821.2337782482161	0.0	0	152.8204719160858	2021.2337782480172	1	0	1	2.9321622867994472
235263.37802788033	6000.0	1757.8557503678637	0.0	0	0.0	2021.233778247988	1	0	1	2.9321622867994495
236200.0	6000.0	1821.2337782482125	0.0	0	11.01947818309418	2021.233778247988	1	0	1	2.9321622867994495
237200.0	6000.0	1821.233778248224	0.0	0	289.4232247574255	2021.233778247988	1	0	1	2.9321622867994495
238200.0	6000.0	1821.2337782482243	0.0	0	283.7937556746765	2021.2337782480172	1	0	1	2.9321622867994472
239200.0	6000.0	1821.2337782482475	0.0	0	314.5387099739746	2021.2337782480172	1	0	1	2.9321622867994472
240200.0	6000.0	1821.233778248253	0.0	0	245.99762108002324	2021.2337782480463	1	0	1	2.932162286799445
241210.92881171338	6000.0	1810.3049665348778	0.0	0	0.0	2021.2337782480172	1	0	1	2.9321622867994472
242200.0	6000.0	1821.23377824826	0.0	0	25.253886581544066	2021.2337782480172	1	0	1	2.9321622867994472
243200.0	6000.0	1821.2337782482277	0.0	0	319.2228200471727	2021.2337782480172	1	0	1	2.9321622867994472
244200.0	6000.0	1821.2337782482273	0.0	0	302.4131331292738	2021.2337782480172	1	0	1	2.9321622867994472
245257.1311898629	6000.0	1764.1025883853029	0.0	0	0.0	2021.233778247988	1	0	1	2.9321622867994495
246200.0	6000.0	1821.23377824817	0.0	0	171.49242546514142	2021.233778247959	1	0	1	2.9321622867994517
247200.0	6000.0	1821.2337782481738	0.0	0	12.34816936700372	2021.233778247959	1	0	1	2.9321622867994517
248200.0	6000.0	1821.2337782481873	0.0	0	233.0011252737895	2021.233778247959	1	0	1	2.9321622867994517
249200.0	6000.0	1821.2337782482127	0.0	0	478.4753551030881	2021.233778247959	1	0	1	2.9321622867994517
250200.0	6000.0	1821.2337782481684	0.0	0	442.51988880251884	2021.233778247959	1	0	1	2.9321622867994517
251200.0	6000.0	1821.2337782481707	0.0	0	362.7070011671749	2021.233778247959	1	0	1	2.9321622867994517
252200.0	6000.0	1821.2337782481954	0.0	0	135.32412732049124	2021.233778247988	1	0	1	2.9321622867994495
253200.0	6000.0	1821.2337782481775	0.0	0	77.38493872218532	2021.233778247988	1	0	1	2.9321622867994495
254288.01019198835	6000.0	1733.2235862597972	0.0	0	0.0	2021.233778247988	1	0	1	2.9321622867994495
255200.0	6000.0	1821.233778248133	0.0	0	323.10379941237625	2021.233778247988	1	0	1	2.9321622867994495
256200.0	6000.0	1821.2337782481075	0.0	0	390.26944885676494	2021.233778247988	1	0	1	2.9321622867994495
257200.0	6000.0	1821.2337782480913	0.0	0	109.81453435917501	2021.233778247988	1	0	1	2.9321622867994495
258200.0	6000.0	1821.2337782481056	0.0	0	110.74791644510697	2021.233778247988	1	0	1	2.9321622867994495
259200.0	6000.0	1821.2337782481336	0.0	0	163.74825875199167	2021.2337782480172	1	0	1	2.9321622867994472
260341.22542285247	6000.0	1680.0083553956179	0.0	0	0.0	2021.2337782480172	1	0	1	2.9321622867994472
261200.0	6000.0	1821.2337782480336	0.0	0	214.7555577820167	2021.2337782480172	1	0	1	2.9321622867994472
262200.0	6000.0	1821.233778248042	0.0	0	337.2363259923877	2021.2337782480172	1	0	1	2.9321622867994472
263200.0	6000.0	1821.2337782480358	0.0	0	431.6651006467873	2021.233778247988	1	0	1	2.932162286799448
264200.0	6000.0	1821.2337782480142	0.0	0	310.9704794998979	2021.233778247959	1	0	1	2.9321622867994512
265200.0	6000.0	1821.2337782479826	0.0	0	346.29528239625506	2021.233778247959	1	0	1	2.9321622867994517
266227.34569544194	6000.0	1793.8880828060087	0.0	0	0.0	2021.2337782479008	1	0	1	2.9321622867994557
267321.13267458987	6000.0	1700.1011036581435	0.0	0	0.0	2021.233778247959	1	0	1	2.9321622867994517
268318.5057310971	6000.0	1702.7280471509046	0.0	0	0.0	2021.2337782479008	1	0	1	2.9321622867994557
269200.0	6000.0	1821.233778248032	0.0	0	291.46374296653084	2021.2337782479008	1	0	1	2.9321622867994557
270200.0	6000.0	1821.2337782480759	0.0	0	380.1691293249023	2021.233778247959	1	0	1	2.9321622867994517
271237.06416764366	6000.0	1784.1696106044217	0.0	0	0.0	2021.233778247959	1	0	1	2.9321622867994517
272357.5742214904	6000.0	1663.659556757722	0.0	0	0.0	2021.233778247959	1	0	1	2.9321622867994517
273200.0	6000.0	1821.2337782481036	0.0	0	186.30316296388628	2021.233778247959	1	0	1	2.9321622867994517
274200.0	6000.0	1821.2337782480527	0.0	0	216.56611686688848	2021.233778247959	1	0	1	2.9321622867994517
275200.0	6000.0	1821.2337782480747	0.0	0	81.45452108158497	2021.2337782480172	1	0	1	2.9321622867994472
276200.0	6000.0	1821.2337782481352	0.0	0	41.612652624666225	2021.2337782480754	1	0	1	2.9321622867994437
277200.0	6000.0	1821.2337782481407	0.0	0	320.5421829521656	2021.2337782480754	1	0	1	2.9321622867994437
278200.0	6000.0	1821.2337782481388	0.0	0	235.54021589719923	2021.2337782480754	1	0	1	2.9321622867994437
279200.0	6000.0	1821.2337782481677	0.0	0	308.4057360717561	2021.2337782481336	1	0	1	2.9321622867994392
280200.0	6000.0	1821.2337782482707	0.0	0	27.168739191431087	2021.2337782481336	1	0	1	2.9321622867994392
281200.0	6000.0	1821.2337782482348	0.0	0	278.7898995425203	2021.2337782481336	1	0	1	2.9321622867994392
282200.0	6000.0	1821.2337782482316	0.0	0	163.99023857386783	2021.2337782480754	1	0	1	2.9321622867994437
283200.0	6000.0	1821.2337782482368	0.0	0	377.053898229904	2021.2337782480754	1	0	1	2.9321622867994437
284200.0	6000.0	1821.2337782481925	0.0	0	80.86562734178733	2021.2337782480754	1	0	1	2.9321622867994437
285200.0	6000.0	1821.233778248245	0.0	0	328.15182250452926	2021.2337782481336	1	0	1	2.9321622867994392
286200.0	6000.0	1821.2337782482311	0.0	0	236.67711529805092	2021.2337782481336	1	0	1	2.9321622867994392
287200.0	6000.0	1821.2337782482007	0.0	0	253.07900348043768	2021.2337782481336	1	0	1	2.9321622867994392
288200.0	6000.0	1821.233778248178	0.0	0	221.7864576227148	2021.2337782481918	1	0	1	2.9321622867994352
289200.0	6000.0	1821.233778248229	0.0	0	53.138377864612266	2021.2337782481918	1	0	1	2.9321622867994352
290200.0	6000.0	1821.2337782481886	0.0	0	208.0301327140769	2021.2337782481918	1	0	1	2.9321622867994352
291375.20479987	6000.0	1646.0289783781514	0.0	0	0.0	2021.2337782481918	1	0	1	2.9321622867994352
292556.5396292594	6000.0	1464.694148988848	0.0	0	0.0	2021.2337782481918	1	0	1	2.9321622867994352
293353.8195565653	6000.0	1667.4142216829348	0.0	0	0.0	2021.2337782481918	1	0	1	2.9321622867994352
294255.20393000956	6000.0	1766.029848238646	0.0	0	0.0	2021.2337782481918	1	0	1	2.9321622867994352
295200.0	6000.0	1821.2337782483091	0.0	0	315.19898824725533	2021.2337782481918	1	0	1	2.9321622867994352
296200.0	6000.0	1821.2337782483246	0.0	0	335.9730467488989	2021.2337782481918	1	0	1	2.9321622867994352
297200.0	6000.0	1821.2337782483053	0.0	0	386.26955079246545	2021.2337782481918	1	0	1	2.9321622867994352
298200.0	6000.0	1821.2337782483446	0.0	0	520.4033359422465	2021.2337782481336	1	0	1	2.9321622867994392
299200.0	6000.0	1821.2337782483469	0.0	0	289.8847216438153	2021.2337782481918	1	0	1	2.9321622867994352
300200.0	6000.0	1821.2337782483053	0.0	0	384.2162376829074	2021.2337782481336	1	0	1	2.9321622867994392
9.27	8.7	9.04	9.33	10.4	10.6	9.87	8.67	10.6	8.73	9.57	9.13	9.84	8.95	6.78	7.51	10.3	10.3	9.59	8.1	8.96	9.43	9.58	11.3	10.3	9.42	9.51	9.24	9.88	7.5	4.54	11.1	8.8	8.55	8.5	9.14	9.27	9.15	8.58	8.38	8.83	6.0	11.0	8.72	9.63	6.16	5.51	11.2	8.39	9.06	7.59	8.1	7.98	8.02	8.5	9.26	8.05	6.41	10.3	8.62	6.28	8.17	8.69	8.03	8.25	8.87	8.42	8.74	7.98	8.76	9.13	6.03	3.26	4.95	4.34	5.02	5.56	8.67	9.19	8.89	9.14	9.46	8.06	9.66	10.2	7.84	8.52	8.54	8.9	5.91	6.81	7.59	7.92	8.51	8.76	9.04	8.49	8.79	8.69	9.02	9.48	3.36	9.8	6.5	7.42	6.58	7.86	9.08	9.77	8.09	8.57	8.84	9.51	9.79	9.03	8.77	9.01	10.1	9.16	8.22	7.03	9.28	8.67	10.1	9.18	10.8	9.13	8.88	8.55	8.52	11.7	10.7	8.11	9.08	5.74	6.87	10.7	10.6	9.31	9.01	8.22	9.0	8.64	8.63	8.1	10.1	9.94	11.4	9.77	7.59	7.79	9.61	9.77	10.2	10.0	9.6	8.57	9.02	9.54	10.1	11.1	11.3	7.53	10.5	6.49	7.32	8.86	9.0	8.75	9.13	8.45	8.08	8.28	8.67	8.46	8.05	7.83	8.71	9.09	7.2	3.98	6.15	7.25	6.94	6.35	7.58	8.44	8.34	8.48	8.55	7.81	8.55	8.63	8.22	7.06	6.87	7.4	8.11	7.79	8.11	7.6	8.35	8.35	7.92	9.01	8.16	9.25	7.78	9.52	5.67	8.57	7.92	9.09	9.15	9.07	9.3	8.51	7.74	6.5	8.44	7.95	8.09	7.64	7.57	5.81	6.59	7.91	8.03	8.45	7.08	8.46	7.92	9.54	9.32	8.81	8.66	8.1	8.41	8.99	7.85	7.41	7.01	8.19	8.87	9.07	9.6	8.74	8.94	6.77	9.35	8.57	8.65	8.36	8.82	4.97	7.54	8.04	9.03	8.23	8.26	7.11	7.4	7.0	8.59	8.57	8.15	5.26	11.1	8.89	6.13	6.55	7.02	8.32	9.0	8.05	9.39	9.16	8.68	5.69	10.8	8.89	7.73	7.74	7.48	7.56	6.46	5.98	7.95	7.85	8.67	9.33	9.45	9.98	9.79	8.84	9.24	9.26	9.62
1.0	2.0	3.0	4.0	5.0	6.0	7.0	8.0	9.0	10.0	11.0	12.0	13.0	14.0	15.0	16.0	17.0	18.0	19.0	20.0	21.0	22.0	23.0	24.0	25.0	26.0	27.0	28.0	29.0	30.0	31.0	32.0	33.0	34.0	35.0	36.0	37.0	38.0	39.0	40.0	41.0	42.0	43.0	44.0	45.0	46.0	47.0	48.0	49.0	50.0	51.0	52.0	53.0	54.0	55.0	56.0	57.0	58.0	59.0	60.0	61.0	62.0	63.0	64.0	65.0	66.0	67.0	68.0	69.0	70.0	71.0	72.0	73.0	74.0	75.0	76.0	77.0	78.0	79.0	80.0	81.0	82.0	83.0	84.0	85.0	86.0	87.0	88.0	89.0	90.0	91.0	92.0	93.0	94.0	95.0	96.0	97.0	98.0	99.0	100.0	101.0	102.0	103.0	104.0	105.0	106.0	107.0	108.0	109.0	110.0	111.0	112.0	113.0	114.0	115.0	116.0	117.0	118.0	119.0	120.0	121.0	122.0	123.0	124.0	125.0	126.0	127.0	128.0	129.0	130.0	131.0	132.0	133.0	134.0	135.0	136.0	137.0	138.0	139.0	140.0	141.0	142.0	143.0	144.0	145.0	146.0	147.0	148.0	149.0	150.0	151.0	152.0	153.0	154.0	155.0	156.0	157.0	158.0	159.0	160.0	161.0	162.0	163.0	164.0	165.0	166.0	167.0	168.0	169.0	170.0	171.0	172.0	173.0	174.0	175.0	176.0	177.0	178.0	179.0	180.0	181.0	182.0	183.0	184.0	185.0	186.0	187.0	188.0	189.0	190.0	191.0	192.0	193.0	194.0	195.0	196.0	197.0	198.0	199.0	200.0	201.0	202.0	203.0	204.0	205.0	206.0	207.0	208.0	209.0	210.0	211.0	212.0	213.0	214.0	215.0	216.0	217.0	218.0	219.0	220.0	221.0	222.0	223.0	224.0	225.0	226.0	227.0	228.0	229.0	230.0	231.0	232.0	233.0	234.0	235.0	236.0	237.0	238.0	239.0	240.0	241.0	242.0	243.0	244.0	245.0	246.0	247.0	248.0	249.0	250.0	251.0	252.0	253.0	254.0	255.0	256.0	257.0	258.0	259.0	260.0	261.0	262.0	263.0	264.0	265.0	266.0	267.0	268.0	269.0	270.0	271.0	272.0	273.0	274.0	275.0	276.0	277.0	278.0	279.0	280.0	281.0	282.0	283.0	284.0	285.0	286.0	287.0	288.0	289.0	290.0	291.0	292.0	293.0	294.0	295.0	296.0	297.0	298.0
4980.01234507911
