4269.135057892211	300.0	2000.0	229.66069836044673	0	0.0	4269.135057892211	1	0	1	-1.7996965594760768
4967.991693468977	1000.0	2231.257700865558	0.0	0	0.0	4199.249394334535	1	0	2	-0.21996933383163314
5770.076686688243	1000.0	2348.9642083243652	0.0	0	0.0	4119.040895012608	1	0	2	1.1920039557023951
6348.983347040089	1000.0	2712.1668819373353	0.0	0	0.0	4061.1502289774244	1	0	2	1.1983158971017165
6961.269435756474	1000.0	3038.6521843493106	0.0	0	0.0	3999.9216201057848	1	0	2	1.2046458043334085
7471.130326482172	1000.0	3477.805204551043	0.0	0	0.0	3948.935531033215	1	0	2	1.209798249421819
8200.0	1000.0	3676.048563681431	0.0	0	44.17863785091595	3876.04856368143	1	0	2	1.2161563417198478
9200.0	1000.0	3576.0485636814315	0.0	0	385.9531935169689	3776.04856368143	1	0	2	1.2245242331577146
10200.0	1000.0	3476.0485636814337	0.0	0	309.6890248448999	3676.048563681433	1	0	2	1.2347773970154834
11200.0	1000.0	3376.0485636814324	0.0	0	479.82302976189385	3576.0485636814337	1	0	2	1.2444450334881898
12200.0	1000.0	3276.0485636814333	0.0	0	305.64103317800254	3476.048563681432	1	0	2	1.2546633452659148
13200.0	1000.0	3176.0485636814324	0.0	0	38.19177954942279	3376.048563681432	1	0	2	1.2656308191826848
14200.0	1000.0	3076.0485636814315	0.0	0	477.3866508223837	3276.04856368143	1	0	2	1.2744987010302231
15200.0	1000.0	2976.048563681431	0.0	0	428.8930927909023	3176.0485636814283	1	0	2	1.2844792196426007
16200.0	1000.0	2876.048563681434	0.0	0	361.61095340821885	3076.04856368143	1	0	2	1.294506177528986
17200.0	1000.0	2776.048563681433	0.0	0	197.7783297675196	2976.04856368143	1	0	2	1.3048076179660755
18200.0	1000.0	2676.048563681433	0.0	0	143.127044429144	2876.048563681432	1	0	2	1.315312947920603
19200.0	1000.0	2576.048563681432	0.0	0	282.8572671024631	2776.04856368143	1	0	2	1.3246821318174007
20200.0	1000.0	2476.0485636814283	0.0	0	219.44856885539048	2676.048563681423	1	0	2	1.3349591692908929
21200.0	1000.0	2376.048563681434	0.0	0	234.1885491502071	2576.0485636814265	1	0	2	1.344679243150677
22200.0	1000.0	2276.0485636814374	0.0	0	258.4569555741364	2476.0485636814337	1	0	2	1.3548330752052722
23252.945239425917	1000.0	2117.808800312924	0.0	0	0.0	2370.75403973884	1	0	2	1.3661312874070881
24200.0	1000.0	2076.048563681432	0.0	0	34.45729868235503	2276.04856368143	1	0	2	1.3757541163625784
25296.63172298654	1000.0	1869.7536683962328	0.0	0	0.0	2166.3853913827697	1	0	2	1.3867019765472195
26399.29975117978	1000.0	1656.8188373836651	0.0	0	0.0	2056.118588563437	1	0	2	1.3977371418052544
27487.976755133714	1000.0	1459.2741330343347	0.0	0	0.0	1947.250888168037	1	0	2	1.4084725504985114
28209.397891881305	1000.0	1665.7108826119795	0.0	0	0.0	1875.1087744932738	1	0	2	1.4166991856993043
29320.70413371823	1000.0	1443.2740165913601	0.0	0	0.0	1763.9781503095837	1	0	2	1.4264248059830913
30492.37363919447	1000.0	1154.4375605674998	0.0	0	0.0	1646.8111997619635	1	0	2	1.4383863383229394
31200.0	1000.0	1376.04856368142	0.0	0	160.45738041702134	1576.0485636814155	1	0	2	1.4459500258741222
32200.0	1000.0	1276.0485636814174	0.0	0	443.1177237551201	1476.0485636814155	1	0	2	1.454491323031975
33200.0	1000.0	1176.0485636814194	0.0	0	332.74948949030295	1376.048563681412	1	0	2	1.4645595100246003
34200.0	1000.0	1076.048563681417	0.0	0	149.42730811924412	1276.048563681412	1	0	2	1.4751706379563954
35200.0	1000.0	976.0485636814163	0.0	0	352.3491159152036	1176.048563681412	1	0	2	1.4847099205819256
36200.0	1000.0	976.0485636814096	0.0	0	357.47957938965556	1176.048563681412	1	0	1	1.488354350120763
37200.0	1000.0	976.0485636814142	0.0	0	152.5974536691574	1176.048563681412	1	0	1	1.6883543501207632
38200.0	1000.0	976.0485636814233	0.0	0	144.87981399925775	1176.0485636814192	1	0	1	1.6883543501207623
39200.0	1000.0	976.0485636814201	0.0	0	375.11408918971574	1176.048563681412	1	0	1	1.6883543501207632
40200.0	1000.0	976.0485636814208	0.0	0	462.6480126568131	1176.0485636814046	1	0	1	1.6883543501207638
41200.0	1000.0	976.0485636814187	0.0	0	552.0652876040112	1176.0485636813974	1	0	1	1.6883543501207645
42200.0	1000.0	976.048563681416	0.0	0	248.6744404580677	1176.0485636813974	1	0	1	1.6883543501207645
43200.0	1000.0	976.0485636814169	0.0	0	441.04061335414735	1176.04856368139	1	0	1	1.6883543501207654
44200.0	1000.0	976.0485636814201	0.0	0	465.79271027998766	1176.0485636813974	1	0	1	1.6883543501207645
45200.0	1000.0	976.0485636814244	0.0	0	581.536765868972	1176.04856368139	1	0	1	1.6883543501207654
46200.0	1000.0	976.0485636814271	0.0	0	452.40594382103154	1176.04856368139	1	0	1	1.6883543501207654
47200.0	1000.0	976.0485636814274	0.0	0	582.38817950683	1176.04856368139	1	0	1	1.6883543501207654
48200.0	1000.0	976.0485636814219	0.0	0	416.3468215729299	1176.0485636813828	1	0	1	1.688354350120766
49200.0	1000.0	976.0485636814101	0.0	0	464.2681630534935	1176.0485636813828	1	0	1	1.688354350120766
50200.0	1000.0	976.0485636814083	0.0	0	500.3143037652262	1176.0485636813828	1	0	1	1.688354350120766
51200.0	1000.0	976.0485636814051	0.0	0	593.1970356978927	1176.0485636813755	1	0	1	1.6883543501207667
52200.0	1000.0	976.0485636814165	0.0	0	324.7218057332502	1176.0485636813755	1	0	1	1.6883543501207667
53200.0	1000.0	976.0485636814192	0.0	0	326.63823408792814	1176.0485636813828	1	0	1	1.688354350120766
54200.0	1000.0	976.0485636814201	0.0	0	297.77616865892196	1176.0485636813828	1	0	1	1.688354350120766
55200.0	1000.0	976.0485636814192	0.0	0	414.19568049729423	1176.0485636813755	1	0	1	1.6883543501207667
56200.0	1000.0	976.048563681421	0.0	0	559.7612959804392	1176.0485636813755	1	0	1	1.6883543501207667
57200.0	1000.0	976.0485636814269	0.0	0	468.70083532655553	1176.0485636813755	1	0	1	1.6883543501207667
58200.0	1000.0	976.0485636814306	0.0	0	454.0459651216006	1176.0485636813828	1	0	1	1.688354350120766
59200.0	1000.0	976.0485636814315	0.0	0	488.5737815075845	1176.0485636813828	1	0	1	1.688354350120766
60200.0	1000.0	976.0485636814321	0.0	0	620.3813806888793	1176.0485636813828	1	0	1	1.688354350120766
61200.0	1000.0	976.0485636814374	0.0	0	629.3072818669825	1176.0485636813828	1	0	1	1.688354350120766
62200.0	1000.0	976.0485636814374	0.0	0	621.3611053902714	1176.0485636813828	1	0	1	1.688354350120766
63200.0	1000.0	976.0485636814428	0.0	0	510.2184185918959	1176.0485636813828	1	0	1	1.688354350120766
64200.0	1000.0	976.048563681441	0.0	0	406.25772641508956	1176.0485636813828	1	0	1	1.688354350120766
65200.0	1000.0	976.0485636814394	0.0	0	432.53055871990364	1176.0485636813828	1	0	1	1.688354350120766
66200.0	1000.0	976.0485636814369	0.0	0	322.54438059881795	1176.0485636813828	1	0	1	1.6883543501207665
67200.0	1000.0	976.0485636814467	0.0	0	483.03026245505316	1176.0485636813974	1	0	1	1.6883543501207647
68200.0	1000.0	976.0485636814417	0.0	0	609.0485002896894	1176.0485636813974	1	0	1	1.6883543501207645
69200.0	1000.0	976.0485636814396	0.0	0	537.6316064280691	1176.0485636813974	1	0	1	1.6883543501207645
70200.0	1000.0	976.0485636814401	0.0	0	215.9822002005967	1176.0485636813974	1	0	1	1.6883543501207645
71200.0	1000.0	976.0485636814469	0.0	0	239.82865650340682	1176.0485636813974	1	0	1	1.6883543501207645
72200.0	1000.0	976.0485636814533	0.0	0	203.4720693735435	1176.048563681412	1	0	1	1.6883543501207632
73200.0	1000.0	976.048563681446	0.0	0	256.97102872982214	1176.048563681412	1	0	1	1.6883543501207632
74200.0	1000.0	976.0485636814396	0.0	0	473.0201759464835	1176.0485636813974	1	0	1	1.6883543501207645
75200.0	1000.0	976.0485636814387	0.0	0	527.1290193474706	1176.0485636813974	1	0	1	1.6883543501207645
76200.0	1000.0	976.048563681441	0.0	0	529.1240564070176	1176.0485636813974	1	0	1	1.6883543501207645
77200.0	1000.0	976.0485636814228	0.0	0	371.4301463376614	1176.0485636813974	1	0	1	1.6883543501207645
78200.0	1000.0	976.0485636814269	0.0	0	563.3964572053374	1176.0485636813974	1	0	1	1.6883543501207645
79200.0	1000.0	976.0485636814228	0.0	0	281.6193626835302	1176.0485636813974	1	0	1	1.6883543501207645
80200.0	1000.0	976.0485636814203	0.0	0	457.9079612817877	1176.0485636813974	1	0	1	1.6883543501207645
81200.0	1000.0	976.0485636814358	0.0	0	324.36940925936506	1176.0485636813974	1	0	1	1.6883543501207645
82200.0	1000.0	976.0485636814446	0.0	0	546.3828080129606	1176.048563681412	1	0	1	1.6883543501207632
83200.0	1000.0	976.0485636814483	0.0	0	403.1418050593202	1176.048563681412	1	0	1	1.6883543501207632
84200.0	1000.0	976.048563681454	0.0	0	261.1817344242445	1176.048563681412	1	0	1	1.6883543501207632
85200.0	1000.0	976.0485636814592	0.0	0	328.3167351829761	1176.048563681412	1	0	1	1.6883543501207632
86200.0	1000.0	976.0485636814487	0.0	0	603.1815311119135	1176.048563681412	1	0	1	1.6883543501207632
87200.0	1000.0	976.048563681451	0.0	0	677.3078278052271	1176.048563681412	1	0	1	1.6883543501207632
88200.0	1000.0	976.048563681451	0.0	0	634.493460770318	1176.048563681412	1	0	1	1.6883543501207632
89200.0	1000.0	976.0485636814419	0.0	0	355.4055827819393	1176.048563681412	1	0	1	1.6883543501207632
90200.0	1000.0	976.0485636814428	0.0	0	136.86341891520715	1176.048563681412	1	0	1	1.6883543501207632
91200.0	1000.0	976.0485636814408	0.0	0	315.93856677017175	1176.048563681412	1	0	1	1.6883543501207632
92200.0	1000.0	976.0485636814437	0.0	0	281.8757862222701	1176.048563681412	1	0	1	1.6883543501207632
93200.0	1000.0	976.048563681456	0.0	0	282.8775854534033	1176.048563681412	1	0	1	1.6883543501207632
94200.0	1000.0	976.0485636814556	0.0	0	211.94079930779117	1176.048563681412	1	0	1	1.6883543501207632
95200.0	1000.0	976.0485636814733	0.0	0	331.70330580045993	1176.0485636814265	1	0	1	1.6883543501207618
96200.0	1000.0	976.0485636814747	0.0	0	546.0230931334663	1176.0485636814265	1	0	1	1.6883543501207618
97200.0	1000.0	976.0485636814803	0.0	0	412.6222992084222	1176.0485636814265	1	0	1	1.6883543501207618
98200.0	1000.0	976.0485636814867	0.0	0	492.1177850746317	1176.0485636814265	1	0	1	1.6883543501207618
99200.0	1000.0	976.0485636814815	0.0	0	289.43694134347606	1176.0485636814265	1	0	1	1.6883543501207618
100375.80354342023	1000.0	800.2450202612513	0.0	0	0.0	1176.048563681412	1	0	1	1.6883543501207632
101459.71236692481	1000.0	716.3361967566702	0.0	0	0.0	1176.048563681412	1	0	1	1.6883543501207632
102341.30992364264	1000.0	834.7386400388519	0.0	0	0.0	1176.0485636814265	1	0	1	1.6883543501207618
103200.0	1000.0	976.0485636814992	0.0	0	154.67631077072292	1176.0485636814265	1	0	1	1.6883543501207618
104200.0	1000.0	976.0485636815047	0.0	0	162.81392599933315	1176.0485636814265	1	0	1	1.6883543501207618
105200.0	1000.0	976.0485636814979	0.0	0	421.6071995167149	1176.0485636814265	1	0	1	1.6883543501207618
106200.0	1000.0	976.0485636814847	0.0	0	542.960529935779	1176.048563681412	1	0	1	1.6883543501207632
107200.0	1000.0	976.0485636814904	0.0	0	537.5167267392098	1176.048563681412	1	0	1	1.6883543501207632
108200.0	1000.0	976.0485636814874	0.0	0	318.08128954455606	1176.0485636814265	1	0	1	1.6883543501207618
109200.0	1000.0	976.0485636814878	0.0	0	452.2639035208558	1176.048563681441	1	0	1	1.68835435012076
110200.0	1000.0	976.0485636814883	0.0	0	527.4487558910769	1176.048563681441	1	0	1	1.68835435012076
111200.0	1000.0	976.0485636814863	0.0	0	579.7365994722786	1176.048563681441	1	0	1	1.68835435012076
112200.0	1000.0	976.0485636814747	0.0	0	337.64063348928175	1176.048563681441	1	0	1	1.68835435012076
113200.0	1000.0	976.0485636814642	0.0	0	64.20192443417909	1176.048563681441	1	0	1	1.68835435012076
114200.0	1000.0	976.0485636814635	0.0	0	397.60046756328666	1176.048563681441	1	0	1	1.68835435012076
115200.0	1000.0	976.0485636814649	0.0	0	48.53313037463522	1176.048563681441	1	0	1	1.68835435012076
116200.0	1000.0	976.0485636814556	0.0	0	230.3308527901827	1176.048563681441	1	0	1	1.68835435012076
117200.0	1000.0	976.0485636814644	0.0	0	279.95725501611014	1176.048563681441	1	0	1	1.68835435012076
118200.0	1000.0	976.0485636814597	0.0	0	426.72348816094745	1176.048563681441	1	0	1	1.68835435012076
119200.0	1000.0	976.0485636814574	0.0	0	626.6349981284584	1176.0485636814265	1	0	1	1.6883543501207618
120200.0	1000.0	976.0485636814551	0.0	0	612.9840791359748	1176.0485636814265	1	0	1	1.6883543501207618
121200.0	1000.0	976.0485636814533	0.0	0	527.0349392758217	1176.0485636814265	1	0	1	1.6883543501207618
122200.0	1000.0	976.0485636814585	0.0	0	349.3460934389732	1176.0485636814265	1	0	1	1.6883543501207618
123358.15976346597	1000.0	817.8888002154905	0.0	0	0.0	1176.0485636814265	1	0	1	1.6883543501207618
124488.97923896268	1000.0	687.0693247187808	0.0	0	0.0	1176.0485636814265	1	0	1	1.6883543501207618
125307.9892016576	1000.0	868.0593620238487	0.0	0	0.0	1176.0485636814265	1	0	1	1.6883543501207618
126515.35455526687	1000.0	660.6940084145892	0.0	0	0.0	1176.048563681412	1	0	1	1.6883543501207632
127321.1162592819	1000.0	854.9323043995544	0.0	0	0.0	1176.048563681412	1	0	1	1.6883543501207632
128236.33502307264	1000.0	939.7135406088237	0.0	0	0.0	1176.048563681412	1	0	1	1.6883543501207632
129200.0	1000.0	976.0485636814628	0.0	0	25.250099614277133	1176.048563681412	1	0	1	1.6883543501207632
130332.88942680156	1000.0	843.1591368799121	0.0	0	0.0	1176.048563681412	1	0	1	1.6883543501207632
131200.0	1000.0	976.0485636814417	0.0	0	97.83004785727826	1176.0485636813974	1	0	1	1.6883543501207634
132200.0	1000.0	976.0485636814326	0.0	0	241.6016930207552	1176.048563681412	1	0	1	1.6883543501207634
133200.0	1000.0	976.0485636814383	0.0	0	337.63950336611015	1176.0485636814265	1	0	1	1.6883543501207618
134441.20355327983	1000.0	734.8450104015853	0.0	0	0.0	1176.0485636814265	1	0	1	1.6883543501207618
135320.33706551316	1000.0	855.7114981682467	0.0	0	0.0	1176.0485636814265	1	0	1	1.6883543501207618
136200.0	1000.0	976.048563681391	0.0	0	324.0082765244879	1176.0485636814265	1	0	1	1.6883543501207618
137200.0	1000.0	976.0485636813673	0.0	0	251.69456416682806	1176.0485636814265	1	0	1	1.6883543501207618
138333.50505374654	1000.0	842.5435099348203	0.0	0	0.0	1176.0485636814265	1	0	1	1.6883543501207618
139200.0	1000.0	976.0485636813423	0.0	0	272.81696690275567	1176.0485636813974	1	0	1	1.6883543501207645
140200.0	1000.0	976.0485636813321	0.0	0	254.20332107847207	1176.0485636813974	1	0	1	1.6883543501207645
141200.0	1000.0	976.0485636813391	0.0	0	220.1560108580161	1176.0485636813974	1	0	1	1.6883543501207645
142200.0	1000.0	976.0485636813505	0.0	0	356.49504320311826	1176.0485636813974	1	0	1	1.6883543501207645
143200.0	1000.0	976.0485636813642	0.0	0	429.6879664856824	1176.0485636813974	1	0	1	1.6883543501207645
144661.3281675381	1000.0	514.7203961432751	0.0	0	0.0	1176.0485636813974	1	0	1	1.6883543501207645
145764.27718136908	1000.0	422.2762093335482	10.504827021248616	0	0.0	1186.5533907026402	1	0	1	1.6242749052911485
146659.26136905892	1000.0	527.2920216437235	0.0	0	0.0	1186.5533907026402	1	0	1	1.6873038674186402
147337.26333881472	1000.0	849.2900518879173	0.0	0	0.0	1186.5533907026693	1	0	1	1.6873038674186374
148200.0	1000.0	986.5533907026681	0.0	0	344.3832291038125	1186.5533907026984	1	0	1	1.6873038674186345
149200.0	1000.0	986.5533907026766	0.0	0	365.04528460794245	1186.5533907026984	1	0	1	1.6873038674186345
150200.0	1000.0	986.5533907026656	0.0	0	505.11291249797796	1186.5533907027275	1	0	1	1.6873038674186316
151200.0	1000.0	986.5533907026618	0.0	0	505.4733215253509	1186.5533907026984	1	0	1	1.6873038674186345
152200.0	1000.0	986.5533907026793	0.0	0	338.8832879574911	1186.5533907027275	1	0	1	1.6873038674186316
153200.0	1000.0	986.5533907026506	0.0	0	491.49364791144035	1186.5533907027275	1	0	1	1.6873038674186316
154200.0	1000.0	986.5533907026279	0.0	0	298.03447395088733	1186.5533907027275	1	0	1	1.6873038674186316
155200.0	1000.0	986.5533907026179	0.0	0	359.8522300091572	1186.5533907027275	1	0	1	1.6873038674186316
156200.0	1000.0	986.5533907026161	0.0	0	245.10770721608424	1186.5533907027566	1	0	1	1.6873038674186285
157200.0	1000.0	986.553390702584	0.0	0	412.57133132743184	1186.5533907027566	1	0	1	1.6873038674186285
158200.0	1000.0	986.5533907026006	0.0	0	192.05423088683165	1186.5533907027857	1	0	1	1.6873038674186258
159200.0	1000.0	986.5533907025904	0.0	0	432.943578522536	1186.5533907027566	1	0	1	1.6873038674186285
160200.0	1000.0	986.5533907025838	0.0	0	322.04266107431613	1186.5533907027566	1	0	1	1.6873038674186285
161200.0	1000.0	986.5533907026002	0.0	0	257.43303905409994	1186.5533907027566	1	0	1	1.6873038674186285
162200.0	1000.0	986.553390702624	0.0	0	251.2171242380864	1186.5533907027566	1	0	1	1.6873038674186285
163200.0	1000.0	986.5533907026133	0.0	0	374.0545079135336	1186.5533907027275	1	0	1	1.6873038674186316
164200.0	1000.0	986.5533907025954	0.0	0	580.7682788158709	1186.5533907027275	1	0	1	1.6873038674186316
165200.0	1000.0	986.5533907025856	0.0	0	380.8160136133374	1186.5533907027275	1	0	1	1.6873038674186316
166200.0	1000.0	986.5533907025738	0.0	0	280.29648622722016	1186.5533907027275	1	0	1	1.6873038674186316
167200.0	1000.0	986.5533907025551	0.0	0	119.33108190976782	1186.5533907026984	1	0	1	1.6873038674186334
168200.0	1000.0	986.5533907025729	0.0	0	194.89901450631442	1186.5533907026984	1	0	1	1.6873038674186345
169200.0	1000.0	986.5533907025756	0.0	0	493.28723848002846	1186.5533907026984	1	0	1	1.6873038674186345
170200.0	1000.0	986.5533907025774	0.0	0	155.94116655972903	1186.5533907026984	1	0	1	1.6873038674186345
171200.0	1000.0	986.5533907025967	0.0	0	239.7805311140546	1186.5533907026984	1	0	1	1.6873038674186345
172200.0	1000.0	986.5533907025888	0.0	0	277.41204029886285	1186.5533907026984	1	0	1	1.6873038674186345
173200.0	1000.0	986.5533907025579	0.0	0	217.42634628148517	1186.5533907026984	1	0	1	1.6873038674186345
174342.33052914232	1000.0	844.2228615602238	0.0	0	0.0	1186.5533907026984	1	0	1	1.6873038674186345
175200.0	1000.0	986.5533907025492	0.0	0	159.10343847083277	1186.5533907026984	1	0	1	1.6873038674186345
176200.0	1000.0	986.5533907025545	0.0	0	200.20520041530835	1186.5533907026984	1	0	1	1.6873038674186345
177200.0	1000.0	986.5533907025631	0.0	0	199.34147086177836	1186.5533907026984	1	0	1	1.6873038674186345
178307.97244530535	1000.0	878.5809453971888	0.0	0	0.0	1186.5533907026693	1	0	1	1.6873038674186365
179242.49912158912	1000.0	944.0542691134413	0.0	0	0.0	1186.5533907026984	1	0	1	1.6873038674186345
180200.0	1000.0	986.5533907025501	0.0	0	154.98028792705736	1186.5533907026984	1	0	1	1.6873038674186345
181200.0	1000.0	986.5533907025679	0.0	0	280.28049298533006	1186.5533907026984	1	0	1	1.6873038674186345
182200.0	1000.0	986.5533907025772	0.0	0	201.86487324070185	1186.5533907026984	1	0	1	1.6873038674186345
183200.0	1000.0	986.553390702576	0.0	0	88.51198801898863	1186.5533907026984	1	0	1	1.6873038674186345
184200.0	1000.0	986.5533907025638	0.0	0	166.39913520490518	1186.5533907027275	1	0	1	1.6873038674186327
185200.0	1000.0	986.5533907025235	0.0	0	437.862134970841	1186.5533907026984	1	0	1	1.6873038674186345
186200.0	1000.0	986.5533907025099	0.0	0	439.6442970102362	1186.5533907026693	1	0	1	1.6873038674186374
187200.0	1000.0	986.553390702501	0.0	0	139.39259074773872	1186.5533907026402	1	0	1	1.6873038674186402
188200.0	1000.0	986.5533907024983	0.0	0	89.19066356314579	1186.5533907026402	1	0	1	1.6873038674186402
189200.0	1000.0	986.5533907024967	0.0	0	383.6775404079235	1186.5533907026402	1	0	1	1.6873038674186402
190200.0	1000.0	986.5533907024937	0.0	0	466.4614593462902	1186.5533907026693	1	0	1	1.6873038674186374
191200.0	1000.0	986.5533907024824	0.0	0	221.2879752200679	1186.5533907026402	1	0	1	1.6873038674186391
192200.0	1000.0	986.5533907024756	0.0	0	374.05338966601994	1186.5533907026402	1	0	1	1.6873038674186402
193200.0	1000.0	986.5533907024683	0.0	0	407.22035440499894	1186.5533907026402	1	0	1	1.6873038674186402
194200.0	1000.0	986.553390702486	0.0	0	519.6238396265253	1186.553390702611	1	0	1	1.6873038674186434
195200.0	1000.0	986.5533907025019	0.0	0	502.7983575652761	1186.553390702611	1	0	1	1.6873038674186434
196200.0	1000.0	986.5533907024774	0.0	0	585.0037522400089	1186.553390702582	1	0	1	1.687303867418646
197200.0	1000.0	986.5533907024799	0.0	0	475.19105471644434	1186.553390702582	1	0	1	1.687303867418646
198200.0	1000.0	986.5533907025088	0.0	0	449.56904109194875	1186.553390702582	1	0	1	1.687303867418646
199200.0	1000.0	986.5533907025174	0.0	0	468.93325069366256	1186.553390702582	1	0	1	1.687303867418646
200200.0	1000.0	986.5533907025183	0.0	0	401.79014215199277	1186.553390702582	1	0	1	1.687303867418646
201200.0	1000.0	986.5533907025078	0.0	0	411.5568931934249	1186.5533907025529	1	0	1	1.6873038674186491
202200.0	1000.0	986.5533907025056	0.0	0	70.72608428189415	1186.553390702582	1	0	1	1.6873038674186465
203200.0	1000.0	986.5533907024605	0.0	0	581.7439083152858	1186.553390702582	1	0	1	1.687303867418646
204200.0	1000.0	986.5533907025065	0.0	0	510.97623315418605	1186.553390702582	1	0	1	1.687303867418646
205200.0	1000.0	986.5533907024976	0.0	0	360.26183943799697	1186.553390702582	1	0	1	1.687303867418646
206200.0	1000.0	986.5533907025078	0.0	0	447.07330131458	1186.553390702582	1	0	1	1.687303867418646
207200.0	1000.0	986.5533907024735	0.0	0	400.8893540498684	1186.553390702582	1	0	1	1.687303867418646
208200.0	1000.0	986.5533907024574	0.0	0	508.3028337119322	1186.553390702582	1	0	1	1.687303867418646
209200.0	1000.0	986.5533907024767	0.0	0	549.8304516880598	1186.553390702582	1	0	1	1.687303867418646
210200.0	1000.0	986.5533907024296	0.0	0	546.2059016965213	1186.553390702582	1	0	1	1.687303867418646
211200.0	1000.0	986.5533907024669	0.0	0	658.8597249015875	1186.553390702582	1	0	1	1.687303867418646
212200.0	1000.0	986.5533907024912	0.0	0	195.52859839246958	1186.553390702582	1	0	1	1.687303867418646
213200.0	1000.0	986.5533907024683	0.0	0	208.03342667481047	1186.5533907025529	1	0	1	1.687303867418648
214200.0	1000.0	986.5533907024487	0.0	0	350.91880393837346	1186.5533907025529	1	0	1	1.6873038674186491
215200.0	1000.0	986.5533907024433	0.0	0	480.1006028917909	1186.5533907025529	1	0	1	1.6873038674186491
216200.0	1000.0	986.5533907024444	0.0	0	592.549365349987	1186.553390702582	1	0	1	1.687303867418646
217200.0	1000.0	986.5533907024117	0.0	0	487.16861738287844	1186.553390702582	1	0	1	1.687303867418646
218200.0	1000.0	986.5533907024137	0.0	0	547.3499526744708	1186.553390702582	1	0	1	1.687303867418646
219200.0	1000.0	986.5533907024005	0.0	0	174.75045683496865	1186.553390702582	1	0	1	1.687303867418646
220299.77613101646	1000.0	886.7772596859882	0.0	0	0.0	1186.553390702582	1	0	1	1.687303867418646
221200.0	1000.0	986.5533907024621	0.0	0	237.48379290933372	1186.553390702582	1	0	1	1.687303867418646
222200.0	1000.0	986.5533907024615	0.0	0	346.99307984128245	1186.553390702582	1	0	1	1.687303867418646
223200.0	1000.0	986.5533907024924	0.0	0	625.3640643812541	1186.553390702582	1	0	1	1.687303867418646
224200.0	1000.0	986.5533907025183	0.0	0	421.25614869376295	1186.553390702582	1	0	1	1.687303867418646
225200.0	1000.0	986.5533907025354	0.0	0	473.9841650534072	1186.553390702582	1	0	1	1.687303867418646
226200.0	1000.0	986.5533907025322	0.0	0	187.6892640342412	1186.553390702582	1	0	1	1.687303867418646
227200.0	1000.0	986.5533907025342	0.0	0	441.34665424600826	1186.553390702582	1	0	1	1.687303867418646
228200.0	1000.0	986.5533907025138	0.0	0	451.838244074228	1186.5533907025529	1	0	1	1.6873038674186491
229200.0	1000.0	986.5533907025401	0.0	0	383.69086284041987	1186.5533907025529	1	0	1	1.6873038674186491
230200.0	1000.0	986.5533907025506	0.0	0	329.6237261520291	1186.5533907025529	1	0	1	1.6873038674186491
231200.0	1000.0	986.5533907025329	0.0	0	374.047754583793	1186.5533907025529	1	0	1	1.6873038674186491
232200.0	1000.0	986.5533907025301	0.0	0	478.2642214143707	1186.5533907025529	1	0	1	1.6873038674186491
233200.0	1000.0	986.5533907025324	0.0	0	58.938956624799175	1186.553390702582	1	0	1	1.687303867418646
234200.0	1000.0	986.5533907025176	0.0	0	394.2772499192215	1186.553390702582	1	0	1	1.687303867418646
235200.0	1000.0	986.5533907025019	0.0	0	486.63949541875627	1186.553390702611	1	0	1	1.6873038674186434
236200.0	1000.0	986.5533907024869	0.0	0	571.3972440010693	1186.553390702611	1	0	1	1.6873038674186434
237200.0	1000.0	986.5533907025001	0.0	0	724.8702504554531	1186.553390702611	1	0	1	1.6873038674186434
238200.0	1000.0	986.5533907024733	0.0	0	543.574971872149	1186.553390702611	1	0	1	1.6873038674186434
239306.93508452878	1000.0	879.6183061736776	0.0	0	0.0	1186.553390702611	1	0	1	1.6873038674186434
240200.0	1000.0	986.5533907024655	0.0	0	104.27130696814856	1186.553390702611	1	0	1	1.6873038674186434
241200.0	1000.0	986.5533907024574	0.0	0	390.42103123670677	1186.553390702611	1	0	1	1.6873038674186434
242200.0	1000.0	986.5533907024833	0.0	0	414.3558482163935	1186.553390702611	1	0	1	1.6873038674186434
243200.0	1000.0	986.5533907024669	0.0	0	302.28501535140094	1186.553390702611	1	0	1	1.6873038674186434
244200.0	1000.0	986.5533907024692	0.0	0	432.96506399364443	1186.553390702611	1	0	1	1.6873038674186434
245200.0	1000.0	986.5533907024603	0.0	0	418.4871449704806	1186.5533907026402	1	0	1	1.6873038674186402
246200.0	1000.0	986.5533907024537	0.0	0	521.3149069054925	1186.5533907026402	1	0	1	1.6873038674186402
247200.0	1000.0	986.5533907024685	0.0	0	482.1235208924627	1186.553390702611	1	0	1	1.6873038674186434
248200.0	1000.0	986.5533907024555	0.0	0	383.81778722952004	1186.553390702582	1	0	1	1.687303867418646
249200.0	1000.0	986.5533907024408	0.0	0	347.2192849108251	1186.553390702582	1	0	1	1.687303867418646
250391.50793445142	1000.0	795.0454562510483	0.0	0	0.0	1186.553390702582	1	0	1	1.687303867418646
251200.0	1000.0	986.5533907024785	0.0	0	62.98216455691727	1186.553390702582	1	0	1	1.687303867418646
252200.0	1000.0	986.5533907024812	0.0	0	501.27120778823155	1186.553390702582	1	0	1	1.687303867418646
253200.0	1000.0	986.5533907024624	0.0	0	170.8516049303871	1186.553390702582	1	0	1	1.687303867418646
254200.0	1000.0	986.5533907024919	0.0	0	411.70358867707546	1186.553390702582	1	0	1	1.687303867418646
255200.0	1000.0	986.5533907024478	0.0	0	595.9530913687486	1186.553390702582	1	0	1	1.687303867418646
256200.0	1000.0	986.5533907024662	0.0	0	590.3908155800891	1186.553390702582	1	0	1	1.687303867418646
257200.0	1000.0	986.5533907024687	0.0	0	335.6006684261374	1186.5533907025529	1	0	1	1.6873038674186491
258200.0	1000.0	986.5533907024828	0.0	0	434.44380235503195	1186.5533907025529	1	0	1	1.6873038674186491
259200.0	1000.0	986.5533907024869	0.0	0	580.011678017705	1186.553390702582	1	0	1	1.687303867418646
260200.0	1000.0	986.5533907024806	0.0	0	421.392912207928	1186.553390702582	1	0	1	1.687303867418646
261200.0	1000.0	986.5533907024801	0.0	0	252.17735221618204	1186.5533907025529	1	0	1	1.6873038674186491
262200.0	1000.0	986.5533907024947	0.0	0	245.3005273209419	1186.5533907025529	1	0	1	1.6873038674186491
263200.0	1000.0	986.5533907025365	0.0	0	138.1269404757768	1186.553390702582	1	0	1	1.6873038674186471
264200.0	1000.0	986.5533907025292	0.0	0	362.7581464294344	1186.553390702582	1	0	1	1.687303867418646
265200.0	1000.0	986.5533907025306	0.0	0	433.7971443787683	1186.553390702582	1	0	1	1.687303867418646
266200.0	1000.0	986.5533907024942	0.0	0	311.20025854563573	1186.553390702582	1	0	1	1.687303867418646
267200.0	1000.0	986.5533907024187	0.0	0	423.77267070882954	1186.553390702582	1	0	1	1.687303867418646
268200.0	1000.0	986.5533907024403	0.0	0	648.6960845385329	1186.553390702582	1	0	1	1.687303867418646
269200.0	1000.0	986.5533907024371	0.0	0	604.2027674703277	1186.5533907025238	1	0	1	1.687303867418652
270200.0	1000.0	986.5533907024821	0.0	0	466.66945046017645	1186.5533907025238	1	0	1	1.687303867418652
271200.0	1000.0	986.5533907024942	0.0	0	598.527513301291	1186.5533907024655	1	0	1	1.6873038674186578
272454.27842883096	1000.0	732.2749618715325	0.0	0	0.0	1186.5533907024655	1	0	1	1.6873038674186578
273373.9322040999	1000.0	812.6211866026312	0.0	0	0.0	1186.5533907025238	1	0	1	1.687303867418652
274480.00993783545	1000.0	706.543452867121	0.0	0	0.0	1186.5533907024655	1	0	1	1.6873038674186578
275205.74828916625	1000.0	980.8051015362779	0.0	0	0.0	1186.5533907024655	1	0	1	1.6873038674186578
276394.860690717	1000.0	791.6926999855294	0.0	0	0.0	1186.5533907025238	1	0	1	1.6873038674186533
277390.5977698158	1000.0	795.9556208867767	0.0	0	0.0	1186.553390702582	1	0	1	1.687303867418646
278200.0	1000.0	986.553390702561	0.0	0	57.823176153353415	1186.5533907025238	1	0	1	1.687303867418652
279200.0	1000.0	986.5533907025329	0.0	0	45.91541049507214	1186.5533907025238	1	0	1	1.6873038674186533
280200.0	1000.0	986.5533907025297	0.0	0	352.76359543734	1186.5533907025238	1	0	1	1.687303867418652
281200.0	1000.0	986.5533907024842	0.0	0	372.5727516428451	1186.5533907024655	1	0	1	1.6873038674186578
282200.0	1000.0	986.5533907024778	0.0	0	402.44423548533814	1186.5533907024655	1	0	1	1.6873038674186578
283200.0	1000.0	986.5533907025097	0.0	0	124.69299650221365	1186.5533907024655	1	0	1	1.6873038674186578
284201.5441172831	1000.0	985.0092734194459	0.0	0	0.0	1186.5533907024655	1	0	1	1.6873038674186578
285200.0	1000.0	986.5533907025033	0.0	0	329.2500940274331	1186.5533907024655	1	0	1	1.6873038674186578
286245.8543269781	1000.0	940.6990637243398	0.0	0	0.0	1186.5533907024655	1	0	1	1.6873038674186578
287217.44851790025	1000.0	969.1048728021193	0.0	0	0.0	1186.5533907024655	1	0	1	1.6873038674186578
288200.0	1000.0	986.5533907023705	0.0	0	302.26143981632777	1186.5533907024655	1	0	1	1.6873038674186578
289200.0	1000.0	986.5533907024217	0.0	0	426.0317509698216	1186.5533907024655	1	0	1	1.6873038674186578
290200.0	1000.0	986.5533907024696	0.0	0	221.8458753268933	1186.5533907025238	1	0	1	1.687303867418652
291200.0	1000.0	986.5533907025415	0.0	0	310.8325351733365	1186.5533907025238	1	0	1	1.687303867418652
292200.0	1000.0	986.553390702566	0.0	0	312.97327398415655	1186.5533907025238	1	0	1	1.687303867418652
293200.0	1000.0	986.5533907025476	0.0	0	83.65545989625389	1186.5533907025238	1	0	1	1.687303867418652
294869.5686782636	1000.0	316.98471243900144	0.0	0	0.0	1186.553390702582	1	0	1	1.687303867418646
295844.9992040428	1000.0	476.22595270894794	134.67176604915346	0	0.0	1321.2251567518106	1	0	1	0.8658060945188073
296297.6974073522	1000.0	978.2579290686032	0.0	0	0.0	1275.9553364209714	1	0	2	1.2772693546773328
297200.0	1000.0	985.7250771560089	0.0	0	460.1657778446679	1185.7250771562103	1	0	2	1.4836143814194527
298200.0	1000.0	985.725077156007	0.0	0	515.3503608850297	1185.7250771562103	1	0	1	1.4873866987732831
299200.0	1000.0	985.7250771560057	0.0	0	645.0331470871461	1185.7250771562685	1	0	1	1.6873866987732775
300200.0	1000.0	985.7250771560002	0.0	0	571.4545484333066	1185.7250771562685	1	0	1	1.6873866987732775
1.89	1.47	1.56	1.92	1.56	1.26	1.68	1.56	1.32	1.54	2.2	2.21	1.49	1.2	1.66	1.52	1.62	1.16	1.41	1.17	1.08	1.11	1.38	1.17	1.19	1.09	1.26	1.61	1.42	1.3	1.34	1.55	1.96	1.1	1.16	1.68	1.9	1.49	1.91	2.24	2.22	2.26	2.43	2.46	1.95	2.2	2.86	1.58	1.16	1.95	2.0	2.07	2.22	1.83	1.87	2.4	3.17	2.78	1.8	1.36	2.24	1.81	2.47	2.68	1.89	1.34	0.98	1.27	1.63	2.11	2.36	2.24	1.34	2.07	1.76	1.37	1.88	2.15	2.12	0.87	1.95	2.14	2.68	3.28	2.8	1.26	1.26	1.8	2.06	1.26	2.06	2.02	1.84	2.58	2.04	1.18	1.19	0.81	1.91	1.51	1.71	2.11	2.31	1.84	2.13	2.43	2.04	2.11	1.3	1.32	1.33	1.39	1.98	2.04	2.47	2.95	2.21	2.62	1.48	0.73	1.19	1.09	1.08	1.15	1.51	0.98	1.41	1.3	1.7	1.14	1.03	1.45	1.39	0.97	1.4	1.61	1.48	1.75	1.7	1.27	0.66	0.79	1.3	1.9	1.97	2.42	2.41	1.81	2.13	3.32	1.89	1.47	1.56	1.92	1.56	1.26	1.68	1.56	1.32	1.54	2.2	2.21	1.49	1.2	1.66	1.52	1.62	1.16	1.41	1.17	1.08	1.11	1.38	1.17	1.19	1.09	1.26	1.61	1.42	1.3	1.34	1.55	1.96	1.1	1.16	1.68	1.9	1.49	1.91	2.24	2.22	2.26	2.43	2.46	1.95	2.2	2.86	1.58	1.16	1.95	2.0	2.07	2.22	1.83	1.87	2.4	3.17	2.78	1.8	1.36	2.24	1.81	2.47	2.68	1.89	1.34	0.98	1.27	1.63	2.11	2.36	2.24	1.34	2.07	1.76	1.37	1.88	2.15	2.12	0.87	1.95	2.14	2.68	3.28	2.8	1.26	1.26	1.8	2.06	1.26	2.06	2.02	1.84	2.58	2.04	1.18	1.19	0.81	1.91	1.51	1.71	2.11	2.31	1.84	2.13	2.43	2.04	2.11	1.3	1.32	1.33	1.39	1.98	2.04	2.47	2.95	2.21	2.62	1.48	0.73	1.19	1.09	1.08	1.15	1.51	0.98	1.41	1.3	1.7	1.14	1.03	1.45	1.39	0.97	1.4	1.61	1.48	1.75	1.7	1.27	0.66	0.79	1.3	1.9	1.97	2.42	2.41	1.81	2.13	3.32
1.0	2.0	3.0	4.0	5.0	6.0	7.0	8.0	9.0	10.0	11.0	12.0	13.0	14.0	15.0	16.0	17.0	18.0	19.0	20.0	21.0	22.0	23.0	24.0	25.0	26.0	27.0	28.0	29.0	30.0	31.0	32.0	33.0	34.0	35.0	36.0	37.0	38.0	39.0	40.0	41.0	42.0	43.0	44.0	45.0	46.0	47.0	48.0	49.0	50.0	51.0	52.0	53.0	54.0	55.0	56.0	57.0	58.0	59.0	60.0	61.0	62.0	63.0	64.0	65.0	66.0	67.0	68.0	69.0	70.0	71.0	72.0	73.0	74.0	75.0	76.0	77.0	78.0	79.0	80.0	81.0	82.0	83.0	84.0	85.0	86.0	87.0	88.0	89.0	90.0	91.0	92.0	93.0	94.0	95.0	96.0	97.0	98.0	99.0	100.0	101.0	102.0	103.0	104.0	105.0	106.0	107.0	108.0	109.0	110.0	111.0	112.0	113.0	114.0	115.0	116.0	117.0	118.0	119.0	120.0	121.0	122.0	123.0	124.0	125.0	126.0	127.0	128.0	129.0	130.0	131.0	132.0	133.0	134.0	135.0	136.0	137.0	138.0	139.0	140.0	141.0	142.0	143.0	144.0	145.0	146.0	147.0	148.0	149.0	149.0	150.0	151.0	152.0	153.0	154.0	155.0	156.0	157.0	158.0	159.0	160.0	161.0	162.0	163.0	164.0	165.0	166.0	167.0	168.0	169.0	170.0	171.0	172.0	173.0	174.0	175.0	176.0	177.0	178.0	179.0	180.0	181.0	182.0	183.0	184.0	185.0	186.0	187.0	188.0	189.0	190.0	191.0	192.0	193.0	194.0	195.0	196.0	197.0	198.0	199.0	200.0	201.0	202.0	203.0	204.0	205.0	206.0	207.0	208.0	209.0	210.0	211.0	212.0	213.0	214.0	215.0	216.0	217.0	218.0	219.0	220.0	221.0	222.0	223.0	224.0	225.0	226.0	227.0	228.0	229.0	230.0	231.0	232.0	233.0	234.0	235.0	236.0	237.0	238.0	239.0	240.0	241.0	242.0	243.0	244.0	245.0	246.0	247.0	248.0	249.0	250.0	251.0	252.0	253.0	254.0	255.0	256.0	257.0	258.0	259.0	260.0	261.0	262.0	263.0	264.0	265.0	266.0	267.0	268.0	269.0	270.0	271.0	272.0	273.0	274.0	275.0	276.0	277.0	278.0	279.0	280.0	281.0	282.0	283.0	284.0	285.0	286.0	287.0	288.0	289.0	290.0	291.0	292.0	293.0	294.0	295.0	296.0	297.0	298.0	298.0
3797.731280609449
