5555.728781940517	300.0	2000.0	75.70121376915996	0	0.0	5555.728781940517	1	0	1	-1.0086908061045836
6048.4835250945	3000.0	2457.9697825306193	0.0	0	0.0	5506.453307625119	1	0	2	0.19950912107303087
6504.819206897558	3000.0	2956.000532547256	0.0	0	0.0	5460.819739444813	1	0	2	2.7066329817655905
7061.02881388074	3000.0	3344.1699648657554	0.0	0	0.0	5405.198778746495	1	0	2	2.7118922864736237
7561.975616978135	3000.0	3793.12848145862	0.0	0	0.0	5355.104098436755	1	0	2	2.7170640614817474
8053.931074636836	3000.0	4251.977478034049	0.0	0	0.0	5305.908552670885	1	0	2	2.722087938640458
8471.168158343671	3000.0	4793.01668595653	0.0	0	0.0	5264.184844300202	1	0	2	2.726414629517309
9200.0	3000.0	4991.301660134567	0.0	0	115.76695230970836	5191.301660134566	1	0	2	2.7321994962229885
10200.0	3000.0	4891.301660134569	0.0	0	549.1263909559184	5091.301660134569	1	0	2	2.74075866560805
11200.0	3000.0	4791.30166013457	0.0	0	604.4694752043306	4991.30166013457	1	0	2	2.750792788846763
12200.0	3000.0	4691.301660134568	0.0	0	575.7626831436337	4891.301660134568	1	0	2	2.7607675347408636
13200.0	3000.0	4591.301660134565	0.0	0	531.8951294585495	4791.301660134566	1	0	2	2.770791621410592
14200.0	3000.0	4491.3016601345635	0.0	0	653.7088883077831	4691.301660134564	1	0	2	2.780770930564663
15200.0	3000.0	4391.301660134563	0.0	0	676.6783033465363	4591.301660134563	1	0	2	2.7907474734776128
16200.0	3000.0	4291.301660134564	0.0	0	317.4401592541417	4491.301660134564	1	0	2	2.800751878689039
17200.0	3000.0	4191.301660134559	0.0	0	354.0212554573518	4391.301660134557	1	0	2	2.810973098610897
18200.0	3000.0	4091.3016601345585	0.0	0	386.45109446769493	4291.301660134557	1	0	2	2.8209924215803897
19200.0	3000.0	3991.301660134556	0.0	0	431.7270275071787	4191.3016601345535	1	0	2	2.8309065341861324
20200.0	3000.0	3891.3016601345585	0.0	0	603.3627407499116	4091.301660134557	1	0	2	2.8407474734776135
21200.0	3000.0	3791.301660134557	0.0	0	567.5415990781548	3991.301660134559	1	0	2	2.8508051482671624
22200.0	3000.0	3691.301660134557	0.0	0	524.8509224801128	3891.3016601345553	1	0	2	2.860854069186793
23200.0	3000.0	3591.3016601345594	0.0	0	546.6117095129703	3791.301660134559	1	0	2	2.87083170796792
24200.0	3000.0	3491.30166013456	0.0	0	489.4847563464755	3691.301660134566	1	0	2	2.8808482100335855
25200.0	3000.0	3391.3016601345607	0.0	0	377.13456860705264	3591.301660134566	1	0	2	2.8910462466200766
26200.0	3000.0	3291.3016601345594	0.0	0	644.2002521090108	3491.301660134566	1	0	2	2.9007474734776117
27200.0	3000.0	3191.3016601345594	0.0	0	535.481135555634	3391.301660134566	1	0	2	2.910831701825148
28200.0	3000.0	3091.3016601345594	0.0	0	324.1362117936296	3291.3016601345735	1	0	2	2.9208715679986788
29200.0	3000.0	2991.30166013456	0.0	0	385.8863209533847	3191.301660134577	1	0	2	2.9309323917075654
30200.0	3000.0	2891.301660134555	0.0	0	345.6861063777869	3091.3016601345735	1	0	2	2.9409096287901595
31200.0	3000.0	2791.3016601345566	0.0	0	444.28294398708385	2991.3016601345807	1	0	2	2.9509262965350995
32200.0	3000.0	2691.3016601345557	0.0	0	461.7712449462015	2891.3016601345807	1	0	2	2.9608502514855246
33200.0	3000.0	2591.301660134552	0.0	0	548.4137939695429	2791.301660134577	1	0	2	2.970842058462056
34200.0	3000.0	2491.3016601345535	0.0	0	580.4741300776295	2691.301660134577	1	0	2	2.980747473477611
35200.0	3000.0	2391.30166013455	0.0	0	511.44262406970665	2591.3016601345735	1	0	2	2.9907474734776107
36200.0	3000.0	2291.301660134549	0.0	0	513.4425517394484	2491.3016601345735	1	0	2	3.0009076133175756
37200.0	3000.0	2191.30166013455	0.0	0	505.73277707662055	2391.3016601345735	1	0	2	3.0108498448077023
38200.0	3000.0	2091.301660134544	0.0	0	620.7175011529253	2291.301660134566	1	0	2	3.020747473477612
39200.0	3000.0	1991.3016601345441	0.0	0	601.069574798028	2191.3016601345735	1	0	2	3.030752816828615
40200.0	3000.0	1891.301660134547	0.0	0	471.84428584454145	2091.3016601345735	1	0	2	3.040797267301908
41200.0	3000.0	1791.3016601345535	0.0	0	380.2666707345925	1991.3016601345807	1	0	2	3.0509617377586693
42200.0	3000.0	1691.3016601345553	0.0	0	380.575909130137	1891.3016601345807	1	0	2	3.0609656380115275
43200.0	3000.0	1591.3016601345503	0.0	0	522.704484017886	1791.3016601345807	1	0	2	3.070789999178026
44200.0	3000.0	1491.301660134542	0.0	0	571.547698327362	1691.3016601345735	1	0	2	3.0808245107386765
45200.0	3000.0	1391.3016601345453	0.0	0	387.69417093112133	1591.301660134588	1	0	2	3.09094179411804
46200.0	3000.0	1291.3016601345425	0.0	0	393.54062725275435	1491.301660134588	1	0	2	3.1009533441709527
47200.0	3000.0	1191.3016601345473	0.0	0	466.26737751608016	1391.3016601345953	1	0	2	3.110918214475375
48200.0	3000.0	1091.301660134538	0.0	0	542.9156363283109	1291.301660134588	1	0	2	3.1207474734776097
49200.0	3000.0	991.3016601345461	0.0	0	517.8950640172916	1191.3016601345807	1	0	2	3.130921733594195
50200.0	3000.0	991.3016601345453	0.0	0	466.085497374901	1191.3016601345807	1	0	1	3.134747473477611
51200.0	3000.0	991.3016601345471	0.0	0	347.2401759408385	1191.3016601345807	1	0	1	3.334747473477611
52200.0	3000.0	991.3016601345439	0.0	0	475.3954322187783	1191.3016601345807	1	0	1	3.334747473477611
53200.0	3000.0	991.3016601345348	0.0	0	417.71354054133553	1191.3016601345807	1	0	1	3.334747473477611
54200.0	3000.0	991.3016601345371	0.0	0	501.8654513582878	1191.3016601345807	1	0	1	3.334747473477611
55200.0	3000.0	991.3016601345389	0.0	0	333.3180674583855	1191.3016601345807	1	0	1	3.334747473477611
56200.0	3000.0	991.3016601345353	0.0	0	404.7672396541093	1191.3016601345807	1	0	1	3.334747473477611
57200.0	3000.0	991.3016601345312	0.0	0	406.8292558037938	1191.3016601345807	1	0	1	3.334747473477611
58200.0	3000.0	991.3016601345357	0.0	0	512.3335140768104	1191.3016601345807	1	0	1	3.334747473477611
59200.0	3000.0	991.3016601345394	0.0	0	450.61738735246036	1191.301660134588	1	0	1	3.3347474734776106
60200.0	3000.0	991.301660134538	0.0	0	545.6346716169792	1191.301660134588	1	0	1	3.3347474734776106
61200.0	3000.0	991.3016601345316	0.0	0	468.3465368327961	1191.301660134588	1	0	1	3.3347474734776106
62200.0	3000.0	991.3016601345337	0.0	0	477.91847436527314	1191.301660134588	1	0	1	3.3347474734776106
63200.0	3000.0	991.3016601345375	0.0	0	483.39988774505764	1191.301660134588	1	0	1	3.3347474734776106
64200.0	3000.0	991.3016601345298	0.0	0	557.6136814697311	1191.301660134588	1	0	1	3.3347474734776106
65200.0	3000.0	991.3016601345321	0.0	0	528.3797933755122	1191.301660134588	1	0	1	3.3347474734776106
66200.0	3000.0	991.3016601345264	0.0	0	343.72672537199105	1191.3016601345807	1	0	1	3.3347474734776115
67200.0	3000.0	991.3016601345391	0.0	0	517.4241807361104	1191.301660134588	1	0	1	3.3347474734776106
68200.0	3000.0	991.3016601345348	0.0	0	301.0879037818813	1191.3016601345735	1	0	1	3.334747473477612
69200.0	3000.0	991.3016601345194	0.0	0	285.12760367833835	1191.3016601345735	1	0	1	3.334747473477612
70200.0	3000.0	991.3016601345141	0.0	0	586.0762343442184	1191.3016601345735	1	0	1	3.334747473477612
71200.0	3000.0	991.3016601345182	0.0	0	607.5598471872945	1191.3016601345735	1	0	1	3.334747473477612
72200.0	3000.0	991.3016601345143	0.0	0	624.3209697889688	1191.3016601345735	1	0	1	3.334747473477612
73200.0	3000.0	991.301660134503	0.0	0	268.31506529072067	1191.3016601345735	1	0	1	3.334747473477612
74200.0	3000.0	991.3016601344893	0.0	0	562.14904918916	1191.3016601345735	1	0	1	3.334747473477612
75200.0	3000.0	991.3016601344652	0.0	0	291.0021600131586	1191.3016601345735	1	0	1	3.334747473477612
76200.0	3000.0	991.3016601344748	0.0	0	390.82532106214785	1191.3016601345735	1	0	1	3.334747473477612
77200.0	3000.0	991.3016601344643	0.0	0	633.6571696582396	1191.3016601345735	1	0	1	3.334747473477612
78200.0	3000.0	991.3016601344502	0.0	0	350.9624842560588	1191.3016601345735	1	0	1	3.334747473477612
79200.0	3000.0	991.3016601344502	0.0	0	430.4540026084578	1191.3016601345735	1	0	1	3.334747473477612
80200.0	3000.0	991.3016601344459	0.0	0	477.6015419570758	1191.3016601345735	1	0	1	3.334747473477612
81200.0	3000.0	991.301660134427	0.0	0	492.20065878049354	1191.301660134559	1	0	1	3.3347474734776132
82200.0	3000.0	991.3016601344293	0.0	0	464.4048038001929	1191.301660134559	1	0	1	3.3347474734776132
83200.0	3000.0	991.3016601344264	0.0	0	631.7888188845391	1191.301660134559	1	0	1	3.3347474734776132
84200.0	3000.0	991.3016601344389	0.0	0	550.2940258540475	1191.3016601345444	1	0	1	3.3347474734776146
85200.0	3000.0	991.3016601344418	0.0	0	474.50518373375235	1191.301660134559	1	0	1	3.3347474734776132
86200.0	3000.0	991.3016601344316	0.0	0	359.92147552660026	1191.301660134559	1	0	1	3.3347474734776132
87200.0	3000.0	991.3016601344457	0.0	0	561.6470993933035	1191.301660134559	1	0	1	3.3347474734776132
88200.0	3000.0	991.3016601344607	0.0	0	625.1811092652788	1191.3016601345735	1	0	1	3.334747473477612
89200.0	3000.0	991.3016601344577	0.0	0	613.564643416641	1191.301660134559	1	0	1	3.3347474734776132
90200.0	3000.0	991.3016601344518	0.0	0	598.3367459458532	1191.3016601345444	1	0	1	3.3347474734776146
91200.0	3000.0	991.3016601344548	0.0	0	265.3126654985972	1191.3016601345444	1	0	1	3.3347474734776146
92200.0	3000.0	991.3016601344634	0.0	0	423.17877130099805	1191.301660134559	1	0	1	3.3347474734776132
93200.0	3000.0	991.3016601344686	0.0	0	382.73508680837404	1191.301660134559	1	0	1	3.3347474734776132
94388.4765414854	3000.0	802.8251186490857	0.0	0	0.0	1191.301660134559	1	0	1	3.3347474734776132
95200.0	3000.0	991.3016601344998	0.0	0	150.86910652973165	1191.301660134559	1	0	1	3.3347474734776132
96200.0	3000.0	991.3016601345298	0.0	0	588.1878864283499	1191.301660134559	1	0	1	3.3347474734776132
97200.0	3000.0	991.3016601345221	0.0	0	508.7902648579184	1191.3016601345444	1	0	1	3.3347474734776146
98200.0	3000.0	991.3016601345266	0.0	0	199.70266690854623	1191.3016601345444	1	0	1	3.3347474734776146
99200.0	3000.0	991.3016601345248	0.0	0	207.40307219947863	1191.3016601345444	1	0	1	3.3347474734776146
100200.0	3000.0	991.3016601345403	0.0	0	369.36937458578905	1191.3016601345444	1	0	1	3.3347474734776146
101200.0	3000.0	991.3016601345348	0.0	0	488.41969575533585	1191.3016601345444	1	0	1	3.3347474734776146
102200.0	3000.0	991.3016601345307	0.0	0	406.41049263312016	1191.301660134559	1	0	1	3.3347474734776132
103200.0	3000.0	991.3016601345312	0.0	0	439.0137456487282	1191.301660134559	1	0	1	3.3347474734776132
104200.0	3000.0	991.3016601345321	0.0	0	380.5340182614018	1191.301660134559	1	0	1	3.3347474734776132
105200.0	3000.0	991.3016601345344	0.0	0	575.3052971141733	1191.301660134559	1	0	1	3.3347474734776132
106200.0	3000.0	991.3016601345237	0.0	0	432.1169865125121	1191.301660134559	1	0	1	3.3347474734776132
107200.0	3000.0	991.3016601345321	0.0	0	573.3870926774689	1191.301660134559	1	0	1	3.3347474734776132
108200.0	3000.0	991.3016601345273	0.0	0	480.86974384621135	1191.301660134559	1	0	1	3.3347474734776132
109200.0	3000.0	991.3016601345403	0.0	0	401.39838977874024	1191.301660134559	1	0	1	3.3347474734776132
110200.0	3000.0	991.3016601345396	0.0	0	278.7848659836309	1191.301660134559	1	0	1	3.3347474734776132
111200.0	3000.0	991.3016601345375	0.0	0	296.1876081513619	1191.301660134559	1	0	1	3.3347474734776132
112200.0	3000.0	991.3016601345203	0.0	0	393.0713637611916	1191.301660134559	1	0	1	3.3347474734776132
113200.0	3000.0	991.3016601345071	0.0	0	275.5249534016475	1191.301660134559	1	0	1	3.3347474734776132
114200.0	3000.0	991.3016601345087	0.0	0	346.7983294756996	1191.3016601345735	1	0	1	3.334747473477612
115200.0	3000.0	991.301660134533	0.0	0	249.57072286448965	1191.301660134588	1	0	1	3.3347474734776106
116200.0	3000.0	991.30166013454	0.0	0	254.76678825126146	1191.301660134588	1	0	1	3.3347474734776106
117200.0	3000.0	991.3016601345375	0.0	0	452.78216470591724	1191.3016601346026	1	0	1	3.334747473477609
118200.0	3000.0	991.3016601345396	0.0	0	364.8384121718991	1191.301660134588	1	0	1	3.3347474734776106
119200.0	3000.0	991.3016601345378	0.0	0	525.1797879853839	1191.3016601345735	1	0	1	3.334747473477612
120200.0	3000.0	991.3016601345489	0.0	0	192.94434015308798	1191.301660134559	1	0	1	3.3347474734776132
121200.0	3000.0	991.3016601345728	0.0	0	247.0378410943522	1191.3016601345735	1	0	1	3.334747473477612
122200.0	3000.0	991.3016601345753	0.0	0	468.40936638270796	1191.3016601345735	1	0	1	3.334747473477612
123200.0	3000.0	991.3016601345857	0.0	0	509.90626127836003	1191.3016601345735	1	0	1	3.334747473477612
124200.0	3000.0	991.3016601345835	0.0	0	600.0475565920497	1191.3016601345735	1	0	1	3.334747473477612
125200.0	3000.0	991.3016601345741	0.0	0	625.681052375061	1191.3016601345735	1	0	1	3.334747473477612
126200.0	3000.0	991.3016601345548	0.0	0	552.2647334762005	1191.3016601345735	1	0	1	3.334747473477612
127200.0	3000.0	991.3016601345626	0.0	0	600.8483088879439	1191.3016601345735	1	0	1	3.334747473477612
128200.0	3000.0	991.301660134555	0.0	0	499.7356762835261	1191.3016601345735	1	0	1	3.334747473477612
129200.0	3000.0	991.301660134543	0.0	0	638.5240817035228	1191.301660134588	1	0	1	3.3347474734776106
130200.0	3000.0	991.3016601345353	0.0	0	584.2436511808482	1191.301660134588	1	0	1	3.3347474734776106
131200.0	3000.0	991.3016601345207	0.0	0	463.2820861040964	1191.301660134588	1	0	1	3.3347474734776106
132200.0	3000.0	991.3016601344748	0.0	0	619.1955887535587	1191.3016601345298	1	0	1	3.3347474734776146
133200.0	3000.0	991.3016601344673	0.0	0	484.5209877564048	1191.3016601345153	1	0	1	3.3347474734776177
134200.0	3000.0	991.3016601344484	0.0	0	611.7051648060151	1191.3016601345153	1	0	1	3.3347474734776177
135200.0	3000.0	991.301660134455	0.0	0	640.3847550806822	1191.3016601344862	1	0	1	3.334747473477621
136200.0	3000.0	991.3016601344357	0.0	0	465.2452594327915	1191.301660134457	1	0	1	3.3347474734776235
137200.0	3000.0	991.3016601344611	0.0	0	401.9768795015407	1191.301660134457	1	0	1	3.3347474734776235
138200.0	3000.0	991.3016601344602	0.0	0	420.95607230844325	1191.3016601344862	1	0	1	3.334747473477621
139200.0	3000.0	991.3016601344384	0.0	0	609.0402509814885	1191.301660134457	1	0	1	3.3347474734776235
140200.0	3000.0	991.3016601344432	0.0	0	637.3726601162343	1191.301660134457	1	0	1	3.3347474734776235
141200.0	3000.0	991.301660134442	0.0	0	510.8390268557123	1191.301660134457	1	0	1	3.3347474734776235
142200.0	3000.0	991.3016601344516	0.0	0	457.9516169097915	1191.3016601344862	1	0	1	3.334747473477621
143200.0	3000.0	991.3016601344234	0.0	0	491.23218631133204	1191.3016601344862	1	0	1	3.334747473477621
144200.0	3000.0	991.301660134417	0.0	0	524.4005715030071	1191.3016601345153	1	0	1	3.3347474734776177
145200.0	3000.0	991.3016601344223	0.0	0	614.5007401464391	1191.3016601345153	1	0	1	3.3347474734776177
146200.0	3000.0	991.3016601343957	0.0	0	375.7364147156186	1191.3016601345153	1	0	1	3.3347474734776177
147200.0	3000.0	991.3016601344107	0.0	0	335.29105129968957	1191.3016601345153	1	0	1	3.3347474734776177
148200.0	3000.0	991.3016601344034	0.0	0	462.7561842817522	1191.3016601345153	1	0	1	3.3347474734776177
149200.0	3000.0	991.3016601344045	0.0	0	557.0235022400448	1191.3016601344862	1	0	1	3.334747473477621
150200.0	3000.0	991.3016601343993	0.0	0	461.7293995512591	1191.3016601344862	1	0	1	3.334747473477621
151200.0	3000.0	991.3016601344343	0.0	0	385.18626610186766	1191.3016601344862	1	0	1	3.334747473477621
152200.0	3000.0	991.3016601344184	0.0	0	433.64048658145475	1191.3016601344862	1	0	1	3.334747473477621
153200.0	3000.0	991.30166013441	0.0	0	321.31433244229993	1191.3016601344862	1	0	1	3.334747473477621
154200.0	3000.0	991.3016601343804	0.0	0	418.64676666114246	1191.3016601344862	1	0	1	3.334747473477621
155200.0	3000.0	991.301660134377	0.0	0	461.669467854721	1191.3016601345153	1	0	1	3.3347474734776177
156200.0	3000.0	991.3016601343861	0.0	0	590.2146703228937	1191.3016601345153	1	0	1	3.3347474734776177
157200.0	3000.0	991.3016601343643	0.0	0	430.1739890666504	1191.3016601345153	1	0	1	3.3347474734776177
158200.0	3000.0	991.301660134347	0.0	0	579.8867871690018	1191.3016601345153	1	0	1	3.3347474734776177
159200.0	3000.0	991.3016601343352	0.0	0	300.7691594507487	1191.3016601345153	1	0	1	3.3347474734776177
160200.0	3000.0	991.3016601343459	0.0	0	377.44060822812025	1191.3016601345153	1	0	1	3.3347474734776177
161200.0	3000.0	991.3016601343247	0.0	0	613.657023398322	1191.3016601345153	1	0	1	3.3347474734776177
162200.0	3000.0	991.301660134317	0.0	0	529.5871829272073	1191.3016601345153	1	0	1	3.3347474734776177
163200.0	3000.0	991.3016601343134	0.0	0	470.5939357106399	1191.3016601345153	1	0	1	3.3347474734776177
164200.0	3000.0	991.3016601342815	0.0	0	735.4085416899179	1191.3016601345153	1	0	1	3.3347474734776177
165200.0	3000.0	991.3016601343006	0.0	0	455.07586994511075	1191.3016601345444	1	0	1	3.3347474734776155
166200.0	3000.0	991.3016601343024	0.0	0	417.28679863060825	1191.3016601345444	1	0	1	3.3347474734776146
167200.0	3000.0	991.3016601342997	0.0	0	490.85780478685047	1191.3016601345153	1	0	1	3.3347474734776177
168200.0	3000.0	991.3016601343074	0.0	0	560.7649188971845	1191.3016601345153	1	0	1	3.3347474734776177
169200.0	3000.0	991.3016601342606	0.0	0	443.7346741835936	1191.3016601344862	1	0	1	3.334747473477621
170200.0	3000.0	991.3016601342765	0.0	0	532.1578346310998	1191.3016601344862	1	0	1	3.334747473477621
171200.0	3000.0	991.3016601342663	0.0	0	406.19485519768205	1191.301660134457	1	0	1	3.3347474734776235
172200.0	3000.0	991.3016601342811	0.0	0	657.1129699111043	1191.301660134457	1	0	1	3.3347474734776235
173200.0	3000.0	991.3016601342963	0.0	0	623.3659167486767	1191.301660134457	1	0	1	3.3347474734776235
174200.0	3000.0	991.3016601342692	0.0	0	594.9993013022759	1191.301660134457	1	0	1	3.3347474734776235
175200.0	3000.0	991.3016601342479	0.0	0	656.4367320122547	1191.301660134457	1	0	1	3.3347474734776235
176200.0	3000.0	991.3016601342483	0.0	0	659.1309462058707	1191.301660134428	1	0	1	3.3347474734776257
177200.0	3000.0	991.3016601342397	0.0	0	506.3409979422577	1191.301660134457	1	0	1	3.3347474734776235
178200.0	3000.0	991.3016601342295	0.0	0	350.15290605224436	1191.3016601344862	1	0	1	3.334747473477621
179200.0	3000.0	991.3016601342424	0.0	0	280.104804843344	1191.3016601344862	1	0	1	3.334747473477621
180200.0	3000.0	991.3016601342676	0.0	0	585.8819862965029	1191.3016601344862	1	0	1	3.334747473477621
181200.0	3000.0	991.3016601342965	0.0	0	396.42257230365067	1191.301660134457	1	0	1	3.3347474734776235
182200.0	3000.0	991.3016601343322	0.0	0	457.5892322668806	1191.3016601344862	1	0	1	3.334747473477621
183200.0	3000.0	991.3016601342961	0.0	0	575.3666582656442	1191.3016601344862	1	0	1	3.334747473477621
184200.0	3000.0	991.3016601342645	0.0	0	432.6740461656882	1191.301660134457	1	0	1	3.3347474734776235
185200.0	3000.0	991.3016601342833	0.0	0	404.5958123417222	1191.301660134428	1	0	1	3.334747473477626
186200.0	3000.0	991.3016601342747	0.0	0	567.8133241450705	1191.301660134428	1	0	1	3.334747473477626
187200.0	3000.0	991.3016601342863	0.0	0	485.1182112720853	1191.301660134457	1	0	1	3.3347474734776235
188200.0	3000.0	991.3016601342688	0.0	0	572.5547007297282	1191.301660134457	1	0	1	3.3347474734776235
189200.0	3000.0	991.301660134234	0.0	0	303.1169824882236	1191.301660134457	1	0	1	3.3347474734776235
190200.0	3000.0	991.3016601342474	0.0	0	318.2441424243734	1191.301660134428	1	0	1	3.334747473477626
191200.0	3000.0	991.3016601342467	0.0	0	574.2879090730275	1191.301660134428	1	0	1	3.334747473477626
192200.0	3000.0	991.3016601342492	0.0	0	456.397215351637	1191.301660134428	1	0	1	3.334747473477626
193200.0	3000.0	991.3016601342447	0.0	0	400.1357495424454	1191.301660134428	1	0	1	3.334747473477626
194200.0	3000.0	991.3016601342683	0.0	0	458.63103828643216	1191.301660134457	1	0	1	3.3347474734776235
195200.0	3000.0	991.3016601342538	0.0	0	605.2184492718661	1191.301660134457	1	0	1	3.3347474734776235
196200.0	3000.0	991.3016601342692	0.0	0	472.1901347437233	1191.301660134457	1	0	1	3.3347474734776235
197200.0	3000.0	991.3016601342531	0.0	0	585.9459511435416	1191.301660134457	1	0	1	3.3347474734776235
198200.0	3000.0	991.3016601342817	0.0	0	563.7214852270554	1191.301660134457	1	0	1	3.3347474734776235
199200.0	3000.0	991.3016601342606	0.0	0	697.0967781243089	1191.3016601344862	1	0	1	3.3347474734776217
200200.0	3000.0	991.301660134257	0.0	0	326.49049380779616	1191.3016601344862	1	0	1	3.334747473477621
201200.0	3000.0	991.3016601342258	0.0	0	500.84118980614585	1191.3016601345153	1	0	1	3.3347474734776177
202200.0	3000.0	991.3016601342172	0.0	0	438.7901428103796	1191.3016601345444	1	0	1	3.3347474734776146
203200.0	3000.0	991.3016601342119	0.0	0	564.7635190149012	1191.3016601345444	1	0	1	3.3347474734776146
204200.0	3000.0	991.3016601341933	0.0	0	334.00371323901345	1191.3016601345735	1	0	1	3.334747473477612
205200.0	3000.0	991.3016601341758	0.0	0	427.26418326597195	1191.3016601346026	1	0	1	3.334747473477609
206200.0	3000.0	991.3016601341835	0.0	0	633.0488753312384	1191.3016601346317	1	0	1	3.334747473477606
207200.0	3000.0	991.3016601341742	0.0	0	528.4663681857928	1191.3016601346317	1	0	1	3.334747473477606
208200.0	3000.0	991.301660134206	0.0	0	409.004269729543	1191.3016601346317	1	0	1	3.334747473477606
209200.0	3000.0	991.3016601341894	0.0	0	600.8860798191745	1191.3016601346317	1	0	1	3.334747473477606
210200.0	3000.0	991.3016601341997	0.0	0	586.7259787052462	1191.3016601346026	1	0	1	3.334747473477608
211200.0	3000.0	991.3016601342263	0.0	0	611.6018956692133	1191.3016601346026	1	0	1	3.334747473477609
212200.0	3000.0	991.301660134241	0.0	0	521.8459189563582	1191.3016601346026	1	0	1	3.334747473477609
213200.0	3000.0	991.3016601342363	0.0	0	670.4201899696491	1191.3016601346026	1	0	1	3.334747473477609
214200.0	3000.0	991.3016601342156	0.0	0	566.7666654837958	1191.3016601345735	1	0	1	3.334747473477612
215200.0	3000.0	991.3016601342051	0.0	0	452.1203647769289	1191.3016601346026	1	0	1	3.334747473477609
216200.0	3000.0	991.3016601341681	0.0	0	390.31754988152534	1191.3016601345735	1	0	1	3.334747473477612
217200.0	3000.0	991.3016601341749	0.0	0	274.8552991079632	1191.3016601345735	1	0	1	3.334747473477612
218200.0	3000.0	991.3016601341565	0.0	0	328.541089133505	1191.3016601345444	1	0	1	3.3347474734776146
219200.0	3000.0	991.3016601341703	0.0	0	372.57294581716997	1191.3016601345153	1	0	1	3.3347474734776177
220200.0	3000.0	991.3016601341469	0.0	0	600.4733498870046	1191.3016601344862	1	0	1	3.334747473477621
221200.0	3000.0	991.3016601341451	0.0	0	496.3678421989607	1191.3016601344862	1	0	1	3.334747473477621
222200.0	3000.0	991.3016601341274	0.0	0	472.3544795315829	1191.301660134457	1	0	1	3.3347474734776235
223200.0	3000.0	991.3016601341324	0.0	0	453.13486040435964	1191.301660134457	1	0	1	3.3347474734776235
224200.0	3000.0	991.3016601341187	0.0	0	252.97984099923633	1191.301660134428	1	0	1	3.334747473477626
225200.0	3000.0	991.3016601341044	0.0	0	486.15418997054803	1191.301660134428	1	0	1	3.334747473477626
226200.0	3000.0	991.3016601341064	0.0	0	459.62740465751267	1191.301660134428	1	0	1	3.334747473477626
227200.0	3000.0	991.3016601341305	0.0	0	557.5999250823515	1191.3016601344862	1	0	1	3.3347474734776217
228200.0	3000.0	991.3016601341451	0.0	0	440.60601476597367	1191.301660134457	1	0	1	3.3347474734776235
229200.0	3000.0	991.3016601341615	0.0	0	535.6270009003929	1191.3016601344862	1	0	1	3.334747473477621
230200.0	3000.0	991.3016601341624	0.0	0	544.8944193754578	1191.3016601344862	1	0	1	3.334747473477621
231200.0	3000.0	991.3016601341756	0.0	0	593.7369326644694	1191.3016601344862	1	0	1	3.334747473477621
232200.0	3000.0	991.3016601341883	0.0	0	669.4482623014774	1191.3016601344862	1	0	1	3.334747473477621
233200.0	3000.0	991.3016601342042	0.0	0	542.7473507607065	1191.3016601344862	1	0	1	3.334747473477621
234200.0	3000.0	991.3016601341733	0.0	0	343.4873301584739	1191.3016601344862	1	0	1	3.334747473477621
235200.0	3000.0	991.3016601341606	0.0	0	570.6238017497235	1191.3016601344862	1	0	1	3.334747473477621
236200.0	3000.0	991.3016601341246	0.0	0	559.280364318809	1191.3016601344862	1	0	1	3.334747473477621
237200.0	3000.0	991.3016601341537	0.0	0	527.2997706690512	1191.3016601344862	1	0	1	3.334747473477621
238200.0	3000.0	991.3016601341342	0.0	0	564.6088806095067	1191.301660134457	1	0	1	3.3347474734776235
239200.0	3000.0	991.3016601341433	0.0	0	534.42859445262	1191.301660134457	1	0	1	3.3347474734776235
240200.0	3000.0	991.3016601341465	0.0	0	480.92559876761516	1191.301660134457	1	0	1	3.3347474734776235
241200.0	3000.0	991.3016601341171	0.0	0	542.9695161899144	1191.3016601344862	1	0	1	3.334747473477621
242200.0	3000.0	991.3016601341096	0.0	0	575.2911668804882	1191.3016601345153	1	0	1	3.334747473477618
243343.92029430481	3000.0	847.3813658293067	0.0	0	0.0	1191.3016601345153	1	0	1	3.3347474734776177
244200.0	3000.0	991.3016601341219	0.0	0	417.1767612642143	1191.3016601345444	1	0	1	3.3347474734776146
245200.0	3000.0	991.3016601341276	0.0	0	599.9610460186377	1191.3016601345153	1	0	1	3.3347474734776177
246200.0	3000.0	991.3016601341365	0.0	0	228.0878887916624	1191.3016601345153	1	0	1	3.3347474734776177
247200.0	3000.0	991.3016601341403	0.0	0	438.7550817167503	1191.3016601345153	1	0	1	3.3347474734776177
248200.0	3000.0	991.3016601341155	0.0	0	296.0357655970147	1191.3016601345153	1	0	1	3.3347474734776177
249200.0	3000.0	991.3016601340855	0.0	0	439.8642590052914	1191.3016601345153	1	0	1	3.3347474734776177
250200.0	3000.0	991.3016601341001	0.0	0	501.30256685518543	1191.3016601345444	1	0	1	3.3347474734776146
251200.0	3000.0	991.3016601341026	0.0	0	492.90715453986195	1191.3016601345444	1	0	1	3.3347474734776146
252200.0	3000.0	991.301660134106	0.0	0	366.7240705002623	1191.3016601345735	1	0	1	3.334747473477612
253200.0	3000.0	991.3016601341028	0.0	0	459.10603113789693	1191.3016601345735	1	0	1	3.334747473477612
254200.0	3000.0	991.301660134134	0.0	0	409.19188626666437	1191.3016601345735	1	0	1	3.334747473477612
255200.0	3000.0	991.3016601341003	0.0	0	456.6471689097525	1191.3016601345735	1	0	1	3.334747473477612
256200.0	3000.0	991.3016601341035	0.0	0	592.7657533570018	1191.3016601346026	1	0	1	3.334747473477609
257200.0	3000.0	991.3016601340742	0.0	0	710.376275510207	1191.3016601346026	1	0	1	3.334747473477609
258200.0	3000.0	991.301660134086	0.0	0	476.96877783024684	1191.3016601346026	1	0	1	3.334747473477609
259200.0	3000.0	991.3016601341321	0.0	0	170.4979544157395	1191.3016601346026	1	0	1	3.334747473477609
260200.0	3000.0	991.301660134123	0.0	0	209.59552425943548	1191.3016601345735	1	0	1	3.334747473477612
261200.0	3000.0	991.3016601341046	0.0	0	458.8909243634844	1191.3016601345735	1	0	1	3.334747473477612
262200.0	3000.0	991.3016601340878	0.0	0	527.3213367735152	1191.3016601345735	1	0	1	3.334747473477612
263200.0	3000.0	991.3016601340685	0.0	0	378.4827772707213	1191.3016601345735	1	0	1	3.334747473477612
264200.0	3000.0	991.3016601340676	0.0	0	82.6157596859266	1191.3016601346317	1	0	1	3.334747473477606
265200.0	3000.0	991.3016601340448	0.0	0	238.40533739130478	1191.3016601346317	1	0	1	3.334747473477606
266200.0	3000.0	991.3016601340178	0.0	0	426.4011193017359	1191.3016601346899	1	0	1	3.3347474734776
267200.0	3000.0	991.301660134011	0.0	0	602.0176588420873	1191.3016601346899	1	0	1	3.3347474734776
268200.0	3000.0	991.3016601340369	0.0	0	417.18285035627196	1191.3016601346899	1	0	1	3.3347474734776
269200.0	3000.0	991.3016601339962	0.0	0	133.35804588580504	1191.3016601346899	1	0	1	3.3347474734776
270200.0	3000.0	991.3016601339957	0.0	0	320.8067567566759	1191.3016601346317	1	0	1	3.334747473477606
271200.0	3000.0	991.3016601339782	0.0	0	560.6497416279744	1191.3016601346317	1	0	1	3.334747473477606
272200.0	3000.0	991.3016601339486	0.0	0	510.26083806104725	1191.3016601346317	1	0	1	3.334747473477606
273200.0	3000.0	991.3016601339264	0.0	0	680.7477467121789	1191.3016601345735	1	0	1	3.334747473477612
274200.0	3000.0	991.3016601339532	0.0	0	572.699141663441	1191.3016601345735	1	0	1	3.3347474734776137
275200.0	3000.0	991.3016601339746	0.0	0	547.1646855759318	1191.3016601345735	1	0	1	3.334747473477612
276200.0	3000.0	991.3016601340566	0.0	0	399.7304162008222	1191.3016601345735	1	0	1	3.334747473477612
277200.0	3000.0	991.3016601340357	0.0	0	477.61511963343946	1191.3016601346317	1	0	1	3.334747473477606
278200.0	3000.0	991.3016601339432	0.0	0	539.6665766396327	1191.3016601346317	1	0	1	3.334747473477606
279200.0	3000.0	991.3016601338884	0.0	0	435.6060101966141	1191.3016601345735	1	0	1	3.334747473477612
280200.0	3000.0	991.3016601339632	0.0	0	476.327022769372	1191.3016601345735	1	0	1	3.334747473477612
281200.0	3000.0	991.3016601339791	0.0	0	580.5540566094569	1191.3016601345735	1	0	1	3.334747473477612
282200.0	3000.0	991.3016601339505	0.0	0	697.267708545085	1191.3016601345735	1	0	1	3.334747473477612
283200.0	3000.0	991.301660133895	0.0	0	555.9026512654964	1191.3016601345735	1	0	1	3.334747473477612
284200.0	3000.0	991.3016601338168	0.0	0	528.6553806474549	1191.3016601345735	1	0	1	3.334747473477612
285200.0	3000.0	991.3016601338218	0.0	0	427.0602014136384	1191.3016601346317	1	0	1	3.334747473477606
286200.0	3000.0	991.3016601337285	0.0	0	229.74459767492954	1191.3016601346317	1	0	1	3.334747473477606
287200.0	3000.0	991.3016601336685	0.0	0	621.1921435873373	1191.3016601346317	1	0	1	3.334747473477606
288200.0	3000.0	991.3016601337017	0.0	0	484.3974125838722	1191.3016601346317	1	0	1	3.334747473477606
289200.0	3000.0	991.3016601336999	0.0	0	333.837711029395	1191.3016601346317	1	0	1	3.334747473477606
290200.0	3000.0	991.301660133749	0.0	0	453.64020589808933	1191.3016601346317	1	0	1	3.334747473477606
291200.0	3000.0	991.3016601337472	0.0	0	561.6210161041236	1191.3016601346899	1	0	1	3.3347474734776
292200.0	3000.0	991.3016601337072	0.0	0	531.5347566747805	1191.3016601346317	1	0	1	3.334747473477605
293200.0	3000.0	991.3016601336772	0.0	0	624.0586762186722	1191.3016601345735	1	0	1	3.334747473477612
294200.0	3000.0	991.3016601336963	0.0	0	546.6262435032986	1191.3016601345153	1	0	1	3.3347474734776177
295200.0	3000.0	991.3016601337076	0.0	0	574.9803941649152	1191.3016601345735	1	0	1	3.334747473477612
296200.0	3000.0	991.301660133711	0.0	0	448.4699869672768	1191.3016601346317	1	0	1	3.334747473477606
297200.0	3000.0	991.3016601337783	0.0	0	439.1398463273654	1191.3016601346317	1	0	1	3.334747473477606
298200.0	3000.0	991.3016601337895	0.0	0	551.0841269860393	1191.3016601346899	1	0	1	3.3347474734776
299200.0	3000.0	991.301660133784	0.0	0	575.3353283982724	1191.3016601346899	1	0	1	3.3347474734776
300200.0	3000.0	991.3016601337695	0.0	0	139.28545934415888	1191.3016601346899	1	0	1	3.3347474734776
6.44	7.0	6.31	5.99	5.44	7.56	6.6	6.15	8.64	9.72	4.09	5.37	6.36	7.81	6.9	6.92	6.82	7.54	6.22	7.21	8.32	8.24	5.18	5.84	4.97	6.87	6.14	8.91	7.12	4.65	7.43	8.61	6.67	6.75	5.2	6.39	5.63	5.17	6.29	6.58	5.76	8.19	4.98	8.36	7.66	4.93	5.99	6.74	7.4	4.33	6.02	6.89	7.41	6.85	9.07	6.73	6.28	9.17	7.27	5.69	6.19	6.99	3.63	5.8	5.85	6.79	6.28	5.06	5.46	5.54	6.16	6.65	4.67	7.1	7.01	6.54	8.48	7.15	6.48	5.62	6.65	7.34	7.63	9.01	7.46	4.39	7.89	6.16	3.08	6.36	5.6	4.44	4.68	5.07	6.37	7.38	5.66	5.72	6.27	7.16	6.72	9.1	7.88	5.44	4.97	4.93	5.61	5.15	4.03	4.37	5.42	7.63	5.46	5.03	4.75	5.38	6.59	8.21	9.05	7.6	6.46	7.1	5.48	7.85	5.97	6.8	8.79	7.87	7.3	9.13	6.02	4.89	8.02	7.69	6.1	7.05	8.04	5.72	7.51	7.18	4.58	5.83	6.33	6.7	6.16	4.54	5.66	6.51	7.63	5.66	6.44	7.0	6.31	5.99	5.44	7.56	6.6	6.15	8.64	9.72	4.09	5.37	6.36	7.81	6.9	6.92	6.82	7.54	6.22	7.21	8.32	8.24	5.18	5.84	4.97	6.87	6.14	8.91	7.12	4.65	7.43	8.61	6.67	6.75	5.2	6.39	5.63	5.17	6.29	6.58	5.76	8.19	4.98	8.36	7.66	4.93	5.99	6.74	7.4	4.33	6.02	6.89	7.41	6.85	9.07	6.73	6.28	9.17	7.27	5.69	6.19	6.99	3.63	5.8	5.85	6.79	6.28	5.06	5.46	5.54	6.16	6.65	4.67	7.1	7.01	6.54	8.48	7.15	6.48	5.62	6.65	7.34	7.63	9.01	7.46	4.39	7.89	6.16	3.08	6.36	5.6	4.44	4.68	5.07	6.37	7.38	5.66	5.72	6.27	7.16	6.72	9.1	7.88	5.44	4.97	4.93	5.61	5.15	4.03	4.37	5.42	7.63	5.46	5.03	4.75	5.38	6.59	8.21	9.05	7.6	6.46	7.1	5.48	7.85	5.97	6.8	8.79	7.87	7.3	9.13	6.02	4.89	8.02	7.69	6.1	7.05	8.04	5.72	7.51	7.18	4.58	5.83	6.33	6.7	6.16	4.54	5.66
1.0	2.0	3.0	4.0	5.0	6.0	7.0	8.0	9.0	10.0	11.0	12.0	13.0	14.0	15.0	16.0	17.0	18.0	19.0	20.0	21.0	22.0	23.0	24.0	25.0	26.0	27.0	28.0	29.0	30.0	31.0	32.0	33.0	34.0	35.0	36.0	37.0	38.0	39.0	40.0	41.0	42.0	43.0	44.0	45.0	46.0	47.0	48.0	49.0	50.0	51.0	52.0	53.0	54.0	55.0	56.0	57.0	58.0	59.0	60.0	61.0	62.0	63.0	64.0	65.0	66.0	67.0	68.0	69.0	70.0	71.0	72.0	73.0	74.0	75.0	76.0	77.0	78.0	79.0	80.0	81.0	82.0	83.0	84.0	85.0	86.0	87.0	88.0	89.0	90.0	91.0	92.0	93.0	94.0	95.0	96.0	97.0	98.0	99.0	100.0	101.0	102.0	103.0	104.0	105.0	106.0	107.0	108.0	109.0	110.0	111.0	112.0	113.0	114.0	115.0	116.0	117.0	118.0	119.0	120.0	121.0	122.0	123.0	124.0	125.0	126.0	127.0	128.0	129.0	130.0	131.0	132.0	133.0	134.0	135.0	136.0	137.0	138.0	139.0	140.0	141.0	142.0	143.0	144.0	145.0	146.0	147.0	148.0	149.0	149.0	150.0	151.0	152.0	153.0	154.0	155.0	156.0	157.0	158.0	159.0	160.0	161.0	162.0	163.0	164.0	165.0	166.0	167.0	168.0	169.0	170.0	171.0	172.0	173.0	174.0	175.0	176.0	177.0	178.0	179.0	180.0	181.0	182.0	183.0	184.0	185.0	186.0	187.0	188.0	189.0	190.0	191.0	192.0	193.0	194.0	195.0	196.0	197.0	198.0	199.0	200.0	201.0	202.0	203.0	204.0	205.0	206.0	207.0	208.0	209.0	210.0	211.0	212.0	213.0	214.0	215.0	216.0	217.0	218.0	219.0	220.0	221.0	222.0	223.0	224.0	225.0	226.0	227.0	228.0	229.0	230.0	231.0	232.0	233.0	234.0	235.0	236.0	237.0	238.0	239.0	240.0	241.0	242.0	243.0	244.0	245.0	246.0	247.0	248.0	249.0	250.0	251.0	252.0	253.0	254.0	255.0	256.0	257.0	258.0	259.0	260.0	261.0	262.0	263.0	264.0	265.0	266.0	267.0	268.0	269.0	270.0	271.0	272.0	273.0	274.0	275.0	276.0	277.0	278.0	279.0	280.0	281.0	282.0	283.0	284.0	285.0	286.0	287.0	288.0	289.0	290.0	291.0	292.0	293.0	294.0	295.0	296.0
5404.614283128649
