5154.146713249633	300.0	2000.0	73.06244430206965	0	0.0	5154.146713249633	1	0	1	-0.9527107918024728
5771.193420986976	3000.0	2321.2486214889236	0.0	0	0.0	5092.442042475899	1	0	2	0.24052366745859077
6447.913692256621	3000.0	2576.856323092314	0.0	0	0.0	5024.770015348936	1	0	2	2.749732681189056
7044.286990014416	3000.0	2920.8456955587403	0.0	0	0.0	4965.132685573157	1	0	2	2.755803076095744
7966.380640072402	3000.0	2906.542680494956	0.0	0	0.0	4872.923320567357	1	0	2	2.7640713723783716
8590.565760946301	3000.0	3219.9390475336654	0.0	0	0.0	4810.504808479967	1	0	2	2.771309118905902
9632.878777563097	3000.0	3073.394729255189	0.0	0	0.0	4706.2735068182865	1	0	2	2.7802638012149985
10430.86606425881	3000.0	3195.608713889907	0.0	0	0.0	4626.474778148717	1	0	2	2.7890729672126073
11682.28803275547	3000.0	2819.044548543581	0.0	0	0.0	4501.332581299051	1	0	2	2.800484639696857
12362.432439626631	3000.0	3070.885700985305	0.0	0	0.0	4433.318140611935	1	0	2	2.8088937834349132
13090.165624767684	3000.0	3270.3791973301463	0.0	0	0.0	4360.544822097829	1	0	2	2.816254373993594
13762.190228157326	3000.0	3531.152133601542	0.0	0	0.0	4293.342361758867	1	0	2	2.822849338907586
14844.581865156064	3000.0	3340.52133290293	0.0	0	0.0	4185.103198058992	1	0	2	2.8322238095976586
16073.094996101185	3000.0	2989.156888863298	0.0	0	0.0	4062.2518849644803	1	0	2	2.844682048424719
17179.57307475286	3000.0	2772.031002346452	0.0	0	0.0	3951.604077099313	1	0	2	2.8559012890775337
18158.350196816198	3000.0	2695.3761680767857	0.0	0	0.0	3853.726364892984	1	0	2	2.865908555795782
19052.848435058	3000.0	2711.4281060108055	0.0	0	0.0	3764.276541068808	1	0	2	2.875288310101282
20173.744291582967	3000.0	2478.442663833338	0.0	0	0.0	3652.1869554163095	1	0	2	2.8855700742933745
21098.252675783468	3000.0	2461.483441212791	0.0	0	0.0	3559.7361169962605	1	0	2	2.895760671106641
22362.420178311277	3000.0	2070.8991884322013	0.0	0	0.0	3433.319366743479	1	0	2	2.90759409176921
23438.001154780966	3000.0	1887.7601143155423	0.0	0	0.0	3325.7612690965143	1	0	2	2.9189634636581334
23991.825600566797	3000.0	2278.553223951128	0.0	0	0.0	3270.378824517931	1	0	2	2.925527633238361
24685.850684279354	3000.0	2515.1256318673163	0.0	0	0.0	3200.97631614668	1	0	2	2.932069572736609
25220.114543450632	3000.0	2927.435386778909	0.0	0	0.0	3147.549930229554	1	0	2	2.9379199021378577
26200.0	3000.0	2849.5613845746057	0.0	0	405.45916739607856	3049.5613845746157	1	0	2	2.945098425021771
27200.0	3000.0	2749.5613845746093	0.0	0	300.4289222176558	2949.561384574623	1	0	2	2.9552501581619137
28207.485745103713	3000.0	2641.3270649605233	0.0	0	134.70996764461597	2848.812810064246	1	0	2	2.9654648184986314
29306.81624726054	3000.0	2432.063512588012	0.0	0	0.0	2738.8797598485617	1	0	2	2.9778008799693794
30200.0	3000.0	2449.5613845746093	0.0	0	51.31112494850822	2649.561384574623	1	0	2	2.9863094404571537
31267.252521962946	3000.0	2275.5836104153673	0.0	0	0.0	2542.8361323783283	1	0	2	2.996838080250534
32507.300618596142	3000.0	1911.5307041188528	0.0	0	0.0	2418.831322715014	1	0	2	3.0086174294398944
33478.83173453124	3000.0	1842.846476590247	0.0	0	0.0	2321.678211121507	1	0	2	3.0194572620906373
34200.0	3000.0	2049.561384574604	0.0	0	133.34849741814833	2249.5613845746266	1	0	2	3.026500105045226
35200.0	3000.0	1949.561384574601	0.0	0	280.54100083401136	2149.5613845746266	1	0	2	3.0352293393126053
36394.9075990528	3000.0	1635.1630256165245	0.0	0	0.0	2030.0706246693517	1	0	2	3.0481123265993975
37200.0	3000.0	1749.561384574608	0.0	0	135.81951189713436	1949.5613845746338	1	0	2	3.055974963820323
38352.81568722328	3000.0	1481.4641286289998	0.0	0	0.0	1834.2798158523	1	0	2	3.0677328384380522
39386.26160078743	3000.0	1344.6736237084378	0.0	0	0.0	1730.9352244958936	1	0	2	3.077409073777123
40646.782660512385	3000.0	958.1004580109886	0.0	0	0.0	1604.8831185234012	1	0	2	3.0907037133784705
41654.35704377614	3000.0	849.7686364208536	0.0	0	0.0	1504.125680197023	1	0	2	3.101131962198136
43021.784437065435	3000.0	345.5985038026229	0.0	0	0.0	1367.3829408680904	1	0	2	3.1134273750003425
44362.45944800893	3000.0	295.29980442355003	385.85801150797295	0	0.0	1657.7592524325228	1	0	2	0.7698553280639066
45451.12242091396	3000.0	492.8380389740997	359.1522770418916	0	0.0	1943.9604598880687	1	0	2	0.9022828054975506
46447.45638589315	3000.0	458.06873505081774	55.63459777620437	0	0.0	1905.5251209439812	1	0	2	2.727050603972983
47304.464884931906	3000.0	515.3593861081841	0.0	0	0.0	1819.8242710400955	1	0	2	3.0696880911448594
47933.84024890237	2000.0	823.0464857406603	0.0	0	0.0	1756.8867346430416	1	0	2	2.062948116380215
48718.042516502814	3000.0	960.4239913801786	0.0	0	0.0	1678.466507882993	1	0	2	2.6787196781129703
49648.028640133045	3000.0	937.4392553869277	0.0	0	0.0	1585.4678955199852	1	0	2	3.0927377347163043
50665.897423928654	3000.0	817.783593211757	0.0	0	0.0	1483.6810171404213	1	0	2	3.102716965012547
51831.24092312712	3000.0	535.9057440934426	0.0	0	0.0	1367.1466672205788	1	0	2	3.1140054506958332
52794.1914888941	3000.0	476.6601217497662	0.0	0	0.0	1270.8516106438838	1	0	2	3.1242853711804246
53430.3949444565	3000.0	776.83632063113	0.0	0	0.0	1207.231265087641	1	0	2	3.1315827717877154
54200.0	3000.0	1007.2312650876277	0.0	0	200.9882468140786	1207.231265087641	1	0	1	3.133154512982305
55200.0	3000.0	1007.2312650876233	0.0	0	191.78856154221285	1207.231265087641	1	0	1	3.333154512982305
56200.0	3000.0	1007.2312650876215	0.0	0	168.362479026684	1207.231265087641	1	0	1	3.333154512982305
57200.0	3000.0	1007.2312650876293	0.0	0	173.34945166621037	1207.231265087641	1	0	1	3.333154512982305
58200.0	3000.0	1007.2312650876306	0.0	0	179.67477241845336	1207.231265087641	1	0	1	3.333154512982305
59200.0	3000.0	1007.2312650876274	0.0	0	281.5700263162653	1207.231265087641	1	0	1	3.333154512982305
60236.436956970334	3000.0	970.7943081172864	0.0	0	0.0	1207.2312650876338	1	0	1	3.333154512982306
61390.79930178404	3000.0	816.4319633035831	0.0	0	0.0	1207.231265087641	1	0	1	3.333154512982305
62307.52308125117	3000.0	899.7081838364511	0.0	0	0.0	1207.231265087641	1	0	1	3.333154512982305
63200.0	3000.0	1007.2312650876233	0.0	0	96.9909523874594	1207.2312650876484	1	0	1	3.333154512982304
64200.0	3000.0	1007.2312650876349	0.0	0	166.29474089735595	1207.2312650876484	1	0	1	3.333154512982304
65460.00399853534	3000.0	747.2272665522914	0.0	0	0.0	1207.2312650876484	1	0	1	3.333154512982304
66200.0	3000.0	1007.2312650876361	0.0	0	171.90569029923063	1207.2312650876484	1	0	1	3.3331545129823037
67200.0	3000.0	1007.2312650876397	0.0	0	425.77802073629573	1207.2312650876702	1	0	1	3.3331545129823024
68466.88769774053	3000.0	740.3435673471056	0.0	0	0.0	1207.2312650876702	1	0	1	3.333154512982302
69516.39145451596	3000.0	690.8398105716724	0.0	0	0.0	1207.2312650876702	1	0	1	3.333154512982302
70614.00058355046	3000.0	593.2306815371966	0.0	0	0.0	1207.2312650876847	1	0	1	3.333154512982301
71592.94188015313	3000.0	614.2893849345212	0.0	0	0.0	1207.2312650876847	1	0	1	3.333154512982301
72387.50509397248	3000.0	819.7261711151866	0.0	0	0.0	1207.2312650876847	1	0	1	3.333154512982301
73200.0	3000.0	1007.2312650876493	0.0	0	268.8077730892692	1207.2312650876847	1	0	1	3.333154512982301
74200.0	3000.0	1007.2312650876543	0.0	0	77.19762380982866	1207.2312650876847	1	0	1	3.333154512982301
75200.0	3000.0	1007.2312650876552	0.0	0	234.45883750118082	1207.2312650876847	1	0	1	3.333154512982301
76200.0	3000.0	1007.2312650876465	0.0	0	96.73810960262199	1207.2312650876993	1	0	1	3.3331545129822993
77200.0	3000.0	1007.2312650876493	0.0	0	116.51200622940087	1207.2312650876993	1	0	1	3.3331545129822993
78200.0	3000.0	1007.2312650876434	0.0	0	213.05049658623466	1207.2312650876993	1	0	1	3.3331545129822993
79200.0	3000.0	1007.2312650876447	0.0	0	423.33382220039493	1207.2312650876993	1	0	1	3.3331545129822993
80512.93305477811	3000.0	694.2982103095223	0.0	0	0.0	1207.2312650876993	1	0	1	3.3331545129822993
81337.08296966023	3000.0	870.1482954273953	0.0	0	0.0	1207.2312650876993	1	0	1	3.3331545129822993
82200.0	3000.0	1007.2312650876183	0.0	0	30.510691579198465	1207.2312650876993	1	0	1	3.3331545129822993
83200.0	3000.0	1007.2312650876099	0.0	0	110.25909135625989	1207.2312650876847	1	0	1	3.333154512982301
84200.0	3000.0	1007.2312650876097	0.0	0	252.10571694267855	1207.2312650876993	1	0	1	3.3331545129822993
85200.0	3000.0	1007.2312650876127	0.0	0	307.27741681368207	1207.2312650876993	1	0	1	3.3331545129822993
86200.0	3000.0	1007.2312650876111	0.0	0	19.844401080394164	1207.2312650877138	1	0	1	3.3331545129822975
87234.53504461174	3000.0	972.6962204758636	0.0	0	0.0	1207.2312650877138	1	0	1	3.3331545129822975
88277.33942715902	3000.0	929.8918379285959	0.0	0	0.0	1207.2312650877138	1	0	1	3.3331545129822975
89200.0	3000.0	1007.2312650876215	0.0	0	184.1769608528557	1207.2312650877138	1	0	1	3.3331545129822975
90200.0	3000.0	1007.2312650876247	0.0	0	73.84864845880657	1207.2312650877138	1	0	1	3.3331545129822975
91200.0	3000.0	1007.2312650876129	0.0	0	112.75236005871557	1207.2312650877138	1	0	1	3.3331545129822975
92200.0	3000.0	1007.2312650876186	0.0	0	59.919454814706114	1207.2312650877284	1	0	1	3.3331545129822966
93273.32442147953	3000.0	933.9068436080952	0.0	0	0.0	1207.2312650877284	1	0	1	3.3331545129822966
94200.0	3000.0	1007.2312650876211	0.0	0	174.27751024797908	1207.2312650877284	1	0	1	3.3331545129822966
95200.0	3000.0	1007.2312650876033	0.0	0	229.17637057263346	1207.2312650877284	1	0	1	3.3331545129822966
96427.84100375217	3000.0	779.3902613354364	0.0	0	0.0	1207.2312650877284	1	0	1	3.3331545129822966
97492.92770210364	3000.0	714.3035629839566	0.0	0	0.0	1207.2312650877284	1	0	1	3.3331545129822966
98200.0	3000.0	1007.2312650876061	0.0	0	45.459322299750056	1207.2312650877284	1	0	1	3.3331545129822966
99205.48173942772	3000.0	1001.7495256598863	0.0	0	99.21372814064671	1207.2312650877284	1	0	1	3.3331545129822966
100391.81836260327	3000.0	815.412902484338	0.0	0	0.0	1207.2312650877284	1	0	1	3.3331545129822966
101364.99741544943	3000.0	842.233849638179	0.0	0	0.0	1207.2312650877284	1	0	1	3.3331545129822966
102245.65901728651	3000.0	961.5722478011021	0.0	0	0.0	1207.2312650877284	1	0	1	3.3331545129822966
103200.0	3000.0	1007.2312650876042	0.0	0	175.28386450301332	1207.2312650877284	1	0	1	3.3331545129822966
104200.0	3000.0	1007.2312650876081	0.0	0	28.985136077462812	1207.2312650877284	1	0	1	3.3331545129822966
105200.0	3000.0	1007.2312650875888	0.0	0	514.9231195115135	1207.2312650877138	1	0	1	3.3331545129822975
106200.0	3000.0	1007.2312650875876	0.0	0	287.22609945018485	1207.2312650877138	1	0	1	3.3331545129822975
107295.68261884073	3000.0	911.5486462468431	0.0	0	55.1032227063406	1207.2312650877138	1	0	1	3.3331545129822975
108453.8116813213	3000.0	753.419583766279	0.0	0	0.0	1207.2312650877138	1	0	1	3.3331545129822975
109421.87439312431	3000.0	785.3568719632684	0.0	0	0.0	1207.2312650877138	1	0	1	3.3331545129822975
110460.7162405938	3000.0	746.5150244937602	0.0	0	0.0	1207.2312650876993	1	0	1	3.3331545129822993
111262.00746652189	3000.0	945.2237985656762	0.0	0	0.0	1207.2312650876993	1	0	1	3.3331545129822993
112200.0	3000.0	1007.2312650875567	0.0	0	205.7325696107	1207.2312650876993	1	0	1	3.3331545129822993
113260.5889232425	3000.0	946.642341845054	0.0	0	0.0	1207.2312650876993	1	0	1	3.3331545129822993
114459.15409063469	3000.0	748.0771744528553	0.0	0	0.0	1207.2312650876993	1	0	1	3.3331545129822993
115200.0	3000.0	1007.2312650875414	0.0	0	0.548298910696758	1207.2312650876993	1	0	1	3.3331545129822993
116200.0	3000.0	1007.2312650875438	0.0	0	243.59404738809098	1207.2312650876993	1	0	1	3.3331545129822993
117200.0	3000.0	1007.2312650875606	0.0	0	385.807546076554	1207.2312650876993	1	0	1	3.3331545129822993
118200.0	3000.0	1007.2312650875688	0.0	0	448.0832793987938	1207.2312650876993	1	0	1	3.3331545129822993
119200.0	3000.0	1007.2312650875815	0.0	0	346.6177025495126	1207.2312650876993	1	0	1	3.3331545129822993
120200.0	3000.0	1007.2312650875792	0.0	0	259.303844061782	1207.2312650876993	1	0	1	3.3331545129822993
121200.0	3000.0	1007.2312650875692	0.0	0	273.4806272617425	1207.2312650876993	1	0	1	3.3331545129822993
122200.0	3000.0	1007.2312650875579	0.0	0	26.65714331260824	1207.2312650876993	1	0	1	3.3331545129822993
123365.93363465284	3000.0	841.2976304347123	0.0	0	0.0	1207.2312650876993	1	0	1	3.3331545129822993
124233.67820817996	3000.0	973.5530569076049	0.0	0	0.0	1207.2312650876993	1	0	1	3.3331545129822993
125200.0	3000.0	1007.2312650875583	0.0	0	199.49465924572723	1207.2312650876847	1	0	1	3.333154512982301
126390.25618827336	3000.0	816.9750768141898	0.0	0	0.0	1207.2312650876847	1	0	1	3.333154512982301
127614.96405548962	3000.0	592.2672095979249	0.0	0	0.0	1207.2312650876993	1	0	1	3.3331545129822993
128776.64613960621	3000.0	430.5851254813298	0.0	0	0.0	1207.2312650876847	1	0	1	3.333154512982301
129735.04959084177	3000.0	553.3950780408214	81.21340379505392	0	0.0	1288.4446688827302	1	0	1	2.8377527498324726
130615.14458340268	2000.0	585.2905862238171	0.0	0	0.0	1200.4351696266385	1	0	2	1.9177675625852602
131325.81787191037	3000.0	874.6172977161175	0.0	0	0.0	1200.4351696266385	1	0	1	2.7283690144202395
132200.0	3000.0	1000.4351696265089	0.0	0	266.7653106106736	1200.435169626653	1	0	1	3.333834122528403
133200.0	3000.0	1000.4351696265255	0.0	0	634.6206374387257	1200.4351696266676	1	0	1	3.3338341225284025
134200.0	3000.0	1000.4351696265071	0.0	0	281.6307493097265	1200.4351696266676	1	0	1	3.3338341225284025
135200.0	3000.0	1000.4351696264771	0.0	0	41.87270682110102	1200.4351696266676	1	0	1	3.3338341225284025
136200.0	3000.0	1000.4351696264898	0.0	0	222.8491907757707	1200.4351696266967	1	0	1	3.3338341225283994
137200.0	3000.0	1000.435169626488	0.0	0	317.39178799747606	1200.4351696266967	1	0	1	3.3338341225283994
138200.0	3000.0	1000.4351696265221	0.0	0	21.99968435257324	1200.4351696267258	1	0	1	3.3338341225283967
139478.2587441177	3000.0	722.1764255088398	0.0	0	0.0	1200.4351696267258	1	0	1	3.3338341225283967
140568.86589221683	3000.0	631.5692774097182	0.0	0	0.0	1200.4351696267258	1	0	1	3.3338341225283967
141488.5177805161	3000.0	711.9173891104213	0.0	0	0.0	1200.4351696267258	1	0	1	3.3338341225283967
142287.18618847712	3000.0	913.2489811493996	0.0	0	0.0	1200.4351696267258	1	0	1	3.3338341225283967
143200.0	3000.0	1000.4351696265276	0.0	0	389.8912627126847	1200.4351696267258	1	0	1	3.3338341225283967
144362.22012212305	3000.0	838.2150475034964	0.0	0	0.0	1200.4351696267258	1	0	1	3.3338341225283967
145723.15359551166	3000.0	477.28157411489747	0.0	0	0.0	1200.4351696267258	1	0	1	3.3338341225283967
146554.00615519454	3000.0	646.4290144320091	0.0	0	0.0	1200.4351696267258	1	0	1	3.3338341225283967
147397.07224798854	3000.0	803.3629216380061	0.0	0	0.0	1200.4351696266967	1	0	1	3.3338341225283994
148468.47812283994	3000.0	731.9570467865879	0.0	0	0.0	1200.4351696266967	1	0	1	3.3338341225283994
149427.4559128822	3000.0	772.9792567443174	0.0	0	0.0	1200.4351696266676	1	0	1	3.3338341225284025
150200.0	3000.0	1000.4351696265098	0.0	0	65.76608832500642	1200.4351696266676	1	0	1	3.3338341225284025
151479.756104014	3000.0	720.6790656125345	0.0	0	0.0	1200.4351696266676	1	0	1	3.3338341225284025
152699.17770137417	3000.0	501.2574682523492	0.0	0	0.0	1200.4351696266676	1	0	1	3.3338341225284025
153580.86650773918	3000.0	619.5686618873582	0.0	0	0.0	1200.4351696266967	1	0	1	3.3338341225283994
154407.07169024626	3000.0	793.3634793802651	0.0	0	0.0	1200.4351696266967	1	0	1	3.3338341225283994
155200.0	3000.0	1000.4351696265298	0.0	0	318.0872293340508	1200.4351696266967	1	0	1	3.3338341225283994
156200.0	3000.0	1000.4351696265062	0.0	0	459.8031387240917	1200.4351696266676	1	0	1	3.3338341225284025
157302.2221827339	3000.0	898.2129868926024	0.0	0	0.0	1200.4351696266676	1	0	1	3.3338341225284025
158200.0	3000.0	1000.435169626528	0.0	0	246.43795526516624	1200.4351696266676	1	0	1	3.3338341225284025
159200.0	3000.0	1000.4351696265164	0.0	0	141.63876772826188	1200.4351696266967	1	0	1	3.3338341225283994
160318.10397925664	3000.0	882.3311903698655	0.0	0	0.0	1200.4351696267258	1	0	1	3.3338341225283967
161400.49639345077	3000.0	799.9387761757488	0.0	0	0.0	1200.4351696266967	1	0	1	3.3338341225283985
162231.20171314385	3000.0	969.233456482683	0.0	0	0.0	1200.4351696266967	1	0	1	3.3338341225284003
163200.0	3000.0	1000.4351696265715	0.0	0	259.56375580406166	1200.4351696266967	1	0	1	3.3338341225283994
164276.92792253793	3000.0	923.50724708867	0.0	0	0.0	1200.4351696266967	1	0	1	3.3338341225283994
165200.0	3000.0	1000.4351696266203	0.0	0	24.136946557759074	1200.4351696266967	1	0	1	3.3338341225283976
166260.72632304643	3000.0	939.7088465801991	0.0	0	0.0	1200.4351696266676	1	0	1	3.3338341225284016
167200.0	3000.0	1000.43516962663	0.0	0	4.665382490318734	1200.4351696266385	1	0	1	3.333834122528405
168200.0	3000.0	1000.4351696266185	0.0	0	359.9947422685509	1200.4351696266094	1	0	1	3.3338341225284083
169200.0	3000.0	1000.4351696266081	0.0	0	183.7958823191584	1200.4351696266094	1	0	1	3.3338341225284083
170346.9646970386	3000.0	853.470472587988	0.0	0	0.0	1200.4351696266094	1	0	1	3.3338341225284083
171613.88708530166	3000.0	586.5480843249488	0.0	0	0.0	1200.4351696266094	1	0	1	3.3338341225284083
172435.59512673217	3000.0	764.840042894446	0.0	0	0.0	1200.4351696266094	1	0	1	3.3338341225284083
173321.57629487684	3000.0	878.8588747497553	0.0	0	0.0	1200.4351696265803	1	0	1	3.3338341225284114
174200.0	3000.0	1000.435169626571	0.0	0	23.555714221583912	1200.4351696265803	1	0	1	3.3338341225284114
175200.0	3000.0	1000.4351696265946	0.0	0	545.5552341832663	1200.4351696265803	1	0	1	3.3338341225284114
176200.0	3000.0	1000.4351696266069	0.0	0	422.32367516992963	1200.4351696265803	1	0	1	3.3338341225284114
177200.0	3000.0	1000.435169626564	0.0	0	373.0222730645619	1200.4351696265803	1	0	1	3.3338341225284114
178294.58945893063	3000.0	905.8457106959163	0.0	0	0.0	1200.4351696265803	1	0	1	3.3338341225284114
179331.71519259037	3000.0	868.7199770361611	0.0	0	0.0	1200.4351696265512	1	0	1	3.333834122528414
180200.0	3000.0	1000.4351696265517	0.0	0	24.049896084616194	1200.4351696265512	1	0	1	3.333834122528414
181200.0	3000.0	1000.4351696265614	0.0	0	47.142137199349236	1200.4351696265512	1	0	1	3.333834122528414
182243.88477900642	3000.0	956.55039062011	0.0	0	0.0	1200.4351696265512	1	0	1	3.333834122528414
183200.0	3000.0	1000.4351696265344	0.0	0	205.74019442379358	1200.4351696265512	1	0	1	3.333834122528414
184200.0	3000.0	1000.4351696265594	0.0	0	376.6666742619127	1200.4351696265803	1	0	1	3.3338341225284114
185200.0	3000.0	1000.4351696265985	0.0	0	98.84791152956313	1200.4351696266094	1	0	1	3.33383412252841
186200.0	3000.0	1000.4351696265917	0.0	0	182.25332874627202	1200.4351696266094	1	0	1	3.3338341225284083
187634.45075606185	3000.0	565.9844135647363	0.0	0	0.0	1200.4351696266094	1	0	1	3.3338341225284083
189307.9834225415	3000.0	245.80767170161852	353.3559246165522	0	0.0	1553.791094243148	1	0	1	1.1814562421999835
189746.4192406077	1000.0	763.5282718287891	0.0	0	0.0	1509.9475124365126	1	0	2	0.15524302423891723
190200.0	1000.0	1264.5894364973046	0.0	0	101.58079012707458	1464.5894364973356	1	0	2	1.4579676614344192
191200.0	1000.0	1164.5894364972967	0.0	0	748.2625405474682	1364.5894364973065	1	0	2	1.4655002628391718
192200.0	1000.0	1064.5894364973078	0.0	0	455.1481239548302	1264.5894364972773	1	0	2	1.475661331432068
193200.0	500.0	964.5894364973392	0.0	0	742.9302888239035	1164.5894364972773	1	0	2	-0.24736768856068717
194200.0	1000.0	964.589436497326	0.0	0	670.8155553174147	1164.5894364972773	1	0	1	0.7963530822792311
195200.0	2000.0	964.5894364973378	0.0	0	214.66130193546996	1164.5894364972773	1	0	1	2.0360738531191496
196200.0	2000.0	964.5894364973342	0.0	0	396.76267001684755	1164.5894364972773	1	0	1	2.7292210336790945
197200.0	2000.0	964.5894364973606	0.0	0	377.3634307853936	1164.5894364972773	1	0	1	2.7292210336790945
198200.0	3000.0	964.5894364973478	0.0	0	324.1062210087548	1164.5894364972773	1	0	1	2.931953587733177
199200.0	3000.0	964.5894364973549	0.0	0	147.12508501898265	1164.5894364973065	1	0	1	3.3374186958413388
200439.36478299953	3000.0	725.2246534977971	0.0	0	0.0	1164.5894364972773	1	0	1	3.3374186958413414
201321.17142069573	3000.0	843.418015801615	0.0	0	0.0	1164.5894364972773	1	0	1	3.3374186958413414
202200.0	3000.0	964.5894364973523	0.0	0	46.576773227512604	1164.5894364972773	1	0	1	3.3374186958413414
203200.0	3000.0	964.5894364973649	0.0	0	319.70118731589173	1164.5894364973065	1	0	1	3.3374186958413388
204200.0	3000.0	964.5894364973888	0.0	0	269.8890721734206	1164.5894364973065	1	0	1	3.3374186958413388
205200.0	3000.0	964.5894364973708	0.0	0	341.1764572680113	1164.5894364973065	1	0	1	3.3374186958413388
206201.11013896478	3000.0	963.4792975325578	0.0	0	0.0	1164.5894364972773	1	0	1	3.33741869584134
207200.0	3000.0	964.5894364973155	0.0	0	148.00774502643617	1164.5894364972773	1	0	1	3.3374186958413414
208200.0	3000.0	964.589436497316	0.0	0	458.00495460021193	1164.5894364972773	1	0	1	3.3374186958413414
209303.9859015108	3000.0	860.6035349864954	0.0	0	0.0	1164.5894364972482	1	0	1	3.337418695841343
210298.9266204972	3000.0	865.662816000131	0.0	0	0.0	1164.5894364972482	1	0	1	3.337418695841344
211471.7883131838	3000.0	692.801123313504	0.0	0	0.0	1164.5894364972191	1	0	1	3.337418695841347
212533.50856256724	3000.0	631.0808739300702	0.0	0	0.0	1164.5894364972191	1	0	1	3.337418695841347
213405.17204232185	3000.0	759.4173941754599	0.0	0	0.0	1164.5894364972191	1	0	1	3.337418695841347
214200.0	2000.0	964.5894364973146	0.0	0	136.05331809507334	1164.58943649719	1	0	1	2.323755925570939
215200.0	2000.0	964.5894364973228	0.0	0	586.9880148216616	1164.58943649719	1	0	1	2.7292210336791034
216200.0	3000.0	964.5894364973492	0.0	0	491.77812453111983	1164.58943649719	1	0	1	2.9319535877331857
217200.0	3000.0	964.5894364973647	0.0	0	111.30687521010987	1164.58943649719	1	0	1	3.3374186958413503
218200.0	3000.0	964.5894364973726	0.0	0	81.08343084246735	1164.58943649719	1	0	1	3.3374186958413503
219208.14629691173	3000.0	956.4431395856499	0.0	0	0.0	1164.58943649719	1	0	1	3.3374186958413503
220200.0	3000.0	964.5894364973756	0.0	0	124.72407894182834	1164.58943649719	1	0	1	3.3374186958413503
221200.0	3000.0	964.5894364973624	0.0	0	135.48727694529225	1164.58943649719	1	0	1	3.3374186958413503
222200.0	3000.0	964.5894364973794	0.0	0	310.1631817732996	1164.58943649719	1	0	1	3.3374186958413503
223200.0	3000.0	964.5894364973558	0.0	0	209.59992398502072	1164.58943649719	1	0	1	3.3374186958413503
224200.0	3000.0	964.5894364973424	0.0	0	74.3286237520515	1164.58943649719	1	0	1	3.3374186958413503
225200.0	3000.0	964.5894364973517	0.0	0	16.569813800539123	1164.58943649719	1	0	1	3.3374186958413503
226215.1008095772	3000.0	949.4886269201444	0.0	0	0.0	1164.5894364972191	1	0	1	3.3374186958413494
227243.4747302288	3000.0	921.1147062685543	0.0	0	0.0	1164.5894364972191	1	0	1	3.337418695841347
228200.0	3000.0	964.5894364973619	0.0	0	333.81760124789434	1164.5894364972191	1	0	1	3.337418695841347
229200.0	3000.0	964.5894364973506	0.0	0	82.16401056115865	1164.5894364972191	1	0	1	3.337418695841347
230200.0	3000.0	964.5894364973378	0.0	0	257.9334120666608	1164.5894364972482	1	0	1	3.337418695841344
231200.0	3000.0	964.5894364973801	0.0	0	28.629466621379834	1164.5894364972773	1	0	1	3.3374186958413414
232200.0	3000.0	964.5894364973847	0.0	0	307.27682911083684	1164.5894364972773	1	0	1	3.3374186958413414
233200.0	3000.0	964.5894364973764	0.0	0	16.259740041423356	1164.5894364972773	1	0	1	3.3374186958413414
234200.0	3000.0	964.589436497369	0.0	0	94.87536383001134	1164.5894364972773	1	0	1	3.3374186958413414
235200.0	3000.0	964.5894364973587	0.0	0	198.60070675858879	1164.5894364972773	1	0	1	3.3374186958413414
236201.8600262575	3000.0	962.7294102398592	0.0	0	0.0	1164.5894364972773	1	0	1	3.3374186958413414
237468.19386356874	3000.0	696.3955729286001	0.0	0	0.0	1164.5894364972773	1	0	1	3.3374186958413414
238416.12504412697	3000.0	748.4643923703569	0.0	0	0.0	1164.5894364972773	1	0	1	3.3374186958413414
239200.0	3000.0	964.5894364973483	0.0	0	91.74208775165607	1164.5894364973065	1	0	1	3.3374186958413388
240200.0	3000.0	964.58943649734	0.0	0	4.877921881241491	1164.5894364973065	1	0	1	3.3374186958413388
241200.0	3000.0	964.5894364973472	0.0	0	160.80352847633185	1164.5894364973065	1	0	1	3.3374186958413388
242200.0	3000.0	964.5894364973437	0.0	0	256.70291761824046	1164.5894364972773	1	0	1	3.3374186958413414
243200.0	3000.0	964.589436497319	0.0	0	4.522891625500051	1164.5894364972773	1	0	1	3.3374186958413414
244200.0	3000.0	964.5894364973101	0.0	0	138.02755316431285	1164.5894364972482	1	0	1	3.337418695841344
245554.6069967691	3000.0	609.9824397281993	0.0	0	0.0	1164.5894364972482	1	0	1	3.337418695841344
246589.6621144802	3000.0	574.9273220171157	0.0	0	0.0	1164.5894364972482	1	0	1	3.337418695841344
247789.1181089434	3000.0	375.4713275539416	0.0	0	0.0	1164.5894364972773	1	0	1	3.3374186958413414
249072.4105944453	3000.0	342.6103975499771	250.4315554979267	0	0.0	1415.020991995203	1	0	1	1.8097862073039888
249406.65084645254	1000.0	974.946120342038	0.0	0	0.0	1381.5969667944883	1	0	2	0.1684094769668975
250200.0	500.0	1102.2620514398257	0.0	0	586.5721696391993	1302.2620514397277	1	0	2	-0.2608802362830137
251200.0	500.0	1002.2620514398229	0.0	0	822.9356645508087	1202.2620514397568	1	0	2	0.44201223050501265
252200.0	1000.0	1002.2620514398213	0.0	0	686.5713947453769	1202.2620514397568	1	0	1	0.7925858207849832
253200.0	2000.0	1002.2620514398261	0.0	0	86.43732685004943	1202.2620514397568	1	0	1	2.0323065916249012
254200.0	3000.0	1002.2620514398227	0.0	0	409.32467688212637	1202.2620514397859	1	0	1	2.9281863262389263
255200.0	3000.0	1002.2620514397831	0.0	0	443.13648633789853	1202.2620514397568	1	0	1	3.3336514343470935
256212.79910807923	3000.0	989.4629433606062	0.0	0	232.24767666539992	1202.2620514397568	1	0	1	3.3336514343470935
257327.97370171433	3000.0	874.288349725497	0.0	0	0.0	1202.2620514397568	1	0	1	3.3336514343470935
258200.0	3000.0	1002.262051439794	0.0	0	180.42645191008341	1202.2620514397568	1	0	1	3.3336514343470935
259301.76482757393	3000.0	900.4972238658276	0.0	0	0.0	1202.2620514396986	1	0	1	3.3336514343470984
260200.0	3000.0	1002.2620514397706	0.0	0	256.4206388576131	1202.2620514396986	1	0	1	3.3336514343470993
261200.0	3000.0	1002.2620514397693	0.0	0	185.12816303863656	1202.2620514396986	1	0	1	3.3336514343470993
262413.8151881629	3000.0	788.4468632768514	0.0	0	0.0	1202.2620514396694	1	0	1	3.3336514343471
263200.0	3000.0	1002.2620514397881	0.0	0	62.173515153175686	1202.2620514397277	1	0	1	3.3336514343471
264200.0	3000.0	1002.2620514397875	0.0	0	42.54111416370142	1202.2620514397277	1	0	1	3.333651434347096
265200.0	3000.0	1002.2620514397433	0.0	0	177.987604828435	1202.2620514396694	1	0	1	3.3336514343471024
266200.0	3000.0	1002.2620514397465	0.0	0	415.4817809080123	1202.2620514396694	1	0	1	3.3336514343471024
267200.0	3000.0	1002.2620514397397	0.0	0	353.90985645825276	1202.2620514396694	1	0	1	3.3336514343471024
268200.0	3000.0	1002.2620514397247	0.0	0	475.015171689447	1202.2620514396694	1	0	1	3.3336514343471024
269200.0	3000.0	1002.2620514396658	0.0	0	289.3121893928037	1202.2620514396694	1	0	1	3.3336514343471024
270200.0	3000.0	1002.2620514396385	0.0	0	253.87415132665774	1202.2620514396694	1	0	1	3.3336514343471024
271200.0	3000.0	1002.2620514397058	0.0	0	54.660527483094484	1202.2620514396694	1	0	1	3.3336514343471024
272287.1018385233	3000.0	915.1602129163956	0.0	0	0.0	1202.2620514396694	1	0	1	3.3336514343471024
273200.0	3000.0	1002.2620514397129	0.0	0	115.97898691310547	1202.2620514396694	1	0	1	3.3336514343471024
274200.0	3000.0	1002.2620514397158	0.0	0	348.0272808194277	1202.2620514396694	1	0	1	3.3336514343471024
275200.0	3000.0	1002.2620514397438	0.0	0	177.56311744003324	1202.2620514396694	1	0	1	3.3336514343471024
276200.0	3000.0	1002.2620514396986	0.0	0	73.76001570362132	1202.2620514396112	1	0	1	3.333651434347108
277200.0	3000.0	1002.2620514396885	0.0	0	36.238001075864304	1202.2620514396694	1	0	1	3.3336514343471055
278303.96125825174	3000.0	898.3007931879147	0.0	0	0.0	1202.2620514396694	1	0	1	3.3336514343471024
279200.0	3000.0	1002.2620514396822	0.0	0	60.40906542894663	1202.2620514397277	1	0	1	3.333651434347096
280200.0	3000.0	1002.2620514396185	0.0	0	62.096573711023666	1202.2620514397277	1	0	1	3.333651434347096
281200.0	3000.0	1002.2620514395767	0.0	0	498.78509519580984	1202.2620514397277	1	0	1	3.333651434347096
282200.0	3000.0	1002.2620514395803	0.0	0	572.6841333691264	1202.2620514396694	1	0	1	3.3336514343471024
283200.0	3000.0	1002.2620514395292	0.0	0	85.40340638224734	1202.2620514396112	1	0	1	3.333651434347108
284200.0	3000.0	1002.262051439496	0.0	0	410.9918361606542	1202.2620514396694	1	0	1	3.3336514343471024
285200.0	3000.0	1002.2620514395157	0.0	0	372.1618351715151	1202.2620514396694	1	0	1	3.3336514343471024
286200.0	3000.0	1002.2620514395085	0.0	0	400.3435177021893	1202.2620514396112	1	0	1	3.333651434347108
287418.54310742294	3000.0	783.718944016501	0.0	0	0.0	1202.2620514394948	1	0	1	3.3336514343471175
288264.1579108133	3000.0	938.1041406261362	0.0	0	0.0	1202.2620514394948	1	0	1	3.3336514343471197
289413.12325234606	3000.0	789.1387990933656	0.0	0	0.0	1202.2620514394948	1	0	1	3.3336514343471197
290223.6473813591	3000.0	978.6146700804248	0.0	0	0.0	1202.262051439553	1	0	1	3.333651434347116
291215.87046882213	3000.0	986.3915826173697	0.0	0	0.0	1202.2620514396112	1	0	1	3.333651434347111
292200.0	3000.0	1002.2620514394175	0.0	0	213.5990768869524	1202.2620514396112	1	0	1	3.333651434347108
293392.2221772108	3000.0	810.0398742286397	0.0	0	0.0	1202.262051439553	1	0	1	3.333651434347114
294442.9765573337	3000.0	759.2854941057367	0.0	0	0.0	1202.262051439553	1	0	1	3.333651434347114
295659.3413800237	3000.0	542.9206714158117	0.0	0	0.0	1202.262051439553	1	0	1	3.333651434347114
296390.4408380478	3000.0	811.8212133916298	0.0	0	0.0	1202.262051439553	1	0	1	3.333651434347114
297240.78863351693	3000.0	961.4734179225061	0.0	0	0.0	1202.262051439553	1	0	1	3.333651434347114
298221.73813042085	3000.0	980.5239210185819	0.0	0	0.0	1202.262051439553	1	0	1	3.333651434347114
299200.0	3000.0	1002.2620514394416	0.0	0	253.67403242381988	1202.262051439553	1	0	1	3.333651434347114
300328.294053703	3000.0	873.9679977364603	0.0	0	0.0	1202.262051439553	1	0	1	3.333651434347114
5.6	5.27	3.29	4.01	3.13	2.76	2.7	3.8	5.55	3.08	3.28	3.66	3.48	3.68	3.94	2.62	3.01	3.24	4.17	4.29	5.95	5.1	5.09	2.42	3.58	3.46	3.51	2.83	4.25	4.65	3.13	4.1	2.68	2.97	1.93	2.7	3.8	2.58	2.28	2.6	3.46	3.97	3.96	4.74	4.17	3.57	2.53	3.74	4.77	4.62	4.04	2.88	4.37	4.83	3.48	3.03	2.8	3.45	3.32	2.51	4.38	6.26	2.84	3.74	2.87	3.04	3.38	5.05	4.38	3.58	3.52	3.52	3.7	4.22	2.88	3.37	3.13	3.34	4.12	3.26	3.81	3.76	3.01	3.65	4.24	4.34	3.57	3.49	2.97	4.22	2.68	3.16	3.66	3.3	1.69	2.85	3.87	3.6	2.71	5.25	5.09	3.76	1.42	3.79	3.21	4.69	3.81	2.54	3.14	3.28	3.81	5.65	4.68	4.75	4.11	3.2	2.97	3.09	3.16	4.51	3.42	2.95	3.64	2.33	3.27	2.53	4.85	7.03	4.38	3.81	4.68	5.39	3.6	2.69	2.85	4.17	3.83	4.58	3.95	2.61	2.47	3.53	3.88	3.56	3.76	3.16	3.19	3.01	4.25	5.0	5.6	5.27	3.29	4.01	3.13	2.76	2.7	3.8	5.55	3.08	3.28	3.66	3.48	3.68	3.94	2.62	3.01	3.24	4.17	4.29	5.95	5.1	5.09	2.42	3.58	3.46	3.51	2.83	4.25	4.65	3.13	4.1	2.68	2.97	1.93	2.7	3.8	2.58	2.28	2.6	3.46	3.97	3.96	4.74	4.17	3.57	2.53	3.74	4.77	4.62	4.04	2.88	4.37	4.83	3.48	3.03	2.8	3.45	3.32	2.51	4.38	6.26	2.84	3.74	2.87	3.04	3.38	5.05	4.38	3.58	3.52	3.52	3.7	4.22	2.88	3.37	3.13	3.34	4.12	3.26	3.81	3.76	3.01	3.65	4.24	4.34	3.57	3.49	2.97	4.22	2.68	3.16	3.66	3.3	1.69	2.85	3.87	3.6	2.71	5.25	5.09	3.76	1.42	3.79	3.21	4.69	3.81	2.54	3.14	3.28	3.81	5.65	4.68	4.75	4.11	3.2	2.97	3.09	3.16	4.51	3.42	2.95	3.64	2.33	3.27	2.53	4.85	7.03	4.38	3.81	4.68	5.39	3.6	2.69	2.85	4.17	3.83	4.58	3.95	2.61	2.47	3.53	3.88	3.56	3.76	3.16	3.19	3.01
1.0	2.0	3.0	4.0	5.0	6.0	7.0	8.0	9.0	10.0	11.0	12.0	13.0	14.0	15.0	16.0	17.0	18.0	19.0	20.0	21.0	22.0	23.0	24.0	25.0	26.0	27.0	28.0	29.0	30.0	31.0	32.0	33.0	34.0	35.0	36.0	37.0	38.0	39.0	40.0	41.0	42.0	43.0	44.0	45.0	46.0	47.0	48.0	49.0	50.0	51.0	52.0	53.0	54.0	55.0	56.0	57.0	58.0	59.0	60.0	61.0	62.0	63.0	64.0	65.0	66.0	67.0	68.0	69.0	70.0	71.0	72.0	73.0	74.0	75.0	76.0	77.0	78.0	79.0	80.0	81.0	82.0	83.0	84.0	85.0	86.0	87.0	88.0	89.0	90.0	91.0	92.0	93.0	94.0	95.0	96.0	97.0	98.0	99.0	100.0	101.0	102.0	103.0	104.0	105.0	106.0	107.0	108.0	109.0	110.0	111.0	112.0	113.0	114.0	115.0	116.0	117.0	118.0	119.0	120.0	121.0	122.0	123.0	124.0	125.0	126.0	127.0	128.0	129.0	130.0	131.0	132.0	133.0	134.0	135.0	136.0	137.0	138.0	139.0	140.0	141.0	142.0	143.0	144.0	145.0	146.0	147.0	148.0	149.0	149.0	150.0	151.0	152.0	153.0	154.0	155.0	156.0	157.0	158.0	159.0	160.0	161.0	162.0	163.0	164.0	165.0	166.0	167.0	168.0	169.0	170.0	171.0	172.0	173.0	174.0	175.0	176.0	177.0	178.0	179.0	180.0	181.0	182.0	183.0	184.0	185.0	186.0	187.0	188.0	189.0	190.0	191.0	192.0	193.0	194.0	195.0	196.0	197.0	198.0	199.0	200.0	201.0	202.0	203.0	204.0	205.0	206.0	207.0	208.0	209.0	210.0	211.0	212.0	213.0	214.0	215.0	216.0	217.0	218.0	219.0	220.0	221.0	222.0	223.0	224.0	225.0	226.0	227.0	228.0	229.0	230.0	231.0	232.0	233.0	234.0	235.0	236.0	237.0	238.0	239.0	240.0	241.0	242.0	243.0	244.0	245.0	246.0	247.0	248.0	249.0	250.0	251.0	252.0	253.0	254.0	255.0	256.0	257.0	258.0	259.0	260.0	261.0	262.0	263.0	264.0	265.0	266.0	267.0	268.0	269.0	270.0	271.0	272.0	273.0	274.0	275.0	276.0	277.0	278.0	279.0	280.0	281.0	282.0	283.0	284.0	285.0	286.0	287.0	288.0	289.0	290.0	291.0	292.0	293.0	294.0	295.0	296.0	297.0
4980.01234507911
