5357.829765693902	300.0	2000.0	258.15292291164997	0	0.0	5357.829765693902	1	0	1	-2.078895354411948
6016.688230606862	1000.0	2275.255688595744	0.0	0	0.0	5291.943919202606	1	0	2	-0.3291970005589456
7854.099084438777	1000.0	1254.1037493806373	0.0	0	0.0	5108.202833819414	1	0	2	1.0901772833858294
8720.826379565719	1000.0	1300.7037247410012	0.0	0	0.0	5021.530104306719	1	0	2	1.1015329164408483
9498.802786418033	1000.0	1444.929677203454	0.0	0	0.0	4943.732463621487	1	0	2	1.1097781776682258
10405.523332052402	1000.0	1447.5370770056486	0.0	0	0.0	4853.060409058051	1	0	2	1.1181116556517812
11356.396753581397	1000.0	1401.5763133237547	0.0	0	0.0	4757.973066905151	1	0	2	1.1277913868822815
12514.329505956288	1000.0	1127.8502857113751	0.0	0	0.0	4642.179791667662	1	0	2	1.1390107407853576
13323.745690699398	1000.0	1237.4924824939553	0.0	0	0.0	4561.238173193351	1	0	2	1.14781822780482
13904.536002543698	1000.0	1598.6231394652266	0.0	0	0.0	4503.159142008924	1	0	2	1.1542580540064007
14534.007732342423	1000.0	1906.2042366866303	0.0	0	0.0	4440.211969029053	1	0	2	1.1604261025024054
15295.13235361695	1000.0	2068.9671532846505	0.0	0	0.0	4364.099506901599	1	0	2	1.1673445726594378
16290.344868756365	1000.0	1974.233386631292	0.0	0	0.0	4264.578255387656	1	0	2	1.1766487495515712
16964.05524640537	1000.0	2233.1519712173886	0.0	0	0.0	4197.207217622759	1	0	2	1.184619404062444
17768.987325999835	1000.0	2347.7266836634767	0.0	0	0.0	4116.714009663316	1	0	2	1.192262321901033
18437.046840087827	1000.0	2612.861218166684	0.0	0	0.0	4049.9080582545175	1	0	2	1.1993454203786018
19093.753495607398	1000.0	2890.4838970951523	0.0	0	0.0	3984.2373927025565	1	0	2	1.2055608757929335
19746.71521676279	1000.0	3172.2260038242225	0.0	0	0.0	3918.9412205870194	1	0	2	1.2124341522791604
20729.646678001816	1000.0	3091.0013964612967	0.0	0	0.0	3820.648074463119	1	0	2	1.2212393773089831
21502.824101357837	1000.0	3240.506230769669	0.0	0	0.0	3743.3303321275125	1	0	2	1.2295036300661781
22200.0	1000.0	3473.612742263288	0.0	0	110.58864758537311	3673.612742263289	1	0	2	1.236434631285958
23200.0	1000.0	3373.6127422632935	0.0	0	394.31181025302067	3573.6127422632926	1	0	2	1.244832366980193
24200.0	1000.0	3273.612742263295	0.0	0	617.8972983023668	3473.6127422632926	1	0	2	1.2546118461597031
25200.0	1000.0	3173.612742263298	0.0	0	575.3593313629353	3373.6127422632926	1	0	2	1.2645979322625749
26200.0	1000.0	3073.6127422633044	0.0	0	246.0175287648308	3273.6127422632962	1	0	2	1.2750008244890823
27200.0	1000.0	2973.6127422633044	0.0	0	359.0641310577703	3173.6127422632962	1	0	2	1.284807475302149
28200.0	1000.0	2873.612742263302	0.0	0	348.1785360134709	3073.6127422632926	1	0	2	1.294809489473844
29200.0	1000.0	2773.612742263303	0.0	0	371.2971347867315	2973.6127422632926	1	0	2	1.304797771252698
30200.0	1000.0	2673.6127422633	0.0	0	212.27415171785105	2873.6127422632853	1	0	2	1.3151972999493347
31200.0	1000.0	2573.6127422633003	0.0	0	305.7303767393605	2773.6127422632853	1	0	2	1.3249368536894477
32200.0	1000.0	2473.612742263299	0.0	0	505.2577998523557	2673.6127422632853	1	0	2	1.3346880018388205
33200.0	1000.0	2373.612742263297	0.0	0	351.95726014279717	2573.6127422632817	1	0	2	1.3448744297883835
34200.0	1000.0	2273.6127422632912	0.0	0	389.1318538906344	2473.612742263278	1	0	2	1.354833658693208
35215.90690974891	1000.0	2156.1151415394925	0.0	0	344.64210727745376	2372.02205128839	1	0	2	1.3647322779998077
36929.544100397754	1000.0	1271.1142318257682	0.0	0	0.0	2200.658332223509	1	0	2	1.3817390950715915
37813.90832390521	1000.0	1298.3135859675706	0.0	0	0.0	2112.221909872773	1	0	2	1.3923646385746884
38658.45745439567	1000.0	1369.3095424280743	0.0	0	0.0	2027.7669968237315	1	0	2	1.4011325153110539
39441.955877701505	1000.0	1507.461276791656	0.0	0	0.0	1949.417154493145	1	0	2	1.4090588305800096
40208.49615592022	1000.0	1664.266970751069	0.0	0	0.0	1872.7631266712706	1	0	2	1.4166133634658924
41200.0	1000.0	1573.6127422633074	0.0	0	368.8249728641749	1773.6127422632853	1	0	2	1.4248230887874924
42200.0	1000.0	1473.612742263303	0.0	0	320.1918145462114	1673.6127422632853	1	0	2	1.4348438132646688
43200.0	1000.0	1373.612742263302	0.0	0	151.34330147738365	1573.6127422632853	1	0	2	1.4451698448100825
44468.49270987925	1000.0	978.270761396139	0.0	0	0.0	1446.7634712753643	1	0	2	1.458444960863596
45596.79923206659	1000.0	737.1335869900685	0.0	0	0.0	1333.9328190566375	1	0	2	1.4698210336443993
46501.30620557961	1000.0	742.1759161257341	0.0	0	0.0	1243.482121705325	1	0	2	1.479336714991489
47883.847809673214	1000.0	221.38015162277642	0.0	0	0.0	1105.2279612959755	1	0	2	1.490822959331973
48862.24815252333	1000.0	490.1694758189901	247.1896670463206	0	0.0	1352.4176283423003	1	0	1	-0.012420558623249645
49693.34824206859	1000.0	575.9593773191986	0.0	0	0.0	1269.3076193877787	1	0	2	1.2770041751638508
50245.49497157809	1000.0	968.5979748587507	0.0	0	0.0	1214.092946436831	1	0	2	1.4832115109521111
51200.0	1000.0	1014.0929464368396	0.0	0	423.95224591326405	1214.0929464368237	1	0	1	1.484549911845222
52200.0	1000.0	1014.0929464368382	0.0	0	205.93027630499273	1214.0929464368237	1	0	1	1.684549911845222
53200.0	1000.0	1014.0929464368355	0.0	0	342.3646270560348	1214.0929464368237	1	0	1	1.684549911845222
54200.0	1000.0	1014.0929464368369	0.0	0	232.70122039858688	1214.092946436831	1	0	1	1.6845499118452212
55327.364945414905	1000.0	886.7280010219368	0.0	0	0.0	1214.092946436831	1	0	1	1.6845499118452212
56200.0	1000.0	1014.0929464368437	0.0	0	230.97358827334392	1214.0929464368237	1	0	1	1.684549911845222
57200.0	1000.0	1014.0929464368419	0.0	0	311.39612551366736	1214.092946436831	1	0	1	1.6845499118452212
58200.0	1000.0	1014.0929464368446	0.0	0	499.03255419851484	1214.092946436831	1	0	1	1.6845499118452212
59200.0	1000.0	1014.0929464368412	0.0	0	416.6882010477493	1214.092946436831	1	0	1	1.6845499118452212
60200.0	1000.0	1014.0929464368405	0.0	0	298.8570147089995	1214.092946436831	1	0	1	1.6845499118452212
61200.0	1000.0	1014.0929464368448	0.0	0	485.39094939856295	1214.0929464368382	1	0	1	1.6845499118452207
62200.0	1000.0	1014.0929464368426	0.0	0	633.3900210793872	1214.0929464368382	1	0	1	1.6845499118452207
63200.0	1000.0	1014.092946436853	0.0	0	504.5871639476536	1214.0929464368382	1	0	1	1.6845499118452207
64200.0	1000.0	1014.0929464368473	0.0	0	33.70872867142316	1214.092946436831	1	0	1	1.6845499118452212
65523.37140485881	1000.0	690.7215415780402	0.0	0	0.0	1214.092946436831	1	0	1	1.6845499118452212
66310.58921985101	1000.0	903.5037265858496	0.0	0	0.0	1214.0929464368455	1	0	1	1.684549911845221
67259.04471376089	1000.0	955.0482326759693	0.0	0	0.0	1214.0929464368382	1	0	1	1.6845499118452207
68260.53597369886	1000.0	953.5569727379958	0.0	0	0.0	1214.0929464368237	1	0	1	1.6845499118452216
69200.0	1000.0	1014.0929464368521	0.0	0	121.3224767723732	1214.0929464368237	1	0	1	1.684549911845222
70200.0	1000.0	1014.092946436861	0.0	0	499.3758932374767	1214.0929464368237	1	0	1	1.684549911845222
71200.0	1000.0	1014.0929464368583	0.0	0	279.4764160634513	1214.0929464368237	1	0	1	1.684549911845222
72200.0	1000.0	1014.0929464368658	0.0	0	76.79676539071079	1214.0929464368237	1	0	1	1.684549911845222
73200.0	1000.0	1014.0929464368728	0.0	0	441.71530872744916	1214.0929464368237	1	0	1	1.684549911845222
74200.0	1000.0	1014.0929464368769	0.0	0	219.90734087777673	1214.0929464368237	1	0	1	1.684549911845222
75200.0	1000.0	1014.0929464368762	0.0	0	576.2921801053453	1214.0929464368237	1	0	1	1.684549911845222
76200.0	1000.0	1014.092946436876	0.0	0	521.3963690810342	1214.0929464368091	1	0	1	1.6845499118452234
77200.0	1000.0	1014.0929464368651	0.0	0	390.5460098087642	1214.0929464368091	1	0	1	1.6845499118452234
78200.0	1000.0	1014.0929464368664	0.0	0	167.5819623067655	1214.0929464368091	1	0	1	1.6845499118452234
79200.0	1000.0	1014.0929464368867	0.0	0	457.08135580370435	1214.0929464368091	1	0	1	1.6845499118452234
80200.0	1000.0	1014.092946436874	0.0	0	419.70213984392467	1214.0929464367946	1	0	1	1.6845499118452247
81200.0	1000.0	1014.0929464368637	0.0	0	240.22891359160712	1214.0929464367946	1	0	1	1.6845499118452247
82200.0	1000.0	1014.0929464368628	0.0	0	112.19504124997184	1214.0929464367946	1	0	1	1.6845499118452247
83200.0	1000.0	1014.0929464368592	0.0	0	245.95036885164154	1214.0929464367946	1	0	1	1.6845499118452247
84200.0	1000.0	1014.0929464368564	0.0	0	371.8893840175442	1214.0929464367946	1	0	1	1.6845499118452247
85200.0	1000.0	1014.0929464368435	0.0	0	217.51623716205359	1214.0929464367946	1	0	1	1.6845499118452247
86200.0	1000.0	1014.0929464368446	0.0	0	367.5696412386169	1214.0929464367946	1	0	1	1.6845499118452247
87200.0	1000.0	1014.092946436836	0.0	0	206.39724623638904	1214.0929464367946	1	0	1	1.6845499118452247
88200.0	1000.0	1014.0929464368401	0.0	0	302.7949629282084	1214.0929464367946	1	0	1	1.6845499118452247
89200.0	1000.0	1014.0929464368328	0.0	0	375.71778026712127	1214.0929464368091	1	0	1	1.6845499118452234
90200.0	1000.0	1014.092946436843	0.0	0	413.29385327328055	1214.0929464368091	1	0	1	1.6845499118452234
91200.0	1000.0	1014.0929464368262	0.0	0	136.931623270837	1214.0929464368091	1	0	1	1.6845499118452234
92200.0	1000.0	1014.0929464368241	0.0	0	160.0919934558624	1214.0929464368091	1	0	1	1.6845499118452234
93200.0	1000.0	1014.0929464368173	0.0	0	394.86729167678277	1214.0929464368091	1	0	1	1.6845499118452234
94200.0	1000.0	1014.0929464368085	0.0	0	357.67201457916235	1214.0929464368091	1	0	1	1.6845499118452234
95200.0	1000.0	1014.0929464368173	0.0	0	262.419460039775	1214.0929464368091	1	0	1	1.6845499118452234
96200.0	1000.0	1014.0929464368098	0.0	0	347.8120048300334	1214.0929464368091	1	0	1	1.6845499118452234
97200.0	1000.0	1014.0929464368105	0.0	0	113.95885864819866	1214.0929464368091	1	0	1	1.6845499118452234
98200.0	1000.0	1014.0929464368064	0.0	0	535.4031969488278	1214.0929464368091	1	0	1	1.6845499118452234
99200.0	1000.0	1014.0929464368073	0.0	0	156.60798655371764	1214.0929464368091	1	0	1	1.6845499118452234
100200.0	1000.0	1014.092946436821	0.0	0	267.3066512121877	1214.0929464368091	1	0	1	1.6845499118452234
101200.0	1000.0	1014.0929464368273	0.0	0	322.0319802189333	1214.0929464368091	1	0	1	1.6845499118452234
102312.07177169764	1000.0	902.021174739181	0.0	0	0.0	1214.0929464367946	1	0	1	1.6845499118452247
103573.22387310294	1000.0	640.8690733338706	0.0	0	0.0	1214.0929464367946	1	0	1	1.6845499118452247
104395.07873957817	1000.0	819.0142068586471	0.0	0	0.0	1214.0929464367946	1	0	1	1.6845499118452247
105398.42014232969	1000.0	815.6728041071278	0.0	0	0.0	1214.0929464368091	1	0	1	1.6845499118452234
106237.35954302149	1000.0	976.7334034153249	0.0	0	0.0	1214.0929464368091	1	0	1	1.6845499118452234
107200.0	1000.0	1014.0929464368069	0.0	0	429.21114494426	1214.0929464368091	1	0	1	1.6845499118452234
108200.0	1000.0	1014.0929464367987	0.0	0	398.4031841162796	1214.0929464368091	1	0	1	1.6845499118452234
109200.0	1000.0	1014.0929464367814	0.0	0	251.92250808335666	1214.0929464368091	1	0	1	1.6845499118452234
110200.0	1000.0	1014.0929464367873	0.0	0	236.98873397312127	1214.0929464368237	1	0	1	1.684549911845222
111200.0	1000.0	1014.0929464368023	0.0	0	505.5390814183338	1214.0929464368237	1	0	1	1.684549911845222
112200.0	1000.0	1014.0929464368155	0.0	0	589.6295013917843	1214.0929464368382	1	0	1	1.6845499118452207
113252.87763596118	1000.0	961.2153104756289	0.0	0	0.0	1214.0929464368382	1	0	1	1.6845499118452207
114200.0	1000.0	1014.0929464368014	0.0	0	23.196566044411156	1214.0929464368382	1	0	1	1.6845499118452207
115200.0	1000.0	1014.0929464367994	0.0	0	69.75329190434422	1214.0929464368528	1	0	1	1.684549911845219
116200.0	1000.0	1014.0929464368044	0.0	0	335.73120415667654	1214.0929464368528	1	0	1	1.684549911845219
117200.0	1000.0	1014.0929464368166	0.0	0	397.86174727836624	1214.0929464368382	1	0	1	1.6845499118452207
118200.0	1000.0	1014.0929464368064	0.0	0	130.80933913837362	1214.0929464368382	1	0	1	1.6845499118452207
119200.0	1000.0	1014.0929464368146	0.0	0	19.627218145455117	1214.0929464368237	1	0	1	1.684549911845222
120200.0	1000.0	1014.092946436805	0.0	0	308.95051808972494	1214.0929464368237	1	0	1	1.684549911845222
121356.10324052276	1000.0	857.9897059140476	0.0	0	0.0	1214.0929464368237	1	0	1	1.684549911845222
122243.53100976406	1000.0	970.5619366727395	0.0	0	0.0	1214.0929464368237	1	0	1	1.684549911845222
123200.0	1000.0	1014.0929464368132	0.0	0	276.2477525390859	1214.0929464368237	1	0	1	1.684549911845222
124200.0	1000.0	1014.0929464368278	0.0	0	547.8683201342355	1214.0929464368237	1	0	1	1.684549911845222
125200.0	1000.0	1014.092946436841	0.0	0	241.71466491966567	1214.0929464368237	1	0	1	1.684549911845222
126200.0	1000.0	1014.092946436828	0.0	0	230.80294137408782	1214.0929464368237	1	0	1	1.684549911845222
127200.0	1000.0	1014.0929464368119	0.0	0	59.71293051549583	1214.0929464368237	1	0	1	1.684549911845222
128200.0	1000.0	1014.092946436801	0.0	0	402.9470596094616	1214.0929464368237	1	0	1	1.684549911845222
129261.09922234602	1000.0	952.993724090781	0.0	0	0.0	1214.0929464368237	1	0	1	1.684549911845222
130200.0	1000.0	1014.0929464368107	0.0	0	282.1380861646612	1214.0929464368237	1	0	1	1.684549911845222
131200.0	1000.0	1014.0929464368053	0.0	0	302.6178598469269	1214.0929464368091	1	0	1	1.6845499118452234
132200.0	1000.0	1014.0929464368423	0.0	0	534.9302328484482	1214.0929464368528	1	0	1	1.684549911845222
133200.0	1000.0	1014.0929464368371	0.0	0	239.61245025027893	1214.0929464368674	1	0	1	1.6845499118452176
134200.0	1000.0	1014.0929464368701	0.0	0	285.86556539763114	1214.0929464368965	1	0	1	1.6845499118452163
135200.0	1000.0	1014.0929464368896	0.0	0	119.08889572956832	1214.0929464368965	1	0	1	1.6845499118452159
136200.0	1000.0	1014.0929464368858	0.0	0	508.6175327648234	1214.0929464368965	1	0	1	1.6845499118452147
137200.0	1000.0	1014.0929464368844	0.0	0	224.05163671422633	1214.0929464368965	1	0	1	1.6845499118452147
138200.0	1000.0	1014.0929464368751	0.0	0	1.7764176772907376	1214.0929464368965	1	0	1	1.6845499118452147
139200.0	1000.0	1014.0929464368942	0.0	0	378.1002683545521	1214.0929464368965	1	0	1	1.6845499118452147
140230.32326703577	1000.0	983.769679401122	0.0	0	0.0	1214.0929464369256	1	0	1	1.6845499118452119
141200.0	1000.0	1014.092946436891	0.0	0	26.537831645429833	1214.0929464369256	1	0	1	1.6845499118452119
142200.0	1000.0	1014.0929464369069	0.0	0	187.20377410104265	1214.0929464369256	1	0	1	1.6845499118452119
143200.0	1000.0	1014.0929464369206	0.0	0	244.46554140129592	1214.0929464369256	1	0	1	1.6845499118452119
144200.0	1000.0	1014.0929464369146	0.0	0	248.1642813157814	1214.0929464369256	1	0	1	1.6845499118452119
145200.0	1000.0	1014.0929464369351	0.0	0	324.1509322283964	1214.0929464369256	1	0	1	1.6845499118452119
146200.0	1000.0	1014.0929464369237	0.0	0	347.5400687319634	1214.0929464369256	1	0	1	1.6845499118452119
147200.0	1000.0	1014.0929464369292	0.0	0	343.7551451808831	1214.0929464369256	1	0	1	1.6845499118452119
148200.0	1000.0	1014.0929464369178	0.0	0	364.15554759520455	1214.0929464369256	1	0	1	1.6845499118452119
149200.0	1000.0	1014.0929464368915	0.0	0	169.67186615793617	1214.0929464369256	1	0	1	1.6845499118452119
150200.0	1000.0	1014.0929464368814	0.0	0	139.91900881627225	1214.0929464369256	1	0	1	1.6845499118452119
151200.0	1000.0	1014.0929464369135	0.0	0	217.62203572457656	1214.0929464369256	1	0	1	1.6845499118452119
152200.0	1000.0	1014.092946436863	0.0	0	289.4561823462718	1214.0929464369256	1	0	1	1.6845499118452119
153200.0	1000.0	1014.0929464368755	0.0	0	353.8399966356228	1214.0929464369547	1	0	1	1.684549911845209
154200.0	1000.0	1014.0929464368787	0.0	0	268.4287035782181	1214.0929464369547	1	0	1	1.684549911845209
155200.0	1000.0	1014.0929464368642	0.0	0	71.71743431393406	1214.0929464369547	1	0	1	1.684549911845209
156463.04557779254	1000.0	751.047368644308	0.0	0	0.0	1214.0929464369547	1	0	1	1.684549911845209
157614.53515030543	1000.0	599.5577961314206	0.0	0	0.0	1214.0929464369547	1	0	1	1.684549911845209
158543.23333904412	1000.0	670.8596073927018	0.0	0	0.0	1214.0929464369547	1	0	1	1.684549911845209
159710.48961142663	1000.0	503.6033350101875	0.0	0	0.0	1214.0929464369256	1	0	1	1.6845499118452119
160866.5514178478	1000.0	436.90750364485064	89.36597505582876	0	0.0	1303.45892149274	1	0	1	1.1394174640046555
161505.6605016264	1000.0	733.8875114883888	0.0	0	0.0	1239.5480131148943	1	0	2	1.2804677922820342
162200.0	1000.0	970.1140632774238	0.0	0	94.71881693808245	1170.1140632775205	1	0	2	1.4867599728988836
163200.0	1000.0	970.1140632774475	0.0	0	367.2919766292325	1170.1140632774914	1	0	1	1.4889478001611534
164200.0	1000.0	970.1140632774511	0.0	0	414.70211552493856	1170.1140632774914	1	0	1	1.6889478001611553
165200.0	1000.0	970.114063277435	0.0	0	253.45852601033403	1170.1140632774914	1	0	1	1.6889478001611553
166200.0	1000.0	970.114063277463	0.0	0	49.30128921059077	1170.1140632775496	1	0	1	1.6889478001611504
167200.0	1000.0	970.1140632774745	0.0	0	261.37923629107536	1170.1140632775496	1	0	1	1.6889478001611493
168200.0	1000.0	970.114063277475	0.0	0	429.79310730160796	1170.1140632775787	1	0	1	1.6889478001611464
169200.0	1000.0	970.1140632774595	0.0	0	165.69788093701936	1170.1140632775787	1	0	1	1.6889478001611464
170200.0	1000.0	970.1140632774336	0.0	0	328.5711509545217	1170.1140632775787	1	0	1	1.6889478001611464
171200.0	1000.0	970.1140632774006	0.0	0	104.07104443229036	1170.1140632775496	1	0	1	1.6889478001611493
172200.0	1000.0	970.1140632773936	0.0	0	444.88135037824395	1170.1140632775205	1	0	1	1.6889478001611506
173200.0	1000.0	970.1140632773747	0.0	0	490.81204194246675	1170.1140632775205	1	0	1	1.6889478001611524
174200.0	1000.0	970.1140632773313	0.0	0	530.811836748122	1170.1140632775205	1	0	1	1.6889478001611524
175200.0	1000.0	970.1140632773518	0.0	0	219.02404928888427	1170.1140632775205	1	0	1	1.6889478001611524
176200.0	1000.0	970.1140632773524	0.0	0	265.9291026304127	1170.1140632775205	1	0	1	1.6889478001611524
177200.0	1000.0	970.1140632773547	0.0	0	423.81558152424986	1170.1140632775205	1	0	1	1.6889478001611524
178200.0	1000.0	970.1140632773352	0.0	0	376.47737352282275	1170.1140632775496	1	0	1	1.688947800161151
179200.0	1000.0	970.1140632773202	0.0	0	269.5835737892485	1170.1140632775496	1	0	1	1.6889478001611493
180200.0	1000.0	970.1140632772995	0.0	0	272.18494511095923	1170.1140632775205	1	0	1	1.6889478001611524
181200.0	1000.0	970.1140632773113	0.0	0	242.41963004562422	1170.1140632775496	1	0	1	1.688947800161151
182200.0	1000.0	970.1140632773347	0.0	0	298.9600873471645	1170.1140632775496	1	0	1	1.6889478001611493
183200.0	1000.0	970.1140632773156	0.0	0	556.5782371497771	1170.1140632775205	1	0	1	1.6889478001611524
184200.0	1000.0	970.1140632773054	0.0	0	403.4201429284294	1170.1140632775205	1	0	1	1.6889478001611524
185462.69543601602	1000.0	707.4186272612635	0.0	0	0.0	1170.1140632775205	1	0	1	1.6889478001611524
186200.0	1000.0	970.1140632772884	0.0	0	7.244725526601542	1170.1140632774914	1	0	1	1.6889478001611553
187200.0	1000.0	970.1140632772926	0.0	0	266.9989311847021	1170.1140632775205	1	0	1	1.6889478001611524
188200.0	1000.0	970.1140632772667	0.0	0	363.56426052059396	1170.1140632775205	1	0	1	1.6889478001611524
189200.0	1000.0	970.1140632772886	0.0	0	396.2592293013877	1170.1140632775205	1	0	1	1.6889478001611524
190200.0	1000.0	970.1140632772788	0.0	0	468.9806464189023	1170.1140632775205	1	0	1	1.6889478001611524
191200.0	1000.0	970.1140632772629	0.0	0	398.6270844040264	1170.1140632775205	1	0	1	1.6889478001611524
192200.0	1000.0	970.1140632772608	0.0	0	330.4538430713583	1170.1140632775496	1	0	1	1.688947800161151
193349.1427170967	1000.0	820.9713461805886	0.0	0	0.0	1170.1140632775787	1	0	1	1.6889478001611473
194200.0	1000.0	970.1140632773152	0.0	0	164.55448567768326	1170.114063277637	1	0	1	1.6889478001611415
195200.0	1000.0	970.1140632773158	0.0	0	341.1423652212543	1170.114063277637	1	0	1	1.6889478001611407
196200.0	1000.0	970.1140632773185	0.0	0	158.73867623350816	1170.114063277637	1	0	1	1.6889478001611407
197589.48384995206	1000.0	580.6302133252636	0.0	0	0.0	1170.114063277637	1	0	1	1.6889478001611407
198200.0	1000.0	970.114063277322	0.0	0	48.57521397055825	1170.114063277637	1	0	1	1.6889478001611407
199200.0	1000.0	970.1140632773261	0.0	0	133.1432747063809	1170.114063277637	1	0	1	1.6889478001611407
200200.0	1000.0	970.114063277329	0.0	0	331.9957691129239	1170.114063277666	1	0	1	1.6889478001611378
201200.0	1000.0	970.1140632773298	0.0	0	53.45533633601735	1170.114063277695	1	0	1	1.6889478001611358
202200.0	1000.0	970.1140632773354	0.0	0	221.85949411441106	1170.114063277695	1	0	1	1.6889478001611347
203200.0	1000.0	970.1140632773304	0.0	0	249.09082995422068	1170.114063277666	1	0	1	1.6889478001611378
204222.933560897	1000.0	947.1805023803067	0.0	0	0.0	1170.114063277666	1	0	1	1.6889478001611378
205200.0	1000.0	970.1140632773049	0.0	0	106.0397981920978	1170.114063277695	1	0	1	1.6889478001611347
206200.0	1000.0	970.1140632773286	0.0	0	551.6404986171692	1170.1140632777242	1	0	1	1.6889478001611318
207200.0	1000.0	970.1140632772726	0.0	0	427.3547108968196	1170.1140632777242	1	0	1	1.6889478001611318
208200.0	1000.0	970.1140632772742	0.0	0	319.2123542005429	1170.114063277695	1	0	1	1.688947800161133
209200.0	1000.0	970.1140632772426	0.0	0	418.57437973388005	1170.114063277695	1	0	1	1.6889478001611347
210200.0	1000.0	970.1140632772499	0.0	0	444.50756528871716	1170.114063277695	1	0	1	1.6889478001611347
211200.0	1000.0	970.1140632772394	0.0	0	427.67216466669925	1170.114063277666	1	0	1	1.688947800161136
212200.0	1000.0	970.1140632772599	0.0	0	314.15406021737726	1170.114063277666	1	0	1	1.6889478001611378
213200.0	1000.0	970.1140632772383	0.0	0	66.78935060178628	1170.114063277666	1	0	1	1.6889478001611378
214347.41187194156	1000.0	822.7021913356949	0.0	0	0.0	1170.114063277666	1	0	1	1.6889478001611378
215563.61002741777	1000.0	606.50403585947	0.0	0	0.0	1170.114063277637	1	0	1	1.6889478001611407
216204.45363756374	1000.0	965.6604257134857	0.0	0	0.0	1170.114063277637	1	0	1	1.6889478001611407
217200.0	1000.0	970.1140632772049	0.0	0	238.5545883103332	1170.114063277637	1	0	1	1.6889478001611407
218212.27639571804	1000.0	957.8376675591534	0.0	0	0.0	1170.114063277637	1	0	1	1.6889478001611407
219200.0	1000.0	970.1140632771853	0.0	0	143.39706394079258	1170.114063277637	1	0	1	1.6889478001611407
220200.0	1000.0	970.1140632771735	0.0	0	92.60245301455143	1170.114063277637	1	0	1	1.6889478001611407
221200.0	1000.0	970.1140632771435	0.0	0	291.8152980200539	1170.1140632776078	1	0	1	1.688947800161142
222200.0	1000.0	970.1140632771724	0.0	0	422.9304491521616	1170.114063277637	1	0	1	1.6889478001611407
223200.0	1000.0	970.114063277146	0.0	0	339.4504577149346	1170.1140632776078	1	0	1	1.6889478001611435
224200.0	1000.0	970.1140632771835	0.0	0	491.5110635126475	1170.1140632776078	1	0	1	1.6889478001611435
225200.0	1000.0	970.1140632771783	0.0	0	419.10655774822226	1170.1140632775787	1	0	1	1.6889478001611447
226200.0	1000.0	970.1140632771617	0.0	0	363.0585999091272	1170.1140632775787	1	0	1	1.6889478001611464
227200.0	1000.0	970.1140632771733	0.0	0	326.7356659109646	1170.1140632775787	1	0	1	1.6889478001611464
228200.0	1000.0	970.1140632771692	0.0	0	318.4146701749414	1170.1140632775496	1	0	1	1.6889478001611473
229200.0	1000.0	970.1140632771903	0.0	0	627.835172403662	1170.1140632775205	1	0	1	1.6889478001611524
230200.0	1000.0	970.1140632771808	0.0	0	148.792521684838	1170.1140632775205	1	0	1	1.6889478001611524
231200.0	1000.0	970.1140632771599	0.0	0	229.33482983981958	1170.1140632774914	1	0	1	1.6889478001611535
232200.0	1000.0	970.1140632771694	0.0	0	283.0400840973598	1170.1140632775205	1	0	1	1.6889478001611524
233200.0	1000.0	970.1140632771214	0.0	0	223.95409137097886	1170.1140632775205	1	0	1	1.6889478001611524
234200.0	1000.0	970.1140632770953	0.0	0	169.19454398335074	1170.1140632774914	1	0	1	1.6889478001611553
235200.0	1000.0	970.1140632770955	0.0	0	290.03518207967863	1170.1140632774623	1	0	1	1.6889478001611562
236200.0	1000.0	970.1140632771512	0.0	0	203.94395984659786	1170.1140632774914	1	0	1	1.6889478001611553
237200.0	1000.0	970.1140632771803	0.0	0	176.8754306039773	1170.1140632775205	1	0	1	1.6889478001611524
238200.0	1000.0	970.1140632771567	0.0	0	505.5824584013026	1170.1140632775205	1	0	1	1.6889478001611524
239200.0	1000.0	970.1140632771701	0.0	0	297.89752400957514	1170.1140632775205	1	0	1	1.6889478001611506
240200.0	1000.0	970.1140632771767	0.0	0	146.7589526391239	1170.1140632774914	1	0	1	1.6889478001611535
241200.0	1000.0	970.1140632771553	0.0	0	438.17482957980246	1170.1140632774914	1	0	1	1.6889478001611553
242200.0	1000.0	970.1140632771576	0.0	0	535.3448116189684	1170.1140632774914	1	0	1	1.6889478001611553
243200.0	1000.0	970.1140632771185	0.0	0	305.5831161366077	1170.1140632774914	1	0	1	1.6889478001611553
244200.0	1000.0	970.114063277098	0.0	0	320.48375954831135	1170.1140632774914	1	0	1	1.6889478001611553
245200.0	1000.0	970.1140632770844	0.0	0	446.97915273331455	1170.1140632774623	1	0	1	1.688947800161158
246200.0	1000.0	970.114063277108	0.0	0	230.32723890073248	1170.1140632774914	1	0	1	1.6889478001611553
247200.0	1000.0	970.1140632771392	0.0	0	321.5296069900505	1170.1140632774914	1	0	1	1.6889478001611553
248200.0	1000.0	970.1140632771098	0.0	0	165.58423104902613	1170.1140632774914	1	0	1	1.6889478001611553
249200.0	1000.0	970.1140632771053	0.0	0	409.58382815279765	1170.1140632774623	1	0	1	1.6889478001611562
250200.0	1000.0	970.1140632771308	0.0	0	472.9875180317031	1170.1140632774623	1	0	1	1.688947800161158
251200.0	1000.0	970.1140632771403	0.0	0	254.59804761962732	1170.1140632774623	1	0	1	1.688947800161158
252394.38308228357	1000.0	775.7309809935723	0.0	0	0.0	1170.1140632774332	1	0	1	1.688947800161161
253596.6448545558	1000.0	573.4692087213392	0.0	0	0.0	1170.1140632774332	1	0	1	1.688947800161161
254382.5894495554	1000.0	787.5246137217556	0.0	0	0.0	1170.1140632774332	1	0	1	1.688947800161161
255200.0	1000.0	970.1140632771451	0.0	0	30.892203947383678	1170.1140632774332	1	0	1	1.688947800161161
256200.0	1000.0	970.1140632771128	0.0	0	184.05064528860385	1170.1140632774623	1	0	1	1.688947800161158
257200.0	1000.0	970.1140632771198	0.0	0	113.80873685711413	1170.1140632774914	1	0	1	1.688947800161157
258200.0	1000.0	970.1140632770823	0.0	0	63.79547087155515	1170.1140632774623	1	0	1	1.688947800161158
259200.0	1000.0	970.1140632770835	0.0	0	361.49010762918624	1170.1140632774332	1	0	1	1.688947800161161
260200.0	1000.0	970.1140632770887	0.0	0	467.352399269701	1170.1140632774623	1	0	1	1.688947800161158
261200.0	1000.0	970.1140632770621	0.0	0	448.92851786717074	1170.1140632774332	1	0	1	1.688947800161161
262200.0	1000.0	970.114063277058	0.0	0	382.8137513595866	1170.114063277404	1	0	1	1.688947800161162
263559.16388775705	1000.0	610.9501755199997	0.0	0	0.0	1170.114063277375	1	0	1	1.6889478001611655
264232.9744687003	1000.0	937.1395945767674	0.0	0	0.0	1170.114063277375	1	0	1	1.6889478001611669
265200.0	1000.0	970.1140632770439	0.0	0	288.04605322727	1170.1140632773167	1	0	1	1.688947800161169
266200.0	1000.0	970.1140632770282	0.0	0	121.70335972233443	1170.1140632772585	1	0	1	1.6889478001611762
267200.0	1000.0	970.1140632769876	0.0	0	145.94506553118117	1170.1140632772003	1	0	1	1.6889478001611844
268200.0	1000.0	970.1140632769907	0.0	0	141.12741025962168	1170.1140632772585	1	0	1	1.6889478001611806
269200.0	1000.0	970.1140632769657	0.0	0	327.8509005944943	1170.1140632773167	1	0	1	1.6889478001611726
270200.0	1000.0	970.1140632770118	0.0	0	359.7235626401962	1170.1140632773167	1	0	1	1.6889478001611726
271200.0	1000.0	970.1140632769955	0.0	0	145.58095052605495	1170.114063277375	1	0	1	1.6889478001611669
272200.0	1000.0	970.1140632770166	0.0	0	238.8427494073403	1170.114063277375	1	0	1	1.6889478001611669
273200.0	1000.0	970.1140632769798	0.0	0	221.01751393498853	1170.114063277375	1	0	1	1.6889478001611669
274200.0	1000.0	970.1140632770275	0.0	0	404.5617013538722	1170.114063277375	1	0	1	1.6889478001611669
275200.0	1000.0	970.1140632769503	0.0	0	190.156824260368	1170.114063277375	1	0	1	1.6889478001611669
276200.0	1000.0	970.1140632769616	0.0	0	101.7952702009934	1170.114063277375	1	0	1	1.6889478001611669
277200.0	1000.0	970.1140632770002	0.0	0	96.13631409668596	1170.114063277375	1	0	1	1.6889478001611669
278387.2573843149	1000.0	782.856678962047	0.0	0	0.0	1170.114063277375	1	0	1	1.6889478001611669
279493.3678431307	1000.0	676.7462201462614	0.0	0	0.0	1170.114063277375	1	0	1	1.6889478001611669
280200.0	1000.0	970.1140632769825	0.0	0	80.43331248802133	1170.114063277375	1	0	1	1.6889478001611669
281200.0	1000.0	970.1140632769961	0.0	0	414.11334157240344	1170.114063277375	1	0	1	1.6889478001611669
282200.0	1000.0	970.1140632770148	0.0	0	218.98249826097162	1170.114063277375	1	0	1	1.6889478001611669
283200.0	1000.0	970.1140632770796	0.0	0	37.8119949058746	1170.1140632774332	1	0	1	1.6889478001611635
284200.0	1000.0	970.1140632770885	0.0	0	206.43386950803688	1170.1140632774914	1	0	1	1.6889478001611553
285200.0	1000.0	970.1140632770573	0.0	0	331.8308337907074	1170.1140632774914	1	0	1	1.6889478001611553
286200.0	1000.0	970.114063277052	0.0	0	15.873075309791602	1170.1140632774332	1	0	1	1.688947800161161
287200.0	1000.0	970.114063277051	0.0	0	179.33140591118718	1170.1140632774332	1	0	1	1.688947800161161
288200.0	1000.0	970.1140632770705	0.0	0	472.3468356161029	1170.1140632774914	1	0	1	1.6889478001611553
289200.0	1000.0	970.1140632770248	0.0	0	314.83427526208106	1170.1140632774914	1	0	1	1.6889478001611553
290254.4940772914	1000.0	915.6199859856092	0.0	0	0.0	1170.1140632774914	1	0	1	1.6889478001611553
291270.07130935066	1000.0	900.0427539263783	0.0	0	0.0	1170.1140632774914	1	0	1	1.6889478001611553
292200.0	1000.0	970.1140632770685	0.0	0	133.55171245033853	1170.1140632774914	1	0	1	1.6889478001611553
293200.0	1000.0	970.1140632770275	0.0	0	164.32472667726688	1170.1140632774914	1	0	1	1.6889478001611553
294202.3721008625	1000.0	967.7419624144915	0.0	0	0.0	1170.1140632774914	1	0	1	1.6889478001611553
295265.9350567537	1000.0	904.1790065233536	0.0	0	0.0	1170.1140632774914	1	0	1	1.6889478001611553
296277.36374713684	1000.0	892.7503161402127	0.0	0	0.0	1170.1140632774332	1	0	1	1.68894780016116
297200.0	1000.0	970.1140632770239	0.0	0	129.37589988979744	1170.1140632774332	1	0	1	1.688947800161161
298200.0	1000.0	970.1140632770853	0.0	0	349.73386712151114	1170.1140632774332	1	0	1	1.688947800161161
299200.0	1000.0	970.1140632770932	0.0	0	107.72929918137379	1170.1140632774332	1	0	1	1.688947800161161
300200.0	1000.0	970.1140632771358	0.0	0	74.28245057608001	1170.1140632774914	1	0	1	1.6889478001611566
1.31	0.75	0.72	1.2	1.37	1.11	1.07	1.22	1.45	1.39	1.22	1.15	1.58	1.93	1.3	1.26	1.29	2.05	2.36	3.35	1.81	1.89	1.84	1.45	1.38	1.78	1.51	1.82	2.29	2.03	0.64	0.85	1.27	1.29	1.78	1.58	1.64	1.36	0.92	1.18	1.26	1.33	0.66	1.18	1.49	1.62	0.95	1.24	1.47	1.19	1.24	1.91	2.26	1.73	1.82	1.97	2.2	1.9	1.1	1.08	0.75	1.14	1.34	1.07	1.65	1.51	1.37	1.76	1.54	2.05	2.05	1.99	1.45	1.95	2.48	1.51	1.4	1.52	1.54	1.39	2.0	1.29	1.26	2.06	2.18	1.56	1.47	2.07	1.95	1.42	1.59	0.88	2.07	1.01	1.52	1.53	1.35	1.08	0.87	1.16	1.24	1.64	1.48	1.27	1.51	2.2	2.46	1.56	0.89	0.8	1.42	1.2	1.77	0.94	1.29	1.33	0.96	1.69	1.95	1.3	1.81	0.85	1.38	1.02	1.3	1.07	1.89	1.82	1.44	1.49	1.98	1.39	0.98	1.52	1.44	1.17	1.2	1.45	1.38	1.09	1.33	1.19	1.53	1.26	1.52	1.02	1.84	1.51	1.53	1.05	1.31	0.75	0.72	1.2	1.37	1.11	1.07	1.22	1.45	1.39	1.22	1.15	1.58	1.93	1.3	1.26	1.29	2.05	2.36	3.35	1.81	1.89	1.84	1.45	1.38	1.78	1.51	1.82	2.29	2.03	0.64	0.85	1.27	1.29	1.78	1.58	1.64	1.36	0.92	1.18	1.26	1.33	0.66	1.18	1.49	1.62	0.95	1.24	1.47	1.19	1.24	1.91	2.26	1.73	1.82	1.97	2.2	1.9	1.1	1.08	0.75	1.14	1.34	1.07	1.65	1.51	1.37	1.76	1.54	2.05	2.05	1.99	1.45	1.95	2.48	1.51	1.4	1.52	1.54	1.39	2.0	1.29	1.26	2.06	2.18	1.56	1.47	2.07	1.95	1.42	1.59	0.88	2.07	1.01	1.52	1.53	1.35	1.08	0.87	1.16	1.24	1.64	1.48	1.27	1.51	2.2	2.46	1.56	0.89	0.8	1.42	1.2	1.77	0.94	1.29	1.33	0.96	1.69	1.95	1.3	1.81	0.85	1.38	1.02	1.3	1.07	1.89	1.82	1.44	1.49	1.98	1.39	0.98	1.52	1.44	1.17	1.2	1.45	1.38	1.09	1.33	1.19	1.53	1.26	1.52	1.02	1.84	1.51
1.0	2.0	3.0	4.0	5.0	6.0	7.0	8.0	9.0	10.0	11.0	12.0	13.0	14.0	15.0	16.0	17.0	18.0	19.0	20.0	21.0	22.0	23.0	24.0	25.0	26.0	27.0	28.0	29.0	30.0	31.0	32.0	33.0	34.0	35.0	36.0	37.0	38.0	39.0	40.0	41.0	42.0	43.0	44.0	45.0	46.0	47.0	48.0	49.0	50.0	51.0	52.0	53.0	54.0	55.0	56.0	57.0	58.0	59.0	60.0	61.0	62.0	63.0	64.0	65.0	66.0	67.0	68.0	69.0	70.0	71.0	72.0	73.0	74.0	75.0	76.0	77.0	78.0	79.0	80.0	81.0	82.0	83.0	84.0	85.0	86.0	87.0	88.0	89.0	90.0	91.0	92.0	93.0	94.0	95.0	96.0	97.0	98.0	99.0	100.0	101.0	102.0	103.0	104.0	105.0	106.0	107.0	108.0	109.0	110.0	111.0	112.0	113.0	114.0	115.0	116.0	117.0	118.0	119.0	120.0	121.0	122.0	123.0	124.0	125.0	126.0	127.0	128.0	129.0	130.0	131.0	132.0	133.0	134.0	135.0	136.0	137.0	138.0	139.0	140.0	141.0	142.0	143.0	144.0	145.0	146.0	147.0	148.0	149.0	149.0	150.0	151.0	152.0	153.0	154.0	155.0	156.0	157.0	158.0	159.0	160.0	161.0	162.0	163.0	164.0	165.0	166.0	167.0	168.0	169.0	170.0	171.0	172.0	173.0	174.0	175.0	176.0	177.0	178.0	179.0	180.0	181.0	182.0	183.0	184.0	185.0	186.0	187.0	188.0	189.0	190.0	191.0	192.0	193.0	194.0	195.0	196.0	197.0	198.0	199.0	200.0	201.0	202.0	203.0	204.0	205.0	206.0	207.0	208.0	209.0	210.0	211.0	212.0	213.0	214.0	215.0	216.0	217.0	218.0	219.0	220.0	221.0	222.0	223.0	224.0	225.0	226.0	227.0	228.0	229.0	230.0	231.0	232.0	233.0	234.0	235.0	236.0	237.0	238.0	239.0	240.0	241.0	242.0	243.0	244.0	245.0	246.0	247.0	248.0	249.0	250.0	251.0	252.0	253.0	254.0	255.0	256.0	257.0	258.0	259.0	260.0	261.0	262.0	263.0	264.0	265.0	266.0	267.0	268.0	269.0	270.0	271.0	272.0	273.0	274.0	275.0	276.0	277.0	278.0	279.0	280.0	281.0	282.0	283.0	284.0	285.0	286.0	287.0	288.0	289.0	290.0	291.0	292.0	293.0	294.0	295.0	296.0	297.0
4866.131824926395
