5273.620827538878	300.0	2000.0	520.4578758153469	0	0.0	5273.620827538878	1	0	1	-3.637264655297834
5803.90478978206	500.0	2416.687641532501	0.0	0	0.0	5220.592431314561	1	0	2	-0.6680026581690228
6388.365633961076	500.0	2773.7807129355842	0.0	0	0.0	5162.146346896659	1	0	2	0.0485966639830864
7121.5778615978725	500.0	2967.2472625351074	0.0	0	0.0	5088.825124132979	1	0	2	0.05540017539934171
7785.101651021305	500.0	3237.3710941693316	0.0	0	0.0	5022.4727451906365	1	0	2	0.06222303358407838
8438.098693386073	500.0	3519.074347568087	0.0	0	0.0	4957.17304095416	1	0	2	0.06875021416592476
9202.787526911263	500.0	3677.9166306903785	0.0	0	0.0	4880.70415760164	1	0	2	0.07635224370959671
9675.816589893864	500.0	4157.584661409516	0.0	0	0.0	4833.401251303378	1	0	2	0.08170392756270349
10200.0	500.0	4580.982910292767	0.0	0	48.402929543241044	4780.982910292764	1	0	2	0.08664512366763903
11200.0	500.0	4480.982910292768	0.0	0	336.2089890262705	4680.982910292766	1	0	2	0.09439982347936444
12200.0	500.0	4380.982910292767	0.0	0	552.4461065501546	4580.982910292765	1	0	2	0.10424356332835645
13200.0	500.0	4280.982910292769	0.0	0	204.65917173562775	4480.982910292765	1	0	2	0.11461834458923442
14200.0	500.0	4180.982910292769	0.0	0	691.4818763536969	4380.982910292769	1	0	2	0.12415325933827097
15200.0	500.0	4080.9829102927683	0.0	0	671.6745185187829	4280.982910292771	1	0	2	0.13414014461970908
16200.0	500.0	3980.9829102927674	0.0	0	721.7547184654541	4180.982910292771	1	0	2	0.14414014461970895
17200.0	500.0	3880.982910292771	0.0	0	644.6364386142322	4080.9829102927724	1	0	2	0.15414014461970887
18200.0	500.0	3780.982910292766	0.0	0	667.3559776971706	3980.9829102927706	1	0	2	0.16414288555542167
19200.0	500.0	3680.9829102927642	0.0	0	667.0981492108767	3880.9829102927724	1	0	2	0.17414014461970884
20200.0	500.0	3580.982910292767	0.0	0	736.0810823199317	3780.982910292776	1	0	2	0.18414014461970846
21200.0	500.0	3480.9829102927683	0.0	0	717.2462507316159	3680.982910292776	1	0	2	0.1941401446197084
22200.0	500.0	3380.98291029277	0.0	0	429.80738435771855	3580.982910292776	1	0	2	0.20422506091864273
23200.0	500.0	3280.9829102927706	0.0	0	411.85415502438264	3480.9829102927797	1	0	2	0.214322112418416
24200.0	500.0	3180.9829102927715	0.0	0	554.3514056929416	3380.9829102927833	1	0	2	0.22421776078286737
25200.0	500.0	3080.9829102927733	0.0	0	613.8304651858925	3280.9829102927797	1	0	2	0.23414014461970797
26200.0	500.0	2980.9829102927742	0.0	0	490.2090989423159	3180.982910292787	1	0	2	0.24424399880224024
27200.0	500.0	2880.9829102927697	0.0	0	671.4838981006033	3080.982910292787	1	0	2	0.25414014461970735
28200.0	500.0	2780.9829102927674	0.0	0	392.74902027200005	2980.982910292787	1	0	2	0.2643080254853203
29200.0	500.0	2680.9829102927647	0.0	0	449.99804606452744	2880.9829102927797	1	0	2	0.27432095485036867
30200.0	500.0	2580.9829102927647	0.0	0	500.2649979510534	2780.982910292776	1	0	2	0.28421362978736453
31200.0	500.0	2480.9829102927633	0.0	0	505.85024057036935	2680.9829102927724	1	0	2	0.29426296658572665
32200.0	500.0	2380.9829102927665	0.0	0	695.4834205252482	2580.982910292769	1	0	2	0.3041401446197091
33200.0	500.0	2280.9829102927683	0.0	0	694.7833450956896	2480.9829102927724	1	0	2	0.314140144619709
34200.0	500.0	2180.9829102927633	0.0	0	529.8527178203731	2380.982910292769	1	0	2	0.3241987596161578
35200.0	500.0	2080.9829102927706	0.0	0	431.859065537712	2280.982910292776	1	0	2	0.33421999778265177
36200.0	500.0	1980.9829102927704	0.0	0	565.6119955829126	2180.982910292776	1	0	2	0.3442189230831695
37200.0	500.0	1880.9829102927724	0.0	0	729.4903643271391	2080.9829102927833	1	0	2	0.3541401446197083
38200.0	500.0	1780.9829102927733	0.0	0	748.4943281358428	1980.9829102927906	1	0	2	0.364140144619707
39200.0	500.0	1680.9829102927674	0.0	0	778.6513739257571	1880.9829102927906	1	0	2	0.37414014461970657
40200.0	500.0	1580.982910292761	0.0	0	558.0351763707222	1780.9829102927833	1	0	2	0.3841401446197076
41200.0	500.0	1480.9829102927554	0.0	0	378.80166663115233	1680.9829102927833	1	0	2	0.39439039041824087
42200.0	500.0	1380.982910292743	0.0	0	487.44265172298765	1580.9829102927615	1	0	2	0.40426705839809973
43200.0	500.0	1280.9829102927392	0.0	0	434.091995816736	1480.982910292776	1	0	2	0.4142308012371282
44200.0	500.0	1180.9829102927406	0.0	0	559.3171970924304	1380.982910292776	1	0	2	0.42423327713503944
45200.0	500.0	1080.9829102927324	0.0	0	682.6440618233173	1280.9829102927688	1	0	2	0.4341401446197085
46200.0	500.0	980.9829102927234	0.0	0	467.42248531068617	1180.9829102927615	1	0	2	0.4442064328513158
47200.0	500.0	980.9829102927229	0.0	0	376.1730298461989	1180.9829102927615	1	0	1	0.44814014461970986
48200.0	500.0	980.982910292722	0.0	0	522.5567371519937	1180.9829102927615	1	0	1	0.64814014461971
49200.0	500.0	980.9829102927183	0.0	0	735.7771368243702	1180.9829102927615	1	0	1	0.64814014461971
50200.0	500.0	980.9829102927224	0.0	0	589.1565709267379	1180.9829102927688	1	0	1	0.6481401446197094
51200.0	500.0	980.9829102927217	0.0	0	577.16234203762	1180.9829102927615	1	0	1	0.64814014461971
52200.0	500.0	980.9829102927263	0.0	0	710.1431912469634	1180.9829102927615	1	0	1	0.64814014461971
53200.0	500.0	980.9829102927292	0.0	0	673.4414620416646	1180.9829102927542	1	0	1	0.6481401446197108
54200.0	500.0	980.9829102927274	0.0	0	607.6860667047877	1180.9829102927542	1	0	1	0.6481401446197108
55200.0	500.0	980.9829102927322	0.0	0	674.6113558558427	1180.9829102927615	1	0	1	0.64814014461971
56200.0	500.0	980.9829102927292	0.0	0	689.3355930485413	1180.9829102927615	1	0	1	0.64814014461971
57200.0	500.0	980.9829102927347	0.0	0	620.2120312982152	1180.9829102927615	1	0	1	0.64814014461971
58200.0	500.0	980.9829102927365	0.0	0	631.7894241045215	1180.9829102927615	1	0	1	0.64814014461971
59200.0	500.0	980.9829102927424	0.0	0	457.78504171808163	1180.9829102927615	1	0	1	0.64814014461971
60200.0	500.0	980.9829102927324	0.0	0	408.9485622709399	1180.9829102927615	1	0	1	0.64814014461971
61200.0	500.0	980.982910292737	0.0	0	352.7965938679481	1180.9829102927615	1	0	1	0.64814014461971
62200.0	500.0	980.9829102927333	0.0	0	535.1383953708864	1180.9829102927688	1	0	1	0.6481401446197094
63200.0	500.0	980.9829102927329	0.0	0	170.891169800816	1180.9829102927615	1	0	1	0.64814014461971
64200.0	500.0	980.9829102927365	0.0	0	350.59222522572963	1180.9829102927615	1	0	1	0.64814014461971
65200.0	500.0	980.982910292734	0.0	0	379.3276858236568	1180.9829102927615	1	0	1	0.64814014461971
66200.0	500.0	980.9829102927274	0.0	0	630.9888958958036	1180.9829102927615	1	0	1	0.6481401446197095
67200.0	500.0	980.9829102927392	0.0	0	367.7027093283541	1180.982910292776	1	0	1	0.6481401446197091
68200.0	500.0	980.9829102927481	0.0	0	489.19033071087324	1180.982910292776	1	0	1	0.6481401446197087
69200.0	500.0	980.9829102927542	0.0	0	305.03832178769517	1180.982910292776	1	0	1	0.6481401446197087
70200.0	500.0	980.9829102927524	0.0	0	547.996168524478	1180.982910292776	1	0	1	0.6481401446197087
71200.0	500.0	980.9829102927597	0.0	0	149.78565611343947	1180.982910292776	1	0	1	0.6481401446197087
72200.0	500.0	980.9829102927652	0.0	0	455.1926810193254	1180.9829102927906	1	0	1	0.6481401446197071
73200.0	500.0	980.9829102927606	0.0	0	232.5845360231615	1180.9829102927906	1	0	1	0.6481401446197071
74200.0	500.0	980.9829102927592	0.0	0	341.5885535053967	1180.9829102927906	1	0	1	0.6481401446197071
75200.0	500.0	980.9829102927456	0.0	0	416.3944990746386	1180.9829102927906	1	0	1	0.6481401446197071
76200.0	500.0	980.9829102927406	0.0	0	64.47226427086571	1180.982910292776	1	0	1	0.6481401446197087
77200.0	500.0	980.9829102927406	0.0	0	446.876358923284	1180.982910292776	1	0	1	0.6481401446197087
78200.0	500.0	980.9829102927433	0.0	0	297.65501531009795	1180.982910292776	1	0	1	0.6481401446197087
79200.0	500.0	980.9829102927558	0.0	0	379.87510726928303	1180.982910292776	1	0	1	0.6481401446197087
80200.0	500.0	980.9829102927545	0.0	0	561.1525601411995	1180.982910292776	1	0	1	0.6481401446197087
81200.0	500.0	980.9829102927574	0.0	0	436.46120475068165	1180.982910292776	1	0	1	0.6481401446197087
82200.0	500.0	980.9829102927524	0.0	0	612.7038931852585	1180.9829102927906	1	0	1	0.6481401446197071
83200.0	500.0	980.982910292742	0.0	0	561.4168069918524	1180.9829102927906	1	0	1	0.6481401446197071
84200.0	500.0	980.9829102927401	0.0	0	476.2631948553171	1180.9829102928052	1	0	1	0.6481401446197057
85200.0	500.0	980.9829102927251	0.0	0	351.50596070340544	1180.9829102928052	1	0	1	0.6481401446197057
86200.0	500.0	980.9829102927272	0.0	0	114.76135771381087	1180.9829102928052	1	0	1	0.6481401446197057
87200.0	500.0	980.9829102927347	0.0	0	348.5700979231042	1180.9829102928197	1	0	1	0.6481401446197043
88200.0	500.0	980.9829102927379	0.0	0	561.4101628839126	1180.9829102928197	1	0	1	0.6481401446197043
89200.0	500.0	980.9829102927345	0.0	0	600.7740200064582	1180.9829102928197	1	0	1	0.6481401446197043
90200.0	500.0	980.982910292726	0.0	0	650.4382085682737	1180.9829102928197	1	0	1	0.6481401446197043
91200.0	500.0	980.9829102927297	0.0	0	476.7567094052938	1180.9829102928197	1	0	1	0.6481401446197043
92200.0	500.0	980.9829102927229	0.0	0	414.66372944190516	1180.9829102928197	1	0	1	0.6481401446197043
93200.0	500.0	980.9829102927049	0.0	0	626.7005248195928	1180.9829102928197	1	0	1	0.6481401446197043
94200.0	500.0	980.9829102926917	0.0	0	693.6143662140239	1180.9829102928197	1	0	1	0.6481401446197043
95200.0	500.0	980.9829102926992	0.0	0	583.7500875587866	1180.9829102928197	1	0	1	0.6481401446197043
96200.0	500.0	980.9829102926878	0.0	0	403.5624592856475	1180.9829102928197	1	0	1	0.6481401446197043
97200.0	500.0	980.9829102926744	0.0	0	490.65055019974534	1180.9829102928197	1	0	1	0.6481401446197043
98200.0	500.0	980.9829102926674	0.0	0	265.58615931837994	1180.9829102928197	1	0	1	0.6481401446197043
99200.0	500.0	980.9829102926715	0.0	0	502.9149465225055	1180.9829102928052	1	0	1	0.6481401446197057
100200.0	500.0	980.9829102926651	0.0	0	436.3383276213135	1180.9829102928052	1	0	1	0.6481401446197057
101200.0	500.0	980.9829102926619	0.0	0	648.6152900001616	1180.9829102928052	1	0	1	0.6481401446197057
102200.0	500.0	980.982910292679	0.0	0	628.941925352643	1180.9829102928197	1	0	1	0.6481401446197043
103200.0	500.0	980.982910292669	0.0	0	700.4193792431615	1180.9829102928197	1	0	1	0.6481401446197043
104200.0	500.0	980.9829102926719	0.0	0	656.4318835288286	1180.9829102928197	1	0	1	0.6481401446197043
105200.0	500.0	980.9829102926717	0.0	0	650.9843700903584	1180.9829102928343	1	0	1	0.6481401446197028
106200.0	500.0	980.9829102926665	0.0	0	634.6959758982557	1180.9829102928343	1	0	1	0.6481401446197028
107200.0	500.0	980.9829102926587	0.0	0	624.669753791808	1180.9829102928343	1	0	1	0.6481401446197028
108200.0	500.0	980.982910292641	0.0	0	526.9534820308909	1180.9829102928197	1	0	1	0.6481401446197043
109200.0	500.0	980.9829102926324	0.0	0	432.24546713479504	1180.9829102928197	1	0	1	0.6481401446197043
110200.0	500.0	980.9829102926305	0.0	0	576.569576621725	1180.9829102928197	1	0	1	0.6481401446197043
111200.0	500.0	980.9829102926196	0.0	0	217.9312031250447	1180.9829102928197	1	0	1	0.6481401446197043
112200.0	500.0	980.9829102926083	0.0	0	383.5030759418587	1180.9829102928052	1	0	1	0.6481401446197057
113200.0	500.0	980.9829102926178	0.0	0	304.38527844139026	1180.9829102928052	1	0	1	0.6481401446197057
114200.0	500.0	980.982910292609	0.0	0	128.23076660436345	1180.9829102928052	1	0	1	0.6481401446197057
115200.0	500.0	980.9829102926224	0.0	0	184.47008646951872	1180.9829102928052	1	0	1	0.6481401446197057
116200.0	500.0	980.9829102926158	0.0	0	432.4612368987	1180.9829102927906	1	0	1	0.6481401446197071
117200.0	500.0	980.9829102926176	0.0	0	482.34562097032904	1180.9829102927906	1	0	1	0.6481401446197071
118200.0	500.0	980.9829102926376	0.0	0	365.8215259813587	1180.9829102928052	1	0	1	0.6481401446197057
119200.0	500.0	980.9829102926501	0.0	0	164.7355585899495	1180.9829102928052	1	0	1	0.6481401446197057
120200.0	500.0	980.9829102926601	0.0	0	142.27248853103083	1180.9829102927906	1	0	1	0.6481401446197071
121200.0	500.0	980.9829102926542	0.0	0	104.81162587984	1180.982910292776	1	0	1	0.6481401446197087
122200.0	500.0	980.9829102926574	0.0	0	407.3292133244104	1180.982910292776	1	0	1	0.6481401446197087
123200.0	500.0	980.9829102926344	0.0	0	575.1159036345198	1180.982910292776	1	0	1	0.6481401446197087
124200.0	500.0	980.9829102926294	0.0	0	550.7089453545632	1180.982910292776	1	0	1	0.6481401446197087
125200.0	500.0	980.9829102926233	0.0	0	543.123819594839	1180.982910292776	1	0	1	0.6481401446197087
126200.0	500.0	980.9829102926283	0.0	0	644.668198025407	1180.9829102927615	1	0	1	0.64814014461971
127200.0	500.0	980.9829102926228	0.0	0	461.265093398164	1180.9829102927615	1	0	1	0.64814014461971
128200.0	500.0	980.9829102926069	0.0	0	431.2129501313757	1180.9829102927615	1	0	1	0.64814014461971
129200.0	500.0	980.9829102926042	0.0	0	458.28154956513026	1180.9829102927615	1	0	1	0.64814014461971
130200.0	500.0	980.9829102926137	0.0	0	540.5984536255855	1180.982910292776	1	0	1	0.6481401446197087
131200.0	500.0	980.9829102926096	0.0	0	563.7764946487878	1180.982910292776	1	0	1	0.6481401446197087
132200.0	500.0	980.9829102926169	0.0	0	518.7610269736615	1180.9829102927906	1	0	1	0.6481401446197071
133200.0	500.0	980.982910292616	0.0	0	598.2256417557364	1180.982910292776	1	0	1	0.6481401446197087
134200.0	500.0	980.9829102925651	0.0	0	678.5304366580967	1180.982910292776	1	0	1	0.6481401446197087
135200.0	500.0	980.9829102925737	0.0	0	468.5172181800881	1180.982910292747	1	0	1	0.6481401446197116
136200.0	500.0	980.982910292586	0.0	0	424.77971945202444	1180.982910292747	1	0	1	0.6481401446197116
137200.0	500.0	980.9829102926119	0.0	0	499.8638972006447	1180.982910292747	1	0	1	0.6481401446197116
138200.0	500.0	980.9829102925794	0.0	0	562.7502908477909	1180.9829102927179	1	0	1	0.6481401446197144
139200.0	500.0	980.9829102925933	0.0	0	470.7950728768774	1180.9829102926888	1	0	1	0.6481401446197175
140200.0	500.0	980.9829102926055	0.0	0	367.3676846709568	1180.9829102926888	1	0	1	0.6481401446197175
141200.0	500.0	980.9829102926124	0.0	0	408.20800636085914	1180.9829102926597	1	0	1	0.6481401446197201
142200.0	500.0	980.9829102926292	0.0	0	418.6241926761868	1180.9829102926597	1	0	1	0.6481401446197201
143200.0	500.0	980.9829102926446	0.0	0	555.5590252951661	1180.9829102926597	1	0	1	0.6481401446197201
144200.0	500.0	980.9829102926928	0.0	0	447.8808216994512	1180.9829102926597	1	0	1	0.6481401446197201
145200.0	500.0	980.9829102927376	0.0	0	285.9806632815162	1180.9829102926597	1	0	1	0.6481401446197201
146200.0	500.0	980.982910292736	0.0	0	229.3549679715361	1180.9829102926597	1	0	1	0.6481401446197201
147200.0	500.0	980.9829102927181	0.0	0	405.1046437365585	1180.9829102926597	1	0	1	0.6481401446197201
148200.0	500.0	980.9829102927249	0.0	0	486.6385850030056	1180.9829102926597	1	0	1	0.6481401446197201
149200.0	500.0	980.9829102927451	0.0	0	560.4911509579397	1180.9829102926597	1	0	1	0.6481401446197201
150200.0	500.0	980.9829102927401	0.0	0	528.694333201769	1180.9829102926597	1	0	1	0.6481401446197201
151200.0	500.0	980.9829102927324	0.0	0	612.9346270263486	1180.9829102926597	1	0	1	0.6481401446197201
152200.0	500.0	980.982910292726	0.0	0	575.911735673697	1180.9829102926888	1	0	1	0.6481401446197175
153200.0	500.0	980.9829102927129	0.0	0	572.4851963916735	1180.9829102926597	1	0	1	0.6481401446197201
154200.0	500.0	980.9829102927038	0.0	0	272.17871006188216	1180.9829102926597	1	0	1	0.6481401446197201
155200.0	500.0	980.9829102926851	0.0	0	466.8498805333511	1180.9829102926305	1	0	1	0.6481401446197231
156200.0	500.0	980.9829102926874	0.0	0	564.0993564608507	1180.9829102926305	1	0	1	0.6481401446197231
157200.0	500.0	980.9829102926706	0.0	0	232.9786793148378	1180.9829102926305	1	0	1	0.6481401446197231
158200.0	500.0	980.9829102926328	0.0	0	307.88058652717154	1180.9829102926014	1	0	1	0.648140144619726
159200.0	500.0	980.9829102926487	0.0	0	258.5562232590746	1180.9829102926305	1	0	1	0.6481401446197231
160200.0	500.0	980.9829102926551	0.0	0	420.455756018142	1180.9829102926305	1	0	1	0.6481401446197231
161200.0	500.0	980.9829102926781	0.0	0	644.0925686340197	1180.9829102926305	1	0	1	0.6481401446197231
162200.0	500.0	980.9829102926831	0.0	0	304.78437356840004	1180.9829102926014	1	0	1	0.648140144619726
163200.0	500.0	980.9829102926565	0.0	0	570.7266311279673	1180.9829102926014	1	0	1	0.648140144619726
164200.0	500.0	980.9829102926637	0.0	0	661.5686087988724	1180.9829102926014	1	0	1	0.648140144619726
165200.0	500.0	980.9829102926424	0.0	0	704.3972149046313	1180.9829102925723	1	0	1	0.6481401446197289
166200.0	500.0	980.9829102926526	0.0	0	552.9893408718344	1180.9829102925723	1	0	1	0.6481401446197289
167200.0	500.0	980.9829102926783	0.0	0	675.2572431380686	1180.9829102925723	1	0	1	0.6481401446197289
168200.0	500.0	980.9829102926644	0.0	0	749.9139228378772	1180.9829102925723	1	0	1	0.6481401446197289
169200.0	500.0	980.9829102926462	0.0	0	626.4202392603329	1180.9829102925723	1	0	1	0.6481401446197289
170200.0	500.0	980.9829102926969	0.0	0	672.8365074759349	1180.9829102925723	1	0	1	0.6481401446197289
171200.0	500.0	980.9829102927188	0.0	0	437.67558398490655	1180.9829102925723	1	0	1	0.6481401446197289
172200.0	500.0	980.9829102926824	0.0	0	269.5667986108747	1180.9829102925723	1	0	1	0.6481401446197289
173200.0	500.0	980.9829102926751	0.0	0	356.70768144738395	1180.9829102925723	1	0	1	0.6481401446197289
174200.0	500.0	980.982910292694	0.0	0	525.9685718722176	1180.9829102925723	1	0	1	0.6481401446197289
175200.0	500.0	980.982910292717	0.0	0	507.70402340835426	1180.9829102926014	1	0	1	0.648140144619726
176200.0	500.0	980.9829102927238	0.0	0	566.6726989230083	1180.9829102926014	1	0	1	0.648140144619726
177200.0	500.0	980.9829102927192	0.0	0	525.450450409815	1180.9829102926014	1	0	1	0.648140144619726
178200.0	500.0	980.9829102927179	0.0	0	595.2675720370607	1180.9829102926014	1	0	1	0.648140144619726
179200.0	500.0	980.9829102927113	0.0	0	463.6933587755775	1180.9829102926014	1	0	1	0.648140144619726
180200.0	500.0	980.9829102927106	0.0	0	566.8996802718029	1180.9829102926305	1	0	1	0.6481401446197231
181200.0	500.0	980.9829102926888	0.0	0	672.3135053864389	1180.9829102926305	1	0	1	0.6481401446197231
182200.0	500.0	980.982910292676	0.0	0	685.6461168470269	1180.9829102926014	1	0	1	0.648140144619726
183200.0	500.0	980.9829102926747	0.0	0	513.3196022836783	1180.9829102926014	1	0	1	0.648140144619726
184200.0	500.0	980.9829102926801	0.0	0	633.7312237768201	1180.9829102926305	1	0	1	0.6481401446197231
185200.0	500.0	980.9829102926738	0.0	0	489.83546517108334	1180.9829102926305	1	0	1	0.6481401446197231
186200.0	500.0	980.9829102926751	0.0	0	689.989227146405	1180.9829102926014	1	0	1	0.648140144619726
187200.0	500.0	980.9829102927133	0.0	0	721.1220771723602	1180.9829102926014	1	0	1	0.648140144619726
188200.0	500.0	980.9829102927056	0.0	0	672.9253487026726	1180.9829102926014	1	0	1	0.648140144619726
189200.0	500.0	980.9829102927492	0.0	0	634.6768537393655	1180.9829102926014	1	0	1	0.648140144619726
190200.0	500.0	980.9829102927433	0.0	0	393.0941088635009	1180.9829102926014	1	0	1	0.648140144619726
191200.0	500.0	980.9829102927729	0.0	0	528.15888934338	1180.9829102926305	1	0	1	0.6481401446197231
192200.0	500.0	980.9829102927995	0.0	0	473.270501269144	1180.9829102926014	1	0	1	0.648140144619726
193200.0	500.0	980.9829102928304	0.0	0	570.7936973679753	1180.9829102926305	1	0	1	0.6481401446197231
194200.0	500.0	980.9829102928445	0.0	0	583.1904674366815	1180.9829102926305	1	0	1	0.6481401446197231
195200.0	500.0	980.9829102928106	0.0	0	453.23270506292465	1180.9829102926597	1	0	1	0.6481401446197201
196200.0	500.0	980.9829102927808	0.0	0	573.4986322923505	1180.9829102926597	1	0	1	0.6481401446197201
197200.0	500.0	980.9829102927501	0.0	0	523.7716849860153	1180.9829102926597	1	0	1	0.6481401446197201
198200.0	500.0	980.9829102927315	0.0	0	753.4257438950881	1180.9829102926305	1	0	1	0.6481401446197231
199200.0	500.0	980.9829102927499	0.0	0	747.2205398041697	1180.9829102926305	1	0	1	0.6481401446197231
200200.0	500.0	980.9829102927683	0.0	0	690.9549367682775	1180.9829102926305	1	0	1	0.6481401446197231
201200.0	500.0	980.9829102927692	0.0	0	696.6306140144006	1180.9829102926597	1	0	1	0.6481401446197201
202200.0	500.0	980.9829102927852	0.0	0	696.7261641762743	1180.9829102926597	1	0	1	0.6481401446197201
203200.0	500.0	980.9829102927808	0.0	0	678.5488289927307	1180.9829102926597	1	0	1	0.6481401446197201
204200.0	500.0	980.9829102927961	0.0	0	735.6241473013652	1180.9829102926597	1	0	1	0.6481401446197201
205200.0	500.0	980.9829102928047	0.0	0	677.4026724534633	1180.9829102926597	1	0	1	0.6481401446197201
206200.0	500.0	980.982910292784	0.0	0	577.4576346583199	1180.9829102926597	1	0	1	0.6481401446197201
207200.0	500.0	980.9829102927417	0.0	0	468.46762024020427	1180.9829102926597	1	0	1	0.6481401446197201
208200.0	500.0	980.9829102927565	0.0	0	226.72980750972056	1180.9829102926597	1	0	1	0.6481401446197201
209200.0	500.0	980.9829102927456	0.0	0	461.36968905307003	1180.9829102926597	1	0	1	0.6481401446197201
210200.0	500.0	980.9829102927756	0.0	0	425.1684414597403	1180.9829102926597	1	0	1	0.6481401446197201
211200.0	500.0	980.9829102927797	0.0	0	519.6672029738838	1180.9829102926597	1	0	1	0.6481401446197201
212200.0	500.0	980.9829102927788	0.0	0	342.7130571345624	1180.9829102926597	1	0	1	0.6481401446197201
213200.0	500.0	980.9829102927793	0.0	0	554.1973238154605	1180.9829102926597	1	0	1	0.6481401446197201
214200.0	500.0	980.9829102927874	0.0	0	420.7841508076235	1180.9829102926888	1	0	1	0.6481401446197175
215200.0	500.0	980.9829102927847	0.0	0	501.04079590996844	1180.9829102927179	1	0	1	0.6481401446197144
216200.0	500.0	980.9829102927879	0.0	0	593.6946847536892	1180.9829102927179	1	0	1	0.6481401446197144
217200.0	500.0	980.9829102927704	0.0	0	328.35656487519736	1180.9829102927179	1	0	1	0.6481401446197144
218200.0	500.0	980.9829102927613	0.0	0	415.7274086799589	1180.9829102927179	1	0	1	0.6481401446197144
219200.0	500.0	980.9829102927847	0.0	0	411.23544680935447	1180.9829102927179	1	0	1	0.6481401446197144
220200.0	500.0	980.9829102927604	0.0	0	97.84477845876245	1180.9829102927179	1	0	1	0.6481401446197144
221200.0	500.0	980.9829102927415	0.0	0	367.55569785501575	1180.9829102926888	1	0	1	0.6481401446197175
222200.0	500.0	980.9829102927456	0.0	0	203.9687558102305	1180.9829102927179	1	0	1	0.6481401446197144
223200.0	500.0	980.9829102927388	0.0	0	353.64718276288477	1180.9829102926888	1	0	1	0.6481401446197175
224200.0	500.0	980.9829102927188	0.0	0	349.17382659966825	1180.9829102926888	1	0	1	0.6481401446197175
225200.0	500.0	980.9829102927049	0.0	0	265.1690183598839	1180.9829102926888	1	0	1	0.6481401446197175
226200.0	500.0	980.9829102926942	0.0	0	401.60468606013455	1180.9829102926888	1	0	1	0.6481401446197175
227200.0	500.0	980.9829102927124	0.0	0	505.26639085053466	1180.9829102926597	1	0	1	0.6481401446197201
228200.0	500.0	980.9829102927279	0.0	0	442.348840465158	1180.9829102926305	1	0	1	0.6481401446197231
229200.0	500.0	980.9829102927517	0.0	0	464.56420589072513	1180.9829102926305	1	0	1	0.6481401446197231
230200.0	500.0	980.9829102927597	0.0	0	600.4908449949289	1180.9829102926305	1	0	1	0.6481401446197231
231200.0	500.0	980.9829102927333	0.0	0	499.92341597779887	1180.9829102926305	1	0	1	0.6481401446197231
232200.0	500.0	980.9829102927442	0.0	0	463.44162421656074	1180.9829102926305	1	0	1	0.6481401446197231
233200.0	500.0	980.9829102927638	0.0	0	536.1531092080404	1180.9829102926014	1	0	1	0.648140144619726
234200.0	500.0	980.9829102927665	0.0	0	246.6870585360448	1180.9829102926014	1	0	1	0.648140144619726
235200.0	500.0	980.9829102927699	0.0	0	85.25292271663784	1180.9829102925723	1	0	1	0.6481401446197289
236200.0	500.0	980.982910292772	0.0	0	300.8856952887145	1180.9829102926014	1	0	1	0.648140144619726
237200.0	500.0	980.9829102927742	0.0	0	577.9241952923767	1180.9829102926014	1	0	1	0.648140144619726
238200.0	500.0	980.9829102927642	0.0	0	652.8489222018106	1180.9829102926014	1	0	1	0.648140144619726
239200.0	500.0	980.9829102927702	0.0	0	524.8349718700338	1180.9829102926014	1	0	1	0.648140144619726
240200.0	500.0	980.9829102927631	0.0	0	451.6150904446258	1180.9829102926014	1	0	1	0.648140144619726
241200.0	500.0	980.9829102927715	0.0	0	350.40917199043906	1180.9829102926014	1	0	1	0.648140144619726
242200.0	500.0	980.9829102927738	0.0	0	672.4352730375249	1180.9829102925723	1	0	1	0.6481401446197289
243200.0	500.0	980.9829102927702	0.0	0	665.8137363231799	1180.9829102925723	1	0	1	0.6481401446197289
244200.0	500.0	980.982910292802	0.0	0	687.7996642963553	1180.9829102925432	1	0	1	0.6481401446197319
245200.0	500.0	980.9829102928134	0.0	0	508.7656036577828	1180.9829102925723	1	0	1	0.6481401446197289
246200.0	500.0	980.9829102928029	0.0	0	215.0926181350951	1180.9829102926014	1	0	1	0.648140144619726
247200.0	500.0	980.9829102928188	0.0	0	540.5569146111957	1180.9829102926014	1	0	1	0.648140144619726
248200.0	500.0	980.9829102928561	0.0	0	612.3473581121361	1180.9829102926014	1	0	1	0.648140144619726
249200.0	500.0	980.9829102928197	0.0	0	654.1123529939796	1180.9829102926014	1	0	1	0.648140144619726
250200.0	500.0	980.9829102928134	0.0	0	562.0526772088197	1180.9829102926014	1	0	1	0.648140144619726
251200.0	500.0	980.9829102927756	0.0	0	489.2014917136694	1180.9829102926014	1	0	1	0.648140144619726
252200.0	500.0	980.9829102927711	0.0	0	679.0151220896514	1180.9829102926014	1	0	1	0.648140144619726
253200.0	500.0	980.9829102927968	0.0	0	619.3973300015787	1180.9829102926014	1	0	1	0.648140144619726
254200.0	500.0	980.9829102927924	0.0	0	671.8037778669386	1180.9829102926014	1	0	1	0.648140144619726
255200.0	500.0	980.9829102927829	0.0	0	621.0401026605396	1180.9829102926305	1	0	1	0.6481401446197231
256200.0	500.0	980.9829102928013	0.0	0	649.2313306499273	1180.9829102926305	1	0	1	0.6481401446197231
257200.0	500.0	980.9829102927949	0.0	0	532.3332039365196	1180.9829102926305	1	0	1	0.6481401446197231
258200.0	500.0	980.9829102928284	0.0	0	665.5857881054399	1180.9829102926305	1	0	1	0.6481401446197231
259200.0	500.0	980.9829102928395	0.0	0	444.4594078724331	1180.9829102926597	1	0	1	0.6481401446197201
260200.0	500.0	980.9829102928493	0.0	0	320.088531530404	1180.9829102926597	1	0	1	0.6481401446197201
261200.0	500.0	980.9829102928693	0.0	0	199.6202609021857	1180.9829102926597	1	0	1	0.6481401446197201
262200.0	500.0	980.9829102928848	0.0	0	384.0888455125969	1180.9829102926888	1	0	1	0.6481401446197175
263200.0	500.0	980.9829102929766	0.0	0	492.05267788568744	1180.982910292776	1	0	1	0.6481401446197121
264221.3926877373	500.0	959.5902225556528	0.0	0	0.0	1180.9829102928052	1	0	1	0.6481401446197057
265200.0	500.0	980.9829102929182	0.0	0	281.9763329598936	1180.9829102928052	1	0	1	0.6481401446197057
266200.0	500.0	980.9829102929359	0.0	0	596.189347824431	1180.982910292747	1	0	1	0.6481401446197116
267200.0	500.0	980.98291029294	0.0	0	504.3003768976778	1180.9829102926888	1	0	1	0.6481401446197175
268642.5189913931	500.0	538.4639188998294	0.0	0	0.0	1180.9829102926305	1	0	1	0.6481401446197197
269425.2790857926	500.0	755.7038245003729	0.0	0	0.0	1180.9829102926888	1	0	1	0.6481401446197219
270200.0	500.0	980.9829102929884	0.0	0	86.85052846558392	1180.982910292747	1	0	1	0.6481401446197116
271200.0	500.0	980.9829102930012	0.0	0	571.6931343065226	1180.982910292747	1	0	1	0.6481401446197116
272200.0	500.0	980.9829102930119	0.0	0	427.92869025544496	1180.982910292747	1	0	1	0.6481401446197116
273200.0	500.0	980.9829102929598	0.0	0	603.9089315334568	1180.9829102926888	1	0	1	0.6481401446197175
274200.0	500.0	980.9829102929634	0.0	0	715.561280775757	1180.982910292747	1	0	1	0.6481401446197116
275200.0	500.0	980.9829102929571	0.0	0	570.2010101567139	1180.9829102928052	1	0	1	0.6481401446197057
276200.0	500.0	980.9829102929971	0.0	0	565.2811499935342	1180.9829102928052	1	0	1	0.6481401446197057
277200.0	500.0	980.982910293045	0.0	0	588.1120807127445	1180.9829102928052	1	0	1	0.6481401446197057
278200.0	500.0	980.982910293088	0.0	0	430.18842040916206	1180.9829102928052	1	0	1	0.6481401446197057
279200.0	500.0	980.9829102931335	0.0	0	656.5107498334837	1180.9829102928052	1	0	1	0.6481401446197057
280200.0	500.0	980.9829102930889	0.0	0	625.4870900394162	1180.982910292747	1	0	1	0.6481401446197116
281200.0	500.0	980.9829102931094	0.0	0	612.8202234918717	1180.982910292747	1	0	1	0.6481401446197116
282200.0	500.0	980.9829102931126	0.0	0	572.4137692040531	1180.982910292747	1	0	1	0.6481401446197116
283200.0	500.0	980.982910293136	0.0	0	517.5414031079854	1180.982910292747	1	0	1	0.6481401446197116
284200.0	500.0	980.9829102930644	0.0	0	507.74443545984104	1180.9829102926888	1	0	1	0.6481401446197175
285200.0	500.0	980.9829102929934	0.0	0	349.4256722984719	1180.9829102926888	1	0	1	0.6481401446197175
286200.0	500.0	980.9829102929648	0.0	0	650.0041014378658	1180.9829102926305	1	0	1	0.6481401446197231
287200.0	500.0	980.9829102929057	0.0	0	628.8351494308445	1180.9829102925723	1	0	1	0.6481401446197289
288200.0	500.0	980.9829102929275	0.0	0	629.1974896159954	1180.9829102925723	1	0	1	0.6481401446197289
289200.0	500.0	980.9829102929509	0.0	0	410.8075738543994	1180.9829102926305	1	0	1	0.6481401446197231
290200.0	500.0	980.9829102929466	0.0	0	382.57573103829054	1180.9829102925723	1	0	1	0.6481401446197289
291200.0	500.0	980.9829102928998	0.0	0	452.52257284667576	1180.9829102925723	1	0	1	0.6481401446197289
292200.0	500.0	980.9829102929477	0.0	0	624.4829430429381	1180.9829102925723	1	0	1	0.6481401446197289
293200.0	500.0	980.9829102929839	0.0	0	540.6258566999459	1180.9829102925723	1	0	1	0.6481401446197289
294200.0	500.0	980.9829102930212	0.0	0	487.5207654547994	1180.9829102925141	1	0	1	0.6481401446197348
295200.0	500.0	980.9829102930562	0.0	0	369.4206488924683	1180.9829102925141	1	0	1	0.6481401446197348
296200.0	500.0	980.9829102931426	0.0	0	308.0021794086206	1180.9829102925723	1	0	1	0.6481401446197289
297200.0	500.0	980.9829102931512	0.0	0	562.9460035634111	1180.9829102925141	1	0	1	0.6481401446197348
298200.0	500.0	980.9829102931421	0.0	0	623.6257061829674	1180.9829102925141	1	0	1	0.6481401446197348
299200.0	500.0	980.9829102932463	0.0	0	709.075701061869	1180.9829102925723	1	0	1	0.6481401446197289
300200.0	500.0	980.9829102932474	0.0	0	593.2045517194201	1180.9829102925723	1	0	1	0.6481401446197289
0.73	0.93	0.96	0.87	0.79	0.9	1.05	1.19	0.73	1.92	1.93	1.85	1.51	2.12	1.98	1.45	1.52	0.93	0.92	1.15	1.1	1.2	1.39	1.07	1.16	0.86	1.54	1.68	1.38	1.39	1.03	1.32	1.84	2.22	2.04	1.1	1.12	1.32	0.92	1.25	1.42	1.08	1.02	1.51	2.03	1.65	1.44	1.93	2.0	1.78	2.0	1.32	1.68	0.87	0.65	1.04	0.92	0.8	0.76	1.07	1.14	1.03	1.0	0.95	0.98	1.07	0.57	0.96	0.76	0.92	0.88	0.64	1.09	0.96	1.18	1.31	1.24	1.05	1.18	1.07	0.88	0.49	0.86	1.62	1.55	1.07	0.98	1.05	1.6	1.74	1.55	0.96	0.78	0.97	1.62	1.14	1.63	1.29	1.67	1.33	1.46	1.41	1.38	1.26	1.15	1.16	0.64	0.86	0.81	0.73	0.63	0.95	1.29	0.9	0.37	0.52	0.82	1.29	1.24	1.11	1.81	1.08	1.02	0.95	1.12	1.22	1.58	0.98	1.32	1.27	1.03	0.96	1.44	1.33	1.36	0.7	0.8	0.97	1.41	1.11	0.79	0.73	0.96	1.36	1.52	1.4	1.08	1.07	0.92	0.83	0.73	0.93	0.96	0.87	0.79	0.9	1.05	1.19	0.73	1.92	1.93	1.85	1.51	2.12	1.98	1.45	1.52	0.93	0.92	1.15	1.1	1.2	1.39	1.07	1.16	0.86	1.54	1.68	1.38	1.39	1.03	1.32	1.84	2.22	2.04	1.1	1.12	1.32	0.92	1.25	1.42	1.08	1.02	1.51	2.03	1.65	1.44	1.93	2.0	1.78	2.0	1.32	1.68	0.87	0.65	1.04	0.92	0.8	0.76	1.07	1.14	1.03	1.0	0.95	0.98	1.07	0.57	0.96	0.76	0.92	0.88	0.64	1.09	0.96	1.18	1.31	1.24	1.05	1.18	1.07	0.88	0.49	0.86	1.62	1.55	1.07	0.98	1.05	1.6	1.74	1.55	0.96	0.78	0.97	1.62	1.14	1.63	1.29	1.67	1.33	1.46	1.41	1.38	1.26	1.15	1.16	0.64	0.86	0.81	0.73	0.63	0.95	1.29	0.9	0.37	0.52	0.82	1.29	1.24	1.11	1.81	1.08	1.02	0.95	1.12	1.22	1.58	0.98	1.32	1.27	1.03	0.96	1.44	1.33	1.36	0.7	0.8	0.97	1.41	1.11	0.79	0.73	0.96	1.36	1.52	1.4	1.08	1.07
1.0	2.0	3.0	4.0	5.0	6.0	7.0	8.0	9.0	10.0	11.0	12.0	13.0	14.0	15.0	16.0	17.0	18.0	19.0	20.0	21.0	22.0	23.0	24.0	25.0	26.0	27.0	28.0	29.0	30.0	31.0	32.0	33.0	34.0	35.0	36.0	37.0	38.0	39.0	40.0	41.0	42.0	43.0	44.0	45.0	46.0	47.0	48.0	49.0	50.0	51.0	52.0	53.0	54.0	55.0	56.0	57.0	58.0	59.0	60.0	61.0	62.0	63.0	64.0	65.0	66.0	67.0	68.0	69.0	70.0	71.0	72.0	73.0	74.0	75.0	76.0	77.0	78.0	79.0	80.0	81.0	82.0	83.0	84.0	85.0	86.0	87.0	88.0	89.0	90.0	91.0	92.0	93.0	94.0	95.0	96.0	97.0	98.0	99.0	100.0	101.0	102.0	103.0	104.0	105.0	106.0	107.0	108.0	109.0	110.0	111.0	112.0	113.0	114.0	115.0	116.0	117.0	118.0	119.0	120.0	121.0	122.0	123.0	124.0	125.0	126.0	127.0	128.0	129.0	130.0	131.0	132.0	133.0	134.0	135.0	136.0	137.0	138.0	139.0	140.0	141.0	142.0	143.0	144.0	145.0	146.0	147.0	148.0	149.0	149.0	150.0	151.0	152.0	153.0	154.0	155.0	156.0	157.0	158.0	159.0	160.0	161.0	162.0	163.0	164.0	165.0	166.0	167.0	168.0	169.0	170.0	171.0	172.0	173.0	174.0	175.0	176.0	177.0	178.0	179.0	180.0	181.0	182.0	183.0	184.0	185.0	186.0	187.0	188.0	189.0	190.0	191.0	192.0	193.0	194.0	195.0	196.0	197.0	198.0	199.0	200.0	201.0	202.0	203.0	204.0	205.0	206.0	207.0	208.0	209.0	210.0	211.0	212.0	213.0	214.0	215.0	216.0	217.0	218.0	219.0	220.0	221.0	222.0	223.0	224.0	225.0	226.0	227.0	228.0	229.0	230.0	231.0	232.0	233.0	234.0	235.0	236.0	237.0	238.0	239.0	240.0	241.0	242.0	243.0	244.0	245.0	246.0	247.0	248.0	249.0	250.0	251.0	252.0	253.0	254.0	255.0	256.0	257.0	258.0	259.0	260.0	261.0	262.0	263.0	264.0	265.0	266.0	267.0	268.0	269.0	270.0	271.0	272.0	273.0	274.0	275.0	276.0	277.0	278.0	279.0	280.0	281.0	282.0	283.0	284.0	285.0	286.0	287.0	288.0	289.0	290.0	291.0	292.0	293.0	294.0	295.0	296.0	297.0
4368.305558031749
