3823.3437253396155	300.0	2000.0	197.57046839578842	0	0.0	3823.3437253396155	1	0	1	-1.5636243828439418
4409.629458250832	1000.0	2355.085693797663	0.0	0	0.0	3764.7151520484945	1	0	2	-0.17588041541838068
4871.178456515601	1000.0	2847.3817957064166	0.0	0	0.0	3718.560252222017	1	0	2	1.232989513572129
5556.084804828708	1000.0	3093.9848125619997	0.0	0	0.0	3650.0696173907068	1	0	2	1.2392371951271293
6236.612084351543	1000.0	3345.404805086882	0.0	0	0.0	3582.0168894384237	1	0	2	1.246067034928482
7200.0	1000.0	3285.678097873579	0.0	0	257.75377927442787	3485.6780978735783	1	0	2	1.2538905114257386
8200.0	1000.0	3185.6780978735796	0.0	0	425.96043757214375	3385.678097873578	1	0	2	1.2636214635314016
9430.691183774377	1000.0	2831.9177957217626	0.0	0	0.0	3262.608979496139	1	0	2	1.275525854106107
10469.903051182251	1000.0	2688.7847415731	0.0	0	0.0	3158.6877927553505	1	0	2	1.2872903520679118
11228.201743577198	1000.0	2854.6561799386595	0.0	0	0.0	3082.857923515857	1	0	2	1.2957405057365687
12200.0	1000.0	2785.6780978735783	0.0	0	469.9007653773406	2985.678097873577	1	0	2	1.3035834846681096
13200.0	1000.0	2685.678097873578	0.0	0	541.886727368279	2885.678097873577	1	0	2	1.313437596580334
14200.0	1000.0	2585.678097873581	0.0	0	414.01867029435016	2785.6780978735806	1	0	2	1.323563589268245
15200.0	1000.0	2485.6780978735833	0.0	0	408.42748021072293	2685.6780978735824	1	0	2	1.3335301287265013
16200.0	1000.0	2385.678097873585	0.0	0	231.2836580311814	2585.678097873584	1	0	2	1.343933935600476
17200.0	1000.0	2285.678097873584	0.0	0	490.1911514588319	2485.678097873584	1	0	2	1.353512863573903
18200.0	1000.0	2185.6780978735815	0.0	0	509.77942368627555	2385.678097873584	1	0	2	1.363466089283212
19200.0	1000.0	2085.678097873581	0.0	0	339.346455959032	2285.678097873584	1	0	2	1.3735501018581178
20200.0	1000.0	1985.6780978735846	0.0	0	36.70981895643854	2185.678097873588	1	0	2	1.3844846980710355
21200.0	1000.0	1885.6780978735824	0.0	0	310.2664923086704	2085.678097873584	1	0	2	1.3938564555113007
22200.0	1000.0	1785.6780978735806	0.0	0	289.0884586330867	1985.6780978735806	1	0	2	1.4038454676578136
23200.0	1000.0	1685.67809787358	0.0	0	640.9788088507376	1885.6780978735842	1	0	2	1.4134305184376132
24200.0	1000.0	1585.678097873582	0.0	0	725.1938905645839	1785.6780978735806	1	0	2	1.4233913967015457
25200.0	1000.0	1485.6780978735806	0.0	0	676.4260472557144	1685.678097873577	1	0	2	1.4333913967015464
26200.0	1000.0	1385.6780978735787	0.0	0	85.65101301555478	1585.6780978735806	1	0	2	1.443766754810818
27200.0	1000.0	1285.6780978735826	0.0	0	37.01735420577097	1485.6780978735806	1	0	2	1.4546987893736505
28200.0	1000.0	1185.6780978735844	0.0	0	412.5796249908417	1385.678097873577	1	0	2	1.4636345561046409
29200.0	1000.0	1085.678097873588	0.0	0	332.72837887548303	1285.6780978735806	1	0	2	1.473702448971915
30200.0	1000.0	985.6780978735917	0.0	0	598.7851339784684	1185.6780978735878	1	0	2	1.483407184574175
31200.0	1000.0	985.6780978735924	0.0	0	472.7118538619252	1185.6780978735878	1	0	1	1.4873913967015453
32200.0	1000.0	985.6780978735965	0.0	0	489.664590463497	1185.6780978735878	1	0	1	1.6873913967015455
33200.0	1000.0	985.6780978735976	0.0	0	136.75775717172291	1185.6780978735915	1	0	1	1.6873913967015453
34200.0	1000.0	985.6780978736051	0.0	0	387.79439959221054	1185.6780978735987	1	0	1	1.6873913967015446
35200.0	1000.0	985.6780978735997	0.0	0	284.521188857987	1185.6780978735987	1	0	1	1.6873913967015444
36200.0	1000.0	985.6780978735987	0.0	0	233.54361947534926	1185.6780978735987	1	0	1	1.6873913967015444
37200.0	1000.0	985.6780978735969	0.0	0	242.84057388717338	1185.6780978735987	1	0	1	1.6873913967015444
38200.0	1000.0	985.678097873599	0.0	0	479.7415909451447	1185.6780978735915	1	0	1	1.6873913967015453
39200.0	1000.0	985.6780978735994	0.0	0	505.9007530126328	1185.6780978735915	1	0	1	1.6873913967015453
40200.0	1000.0	985.6780978736062	0.0	0	540.5395654253589	1185.6780978735915	1	0	1	1.6873913967015453
41200.0	1000.0	985.6780978736092	0.0	0	372.3698738833118	1185.6780978735987	1	0	1	1.6873913967015444
42200.0	1000.0	985.6780978736135	0.0	0	381.36302226164844	1185.6780978735987	1	0	1	1.6873913967015444
43200.0	1000.0	985.6780978736142	0.0	0	362.84363094651053	1185.6780978735987	1	0	1	1.6873913967015444
44200.0	1000.0	985.6780978736181	0.0	0	344.7778578312282	1185.6780978735987	1	0	1	1.6873913967015444
45200.0	1000.0	985.6780978736133	0.0	0	515.1536039776256	1185.6780978735987	1	0	1	1.6873913967015444
46200.0	1000.0	985.678097873611	0.0	0	476.5804934175394	1185.6780978735987	1	0	1	1.6873913967015444
47200.0	1000.0	985.6780978736217	0.0	0	551.6713958423279	1185.6780978735987	1	0	1	1.6873913967015444
48200.0	1000.0	985.6780978736156	0.0	0	469.3334096757608	1185.6780978735987	1	0	1	1.6873913967015444
49200.0	1000.0	985.6780978736174	0.0	0	219.30654710797535	1185.6780978735987	1	0	1	1.6873913967015444
50200.0	1000.0	985.6780978736188	0.0	0	217.54487190004147	1185.6780978735915	1	0	1	1.6873913967015453
51200.0	1000.0	985.6780978736201	0.0	0	329.956371196291	1185.6780978735915	1	0	1	1.6873913967015453
52200.0	1000.0	985.6780978736242	0.0	0	526.7106789764002	1185.6780978735915	1	0	1	1.6873913967015453
53200.0	1000.0	985.6780978736188	0.0	0	296.87833683233475	1185.6780978735915	1	0	1	1.6873913967015453
54200.0	1000.0	985.6780978736151	0.0	0	462.0569748052585	1185.6780978735915	1	0	1	1.6873913967015453
55200.0	1000.0	985.678097873611	0.0	0	629.7881848706893	1185.6780978735842	1	0	1	1.6873913967015457
56200.0	1000.0	985.6780978736115	0.0	0	340.1331621736681	1185.6780978735842	1	0	1	1.6873913967015457
57200.0	1000.0	985.6780978736151	0.0	0	440.54971657004353	1185.6780978735915	1	0	1	1.6873913967015453
58200.0	1000.0	985.6780978736144	0.0	0	384.2054181791318	1185.6780978735987	1	0	1	1.6873913967015444
59200.0	1000.0	985.6780978736081	0.0	0	546.5235871861587	1185.6780978735987	1	0	1	1.6873913967015444
60200.0	1000.0	985.6780978736119	0.0	0	550.009148304096	1185.6780978735987	1	0	1	1.6873913967015444
61200.0	1000.0	985.6780978736194	0.0	0	656.026086320504	1185.678097873606	1	0	1	1.6873913967015435
62200.0	1000.0	985.6780978736215	0.0	0	612.050485746644	1185.678097873606	1	0	1	1.6873913967015435
63200.0	1000.0	985.6780978736333	0.0	0	530.5794020039757	1185.6780978736133	1	0	1	1.687391396701543
64200.0	1000.0	985.6780978736374	0.0	0	171.73061962278734	1185.6780978736133	1	0	1	1.687391396701543
65556.16488525821	1000.0	629.5132126154188	0.0	0	0.0	1185.6780978736133	1	0	1	1.687391396701543
66203.98033015967	1000.0	981.6977677139655	0.0	0	0.0	1185.678097873606	1	0	1	1.687391396701543
67200.0	1000.0	985.6780978736238	0.0	0	274.4482089846715	1185.678097873606	1	0	1	1.6873913967015435
68200.0	1000.0	985.6780978736251	0.0	0	489.1047191060643	1185.6780978735915	1	0	1	1.6873913967015453
69200.0	1000.0	985.6780978736319	0.0	0	531.5421829855768	1185.6780978735915	1	0	1	1.6873913967015453
70200.0	1000.0	985.6780978736272	0.0	0	590.9755925118807	1185.6780978735915	1	0	1	1.6873913967015453
71200.0	1000.0	985.6780978736342	0.0	0	295.4258070953074	1185.6780978735915	1	0	1	1.6873913967015453
72200.0	1000.0	985.6780978736349	0.0	0	245.7548046382144	1185.6780978735915	1	0	1	1.6873913967015453
73200.0	1000.0	985.6780978736263	0.0	0	203.96304611017695	1185.6780978735915	1	0	1	1.6873913967015453
74200.0	1000.0	985.6780978736133	0.0	0	251.1778634244256	1185.6780978735915	1	0	1	1.6873913967015453
75200.0	1000.0	985.6780978736178	0.0	0	51.68389486768865	1185.6780978735915	1	0	1	1.6873913967015453
76200.0	1000.0	985.6780978736065	0.0	0	216.3918464869639	1185.6780978735915	1	0	1	1.6873913967015453
77200.0	1000.0	985.678097873601	0.0	0	483.4722025395313	1185.678097873577	1	0	1	1.6873913967015466
78200.0	1000.0	985.6780978735942	0.0	0	329.267349331727	1185.678097873577	1	0	1	1.6873913967015466
79200.0	1000.0	985.6780978735951	0.0	0	451.4444394123275	1185.678097873577	1	0	1	1.6873913967015466
80200.0	1000.0	985.6780978735828	0.0	0	453.12968129351793	1185.678097873577	1	0	1	1.6873913967015466
81200.0	1000.0	985.6780978735751	0.0	0	533.7857618794369	1185.678097873577	1	0	1	1.6873913967015466
82200.0	1000.0	985.6780978735724	0.0	0	343.16898901095556	1185.678097873577	1	0	1	1.6873913967015466
83200.0	1000.0	985.6780978735815	0.0	0	390.7566191011283	1185.678097873577	1	0	1	1.6873913967015466
84200.0	1000.0	985.6780978735837	0.0	0	282.35975776474515	1185.678097873577	1	0	1	1.6873913967015466
85200.0	1000.0	985.6780978735906	0.0	0	238.96726992554613	1185.678097873577	1	0	1	1.6873913967015466
86200.0	1000.0	985.6780978736072	0.0	0	308.0727637113305	1185.678097873577	1	0	1	1.6873913967015466
87200.0	1000.0	985.6780978736097	0.0	0	319.45456018240657	1185.6780978735915	1	0	1	1.6873913967015453
88200.0	1000.0	985.6780978736017	0.0	0	531.9685784450267	1185.6780978735915	1	0	1	1.6873913967015453
89200.0	1000.0	985.6780978735987	0.0	0	722.3796919320303	1185.6780978735915	1	0	1	1.6873913967015453
90200.0	1000.0	985.6780978736001	0.0	0	619.6463504731219	1185.6780978735915	1	0	1	1.6873913967015453
91200.0	1000.0	985.6780978736062	0.0	0	558.7145712027122	1185.678097873606	1	0	1	1.6873913967015435
92200.0	1000.0	985.6780978736174	0.0	0	226.6092069120932	1185.678097873606	1	0	1	1.6873913967015435
93502.82720391249	1000.0	682.8508939611371	0.0	0	0.0	1185.678097873606	1	0	1	1.6873913967015435
94200.0	1000.0	985.6780978736169	0.0	0	77.21004152463865	1185.678097873606	1	0	1	1.6873913967015435
95200.0	1000.0	985.6780978736381	0.0	0	418.80570507423545	1185.6780978736206	1	0	1	1.6873913967015421
96200.0	1000.0	985.6780978736201	0.0	0	590.1950887025014	1185.6780978736206	1	0	1	1.6873913967015421
97200.0	1000.0	985.6780978736324	0.0	0	671.6851341714646	1185.6780978736351	1	0	1	1.6873913967015408
98200.0	1000.0	985.6780978736329	0.0	0	369.3334614871419	1185.6780978736351	1	0	1	1.6873913967015408
99200.0	1000.0	985.6780978736354	0.0	0	235.34207582594536	1185.6780978736497	1	0	1	1.6873913967015395
100200.0	1000.0	985.6780978736329	0.0	0	477.492820904823	1185.6780978736351	1	0	1	1.6873913967015408
101200.0	1000.0	985.6780978736351	0.0	0	344.7100342376216	1185.6780978736497	1	0	1	1.6873913967015395
102200.0	1000.0	985.6780978736401	0.0	0	318.00382517743856	1185.6780978736642	1	0	1	1.6873913967015381
103200.0	1000.0	985.6780978736306	0.0	0	286.1018090562866	1185.6780978736497	1	0	1	1.6873913967015395
104200.0	1000.0	985.6780978736397	0.0	0	409.429660785303	1185.6780978736497	1	0	1	1.6873913967015395
105200.0	1000.0	985.6780978736374	0.0	0	463.9732264235936	1185.6780978736642	1	0	1	1.6873913967015381
106200.0	1000.0	985.6780978736601	0.0	0	270.2973014626914	1185.6780978736642	1	0	1	1.6873913967015381
107200.0	1000.0	985.6780978736601	0.0	0	409.9381839469861	1185.6780978736788	1	0	1	1.6873913967015364
108200.0	1000.0	985.6780978736747	0.0	0	218.37967478144856	1185.6780978736788	1	0	1	1.6873913967015364
109200.0	1000.0	985.6780978736706	0.0	0	242.33162180426007	1185.6780978736788	1	0	1	1.6873913967015364
110391.12224501987	1000.0	794.5558528537892	0.0	0	0.0	1185.6780978736642	1	0	1	1.6873913967015381
111265.16798942804	1000.0	920.5101084456005	0.0	0	0.0	1185.6780978736642	1	0	1	1.6873913967015381
112200.0	1000.0	985.6780978736406	0.0	0	64.25735358911334	1185.6780978736642	1	0	1	1.6873913967015381
113200.0	1000.0	985.6780978736308	0.0	0	365.8018159732601	1185.6780978736497	1	0	1	1.6873913967015395
114200.0	1000.0	985.678097873641	0.0	0	177.6927619279013	1185.6780978736497	1	0	1	1.6873913967015395
115200.0	1000.0	985.6780978736281	0.0	0	269.06356154855166	1185.6780978736497	1	0	1	1.6873913967015395
116200.0	1000.0	985.6780978736228	0.0	0	331.5305417221098	1185.6780978736497	1	0	1	1.6873913967015395
117200.0	1000.0	985.6780978736122	0.0	0	159.782985918122	1185.6780978736351	1	0	1	1.6873913967015408
118320.71044424111	1000.0	864.9676536325076	0.0	0	0.0	1185.6780978736351	1	0	1	1.6873913967015408
119430.1881468333	1000.0	755.4899510403093	0.0	0	0.0	1185.6780978736351	1	0	1	1.6873913967015408
120278.94481209929	1000.0	906.7332857743072	0.0	0	0.0	1185.6780978736206	1	0	1	1.6873913967015421
121200.0	1000.0	985.678097873571	0.0	0	203.61251579987584	1185.6780978736206	1	0	1	1.6873913967015421
122200.0	1000.0	985.6780978735728	0.0	0	394.3784154728637	1185.6780978736206	1	0	1	1.6873913967015421
123200.0	1000.0	985.6780978735687	0.0	0	538.2407872788172	1185.6780978736206	1	0	1	1.6873913967015421
124200.0	1000.0	985.678097873569	0.0	0	516.906823837955	1185.6780978736206	1	0	1	1.6873913967015421
125200.0	1000.0	985.6780978735792	0.0	0	587.003716733394	1185.6780978736206	1	0	1	1.6873913967015421
126200.0	1000.0	985.678097873571	0.0	0	535.0519935781631	1185.6780978736206	1	0	1	1.6873913967015421
127200.0	1000.0	985.6780978735821	0.0	0	440.23250187540543	1185.6780978736206	1	0	1	1.6873913967015421
128200.0	1000.0	985.6780978735687	0.0	0	594.6841997210722	1185.678097873606	1	0	1	1.6873913967015435
129200.0	1000.0	985.6780978735715	0.0	0	191.36008599236084	1185.678097873606	1	0	1	1.6873913967015435
130200.0	1000.0	985.6780978735796	0.0	0	531.1266186613793	1185.6780978736206	1	0	1	1.6873913967015421
131200.0	1000.0	985.6780978735712	0.0	0	192.51759710481565	1185.678097873606	1	0	1	1.6873913967015426
132200.0	1000.0	985.678097873561	0.0	0	342.6045462701295	1185.678097873606	1	0	1	1.6873913967015435
133200.0	1000.0	985.6780978735328	0.0	0	234.6394354441727	1185.678097873606	1	0	1	1.6873913967015435
134200.0	1000.0	985.6780978735187	0.0	0	424.00767124208505	1185.678097873606	1	0	1	1.6873913967015435
135200.0	1000.0	985.6780978735424	0.0	0	343.749824847735	1185.678097873606	1	0	1	1.6873913967015435
136200.0	1000.0	985.6780978735287	0.0	0	400.6514505133382	1185.678097873606	1	0	1	1.6873913967015435
137200.0	1000.0	985.6780978734923	0.0	0	296.2416478598316	1185.678097873606	1	0	1	1.6873913967015435
138227.78947699443	1000.0	957.8886208790765	0.0	0	0.0	1185.678097873606	1	0	1	1.6873913967015435
139200.0	1000.0	985.6780978734951	0.0	0	145.57448766505695	1185.678097873606	1	0	1	1.6873913967015435
140200.0	1000.0	985.6780978735078	0.0	0	398.3628691592603	1185.678097873606	1	0	1	1.6873913967015435
141200.0	1000.0	985.6780978735255	0.0	0	164.44817040127236	1185.678097873606	1	0	1	1.6873913967015435
142200.0	1000.0	985.6780978735305	0.0	0	172.1970385060995	1185.6780978736351	1	0	1	1.6873913967015408
143200.0	1000.0	985.6780978734985	0.0	0	183.7613347634324	1185.6780978736351	1	0	1	1.6873913967015408
144200.0	1000.0	985.6780978735021	0.0	0	304.2287816996104	1185.6780978736351	1	0	1	1.6873913967015408
145200.0	1000.0	985.6780978734862	0.0	0	235.06424481759313	1185.6780978736351	1	0	1	1.6873913967015408
146200.0	1000.0	985.678097873491	0.0	0	325.30526473987265	1185.678097873606	1	0	1	1.6873913967015435
147200.0	1000.0	985.6780978735005	0.0	0	223.44596514862496	1185.678097873606	1	0	1	1.6873913967015435
148200.0	1000.0	985.6780978735085	0.0	0	528.455422376428	1185.6780978736351	1	0	1	1.6873913967015408
149200.0	1000.0	985.6780978734905	0.0	0	344.91228088896605	1185.6780978736351	1	0	1	1.6873913967015408
150200.0	1000.0	985.6780978735155	0.0	0	174.22052608587546	1185.6780978736351	1	0	1	1.6873913967015408
151321.0513439309	1000.0	864.6267539426043	0.0	0	0.0	1185.6780978736351	1	0	1	1.6873913967015408
152200.0	1000.0	985.6780978734896	0.0	0	55.24301426188322	1185.6780978736351	1	0	1	1.6873913967015408
153200.0	1000.0	985.6780978734741	0.0	0	191.14878470479744	1185.6780978736351	1	0	1	1.6873913967015408
154200.0	1000.0	985.6780978734489	0.0	0	232.84573053510394	1185.6780978736642	1	0	1	1.6873913967015381
155200.0	1000.0	985.6780978734942	0.0	0	336.4587576034537	1185.6780978736642	1	0	1	1.6873913967015381
156200.0	1000.0	985.6780978735128	0.0	0	534.1474555771856	1185.6780978736933	1	0	1	1.6873913967015357
157200.0	1000.0	985.6780978735078	0.0	0	385.33870453978307	1185.6780978736933	1	0	1	1.687391396701535
158200.0	1000.0	985.6780978735022	0.0	0	26.783505564322695	1185.6780978736642	1	0	1	1.6873913967015381
159308.89644219427	1000.0	876.7816556792054	0.0	0	0.0	1185.6780978736642	1	0	1	1.6873913967015381
160200.0	1000.0	985.6780978734857	0.0	0	245.82597650727257	1185.6780978736642	1	0	1	1.6873913967015381
161200.0	1000.0	985.6780978734953	0.0	0	441.43181252197246	1185.6780978736933	1	0	1	1.687391396701535
162200.0	1000.0	985.6780978735114	0.0	0	416.9673203282	1185.6780978736933	1	0	1	1.687391396701535
163200.0	1000.0	985.6780978734832	0.0	0	448.15458547737217	1185.6780978736933	1	0	1	1.687391396701535
164200.0	1000.0	985.6780978734805	0.0	0	179.28796593204606	1185.6780978736933	1	0	1	1.687391396701535
165200.0	1000.0	985.6780978734857	0.0	0	418.15822552586906	1185.6780978736642	1	0	1	1.6873913967015381
166200.0	1000.0	985.67809787348	0.0	0	309.3118773222668	1185.6780978736642	1	0	1	1.6873913967015381
167200.0	1000.0	985.678097873455	0.0	0	380.22096294380026	1185.6780978736351	1	0	1	1.6873913967015408
168200.0	1000.0	985.67809787347	0.0	0	440.76420438906644	1185.6780978736642	1	0	1	1.6873913967015386
169454.5886171816	1000.0	731.0894806918416	0.0	0	0.0	1185.6780978736933	1	0	1	1.6873913967015375
170451.20387692112	1000.0	734.4742209523304	0.0	0	0.0	1185.6780978736933	1	0	1	1.687391396701535
171200.0	1000.0	985.6780978734482	0.0	0	247.61233285284834	1185.6780978736933	1	0	1	1.687391396701535
172200.0	1000.0	985.6780978734237	0.0	0	457.517453799519	1185.6780978736642	1	0	1	1.6873913967015381
173200.0	1000.0	985.6780978734048	0.0	0	630.4658544666308	1185.6780978736642	1	0	1	1.6873913967015381
174200.0	1000.0	985.6780978733755	0.0	0	652.7152795420552	1185.6780978736351	1	0	1	1.6873913967015408
175200.0	1000.0	985.6780978733836	0.0	0	210.42653294606134	1185.6780978736351	1	0	1	1.6873913967015408
176200.0	1000.0	985.6780978733827	0.0	0	216.32111180885113	1185.6780978736351	1	0	1	1.6873913967015408
177200.0	1000.0	985.6780978733223	0.0	0	138.69528149694088	1185.6780978736351	1	0	1	1.6873913967015408
178200.0	1000.0	985.6780978733213	0.0	0	278.6147922151722	1185.6780978736351	1	0	1	1.6873913967015408
179200.0	1000.0	985.6780978733632	0.0	0	438.48699166291044	1185.6780978736351	1	0	1	1.6873913967015408
180200.0	1000.0	985.678097873368	0.0	0	453.9910606741032	1185.6780978736351	1	0	1	1.6873913967015408
181200.0	1000.0	985.6780978733657	0.0	0	645.7038911904965	1185.6780978736351	1	0	1	1.6873913967015408
182200.0	1000.0	985.6780978733946	0.0	0	186.82335600163788	1185.6780978736351	1	0	1	1.6873913967015408
183200.0	1000.0	985.6780978733918	0.0	0	389.69237711594906	1185.678097873606	1	0	1	1.6873913967015435
184200.0	1000.0	985.6780978733782	0.0	0	152.077055296686	1185.678097873577	1	0	1	1.687391396701546
185200.0	1000.0	985.6780978733946	0.0	0	10.448937260982348	1185.678097873577	1	0	1	1.6873913967015466
186200.0	1000.0	985.6780978733691	0.0	0	252.73388348790468	1185.678097873577	1	0	1	1.6873913967015466
187200.0	1000.0	985.6780978733818	0.0	0	492.06113157389336	1185.678097873577	1	0	1	1.6873913967015466
188200.0	1000.0	985.6780978733857	0.0	0	254.93065591034247	1185.678097873577	1	0	1	1.6873913967015466
189200.0	1000.0	985.6780978734087	0.0	0	507.7368027683988	1185.678097873606	1	0	1	1.6873913967015435
190200.0	1000.0	985.6780978733982	0.0	0	373.22654406391666	1185.678097873606	1	0	1	1.6873913967015435
191200.0	1000.0	985.6780978734105	0.0	0	584.4823125394469	1185.678097873606	1	0	1	1.6873913967015435
192200.0	1000.0	985.6780978734091	0.0	0	458.44382149592275	1185.678097873606	1	0	1	1.6873913967015435
193200.0	1000.0	985.6780978733948	0.0	0	389.21068253411795	1185.678097873606	1	0	1	1.6873913967015435
194200.0	1000.0	985.678097873365	0.0	0	325.8194827011903	1185.678097873606	1	0	1	1.6873913967015435
195200.0	1000.0	985.6780978733602	0.0	0	657.4432144807361	1185.678097873606	1	0	1	1.6873913967015435
196200.0	1000.0	985.67809787335	0.0	0	629.015438855713	1185.678097873606	1	0	1	1.6873913967015435
197200.0	1000.0	985.6780978733461	0.0	0	437.441901981656	1185.678097873606	1	0	1	1.6873913967015435
198200.0	1000.0	985.6780978733414	0.0	0	408.78561835715664	1185.678097873577	1	0	1	1.6873913967015466
199200.0	1000.0	985.6780978733418	0.0	0	296.3989873289829	1185.678097873577	1	0	1	1.6873913967015466
200200.0	1000.0	985.6780978733232	0.0	0	233.7617333633243	1185.678097873577	1	0	1	1.6873913967015466
201200.0	1000.0	985.6780978733316	0.0	0	567.6531313729938	1185.6780978735478	1	0	1	1.687391396701549
202200.0	1000.0	985.6780978733041	0.0	0	532.3522072289197	1185.6780978735187	1	0	1	1.6873913967015524
203200.0	1000.0	985.6780978733025	0.0	0	513.370735145174	1185.6780978735478	1	0	1	1.6873913967015497
204200.0	1000.0	985.6780978733268	0.0	0	502.5101394386438	1185.6780978735478	1	0	1	1.6873913967015497
205200.0	1000.0	985.6780978733088	0.0	0	563.0613416567503	1185.678097873577	1	0	1	1.6873913967015466
206200.0	1000.0	985.6780978732936	0.0	0	476.8238934467372	1185.678097873606	1	0	1	1.6873913967015435
207200.0	1000.0	985.6780978732781	0.0	0	560.3651003396662	1185.678097873577	1	0	1	1.687391396701546
208200.0	1000.0	985.6780978732572	0.0	0	560.6435186042509	1185.6780978735478	1	0	1	1.6873913967015497
209200.0	1000.0	985.6780978732731	0.0	0	598.7116837366775	1185.678097873577	1	0	1	1.687391396701547
210200.0	1000.0	985.6780978732756	0.0	0	641.6787399101013	1185.678097873577	1	0	1	1.6873913967015466
211200.0	1000.0	985.6780978732791	0.0	0	710.2204889093991	1185.678097873577	1	0	1	1.6873913967015466
212200.0	1000.0	985.6780978733086	0.0	0	687.0001276720723	1185.678097873577	1	0	1	1.6873913967015466
213200.0	1000.0	985.6780978733195	0.0	0	85.90252632845659	1185.678097873577	1	0	1	1.6873913967015466
214661.3648060561	1000.0	524.3132918172113	0.0	0	0.0	1185.678097873606	1	0	1	1.6873913967015453
215530.79511048048	1000.0	654.8829873928264	0.0	0	0.0	1185.678097873577	1	0	1	1.6873913967015466
216200.0	1000.0	985.6780978733241	0.0	0	82.48490768231568	1185.678097873577	1	0	1	1.6873913967015466
217200.0	1000.0	985.6780978733509	0.0	0	253.69646482754615	1185.6780978735478	1	0	1	1.6873913967015497
218200.0	1000.0	985.6780978733595	0.0	0	358.64937248130445	1185.6780978735478	1	0	1	1.6873913967015497
219200.0	1000.0	985.6780978733582	0.0	0	520.1017351372866	1185.678097873577	1	0	1	1.6873913967015466
220200.0	1000.0	985.6780978733659	0.0	0	314.17056648180005	1185.6780978735478	1	0	1	1.6873913967015497
221200.0	1000.0	985.6780978733698	0.0	0	256.55162972802646	1185.6780978735187	1	0	1	1.6873913967015524
222200.0	1000.0	985.6780978733918	0.0	0	289.4153560932027	1185.6780978735187	1	0	1	1.6873913967015524
223200.0	1000.0	985.6780978733784	0.0	0	361.3715247128566	1185.6780978735478	1	0	1	1.6873913967015497
224200.0	1000.0	985.6780978733518	0.0	0	32.51997398410458	1185.678097873577	1	0	1	1.6873913967015466
225200.0	1000.0	985.6780978733268	0.0	0	394.95926571139717	1185.6780978735478	1	0	1	1.6873913967015497
226200.0	1000.0	985.6780978733154	0.0	0	402.36351899954025	1185.678097873577	1	0	1	1.6873913967015466
227200.0	1000.0	985.67809787332	0.0	0	543.3074906265538	1185.678097873577	1	0	1	1.6873913967015466
228200.0	1000.0	985.6780978732909	0.0	0	311.09019840857945	1185.678097873577	1	0	1	1.6873913967015466
229200.0	1000.0	985.6780978733127	0.0	0	357.4791287155531	1185.678097873606	1	0	1	1.6873913967015435
230200.0	1000.0	985.6780978732847	0.0	0	459.3372136510152	1185.6780978736351	1	0	1	1.6873913967015408
231200.0	1000.0	985.6780978733013	0.0	0	354.8569155417499	1185.6780978736642	1	0	1	1.6873913967015381
232200.0	1000.0	985.6780978733141	0.0	0	440.45247572031803	1185.6780978736642	1	0	1	1.6873913967015381
233200.0	1000.0	985.6780978733141	0.0	0	288.60218252052437	1185.6780978736642	1	0	1	1.6873913967015381
234200.0	1000.0	985.6780978733168	0.0	0	96.64540327413124	1185.6780978736642	1	0	1	1.6873913967015381
235200.0	1000.0	985.6780978733291	0.0	0	309.78241464536404	1185.6780978736642	1	0	1	1.6873913967015381
236200.0	1000.0	985.6780978733416	0.0	0	476.7251199982129	1185.6780978736642	1	0	1	1.6873913967015381
237200.0	1000.0	985.6780978733345	0.0	0	535.4390241870424	1185.6780978736642	1	0	1	1.6873913967015381
238200.0	1000.0	985.6780978732888	0.0	0	645.0822533839673	1185.6780978736642	1	0	1	1.6873913967015381
239200.0	1000.0	985.6780978732904	0.0	0	628.3374697002873	1185.6780978736642	1	0	1	1.6873913967015381
240200.0	1000.0	985.6780978733022	0.0	0	318.1471750624769	1185.6780978736642	1	0	1	1.6873913967015381
241200.0	1000.0	985.6780978732672	0.0	0	400.15848711068975	1185.6780978736351	1	0	1	1.6873913967015408
242486.60926902865	1000.0	699.0688288446306	0.0	0	0.0	1185.6780978736642	1	0	1	1.6873913967015381
243200.0	1000.0	985.6780978732893	0.0	0	86.69665267749224	1185.6780978736642	1	0	1	1.6873913967015381
244200.0	1000.0	985.6780978732618	0.0	0	543.7746915603348	1185.6780978736642	1	0	1	1.6873913967015381
245200.0	1000.0	985.6780978732904	0.0	0	530.2084006441	1185.6780978736642	1	0	1	1.6873913967015381
246200.0	1000.0	985.6780978733132	0.0	0	615.902858551417	1185.6780978736351	1	0	1	1.6873913967015408
247200.0	1000.0	985.6780978732932	0.0	0	602.0846808910137	1185.6780978736351	1	0	1	1.6873913967015408
248200.0	1000.0	985.6780978732754	0.0	0	432.8336355071806	1185.6780978736351	1	0	1	1.6873913967015408
249200.0	1000.0	985.6780978733193	0.0	0	600.6049584254797	1185.6780978736351	1	0	1	1.6873913967015408
250200.0	1000.0	985.6780978733268	0.0	0	586.4498585231486	1185.6780978736351	1	0	1	1.6873913967015408
251200.0	1000.0	985.6780978733077	0.0	0	466.2904440878192	1185.678097873606	1	0	1	1.6873913967015435
252200.0	1000.0	985.6780978733345	0.0	0	246.92604956263676	1185.678097873606	1	0	1	1.6873913967015435
253200.0	1000.0	985.6780978733007	0.0	0	620.372441026353	1185.678097873577	1	0	1	1.687391396701546
254200.0	1000.0	985.6780978732984	0.0	0	503.5702616638155	1185.678097873577	1	0	1	1.6873913967015466
255200.0	1000.0	985.6780978733261	0.0	0	226.9786447697552	1185.678097873577	1	0	1	1.6873913967015466
256200.0	1000.0	985.6780978733418	0.0	0	320.84372427815106	1185.6780978735478	1	0	1	1.6873913967015497
257200.0	1000.0	985.6780978733245	0.0	0	217.45624407872674	1185.678097873577	1	0	1	1.6873913967015466
258281.5500644756	1000.0	904.1280333977381	0.0	0	0.0	1185.6780978735478	1	0	1	1.6873913967015497
259320.66520145038	1000.0	865.0128964229536	0.0	0	0.0	1185.6780978735478	1	0	1	1.6873913967015497
260320.57444293183	1000.0	865.103654941511	0.0	0	0.0	1185.6780978735187	1	0	1	1.6873913967015524
261471.92538596166	1000.0	713.7527119116867	0.0	0	0.0	1185.6780978735478	1	0	1	1.6873913967015497
262242.3817131144	1000.0	943.2963847589829	0.0	0	0.0	1185.6780978735478	1	0	1	1.6873913967015497
263200.0	1000.0	985.6780978733786	0.0	0	210.62484114279505	1185.6780978735187	1	0	1	1.687391396701551
264200.0	1000.0	985.6780978733905	0.0	0	266.4004396678647	1185.6780978735187	1	0	1	1.6873913967015524
265200.0	1000.0	985.6780978734205	0.0	0	259.56491684453795	1185.6780978734605	1	0	1	1.6873913967015584
266200.0	1000.0	985.6780978733821	0.0	0	151.7319199720514	1185.6780978734605	1	0	1	1.6873913967015584
267200.0	1000.0	985.6780978734059	0.0	0	252.6504519074224	1185.6780978734605	1	0	1	1.6873913967015584
268316.4785962808	1000.0	869.1995015925753	0.0	0	0.0	1185.6780978734605	1	0	1	1.6873913967015584
269200.0	1000.0	985.6780978733702	0.0	0	118.50721456395695	1185.6780978734605	1	0	1	1.6873913967015584
270200.0	1000.0	985.6780978733136	0.0	0	437.8150078173494	1185.6780978734605	1	0	1	1.6873913967015584
271200.0	1000.0	985.6780978733041	0.0	0	507.41794909065356	1185.6780978734023	1	0	1	1.6873913967015641
272200.0	1000.0	985.6780978733148	0.0	0	466.4840130235534	1185.6780978734023	1	0	1	1.6873913967015641
273200.0	1000.0	985.6780978733796	0.0	0	632.5771641978645	1185.6780978734023	1	0	1	1.6873913967015641
274200.0	1000.0	985.6780978734282	0.0	0	667.6421692235162	1185.6780978734023	1	0	1	1.6873913967015641
275200.0	1000.0	985.678097873443	0.0	0	464.82290929101873	1185.6780978734023	1	0	1	1.6873913967015641
276200.0	1000.0	985.6780978733502	0.0	0	528.4362123739556	1185.6780978734023	1	0	1	1.6873913967015641
277200.0	1000.0	985.67809787333	0.0	0	462.73634628247237	1185.6780978734023	1	0	1	1.6873913967015641
278200.0	1000.0	985.6780978733059	0.0	0	317.3978703841567	1185.678097873344	1	0	1	1.68739139670157
279200.0	1000.0	985.6780978732988	0.0	0	542.9306972544291	1185.678097873344	1	0	1	1.68739139670157
280200.0	1000.0	985.6780978733177	0.0	0	461.8033112032572	1185.678097873344	1	0	1	1.68739139670157
281200.0	1000.0	985.6780978733184	0.0	0	371.9066793367383	1185.6780978732859	1	0	1	1.687391396701576
282200.0	1000.0	985.678097873343	0.0	0	278.8625546427211	1185.678097873344	1	0	1	1.68739139670157
283200.0	1000.0	985.6780978733664	0.0	0	477.09100447484525	1185.678097873344	1	0	1	1.68739139670157
284200.0	1000.0	985.6780978733486	0.0	0	517.7988494862802	1185.678097873344	1	0	1	1.68739139670157
285200.0	1000.0	985.6780978734323	0.0	0	401.2824610780808	1185.678097873344	1	0	1	1.68739139670157
286200.0	1000.0	985.6780978734287	0.0	0	135.7190807419829	1185.6780978734023	1	0	1	1.6873913967015641
287225.3354895872	1000.0	960.3426082861852	0.0	0	0.0	1185.678097873344	1	0	1	1.68739139670157
288200.0	1000.0	985.6780978733636	0.0	0	57.4615159733803	1185.6780978734023	1	0	1	1.6873913967015641
289200.0	1000.0	985.6780978733641	0.0	0	454.53028399520554	1185.6780978734605	1	0	1	1.6873913967015584
290200.0	1000.0	985.6780978733964	0.0	0	171.62630853574956	1185.6780978735187	1	0	1	1.6873913967015524
291200.0	1000.0	985.6780978734237	0.0	0	176.3905888805748	1185.678097873577	1	0	1	1.6873913967015466
292200.0	1000.0	985.6780978734098	0.0	0	392.1340015977039	1185.678097873577	1	0	1	1.6873913967015466
293200.0	1000.0	985.6780978733209	0.0	0	365.4814724147436	1185.678097873577	1	0	1	1.6873913967015466
294200.0	1000.0	985.6780978733841	0.0	0	362.13761192181846	1185.6780978736351	1	0	1	1.6873913967015408
295200.0	1000.0	985.6780978733891	0.0	0	290.1139508197084	1185.6780978736933	1	0	1	1.687391396701535
296200.0	1000.0	985.6780978733841	0.0	0	318.31346620217664	1185.6780978736933	1	0	1	1.687391396701535
297200.0	1000.0	985.678097873305	0.0	0	468.34633152151946	1185.6780978736351	1	0	1	1.6873913967015408
298200.0	1000.0	985.6780978732884	0.0	0	392.3459774731309	1185.6780978736351	1	0	1	1.6873913967015408
299200.0	1000.0	985.6780978732784	0.0	0	216.64247234957293	1185.6780978736351	1	0	1	1.6873913967015408
300301.2012034979	1000.0	884.4768943754527	0.0	0	0.0	1185.6780978736351	1	0	1	1.6873913967015408
1.49	1.8	1.85	1.84	2.36	0.81	1.22	1.8	2.54	2.1	1.83	1.66	1.69	2.09	2.02	1.44	0.98	1.38	2.14	2.94	3.22	2.33	1.2	1.04	1.49	1.87	2.04	3.01	2.39	1.11	2.25	0.94	1.27	1.41	1.69	1.8	2.29	2.15	1.69	1.47	1.38	2.13	2.65	2.97	1.86	1.38	1.59	1.89	2.0	2.09	2.53	2.76	1.42	2.27	2.18	2.43	2.92	2.88	3.42	2.62	0.95	0.71	1.39	2.02	1.8	2.1	2.17	1.76	1.58	1.67	1.78	1.29	1.73	2.12	1.84	1.55	1.92	1.95	1.77	2.13	1.76	1.31	1.58	2.06	2.79	3.63	2.4	1.41	1.71	0.82	1.97	2.06	2.72	2.78	1.7	1.89	2.4	1.58	1.46	1.88	2.36	1.45	1.09	1.74	1.78	1.12	0.72	1.01	1.1	1.71	1.68	1.87	1.93	1.24	1.19	1.22	1.23	1.81	2.27	2.97	2.72	2.29	2.09	2.9	1.9	1.58	1.95	1.55	1.74	1.52	1.67	1.71	2.03	1.47	1.24	1.46	1.56	1.29	1.73	1.25	1.38	1.63	2.06	1.44	2.06	1.77	1.02	1.12	1.77	1.19	1.49	1.8	1.85	1.84	2.36	0.81	1.22	1.8	2.54	2.1	1.83	1.66	1.69	2.09	2.02	1.44	0.98	1.38	2.14	2.94	3.22	2.33	1.2	1.04	1.49	1.87	2.04	3.01	2.39	1.11	2.25	0.94	1.27	1.41	1.69	1.8	2.29	2.15	1.69	1.47	1.38	2.13	2.65	2.97	1.86	1.38	1.59	1.89	2.0	2.09	2.53	2.76	1.42	2.27	2.18	2.43	2.92	2.88	3.42	2.62	0.95	0.71	1.39	2.02	1.8	2.1	2.17	1.76	1.58	1.67	1.78	1.29	1.73	2.12	1.84	1.55	1.92	1.95	1.77	2.13	1.76	1.31	1.58	2.06	2.79	3.63	2.4	1.41	1.71	0.82	1.97	2.06	2.72	2.78	1.7	1.89	2.4	1.58	1.46	1.88	2.36	1.45	1.09	1.74	1.78	1.12	0.72	1.01	1.1	1.71	1.68	1.87	1.93	1.24	1.19	1.22	1.23	1.81	2.27	2.97	2.72	2.29	2.09	2.9	1.9	1.58	1.95	1.55	1.74	1.52	1.67	1.71	2.03	1.47	1.24	1.46	1.56	1.29	1.73	1.25	1.38	1.63	2.06	1.44	2.06	1.77	1.02	1.12	1.77	1.19
1.0	2.0	3.0	4.0	5.0	6.0	7.0	8.0	9.0	10.0	11.0	12.0	13.0	14.0	15.0	16.0	17.0	18.0	19.0	20.0	21.0	22.0	23.0	24.0	25.0	26.0	27.0	28.0	29.0	30.0	31.0	32.0	33.0	34.0	35.0	36.0	37.0	38.0	39.0	40.0	41.0	42.0	43.0	44.0	45.0	46.0	47.0	48.0	49.0	50.0	51.0	52.0	53.0	54.0	55.0	56.0	57.0	58.0	59.0	60.0	61.0	62.0	63.0	64.0	65.0	66.0	67.0	68.0	69.0	70.0	71.0	72.0	73.0	74.0	75.0	76.0	77.0	78.0	79.0	80.0	81.0	82.0	83.0	84.0	85.0	86.0	87.0	88.0	89.0	90.0	91.0	92.0	93.0	94.0	95.0	96.0	97.0	98.0	99.0	100.0	101.0	102.0	103.0	104.0	105.0	106.0	107.0	108.0	109.0	110.0	111.0	112.0	113.0	114.0	115.0	116.0	117.0	118.0	119.0	120.0	121.0	122.0	123.0	124.0	125.0	126.0	127.0	128.0	129.0	130.0	131.0	132.0	133.0	134.0	135.0	136.0	137.0	138.0	139.0	140.0	141.0	142.0	143.0	144.0	145.0	146.0	147.0	148.0	149.0	149.0	150.0	151.0	152.0	153.0	154.0	155.0	156.0	157.0	158.0	159.0	160.0	161.0	162.0	163.0	164.0	165.0	166.0	167.0	168.0	169.0	170.0	171.0	172.0	173.0	174.0	175.0	176.0	177.0	178.0	179.0	180.0	181.0	182.0	183.0	184.0	185.0	186.0	187.0	188.0	189.0	190.0	191.0	192.0	193.0	194.0	195.0	196.0	197.0	198.0	199.0	200.0	201.0	202.0	203.0	204.0	205.0	206.0	207.0	208.0	209.0	210.0	211.0	212.0	213.0	214.0	215.0	216.0	217.0	218.0	219.0	220.0	221.0	222.0	223.0	224.0	225.0	226.0	227.0	228.0	229.0	230.0	231.0	232.0	233.0	234.0	235.0	236.0	237.0	238.0	239.0	240.0	241.0	242.0	243.0	244.0	245.0	246.0	247.0	248.0	249.0	250.0	251.0	252.0	253.0	254.0	255.0	256.0	257.0	258.0	259.0	260.0	261.0	262.0	263.0	264.0	265.0	266.0	267.0	268.0	269.0	270.0	271.0	272.0	273.0	274.0	275.0	276.0	277.0	278.0	279.0	280.0	281.0	282.0	283.0	284.0	285.0	286.0	287.0	288.0	289.0	290.0	291.0	292.0	293.0	294.0	295.0	296.0	297.0	298.0	298.0
3448.7970493087278
