4014.8254082296394	300.0	2000.0	129.3570969989484	0	0.0	4014.8254082296394	1	0	1	-1.1750276893104599
5116.817651621778	2000.0	1787.8085322686475	0.0	0	0.0	3904.626183890425	1	0	2	0.1553659922728613
6295.91953820684	2000.0	1490.796457025079	0.0	0	0.0	3786.715995231919	1	0	2	2.2634531893330956
7400.280721372907	2000.0	1275.999155542406	0.0	0	0.0	3676.279876915312	1	0	2	2.2753172142240956
8308.814581389548	2000.0	1276.6119095241004	0.0	0	0.0	3585.4264909136473	1	0	2	2.284933233377827
9151.959836152624	2000.0	1349.152129284715	0.0	0	0.0	3501.111965437338	1	0	2	2.2928593969650817
10353.719784407356	2000.0	1027.216186204509	0.0	0	0.0	3380.935970611863	1	0	2	2.304789160030113
11357.225595306756	2000.0	923.3597942151719	0.0	0	0.0	3280.585389521926	1	0	2	2.3150965998831445
12693.868897755612	2000.0	453.05216152142896	0.0	0	0.0	3146.921059277038	1	0	2	2.327032465178428
13641.221747569452	2000.0	499.73478876364993	80.70069276131403	0	0.0	3140.9565363330985	1	0	2	1.8450767847716087
15229.810945066967	2000.0	200.0	407.0121168032882	0	0.0	3429.8109450669635	1	0	2	-0.1403185387597427
16095.592661321392	2000.0	579.3277818776735	301.53424523412843	0	0.0	3674.9204431990656	1	0	2	0.4670468627269129
17169.693733669374	2000.0	443.35374772794205	41.397404939136834	0	0.0	3613.047481397316	1	0	2	2.0334580852370383
17955.03007757064	2000.0	579.4837694365499	0.0	0	0.0	3534.513847007189	1	0	2	2.2901629722244476
18833.78207679706	2000.0	612.8565702874862	0.0	0	0.0	3446.6386470845446	1	0	2	2.298554728234935
19605.521105887852	2000.0	763.9436382876161	0.0	0	0.0	3369.464744175468	1	0	2	2.306704114637106
20545.419222113313	2000.0	730.0557104396064	0.0	0	0.0	3275.474932552919	1	0	2	2.3155262385664113
21757.93346944275	2000.0	396.2900383772286	0.0	0	0.0	3154.2235078199737	1	0	2	2.3270085131739195
22646.10598389641	2000.0	524.0662910448143	95.24183506055914	0	0.0	3170.172274941222	1	0	2	1.7550476540700828
23475.64412356533	2000.0	611.5743374090076	0.0	0	0.0	3087.218460974331	1	0	2	2.3348560814342565
24827.34009771125	2000.0	263.1160552828763	125.82480857671354	0	0.0	3090.4561529941275	1	0	2	1.5817848125169285
25982.510421485735	2000.0	294.809231506695	274.8913930688615	0	0.0	3277.319652992428	1	0	2	0.6653625562375047
27020.438367896517	2000.0	387.83434154044824	213.40531916873914	0	0.0	3408.2727094369657	1	0	2	1.0215669113073007
28511.45440716723	2000.0	200.0	411.16663787030586	0	0.0	3711.4544071672317	1	0	2	-0.18732049396760347
29746.38831267401	1000.0	312.111953436349	427.76295408527903	0	0.0	4058.500266110357	1	0	2	-2.0626608528513577
30363.04735977757	1000.0	655.8306062461747	20.039640567038873	0	0.0	4018.877966023745	1	0	2	1.0822711887510734
31056.608512185456	1000.0	892.913338597504	0.0	0	0.0	3949.521850782963	1	0	2	1.2092375537422915
31583.260593621108	1000.0	1313.5960490182897	0.0	0	0.0	3896.856642639399	1	0	2	1.215011519601616
32383.12536174386	1000.0	1433.744804083264	0.0	0	0.0	3816.8701658271275	1	0	2	1.2221687478263363
32805.084908775454	1000.0	1969.5893023485096	0.0	0	0.0	3774.6742111239655	1	0	2	1.227699891796949
33162.69272883709	1000.0	2576.220700280711	0.0	0	0.0	3738.913429117809	1	0	2	1.2312343615085397
33544.22530759994	1000.0	3156.5348636415783	0.0	0	0.0	3700.760171241516	1	0	2	1.2349176046703778
34200.0	1000.0	3435.182702001516	0.0	0	216.6828947692702	3635.1827020015153	1	0	2	1.2398606748276777
35200.0	1000.0	3335.182702001518	0.0	0	661.2246461763862	3535.182702001519	1	0	2	1.2484409362887523
36200.0	1000.0	3235.1827020015126	0.0	0	615.0601274877336	3435.1827020015153	1	0	2	1.2584409362887523
37200.0	1000.0	3135.1827020015094	0.0	0	557.04885156214	3335.182702001519	1	0	2	1.268449879350038
38200.0	1000.0	3035.182702001513	0.0	0	400.2614602157846	3235.182702001519	1	0	2	1.2785705583137321
39200.0	1000.0	2935.1827020015203	0.0	0	76.7854404568061	3135.182702001526	1	0	2	1.2898035527537486
40200.0	1000.0	2835.182702001521	0.0	0	310.1873526506097	3035.182702001526	1	0	2	1.298793603914585
41200.0	1000.0	2735.1827020015207	0.0	0	305.1601948063617	2935.182702001526	1	0	2	1.3089632935745845
42200.0	1000.0	2635.1827020015207	0.0	0	479.6175046969365	2835.182702001526	1	0	2	1.3185522770139877
43200.0	1000.0	2535.182702001519	0.0	0	343.26225227308896	2735.182702001519	1	0	2	1.328658283673677
44200.0	1000.0	2435.1827020015203	0.0	0	51.298598296009004	2635.182702001519	1	0	2	1.3395757726756747
45200.0	1000.0	2335.182702001526	0.0	0	212.33455271318962	2535.1827020015116	1	0	2	1.3488512652333302
46200.0	1000.0	2235.1827020015216	0.0	0	132.74323455314152	2435.1827020015044	1	0	2	1.3596910131425743
47200.0	1000.0	2135.1827020015253	0.0	0	197.27229200855072	2335.1827020015044	1	0	2	1.3690272680577256
48200.0	1000.0	2035.1827020015232	0.0	0	152.83070931174007	2235.1827020015044	1	0	2	1.378964571204749
49200.0	500.0	1935.1827020015176	0.0	0	460.05049478782894	2135.18270200149	1	0	2	-0.344300533230014
50200.0	500.0	1835.1827020015253	0.0	0	567.0264842391407	2035.1827020014898	1	0	2	0.3587942971589165
51200.0	1000.0	1735.1827020015269	0.0	0	202.12491693019547	1935.1827020014825	1	0	2	0.7158449285021699
52200.0	1000.0	1635.182702001527	0.0	0	245.11223115317262	1835.1827020014825	1	0	2	1.4192336830721755
53200.0	1000.0	1535.1827020015317	0.0	0	572.9754884290305	1735.1827020014898	1	0	2	1.4285154825951438
54200.0	1000.0	1435.182702001537	0.0	0	578.289836912023	1635.1827020014898	1	0	2	1.438473071520101
55200.0	1000.0	1335.1827020015398	0.0	0	487.8065682915767	1535.1827020014898	1	0	2	1.448564613560733
56200.0	1000.0	1235.1827020015476	0.0	0	453.3630107824283	1435.182702001497	1	0	2	1.458544492953438
57200.0	1000.0	1135.1827020015526	0.0	0	410.7392457728711	1335.1827020015116	1	0	2	1.4686587515326819
58200.0	1000.0	1035.1827020015487	0.0	0	633.0085759499416	1235.1827020015116	1	0	2	1.4784409362887527
59200.0	1000.0	935.1827020015476	0.0	0	566.6925506680782	1135.182702001519	1	0	2	1.4884879569181924
60635.97409193551	2000.0	499.20861006603667	0.0	0	0.0	1135.182702001519	1	0	1	1.8390145265687248
61913.80312888853	2000.0	320.29927417091153	98.91970105789869	0	0.0	1234.1024030594126	1	0	1	2.1287515306754887
62327.47678667112	1000.0	865.2582506100684	0.0	0	0.0	1192.7350372811634	1	0	2	0.592540227805652
63301.06984218424	2000.0	891.6651950969549	0.0	0	0.0	1192.7350372811707	1	0	1	1.8332592930407596
64200.0	1000.0	992.7350372811977	0.0	0	209.02784685213555	1192.735037281178	1	0	1	0.9935385222008413
65200.0	1000.0	992.7350372811966	0.0	0	507.8348022141363	1192.735037281178	1	0	1	1.6866857027607864
66200.0	1000.0	992.7350372811861	0.0	0	461.35780248565425	1192.7350372811707	1	0	1	1.6866857027607864
67200.0	1000.0	992.7350372811729	0.0	0	607.0683827381872	1192.7350372811634	1	0	1	1.686685702760788
68200.0	1000.0	992.7350372811693	0.0	0	505.34876509693277	1192.7350372811634	1	0	1	1.686685702760788
69200.0	1000.0	992.7350372811627	0.0	0	573.9207966408867	1192.7350372811634	1	0	1	1.686685702760788
70200.0	1000.0	992.7350372811711	0.0	0	553.5562055479677	1192.735037281178	1	0	1	1.6866857027607864
71200.0	1000.0	992.7350372811743	0.0	0	639.8185373696324	1192.735037281178	1	0	1	1.6866857027607864
72200.0	1000.0	992.7350372811588	0.0	0	379.5145338404982	1192.7350372811634	1	0	1	1.686685702760788
73200.0	1000.0	992.7350372811729	0.0	0	322.3501525716856	1192.7350372811634	1	0	1	1.686685702760788
74200.0	1000.0	992.7350372811525	0.0	0	178.44553495504078	1192.7350372811634	1	0	1	1.686685702760788
75200.0	1000.0	992.7350372811582	0.0	0	556.872756126395	1192.7350372811634	1	0	1	1.686685702760788
76200.0	1000.0	992.7350372811743	0.0	0	682.4331018569501	1192.7350372811634	1	0	1	1.686685702760788
77200.0	1000.0	992.7350372811588	0.0	0	499.88890403824917	1192.7350372811634	1	0	1	1.686685702760788
78200.0	1000.0	992.7350372811443	0.0	0	489.24142174515873	1192.7350372811634	1	0	1	1.686685702760788
79200.0	1000.0	992.7350372811495	0.0	0	228.63547736736655	1192.7350372811488	1	0	1	1.6866857027607896
80200.0	1000.0	992.7350372811306	0.0	0	494.2254680870101	1192.7350372811488	1	0	1	1.6866857027607896
81200.0	1000.0	992.7350372811411	0.0	0	332.9022396608343	1192.7350372811488	1	0	1	1.6866857027607896
82200.0	1000.0	992.7350372811384	0.0	0	585.0874278697593	1192.7350372811634	1	0	1	1.686685702760788
83200.0	1000.0	992.7350372811418	0.0	0	691.8450666499557	1192.7350372811488	1	0	1	1.6866857027607896
84200.0	1000.0	992.7350372811368	0.0	0	681.2562633630296	1192.7350372811634	1	0	1	1.686685702760788
85200.0	1000.0	992.7350372811425	0.0	0	506.24440270008927	1192.7350372811634	1	0	1	1.686685702760788
86200.0	1000.0	992.7350372811579	0.0	0	267.76486087872763	1192.7350372811634	1	0	1	1.686685702760788
87200.0	1000.0	992.7350372811472	0.0	0	164.8076678091602	1192.7350372811634	1	0	1	1.686685702760788
88200.0	1000.0	992.7350372811532	0.0	0	453.92520905197307	1192.7350372811634	1	0	1	1.686685702760788
89200.0	1000.0	992.735037281167	0.0	0	580.3482542405836	1192.7350372811634	1	0	1	1.686685702760788
90200.0	1000.0	992.7350372811868	0.0	0	645.5027448726323	1192.7350372811634	1	0	1	1.686685702760788
91200.0	1000.0	992.7350372811866	0.0	0	568.1048285439902	1192.7350372811634	1	0	1	1.686685702760788
92200.0	1000.0	992.7350372811843	0.0	0	660.2777676580736	1192.7350372811634	1	0	1	1.686685702760788
93200.0	1000.0	992.7350372811777	0.0	0	395.7005314662674	1192.7350372811634	1	0	1	1.686685702760788
94200.0	1000.0	992.7350372811766	0.0	0	365.11861807985406	1192.7350372811634	1	0	1	1.686685702760788
95200.0	1000.0	992.7350372811841	0.0	0	452.2203449750523	1192.7350372811634	1	0	1	1.686685702760788
96200.0	1000.0	992.7350372811891	0.0	0	390.65497320413124	1192.735037281178	1	0	1	1.6866857027607864
97200.0	1000.0	992.7350372811818	0.0	0	465.9859255174233	1192.735037281178	1	0	1	1.6866857027607864
98200.0	1000.0	992.7350372811702	0.0	0	581.8707378045219	1192.7350372811634	1	0	1	1.686685702760788
99200.0	1000.0	992.7350372811684	0.0	0	348.9495208799781	1192.735037281178	1	0	1	1.6866857027607864
100200.0	1000.0	992.7350372811761	0.0	0	74.8120532407629	1192.7350372811634	1	0	1	1.686685702760788
101200.0	1000.0	992.7350372811807	0.0	0	124.11565579799935	1192.7350372811634	1	0	1	1.686685702760788
102200.0	1000.0	992.7350372812032	0.0	0	490.0647156334453	1192.7350372811634	1	0	1	1.686685702760788
103200.0	1000.0	992.7350372812004	0.0	0	368.744551103664	1192.7350372811634	1	0	1	1.686685702760788
104200.0	1000.0	992.7350372812007	0.0	0	602.5404858830298	1192.7350372811634	1	0	1	1.686685702760788
105200.0	1000.0	992.735037281203	0.0	0	296.61496086137777	1192.7350372811634	1	0	1	1.686685702760788
106200.0	1000.0	992.7350372812089	0.0	0	109.20316010442912	1192.7350372811634	1	0	1	1.686685702760788
107200.0	1000.0	992.7350372811957	0.0	0	343.20963189991016	1192.7350372811488	1	0	1	1.6866857027607896
108200.0	1000.0	992.7350372811864	0.0	0	452.80692016214016	1192.7350372811488	1	0	1	1.6866857027607896
109200.0	1000.0	992.7350372811816	0.0	0	225.21237867922173	1192.7350372811343	1	0	1	1.6866857027607909
110200.0	1000.0	992.7350372811854	0.0	0	524.5210460275557	1192.7350372811343	1	0	1	1.6866857027607909
111200.0	1000.0	992.7350372811893	0.0	0	638.117344534854	1192.7350372811197	1	0	1	1.6866857027607924
112200.0	1000.0	992.7350372811873	0.0	0	597.146611491451	1192.7350372811197	1	0	1	1.6866857027607924
113200.0	1000.0	992.7350372811916	0.0	0	525.0151269490307	1192.7350372811197	1	0	1	1.6866857027607924
114200.0	1000.0	992.7350372811889	0.0	0	552.4628452641919	1192.7350372811197	1	0	1	1.6866857027607924
115200.0	1000.0	992.7350372811984	0.0	0	617.048580820905	1192.7350372811343	1	0	1	1.6866857027607909
116200.0	1000.0	992.7350372812034	0.0	0	504.61581671134627	1192.7350372811343	1	0	1	1.6866857027607909
117200.0	1000.0	992.7350372811993	0.0	0	592.1490628731844	1192.7350372811343	1	0	1	1.6866857027607909
118200.0	1000.0	992.7350372811889	0.0	0	542.3561917436891	1192.7350372811197	1	0	1	1.6866857027607924
119200.0	1000.0	992.7350372811775	0.0	0	582.3444834664697	1192.7350372811197	1	0	1	1.6866857027607924
120200.0	1000.0	992.7350372811807	0.0	0	405.37918309599627	1192.7350372811197	1	0	1	1.6866857027607924
121200.0	1000.0	992.7350372811577	0.0	0	546.6571434809302	1192.7350372811052	1	0	1	1.6866857027607938
122200.0	1000.0	992.7350372811688	0.0	0	432.0567863964825	1192.7350372811197	1	0	1	1.6866857027607924
123200.0	1000.0	992.7350372811679	0.0	0	317.55220413795905	1192.7350372811197	1	0	1	1.6866857027607924
124200.0	1000.0	992.7350372811738	0.0	0	453.7471218777937	1192.7350372811197	1	0	1	1.6866857027607924
125200.0	1000.0	992.7350372811884	0.0	0	562.6724056737585	1192.7350372811197	1	0	1	1.6866857027607924
126200.0	1000.0	992.735037281198	0.0	0	536.4597615067469	1192.7350372811197	1	0	1	1.6866857027607924
127200.0	1000.0	992.7350372812009	0.0	0	408.6113116267952	1192.7350372811197	1	0	1	1.6866857027607924
128200.0	1000.0	992.735037281203	0.0	0	504.30913145617524	1192.7350372811197	1	0	1	1.6866857027607924
129200.0	1000.0	992.735037281192	0.0	0	213.13917801434582	1192.7350372811197	1	0	1	1.6866857027607924
130200.0	1000.0	992.7350372811914	0.0	0	422.53090034466004	1192.7350372811052	1	0	1	1.6866857027607938
131200.0	1000.0	992.7350372811836	0.0	0	181.7259605138679	1192.7350372811052	1	0	1	1.6866857027607927
132200.0	1000.0	992.7350372811704	0.0	0	477.32945714026573	1192.7350372811052	1	0	1	1.6866857027607944
133200.0	1000.0	992.7350372811457	0.0	0	519.8844370103325	1192.7350372810906	1	0	1	1.6866857027607953
134200.0	1000.0	992.7350372811422	0.0	0	329.1163071041228	1192.7350372810906	1	0	1	1.6866857027607953
135200.0	1000.0	992.7350372811602	0.0	0	281.62743265606696	1192.7350372810615	1	0	1	1.686685702760797
136200.0	1000.0	992.7350372811838	0.0	0	314.5394745503727	1192.7350372810615	1	0	1	1.6866857027607982
137200.0	1000.0	992.7350372812066	0.0	0	492.7540877152351	1192.7350372810615	1	0	1	1.6866857027607982
138200.0	1000.0	992.7350372812182	0.0	0	548.7570490555081	1192.7350372810615	1	0	1	1.6866857027607982
139200.0	1000.0	992.7350372812573	0.0	0	398.6014115435246	1192.7350372810906	1	0	1	1.6866857027607953
140200.0	1000.0	992.7350372812364	0.0	0	505.5509178014763	1192.7350372810906	1	0	1	1.6866857027607953
141200.0	1000.0	992.7350372812064	0.0	0	406.1249605191697	1192.7350372811197	1	0	1	1.6866857027607924
142200.0	1000.0	992.7350372811914	0.0	0	348.1515478466463	1192.7350372810906	1	0	1	1.6866857027607953
143200.0	1000.0	992.7350372812018	0.0	0	526.1706378898525	1192.7350372810906	1	0	1	1.6866857027607953
144200.0	1000.0	992.7350372811884	0.0	0	239.77262214620714	1192.7350372810906	1	0	1	1.6866857027607953
145200.0	1000.0	992.735037281233	0.0	0	43.32932889452786	1192.7350372811197	1	0	1	1.6866857027607924
146200.0	1000.0	992.7350372812236	0.0	0	254.97410474039498	1192.7350372811197	1	0	1	1.6866857027607924
147200.0	1000.0	992.735037281272	0.0	0	17.520315658155596	1192.7350372811488	1	0	1	1.6866857027607896
148200.0	1000.0	992.7350372812728	0.0	0	185.32833710638806	1192.7350372811488	1	0	1	1.6866857027607896
149200.0	1000.0	992.7350372813103	0.0	0	287.4287503269152	1192.7350372811488	1	0	1	1.6866857027607896
150200.0	1000.0	992.7350372813191	0.0	0	210.92363018353353	1192.7350372811488	1	0	1	1.6866857027607896
151200.0	1000.0	992.735037281351	0.0	0	175.44864789236453	1192.7350372811488	1	0	1	1.6866857027607896
152200.0	1000.0	992.7350372813098	0.0	0	350.4809814635955	1192.7350372811488	1	0	1	1.6866857027607896
153200.0	1000.0	992.7350372812957	0.0	0	296.62789333818364	1192.7350372811488	1	0	1	1.6866857027607896
154200.0	1000.0	992.7350372812466	0.0	0	625.6030171420716	1192.7350372811488	1	0	1	1.6866857027607896
155200.0	1000.0	992.7350372812655	0.0	0	545.9692537357623	1192.7350372811488	1	0	1	1.6866857027607896
156200.0	1000.0	992.7350372812821	0.0	0	443.83851373085054	1192.7350372811488	1	0	1	1.6866857027607896
157200.0	1000.0	992.7350372812862	0.0	0	637.7121925405227	1192.7350372811488	1	0	1	1.6866857027607896
158200.0	1000.0	992.7350372812978	0.0	0	433.08492483745795	1192.7350372811488	1	0	1	1.6866857027607896
159200.0	1000.0	992.735037281303	0.0	0	289.1578454848204	1192.7350372811488	1	0	1	1.6866857027607896
160200.0	1000.0	992.7350372813462	0.0	0	427.5278237700986	1192.7350372811488	1	0	1	1.6866857027607896
161200.0	1000.0	992.7350372813348	0.0	0	474.2421794157708	1192.7350372811488	1	0	1	1.6866857027607896
162200.0	1000.0	992.7350372813339	0.0	0	541.4953934549412	1192.7350372811488	1	0	1	1.6866857027607896
163200.0	1000.0	992.7350372813439	0.0	0	332.4562440282316	1192.7350372811488	1	0	1	1.6866857027607896
164200.0	1000.0	992.7350372813469	0.0	0	333.3681741016335	1192.7350372811488	1	0	1	1.6866857027607896
165200.0	1000.0	992.7350372813394	0.0	0	427.0582082628389	1192.7350372811488	1	0	1	1.6866857027607896
166200.0	1000.0	992.7350372813617	0.0	0	612.62114581489	1192.7350372811488	1	0	1	1.6866857027607896
167200.0	1000.0	992.7350372813767	0.0	0	579.2886573553551	1192.7350372811488	1	0	1	1.6866857027607896
168200.0	1000.0	992.7350372813269	0.0	0	514.4888567746966	1192.7350372811488	1	0	1	1.6866857027607896
169200.0	1000.0	992.7350372813266	0.0	0	495.0341452546709	1192.7350372811197	1	0	1	1.6866857027607924
170200.0	1000.0	992.7350372812994	0.0	0	445.0261669163301	1192.7350372811197	1	0	1	1.6866857027607924
171200.0	1000.0	992.7350372813034	0.0	0	332.15551970654633	1192.7350372810906	1	0	1	1.6866857027607953
172200.0	1000.0	992.7350372812866	0.0	0	412.6610742933408	1192.7350372810615	1	0	1	1.6866857027607982
173200.0	1000.0	992.7350372812773	0.0	0	381.11338724565576	1192.7350372810906	1	0	1	1.6866857027607953
174200.0	1000.0	992.7350372812616	0.0	0	354.36597390274983	1192.7350372810906	1	0	1	1.6866857027607953
175200.0	1000.0	992.7350372812334	0.0	0	419.2455337907304	1192.7350372810906	1	0	1	1.6866857027607953
176200.0	1000.0	992.7350372812452	0.0	0	510.2798459029582	1192.7350372811197	1	0	1	1.6866857027607924
177200.0	1000.0	992.7350372812889	0.0	0	263.95195961525314	1192.7350372811488	1	0	1	1.6866857027607907
178200.0	1000.0	992.7350372812853	0.0	0	380.16693697473966	1192.7350372811488	1	0	1	1.6866857027607896
179200.0	1000.0	992.7350372812643	0.0	0	79.27118640035042	1192.7350372811488	1	0	1	1.6866857027607896
180200.0	1000.0	992.7350372812368	0.0	0	83.6199457689363	1192.7350372811197	1	0	1	1.686685702760792
181200.0	1000.0	992.7350372811993	0.0	0	177.22342017220217	1192.7350372810906	1	0	1	1.6866857027607953
182200.0	1000.0	992.7350372812143	0.0	0	304.60356764966855	1192.7350372810906	1	0	1	1.6866857027607953
183200.0	1000.0	992.73503728123	0.0	0	496.58597327544703	1192.7350372810906	1	0	1	1.6866857027607953
184200.0	1000.0	992.7350372812234	0.0	0	541.7191116323811	1192.7350372810906	1	0	1	1.6866857027607953
185200.0	1000.0	992.7350372812457	0.0	0	716.9226606087177	1192.7350372810615	1	0	1	1.6866857027607982
186200.0	1000.0	992.7350372812698	0.0	0	560.6810112323437	1192.7350372810615	1	0	1	1.6866857027607982
187200.0	1000.0	992.7350372812589	0.0	0	282.5927002932294	1192.7350372810615	1	0	1	1.6866857027607982
188200.0	1000.0	992.7350372812589	0.0	0	211.6158037893474	1192.7350372810615	1	0	1	1.6866857027607982
189200.0	1000.0	992.7350372812853	0.0	0	189.7835286227637	1192.7350372810615	1	0	1	1.6866857027607982
190200.0	1000.0	992.7350372812975	0.0	0	390.76117620879086	1192.7350372810324	1	0	1	1.6866857027608013
191200.0	1000.0	992.7350372812521	0.0	0	542.0908909531427	1192.7350372810033	1	0	1	1.686685702760804
192200.0	1000.0	992.7350372812587	0.0	0	300.9553255669598	1192.7350372810033	1	0	1	1.686685702760804
193200.0	1000.0	992.7350372812361	0.0	0	143.6082751683134	1192.7350372810033	1	0	1	1.686685702760804
194207.1437997659	1000.0	985.5912375153365	0.0	0	0.0	1192.7350372810033	1	0	1	1.686685702760804
195200.0	1000.0	992.7350372812346	0.0	0	244.72696056493442	1192.7350372810033	1	0	1	1.686685702760804
196200.0	1000.0	992.7350372812607	0.0	0	189.91728843867895	1192.7350372810033	1	0	1	1.686685702760804
197200.0	1000.0	992.7350372813075	0.0	0	278.84835679241223	1192.7350372810324	1	0	1	1.6866857027608013
198200.0	1000.0	992.7350372813489	0.0	0	334.1383998367819	1192.7350372810615	1	0	1	1.6866857027607995
199200.0	1000.0	992.7350372813644	0.0	0	168.14792392132222	1192.7350372810615	1	0	1	1.6866857027607982
200200.0	1000.0	992.7350372813394	0.0	0	378.08612442179583	1192.7350372810324	1	0	1	1.6866857027608013
201200.0	1000.0	992.7350372813189	0.0	0	315.7401587605418	1192.7350372810324	1	0	1	1.6866857027608013
202200.0	1000.0	992.7350372813116	0.0	0	629.9804428630159	1192.7350372810324	1	0	1	1.6866857027608013
203200.0	1000.0	992.7350372813116	0.0	0	499.26886108337203	1192.7350372810324	1	0	1	1.6866857027608013
204200.0	1000.0	992.7350372813132	0.0	0	628.6908248414693	1192.7350372810324	1	0	1	1.6866857027608013
205200.0	1000.0	992.7350372813094	0.0	0	428.03981031567673	1192.7350372810324	1	0	1	1.6866857027608013
206200.0	1000.0	992.7350372813244	0.0	0	494.41376708014286	1192.7350372810324	1	0	1	1.6866857027608013
207200.0	1000.0	992.7350372813339	0.0	0	609.0891602940392	1192.7350372810324	1	0	1	1.6866857027608013
208200.0	1000.0	992.7350372813455	0.0	0	399.29853009353974	1192.7350372810324	1	0	1	1.6866857027608013
209200.0	1000.0	992.7350372813553	0.0	0	459.43753196051694	1192.7350372810324	1	0	1	1.6866857027608013
210200.0	1000.0	992.735037281358	0.0	0	443.84084478818113	1192.7350372810324	1	0	1	1.6866857027608013
211200.0	1000.0	992.7350372813585	0.0	0	513.3058797428384	1192.7350372810324	1	0	1	1.6866857027608013
212200.0	1000.0	992.7350372813769	0.0	0	477.1762610668957	1192.7350372810033	1	0	1	1.686685702760804
213200.0	1000.0	992.7350372813291	0.0	0	351.1958061379264	1192.7350372809742	1	0	1	1.6866857027608066
214200.0	1000.0	992.7350372813382	0.0	0	547.9198139041837	1192.7350372809742	1	0	1	1.6866857027608066
215200.0	1000.0	992.7350372813369	0.0	0	517.3533458285092	1192.7350372809742	1	0	1	1.6866857027608066
216200.0	1000.0	992.7350372813121	0.0	0	622.0347856005828	1192.7350372809742	1	0	1	1.6866857027608066
217200.0	1000.0	992.735037281278	0.0	0	325.082918114058	1192.7350372809742	1	0	1	1.6866857027608066
218200.0	1000.0	992.7350372813048	0.0	0	429.50086241881945	1192.7350372809742	1	0	1	1.6866857027608066
219200.0	1000.0	992.7350372812946	0.0	0	652.5583655193623	1192.7350372810033	1	0	1	1.686685702760804
220200.0	1000.0	992.7350372813107	0.0	0	525.1287471346732	1192.7350372810033	1	0	1	1.686685702760804
221200.0	1000.0	992.7350372812787	0.0	0	522.0563996514538	1192.7350372810033	1	0	1	1.6866857027608018
222200.0	1000.0	992.7350372812627	0.0	0	448.23268364940304	1192.7350372810033	1	0	1	1.686685702760804
223200.0	1000.0	992.7350372812925	0.0	0	271.31143760864506	1192.7350372810033	1	0	1	1.686685702760804
224200.0	1000.0	992.7350372813207	0.0	0	409.5341684781306	1192.7350372810033	1	0	1	1.686685702760804
225200.0	1000.0	992.7350372813178	0.0	0	624.4886524588219	1192.7350372810033	1	0	1	1.686685702760804
226200.0	1000.0	992.7350372812928	0.0	0	666.8731462317228	1192.7350372809742	1	0	1	1.6866857027608066
227200.0	1000.0	992.7350372812898	0.0	0	203.4283288125298	1192.735037280945	1	0	1	1.686685702760809
228200.0	1000.0	992.7350372812939	0.0	0	345.87378441615147	1192.735037280945	1	0	1	1.6866857027608098
229200.0	1000.0	992.7350372813266	0.0	0	204.29418376437388	1192.735037280945	1	0	1	1.6866857027608098
230200.0	1000.0	992.7350372813285	0.0	0	298.6737128213572	1192.7350372809742	1	0	1	1.6866857027608066
231200.0	1000.0	992.7350372813598	0.0	0	636.9528241326625	1192.7350372810033	1	0	1	1.686685702760804
232200.0	1000.0	992.7350372813744	0.0	0	488.2780738642323	1192.7350372810324	1	0	1	1.6866857027608013
233200.0	1000.0	992.7350372813723	0.0	0	559.7511184924515	1192.7350372810324	1	0	1	1.6866857027608013
234200.0	1000.0	992.7350372813867	0.0	0	561.419575033884	1192.7350372810324	1	0	1	1.6866857027608013
235200.0	1000.0	992.7350372814255	0.0	0	264.69998338786536	1192.7350372810615	1	0	1	1.6866857027607982
236200.0	1000.0	992.7350372814099	0.0	0	395.06951047858456	1192.7350372810615	1	0	1	1.6866857027607982
237200.0	1000.0	992.7350372814258	0.0	0	437.8432498329785	1192.7350372810615	1	0	1	1.6866857027607982
238200.0	1000.0	992.7350372813976	0.0	0	587.7034160857438	1192.7350372810324	1	0	1	1.6866857027608013
239200.0	1000.0	992.735037281403	0.0	0	455.7275468498119	1192.7350372810324	1	0	1	1.6866857027608013
240200.0	1000.0	992.7350372814017	0.0	0	485.3990687196783	1192.7350372810324	1	0	1	1.6866857027608013
241200.0	1000.0	992.7350372813885	0.0	0	442.6572397601267	1192.7350372810324	1	0	1	1.6866857027608013
242200.0	1000.0	992.7350372814301	0.0	0	321.09712358316756	1192.7350372810324	1	0	1	1.6866857027608013
243200.0	1000.0	992.735037281446	0.0	0	261.40854782788665	1192.7350372810324	1	0	1	1.6866857027608013
244200.0	1000.0	992.7350372814662	0.0	0	96.24933612404857	1192.7350372810324	1	0	1	1.6866857027608013
245200.0	1000.0	992.7350372814631	0.0	0	478.92926769077894	1192.7350372810324	1	0	1	1.6866857027608013
246200.0	1000.0	992.7350372814719	0.0	0	432.1021083651285	1192.7350372810324	1	0	1	1.6866857027608013
247200.0	1000.0	992.7350372814749	0.0	0	565.2225395917485	1192.7350372810324	1	0	1	1.6866857027608013
248200.0	1000.0	992.7350372814706	0.0	0	548.1589607145288	1192.7350372810324	1	0	1	1.6866857027608013
249200.0	1000.0	992.7350372814776	0.0	0	104.75858460570453	1192.7350372810615	1	0	1	1.6866857027607982
250200.0	1000.0	992.7350372814944	0.0	0	325.3633424536092	1192.7350372811197	1	0	1	1.6866857027607933
251200.0	1000.0	992.7350372814838	0.0	0	526.7676416364848	1192.7350372811197	1	0	1	1.6866857027607924
252200.0	1000.0	992.7350372814685	0.0	0	498.1051095581497	1192.7350372811197	1	0	1	1.6866857027607924
253200.0	1000.0	992.7350372814672	0.0	0	477.9023956375313	1192.7350372811197	1	0	1	1.6866857027607924
254200.0	1000.0	992.7350372814813	0.0	0	491.369926375628	1192.7350372811197	1	0	1	1.6866857027607924
255200.0	1000.0	992.7350372814763	0.0	0	310.6850474142411	1192.7350372811197	1	0	1	1.6866857027607924
256200.0	1000.0	992.7350372814776	0.0	0	464.31267129883054	1192.7350372810906	1	0	1	1.6866857027607953
257200.0	1000.0	992.7350372814672	0.0	0	407.1516915257089	1192.7350372810906	1	0	1	1.6866857027607953
258200.0	1000.0	992.7350372814565	0.0	0	537.7279056910484	1192.7350372810906	1	0	1	1.6866857027607953
259200.0	1000.0	992.7350372814367	0.0	0	514.4017887638474	1192.7350372810906	1	0	1	1.6866857027607953
260200.0	1000.0	992.7350372814351	0.0	0	658.6435053243185	1192.7350372811197	1	0	1	1.6866857027607924
261200.0	1000.0	992.735037281411	0.0	0	548.8427264966012	1192.7350372811197	1	0	1	1.6866857027607924
262200.0	1000.0	992.735037281413	0.0	0	426.2826835538435	1192.7350372811197	1	0	1	1.6866857027607924
263200.0	1000.0	992.7350372814117	0.0	0	487.3593477582908	1192.7350372811197	1	0	1	1.6866857027607907
264200.0	1000.0	992.735037281399	0.0	0	639.262074548984	1192.7350372810615	1	0	1	1.6866857027607982
265200.0	1000.0	992.7350372813821	0.0	0	607.6853181745973	1192.7350372810615	1	0	1	1.6866857027607982
266200.0	1000.0	992.7350372813785	0.0	0	682.5885344408453	1192.7350372810615	1	0	1	1.6866857027607982
267200.0	1000.0	992.735037281328	0.0	0	628.8790249147569	1192.7350372810615	1	0	1	1.6866857027607982
268200.0	1000.0	992.7350372813364	0.0	0	555.1391781040584	1192.7350372810615	1	0	1	1.6866857027607982
269200.0	1000.0	992.7350372813617	0.0	0	511.42564131168183	1192.7350372810615	1	0	1	1.6866857027607982
270200.0	1000.0	992.7350372813823	0.0	0	318.4425981186796	1192.7350372810615	1	0	1	1.6866857027607982
271200.0	1000.0	992.7350372813103	0.0	0	410.8473872091854	1192.7350372810615	1	0	1	1.6866857027607982
272200.0	1000.0	992.7350372812843	0.0	0	419.20916004292667	1192.7350372810615	1	0	1	1.6866857027607982
273200.0	1000.0	992.7350372813676	0.0	0	247.98158235364826	1192.7350372810615	1	0	1	1.6866857027607982
274200.0	1000.0	992.7350372813821	0.0	0	572.4371129777865	1192.7350372810033	1	0	1	1.686685702760804
275200.0	1000.0	992.7350372814199	0.0	0	530.6879617364029	1192.7350372810033	1	0	1	1.686685702760804
276200.0	1000.0	992.7350372813949	0.0	0	528.0478246063576	1192.7350372810033	1	0	1	1.686685702760804
277200.0	1000.0	992.7350372814449	0.0	0	377.1194037083769	1192.7350372810033	1	0	1	1.686685702760804
278200.0	1000.0	992.735037281438	0.0	0	250.34937427233672	1192.735037280945	1	0	1	1.6866857027608084
279200.0	1000.0	992.7350372814051	0.0	0	469.1464520334848	1192.735037280945	1	0	1	1.6866857027608098
280200.0	1000.0	992.7350372814624	0.0	0	144.52682423888473	1192.735037280945	1	0	1	1.6866857027608098
281200.0	1000.0	992.7350372814599	0.0	0	402.5135769749759	1192.7350372810033	1	0	1	1.686685702760804
282200.0	1000.0	992.7350372814158	0.0	0	625.7724390118383	1192.7350372810615	1	0	1	1.6866857027607982
283200.0	1000.0	992.7350372814399	0.0	0	463.9896286542644	1192.7350372810615	1	0	1	1.6866857027607982
284200.0	1000.0	992.7350372813733	0.0	0	287.1584935793071	1192.7350372810615	1	0	1	1.6866857027607982
285200.0	1000.0	992.735037281323	0.0	0	370.71610587183386	1192.7350372810615	1	0	1	1.6866857027607982
286200.0	1000.0	992.7350372812955	0.0	0	505.0771300920751	1192.7350372810615	1	0	1	1.6866857027607982
287200.0	1000.0	992.735037281278	0.0	0	379.39871423935983	1192.7350372811197	1	0	1	1.6866857027607947
288200.0	1000.0	992.7350372811961	0.0	0	373.23902092460776	1192.7350372810615	1	0	1	1.6866857027607982
289200.0	1000.0	992.7350372812621	0.0	0	586.2468157865806	1192.7350372811197	1	0	1	1.6866857027607924
290200.0	1000.0	992.7350372811993	0.0	0	308.5309634942678	1192.7350372811197	1	0	1	1.6866857027607924
291200.0	1000.0	992.7350372811607	0.0	0	535.0508787416038	1192.7350372811197	1	0	1	1.6866857027607924
292200.0	1000.0	992.7350372811813	0.0	0	399.90271655574907	1192.7350372811197	1	0	1	1.6866857027607924
293200.0	1000.0	992.7350372812293	0.0	0	264.115798125742	1192.7350372811197	1	0	1	1.6866857027607924
294221.83261944214	1000.0	970.9024178391076	0.0	0	0.0	1192.7350372811197	1	0	1	1.6866857027607924
295200.0	1000.0	992.7350372812341	0.0	0	362.4190420205123	1192.7350372810615	1	0	1	1.6866857027607982
296200.0	1000.0	992.7350372812671	0.0	0	384.40505269385176	1192.7350372810033	1	0	1	1.686685702760804
297200.0	1000.0	992.7350372812648	0.0	0	134.5608274967526	1192.7350372810033	1	0	1	1.686685702760804
298200.0	1000.0	992.7350372812359	0.0	0	483.3621572938864	1192.7350372810033	1	0	1	1.686685702760804
299200.0	1000.0	992.7350372812105	0.0	0	324.8528713667183	1192.7350372810033	1	0	1	1.686685702760804
300277.24388358416	1000.0	915.4911536970061	0.0	0	0.0	1192.7350372810033	1	0	1	1.686685702760804
2.42	2.46	2.09	2.35	2.61	1.78	1.91	2.5	1.75	2.21	1.52	1.85	2.4	2.79	2.48	2.42	2.33	1.75	1.95	2.32	1.32	2.26	2.15	1.91	1.54	0.98	1.44	1.48	1.71	2.54	2.94	2.97	2.86	1.91	1.18	1.59	1.8	2.46	1.84	1.33	1.23	0.88	1.56	1.62	1.27	1.31	1.48	1.22	2.04	2.58	2.65	2.19	2.29	2.53	2.02	1.99	1.77	1.71	2.34	1.45	1.63	2.49	2.91	1.64	1.92	2.76	2.72	2.14	1.76	1.22	1.99	2.9	3.02	1.54	1.56	1.78	1.55	2.37	2.69	2.84	2.97	2.04	1.26	2.0	2.58	2.53	2.24	2.59	2.32	1.59	1.51	1.49	2.22	2.51	2.03	1.58	1.01	2.17	1.46	2.46	1.95	1.15	1.81	2.12	1.64	2.1	2.34	2.77	2.32	2.07	2.95	2.63	2.28	3.17	3.03	1.71	1.83	2.62	1.84	1.61	2.35	2.39	2.17	1.84	1.55	1.75	1.11	2.0	2.22	2.19	1.87	1.6	2.4	1.85	2.1	2.27	1.61	1.75	2.15	1.78	0.9	1.74	1.27	1.2	2.02	1.83	1.25	1.18	1.54	1.85	2.42	2.46	2.09	2.35	2.61	1.78	1.91	2.5	1.75	2.21	1.52	1.85	2.4	2.79	2.48	2.42	2.33	1.75	1.95	2.32	1.32	2.26	2.15	1.91	1.54	0.98	1.44	1.48	1.71	2.54	2.94	2.97	2.86	1.91	1.18	1.59	1.8	2.46	1.84	1.33	1.23	0.88	1.56	1.62	1.27	1.31	1.48	1.22	2.04	2.58	2.65	2.19	2.29	2.53	2.02	1.99	1.77	1.71	2.34	1.45	1.63	2.49	2.91	1.64	1.92	2.76	2.72	2.14	1.76	1.22	1.99	2.9	3.02	1.54	1.56	1.78	1.55	2.37	2.69	2.84	2.97	2.04	1.26	2.0	2.58	2.53	2.24	2.59	2.32	1.59	1.51	1.49	2.22	2.51	2.03	1.58	1.01	2.17	1.46	2.46	1.95	1.15	1.81	2.12	1.64	2.1	2.34	2.77	2.32	2.07	2.95	2.63	2.28	3.17	3.03	1.71	1.83	2.62	1.84	1.61	2.35	2.39	2.17	1.84	1.55	1.75	1.11	2.0	2.22	2.19	1.87	1.6	2.4	1.85	2.1	2.27	1.61	1.75	2.15	1.78	0.9	1.74	1.27	1.2	2.02	1.83	1.25	1.18	1.54	1.85
1.0	2.0	3.0	4.0	5.0	6.0	7.0	8.0	9.0	10.0	11.0	12.0	13.0	14.0	15.0	16.0	17.0	18.0	19.0	20.0	21.0	22.0	23.0	24.0	25.0	26.0	27.0	28.0	29.0	30.0	31.0	32.0	33.0	34.0	35.0	36.0	37.0	38.0	39.0	40.0	41.0	42.0	43.0	44.0	45.0	46.0	47.0	48.0	49.0	50.0	51.0	52.0	53.0	54.0	55.0	56.0	57.0	58.0	59.0	60.0	61.0	62.0	63.0	64.0	65.0	66.0	67.0	68.0	69.0	70.0	71.0	72.0	73.0	74.0	75.0	76.0	77.0	78.0	79.0	80.0	81.0	82.0	83.0	84.0	85.0	86.0	87.0	88.0	89.0	90.0	91.0	92.0	93.0	94.0	95.0	96.0	97.0	98.0	99.0	100.0	101.0	102.0	103.0	104.0	105.0	106.0	107.0	108.0	109.0	110.0	111.0	112.0	113.0	114.0	115.0	116.0	117.0	118.0	119.0	120.0	121.0	122.0	123.0	124.0	125.0	126.0	127.0	128.0	129.0	130.0	131.0	132.0	133.0	134.0	135.0	136.0	137.0	138.0	139.0	140.0	141.0	142.0	143.0	144.0	145.0	146.0	147.0	148.0	149.0	149.0	150.0	151.0	152.0	153.0	154.0	155.0	156.0	157.0	158.0	159.0	160.0	161.0	162.0	163.0	164.0	165.0	166.0	167.0	168.0	169.0	170.0	171.0	172.0	173.0	174.0	175.0	176.0	177.0	178.0	179.0	180.0	181.0	182.0	183.0	184.0	185.0	186.0	187.0	188.0	189.0	190.0	191.0	192.0	193.0	194.0	195.0	196.0	197.0	198.0	199.0	200.0	201.0	202.0	203.0	204.0	205.0	206.0	207.0	208.0	209.0	210.0	211.0	212.0	213.0	214.0	215.0	216.0	217.0	218.0	219.0	220.0	221.0	222.0	223.0	224.0	225.0	226.0	227.0	228.0	229.0	230.0	231.0	232.0	233.0	234.0	235.0	236.0	237.0	238.0	239.0	240.0	241.0	242.0	243.0	244.0	245.0	246.0	247.0	248.0	249.0	250.0	251.0	252.0	253.0	254.0	255.0	256.0	257.0	258.0	259.0	260.0	261.0	262.0	263.0	264.0	265.0	266.0	267.0	268.0	269.0	270.0	271.0	272.0	273.0	274.0	275.0	276.0	277.0	278.0	279.0	280.0	281.0	282.0	283.0	284.0	285.0	286.0	287.0	288.0	289.0	290.0	291.0	292.0	293.0	294.0	295.0	296.0	297.0	298.0	298.0
3688.475880268622
