5398.335305583797	300.0	2000.0	168.40261051087276	0	0.0	5398.335305583797	1	0	1	-1.546304371423627
5962.888719235979	1000.0	2378.9912449825993	0.0	0	0.0	5341.879964218579	1	0	2	-0.33362959575916773
6484.570148014436	1000.0	2805.1416733262963	0.0	0	0.0	5289.711821340733	1	0	2	1.0756688438754018
7027.892306961489	1000.0	3207.487298484538	0.0	0	0.0	5235.379605446029	1	0	2	1.0809628851561497
7723.855127091188	1000.0	3441.92819634187	0.0	0	0.0	5165.783323433059	1	0	2	1.0877040140364513
8573.858280373937	1000.0	3506.9247277308446	0.0	0	0.0	5080.783008104783	1	0	2	1.0951921180465605
10184.23610475541	1000.0	2735.509120911225	0.0	0	0.0	4919.7452256666365	1	0	2	1.1103111677521662
11186.726772090009	1000.0	2632.7693868431643	0.0	0	0.0	4819.496158933175	1	0	2	1.1212838636556786
12646.820724583282	1000.0	2026.666039100567	0.0	0	0.0	4673.486763683852	1	0	2	1.1347491536462213
13828.533368475755	1000.0	1726.782130818845	0.0	0	0.0	4555.315499294604	1	0	2	1.1475019158157456
14779.036033079861	1000.0	1681.2291997543275	0.0	0	0.0	4460.265232834192	1	0	2	1.157515199075028
15923.161012535866	1000.0	1422.6917223527223	0.0	0	0.0	4345.852734888589	1	0	2	1.1685720429787307
16231.839795786978	500.0	2083.1450607764996	0.0	0	0.0	4314.984856563482	1	0	2	-0.5591376434628866
17274.79874773316	1000.0	1935.8902136357015	0.0	0	0.0	4210.688961368864	1	0	2	0.48890276498219937
17758.617103971195	500.0	2403.690021773866	0.0	0	0.0	4162.307125745063	1	0	2	-0.5443796526680593
18161.029001651466	500.0	2961.036934325568	0.0	0	0.0	4122.065935977034	1	0	2	0.15308446634741163
18535.71135018544	500.0	3548.886350938196	0.0	0	0.0	4084.5977011236373	1	0	2	0.15689475127735225
19200.0	500.0	3818.1688361421798	0.0	0	293.9650184416423	4018.168836142182	1	0	2	0.1613470321126355
20200.0	500.0	3718.168836142183	0.0	0	492.2456430261882	3918.168836142184	1	0	2	0.1705169398774759
21200.0	500.0	3618.16883614218	0.0	0	283.6646758346469	3818.168836142184	1	0	2	0.18066892564341042
22200.0	500.0	3518.1688361421793	0.0	0	76.97887626786178	3718.168836142184	1	0	2	0.1915542737601778
23200.0	500.0	3418.168836142181	0.0	0	222.80719493809738	3618.168836142184	1	0	2	0.20100893345555937
24200.0	300.0	3318.1688361421816	0.0	0	647.3481683828504	3518.1688361421875	1	0	2	-1.0666425073802093
25200.0	300.0	3218.1688361421807	0.0	0	639.4138870950774	3418.1688361421875	1	0	2	-0.545816883614219
26200.0	300.0	3118.1688361421825	0.0	0	675.0086862874305	3318.168836142191	1	0	2	-0.5358168836142191
27200.0	300.0	3018.1688361421825	0.0	0	636.407428521994	3218.1688361421875	1	0	2	-0.525816883614219
28200.0	500.0	2918.1688361421793	0.0	0	680.7878180788503	3118.168836142184	1	0	2	-0.2604040717312235
29200.0	500.0	2818.16883614218	0.0	0	270.7371174326436	3018.16883614218	1	0	2	0.260888500804621
30200.0	500.0	2718.168836142181	0.0	0	226.15249614575805	2918.168836142184	1	0	2	0.2710471773344615
31200.0	500.0	2618.1688361421825	0.0	0	397.359654462045	2818.168836142184	1	0	2	0.28064756093390514
32200.0	500.0	2518.16883614218	0.0	0	530.9426729874576	2718.168836142184	1	0	2	0.2905186945471764
33200.0	500.0	2418.1688361421852	0.0	0	382.24538945214954	2618.168836142191	1	0	2	0.30063470228895367
34200.0	500.0	2318.1688361421902	0.0	0	281.3778120307834	2518.1688361421984	1	0	2	0.31089881894574817
35200.0	500.0	2218.168836142178	0.0	0	571.4558177893778	2418.168836142184	1	0	2	0.3204337213677105
36200.0	500.0	2118.1688361421793	0.0	0	552.8086329656435	2318.168836142184	1	0	2	0.33048272665012146
37200.0	500.0	2018.1688361421825	0.0	0	367.43258487577987	2218.168836142184	1	0	2	0.3406144543046559
38200.0	500.0	1918.1688361421839	0.0	0	609.0164732314224	2118.168836142184	1	0	2	0.3504498909601873
39200.0	500.0	1818.1688361421825	0.0	0	701.8433818020058	2018.1688361421766	1	0	2	0.3604215520347682
40200.0	500.0	1718.1688361421802	0.0	0	364.32302570361935	1918.1688361421839	1	0	2	0.370686476970184
41200.0	500.0	1618.1688361421752	0.0	0	453.47377194555156	1818.1688361421766	1	0	2	0.38059752231608557
42200.0	500.0	1518.1688361421743	0.0	0	548.6314144206917	1718.1688361421839	1	0	2	0.3904535166584936
43200.0	500.0	1418.1688361421752	0.0	0	420.941330051377	1618.1688361421911	1	0	2	0.4006033242050686
44210.243570615195	500.0	1306.9009084654647	0.0	0	0.0	1517.1444790806709	1	0	2	0.41241746502055787
45200.0	500.0	1218.168836142182	0.0	0	348.9502028742645	1418.1688361421984	1	0	2	0.4207041317718603
46200.0	500.0	1118.1688361421784	0.0	0	647.1089210772407	1318.1688361421911	1	0	2	0.4304215520347668
47200.0	500.0	1018.1688361421764	0.0	0	576.6166923683413	1218.1688361421911	1	0	2	0.4404410440014649
48200.0	1000.0	1018.168836142182	0.0	0	65.1559670082861	1218.1688361421911	1	0	1	0.7909951423147397
49200.0	500.0	1018.1688361421761	0.0	0	622.143817312688	1218.1688361421911	1	0	1	-0.048725628525178366
50200.0	500.0	1018.1688361421748	0.0	0	294.8435013185808	1218.1688361421984	1	0	1	0.6444215520347664
51200.0	500.0	1018.1688361421734	0.0	0	688.6978865507845	1218.1688361422057	1	0	1	0.6444215520347657
52200.0	500.0	1018.1688361421643	0.0	0	561.6397181440916	1218.1688361421984	1	0	1	0.6444215520347664
53200.0	500.0	1018.1688361421657	0.0	0	481.949683501618	1218.1688361421984	1	0	1	0.6444215520347664
54200.0	500.0	1018.1688361421652	0.0	0	509.33985791699524	1218.1688361421984	1	0	1	0.6444215520347664
55200.0	500.0	1018.1688361421684	0.0	0	540.7757152707054	1218.1688361421984	1	0	1	0.6444215520347664
56200.0	500.0	1018.1688361421695	0.0	0	655.028648876345	1218.1688361421984	1	0	1	0.6444215520347664
57200.0	500.0	1018.1688361421675	0.0	0	658.4857980762608	1218.1688361421984	1	0	1	0.6444215520347664
58200.0	500.0	1018.1688361421648	0.0	0	410.007115888322	1218.1688361421984	1	0	1	0.6444215520347664
59200.0	500.0	1018.1688361421698	0.0	0	207.1252213682892	1218.1688361421984	1	0	1	0.6444215520347664
60200.0	500.0	1018.1688361421691	0.0	0	322.2998244702612	1218.1688361421984	1	0	1	0.6444215520347664
61200.0	500.0	1018.1688361421675	0.0	0	605.3343244227362	1218.1688361421984	1	0	1	0.6444215520347664
62200.0	500.0	1018.1688361421607	0.0	0	353.1227398127812	1218.1688361421984	1	0	1	0.6444215520347664
63200.0	500.0	1018.1688361421552	0.0	0	650.274989886515	1218.1688361421984	1	0	1	0.6444215520347664
64200.0	500.0	1018.168836142152	0.0	0	743.608142347708	1218.1688361421984	1	0	1	0.6444215520347664
65200.0	500.0	1018.1688361421559	0.0	0	417.5177365247582	1218.1688361421984	1	0	1	0.6444215520347664
66200.0	500.0	1018.1688361421648	0.0	0	503.1671087460636	1218.1688361422057	1	0	1	0.6444215520347659
67200.0	500.0	1018.1688361421545	0.0	0	424.4572087036504	1218.1688361421984	1	0	1	0.6444215520347661
68200.0	500.0	1018.1688361421639	0.0	0	598.1645297626674	1218.1688361421984	1	0	1	0.6444215520347664
69200.0	500.0	1018.168836142168	0.0	0	694.7070319268678	1218.1688361421984	1	0	1	0.6444215520347664
70200.0	500.0	1018.1688361421675	0.0	0	510.19628049930907	1218.1688361421984	1	0	1	0.6444215520347664
71200.0	500.0	1018.168836142178	0.0	0	534.3438821156014	1218.1688361421984	1	0	1	0.6444215520347664
72200.0	500.0	1018.168836142178	0.0	0	595.7387869396189	1218.1688361421984	1	0	1	0.6444215520347664
73200.0	500.0	1018.1688361421759	0.0	0	512.3134409210907	1218.1688361421984	1	0	1	0.6444215520347664
74200.0	500.0	1018.168836142168	0.0	0	545.3459827541519	1218.1688361421984	1	0	1	0.6444215520347664
75200.0	500.0	1018.1688361421689	0.0	0	564.3439063522237	1218.1688361421984	1	0	1	0.6444215520347664
76200.0	500.0	1018.1688361421534	0.0	0	638.3356280333101	1218.1688361421839	1	0	1	0.6444215520347678
77200.0	500.0	1018.1688361421584	0.0	0	385.7148259489186	1218.1688361421839	1	0	1	0.6444215520347678
78200.0	500.0	1018.1688361421666	0.0	0	514.5403500312823	1218.1688361421984	1	0	1	0.6444215520347664
79200.0	500.0	1018.168836142162	0.0	0	455.4337479663809	1218.1688361421984	1	0	1	0.6444215520347664
80200.0	500.0	1018.168836142163	0.0	0	160.37820184000884	1218.1688361421984	1	0	1	0.6444215520347664
81200.0	500.0	1018.1688361421634	0.0	0	101.83660928889003	1218.1688361421984	1	0	1	0.6444215520347664
82200.0	500.0	1018.1688361421718	0.0	0	457.16588862182107	1218.1688361421839	1	0	1	0.6444215520347678
83200.0	500.0	1018.1688361421873	0.0	0	436.98630865383893	1218.1688361421839	1	0	1	0.6444215520347678
84200.0	500.0	1018.1688361422016	0.0	0	388.641193056319	1218.1688361421984	1	0	1	0.6444215520347664
85200.0	500.0	1018.168836142193	0.0	0	240.25880406986107	1218.1688361421984	1	0	1	0.6444215520347664
86200.0	500.0	1018.168836142187	0.0	0	471.17107953819504	1218.1688361421984	1	0	1	0.6444215520347664
87200.0	500.0	1018.1688361422034	0.0	0	379.0409203889576	1218.1688361421984	1	0	1	0.6444215520347664
88200.0	500.0	1018.168836142203	0.0	0	533.7973226735194	1218.1688361421984	1	0	1	0.6444215520347664
89200.0	500.0	1018.1688361421927	0.0	0	354.49025651636475	1218.1688361421984	1	0	1	0.6444215520347664
90200.0	500.0	1018.1688361421798	0.0	0	243.61916657318943	1218.1688361421839	1	0	1	0.6444215520347678
91200.0	500.0	1018.1688361421789	0.0	0	261.57984699668305	1218.1688361421839	1	0	1	0.6444215520347678
92200.0	500.0	1018.168836142192	0.0	0	386.7696283704281	1218.1688361421839	1	0	1	0.6444215520347678
93200.0	500.0	1018.168836142183	0.0	0	601.7171100383566	1218.1688361421839	1	0	1	0.6444215520347678
94200.0	500.0	1018.16883614219	0.0	0	359.79300188741763	1218.1688361421839	1	0	1	0.6444215520347678
95200.0	500.0	1018.1688361421818	0.0	0	353.54389930856996	1218.1688361421839	1	0	1	0.6444215520347678
96200.0	500.0	1018.1688361421814	0.0	0	466.2111253900366	1218.1688361421839	1	0	1	0.6444215520347678
97200.0	500.0	1018.1688361421811	0.0	0	232.37394983769627	1218.1688361421839	1	0	1	0.6444215520347678
98200.0	500.0	1018.1688361421957	0.0	0	448.4528913094837	1218.1688361421839	1	0	1	0.6444215520347678
99200.0	500.0	1018.1688361421889	0.0	0	580.8212810090918	1218.1688361421693	1	0	1	0.6444215520347694
100200.0	500.0	1018.1688361421802	0.0	0	662.7626588320418	1218.1688361421693	1	0	1	0.6444215520347694
101200.0	500.0	1018.1688361421866	0.0	0	600.3845212992746	1218.1688361421693	1	0	1	0.6444215520347694
102200.0	500.0	1018.1688361421793	0.0	0	364.37678769831837	1218.1688361421693	1	0	1	0.6444215520347694
103200.0	500.0	1018.1688361421684	0.0	0	257.234078654059	1218.1688361421548	1	0	1	0.6444215520347707
104200.0	500.0	1018.1688361421507	0.0	0	386.0125206843659	1218.1688361421693	1	0	1	0.6444215520347694
105200.0	500.0	1018.168836142162	0.0	0	334.8139820268116	1218.1688361421839	1	0	1	0.6444215520347678
106200.0	500.0	1018.1688361421593	0.0	0	576.7484375994973	1218.1688361421984	1	0	1	0.6444215520347664
107200.0	500.0	1018.168836142155	0.0	0	630.4301735323825	1218.1688361421984	1	0	1	0.6444215520347664
108200.0	500.0	1018.1688361421466	0.0	0	694.6799223832058	1218.1688361421984	1	0	1	0.6444215520347664
109200.0	500.0	1018.1688361421616	0.0	0	665.6850718493952	1218.1688361421984	1	0	1	0.6444215520347664
110200.0	500.0	1018.168836142152	0.0	0	530.5420762053109	1218.1688361421984	1	0	1	0.6444215520347664
111200.0	500.0	1018.1688361421652	0.0	0	523.3630431091442	1218.1688361421984	1	0	1	0.6444215520347664
112200.0	500.0	1018.1688361421611	0.0	0	635.9152383083419	1218.1688361421984	1	0	1	0.6444215520347664
113200.0	500.0	1018.1688361421584	0.0	0	512.2064346408733	1218.1688361421984	1	0	1	0.6444215520347664
114200.0	500.0	1018.1688361421593	0.0	0	330.98817243349913	1218.1688361421839	1	0	1	0.6444215520347678
115200.0	500.0	1018.1688361421516	0.0	0	642.6638525823364	1218.1688361421839	1	0	1	0.6444215520347678
116200.0	500.0	1018.1688361421539	0.0	0	725.4073660265713	1218.1688361421839	1	0	1	0.6444215520347678
117200.0	500.0	1018.1688361421488	0.0	0	698.8945004308916	1218.1688361421839	1	0	1	0.6444215520347678
118200.0	500.0	1018.1688361421516	0.0	0	602.2333988326718	1218.1688361421839	1	0	1	0.6444215520347678
119200.0	500.0	1018.1688361421511	0.0	0	499.4864716537413	1218.1688361421839	1	0	1	0.6444215520347678
120200.0	500.0	1018.1688361421657	0.0	0	424.1534119150456	1218.1688361421984	1	0	1	0.6444215520347664
121200.0	500.0	1018.1688361421634	0.0	0	275.24009350429696	1218.1688361421984	1	0	1	0.6444215520347664
122200.0	500.0	1018.1688361421702	0.0	0	563.4381149187393	1218.1688361421984	1	0	1	0.6444215520347664
123200.0	500.0	1018.1688361421675	0.0	0	559.2591723201331	1218.1688361421984	1	0	1	0.6444215520347664
124200.0	500.0	1018.1688361421791	0.0	0	518.0488704423624	1218.168836142213	1	0	1	0.6444215520347649
125200.0	500.0	1018.168836142188	0.0	0	416.09284051581926	1218.168836142213	1	0	1	0.6444215520347649
126200.0	500.0	1018.1688361421891	0.0	0	676.1464911442599	1218.1688361422275	1	0	1	0.6444215520347635
127200.0	500.0	1018.1688361421855	0.0	0	352.1306750468648	1218.1688361422275	1	0	1	0.6444215520347635
128200.0	500.0	1018.168836142183	0.0	0	365.3730428462295	1218.1688361422275	1	0	1	0.6444215520347635
129200.0	500.0	1018.1688361421843	0.0	0	376.9072982387297	1218.1688361422275	1	0	1	0.6444215520347635
130200.0	500.0	1018.1688361421659	0.0	0	419.61631800225587	1218.168836142213	1	0	1	0.6444215520347649
131200.0	500.0	1018.1688361421598	0.0	0	723.2786749461229	1218.168836142213	1	0	1	0.6444215520347649
132200.0	500.0	1018.1688361421661	0.0	0	530.7834816045652	1218.1688361422275	1	0	1	0.6444215520347633
133200.0	500.0	1018.1688361421689	0.0	0	655.0994740561873	1218.1688361422275	1	0	1	0.6444215520347635
134200.0	500.0	1018.1688361421666	0.0	0	487.7331897301483	1218.1688361422275	1	0	1	0.6444215520347635
135200.0	500.0	1018.168836142183	0.0	0	451.33251243201084	1218.1688361421984	1	0	1	0.6444215520347664
136215.79143672503	500.0	1002.3773994171368	0.0	0	0.0	1218.1688361421984	1	0	1	0.6444215520347664
137200.0	500.0	1018.1688361421845	0.0	0	64.93620685729547	1218.1688361422275	1	0	1	0.6444215520347635
138200.0	500.0	1018.168836142228	0.0	0	354.3311575623811	1218.1688361422566	1	0	1	0.6444215520347606
139200.0	500.0	1018.1688361422171	0.0	0	288.3026016501244	1218.1688361422275	1	0	1	0.6444215520347635
140200.0	500.0	1018.1688361422521	0.0	0	318.51315712707583	1218.1688361422275	1	0	1	0.6444215520347635
141200.0	500.0	1018.1688361422807	0.0	0	613.2480450585135	1218.1688361422566	1	0	1	0.6444215520347606
142200.0	500.0	1018.168836142276	0.0	0	725.0703932676988	1218.1688361422566	1	0	1	0.6444215520347606
143200.0	500.0	1018.1688361422971	0.0	0	628.8014770268055	1218.1688361422566	1	0	1	0.6444215520347606
144200.0	500.0	1018.1688361423007	0.0	0	326.3158059762791	1218.1688361422566	1	0	1	0.6444215520347606
145200.0	500.0	1018.168836142308	0.0	0	596.5015330000024	1218.1688361422857	1	0	1	0.6444215520347576
146200.0	500.0	1018.1688361423012	0.0	0	351.1761929533386	1218.1688361422857	1	0	1	0.6444215520347576
147200.0	500.0	1018.1688361422907	0.0	0	643.8312826340261	1218.1688361422566	1	0	1	0.6444215520347606
148200.0	500.0	1018.1688361422953	0.0	0	641.5989128603833	1218.1688361422566	1	0	1	0.6444215520347606
149200.0	500.0	1018.1688361422653	0.0	0	681.5919657519844	1218.1688361422566	1	0	1	0.6444215520347606
150200.0	500.0	1018.1688361422543	0.0	0	665.9232756180863	1218.1688361422566	1	0	1	0.6444215520347606
151200.0	500.0	1018.1688361422498	0.0	0	319.8814212088182	1218.1688361422566	1	0	1	0.6444215520347606
152200.0	500.0	1018.1688361422619	0.0	0	598.4467893943947	1218.1688361422566	1	0	1	0.6444215520347606
153200.0	500.0	1018.1688361422252	0.0	0	250.1692187192093	1218.1688361422275	1	0	1	0.6444215520347635
154200.0	500.0	1018.1688361422091	0.0	0	419.50754666811554	1218.1688361422566	1	0	1	0.6444215520347606
155200.0	500.0	1018.1688361422139	0.0	0	667.1379315220111	1218.1688361422566	1	0	1	0.6444215520347606
156200.0	500.0	1018.1688361422139	0.0	0	693.9458572814183	1218.1688361422566	1	0	1	0.6444215520347606
157200.0	500.0	1018.1688361421943	0.0	0	650.3417394127464	1218.1688361422566	1	0	1	0.6444215520347606
158200.0	500.0	1018.1688361422125	0.0	0	301.98721207512426	1218.1688361422566	1	0	1	0.6444215520347606
159200.0	500.0	1018.1688361421952	0.0	0	338.4807541213813	1218.1688361422566	1	0	1	0.6444215520347606
160200.0	500.0	1018.1688361421511	0.0	0	594.8385713153111	1218.1688361422566	1	0	1	0.6444215520347606
161200.0	500.0	1018.1688361421584	0.0	0	388.31271694766474	1218.1688361422566	1	0	1	0.6444215520347606
162200.0	500.0	1018.1688361421434	0.0	0	415.1285633391235	1218.1688361422566	1	0	1	0.6444215520347606
163200.0	500.0	1018.168836142152	0.0	0	291.68502514550346	1218.1688361422566	1	0	1	0.6444215520347606
164200.0	500.0	1018.168836142135	0.0	0	537.3207991354575	1218.1688361422566	1	0	1	0.6444215520347606
165200.0	500.0	1018.168836142168	0.0	0	553.9611758871761	1218.1688361422566	1	0	1	0.6444215520347606
166200.0	500.0	1018.1688361421834	0.0	0	468.5141439578729	1218.1688361422566	1	0	1	0.6444215520347606
167200.0	500.0	1018.1688361421911	0.0	0	505.9405429540493	1218.1688361422566	1	0	1	0.6444215520347606
168200.0	500.0	1018.1688361421982	0.0	0	535.5992943180609	1218.1688361422566	1	0	1	0.6444215520347606
169200.0	500.0	1018.1688361422252	0.0	0	545.9718921685999	1218.1688361422566	1	0	1	0.6444215520347606
170200.0	500.0	1018.1688361422391	0.0	0	256.496763908508	1218.1688361422566	1	0	1	0.6444215520347606
171200.0	500.0	1018.1688361422412	0.0	0	29.544948835129617	1218.1688361422275	1	0	1	0.6444215520347617
172200.0	500.0	1018.1688361422343	0.0	0	165.33252281803288	1218.1688361422566	1	0	1	0.6444215520347606
173200.0	500.0	1018.1688361422193	0.0	0	238.23156350271893	1218.1688361422566	1	0	1	0.6444215520347606
174200.0	300.0	1018.1688361422143	0.0	0	663.6505029060936	1218.1688361422566	1	0	1	-0.6326425073802165
175200.0	300.0	1018.1688361422341	0.0	0	671.0486032715125	1218.1688361422566	1	0	1	-0.12181688361422569
176200.0	500.0	1018.1688361422171	0.0	0	597.1741101003427	1218.1688361422566	1	0	1	0.1335959282687699
177200.0	500.0	1018.1688361422239	0.0	0	474.29598135343986	1218.1688361422566	1	0	1	0.6444215520347606
178200.0	500.0	1018.1688361422166	0.0	0	405.9817943969101	1218.1688361422566	1	0	1	0.6444215520347606
179200.0	500.0	1018.1688361422048	0.0	0	169.33559090748895	1218.1688361422566	1	0	1	0.6444215520347606
180200.0	500.0	1018.1688361422493	0.0	0	422.26437932351837	1218.1688361422566	1	0	1	0.6444215520347606
181200.0	500.0	1018.1688361422644	0.0	0	438.00172372782254	1218.1688361422566	1	0	1	0.6444215520347606
182200.0	500.0	1018.1688361422714	0.0	0	456.8598096530477	1218.1688361422275	1	0	1	0.6444215520347635
183200.0	500.0	1018.16883614226	0.0	0	297.7504361476458	1218.1688361422275	1	0	1	0.6444215520347635
184200.0	500.0	1018.1688361422443	0.0	0	525.7869117661612	1218.1688361422275	1	0	1	0.6444215520347635
185200.0	500.0	1018.1688361422737	0.0	0	350.44164229065063	1218.1688361422566	1	0	1	0.6444215520347606
186200.0	500.0	1018.1688361422962	0.0	0	562.8741557513131	1218.1688361422566	1	0	1	0.6444215520347606
187200.0	500.0	1018.1688361422914	0.0	0	549.8219080495473	1218.1688361422275	1	0	1	0.6444215520347635
188200.0	500.0	1018.1688361422623	0.0	0	587.5898213269247	1218.1688361422275	1	0	1	0.6444215520347635
189200.0	500.0	1018.1688361422746	0.0	0	447.6273940016981	1218.1688361422275	1	0	1	0.6444215520347635
190200.0	500.0	1018.1688361422746	0.0	0	530.4153058793745	1218.1688361422275	1	0	1	0.6444215520347635
191200.0	500.0	1018.1688361422703	0.0	0	544.7269671958638	1218.1688361422275	1	0	1	0.6444215520347635
192200.0	500.0	1018.168836142273	0.0	0	402.6612808012287	1218.1688361422275	1	0	1	0.6444215520347635
193200.0	500.0	1018.1688361422557	0.0	0	97.1414803112857	1218.1688361422275	1	0	1	0.6444215520347635
194200.0	500.0	1018.1688361422505	0.0	0	502.58976100035943	1218.1688361422275	1	0	1	0.6444215520347635
195200.0	500.0	1018.1688361422366	0.0	0	665.8066657109594	1218.1688361422275	1	0	1	0.6444215520347635
196200.0	500.0	1018.1688361422493	0.0	0	309.9890831037774	1218.1688361422275	1	0	1	0.6444215520347635
197200.0	500.0	1018.1688361422353	0.0	0	566.1747742053121	1218.1688361422275	1	0	1	0.6444215520347635
198200.0	500.0	1018.1688361422357	0.0	0	643.4400007764052	1218.1688361422275	1	0	1	0.6444215520347635
199200.0	500.0	1018.1688361422448	0.0	0	397.40529501682613	1218.1688361422566	1	0	1	0.6444215520347606
200200.0	500.0	1018.1688361422173	0.0	0	584.5980959266017	1218.1688361422566	1	0	1	0.6444215520347606
201200.0	500.0	1018.1688361422182	0.0	0	670.0375959025114	1218.1688361422275	1	0	1	0.6444215520347635
202200.0	500.0	1018.1688361422491	0.0	0	529.9530452498293	1218.1688361422275	1	0	1	0.6444215520347635
203200.0	500.0	1018.1688361422182	0.0	0	452.8223680322408	1218.1688361422275	1	0	1	0.6444215520347635
204200.0	500.0	1018.1688361422475	0.0	0	557.7150878010143	1218.1688361422275	1	0	1	0.6444215520347635
205200.0	500.0	1018.1688361422525	0.0	0	639.3442083420232	1218.1688361422275	1	0	1	0.6444215520347635
206200.0	500.0	1018.1688361422812	0.0	0	716.4561480078555	1218.1688361422566	1	0	1	0.6444215520347606
207200.0	500.0	1018.1688361422998	0.0	0	365.6894026888767	1218.1688361422566	1	0	1	0.6444215520347606
208200.0	500.0	1018.1688361423439	0.0	0	147.1244678387302	1218.1688361422566	1	0	1	0.6444215520347606
209200.0	500.0	1018.1688361423708	0.0	0	574.7425525348808	1218.1688361422275	1	0	1	0.6444215520347635
210200.0	500.0	1018.1688361423908	0.0	0	561.3339741354575	1218.1688361422275	1	0	1	0.6444215520347635
211200.0	500.0	1018.1688361424103	0.0	0	337.15439835502184	1218.1688361422566	1	0	1	0.6444215520347606
212200.0	500.0	1018.1688361424431	0.0	0	531.5263245627284	1218.1688361422857	1	0	1	0.6444215520347576
213200.0	500.0	1018.1688361424285	0.0	0	684.516866094491	1218.1688361422857	1	0	1	0.6444215520347576
214200.0	500.0	1018.168836142439	0.0	0	388.1596121432376	1218.1688361422857	1	0	1	0.6444215520347576
215200.0	500.0	1018.1688361424328	0.0	0	609.2738364463148	1218.1688361422857	1	0	1	0.6444215520347576
216200.0	500.0	1018.1688361424526	0.0	0	452.6043362110795	1218.1688361422857	1	0	1	0.6444215520347576
217200.0	500.0	1018.1688361424144	0.0	0	588.0540492500004	1218.1688361422857	1	0	1	0.6444215520347576
218200.0	500.0	1018.1688361424422	0.0	0	546.743684753601	1218.1688361422857	1	0	1	0.6444215520347576
219200.0	500.0	1018.1688361424895	0.0	0	385.4450719432789	1218.1688361422857	1	0	1	0.6444215520347576
220200.0	500.0	1018.1688361424597	0.0	0	670.4063125535904	1218.1688361422857	1	0	1	0.6444215520347576
221200.0	500.0	1018.168836142467	0.0	0	716.9751353072061	1218.1688361422857	1	0	1	0.6444215520347576
222200.0	500.0	1018.1688361424829	0.0	0	427.1855746975052	1218.1688361422857	1	0	1	0.6444215520347576
223200.0	500.0	1018.1688361424581	0.0	0	648.4237620486238	1218.1688361423148	1	0	1	0.6444215520347547
224200.0	500.0	1018.1688361424422	0.0	0	693.4421813549998	1218.1688361423148	1	0	1	0.6444215520347547
225200.0	500.0	1018.1688361424299	0.0	0	466.2369425445795	1218.1688361423148	1	0	1	0.6444215520347547
226200.0	500.0	1018.1688361424035	0.0	0	476.45055460880394	1218.1688361423148	1	0	1	0.6444215520347547
227200.0	500.0	1018.1688361423685	0.0	0	544.3460227151809	1218.1688361422857	1	0	1	0.6444215520347576
228200.0	500.0	1018.1688361423971	0.0	0	376.3659109736618	1218.1688361422857	1	0	1	0.6444215520347576
229200.0	500.0	1018.1688361423987	0.0	0	346.31887135186116	1218.1688361422857	1	0	1	0.6444215520347576
230200.0	500.0	1018.1688361423869	0.0	0	393.8811931447417	1218.1688361422857	1	0	1	0.6444215520347576
231200.0	500.0	1018.1688361423548	0.0	0	514.896247895842	1218.1688361422566	1	0	1	0.6444215520347606
232200.0	500.0	1018.1688361423692	0.0	0	616.162778423808	1218.1688361422275	1	0	1	0.6444215520347635
233200.0	500.0	1018.1688361423865	0.0	0	410.07941053339164	1218.1688361422275	1	0	1	0.6444215520347635
234200.0	500.0	1018.1688361423985	0.0	0	307.7729479231639	1218.1688361422275	1	0	1	0.6444215520347635
235200.0	500.0	1018.1688361424262	0.0	0	473.6445180775481	1218.1688361422275	1	0	1	0.6444215520347635
236200.0	500.0	1018.1688361424203	0.0	0	520.8002205323428	1218.1688361422275	1	0	1	0.6444215520347635
237200.0	500.0	1018.1688361424301	0.0	0	552.5462352054019	1218.1688361422275	1	0	1	0.6444215520347635
238200.0	500.0	1018.168836142444	0.0	0	399.32900017203065	1218.1688361422275	1	0	1	0.6444215520347635
239200.0	500.0	1018.168836142444	0.0	0	121.99959717690945	1218.1688361422275	1	0	1	0.6444215520347635
240200.0	500.0	1018.1688361424062	0.0	0	487.28102744862554	1218.1688361421984	1	0	1	0.6444215520347664
241200.0	500.0	1018.1688361423778	0.0	0	491.09463673466234	1218.1688361421984	1	0	1	0.6444215520347664
242200.0	500.0	1018.1688361423708	0.0	0	561.0342815551558	1218.1688361421984	1	0	1	0.6444215520347664
243200.0	500.0	1018.168836142388	0.0	0	385.65572186073405	1218.1688361422275	1	0	1	0.6444215520347635
244200.0	500.0	1018.1688361424003	0.0	0	128.98949514850392	1218.1688361422566	1	0	1	0.6444215520347606
245200.0	500.0	1018.1688361424087	0.0	0	344.35366028771386	1218.1688361422566	1	0	1	0.6444215520347606
246200.0	500.0	1018.1688361424167	0.0	0	225.3127124538587	1218.1688361422566	1	0	1	0.6444215520347606
247200.0	500.0	1018.1688361424581	0.0	0	483.9252871219651	1218.1688361422857	1	0	1	0.6444215520347576
248200.0	500.0	1018.1688361424613	0.0	0	522.0505732533638	1218.1688361422857	1	0	1	0.6444215520347576
249200.0	500.0	1018.1688361424658	0.0	0	616.2573951698141	1218.1688361422857	1	0	1	0.6444215520347576
250200.0	500.0	1018.1688361424572	0.0	0	588.6546784145467	1218.1688361422857	1	0	1	0.6444215520347576
251200.0	500.0	1018.1688361424526	0.0	0	386.6451620468579	1218.1688361422857	1	0	1	0.6444215520347576
252200.0	500.0	1018.1688361424524	0.0	0	208.11883673872217	1218.1688361422857	1	0	1	0.6444215520347576
253200.0	500.0	1018.1688361424531	0.0	0	526.8125425955513	1218.1688361422566	1	0	1	0.6444215520347606
254200.0	500.0	1018.1688361424704	0.0	0	314.76091246676515	1218.1688361422566	1	0	1	0.6444215520347606
255200.0	500.0	1018.168836142459	0.0	0	480.22785388314514	1218.1688361422566	1	0	1	0.6444215520347606
256200.0	500.0	1018.1688361424647	0.0	0	709.8683485711808	1218.1688361422566	1	0	1	0.6444215520347606
257200.0	500.0	1018.1688361424465	0.0	0	640.1910014623427	1218.1688361422566	1	0	1	0.6444215520347606
258200.0	500.0	1018.1688361424467	0.0	0	692.2943068854511	1218.1688361422275	1	0	1	0.6444215520347635
259200.0	500.0	1018.1688361424281	0.0	0	458.6627771248168	1218.1688361422275	1	0	1	0.6444215520347635
260200.0	500.0	1018.1688361424208	0.0	0	602.9615336234565	1218.1688361421984	1	0	1	0.6444215520347664
261200.0	500.0	1018.1688361424062	0.0	0	611.1119638836826	1218.1688361421984	1	0	1	0.6444215520347664
262200.0	500.0	1018.1688361424171	0.0	0	525.1402497442905	1218.1688361421984	1	0	1	0.6444215520347664
263200.0	500.0	1018.1688361424397	0.0	0	409.03581009508343	1218.1688361421984	1	0	1	0.6444215520347687
264200.0	500.0	1018.1688361423921	0.0	0	743.7473340916913	1218.1688361421693	1	0	1	0.6444215520347694
265200.0	500.0	1018.1688361423953	0.0	0	761.4345251644263	1218.168836142111	1	0	1	0.6444215520347751
266200.0	500.0	1018.1688361424631	0.0	0	587.7532024111133	1218.168836142111	1	0	1	0.6444215520347751
267200.0	500.0	1018.1688361424262	0.0	0	738.0617155244108	1218.168836142111	1	0	1	0.6444215520347751
268200.0	500.0	1018.1688361424569	0.0	0	665.2333328072564	1218.168836142111	1	0	1	0.6444215520347751
269200.0	500.0	1018.1688361424153	0.0	0	327.26115083746845	1218.168836142111	1	0	1	0.6444215520347751
270200.0	500.0	1018.1688361424167	0.0	0	379.65215931116836	1218.168836142111	1	0	1	0.6444215520347751
271200.0	500.0	1018.1688361424472	0.0	0	733.8106254873564	1218.1688361421693	1	0	1	0.6444215520347694
272200.0	500.0	1018.1688361424287	0.0	0	566.6597338196007	1218.1688361422275	1	0	1	0.6444215520347635
273200.0	500.0	1018.1688361424863	0.0	0	437.2065532358829	1218.1688361422275	1	0	1	0.6444215520347635
274200.0	500.0	1018.1688361424767	0.0	0	587.4912177152	1218.1688361422275	1	0	1	0.6444215520347635
275200.0	500.0	1018.1688361425117	0.0	0	579.856069632573	1218.1688361422275	1	0	1	0.6444215520347635
276200.0	500.0	1018.1688361425377	0.0	0	291.874183019856	1218.1688361421693	1	0	1	0.6444215520347694
277200.0	500.0	1018.1688361425065	0.0	0	248.87437845615204	1218.1688361421693	1	0	1	0.6444215520347694
278200.0	500.0	1018.1688361425142	0.0	0	499.4386787447729	1218.1688361421693	1	0	1	0.6444215520347694
279200.0	500.0	1018.1688361425206	0.0	0	456.69530423136894	1218.1688361421693	1	0	1	0.6444215520347694
280200.0	500.0	1018.1688361425877	0.0	0	673.5331451131497	1218.1688361421693	1	0	1	0.6444215520347694
281200.0	500.0	1018.1688361425372	0.0	0	579.5023200119613	1218.168836142111	1	0	1	0.6444215520347751
282200.0	500.0	1018.1688361425638	0.0	0	544.6446163225919	1218.1688361421693	1	0	1	0.6444215520347694
283200.0	500.0	1018.1688361425286	0.0	0	674.4085927048	1218.1688361421693	1	0	1	0.6444215520347694
284200.0	500.0	1018.1688361425338	0.0	0	503.76847259432543	1218.1688361421693	1	0	1	0.6444215520347694
285200.0	500.0	1018.1688361425818	0.0	0	293.31827950879233	1218.1688361421693	1	0	1	0.6444215520347694
286200.0	500.0	1018.1688361426043	0.0	0	113.95615581219317	1218.168836142111	1	0	1	0.6444215520347716
287200.0	500.0	1018.1688361426177	0.0	0	337.06881732610054	1218.168836142111	1	0	1	0.6444215520347751
288200.0	500.0	1018.1688361426352	0.0	0	164.10541520192055	1218.1688361421693	1	0	1	0.6444215520347694
289200.0	500.0	1018.1688361427016	0.0	0	243.08176459127571	1218.1688361421693	1	0	1	0.6444215520347694
290200.0	500.0	1018.1688361426961	0.0	0	597.0438630279968	1218.1688361421693	1	0	1	0.6444215520347694
291200.0	500.0	1018.1688361427298	0.0	0	708.7614161864622	1218.1688361421693	1	0	1	0.6444215520347694
292200.0	500.0	1018.168836142693	0.0	0	524.2759103460703	1218.1688361421693	1	0	1	0.6444215520347694
293200.0	500.0	1018.1688361426973	0.0	0	450.38296683033695	1218.1688361422275	1	0	1	0.6444215520347635
294200.0	500.0	1018.1688361426909	0.0	0	313.44916378200287	1218.1688361421693	1	0	1	0.6444215520347694
295200.0	500.0	1018.1688361427125	0.0	0	458.1638415767229	1218.1688361422275	1	0	1	0.6444215520347635
296200.0	500.0	1018.1688361426914	0.0	0	708.1072653760202	1218.1688361422275	1	0	1	0.6444215520347635
297200.0	500.0	1018.1688361426613	0.0	0	664.5881653269171	1218.1688361422275	1	0	1	0.6444215520347635
298200.0	500.0	1018.1688361426718	0.0	0	630.9402304500109	1218.1688361422275	1	0	1	0.6444215520347635
299200.0	500.0	1018.1688361426336	0.0	0	579.7269631235977	1218.1688361422275	1	0	1	0.6444215520347635
300200.0	500.0	1018.1688361426541	0.0	0	390.90455569542246	1218.1688361422275	1	0	1	0.6444215520347635
1.75	1.88	1.36	0.88	0.76	1.1	0.76	0.74	0.72	1.04	1.17	1.37	1.14	1.4	0.94	0.74	0.47	0.63	0.79	1.04	0.95	0.97	1.33	0.92	0.82	0.9	1.1	1.14	0.85	1.42	1.01	1.0	1.17	1.56	1.02	1.25	1.09	0.79	0.59	0.96	1.48	0.95	1.08	1.18	0.94	1.61	1.48	1.07	1.16	1.29	1.18	1.54	1.08	0.64	0.98	1.29	0.92	1.31	1.99	1.0	1.4	1.18	1.63	1.37	1.12	1.12	1.81	1.1	1.19	1.67	1.24	0.98	1.29	0.93	0.57	0.71	0.98	1.05	1.02	0.89	0.79	0.9	1.23	0.96	0.71	0.96	0.98	0.98	1.07	0.71	1.1	0.8	1.22	1.27	1.73	1.52	1.16	0.8	1.09	1.0	1.0	1.47	1.75	1.99	1.19	1.32	1.64	1.48	1.0	1.63	1.83	1.7	1.76	1.44	1.11	0.76	1.45	1.77	1.04	1.2	1.4	0.94	0.9	1.04	0.94	1.6	1.03	1.58	1.45	0.83	0.64	0.53	0.96	0.89	0.68	1.39	1.85	1.19	1.0	1.02	0.96	1.58	2.06	1.76	1.32	0.96	1.27	0.82	0.67	2.05	1.75	1.88	1.36	0.88	0.76	1.1	0.76	0.74	0.72	1.04	1.17	1.37	1.14	1.4	0.94	0.74	0.47	0.63	0.79	1.04	0.95	0.97	1.33	0.92	0.82	0.9	1.1	1.14	0.85	1.42	1.01	1.0	1.17	1.56	1.02	1.25	1.09	0.79	0.59	0.96	1.48	0.95	1.08	1.18	0.94	1.61	1.48	1.07	1.16	1.29	1.18	1.54	1.08	0.64	0.98	1.29	0.92	1.31	1.99	1.0	1.4	1.18	1.63	1.37	1.12	1.12	1.81	1.1	1.19	1.67	1.24	0.98	1.29	0.93	0.57	0.71	0.98	1.05	1.02	0.89	0.79	0.9	1.23	0.96	0.71	0.96	0.98	0.98	1.07	0.71	1.1	0.8	1.22	1.27	1.73	1.52	1.16	0.8	1.09	1.0	1.0	1.47	1.75	1.99	1.19	1.32	1.64	1.48	1.0	1.63	1.83	1.7	1.76	1.44	1.11	0.76	1.45	1.77	1.04	1.2	1.4	0.94	0.9	1.04	0.94	1.6	1.03	1.58	1.45	0.83	0.64	0.53	0.96	0.89	0.68	1.39	1.85	1.19	1.0	1.02	0.96	1.58	2.06	1.76	1.32	0.96	1.27	0.82
1.0	2.0	3.0	4.0	5.0	6.0	7.0	8.0	9.0	10.0	11.0	12.0	13.0	14.0	15.0	16.0	17.0	18.0	19.0	20.0	21.0	22.0	23.0	24.0	25.0	26.0	27.0	28.0	29.0	30.0	31.0	32.0	33.0	34.0	35.0	36.0	37.0	38.0	39.0	40.0	41.0	42.0	43.0	44.0	45.0	46.0	47.0	48.0	49.0	50.0	51.0	52.0	53.0	54.0	55.0	56.0	57.0	58.0	59.0	60.0	61.0	62.0	63.0	64.0	65.0	66.0	67.0	68.0	69.0	70.0	71.0	72.0	73.0	74.0	75.0	76.0	77.0	78.0	79.0	80.0	81.0	82.0	83.0	84.0	85.0	86.0	87.0	88.0	89.0	90.0	91.0	92.0	93.0	94.0	95.0	96.0	97.0	98.0	99.0	100.0	101.0	102.0	103.0	104.0	105.0	106.0	107.0	108.0	109.0	110.0	111.0	112.0	113.0	114.0	115.0	116.0	117.0	118.0	119.0	120.0	121.0	122.0	123.0	124.0	125.0	126.0	127.0	128.0	129.0	130.0	131.0	132.0	133.0	134.0	135.0	136.0	137.0	138.0	139.0	140.0	141.0	142.0	143.0	144.0	145.0	146.0	147.0	148.0	149.0	149.0	150.0	151.0	152.0	153.0	154.0	155.0	156.0	157.0	158.0	159.0	160.0	161.0	162.0	163.0	164.0	165.0	166.0	167.0	168.0	169.0	170.0	171.0	172.0	173.0	174.0	175.0	176.0	177.0	178.0	179.0	180.0	181.0	182.0	183.0	184.0	185.0	186.0	187.0	188.0	189.0	190.0	191.0	192.0	193.0	194.0	195.0	196.0	197.0	198.0	199.0	200.0	201.0	202.0	203.0	204.0	205.0	206.0	207.0	208.0	209.0	210.0	211.0	212.0	213.0	214.0	215.0	216.0	217.0	218.0	219.0	220.0	221.0	222.0	223.0	224.0	225.0	226.0	227.0	228.0	229.0	230.0	231.0	232.0	233.0	234.0	235.0	236.0	237.0	238.0	239.0	240.0	241.0	242.0	243.0	244.0	245.0	246.0	247.0	248.0	249.0	250.0	251.0	252.0	253.0	254.0	255.0	256.0	257.0	258.0	259.0	260.0	261.0	262.0	263.0	264.0	265.0	266.0	267.0	268.0	269.0	270.0	271.0	272.0	273.0	274.0	275.0	276.0	277.0	278.0	279.0	280.0	281.0	282.0	283.0	284.0	285.0	286.0	287.0	288.0	289.0	290.0	291.0	292.0	293.0	294.0	295.0	296.0	297.0
4998.4951358032395
